UK/data/nn/nn37_OST50GRID_20230518/NN37.asc
ncols 200
nrows 200
xllcorner 230000
yllcorner 770000
cellsize 50
[rows 105 to 139 of 200, columns 78 to 155 of 200]
236.7 236.7 236.7 236.7 236.7 236.7 236.7 236.7 236.7 236.7 236.7 236.7 263.5 278 295.7 319.4 351.9 395.2 419.7 455.3 497.8 532.6 576.1 610.4 642.6 692.4 749 791 821.3 846 874.1 889.9 904.5 914.4 909.1 894.4 884.1 877.6 853.1 824.6 809.4 796.5 779.8 767.8 749 742 738.5 737.7 739.3 740.9 741.5 744.5 748.2 753.2 759.9 769.7 779.8 790.2 800.2 808.9 816.2 821.1 822.7 825.7 828 831 835.2 838.3 840.9 842.4 849.6 849.7 849.4 851.7 857.3 863.2 867.9 870.3
238.5 236.7 236.7 236.7 236.7 236.7 236.7 236.7 236.7 236.7 236.7 236.7 258.6 279.7 299.6 324.6 351.1 384.7 415.8 455.2 498.9 537 580.3 621.3 653 716.9 772.7 791 816.1 849 873.8 898.3 917.1 929.6 930 923.8 911.1 879.3 859 847.2 821.2 798.1 778.8 763.5 749.1 742 738 738.8 740.5 741.7 743.1 746.1 749.1 753.4 761.4 770.5 780.8 791.6 801.3 809 816.4 821.8 828.6 832.6 836.3 842.1 846 849.5 849 855 856.5 857.5 859.4 863.9 871.2 876.3 880.7 885.3
236.7 236.7 236.7 236.7 236.7 236.7 236.7 236.7 236.7 236.7 236.7 236.7 259.4 281.5 306 331.6 354.4 381.5 415.4 449.2 501.8 535.9 581.8 626.5 659.9 708.7 734.4 768.2 794.9 828.1 867.1 899.3 928.9 942.4 952.8 945.6 928.8 891.6 869.6 852.9 830.6 807 785.2 763.1 749.5 738.8 738.7 737.9 740.6 741.4 745.2 746.6 749.7 753.7 762.1 770.7 781.7 791.2 801.5 809.5 816 823.9 833.1 842.4 847.2 851.9 854.7 856.7 861.5 864.7 865.9 867.2 871.2 880.5 886 892 896.3 902.9
236.7 236.7 236.7 236.7 236.7 236.7 236.7 236.7 236.7 236.7 236.7 236.7 259.5 284.4 309.9 339.3 364.4 385.8 422 454.6 492.7 529.4 565.3 604.1 645.4 674.4 712.9 741 769.4 799.1 832.4 870.6 906.5 928.9 958.1 960.9 938.4 914.8 886.6 864.4 838.4 812.7 796 773.6 753.3 746 741.6 740.9 741.1 743.7 745.5 747.2 750.1 753.7 761.4 769.8 780.7 790.2 800.5 810.3 822.4 831.8 838.6 847.5 853.6 859.3 861.7 868.7 872.1 872.6 876 879.1 891.4 895 899.3 905.1 913.4 922
236.7 236.7 236.7 236.7 236.7 236.7 236.7 236.7 236.7 236.7 236.7 236.7 263.1 288.3 319.1 353 374.1 401.6 435.6 466.6 493.9 523 553.6 589.6 623.6 659.2 691.4 721 749 779.2 821.2 856.8 897.6 913.4 934.4 964.6 956.4 923.3 901.9 877.3 854.9 824.4 798.5 769.7 755.7 746.8 742.9 741.5 742.7 742.5 744.8 745.5 749.2 752.9 760.6 767.3 778.4 790.3 805 818.6 831.4 839.4 848.4 856.3 863.8 868.1 873.3 878.4 882.2 888.8 889.9 896.7 903.6 908.8 913.9 922.3 933.5 938.8
236.7 236.7 236.7 236.7 236.7 236.7 236.7 236.7 236.7 236.7 236.7 236.7 266.2 289.1 320.1 353.9 383.3 411.6 444.5 469.9 497.1 526.2 559.7 591 622.9 652.8 684.2 719.4 752.6 784.3 811.6 837.8 876.2 905.2 929.6 963 954.1 937 919.2 899.9 868.2 834.5 795.8 776 759 746.8 744 743.7 742 741.6 741.6 745.1 748.4 752.1 757.3 767 778.5 792.5 811.1 825.3 838.2 849.5 859.3 866.6 874.6 877.8 884.7 893.9 902.9 904.1 903.8 910.8 916.1 921.6 928.1 939.5 947 951.1
236.7 236.7 236.7 236.7 236.7 236.7 236.7 236.7 236.7 236.7 236.7 236.7 263.1 290.4 322.9 361.3 391.6 416.6 444.5 471 498.6 528 552.6 592 622.7 659.5 696.8 723.2 753.6 783.5 806.6 832 863.2 901.9 941.9 966.1 960.5 949.4 933.2 911.2 872.2 831.7 797.1 775.9 756.4 746.7 746.5 742.7 741.6 741.6 741.6 743.5 747.9 752.4 758.5 767.2 779.9 802.2 818.7 830.2 842.7 856.6 867.3 878.2 884.8 888.1 901.2 913.8 919.2 917.7 919.7 927.5 929.2 933.5 943.9 951.8 957 960.3
236.7 236.7 236.7 236.7 236.7 236.7 236.7 236.7 236.7 236.7 236.7 236.7 268.6 295 327.8 361.6 396.9 423.2 438.1 465 493.9 521.5 556.9 592 622.1 652.5 684 720.5 754.6 788.3 813.5 834.8 867.1 903.8 952.7 977.5 962 956.1 939.6 906.5 865.4 833.5 801.5 779.5 770.3 751.8 746.2 741.6 741.6 741.6 741.6 742 746.1 753 759.9 769.2 782.4 799.5 818.5 832.4 847.2 861 875.1 887.3 891.9 900.2 915.4 927.2 929.2 933.1 936.7 943.3 943.3 948.9 957 963.1 966.2 968.7
236.7 236.7 236.7 236.7 236.7 236.7 236.7 236.7 236.7 236.7 236.7 236.7 273.2 294.3 330.3 363.2 398 420.5 443.9 467.6 495.8 522 557.3 589.9 616.4 642.7 675.4 711.9 752.3 789.9 817.5 844.5 878.3 914.7 959 970.5 965.3 952.7 928.3 896.1 865 843.1 807.4 786.8 763.3 747.2 741.6 741.6 741.6 741.6 741.6 744.9 749.7 757 763.9 772.5 786.9 803 818.7 835.8 854.7 867 880.5 893.6 900.3 911.3 925.8 936.3 940.5 944 953.5 958 961 962.9 970.5 975.3 979.9 989.5
236.7 236.7 236.7 236.7 236.7 236.7 236.7 236.7 236.7 236.7 236.7 236.7 264.7 294.5 325.4 353.6 388.8 421.2 445 467.7 492.3 526.2 556.3 582.5 613.1 639.7 674.3 718.1 756.7 796.7 830 864.7 896.3 936 964.7 962.5 953.8 943.8 919.3 889.1 859.8 831 800.1 771.3 753.1 744 741.6 741.6 741.6 741.6 744.2 749.3 752.2 758.6 766.1 774.9 787.7 803.1 823.3 839.5 856.3 870.2 882.8 896.9 906.8 920.4 932 944 954 959.1 973.2 976 980.5 983.8 987.5 991.3 996.6 1006.1
236.7 236.7 236.7 236.7 236.7 236.7 236.7 236.7 236.7 236.7 236.7 236.7 265.4 295.3 324.8 351 384.1 416.2 439.6 465.3 489.3 523.7 554 582.3 610.5 638.3 673.7 712.9 757.6 802.4 839.9 870.1 905.7 940.3 955 951.7 944 930.6 908.8 878.4 848.7 816.8 787.2 766.5 753.6 744 741.6 741.6 744.3 745.8 747.4 752.5 756.8 761.4 767.1 776.8 788.9 802.8 823.5 843.3 857.1 870.2 885.1 900 912.1 924.9 935.4 950.4 961.3 977.4 985.9 990.2 999.3 1009.1 1012.2 1013.4 1016.7 1022.3
236.7 236.7 236.7 236.7 236.7 236.7 236.7 236.7 236.7 236.7 236.7 236.7 271.1 291.3 319.8 347.1 375.4 405.1 437.3 460.7 485.7 518.5 552.4 581 608.4 637.1 669.5 710.8 753.4 795.2 833 867.6 905.9 936.4 943.8 939.4 932.2 917.2 891.1 866.4 848.9 822.9 790.6 768.4 755.3 747.9 741.6 744.4 749.7 748.2 750.8 754.6 758.9 764.3 772.9 780 791.5 805.8 826.1 843 858.1 871.3 886.5 901.5 914.1 926.7 939.7 952.9 964.9 978.6 992.4 1003.7 1020.2 1034.8 1035 1036.8 1034 1034.8
236.7 236.7 236.7 236.7 236.7 236.7 236.7 236.7 236.7 236.7 236.7 236.7 264.1 288.9 320.9 348.4 375.5 405.1 438.1 459.5 487.8 515 549.1 578.8 605.1 636.5 670.9 708.3 747.5 791.6 827.9 868.8 909.9 936.3 936 927.9 915.8 900.9 891.6 884.2 878.1 859.3 804.2 782.9 766.6 754.5 744.3 749 749.5 754.3 753.7 756 760.1 766.8 774.2 779.5 791.2 808 826.5 844.4 859.5 872.4 886.3 901.3 914.8 927.6 940 951.9 966.6 982.7 998.7 1016.1 1031.4 1042.2 1044.5 1043.4 1045.7 1045.7
236.7 236.7 236.7 236.7 236.7 236.7 236.7 236.7 236.7 236.7 236.7 236.7 265 289 322.9 357.4 380.4 405.8 429.3 463 495.8 519 552 578.3 611.2 642.3 675.7 708.6 745 784.5 831.7 881.6 915.5 926.8 916.9 916.1 918.2 917 924.4 911.2 901.7 873.4 830 802 784.4 766.3 754.8 755.9 752.3 753.3 756.3 757.2 759.5 766.5 772.5 782.1 791.9 807 826.2 844.1 858.8 872.3 885.8 900.8 914 927.5 940.3 951.7 965.5 981 996.8 1012.5 1026.6 1038.1 1042.3 1044.7 1046.9 1041.7
236.7 236.7 236.7 236.7 236.7 236.7 236.7 236.7 236.7 236.7 236.7 236.7 268.7 291.8 330 363.9 384.9 405 434.3 463.3 499.1 525.9 552.9 583.9 615.5 648 674 710.5 748.1 788.1 846.3 885.3 899.4 906.5 914.7 922.7 925.8 932.6 943 932.5 913.7 890.5 860.6 839.2 800.2 778.3 769 762.4 758.6 754.4 755.1 758.7 762.3 769.6 775.9 786.3 792.8 809.4 825.1 842.3 857.9 872.4 885.2 900 913.5 925.3 938.7 951.4 964 977.9 993 1006 1016.1 1025 1030.9 1035.6 1040.4 1040.2
236.7 236.7 236.7 236.7 236.7 236.7 236.7 236.7 236.7 236.7 236.7 236.7 274.2 299.7 333.5 359.9 385.2 408.5 437.4 465.9 503.2 531.4 555.4 589.3 617.2 644.4 673.3 706.1 744.8 783.8 830.8 867.5 892.4 909.4 922.5 928.5 939.4 946.7 948.9 941.7 934 929 894.5 871.4 840.9 801.3 784.2 770.9 767.8 764 764.5 765.3 765 770.1 777.5 784.3 798 812.7 828.6 842.8 857.4 870.3 883.4 897.8 910.8 924.3 936.4 948.3 961.4 975.1 989.1 999.3 1008.2 1016 1021.7 1026.5 1028.5 1025.8
236.7 236.7 236.7 236.7 236.7 236.7 236.7 236.7 236.7 236.7 236.7 236.7 280.2 302.1 332.3 362.2 386.3 411.1 439.2 474.8 502.3 530.5 557.1 582.5 610.8 637.4 670.6 712.8 758.4 796.8 837 871.3 901.7 916 925.7 932.9 938.5 946.7 955.8 955.9 952 943.8 922.9 907.2 874.3 825.4 814.5 792 779 773.4 772.8 773.1 774.6 777.8 783.8 788.7 804.9 816.4 830.3 843.2 855.6 867.6 879.7 894.6 909 922.6 936.4 947.8 957.8 969.4 981.8 991.8 1000.3 1007 1011.9 1016.3 1014.6 1001.4
236.7 236.7 236.7 236.7 236.7 236.7 236.7 236.7 236.7 236.7 236.7 250.1 283 304.4 332.5 360.8 388.1 411.3 449.1 480.8 502.9 530.2 559.4 583.9 611.8 640.4 681.6 729.9 762.8 799.9 840.1 875.9 899.9 909.4 920.6 934 940.1 947.2 951.7 957.4 958 946.9 927.5 909 888.9 850 829.7 816.9 804.4 795.8 791.9 790.5 788.8 791.6 794.2 802.3 810.8 822.5 834 845.4 855.2 866.2 878.6 893.3 906.6 922.2 935.4 944.9 954.4 962.5 972.5 982.6 991.8 998.7 1001.4 1003.3 996.6 969.4
236.7 236.7 236.7 236.7 236.7 236.7 236.7 236.7 236.7 236.7 236.7 258.6 283.3 304.9 332.9 360.3 389.3 415.2 447.1 475.7 509.7 527.7 551.9 585.8 613.9 648.3 686.9 726.1 763.4 803 837.3 869.3 891.1 905.8 914.4 923.7 929.9 935.2 944.9 949.4 945.4 934.1 922.2 914.3 896.4 878.9 865.5 852.8 834.7 821.8 812.8 812.2 810.8 808.5 810.7 816.7 820.9 829 837.1 846 855 866.8 879.2 893.5 906.2 920.3 932.4 942.2 950.2 958.6 965.1 973.9 983.3 990.7 994 992.5 977.3 942.3
236.7 236.7 236.7 236.7 236.7 236.7 236.7 236.7 236.7 236.7 236.7 259.1 283.5 306.4 338.3 362.3 389.1 417.2 447.1 473.7 502.5 524.6 553 593.1 623.6 653.5 694.5 734.3 771.7 812.3 844.6 862.3 878.8 889.9 897.6 910.2 915.8 923.1 928.2 932.1 929.8 932.2 932 915.8 910.2 900.7 893 885 871.8 853.7 845.7 832.2 825.8 829.1 830.5 831.3 833 836.7 842 849.2 860.6 870.9 885.7 897.5 907.6 920 930.8 939.4 946.7 953.9 961 967.8 975 980.1 983 980.2 958.2 927.1
236.7 236.7 236.7 236.7 236.7 236.7 236.7 236.7 236.7 236.7 236.7 259 282.2 304.2 330.7 357.5 393.4 422 445.7 470 496.7 525.4 555.6 589.7 620.6 664 703.1 745.3 778.9 820.1 837.2 849.9 861.1 870.9 881.4 893 897.6 902.1 911.2 914 922.9 920.9 920.1 917.6 912.8 909.4 899.8 903 900.1 891.5 874.8 863.2 853.7 851.8 849 847.8 847.2 852.6 851 860.4 871.1 880.6 892.2 901.9 910.2 919.6 928.6 936.5 944.4 951.1 956 961.1 967.1 970.1 972.5 971.1 958 923
236.7 236.7 236.7 236.7 236.7 236.7 236.7 236.7 236.7 236.7 236.7 261.4 284.5 305 328.8 355.5 395.5 420.2 446.2 470.3 497.9 531.4 560.8 592.2 643.5 679.6 714.2 755.5 783.8 810.9 822.7 836.1 848.5 858.2 866.7 875.5 881.1 886.3 890.3 895.2 901.9 906.3 911 913.7 908.7 909.2 910.3 914.9 916.1 909.5 910.1 900.5 894.5 883 871.9 864.4 861.2 868.3 864.8 871 878.5 887.4 896.1 905.1 912.3 919.2 927.9 934.9 940.9 945.9 950.3 953.9 957.9 961.4 964.2 963.9 957.6 937
236.7 236.7 236.7 236.7 236.7 236.7 236.7 236.7 236.7 236.7 236.7 264.4 286.9 302.2 325.8 355.6 389.5 421.5 445.2 464.3 501.8 534.1 565.2 606 657.5 691.6 723.7 754.9 776.3 796.1 811 822 833.9 844.5 853.5 860.4 866.4 871.7 876.5 883.5 890.9 893.7 900.8 908.5 919 918.6 916.2 919 920.2 924.5 922.6 913.2 913 904.6 891.3 881.2 875.8 877.6 873.8 876.4 882.3 891.9 900.4 910.4 916.1 921.5 928 932.7 934.3 938.5 941 943.2 944.4 947.8 950.8 952.9 952 947.8
236.7 236.7 236.7 236.7 236.7 236.7 236.7 236.7 236.7 236.7 236.7 261.3 283.5 302.2 325.4 352.7 381.1 412.9 434.3 461.4 497.9 539.3 573.2 606.4 665.2 699.8 726.3 747.5 761.2 779.9 795.7 808.1 819.1 829.7 838.4 844.7 850.5 858.3 863.6 870.6 877.4 889 897.7 903.6 915.3 909.4 910.3 916.1 922 921.8 922.1 922.1 920.1 909.8 899.1 891.3 889.3 882.5 881.4 885.3 891.3 900.3 905.8 911.8 917 920.8 925.7 929.5 927 925 921.1 909.8 912.2 914.2 919.8 940.3 948.7 950.6
236.7 236.7 236.7 236.7 236.7 236.7 236.7 236.7 236.7 236.7 236.7 262.2 280.3 300 324.2 353.3 380.2 403.9 428.8 461.4 498.4 543.6 575.2 616.8 663.7 697.7 721.3 738.4 750.8 765.7 780.7 794 805.5 815.7 824.3 830.9 835.5 843.1 850.7 857.7 866.7 876.3 884 889.4 895.1 899.7 903 910 912.6 914.8 914.1 917.5 916.3 908.7 901 898 894.2 890.2 894.4 895.5 898.2 901.9 905.7 911.5 918.6 923.2 926 925.2 914 903 886.3 872.2 868.2 871.5 886 920.7 932.8 939.2
236.7 236.7 236.7 236.7 236.7 236.7 236.7 236.7 236.7 236.7 236.7 259.3 279.8 304.2 326.1 352.9 378.4 405.7 436.5 471.6 505.2 542 577.2 621.1 669.2 695.2 713.1 729 742.7 756.2 768.8 779.9 791.3 801.7 809.1 817.3 823.2 830.7 839.1 847.8 857.3 864.4 871.1 879.9 887.5 890.7 895 899.1 903.3 907.8 908.4 910.6 908.4 902.7 895.9 895.9 894.3 892.5 895.6 897.6 900.2 905.9 908.3 916.2 925.8 928 932.6 924.1 903.4 876.8 852.2 833.9 830.5 835.5 858.8 882.4 907.6 917.4
236.7 236.7 236.7 236.7 236.7 236.7 236.7 236.7 236.7 236.7 236.7 259 282.7 304.2 327.4 354 382.6 411.1 445.6 484.4 512.1 548.8 584.9 628.7 666.5 686.8 702.8 720.3 733.2 746 757.4 768.2 778.1 787.4 795.6 802.9 811.1 821.5 830.9 839.4 846.5 853.6 862.6 871.9 877.8 881.7 885.2 890.1 896.8 902 901.3 900.1 899.3 895.9 890.7 890 890.9 899 903.1 904.2 906 909.4 916 925.9 929.9 934.2 934.8 917.2 879.3 844.5 818.4 806.9 801 808.6 829.3 858.7 878.7 894.9
236.7 236.7 236.7 236.7 236.7 236.7 236.7 236.7 236.7 236.7 236.7 258.3 287.3 310.1 332.3 357.3 384.5 419.9 454.6 488.5 513.3 551.9 584.3 631 663.8 682.6 696.4 709.8 723.3 735.5 747.4 756.5 765.7 774.6 781.2 789.8 800.4 811.6 821.1 829.6 836.8 845 855.7 861.2 864.5 870 874.7 881 885.2 886.1 888.4 895.4 895.1 889.1 891.5 892.2 894.3 899.7 903.4 904.2 907.7 915.3 923.2 930.7 936.9 941.6 932 902.3 859.2 827.4 798 783.6 784.4 787.7 804.4 825.4 848.8 874.2
236.7 236.7 236.7 236.7 236.7 236.7 236.7 236.7 236.7 236.7 236.7 265.7 295.1 315.2 333.7 358.1 390.7 430 461 487.2 511.2 554.1 583.9 631.8 660.5 679 694.7 705.3 715.2 727 737.5 746.7 754.7 762.2 771.5 780.5 791.3 802.4 813.1 822.1 831.7 837.9 845 850.9 855.1 860.7 865 869.3 871.1 873.9 880.7 885.9 886.1 889 887.5 891.9 897.9 901.1 905.1 910 915.2 923 930.1 937.7 944.2 943.7 917 883.4 844.8 808.7 781.6 768 767 768.8 782.3 802.7 825.4 848.5
236.7 236.7 236.7 236.7 236.7 236.7 236.7 236.7 236.7 236.7 255.5 274.8 307.4 325 336.5 361.8 399.7 435.4 462.5 488.2 512.1 554.3 585.4 627.7 656.3 674.6 688.3 698.8 709.1 718.9 727 734.7 742.6 753.5 763.6 773.5 782.8 794.1 804.1 814.2 822.6 829.3 836.7 842.5 846.7 850.8 854.1 858.3 861.4 866 871.3 875.9 877.9 878.8 877.7 886.6 895.8 902.4 907.3 915.4 921.8 928.5 933.2 939.3 948.6 942.5 899.9 870.1 833.1 796 770.7 757.8 753.7 755.2 764.6 783.1 799.4 820.7
236.7 236.7 236.7 236.7 236.7 236.7 236.7 236.7 236.7 236.7 264.7 282.5 306.2 327.1 342.7 367 396.7 429.4 456.8 486.1 516 551.1 586.3 627 651 668.5 683.8 691.2 700.1 708.8 715.9 722.7 735.4 745 756 765.6 774.9 786.3 795.3 805.2 812.7 820.9 827.2 833.3 836.6 841 844.9 849.7 853.9 858.6 862.6 864.3 864.5 863.9 870 881.5 892.6 901 907.3 915.2 926.6 931.3 940.4 951.3 956.6 947.2 903.4 871.6 833.9 790.7 764.8 750.7 746.3 747.5 753.8 766.1 781.5 797.4
236.7 236.7 236.7 236.7 236.7 236.7 236.7 236.7 236.7 252.9 269.8 291.8 309.5 330.2 351.1 373.3 400.2 427.2 458.7 487.3 518.9 549.4 586.3 625.1 646.7 666 674.4 681.4 689.7 699.2 704.4 715.6 727.2 737.7 748.4 757.8 768.4 778 787.2 795.7 803.3 810.9 817.2 822.6 828.2 832.5 836.4 840.3 842.9 845.8 846.8 848.5 850.4 852.7 865.1 876.6 888 898.8 907.7 918.3 926.6 939.5 950.2 962.2 968.4 944.3 905.2 876.9 823.5 782.3 757.6 744.8 739.9 743.2 748.6 755.1 764.1 777.9
236.7 236.7 236.7 236.7 236.7 236.7 236.7 236.7 236.7 255.6 276.5 298.3 316.6 335.1 355.5 381.1 407.2 432.9 469.9 497.3 525.2 554.2 592.6 628.4 650.7 659 666.8 673.9 682.9 689.6 698.4 709.4 719.2 730.2 740.8 752.2 762.1 771.3 780.1 787.5 795.5 802.4 808.8 814.3 819.6 824.1 827.8 830.5 832.9 835.3 836.8 838.5 840.1 851.7 859.9 871.3 884.8 897.6 910.9 920.6 935.3 949.1 958.9 967.4 972.1 946.6 905.6 866.4 817.1 781 756.1 740.6 734.5 736 740.7 745.9 751.4 759.8
236.7 236.7 236.7 236.7 236.7 236.7 236.7 236.7 236.7 259.4 279.8 300.4 321 337 361.2 389.7 415.8 447.6 479.8 510.2 536.5 563.5 602.6 628.8 643.7 652.5 660.9 667.9 675 684.4 692.7 701.3 714.3 725.4 734.2 744.8 752.7 762.8 771.2 780.1 788.4 794.5 801.9 807.4 811.7 814.8 817.4 821.1 824.7 827.3 830.1 829.7 844.6 855.3 862.8 875.4 886.1 900.6 913.9 931.2 943.3 953.3 962.7 970.5 972.4 953.1 908.5 876.8 833.3 778 756.3 737.9 729.5 728 730.3 735.3 737.7 741.2
236.7 236.7 236.7 236.7 236.7 236.7 236.7 236.7 241.6 269.4 285.2 307.8 320.8 341.2 365.9 395.8 424.2 464.2 484.8 517.1 549.8 570.2 602.2 625.7 637.5 646.6 653 664.3 672.7 680.7 691.4 700.7 710.7 720.4 730.3 740.7 750 759.3 767.9 774.8 782.5 788.7 795.3 800 803.4 806.5 810.6 812.4 816.7 821.5 816.7 826.4 837.1 848.3 859.2 874.1 888.6 904.7 918 932.1 945.4 955.1 964.2 973.1 974.5 958.4 929.8 893.1 843.2 783.8 759.2 739.7 728.1 721.5 720.4 723.9 725.8 725.3
