WholeMapElevations/data/su/su36_OST50GRID_20230518/SU36.asc
ncols 200
nrows 200
xllcorner 430000
yllcorner 160000
cellsize 50
[rows 105 to 139 of 200, columns 78 to 155 of 200]
135.8 137.8 137.4 137.6 136.9 135.1 133.1 136.4 137.8 139.5 140.9 140.4 138.9 136.5 134.8 132.9 130.6 130.5 130.7 128.8 126.6 126.3 127.4 128.3 129.7 132.2 133.2 133.3 133.3 133.3 132.5 131.7 130.8 128.5 126.2 124.2 122.2 121.8 122.7 122.1 120.5 116.3 118.9 125.2 128.3 130.1 132.4 134.3 134.5 133.9 132.7 135 138.8 142.8 143.4 144 145.7 147.5 147.9 150.4 153.1 155.7 157.8 158.3 158.2 158 158 158.8 159.5 158.9 158.2 157.4 156.6 156.3 156.5 155.9 154.7 154.3
136.8 140.5 141.2 140.1 138.6 136.3 133.9 138.1 142.1 142.6 142.1 141.3 140 137.7 135.3 132.6 131.3 132.1 131.8 130 127 128.3 130.5 130.8 130.9 132.8 135.3 136.7 136.4 134.9 133.2 132.2 131 128.2 124.8 123.5 123.5 123.5 126.8 124.6 122.3 120.6 119.5 125.9 127.9 128.8 129.9 132 132.3 129.9 130.6 132.4 136.4 140 140.1 141.2 145.1 146.2 148.8 151.7 152.5 154.4 158.3 159.7 160 160.5 159.2 159.1 159.3 159 158.7 157.4 157.2 156.9 156.3 155.7 154.5 154
138.5 142.4 143.7 143.1 139.2 137.3 135.4 139 142.3 143.6 143.4 142.2 141.2 139.6 137 133.1 133.4 133.7 133 131 128.6 130.6 132.2 133.4 133.3 134.7 137.6 140.2 138.8 135.6 133.7 131.6 129.9 126 124.8 126.2 127.5 129.6 129.9 127.7 124.9 121.5 118.6 124.4 127.7 128.2 127.6 128.3 128.5 131.1 133 134.9 135.1 135.5 137.6 140 143.6 145.3 146.9 149.6 151.3 154.9 159.2 161 161.9 160.4 160.2 160.1 159.7 159.4 158.9 158.3 158.1 157.7 157.1 155.5 154.2 152.4
140.1 143.3 145 144.1 140.8 139.2 139 139.3 140.9 142.8 144.7 143.1 141.9 139.7 136.8 135.4 135.8 135.4 134.4 131.8 130.1 132.5 135 136.4 136.3 136.9 140.1 141.2 139.3 136.2 133.6 131.1 128.3 126.5 127.6 128.7 129.9 130.7 131.7 129.8 126.6 122.1 119.5 122.2 125 125 124.8 127.7 129.9 132.1 134.8 137.5 138.9 139.1 139.6 140.7 141.2 143.3 146 148.1 151.3 156.1 160.9 161.6 161.7 160.9 160.9 160.3 159.8 159.6 159.3 158.4 157.9 157.8 156.4 154.3 151.9 147.8
142.3 145 147.3 146 144.5 143.6 143.7 143.1 143.3 144.5 145.5 143.8 142 139.5 137.1 137.8 137.8 136.4 135.6 133.6 132.7 133.8 137 139.8 140.5 141.2 141.9 141 138.9 136.2 133.5 131.3 129 129 129.8 131 131.8 131.5 131.8 130.7 127.3 122 120.1 120.7 122.8 123.1 124.4 125.7 126.5 130.7 134 138.5 141.7 142.3 143.4 143.9 145.9 147.1 147 149.7 155 160.3 162.2 162.5 162.2 161.3 161.3 159.8 159.3 159.9 159.6 158.8 157.5 156 154.1 150.1 147.2 146.3
146.6 149.6 150.5 151.3 150.5 149.8 149.2 149.2 148.9 146.5 148.8 145.1 141.7 139.9 139.4 139.4 138.9 137.6 137.1 136.1 136 135.8 138.9 142.7 144.5 143.9 143.3 142.4 139.7 136.2 133.3 131 130.4 131.1 132 132.6 132.2 131.2 130.6 129.6 126.7 122.2 121.5 124 126.2 126.7 127.6 128.2 129.2 129.5 133 137.8 142.9 143.4 143.7 143.9 146.4 149.5 150.6 151.9 158 162.3 162.8 163.7 161.2 160.3 160.3 158.9 157.8 158.2 159.2 157.6 156.9 154.2 148.2 149.1 150.1 149.4
152.2 154.9 156.2 156.4 156.2 155.7 155.2 154.7 154.1 153.2 150 147.4 144.6 142.5 142.3 141.2 140.1 138.8 137.6 137.2 137.6 138.1 139.7 145.5 147.8 147.9 147.2 144.2 140.3 136.1 133.2 132.8 133 133.3 133.8 133.7 132.7 131.4 130.5 128.4 124.2 122.4 123.2 123.8 127.2 128.7 129.6 130.3 131.1 131.9 132.2 135.4 139.3 140.7 141.6 142.6 145.6 149.4 152.1 153.8 156.6 160.2 160.1 160.1 159.8 159.7 158.9 157.7 157 157.4 157.4 155.6 155.5 151 150.6 152 153.5 151.6
157.1 158.5 159.6 159.9 159.9 159.9 159.6 158.9 158.3 157 154.2 151.4 148.8 146.6 145.6 144.6 143.7 141.7 139.8 138.6 138.9 139.2 140.3 147.4 150.3 150.6 148.9 144.8 139.6 135.7 135 135.4 136.9 137.3 136.7 134.8 134 131.7 129.8 126.2 123.4 124.1 125.6 123.8 125.9 128.6 130.8 131.7 132.6 133.5 135.4 133 135.6 137 137.5 139.5 143.7 145.6 148.2 151.4 154.7 156.7 156.1 156.1 157.3 158.6 157.9 157 157.1 156.7 154.9 152.3 152.9 153.7 154.8 154.9 154.3 150.8
160.3 161.6 162.1 162.5 162.6 162.5 162.5 162.1 161.2 160.4 158.6 156.3 154.6 152.9 151.7 150.4 148 145.8 143.7 142.6 142 140.5 142.1 146.5 151 151.3 148.5 142.8 137.9 137.1 137.3 138.4 140 139.9 137.9 136.1 134.3 131.7 129.1 124.3 124.9 126.5 127.5 126.5 126 127.9 130.4 132.6 133.9 135.3 137.2 138.4 139 142.2 143 142.4 142.1 143.9 145.6 148 150.3 151.9 152 152.9 156.1 158.6 158.3 157.8 158.2 157.3 156.8 155.9 155.6 157.2 157.7 156.9 154.4 148.8
163.5 164.2 164.8 165 165.1 164.8 164.9 164.5 164 163.4 162.5 161.7 160.8 159.2 157.9 156.4 154.7 152.1 149.8 148.3 145.6 143.1 144.2 149.5 150.7 148.8 145 141.5 139.5 138.8 140.6 141.7 141.2 139.8 138.1 136.1 133.6 131.4 128.2 124.5 124.5 128.6 129.2 128.7 128.3 127.2 130.4 132.9 134.6 136.6 138.9 141.1 142.9 146.4 146.6 145.4 144.9 146.1 146.8 147.2 147.6 148.3 149.7 151.3 157.3 159.5 159.9 159.4 159.6 159 158.6 158.1 156.9 158.6 158.2 157 151.7 151.5
165.2 165.8 166.3 166.1 166.1 166.2 166.6 166.5 166.1 166 165.5 165 164.6 164.1 163.1 162 160.4 158.3 156 152.9 148.8 146.8 147.4 151.2 151.6 148.7 146.2 144.4 142.3 143 144.1 144.2 142.8 140.5 138.1 135.8 132.7 130.6 126.5 124.6 127.3 130.5 130.2 130.7 130.3 128.7 129.9 132.2 135 137.6 140.5 143.4 146.4 148.4 146.9 145.4 144.9 146.6 146.8 149.5 149.9 149.6 152.2 153.5 159 161 161 161.2 160.2 159.3 159.3 158.4 158 159 157.6 154.1 152.7 154.6
165 164.9 164.8 164.6 164.2 165.1 165.7 166 166.6 166.8 166.7 167.3 167.5 167.4 166.1 165.4 165.2 163.5 161.4 158.7 155.4 152.4 150.2 152.1 152.7 151.1 149.4 146.7 144.8 146.2 147.2 146.6 144.6 141.7 138.5 135.2 131.7 129.1 125.8 126.1 130.8 130.8 131.7 132.2 131.8 130.3 129.8 132.4 135.6 138.1 141.2 144.9 147.5 148.7 146.8 147 146.8 146.3 147.3 150.1 152.2 157.8 161.6 160.1 161.7 162.6 162.6 162.1 161.5 160.4 160.6 160.1 159.3 158.5 158.2 154.1 156 156.6
161.2 160.7 160.2 160.4 160.3 160.9 161.4 161.8 163.2 165.2 166.6 167.2 168.2 169.2 169 168.8 168.7 167.4 165.7 163.8 160.8 158.3 156.1 157.4 156.4 154.8 151.9 148.8 147.6 148.4 146.2 145.4 142.9 140.9 139.1 135.5 131.3 127.3 126.2 130.5 133 131.8 132.6 135 133.9 132.3 131.5 133.8 137.1 139.4 142.8 146.1 149.7 148.5 148.1 148.4 148.7 147 148.8 149.5 153.1 158.9 163.7 164.2 164 164.4 164.3 163.7 162.8 162.4 162.3 160.4 159.7 158.9 158.3 157.8 157.8 157.3
156.3 155.8 155.3 155.5 155.9 156.4 157.1 158 159.6 161.4 163.4 165.1 167.7 169.4 170.8 170.7 171.1 170.4 168.9 167.7 166.1 164 162.3 162.2 161.6 158.4 155 153 151.9 151 148.3 144.9 140.7 136.7 132.9 131.3 129.1 127 127.4 129.8 132.9 132.6 134.2 136.7 136.5 134.2 132.5 134.3 137.9 141.5 145.1 147.9 149.6 150 149.1 149.7 149.5 148.5 151.6 152.8 153.7 161.9 164.5 165.1 165.6 166 165.8 165.1 163.9 163.9 162.7 160.8 159.9 159.1 158.7 158.8 159.2 159.6
151.6 151.3 151.2 151.4 151.8 152.3 153.6 154.5 156 157.7 159.6 161.5 164.2 167 170.1 171.6 173 173.3 172.8 171.6 169.5 168 166.9 166.2 165.2 162.3 159.4 157.8 156.1 153.8 150.4 147.5 142.5 133.2 130.6 128.5 126.8 126.6 129 132.3 131.4 133.5 135.9 138 138.8 135.7 133.3 134.5 137.5 141.2 145.7 148 147.8 148.1 149.6 151.1 150.2 149.9 152.7 156.1 156.8 159.6 162.8 165.7 167.4 167.5 166.9 166.5 165.2 165.8 164.4 162.3 160.4 159.5 159.6 160.4 160.6 160.5
148 147.7 147.7 147.8 148.1 149 150.2 151 152.9 154.9 156.6 158.7 161.3 164.2 167.5 170.1 173 174.9 174.9 174.8 173.6 172.6 171.5 170.9 169.2 166.7 164.3 162.6 160.8 157.9 154.3 150.3 144.4 137.6 131.3 127.6 126.4 127.2 130.5 134.8 135.7 135.7 138.6 140.5 140.6 138.1 135.9 135.1 136.8 140.1 144.2 146.4 146.6 147.2 149.5 151.2 151.4 152.2 156.1 161.9 161.3 160.3 162.4 166.2 168.5 168.3 167.8 167.8 166.9 165.7 164.8 163.2 161.8 160 160.7 161.7 161.8 161.4
144.3 145.1 145.5 146.2 147 147.8 148.8 149.7 151.1 152.7 154.4 156.6 159.1 162.1 165.2 168.3 172 174.8 175.9 176.3 175.9 175.5 174.1 172.7 171.7 169.4 167.5 165.8 163.7 160.7 157 152.1 145.7 138.4 130.5 128.2 127.2 127.8 130.2 134.5 137.3 138.3 141.9 144.3 143.6 140.5 138.5 137.2 137.1 138.8 141.4 144.1 144.6 145.6 148 150.7 153.4 155.4 159.8 165.6 166.2 164.9 166.6 169.1 169.5 169.5 169.1 168.8 167.8 167 165.9 164.4 162.7 160.9 162.1 163 163 163
144.9 145.2 146.1 147.2 147.8 148.4 149.8 150.6 151.6 153 154.1 155.3 157.8 160.8 163.5 166.3 169.2 173.1 175.2 176.1 176.3 176.2 175.1 173.8 172.5 170.8 168.5 166.8 165 161.8 158.2 153.1 146.1 137 129.7 127.3 128 129.2 130.8 133.3 136.4 142.5 146.2 148.3 146.5 143.4 140.9 139.9 139.9 139.7 140.9 142 144.2 146.6 148.4 150.2 153.1 155.7 159.9 164.8 168.9 170.6 171.2 171.4 171 170.6 170.2 169.8 168.5 167.9 166.5 165.1 162.1 161.9 164 164.2 164.1 163.7
147.1 147.2 147.9 149.2 149.7 150.6 151.4 151.8 152.2 153.3 154.5 155.7 157.1 159.9 162.7 165.1 167.2 169.4 171.8 173.9 174.4 174.1 174.2 172.6 170.8 169.1 167.2 165.2 163 159.8 156.1 151.2 144.4 134.9 129.1 128.8 129.8 132.4 133.4 134.7 138.6 143.9 148.4 150.4 148.5 145.6 142.8 142.1 142.1 142.2 143.3 144 145 146.8 149.1 152.4 154.1 156.7 161.4 167.6 171.7 173.1 173 172.7 172.3 171.8 171.4 170.5 169.3 168.4 166.3 164.7 163.5 165 165.6 165.3 164.8 164.2
149 150 151.4 152.8 153.3 153.7 153.8 154 153.7 153.8 155.1 156.2 157.6 158.9 161.4 163.8 165 165.3 166.5 168.2 169.7 169.5 169.6 168.3 166.8 164.9 162.8 160.4 157.8 154.6 151 145.8 139.7 131.8 129.6 132.2 136.1 138.3 137.2 138.5 140.6 144.7 148.9 151.8 150.6 147.7 145.3 144.9 144.7 144.8 145.4 146 146.7 149.6 153.1 155.9 157.3 158.5 163.8 170.9 174.2 174.6 174.4 174.1 173.5 173 172.4 171.7 170.4 167.7 165.6 165 165.5 166.4 166.2 166.1 165.4 164.8
151.4 153.3 155.1 156.1 156.5 157.1 156.9 157 155.5 155.4 156 157.4 159 159.9 160.2 162 162.4 162.2 161.5 161.7 162.4 162.6 162.6 161.4 159.9 157.7 155.1 152.8 150.3 147.1 143.5 139.2 132.9 128.3 130.8 135.3 140.5 142.8 144.1 145 147.6 149.9 152.1 154.4 152.6 149.8 148.1 147.7 147.7 147.9 148.2 148.3 148.6 150.1 154.3 159.5 164.8 166.5 162.8 169.2 175 175.9 175.8 175.3 174.8 174.1 173.3 172.2 169.3 166.1 165.1 166.9 167.6 167.4 167 166.8 165.9 165.1
153.9 155.6 157.5 158.2 159 159.8 159.7 159.1 158.5 158.5 157.7 158.9 160.1 160.8 160.9 160.4 159.4 158.4 156.9 156.2 156 155.5 155 153.7 152.3 150.5 148.6 146.3 144.1 141.4 138.4 133.4 129.3 132 131.4 135 142.8 147.1 149.3 150.8 154.9 156.5 157.9 158.3 156.4 154 152.9 152.3 152.9 153.3 152.9 152.6 151.9 151.6 154 159.9 169.4 172.6 168.2 170.4 175.6 176 176.7 176.4 176 175.2 173.9 171.2 168.6 167.1 166.8 168.5 168.3 168.6 168 167.6 166.5 165.4
155.8 157.9 159.9 160.9 161.8 162.5 162.4 162.3 162.1 161.9 160.9 160.3 161 161.7 160.7 160.2 158.2 156.1 154.2 152.5 151.3 150.7 149.1 148.1 146.6 145.2 143.3 141.3 139.2 136.9 134.2 131.2 134.2 135 133.1 132.7 138 146.4 150.3 156.6 161.7 163.2 163.9 164.4 163.1 162.1 162 161.6 161.4 161.6 160.3 159 157.2 155.8 155.8 160.1 167.4 174.4 174 172.3 175.7 176.6 177.2 177.1 176.8 175.1 173.5 172.7 170.8 168.1 169.8 169.9 169.9 169.5 168.7 168.1 167.4 166.3
157.6 160.2 162.2 163.7 164.6 165.2 165.2 164.8 164.6 164.5 164 163.1 162.7 161.6 160.2 160.4 158.3 155.4 153.1 150.6 148.5 147 145.8 144.2 142.8 141.6 139.9 138.1 136.8 135.2 133.6 130.9 136.1 138.2 136.2 134.1 133.8 138 144.7 153.1 161.7 167 169.3 170.2 170.2 169.9 170.1 169.5 169.1 168.6 167 165.7 163.4 160.4 162.6 164.4 165.4 173 175.6 172.9 175.5 176.6 178 177.6 176.6 175.7 175.1 173.2 170.2 170.6 171.7 171.5 171.1 170.3 169.6 168.3 167.9 166.7
158.9 161.4 163.2 164.7 165.8 167 167.8 167.2 167.1 166.9 166.3 164.8 164.1 161.6 160.9 159.8 157.7 155.3 152.9 150.6 148.4 145.9 144 142.8 141.1 139.3 138.2 137.1 136.9 136.1 134.5 133.3 136.8 139.6 140.4 139 136.4 135.5 135.8 143.2 154.9 163.3 168.2 171.2 172.7 173.4 174.1 174 173.8 173.1 172.8 172 170 167.2 168.7 170.9 170.3 172.4 177.1 178 177.8 177.1 178.1 178.4 177.5 177.2 174.5 172.1 172.4 173.1 172.9 172.9 172 171.2 169.9 168.7 167.9 166.3
159.9 162.4 164 165.2 166.8 168 168.9 169.5 169.2 168.9 167.9 166.4 165.4 162.8 161.6 159.7 155.9 153.8 151.3 149.3 147.7 145.2 143.6 141.8 140.6 139.8 139.2 138.8 139 137.8 135.6 135.2 137.9 139.1 141.1 142.7 141.5 139.6 137.4 136.8 143.8 153.6 160 163.8 167.5 171.2 173.7 175.2 176.1 176.3 176.9 176.3 175.4 174.4 175.2 177 177.4 177.3 178 179.7 180 179.2 178.6 178.6 177.1 175.8 173.6 174.4 174.9 174.7 174.5 173.3 172.6 171.5 168.3 166.9 163.8 159.6
160.4 161.3 163.3 164.9 166.7 168 169.1 170.2 170.6 170.4 169 167.8 166.7 165 162.6 159.6 155.2 153.1 150.2 147.9 146 144.8 143.5 143.2 142.4 141.6 140.9 140.8 140.1 138.8 136.1 137.9 139.5 140.3 141.5 143.4 144.2 143.5 141.8 138.3 138.3 144 149.6 154.3 159.3 164.1 168.3 172.3 174.7 176.8 178.2 179 179.4 179.4 180.6 181.4 181.8 182 181.7 181.7 181.6 180.5 179.6 178.8 177.1 175.5 175.4 175.2 176.3 175.4 175.1 173.4 171.9 165.8 162.2 159.9 157.6 155.5
160.9 161.9 163.6 164.8 166.6 168 169.4 170.5 171.1 171.3 169.7 168.8 167.5 165.4 163.1 161.1 158.3 156.1 153.4 150.7 149 147.9 147.2 146.1 144.5 143.5 143 142.5 141.4 139.1 137.1 139.6 142 142.5 142.9 143.3 143.3 143.5 142.3 140.1 139.1 139.9 142 145 149 153.9 159.6 165 169.8 174.6 177.6 179.8 181 182.6 184 184.6 185.1 184.7 184.2 183.6 182.4 181.4 179.9 178.1 177.2 177.2 177.2 177.2 177.2 175.5 174 168.1 162.6 160.6 158.3 157.3 156 155.6
162 163 164.1 165.8 167 168.4 169.9 170.9 171.5 172 170.2 169.1 168.5 166.8 164 163.1 161.3 159.5 157.3 154.9 152.7 150.5 149.1 147.5 146 145.3 144.5 143.3 141.4 139.3 138.3 141.4 143.8 145.2 145.2 144.6 144 143.5 143 142 141 140.4 141.2 144.2 147.2 148.4 152.2 157.2 163.3 169.2 174.7 178.9 181.8 184 185.4 186.3 186.8 186.6 185.9 184.6 183.1 182.2 180.1 178.9 178.2 177.6 177 177.5 177.5 175.3 171.3 164 159.6 159.5 159.6 158.9 158.7 160.1
162.5 163.9 165.6 166.7 167.4 168.9 170.3 171.4 172 171.8 170.3 169.9 168.5 167.7 166.1 165.2 163.9 161.6 158.7 157.1 155 153.1 150.5 149 147.5 146.2 144.9 143.5 140.9 139.4 140.1 141.9 144.6 147.4 147.9 145.9 145.5 145.1 144.3 143.6 142.7 141.3 141.9 145 149.2 153.2 153.7 152.9 156.6 161.9 169.2 175.5 180.9 184.2 186.5 187.5 187.7 188.1 187.3 186.2 185.1 182.8 181.7 180.2 179.9 178.2 177.1 177.1 175.9 173.7 167.6 161.6 160.1 161.3 161.6 160.8 162.2 163.3
163.8 165.4 166.5 167.1 168.4 169.6 170.9 171.8 172.5 172.4 171.6 170.3 168.9 167.8 166.8 165.5 164.2 162 160.9 158.1 155.8 153.3 151.3 149.6 148 146.3 145.3 143.6 141.8 141 141.4 142.1 144.3 147.2 148.6 147.2 147 146.6 145.7 144.7 143.6 142.5 142.9 145.3 149.7 155.4 159.7 158.3 155.7 157.1 162.6 171.2 178.2 183.3 187 188.7 189.1 189.3 188.6 187.9 186.6 184.8 183.4 181.1 179.3 176.4 176.1 175.9 174.4 170.4 164.3 162 163.7 162.5 163.4 166.2 167.4 167
165.8 166.9 167.7 167.6 168.5 170 171.1 171.8 172.4 172.5 171.2 170.2 168.9 167.4 166.7 165.4 164 162.4 160.2 157.7 155.4 153.2 151.6 150 148.3 147 146.2 144 142.8 143.5 143.3 143.6 144.4 146.1 147.9 148 148.1 148.1 147.4 146.2 144.9 143.2 144.2 146.4 150.4 155.9 162.1 163.7 160.8 157.8 158.4 165.2 174.9 182.6 187.5 189.7 190.6 190.6 190.1 189.5 188.1 186.8 185.5 183.2 179.8 175.4 172.2 172.3 170.4 165.6 162.7 165.7 166.5 165 167.1 171.1 171.4 170.7
166.6 167.9 168.8 168.7 169.2 170.1 170.8 171.3 172 172.6 171.3 170.5 168.9 166.2 164.9 164.1 163.7 162 159.5 157.3 154.9 153.1 151.8 150.5 149.2 148.5 147.5 143.9 145.6 146.2 145.5 144.7 145 146.3 147.6 148.7 149.4 149.5 149.1 148 146.4 144.5 146 148.3 152.1 156.9 162.9 167.3 165 162.2 159 161.2 170.4 182.7 187.5 190.6 192.1 192.3 191.8 191 189.7 187.5 186.4 184.2 181.4 176.5 171 167.3 165.3 164 165.7 167.7 169.9 169.2 170.3 172.8 174.3 173.1
166.1 167.6 168.6 168.8 168.8 169.9 170.7 171 171.1 171.5 170.8 169.3 168.4 165.3 164.3 163.7 162.3 160.8 158.5 156.3 155.4 154.3 153.4 152.1 150.7 149.4 146.7 145.6 148.6 149.3 147.8 146.7 146.5 148 148.9 149.8 150.4 150.9 150.6 149.9 148 146.3 147.4 150.2 153.5 158.1 164 169 168.7 166.2 164 161.8 165.7 178.3 188 191.5 193.5 194.2 193.8 192.5 191 189.4 186.9 184.5 182.1 177.9 172.6 166.7 165.5 167 169.1 169.4 172.1 173.3 175 176.5 176.9 175.5
165.6 167 168.1 168.6 169.3 170.5 170.4 170.1 169.7 169.3 169.4 168.6 167.4 165.5 164.8 163.4 161.2 160.2 158.8 157.8 156.9 155.8 154.9 153.1 151.6 148.8 145.9 148.8 151.1 152.2 151 149.8 148.8 149.5 150.6 151.5 152.2 152.8 152.3 151.4 149.8 147.4 147.7 151.3 154.7 158.3 164.5 169.6 171.5 170.9 169.1 166 164.9 173.4 185.8 191.4 193.2 195.5 195.2 193.7 192.1 190.5 187.3 185.3 182.6 177.9 172.3 165.9 167.8 172.1 172.5 172.5 174.9 178.2 179.4 179.7 180 179
