WholeMapElevations/data/nr/nr47_OST50GRID_20230518/NR47.asc
ncols 200
nrows 200
xllcorner 140000
yllcorner 670000
cellsize 50
[rows 144 to 179 of 200, columns 0 to 81 of 200]
109.3 107 103.2 96.5 90.5 84.4 79.5 79.2 78.9 76.9 75.3 74.6 74 73.3 71.1 70.4 70 69.8 70.6 70.1 70 68.7 65.6 58.2 50.1 49.6 48.9 44.9 37 40.3 42.2 46.1 52.5 59.4 59.5 61.6 66.4 62 57.9 55.7 54 56.1 74 79.2 78.8 72.3 67 58.3 20.7 -0.6 -0.6 -0.6 -0.6 -0.6 -0.6 -0.6 -0.6 -0.6 -0.6 -0.6 -0.6 -0.6 -0.6 -0.6 -0.6 -0.6 -0.6 -0.6 -0.6 -0.6 -0.6 -0.6 -0.6 -0.6 -0.6 -0.6 -0.6 -0.6 -0.6 -0.6 -0.6 -0.6
109.7 106.6 102.6 96.8 90.6 84.2 79 77.3 77.4 75 73 72.4 72.1 71.8 70.9 71 70.6 70.2 71.2 70.8 71.4 68.5 64.1 52.5 50.2 47.4 39 41 44.6 43.8 43.1 47.2 54.7 59.5 59.4 60.7 67.9 63.4 60.1 60.5 61 68.9 85 90.8 85.5 70.1 65.9 55.8 36.9 -0.6 -0.6 -0.6 -0.6 -0.6 -0.6 -0.6 -0.6 -0.6 -0.6 -0.6 -0.6 -0.6 -0.6 -0.6 -0.6 -0.6 -0.6 -0.6 -0.6 -0.6 -0.6 -0.6 -0.6 -0.6 -0.6 -0.6 -0.6 -0.6 -0.6 -0.6 -0.6 -0.6
109.5 106 101.7 96.9 91.5 85.2 79.7 76.4 75.2 72.9 71 71.1 71.2 70.9 70.3 69.7 69.8 69.4 71.2 72.9 72.5 71 63.7 52.7 51.5 40.3 46.2 47.7 48.9 49.2 50.7 47 48.5 52 58.4 64 69.3 63.1 60.3 61.1 66.9 77.6 92.2 92 79.9 72.7 65.9 58.4 42.4 8.9 -0.6 -0.6 -0.6 -0.6 -0.6 -0.6 -0.6 -0.6 -0.6 -0.6 -0.6 -0.6 -0.6 -0.6 -0.6 -0.6 -0.6 -0.6 -0.6 -0.6 -0.6 -0.6 -0.6 -0.6 -0.6 -0.6 -0.6 -0.6 -0.6 -0.6 -0.6 -0.6
104.4 101.9 101.1 95.8 90.6 85.2 80.6 77.2 74.7 71.8 69.3 70.2 70.3 69.8 69.2 68.3 67.1 67.7 70.1 69.7 74.6 69.6 54.3 56.1 54.8 40.3 51.8 49.8 53.3 55 53.4 49.7 49.3 49.7 51.4 63.4 65.8 61 60.9 62.1 74.3 86.4 97.1 90.9 80.8 73.8 70.1 60 46.9 22.2 -0.6 -0.6 -0.6 -0.6 -0.6 -0.6 -0.6 -0.6 -0.6 -0.6 -0.6 -0.6 -0.6 -0.6 -0.6 -0.6 -0.6 -0.6 -0.6 -0.6 -0.6 -0.6 -0.6 -0.6 -0.6 -0.6 -0.6 -0.6 -0.6 -0.6 -0.6 -0.6
97.7 95.1 95.2 94.5 89.4 84.5 81 77.8 74.2 70.9 67.7 69.2 68.5 67.4 66.4 65.6 64.7 64.9 65.5 67.6 70.2 63 60.5 57.9 52.5 42.2 53.2 53.9 57 57.9 57.5 54.1 50.2 50.6 50.9 57.5 57.9 60.6 66 72.7 85.7 96.7 97 94.9 86.7 84.1 78.9 66.1 54.1 44 12.6 -0.6 -0.6 -0.6 -0.6 -0.6 -0.6 -0.6 -0.6 -0.6 -0.6 -0.6 -0.6 -0.6 -0.6 -0.6 -0.6 -0.6 -0.6 -0.6 -0.6 -0.6 -0.6 -0.6 -0.6 -0.6 -0.6 -0.6 -0.6 -0.6 -0.6 -0.6
105.7 99.5 97.7 91.6 88.2 84.3 80.5 77.4 74 70.4 66 67.9 66.9 65.8 64.8 63.7 62.5 62.9 62.8 66 65 61.2 58.6 56.4 50 42.1 52.1 56.6 58 60.6 56.2 52.8 51.7 51.1 51.7 54.2 59.2 66.9 73.9 81.6 96.1 108 103.2 93.6 93.7 95.3 79.5 72.3 60.7 53.9 18.8 -0.6 -0.6 -0.6 -0.6 -0.6 -0.6 -0.6 -0.6 -0.6 -0.6 -0.6 -0.6 -0.6 -0.6 -0.6 -0.6 -0.6 -0.6 -0.6 -0.6 -0.6 -0.6 -0.6 -0.6 -0.6 -0.6 -0.6 -0.6 -0.6 -0.6 -0.6
114.7 104.9 102.9 91.8 82 77.8 74.1 72.9 71.8 68.6 63.6 66.3 65.2 64.1 63 61.9 59.9 59.4 58.8 60.7 59.6 55.8 53.7 52.5 48.3 47.2 49.9 55.7 56.5 57.2 53 52.9 53.4 53.3 54.1 57.7 63.4 72.1 80.4 91.4 98.4 100.5 98.1 95.7 94.6 91.5 83.7 76.8 69.5 62.9 28.1 -0.6 -0.6 -0.6 -0.6 -0.6 -0.6 -0.6 -0.6 -0.6 -0.6 -0.6 -0.6 -0.6 -0.6 -0.6 -0.6 -0.6 -0.6 -0.6 -0.6 -0.6 -0.6 -0.6 -0.6 -0.6 -0.6 -0.6 -0.6 -0.6 1.2 0.9
113.2 107.4 102.6 95.6 88.2 81.8 74.4 67.9 67.3 65.4 61.9 62.1 63.4 62.4 61.3 59.8 57.4 56.6 56.4 55.2 55.7 53.5 52.1 50.8 44.4 51.6 51.5 54.3 55.1 55 54.6 54.7 57.4 56.9 59.1 62 68.4 76.9 88.3 98.6 100.5 107.7 111.6 104.8 106.3 95.1 83.8 80.8 72.9 67.7 29.4 -0.6 -0.6 -0.6 -0.6 -0.6 -0.6 -0.6 -0.6 -0.6 -0.6 -0.6 -0.6 -0.6 -0.6 -0.6 -0.6 -0.6 -0.6 -0.6 -0.6 -0.6 -0.6 -0.6 -0.6 -0.6 -0.6 -0.6 -0.6 -0.6 1 5.3
116.1 109.9 104.5 97.3 91.2 84 77.4 71.2 68 62.8 61.1 59.9 62.4 60.9 59.9 57.2 55.1 54.7 55.2 54.1 52.3 48.9 47.3 47.8 48.5 51.2 54.3 56.4 56.6 57.1 57.1 58.5 62.6 63.6 65.1 67 74.6 81.7 92.3 98 98.7 106.5 105.7 106.6 108.8 92.9 85 77.9 70.1 69.6 36.7 -0.6 -0.6 -0.6 -0.6 -0.6 -0.6 -0.6 -0.6 -0.6 -0.6 -0.6 -0.6 -0.6 -0.6 -0.6 -0.6 -0.6 -0.6 -0.6 -0.6 -0.6 -0.6 -0.6 -0.6 -0.6 -0.6 -0.6 -0.6 -0.6 2.9 5.6
118.7 111 104.4 99.2 93 86.7 80.4 74.8 68.6 66.2 63.7 61 58.3 60.3 58.4 54.5 52.9 51.6 52.8 52.3 50.2 49 50.3 51.4 51.6 53.9 55 59.1 59.5 59.5 61.3 61.9 66.9 68.4 70.8 73 82.3 83.7 91.7 96.7 98.2 99.3 106.4 101.2 99.8 90.1 83.5 77.5 74.7 58.8 43.2 4.9 -0.6 -0.6 -0.6 -0.6 -0.6 -0.6 -0.6 -0.6 -0.6 -0.6 -0.6 -0.6 -0.6 -0.6 -0.6 -0.6 -0.6 -0.6 -0.6 -0.6 -0.6 -0.6 -0.6 -0.6 -0.6 -0.6 -0.6 -0.6 3.5 6.6
120 112.2 105.8 101.1 95.6 90 83.7 77 69.7 69.5 66.9 63.1 59.6 57.4 54.6 52.6 51.1 50.6 50.1 49.1 48.5 54.2 54.7 53.3 53.7 56.7 58.2 61.7 61.6 63 67.1 68 70.8 72.9 74.7 81.3 85.5 87.2 95.3 98.4 98.8 98.2 98.1 94.8 93.2 88.2 83.2 71.5 66.1 56.3 40 4 -0.6 -0.6 -0.6 -0.6 -0.6 -0.6 -0.6 -0.6 -0.6 -0.6 -0.6 -0.6 -0.6 -0.6 -0.6 -0.6 -0.6 -0.6 -0.6 -0.6 -0.6 -0.6 -0.6 -0.6 -0.6 -0.6 -0.6 -0.6 1.8 7.7
121.2 113.7 107.5 102.7 97.2 92.6 87.8 78 71 70.2 67.1 63.7 60.3 57.5 53.5 52.4 50.9 53.2 53 50.2 49.2 54.7 57.5 56.2 53.9 55.3 58.4 60.5 61.7 67.9 74.6 74.9 74.1 74.6 76.9 85.1 85.2 93.8 97.5 100.9 100.5 98 97.4 95.5 89.3 82.5 73.7 64 62.7 52 36.4 -0.6 -0.6 -0.6 -0.6 -0.6 -0.6 -0.6 -0.6 -0.6 -0.6 -0.6 -0.6 -0.6 -0.6 -0.6 -0.6 -0.6 -0.6 -0.6 -0.6 -0.6 -0.6 -0.6 -0.6 -0.6 -0.6 -0.6 -0.6 -0.6 3.8 8.2
123.3 116.8 109.5 104.8 100.5 96 91.5 79.1 70.7 68.6 66.2 63.5 61 57.3 53.7 51.7 50.6 54.7 54.1 50.6 49.8 51.3 54 54.9 53.6 55.9 57.5 57.6 59.8 65.2 69 71.9 75.3 77.6 78.7 83.7 86.5 96.9 99.7 100 101.4 97.3 96.1 95.4 88.7 75.9 65.6 54.9 50.2 40.7 35.8 -0.6 -0.6 -0.6 -0.6 -0.6 -0.6 -0.6 -0.6 -0.6 -0.6 -0.6 -0.6 -0.6 -0.6 -0.6 -0.6 -0.6 -0.6 -0.6 -0.6 -0.6 -0.6 -0.6 -0.6 -0.6 -0.6 -0.6 -0.6 -0.6 6.7 9.8
126.5 120 112.8 106.4 103.5 99 91.3 79.6 71.1 67 64.8 62.1 59.4 56.5 55 53.3 51.7 54.3 54.3 51 50.7 50.2 52.2 52.7 54.5 57.2 56.9 57.1 59 65.4 70 71.2 71.9 76.5 80.2 83.8 89.2 95.9 99.3 98.7 100.5 95.9 95.7 96.4 80.6 70.2 59.2 53.4 45.9 34.3 27.6 10.2 -0.6 -0.6 -0.6 -0.6 -0.6 -0.6 -0.6 -0.6 -0.6 -0.6 -0.6 -0.6 -0.6 -0.6 -0.6 -0.6 -0.6 -0.6 -0.6 -0.6 -0.6 -0.6 -0.6 -0.6 -0.6 -0.6 -0.6 -0.6 6.9 10.5
127 123.5 117.1 110.5 106.5 101.2 89.8 78.7 70.6 65.2 63.1 60.9 59.6 59.8 57.8 55.7 52.2 53.4 53.9 52.8 52 51.7 52.7 52 54.2 55.5 55.2 55.5 56.9 66 71 71.4 72.3 77.2 81.2 85.9 90.4 93.3 98.3 96.9 96.3 95.6 91.7 84.7 74.3 64.5 56 51.6 45.5 36.1 26.8 8.8 -0.6 -0.6 -0.6 -0.6 -0.6 -0.6 -0.6 -0.6 -0.6 -0.6 -0.6 -0.6 -0.6 -0.6 -0.6 -0.6 -0.6 -0.6 -0.6 -0.6 -0.6 -0.6 -0.6 -0.6 -0.6 -0.6 -0.6 -0.6 12.1 11.8
126.8 124.1 119.8 115.6 112 102.7 90.1 78.3 69.3 63.9 61.1 61.3 61.6 60.9 60.2 57.7 52.7 54.3 55.7 54.4 52.7 53.4 54 53.4 52.3 53.7 54.5 54.9 55.5 61.1 68.2 69.8 69.4 73.6 79.8 88.1 93.2 95.3 97.8 97.6 94.7 92.1 84.8 75.5 66.1 59.4 53.7 51.3 45.8 39.9 27.4 7.2 -0.6 -0.6 -0.6 -0.6 -0.6 -0.6 -0.6 -0.6 -0.6 -0.6 -0.6 -0.6 -0.6 -0.6 -0.6 -0.6 -0.6 -0.6 -0.6 -0.6 -0.6 -0.6 -0.6 -0.6 -0.6 -0.6 -0.6 7.5 14.6 11.8
128.9 124.3 120.9 117.5 114.5 102.7 88.9 77.9 68.5 64.4 61.8 62.3 61.9 61.8 60.2 56.1 51.9 55.2 57.5 55.2 54 54.2 54.9 54.7 53.2 53.5 54.3 55.5 55 56.4 60.2 62 65.4 72.8 78.2 89.3 95.8 96.5 97.6 97.5 88.5 82.7 80.1 74.3 64 55.2 53.2 51.4 47.7 46.5 33.8 17.8 -0.6 -0.6 -0.6 -0.6 -0.6 -0.6 -0.6 -0.6 -0.6 -0.6 -0.6 -0.6 -0.6 -0.6 -0.6 -0.6 -0.6 -0.6 -0.6 -0.6 -0.6 -0.6 -0.6 -0.6 -0.6 -0.6 -0.6 7.1 14.9 14
128.8 123.9 119.5 115.8 112.6 103.9 90.6 79.8 67.6 66 62.9 60.3 59.6 59.3 60 56.5 51.6 55.9 57.9 56.3 55.3 55.2 58.4 56.1 54.7 55.8 59.4 60 58.8 55 56.6 58.3 61 69 78.4 92.4 98.3 97.3 96.1 94.3 86.3 80.4 75.4 70.6 65 57.2 53.7 52.6 50.8 50.7 36.1 24.5 -0.6 -0.6 -0.6 -0.6 -0.6 -0.6 -0.6 -0.6 -0.6 -0.6 -0.6 -0.6 -0.6 -0.6 -0.6 -0.6 -0.6 -0.6 -0.6 -0.6 -0.6 -0.6 -0.6 -0.6 -0.6 -0.6 5.4 13.5 16.3 16.6
128.8 124 119.6 115.2 110.8 101.5 91 80 69.7 67.2 64.3 60.3 57.1 57.5 58.8 54.7 53.6 57.1 57.5 56.5 56.4 57.2 60.3 56.5 56.5 60.5 62.5 63.7 60.2 57.1 56.1 57.5 62.5 66.5 75.8 87 94.7 96.1 93.4 89.9 85.1 82.6 81.8 74.7 65.9 56.9 54.8 54.1 59.1 54.5 43.3 32.3 22 -0.6 -0.6 -0.6 -0.6 -0.6 -0.6 -0.6 -0.6 -0.6 -0.6 -0.6 -0.6 -0.6 -0.6 -0.6 -0.6 -0.6 -0.6 -0.6 -0.6 -0.6 -0.6 -0.6 -0.6 6.9 13.4 15.1 17.5 18.6
128.9 124.1 119.7 116 110.1 100.2 92.6 83.1 73 67.6 64 59.8 55.6 55 55.1 53.8 54.9 58.3 59.9 59.5 58.2 59.4 59.2 58.6 59.7 66.2 66.3 64.1 64.7 60.3 55.9 57.7 63.8 67.7 77.9 82.1 85.2 87.4 83.8 78.7 73.6 78.5 84.4 79.1 68.2 58.1 54.1 51.9 55.9 57 52.3 41.1 36 21.5 -0.6 -0.6 -0.6 -0.6 -0.6 -0.6 -0.6 -0.6 -0.6 -0.6 -0.6 -0.6 -0.6 -0.6 -0.6 -0.6 -0.6 -0.6 -0.6 -0.6 -0.6 -0.6 -0.6 -0.6 12.5 14.2 17.5 19.3
128.5 124.9 121.2 115.9 109.5 102.4 95.5 85.8 75.1 67.4 63.5 59.3 55.2 54 53.4 52.5 52.8 57.7 60.8 60.1 59.5 61.7 61.5 60.7 61 65.1 67.3 64.6 66.2 58.9 56.6 58.1 62.2 67.2 72 70.5 75.9 73.6 69.7 66.1 65 64 64.7 71.3 78.2 66.8 60.1 55 49.7 47.8 45.9 45.7 43.8 36.1 -0.6 -0.6 -0.6 -0.6 -0.6 -0.6 -0.6 -0.6 -0.6 -0.6 -0.6 -0.6 -0.6 -0.6 -0.6 -0.6 -0.6 -0.6 -0.6 -0.6 -0.6 -0.6 -0.6 -0.6 7.4 15.3 16.1 17
127.9 125 122.4 117.1 111.3 105 97.7 87.9 77 67.4 63.2 59.2 56.3 55.5 56.7 56.8 54 55.5 60.6 61.8 64.7 64.4 64.3 62.3 62.2 66.2 64.1 62.4 61.6 59.8 58.2 60.5 63.4 65.7 64.9 64.6 65 64.2 63 63.3 60.9 57.9 57.9 57.9 59.4 66.7 70.6 62 57.8 54.3 50 47.9 43.9 38.2 23.1 -0.6 -0.6 -0.6 -0.6 -0.6 -0.6 -0.6 -0.6 -0.6 -0.6 -0.6 -0.6 -0.6 -0.6 -0.6 -0.6 -0.6 -0.6 -0.6 -0.6 -0.6 -0.6 -0.6 7.1 13.7 14.4 16
127.6 123.5 119.6 116.9 113.3 107.4 97 91.2 80.4 68.5 64.3 59.9 57.1 57 59 59.4 55 53.2 57.2 60.9 65.6 67.6 68.9 67 70.5 67.7 64.2 62.1 61.1 61 60.6 62.5 64 65.1 65.2 64.5 63.4 60.4 58.6 62.4 57.9 57.9 57.9 57.9 57.9 57.9 61 70.1 67.8 57.3 54.6 50 50.1 42.1 25.3 -0.6 -0.6 -0.6 -0.6 -0.6 -0.6 -0.6 -0.6 -0.6 -0.6 -0.6 -0.6 -0.6 -0.6 -0.6 -0.6 -0.6 -0.6 -0.6 -0.6 -0.6 -0.6 -0.6 13.3 13.8 12.3 13.9
126.2 122 118.4 116.7 115.5 109.5 99.5 94.2 83.1 71.3 66 60.8 57 59 61.8 60.9 55.1 53.5 56.4 59.7 66 70.8 72.3 70.7 73.3 71.8 67.8 63.7 65.2 66.5 63.5 63.7 64 64.9 66.2 66.6 62.5 57.9 58.4 57.9 57.9 57.9 57.9 57.9 57.9 57.9 57.9 66.5 63.8 71.2 58.4 55.2 56.8 45 25.5 -0.6 -0.6 -0.6 -0.6 -0.6 -0.6 -0.6 -0.6 -0.6 -0.6 -0.6 -0.6 -0.6 -0.6 -0.6 -0.6 -0.6 -0.6 -0.6 -0.6 -0.6 -0.6 -0.6 5.4 10.5 10.4 12.6
124.9 120.7 117.6 117.1 116.5 111.8 102.2 93.2 84.7 76.1 67.3 61.4 57.3 60.2 61.7 59 54.6 51.7 54.9 58.7 68.2 77.2 77.2 73.9 73 76.3 70.5 65.7 71.5 66.2 65.6 65.6 65.6 66.8 70.8 66 57.9 57.9 57.9 57.9 57.9 57.9 57.9 57.9 57.9 57.9 60.7 63.3 60.2 62.6 65 63.8 60.9 44.7 31.1 -0.6 -0.6 -0.6 -0.6 -0.6 -0.6 -0.6 -0.6 -0.6 -0.6 -0.6 -0.6 -0.6 -0.6 -0.6 -0.6 -0.6 -0.6 -0.6 -0.6 -0.6 -0.6 -0.6 -0.6 6.8 9 9.9
123.6 120.2 118.4 117.7 114.5 111.6 104.9 94.7 86.5 79.2 68.5 59.8 56.1 58.8 59.3 56.2 51.6 51.6 53.9 60.3 69.7 79 80.8 76 73.6 72.9 68.2 68.1 68.2 68.9 68.6 69.1 67.4 66.6 65.3 57.9 57.9 57.9 57.9 57.9 57.9 57.9 57.9 57.9 57.9 57.9 63.6 59.9 59.1 60.1 60.4 61.9 67 50.9 40.7 8.6 -0.6 -0.6 -0.6 -0.6 -0.6 -0.6 -0.6 -0.6 -0.6 -0.6 -0.6 -0.6 -0.6 -0.6 -0.6 -0.6 -0.6 -0.6 -0.6 -0.6 -0.6 -0.6 -0.6 5.2 7.1 9.9
122.4 120.7 118.4 114.7 115.5 114.1 107.1 96.6 87.3 81.1 69.7 56.9 52.3 51.6 51.6 51.6 51.6 51.6 55.6 64.6 73.2 83.7 86 74.3 71.6 69.2 68.2 68.3 68.5 69.9 69.8 69.8 67.7 67.8 64.2 57.9 57.9 57.9 57.9 57.9 57.9 57.9 57.9 57.9 57.9 57.9 57.9 57.9 57.9 62.8 59.8 61.7 60.1 54.7 47.2 18.1 -0.6 -0.6 -0.6 -0.6 -0.6 -0.6 -0.6 -0.6 -0.6 -0.6 -0.6 -0.6 -0.6 -0.6 -0.6 -0.6 -0.6 -0.6 -0.6 -0.6 -0.6 -0.6 -0.6 -0.6 2.9 3.9
120.6 120.7 119.1 118.5 117.4 116 109 98.4 86.5 79.9 69.7 56.6 51.6 51.5 51.5 51.5 51.6 51.6 55.5 65.9 73.4 81.6 79.1 74.3 71.8 70 68.6 68.7 68.8 69.4 73.1 73 70.8 71.6 63.8 57.9 57.9 57.9 57.9 57.9 57.9 57.9 57.9 57.9 57.9 57.9 57.9 57.9 57.9 65 59.1 61.5 56.5 53.8 41.6 16 -0.6 -0.6 -0.6 -0.6 -0.6 -0.6 -0.6 -0.6 -0.6 -0.6 -0.6 -0.6 -0.6 -0.6 -0.6 -0.6 -0.6 -0.6 -0.6 -0.6 -0.6 -0.6 -0.6 -0.6 2.9 1.1
119.5 119.9 119.1 118 116.9 114.8 109.4 99.8 86.5 77.8 67.4 52.9 51.5 51.3 51.3 51.4 51.5 51.6 57.7 67.2 71.5 75.6 76.4 75.8 75.1 71.7 69 69 69.2 72.8 78.6 80.7 70.1 68.3 68.9 62.3 58.2 57.9 57.9 57.9 57.9 57.9 57.9 57.9 57.9 57.9 57.9 57.9 57.9 60.5 57.7 57.5 54.3 47.2 39.5 28.4 -0.6 -0.6 -0.6 -0.6 -0.6 -0.6 -0.6 -0.6 -0.6 -0.6 -0.6 -0.6 -0.6 -0.6 -0.6 -0.6 -0.6 -0.6 -0.6 -0.6 -0.6 -0.6 -0.6 -0.6 -0.6 1.6
117.8 118.8 118.2 117.1 115.4 111.7 107.7 100 84.5 77.2 65.1 51.6 51.3 51.3 51.3 51.3 51.5 59.2 63.7 69.2 73 76.3 77.9 79.9 77.9 74.9 72.6 71.3 69.3 73.2 77.3 77.2 76.8 76.4 77.4 71 63.7 62.6 67.1 64.1 62.2 66 67.1 65 59.4 57.9 57.9 57.9 63.4 62.4 59.7 61 58.3 46.4 36.2 29.4 5.3 -0.6 -0.6 -0.6 -0.6 -0.6 -0.6 -0.6 -0.6 -0.6 -0.6 -0.6 -0.6 -0.6 -0.6 -0.6 -0.6 -0.6 -0.6 -0.6 -0.6 -0.6 -0.6 -0.6 -0.6 3.1
114.1 115.5 115.7 114.9 113 108 103.4 96.3 84 78.4 66.4 51.6 51.3 51.3 51.3 51.3 52 61.5 67.3 71.9 78 79.6 81.4 81.6 79.6 78.3 76.9 77.1 81 88.9 87.4 87.8 88.5 87.8 85.9 77.3 68.8 69.1 71.9 73.7 71.9 77.3 78.4 77.9 70 66.7 63.2 64.3 66.8 66.3 64.5 65.6 62.6 46.7 32.5 24.2 -0.6 -0.6 -0.6 -0.6 -0.6 -0.6 -0.6 -0.6 -0.6 -0.6 -0.6 -0.6 -0.6 -0.6 -0.6 -0.6 -0.6 -0.6 -0.6 -0.6 -0.6 -0.6 -0.6 -0.6 -0.6 -0.6
108.7 109.9 110.8 109.8 108.2 102.1 96.6 93.3 84 77.8 66.7 51.3 51.3 51.3 51.3 51.5 53.5 66.2 72.9 75.7 77.5 81.7 83.5 82.9 82.6 82.3 83.8 90.2 99 101 98.9 99.3 96.6 95.6 90.4 82.2 79.4 80.9 82.1 83.2 82.8 89 86.5 86.2 79.4 76.2 72.3 72 70.8 68.3 64.1 64.2 62.2 46.1 35 16.9 -0.6 -0.6 -0.6 -0.6 -0.6 -0.6 -0.6 -0.6 -0.6 -0.6 -0.6 -0.6 -0.6 -0.6 -0.6 -0.6 -0.6 -0.6 -0.6 -0.6 -0.6 -0.6 -0.6 -0.6 -0.6 -0.6
103.1 104.4 105.6 105.2 104.1 96.4 91 86.3 80.8 72.9 62.8 51.3 51.3 51.3 51.4 51.9 57.2 66.3 70.4 72.3 78.6 85.1 85.3 86.7 87.2 87.9 89.6 99.7 109.8 112.6 111.8 106.7 104.2 100.7 93.6 85.8 87.1 90 92.1 91.2 91.9 94.9 91.6 90.6 88.5 90.8 91.3 81.8 81.8 77.1 66.9 62.6 58.4 47.2 35.5 23.7 -0.6 -0.6 -0.6 -0.6 -0.6 -0.6 -0.6 -0.6 -0.6 -0.6 -0.6 -0.6 -0.6 -0.6 -0.6 -0.6 -0.6 -0.6 -0.6 -0.6 -0.6 -0.6 -0.6 -0.6 -0.6 -0.6
97.5 100.7 102.8 103.4 100.6 92.6 84.7 82.5 77.5 70.8 59.7 51.3 51.3 51.3 51.6 58.5 61.7 66.7 69.4 76.4 83.5 87.5 89.3 94.1 92.2 92.8 97 117.3 129.2 128.8 120.4 112.8 107.9 104 97.6 91.4 94.8 98.6 96 97.7 98 100.9 99.5 102.4 103.6 109.7 104.7 95.3 99 88.8 72.4 64.2 60.5 49.1 34.7 26.7 20.6 2.1 -0.6 -0.6 -0.6 -0.6 -0.6 -0.6 -0.6 -0.6 -0.6 -0.6 -0.6 -0.6 -0.6 -0.6 -0.6 -0.6 -0.6 -0.6 -0.6 -0.6 -0.6 -0.6 -0.6 -0.6
96 98.9 100.7 101.1 98.4 91.7 82.4 78.9 75.3 68.2 53.9 51.3 51.3 51.4 56 61.5 64.6 70.4 73.5 80 83.9 87.9 92.6 95.8 95.9 97.2 102.9 130.1 141.9 135.1 125.2 118 111.1 107.7 102 96.2 102.4 103 101.8 108.2 109.6 109.2 108.4 113.2 120 120.3 114.6 108.9 108.4 97.5 78.9 68.5 58.9 46.8 37.4 30.2 25.9 7.2 -0.6 -0.6 -0.6 -0.6 -0.6 -0.6 -0.6 -0.6 -0.6 -0.6 -0.6 -0.6 -0.6 -0.6 -0.6 -0.6 -0.6 -0.6 -0.6 -0.6 -0.6 -0.6 -0.6 -0.6
93.1 97.6 98 98.3 96.3 89.8 83.1 77.4 72 60.6 51.3 51.3 51.3 51.4 56.9 63.9 70.5 73.9 78.2 82.9 84.4 90 96.9 106.2 98.5 99.3 122.2 136 143.3 137.2 132.3 122.6 114.1 111.1 103.5 101.1 102.2 111 109.2 113.4 118.4 111.5 114.2 119.1 125.4 125.4 121.7 113.1 110.8 104.3 84.3 72.3 58.7 50.7 44.5 34.8 27.4 -0.6 -0.6 -0.6 -0.6 -0.6 -0.6 -0.6 -0.6 -0.6 -0.6 -0.6 -0.6 -0.6 -0.6 -0.6 -0.6 -0.6 -0.6 -0.6 -0.6 -0.6 -0.6 -0.6 -0.6 -0.6
