WholeMapElevations/data/nd/nd28_OST50GRID_20230518/ND28.asc
ncols 200
nrows 200
xllcorner 320000
yllcorner 980000
cellsize 50
[rows 0 to 37 of 200, columns 84 to 167 of 200]
-0.9 1.6 41.7 41.9 42.6 45.6 49.5 53.4 55.9 60 65.1 70.2 76.1 83 89.4 97.3 104.6 109.1 111.3 109.6 107 107.4 107.2 107.6 108 107.1 101 94 94.1 93.8 91.6 86.7 81.1 77.8 76.4 75.8 75.5 75.4 75.7 74.3 73.9 73.8 74.4 74.4 74.3 73.7 69.5 65 61.5 58.2 54.4 49.3 44.3 40.3 36.2 30.5 25.8 18.8 17.9 15.3 14.8 13.6 10.8 10.1 9.1 8 7.4 5.4 5.5 0.3 -0.7 -0.9 -0.9 -0.9 -0.9 -0.9 -0.9 -0.9 -0.9 -0.9 -0.9 -0.9 -0.9 -0.9
-0.9 -0.9 -0.9 1.9 44.4 46.5 49.2 50.6 53.2 56.7 60.4 65.7 69.9 72.5 76.8 80.4 82.8 86.2 89.1 91 92.4 93.7 95.1 95.8 95.7 92.1 90.1 89.7 90.8 87.3 82 77.1 77.1 76.9 76.4 76.1 76 76.3 76.7 77.4 77.1 76.4 76.7 77.7 78.6 79.2 78 75 70.6 66.3 62 57.4 52 47 41.8 35.4 29.2 24.1 20.9 17.1 15.1 13.4 10.5 8.6 7.3 6.6 6.6 5.5 5.2 3.3 1.3 -0.9 -0.9 -0.9 -0.9 -0.9 -0.9 -0.9 -0.9 -0.9 -0.9 -0.9 -0.9 -0.9
-0.9 -0.9 -0.9 -0.9 44.6 48.1 50.4 51.8 53.4 55.2 57.2 61.7 64.8 67.5 71.4 74.9 77.9 81.8 83.2 84.3 86 85.8 87.1 86.9 85.1 85.4 83.3 81 78.2 77.4 76.9 76.6 76.9 77.2 77.1 76.7 77 77.9 78.7 79.8 80.2 80 80.9 81.8 82.9 83.5 83.8 82.3 79.1 73.8 69.5 64.3 59.5 55.2 50.2 43.8 36.3 30.6 26.3 21.5 18.8 14 11.4 9.5 7.3 -0.9 -0.9 2 1.4 1.2 1.6 0.4 -0.9 -0.9 -0.9 -0.9 -0.9 -0.9 -0.9 -0.9 -0.9 -0.9 -0.9 -0.9
-0.9 -0.9 -0.9 -0.9 38 40.6 43.9 46.9 49.4 51.4 53.7 56.6 59.7 63 67 70.8 74.2 77.3 79 80.7 82.1 81.4 82.4 81.2 79.9 77.2 75.2 76.8 76.8 77 77.4 77.1 77.5 78.5 79.5 79.2 78.9 79.9 81.3 83.9 85.8 86.9 86.3 86.8 87.5 88 88.9 89.1 86.8 81.6 75.5 69.9 66.2 61.8 56.8 51 44.2 38.6 32.4 26.5 20.3 15 12.3 8.8 6.7 -0.9 -0.9 0.8 0.2 0 0.3 -0.9 -0.9 -0.9 -0.9 -0.9 -0.9 -0.9 -0.9 -0.9 -0.9 -0.9 -0.9 -0.9
-0.9 -0.9 -0.9 -0.9 -0.9 7.1 34.9 38.7 42.9 45.9 48.6 51.6 54.9 58.6 61.6 64.9 68.5 71.1 73.7 75.1 76.5 75.8 76.2 75.7 75.2 75.2 75.1 75.7 76.1 76.6 77 77.8 80 81.4 82.5 83.8 83.5 84.3 85.5 87.6 90.6 91.9 92.8 92.1 91.5 91.6 92.5 93.7 93.2 91.6 85.6 75.1 71 65.2 59.6 54.1 48.1 43 37.2 31.1 24 16.8 10.4 7.6 3.5 1.5 0.4 -1 -0.9 -0.9 -0.9 -0.9 -0.9 -0.9 -0.9 -0.9 -0.9 -0.9 -0.9 -0.9 -0.9 -0.9 -0.9 -0.9
-0.9 -0.9 -0.9 -0.9 -0.9 1.7 29.6 33.1 36.6 39.6 42.8 45.3 48.4 52.7 56 59.5 61.5 64.4 66.3 68.3 69.6 70.7 70.4 70.1 71.5 71.7 72.2 74.3 74.6 75.5 78 79.9 81 81.8 83.8 84.9 86.9 88.4 89.3 90.7 93.3 95.8 97.8 98.4 96.6 95.9 95.6 95.4 95.3 93.2 88.4 78.9 71.8 63.4 58.6 53.2 48.2 43.2 37.7 32.1 25.1 15.5 7.4 1.9 1.3 0.8 0.2 -0.9 -0.9 -0.9 -0.9 -0.9 -0.9 -0.9 -0.9 -0.9 -0.9 -0.9 -0.9 -0.9 -0.9 -0.9 -0.9 -0.9
-0.9 -0.9 -0.9 -0.9 -0.9 0.7 1.9 24.9 29.2 32.1 35.2 39.3 43.4 47.1 50.5 52.5 54.1 56.9 58.5 59.4 61 61.7 63 64.8 66.8 67.4 69.2 69.9 71.8 73.3 75.7 78.5 79.7 80.3 81.7 83.3 86.7 89.3 91.4 92.6 94.8 97.5 99.4 100.4 100.2 98 97.8 97.3 95.4 92.6 86.6 76.2 65.7 59.7 53.6 47.7 45 39.5 34.4 28.5 19.1 9.1 1.9 1.3 0.9 0.3 -0.3 -0.9 -0.9 -0.9 -0.9 -0.9 -0.9 -0.9 -0.9 -0.9 -0.9 -0.9 -0.9 -0.9 -0.9 -0.9 -0.9 -0.9
-0.9 -0.9 -0.9 -0.9 -0.9 -0.9 1.8 23.9 25.4 27.5 30.2 32.9 36.9 39.9 42.8 45 46.7 48.3 50.8 52.3 54.4 56.5 57.2 58.3 58.5 60.3 62.5 64.2 65.2 68.6 71.6 72.5 73 74.3 75.9 78.9 81.7 84.5 87.9 90.5 93.2 97.1 98.5 98 99.5 97.5 98.2 96.8 94.3 87.7 76.1 65.6 57.5 51.3 45.5 40.2 35.5 31.4 26.6 20.2 11.5 4.1 1.5 0.9 0.3 -0.1 -0.9 -0.9 -0.9 -0.9 -0.9 -0.9 -0.9 -0.9 -0.9 -0.9 -0.9 -0.9 -0.9 -0.9 -0.9 -0.9 -0.9 -0.9
-0.9 -0.9 -0.9 -0.9 -0.9 -0.9 0.7 19.8 21.7 23.3 26.2 27.6 29.5 31.4 34.7 37.4 40.4 42.3 44.1 46.5 49.3 50.8 52.2 52.8 53.6 52.1 53.4 55.1 57 57.1 59.8 61.3 64.1 67.7 71.3 74.5 76.6 78.8 80.4 84.3 87.9 89.3 91.1 92.3 92.3 93.2 93 90.6 85.5 74.4 63.8 56.2 50 43.1 36.7 32.1 29 24.5 19.2 13.3 7.9 1.9 1.4 0.7 0 -0.9 -0.9 -0.9 -0.9 -0.9 -0.9 -0.9 -0.9 -0.9 -0.9 -0.9 -0.9 -0.9 -0.9 -0.9 -0.9 -0.9 -0.9 -0.9
-0.9 -0.9 -0.9 -0.9 -0.9 -0.9 -0.9 15.6 15.7 20.5 23.2 22.9 23.8 25.5 28.4 30.9 33.8 36.7 40.1 43 44.1 44.8 46.4 48.1 48.2 46.3 44.4 46.1 46 44.5 45.7 46.1 49.5 52.3 56.8 62 66.3 69 71.2 72.8 76.6 78.8 80.4 82 83.2 83.9 82.5 79.2 72.4 62.1 55.4 49.1 44.6 38.1 32.7 28 24.4 19 14.9 11.3 7.4 4.4 1.5 0.8 0.1 -0.9 -0.9 -0.9 -0.9 -0.9 -0.9 -0.9 -0.9 -0.9 -0.9 -0.9 -0.9 -0.9 -0.9 -0.9 -0.9 -0.9 -0.9 -0.9
-0.9 -0.9 -0.9 -0.9 -0.9 -0.9 -0.9 -0.9 3.9 19.4 19.7 21.1 21.5 22.8 24.5 26.6 28.5 31.6 34.2 36.3 37.6 38.8 40.2 41.6 42.4 43.7 41.2 40.3 40.4 38.7 37.5 39 39.9 42.7 45.7 48.6 52.3 56.3 59.6 63 66.5 69.1 72.3 72.6 73.2 73.8 73.3 69.3 63.4 56.6 49.6 44 39.5 34 29.1 25 20.9 18 15 12.4 10.1 7 1.9 1.2 0.5 -0.2 -0.9 -0.9 -0.9 -0.9 -0.9 -0.9 -0.9 -0.9 -0.9 -0.9 -0.9 -0.9 -0.9 -0.9 -0.9 -0.9 -0.9 -0.9
-0.9 -0.9 -0.9 -0.9 -0.9 -0.9 -0.9 -0.9 0.7 17.7 18.8 19.8 20.8 21.3 22 22.3 24 25.6 27.6 29.7 32.1 34.4 36.3 37.8 39.1 39.3 38.5 38.4 37.8 36.8 35.2 36 36.9 38.3 39.2 41.6 46.6 50.3 53.1 56 59.5 63.3 64.9 66.6 68 67.7 67 64.2 59.6 54.5 48.6 43 37 32.6 28.4 25.3 22.5 19.4 16.4 14.5 12 9.6 6.4 1.7 1 0.5 0 -0.9 -0.9 -0.9 -0.9 -0.9 0.8 -0.9 -0.9 -0.9 -0.9 -0.9 -0.9 -0.9 -0.9 -0.9 -0.9 -0.9
-0.9 -0.9 -0.9 -0.9 -0.9 -0.9 -0.9 -0.9 -0.9 1.5 17.7 17.7 18.4 18.4 17.8 18.1 19.1 20.7 23.2 25.2 27.4 30.2 31.6 33.1 34 34.7 35.3 35.3 35 34.2 33.9 34.4 35.5 37.5 39.5 40.7 42.8 45.9 48.9 51.5 55 58.9 61.6 62.9 64.3 64.7 64.4 61.5 59 53.8 47.3 41 35.5 32.3 29.4 26.5 23.2 20.4 17.3 15.9 13.5 10.6 7.5 4 1.8 1.4 1.2 1 0.9 -0.9 -0.9 3.1 4.1 6.3 6.4 5.4 3.9 1.4 -0.9 -0.9 -0.9 -0.9 -0.9 -0.9
-0.9 -0.9 -0.9 -0.9 -0.9 -0.9 -0.9 -0.9 -0.9 -0.9 11.7 13.7 13.9 14.2 13.9 14.5 15.6 16.7 18.7 20.7 22.9 25 26.9 28.1 28.7 30.1 30.7 30.6 31.8 31.2 32 33.9 35.1 36 36.8 38.4 40.2 42.8 45.3 47.8 52 55.1 58.4 60.9 61.2 61.7 61.8 60.6 57.8 52 45.4 39 33.8 30.4 28.1 26 23.4 20.8 18 17.1 14.4 10.8 7.2 6.9 8.6 8.5 7.4 7.1 7.3 7.8 7.6 9.8 11.7 12.7 12.3 11.7 10.2 8.1 5.9 1.6 -0.9 -0.9 -0.9 -0.9
-0.9 -0.9 -0.9 -0.9 -0.9 -0.9 -0.9 -0.9 -0.9 -0.9 -0.9 -0.9 2.8 7.9 9.9 11 13.3 14.8 14.8 16.1 17.9 19.6 20.5 22.5 23.9 24.8 25.2 26.3 27.4 27.9 29.7 31.1 31.7 32.9 33 34.2 36.8 38 40.8 44.4 48.1 51 53.6 56.9 57.9 60.2 60.7 58.8 56.4 50.2 43.3 35.2 30.4 27 25.6 24.3 22.2 20.5 18.4 16.2 14.1 12.5 12.4 13 13.1 12.6 12.2 11.9 12.3 13.4 15.5 17.4 19.5 19.7 17.9 17.9 14.4 11.9 9.9 7.4 5.5 1.3 -0.9 -0.9
-0.9 -0.9 -0.9 -0.9 -0.9 -0.9 -0.9 -0.9 -0.9 -0.9 -0.9 -0.9 -0.9 1 1.6 7.8 10.6 11.6 12.1 13.8 14 15.3 16.2 18.1 19.2 20.7 21.1 21.3 22.7 23.2 25.2 26.5 27.3 28.1 28.4 30.1 31.7 33.8 37.4 40.1 43.4 46.3 49 52 54.9 57.2 57.6 57.8 52.9 46.3 35.1 27.5 24.7 22.8 22.8 21.9 20.9 19.1 16.9 15.8 15.8 15.3 15.5 15.7 16.3 16.8 16.3 17 17.7 18.3 19.8 23.5 25 28.4 24.9 14.3 14 15.6 13 10.4 8.8 7.9 9.3 -0.9
-0.9 -0.9 -0.9 -0.9 -0.9 -0.9 -0.9 -0.9 -0.9 -0.9 -0.9 -0.9 -0.9 -0.9 -0.9 0.9 1.9 8.7 12.5 13.1 13.2 14.1 15.2 15.3 17.1 17.1 18.3 18.8 19.4 20.2 20.6 22.5 22.9 23.2 24.1 25.2 26.6 28.1 31 33.4 36.1 37.9 42.1 46.3 49.5 50.4 49.8 47.9 45.2 37.4 25.7 25 22.3 21.3 20.2 19.7 19 18.1 16.4 16.1 16.2 16.2 16.6 16.5 17.1 18.1 18.9 19 21.6 22.6 24 28.3 31.7 31 22.8 15.2 20.6 25 19.4 16 13.4 12.2 10.5 6.2
-0.9 -0.9 -0.9 -0.9 -0.9 -0.9 -0.9 -0.9 -0.9 -0.9 -0.9 -0.9 -0.9 -0.9 -0.9 -0.9 0.7 1.8 10.8 12.2 12 12.5 13.3 12.7 14.5 15.5 17 18.2 18.3 19.9 19.8 19.4 20 20.3 20.5 21.3 22.4 23.3 25.2 26.3 28.2 29.6 30.6 33.1 35.6 39.7 40 33.7 32.9 24.2 21.4 19.9 19.3 19.4 19.1 19.1 18.4 17.6 16.6 16.4 16.5 16.6 17.8 17.7 18.1 19.4 19.9 20.6 22.3 23.9 28 36.6 41.5 41.8 40 40.9 39.2 33.6 28.3 23.6 19.7 18.1 15.6 10.2
-0.9 -0.9 -0.9 -0.9 -0.9 -0.9 -0.9 -0.9 -0.9 -0.9 -0.9 -0.9 -0.9 -0.9 -0.9 -0.9 0.4 1.4 4.9 8.9 11.1 12.9 14.3 14.9 15.3 16.5 17.1 17.7 18.5 19.5 18.9 18.4 17.8 18.3 18.1 18.4 18.7 19.7 20.7 21.4 21.8 22.3 22.4 22 22.1 22.1 21.5 20.4 19.3 18.6 17.9 18.9 19.1 19.2 18.6 18.1 18 16.7 16.1 15.5 15.5 15.8 16.1 16.6 17 18.3 19.2 21.2 23.7 26.2 31.3 40.6 45.7 48.1 50.4 49.9 46.3 42.2 38.8 32.9 27.6 23.5 20.8 16.9
-0.9 -0.9 -0.9 -0.9 -0.9 -0.9 -0.9 -0.9 -0.9 -0.9 -0.9 -0.9 -0.9 -0.9 -0.9 -0.9 0.2 1.1 3.3 10.7 14 14.4 15.5 15.7 16 17.2 17.2 17.8 18.4 18.6 18.1 17.3 16.4 16.5 15.7 15.2 16.1 16.7 16.8 16.8 16.9 16.5 16.2 16.6 17 16.4 14.9 14.8 15.9 16.6 17.7 18.6 18.9 18.7 18.1 17.8 17.3 15.9 14.8 14.6 14.1 13.9 14.1 15.2 16.1 16.6 18 19.5 22.7 26.1 30.5 37.1 43.5 48.7 52.6 54.6 53.4 50.8 47.2 42.8 36.9 31.2 25.6 20
-0.9 -0.9 -0.9 -0.9 -0.9 -0.9 -0.9 -0.9 -0.9 -0.9 -0.9 -0.9 -0.9 -0.9 -0.9 -0.2 0.5 1.3 2.8 10.4 14 14.8 16.1 16.3 17.1 18 17.2 17.8 18 16.7 16.3 15.3 14.5 14.4 13.9 13.3 13.6 13.7 13.7 12.8 12.3 12.2 13.2 13.6 14 13.8 13.4 13.5 14.5 15.9 17.5 18 18.7 18.8 19 17.8 17.2 16.1 14.8 14 13.1 12.9 12.1 12.7 13.8 15.1 16.7 18.1 20.5 23.3 28 34.1 41.6 46.6 49.7 51.8 52.4 51.9 49.8 46.2 41 35.8 30.7 24.3
-0.9 -0.9 -0.9 -0.9 -0.9 -0.9 -0.9 -0.9 -0.9 -0.9 -0.9 -0.9 -0.9 -0.9 -0.9 0.4 1.2 1.8 3.7 11.3 13.9 15.3 16.2 16.6 17 17.4 18 17.2 16.5 15.4 15 13.8 12.5 11.9 11.4 10.6 11.5 9.8 9.5 9.6 9.7 9.4 10.8 11.3 11.4 11.6 11.8 12.3 14 15 16 17.7 18.7 19.4 20 19.1 18.2 16.9 15.6 14.3 13 11.9 11.1 10.7 11.9 12.5 5.5 15.2 17.8 21.7 26.5 33.2 40 44 46.7 46.6 45.9 45.4 44.1 43.2 40.5 36.4 31.5 27.4
-0.9 -0.9 -0.9 -0.9 -0.9 -0.9 -0.9 -0.9 -0.9 -0.9 -0.9 -0.9 -0.9 -0.9 0.2 1.5 1.9 2.3 7.7 11.8 13.5 15 16.4 17.2 17.1 17.8 18.3 17.2 15.5 14.7 13.6 12 10.4 9.6 9.5 9.2 9.2 9.1 8 7.9 10.7 7.6 8.1 9 9 9.6 10.7 12 13.7 13.7 16 17.3 19.1 21.1 21.4 21.7 21.1 19.6 19 17.9 16.2 14.4 11.2 9.3 4.7 1.2 -0.9 -0.9 1.4 1.5 1.6 1.2 -0.9 -0.9 41.7 41.8 42.6 44.6 41.9 41.2 38.7 35.4 31.4 27.8
-0.9 -0.9 -0.9 -0.9 -0.9 -0.9 -0.9 -0.9 -0.9 -0.9 -0.9 -0.9 -0.9 -0.9 -0.9 1.4 1.9 3.6 14 15.6 16.5 17.2 18.1 18.8 19 18.7 18.1 16.7 15.3 14.4 13.7 13 12.1 9.9 8 7.1 7.6 8.9 6.9 6.5 7.4 7.2 7.1 7.4 7.8 8.7 10.8 13.1 12.7 11.4 15.9 18 20.2 22.6 24.3 25.6 24.8 26.3 25.9 24.5 21.7 18.6 13.4 -0.9 -0.9 -0.9 -0.9 -0.9 -0.9 -0.9 -0.9 -0.9 -0.9 -0.9 2.4 39.7 40.5 41.2 40.8 39.1 36.9 34.5 32.9 30.3
-0.9 -0.9 -0.9 -0.9 -0.9 -0.9 -0.9 -0.9 -0.9 -0.9 -0.9 -0.9 -0.9 -0.9 -0.9 0.5 1.9 12.4 16 17.6 18.4 18.8 19.5 19.7 19.3 18.4 17.4 16.5 15.8 14.8 13.6 12.9 11.7 10.2 8.8 7.6 6.7 5.3 5.6 9.4 3.5 3.6 6.6 8.2 8.7 9.1 10.5 11.7 2.4 1.6 18 20 21.9 23.1 26.7 29 30.2 31 30.6 29.6 14.3 21.1 -0.9 -0.9 -0.9 -0.9 -0.9 -0.9 -0.9 -0.9 -0.9 -0.9 -0.9 -0.9 -0.9 -0.9 38.5 38.3 38.6 37.4 35.5 34.8 34 32.5
-0.9 -0.9 -0.9 -0.9 -0.9 -0.9 -0.9 -0.9 -0.9 -0.9 -0.9 -0.9 -0.9 -0.9 -0.9 -0.9 1 5.9 18.3 18.7 19.1 19.5 19.1 19.3 18.5 17.2 17.4 17.1 16.3 15.5 14.2 13 12.2 10.7 9.2 8.3 7.6 5.7 4.3 4 1.3 1.9 3.1 7.6 8.6 10 9.7 10.6 -0.9 -0.9 1.1 17.2 22.4 23.1 27 22.3 -0.9 -0.9 -0.9 -0.9 -0.9 -0.9 -0.9 -0.9 -0.9 -0.9 -0.9 -0.9 -0.9 -0.9 -0.9 -0.9 -0.9 -0.9 -0.9 -0.9 10.4 39.7 41.9 41.3 38.4 36.7 35.1 34.1
-0.9 -0.9 -0.9 -0.9 -0.9 -0.9 -0.9 -0.9 -0.9 -0.9 -0.9 -0.9 -0.9 -0.9 -0.9 -0.9 -0.9 14.3 18.3 18.1 18.7 18.7 17.2 16.3 16.4 16.7 16.8 16.9 16.9 16.2 15 14.6 13.1 11.3 9.7 8.6 6.3 2.4 -0.9 -0.9 -0.9 0.2 1.3 1.9 14.3 13.9 3.6 1.9 -0.9 -0.9 -0.9 -0.3 0.1 -0.2 -1 -0.9 -0.9 -0.9 -0.9 -0.9 -0.9 -0.9 -0.9 -0.9 -0.9 -0.9 -0.9 -0.9 -0.9 -0.9 -0.9 -0.9 -0.9 -0.9 -0.9 -0.9 -0.9 39 40.6 42.4 41.4 39.7 37.9 34.9
-0.9 -0.9 -0.9 -0.9 -0.9 -0.9 -0.9 -0.9 -0.9 -0.9 -0.9 -0.9 -0.9 -0.9 -0.9 -0.9 -0.9 0.9 17.4 9.9 13.7 16.3 17.1 17.1 16.3 16.2 16.3 16.4 16.4 16.5 16.1 15.6 14 12.4 11.6 -0.9 -0.9 -0.9 -0.9 -0.9 -0.9 -0.9 0 1.2 3.4 8.9 3.3 -0.9 -0.9 -0.9 -0.9 -0.9 -0.9 -0.9 -0.9 -0.9 -0.9 -0.9 -0.9 -0.9 -0.9 -0.9 -0.9 -0.9 -0.9 -0.9 -0.9 -0.9 -0.9 -0.9 -0.9 -0.9 -0.9 -0.9 -0.9 -0.9 -0.9 -0.9 -0.9 12.3 40.9 40.9 39.9 38.2
-0.9 -0.9 -0.9 -0.9 -0.9 -0.9 -0.9 -0.9 -0.9 -0.9 -0.9 -0.9 -0.9 -0.9 -0.9 -0.9 -0.9 0.3 17.4 17.6 16.5 17.7 18.3 18.7 18.6 18.5 18.2 17.7 17.3 17.3 18 17.7 17.4 -0.9 -0.9 -0.9 -0.9 -0.9 -0.9 -0.9 -0.9 -0.9 -0.9 -0.9 2.5 -0.9 -0.9 -0.9 -0.9 -0.9 -0.9 -0.9 -0.9 -0.9 -0.9 -0.9 -0.9 -0.9 -0.9 -0.9 -0.9 -0.9 -0.9 -0.9 -0.9 -0.9 -0.9 -0.9 -0.9 -0.9 -0.9 -0.9 -0.9 -0.9 -0.9 -0.9 -0.9 -0.9 -0.9 14.9 41.5 42.2 41.7 42.6
-0.9 -0.9 -0.9 -0.9 -0.9 -0.9 -0.9 -0.9 -0.9 -0.9 -0.9 -0.9 -0.9 -0.9 -0.9 -0.9 -0.9 -0.9 0.8 1.7 5.2 13.6 15.6 17.8 18.5 18.3 18.1 17.7 17.6 17.7 16.7 17.5 -0.9 -0.9 -0.9 -0.9 -0.9 -0.9 -0.9 -0.9 -0.9 -0.9 -0.9 -0.9 -0.4 -0.9 -0.9 -0.9 -0.9 -0.9 -0.9 -0.9 -0.9 -0.9 -0.9 -0.9 -0.9 -0.9 -0.9 -0.9 -0.9 -0.9 -0.9 -0.9 -0.9 -0.9 -0.9 -0.9 -0.9 -0.9 -0.9 -0.9 -0.9 -0.9 -0.9 -0.9 -0.9 -0.9 -0.9 33.4 36 39.2 37.4 36.1
-0.9 -0.9 -0.9 -0.9 -0.9 -0.9 -0.9 -0.9 -0.9 -0.9 -0.9 -0.9 -0.9 -0.9 -0.9 -0.9 -0.9 -0.9 -0.9 -0.9 1.1 3.2 12.9 16.7 18.2 17.9 17.3 16.4 15.9 14.2 -0.9 -0.9 -0.9 -0.9 -0.9 -0.9 -0.9 -0.9 -0.9 -0.9 -0.9 -0.9 -0.9 -0.9 -0.9 -0.9 -0.9 -0.9 -0.9 -0.9 -0.9 -0.9 -0.9 -0.9 -0.9 -0.9 -0.9 -0.9 -0.9 -0.9 -0.9 -0.9 -0.9 -0.9 -0.9 -0.9 -0.9 -0.9 -0.9 -0.9 -0.9 -0.9 -0.9 -0.9 -0.9 -0.9 -0.9 -0.9 -0.9 20.2 29.7 31 29.8 29.5
-0.9 -0.9 -0.9 -0.9 -0.9 -0.9 -0.9 -0.9 -0.9 -0.9 -0.9 -0.9 -0.9 -0.9 -0.9 -0.9 -0.9 -0.9 -0.9 -0.9 0.2 1.8 6.5 15.3 17 17 16 14.4 14.1 -0.9 -0.9 -0.9 -0.9 -0.9 -0.9 -0.9 -0.9 -0.9 -0.9 -0.9 -0.9 -0.9 -0.9 -0.9 -0.9 -0.9 -0.9 -0.9 -0.9 -0.9 -0.9 -0.9 -0.9 -0.9 -0.9 -0.9 -0.9 -0.9 -0.9 -0.9 -0.9 -0.9 -0.9 -0.9 -0.9 -0.9 -0.9 -0.9 -0.9 -0.9 -0.9 -0.9 -0.9 -0.9 -0.9 -0.9 -0.9 -0.9 -0.9 -0.9 13.2 25.3 24.8 25.7
-0.9 -0.9 -0.9 -0.9 -0.9 -0.9 -0.9 -0.9 -0.9 -0.9 -0.9 -0.9 -0.9 -0.9 -0.9 -0.9 -0.9 -0.9 -0.9 -0.9 -0.9 0.8 1.5 3.8 10.1 13.2 15.4 14.7 2.7 -0.9 -0.9 -0.9 -0.9 -0.9 -0.9 -0.9 -0.9 -0.9 -0.9 -0.9 -0.9 -0.9 -0.9 -0.9 -0.9 -0.9 -0.9 -0.9 -0.9 -0.9 -0.9 -0.9 -0.9 -0.9 -0.9 -0.9 -0.9 -0.9 -0.9 -0.9 -0.9 -0.9 -0.9 -0.9 -0.9 -0.9 -0.9 -0.9 -0.9 -0.9 -0.9 -0.9 -0.9 -0.9 -0.9 -0.9 -0.9 -0.9 -0.9 -0.9 -0.9 -0.9 22 22.3
-0.9 -0.9 -0.9 -0.9 -0.9 -0.9 -0.9 -0.9 -0.9 -0.9 -0.9 -0.9 -0.9 -0.9 -0.9 -0.9 -0.9 -0.9 -0.9 -0.9 -0.9 -0.9 -0.9 -0.9 -0.9 1.3 1.3 -0.9 -0.9 -0.9 -0.9 -0.9 -0.9 -0.9 -0.9 -0.9 -0.9 -0.9 -0.9 -0.9 -0.9 -0.9 -0.9 -0.9 -0.9 -0.9 -0.9 -0.9 -0.9 -0.9 -0.9 -0.9 -0.9 -0.9 -0.9 -0.9 -0.9 -0.9 -0.9 -0.9 -0.9 -0.9 -0.9 -0.9 -0.9 -0.9 -0.9 -0.9 -0.9 -0.9 -0.9 -0.9 -0.9 -0.9 -0.9 -0.9 -0.9 -0.9 -0.9 -0.9 -0.9 -0.9 16.7 20.9
-0.9 -0.9 -0.9 -0.9 -0.9 -0.9 -0.9 -0.9 -0.9 -0.9 -0.9 -0.9 -0.9 -0.9 -0.9 -0.9 -0.9 -0.9 -0.9 -0.9 -0.9 -0.9 -0.9 -0.9 -0.9 -0.9 -0.9 -0.9 -0.9 -0.9 -0.9 -0.9 -0.9 -0.9 -0.9 -0.9 -0.9 -0.9 -0.9 -0.9 -0.9 -0.9 -0.9 -0.9 -0.9 -0.9 -0.9 -0.9 -0.9 -0.9 -0.9 -0.9 -0.9 -0.9 -0.9 -0.9 -0.9 -0.9 -0.9 -0.9 -0.9 -0.9 -0.9 -0.9 -0.9 -0.9 -0.9 -0.9 -0.9 -0.9 -0.9 -0.9 -0.9 -0.9 -0.9 -0.9 -0.9 -0.9 -0.9 -0.9 -0.9 -0.9 0.3 1.9
-0.9 -0.9 -0.9 -0.9 -0.9 -0.9 -0.9 -0.9 -0.9 -0.9 -0.9 -0.9 -0.9 -0.9 -0.9 -0.9 -0.9 -0.9 -0.9 -0.9 -0.9 -0.9 -0.9 -0.9 -0.9 -0.9 -0.9 -0.9 -0.9 -0.9 -0.9 -0.9 -0.9 -0.9 -0.9 -0.9 -0.9 -0.9 -0.9 -0.9 -0.9 -0.9 -0.9 -0.9 -0.9 -0.9 -0.9 -0.9 -0.9 -0.9 -0.9 -0.9 -0.9 -0.9 -0.9 -0.9 -0.9 -0.9 -0.9 -0.9 -0.9 -0.9 -0.9 -0.9 -0.9 -0.9 -0.9 -0.9 -0.9 -0.9 -0.9 -0.9 -0.9 -0.9 -0.9 -0.9 -0.9 -0.9 -0.9 -0.9 -0.9 -0.9 11.4 11.1
-0.9 -0.9 -0.9 -0.9 -0.9 -0.9 -0.9 -0.9 -0.9 -0.9 -0.9 -0.9 -0.9 -0.9 -0.9 -0.9 -0.9 -0.9 -0.9 -0.9 -0.9 -0.9 -0.9 -0.9 -0.9 -0.9 -0.9 -0.9 -0.9 -0.9 -0.9 -0.9 -0.9 -0.9 -0.9 -0.9 -0.9 -0.9 -0.9 -0.9 -0.9 -0.9 -0.9 -0.9 -0.9 -0.9 -0.9 -0.9 -0.9 -0.9 -0.9 -0.9 -0.9 -0.9 -0.9 -0.9 -0.9 -0.9 -0.9 -0.9 -0.9 -0.9 -0.9 -0.9 -0.9 -0.9 -0.9 -0.9 -0.9 -0.9 -0.9 -0.9 -0.9 -0.9 -0.9 -0.9 -0.9 -0.9 -0.9 -0.9 -0.9 -0.9 7.5 10.5
-0.9 -0.9 -0.9 -0.9 -0.9 -0.9 -0.9 -0.9 -0.9 -0.9 -0.9 -0.9 -0.9 -0.9 -0.9 -0.9 -0.9 -0.9 -0.9 -0.9 -0.9 -0.9 -0.9 -0.9 -0.9 -0.9 -0.9 -0.9 -0.9 -0.9 -0.9 -0.9 -0.9 -0.9 -0.9 -0.9 -0.9 -0.9 -0.9 -0.9 -0.9 -0.9 -0.9 -0.9 -0.9 -0.9 -0.9 -0.9 -0.9 -0.9 -0.9 -0.9 -0.9 -0.9 -0.9 -0.9 -0.9 -0.9 -0.9 -0.9 -0.9 -0.9 -0.9 -0.9 -0.9 -0.9 -0.9 -0.9 -0.9 -0.9 -0.9 -0.9 -0.9 -0.9 -0.9 -0.9 -0.9 -0.9 -0.9 -0.9 -0.9 -0.9 -0.9 -0.9
