UK/data/nt/nt32_OST50GRID_20230518/NT32.asc
ncols 200
nrows 200
xllcorner 330000
yllcorner 620000
cellsize 50
[rows 70 to 104 of 200, columns 0 to 77 of 200]
406.3 398.3 396 391 382 371.1 359.5 346.3 331 323.6 321.2 316.4 312.2 309.3 304 299.4 290.6 285.3 306.5 333.5 359.5 383.6 407.5 422.4 432.8 435.4 433.3 431.5 431 429.9 423.9 419.4 416.4 413.7 408.3 414.2 420.8 421.2 414.2 403 394.8 385.9 375.1 363.6 351.8 338.2 329.1 320.9 313.9 307.1 299.5 290.9 287.7 284.3 282.2 279.7 277.1 282 283.3 281.9 291.6 308.7 319.6 323.9 325.9 327.2 326.8 327.1 325.6 323.2 315.7 309.7 304.3 304.4 306.6 305.8 300.1 292.6
394.9 391.7 388.8 383.6 376.6 368.4 358.2 346 333 320.8 317.8 313.5 307.3 305 301.3 294.9 286.2 285.4 306.2 330 355.7 377.5 396.3 409.7 417.9 418.9 420.2 417.4 418.6 414.3 406 395.7 394.1 395 388.9 394.6 402.7 405.3 399.1 392.7 389.7 381 370.2 358.1 345 336.8 329.9 324 319.7 315.4 309.7 303.1 295.6 288.5 285.1 281.1 276.6 271.5 272.5 276.7 286.3 303.4 315.7 318.7 319.4 318.9 316.5 317.3 317.2 311.6 305.3 299.7 296.6 294.9 297.5 294.9 287.9 281.1
381.7 380 376.7 372.8 368.4 362.1 354 344.3 334.2 322.2 315.2 312.7 306.4 297.4 297.8 292 279.7 285.4 305.5 326.1 348.8 367.3 382.9 394.6 400.6 405.2 407.9 410.8 409.3 400.2 390.9 381.3 377.9 375.7 370 376.1 382.2 385 381.4 378.7 372 363.8 354.1 344.5 338.2 333.6 329.1 326 323.1 319.8 316.2 310.9 305 298.4 292.5 287.6 279.8 273.6 267.8 270.1 278.1 294.3 301.6 309.1 314.1 312.6 308 308.3 306.5 299.6 294.2 288.3 285 281.5 282 283.9 277.2 268.3
368.8 363.6 362.1 359.8 356.7 351.8 345.7 339.1 331.2 320.7 311.6 309.5 304.5 300.3 290.7 286.5 278.9 284.5 302.5 322 343.4 358.9 371.8 377.3 383.2 390.3 388.5 390.6 388.2 383.9 378.8 371 364.2 358.6 351.6 353.3 358.9 364 362.5 358.6 351.7 345 340 336.1 335.2 331.4 329.5 329.1 328.7 326.8 322.7 316.3 309.5 305.1 299.1 294.2 287.1 278.3 271.4 265.8 269.7 280.5 288 295.8 300.2 300.1 299 299.2 294.3 288.8 283.3 278.7 273.7 270.5 268.8 268.8 263.6 259.7
364.4 357.4 350.3 344.5 340.8 337.1 333.5 328.4 321 313.1 308.4 305.6 301.6 297.6 292.7 283.3 277.1 282.2 296.4 315.8 333.2 341.4 353.7 364.2 370.6 371.6 369.3 369.8 369.2 366.2 361.3 355.8 348.5 341.9 336.9 336.4 336.5 340.7 341.8 339.4 337.8 337.2 336.6 335.9 336 335.2 334.2 333.1 331.6 328.9 324 315.6 307.9 303 297 291.5 285.6 278.5 270 260.9 261.1 264.8 272.5 279.7 285.3 286.8 286.6 284.7 280.5 276.4 272.7 268.4 263 259.7 257.8 256.3 254.8 252.3
361.2 354.7 348.2 342 335.2 329 324.4 320.3 314.5 309.4 304.8 303.2 298.9 293.7 286.6 279.6 275.9 278.2 286.4 298.6 310.7 319.3 335.9 344.8 351.5 351.6 352.3 354.5 353.3 350.4 346.7 341 334.9 328.7 323.8 322.3 323.4 326.9 327.5 328.5 331.3 333.7 336.4 339.5 339.9 338.8 333.9 330.5 328.5 322.9 313.1 306.2 304 299.7 295.4 290.4 285.3 278.5 269.9 263.3 257.2 257.2 258.9 263.3 267.6 270.6 271.4 269.6 266.1 262.2 258.2 255 250.8 249.4 247.8 246.7 245.9 243.2
366.9 354.7 346 339.8 336 330.2 325.6 321.3 314.4 308.6 302.7 296 288.8 288.5 288.1 283 276.4 274.1 274.4 281.6 287.6 299.4 315.3 327.8 332.7 337.4 337.4 340.7 341.8 340.5 336.4 330.3 323.3 316.7 313.1 311.7 312.9 316.2 319.3 322.7 327.4 333.2 338.8 341.3 341.6 336.5 329.2 323.8 317.8 312.3 308.3 308.6 308.3 304.8 299.6 293.9 287.9 280.8 271.5 263.1 257.1 255.5 254.3 255.5 259.1 262.5 265.3 264.4 261 256.3 249.5 242.9 241.1 240.4 239.7 239.1 239.2 238.3
377.3 363 351.3 341.4 334.3 330.4 326.9 321.6 313.3 308.9 309.4 308.8 305.9 300.5 292.3 286 282 277.2 272.8 271.5 272.1 281.4 291.8 304.2 313.4 320.2 330.1 334.9 332.5 329.1 324.4 318.8 311.4 305.9 305 306 307.7 310.8 314.1 319.4 326.8 333.8 339.6 341.2 335.7 328.7 322.5 318.8 314 311.5 313.8 316.9 318.5 314.3 306.1 298.2 290.9 283 275.1 266.4 258.2 254 253.1 252 255.1 258.6 261.5 261.6 259.7 256.2 251.5 245.2 240.1 235.2 233.2 230.2 233.4 234.2
386.1 374.6 362.7 350.1 338.3 332.4 326.9 322.5 322.1 326 326.1 326 323.6 316.5 305.6 293 287.3 283.7 278.2 272.9 267.5 272.6 282 286.7 293.8 306 318.1 319.4 317.8 318.9 312.9 305.9 299.2 297.5 299.4 301.9 303.8 307.4 312.6 320 328.1 334.2 336.4 332.2 326.1 320.6 318.4 314.8 313.5 316.7 321.8 327.4 327 321.1 311.6 302.1 292.7 283.2 276 270.4 264.2 257.3 251.3 250.6 250.8 254.3 257.3 258.2 257.4 256.1 252.9 248.5 243.6 236.4 232.8 231.5 230.5 229.6
390.6 380.5 369.4 357.2 344 337 329 331.5 337.9 343 343.3 343.9 340.7 331.2 319.2 304.7 293.2 287.8 283 276.1 268.8 265.3 277.1 279.3 281.4 290.7 300.6 303.6 305.6 303.5 297.2 291 288.8 290.8 294.6 296.9 300.6 306.7 313.8 322 329.6 331.1 328.2 324.1 318.4 314.1 311.9 310.9 312.6 319.3 328.7 332.3 330.7 325.8 317 307.1 295.3 285.8 278.1 272.4 266.6 260.5 255 250.7 249.6 248.1 251.4 253 253 252 250.3 247.8 243.3 233 239.7 237.4 236 237.2
390.6 381.6 371.6 359.1 349.1 342.7 335.5 341.7 352.1 359.5 362.6 362.3 354.1 342.8 331.8 319.2 304.6 292.6 286.5 280.9 273.6 264.8 264.1 269.9 273.9 276.2 282.6 285.9 291.2 288.8 283.7 280.8 281.2 285.5 291 294.1 300.1 307.3 315.2 321.7 323.2 321.7 318.9 315 310.1 306.4 303.8 304.5 308.4 316.9 326.9 335.6 335.6 331.2 323 312.5 300.5 291 282 275 269.3 263.9 256.6 250.6 249.4 248.1 247 246.8 246.6 246.7 245.3 242.6 237.7 242 244.3 244.5 244.5 244.2
384.7 378 368.8 356.8 348.2 343.2 345.5 353.9 367 375.8 378.9 373.6 364.6 352.5 344.6 336.6 321.9 305.8 293.7 287.3 281.5 277.6 274.3 263.2 257.2 264.9 271.6 271.9 275.3 275 273.9 275.3 276.1 282.7 286.7 292.2 300.1 308.5 313.7 315 314.5 313.5 310.1 306.1 301.6 298.3 296.6 297.9 302.9 311.3 321.8 333 336.8 332.5 326.8 318.1 309.2 300.6 291.7 281.8 273.5 268.3 261.2 258 256.2 254.3 249.7 247.2 245.1 242.5 239.6 241.1 243.8 246.1 247.7 248.3 248.2 247.6
375.7 370.8 364.2 361.6 357.9 354.1 356.8 368.2 382.2 391.8 390.8 385 376.3 363.8 352.5 341.9 329.2 316.8 304.6 294.7 287.8 283.6 279.7 278.2 269.1 255.2 255.4 249.6 259.9 261.7 266.6 269.1 273.1 278.2 281.7 287.9 297.3 304.9 307.3 307.8 306.2 304 300.7 297.4 293.4 291.1 289.9 290.4 296.7 305 316.5 328 335.3 336 335.3 330.7 324.4 319.6 312 301.7 289.7 281.3 276.3 271.4 267.2 263.4 259 255.5 253.7 252.9 250.7 251.3 252.3 251.5 252 251.5 251.1 249
376 372.1 368.9 366.4 363.9 364.6 372.7 384 396.2 403.4 400.1 392.7 382.5 371 358.3 345.6 332.9 320.1 309.6 300 292.2 286.4 282.5 279.7 277.2 274.9 272.2 268.8 258.5 244.8 254.5 259.5 269.1 272.9 276.4 281.7 291.1 296.1 297.3 297.8 296.5 293.9 290.9 288.3 285.7 285.5 284.9 284.8 289 296.8 309 323.1 331.1 334.2 334.9 335.7 338.8 337.5 331 322.2 311.2 299.9 290.6 282 275.1 271.2 266.1 262.6 260.9 262.2 264.5 263.8 260.3 255.6 252.8 250.8 247.8 243.3
379.9 376.8 375.5 375.7 378.2 383.4 389.7 399.1 407.2 408.7 401.3 390.6 380.4 368.4 356.7 344.6 333.3 323.2 314.1 303.8 296 289.3 284 280.2 276.9 274.3 271.5 269.2 265.2 251 243.3 255.1 264.1 266.4 271 276 280.4 283 287.6 287.5 283.2 281.3 280.3 278.9 279 280.1 278.9 278.4 282.9 289.6 302.8 315.9 328.1 340.2 348.6 352.6 348.7 343.5 339.2 334.8 328.7 319.4 308.8 299 289.4 281.5 273.6 269.6 275 278.1 274.5 267.6 259.5 254 249.1 241.9 235.8 231.6
393.3 395.1 393.3 392.5 394.8 398.4 402.6 410.1 413.4 408.1 397.7 386.6 375.4 363.9 352.7 342.3 332.4 324.3 315.1 305.2 297.5 290.4 284.5 279.7 276.2 272.2 268.6 264.5 261.6 254.8 242.6 251.8 257 260 262.9 266.1 267.8 267.9 270.7 270 268 267.6 269 270.4 271.4 271.6 271.1 272.8 277.6 283.9 293.4 306.4 322.1 339.2 348.9 352.8 350.2 355.1 353.6 348.2 340.2 331.1 321.4 311.7 302.5 287.3 278.3 277.1 280.2 277.1 270.5 263.7 257 249.8 242.7 233.6 227.8 221.6
402.1 403.3 403.4 404.1 405.3 406.9 410.8 416 412.9 404.3 393.4 381.9 370.6 359.5 349.3 339.5 330.6 321.3 312.6 305.2 294.7 285.6 279.8 276.1 270.9 265.8 261.6 257.5 255 251 242.4 244.4 249.3 251.7 254 254.1 255.4 255.4 256.3 256.6 256 257.2 259.8 261.1 262.7 262.8 263.8 266.2 271.6 276.3 283.7 296.5 314.3 326.4 334.2 342 350 354.3 349 342 335.9 329.5 322.5 313.5 295.9 290 286.1 281.3 276.6 271.2 264.4 258 250.4 242.1 235.2 228.3 223.2 215
401.1 402.7 405.8 406.4 408.2 409.5 410.6 409.7 403.5 394.7 385 373.8 363.8 354.3 344.7 336.1 327.5 316.4 307.1 298.4 288 280.3 274.2 266.6 258.9 254.6 250.9 249.6 247.9 244.7 240.9 234.7 240.9 243.3 245.4 245.5 246 246.2 247 248 248.1 249.2 251.9 253.8 254.9 255.9 253.4 257.6 262.8 267.6 272.2 284.6 298.6 306.9 318.2 331.1 339.5 339.7 332.4 331.4 325.9 318.6 311.1 304.2 295.6 286.3 278.2 274.5 270.3 264 257.8 249.3 238.8 231 223.1 219.3 215.2 211.8
395 396.2 397.7 398.6 401 404.1 404.7 399 392.9 385.6 376 367.3 358.6 349.2 340 329.7 319.5 306.6 296.5 288.4 280.5 274 264.4 257.9 251.9 246.9 245.4 245.1 243.7 239.3 237.1 235.3 233.2 235.4 237.8 238.8 238.7 238.6 238.3 240.8 241.8 242.8 244.6 246.3 246 245.8 240.5 241.3 248.8 254.5 258.4 266.7 277 287.9 301.9 311.9 317.6 318.6 316.3 314.7 311 305.6 300.2 294.4 283.2 273.5 264.3 261.8 259.1 252.5 245 235.9 221.5 213.4 209.3 211.3 210.8 211.8
383.1 384.4 386.3 387.5 388.2 389.3 387.8 387.2 383.2 376.8 366.9 358.4 349.5 339.4 330 318.3 306.5 295.5 286.8 279.8 272.6 264.2 255.3 249.6 246.8 244.2 244.4 245 243.3 237.5 234.5 233.2 231.1 231.5 231.8 233.3 235.3 235.2 235.9 235.7 236.9 238.3 238.3 239.4 240.5 236.3 232 226.8 229.3 235.7 241.7 248.2 256.4 268.9 282.4 291.7 297.8 297.7 296.3 295.7 294.1 290.3 285.6 275.5 261.8 255.6 252.1 249.8 244.8 240.7 233.9 218.8 209.3 212 212 212.4 212.7 212.5
370.5 370 371.2 373.1 373.7 372.8 371.8 372.2 367.4 360.2 351.7 342.7 334.4 324.4 314.5 303.5 292.1 284.3 278.8 272 263.8 254.6 246.9 243.1 243.9 246.9 248.5 249 245.3 236.5 232.3 231.5 230.6 228.4 228.6 229.4 232.7 231.2 229.4 227.5 227.1 232.9 235.4 235.9 233.7 227.6 222.8 220.5 219.7 219.6 221.3 229.7 236.1 246.6 260 270 274 276 274.4 274.8 273.5 269.1 259.4 250.5 247.1 247.3 244.7 239.6 235.3 231.3 220.2 212.5 212.4 212.4 212.6 212.9 213.1 213.2
357 354.7 354.7 354.8 356.7 357.1 356.3 355.9 349.7 342.5 333.6 325.4 316.9 307.4 298.4 289.5 279.6 274.2 269.6 262.5 255 248.1 243.1 244.6 248.1 250.4 250.6 250.7 246.2 235.9 230 229.8 229 227.9 226.6 227.1 226.4 223.7 222.1 221.8 221.1 220.9 224.1 227.9 223.4 220.8 220.1 219.9 219.7 219.5 219.1 218.9 220.4 225 234.4 244.3 248.3 250.9 252.9 253.5 251.5 249.7 243 240.9 242 238.9 236.1 229.2 223.4 212.5 213 213.1 213 213.1 213.3 213.6 214.1 214.4
342.1 338 336.5 337.3 339.4 341 339.5 335.3 329.1 322.7 316 309.7 301.8 293.6 287 279.8 271.1 266.8 261.2 252.9 247 243.8 242.8 246.3 248.4 250.1 249.5 248.9 245.5 235.3 227.9 227.4 227.8 227.6 227.1 225.3 224.3 222.8 221.7 221.4 221.1 220.9 220.6 220.4 220.5 220.9 220.3 220.1 220 219.7 219.9 219.5 218.7 219.5 221.1 224 228.4 232 234.4 235.7 236.8 236.8 235.3 234.6 233.2 231.2 224 219.6 214.1 213.2 213.7 213.7 213.7 213.9 214.4 216 217.7 219.5
328.4 326.1 324.1 324.1 325.1 326.4 325.2 320.7 314.9 308.4 302 295.3 287 282.2 276.3 269.2 262.9 258.1 252.4 244.8 241 241.1 241.3 242.4 245.1 245.9 244.3 241.5 233.9 225.1 223.7 225.4 226.3 226.2 225.4 223.2 223.6 222.3 221.7 221.4 221.2 221 220.8 220.7 220.4 218.6 218.6 220.1 219.9 220.1 219.8 219.3 219.5 218.5 219 218.5 217.6 217.5 217 216.4 225.4 231 229.7 226.7 224.9 221.5 215.4 214.6 214.7 213.5 214.4 214.7 214.9 214.9 215.5 218.3 221.5 224.7
317.5 314.7 312.2 311.7 311.2 310.7 310.7 306.6 300.5 293.2 287.5 282.3 276.5 270.8 264.7 259.3 251.8 248.1 244 238.5 236.8 236.8 232.7 229.8 230.2 232.6 232.7 229.4 224.3 224.3 224 223.9 224.7 224.7 224.1 223.2 223.2 222.3 221.8 221.7 221.4 220.9 218.7 220.6 220.7 220.6 220.3 220.3 220.2 219.8 219.5 219 218.3 218.1 218 217.7 217.3 217.4 217.1 215.9 214.6 218.1 219.1 218 216.8 215.2 214.8 214.9 213.6 216 216.8 218 219.3 219.3 219.3 222.8 227.2 229.2
306.5 304.1 301.5 300.2 298.5 296.7 294.4 291.1 285.8 280.5 276.1 271.5 265.8 260.1 252.3 245.9 241.8 239.2 235.7 232.5 229.6 232 226.5 225.6 225.3 225.2 224.8 224.6 224.5 224 223.5 223.4 223.2 223.1 222.9 222.2 222.1 221.6 221.5 218.9 225.3 226.2 228.1 226.7 226.4 222.9 220.7 220.5 221.7 220.4 221.6 222.4 220.1 218.1 217.7 217.3 217.1 216.9 216.7 216.4 216.2 216 215.6 215.5 215.2 215.1 214.8 214.5 213.6 216.8 218.6 222.1 224.8 226.2 226.9 229.2 232.4 233.4
296.4 294 292.7 289.7 287.6 285.2 282 278.5 275.1 271.5 265.2 260.3 254.5 247.6 239.8 237.3 236 233.1 230.1 226.9 226.5 226.5 225.9 225.7 225.5 225.3 224.9 224.7 224.7 223.9 223.7 223.4 222.8 222.8 222.7 220.5 222.1 224.9 231.7 235.9 237.4 237.4 235.9 234.2 231.4 227.5 222.7 220.4 221.2 225 226 227.6 226.9 226.3 225.3 223.6 221 217.2 216.7 216.3 216.3 216.1 214.3 215.1 214.9 215.1 215 214 217.2 216.9 219.8 223.8 229.1 233 233.4 232.8 234.7 236.8
287.3 285.7 284 280.7 277.4 274.9 272.9 271 268.7 264 256 247.7 241 237.3 235.8 234.9 231.1 228.5 226.7 226.7 226.4 226.3 226.1 225.7 225.5 225.1 225.1 224.8 224.5 224.1 223.7 223.4 222.7 220.4 231.3 238.6 241.4 244 246.1 248.6 247.6 247.4 245.7 241.1 236.7 233.6 228.9 223.5 222.9 225.2 228.1 229 228.9 227.4 226.8 227 226.7 226.4 223.3 222.4 222.3 221.6 223.2 222.1 223.4 220.5 223.8 223.3 221.3 217.3 219.7 223.1 228 233.5 234.7 234.6 236.6 239
277.3 275.2 271.1 267.8 267.6 266.9 265.6 263.8 258.2 251.6 241.7 236.9 233.2 234.3 234.7 229.3 227.8 227.6 227.6 227.2 226.8 226.7 226.4 226 225.6 225.6 224.6 223.8 222.4 221.8 220.7 220.7 230 240.4 247.3 252.5 255.5 258.4 260.6 261 257.7 256 254.1 248.9 244.5 241.3 236.4 229.7 224.7 227.1 231 232.4 233.1 232.9 231.1 230 230.5 231.5 232.8 232.9 232.3 232.4 233.5 234.6 235.7 236.5 235.7 233.3 231.3 224.8 219.8 222.5 226.3 233.5 235 237.3 240 242.5
270 266.2 262.2 260.5 259.7 259 257.5 254.8 249.4 242.7 235.2 231.7 232.5 230.3 228 227.9 227.9 227.7 227.7 227.5 227.2 227 226.8 226.2 225.4 224.2 224.7 226.3 227.5 230.3 232.7 235.8 246.1 256.5 262.7 265.3 268.6 273.1 275.3 274.4 270.4 265.9 263.5 258.5 254.4 249.9 244.3 236.6 229.9 230.5 234 236.2 237.5 238.9 239.7 239.5 238.8 238.6 238.3 238.7 238.6 240.2 241.1 241.6 242.9 243.4 242.5 241.6 238.7 233 223.1 222.8 226 232.6 236.8 241.3 246.4 249.6
265.4 262 255.4 250.8 251.4 250.6 249.3 245.4 239.9 234.1 231 231.9 228.5 228.6 228.2 228.3 228.1 227.8 227.7 227.5 227.3 226.9 226.1 225.2 224.4 227.1 231.2 233 234.7 237.5 241.1 249.5 262 270 272.6 275.8 281.9 288.7 290.3 288.6 283.8 280.5 276.5 271.8 266.8 260.6 254.1 247 242.5 238.5 239 240.3 241.4 243.1 244.5 243.8 243.1 243.2 243.9 244.7 246.7 246.3 247.4 248.2 248.3 248.6 247.5 246.4 244.9 239.4 229.4 223.1 227.9 235.7 240.4 244.6 249.2 253.5
264 260.5 254.6 246.6 243.7 242.2 239.8 235.1 230.6 229.4 229.1 229 229 228.9 228.5 228.2 228.2 227.9 227.3 227 226.7 226.2 225.4 225.5 229.3 229.5 235.8 240.4 242.7 243.9 250.5 263.3 274.3 279.8 282 287.3 298.6 308.2 310.9 307.2 300.6 297.5 291.6 285.4 279.6 272.2 264.7 258.3 252.6 248.9 246.6 244.9 244.9 245.9 246.4 247 247.6 248 248.9 249.8 251 250.8 251.3 252.2 251.7 252.2 251.7 250.4 248.8 244 234.1 224.5 231.5 240.2 244 248.5 253.4 257.1
263.2 261.1 257.1 249.4 240.9 237.2 234.4 231.5 229.8 229.4 229.5 229.5 229.4 229.2 228.8 228.3 227.8 227.5 227.2 226.9 226.3 225.4 227.2 233.7 238.7 235.5 239.8 245.8 249.6 252.4 262.4 276 284.6 288.1 291.8 301.5 318.9 327.4 327.2 320.6 316.6 310.2 303.6 295.9 289.9 282.5 276 269.3 263.2 259 253.3 250.6 247.2 246 247.5 247.3 249 251 252 252.4 252.8 253.9 253.8 254.5 255.1 255.6 255.8 255.1 252.9 248 230.7 224.5 237.2 243.9 247.5 251.3 255.5 259.2
262.4 260.5 258.2 254.7 249.7 245.5 241.5 238.9 235.8 230.4 230.1 229.9 229.5 229.3 229.1 228.7 228.1 227.7 227.4 226.8 225.5 237.5 241.3 244 241 241.4 238.9 249.4 254.1 260.5 271.6 284.9 293.2 298.5 305.3 323.1 339.7 343.3 341.2 335.7 332.6 326.1 318.2 311.2 304 296.5 289.4 281.4 274.9 269.2 263.8 259.3 254.4 250.5 248.6 249.4 250.7 252.9 255.1 255.8 256.6 257.2 257.2 257.3 258.3 257.2 257.4 252.7 249.2 232.6 229.4 228.2 244.5 248.4 250.8 254.3 257.7 261
257.2 256.4 255 253.4 250.3 248.7 246.6 243.9 242 230.5 229.6 229.5 229.2 229.2 228.6 229.2 228.6 227.6 227.1 234.9 242.1 249.8 249.9 245.7 243.3 246.6 247.7 251 260.6 267.2 278.2 290.7 301.5 313 323.2 338.7 354.8 355 351.9 350.4 346.8 340.3 331.8 324 316.3 308.6 301.3 293.6 287.4 281.1 274.3 268.7 263.6 259.3 255.5 254.6 255.6 256.9 255 254.7 255.2 254.5 254.3 251.2 247.1 237.7 240.1 237.2 232.8 231.6 247.4 245.2 240.2 248 252.2 256.7 260.8 264.4
