UK/data/nh/nh62_OST50GRID_20230518/NH62.asc
ncols 200
nrows 200
xllcorner 260000
yllcorner 820000
cellsize 50
[rows 0 to 34 of 200, columns 78 to 155 of 200]
439.1 435.4 421.4 414.3 412.1 408 400.8 393.5 405.7 417 406.9 381.5 353.6 341.4 335.2 330.8 330.8 334.8 339 342.9 345.5 348.3 354 369 386.4 399.1 406.1 417.2 428 423.4 418.2 413.6 416.3 417.2 424.2 430.3 434.3 437.6 437.4 413.8 394.2 389.1 389.7 387.8 377.7 365.7 324.2 312.9 296.6 274.5 263 253.8 241.2 230 222.8 217.8 215.2 213.8 214 212.9 212.1 211.5 211.3 211.5 211.3 211.3 211.3 212 213.6 215.1 217.5 219.9 223.3 228.3 229.3 229.5 229.4 229.6
425.8 421.7 414.2 415.2 416.5 415.3 413.9 402.2 414.8 416.8 409.8 383.2 360 350.5 344.7 337.9 337.5 341.4 346.5 349.3 349.1 352.5 359.2 377.9 393.2 405.2 410.2 426.2 427.1 420.6 416.5 414.1 415.4 423.6 428.5 432.3 433.9 435.5 424.7 398.5 400.2 401.8 395.6 376.9 365.9 339.5 329 326.4 294.9 281.4 271.3 258.2 246.5 232.1 223 217.5 215.1 213.6 213.2 213 212.9 211.8 211.2 211.8 211.6 211.5 211.4 213 214.5 216.1 218.5 220.9 224.9 228 228.9 229.6 229.6 229.8
414.2 408.7 409.1 411.2 418.5 422.8 416.7 409.2 411.8 419.4 413.7 387.2 368.1 363.8 354.7 345.8 344.8 349.2 351.8 351.3 352.4 357.7 367.5 392.3 404.3 410.4 412.1 423 422.4 415.1 411.4 412.8 415.8 420.4 425 426.6 427 413.2 399.9 403.1 408.1 401.7 386.6 357.2 344.7 331 325.5 314.4 302.3 293.5 273.8 258.1 244.2 231.4 223.1 217.5 215.4 214.2 213.4 213.5 213.4 211.5 211.8 211.7 211.6 211.5 212.1 213.9 215.6 217.2 219.2 222.3 225.1 227.4 228.9 229.6 229.5 229.7
405.2 404.9 407.6 410.8 414.2 416.3 412.5 411 411.4 421 409.5 388.3 378.6 379.1 358.1 351.9 351.7 354.8 353.9 353.7 356.9 365.5 382.2 399.2 412.3 411.4 415.8 423.8 417.4 408.1 409.4 414.3 420.8 419.7 414.5 412.9 400.9 398.8 396.8 401.7 398.9 387.6 365.8 350 336.6 331.1 331.8 327.2 319.2 311.7 298.4 262 244.8 230.5 222.8 218.4 216.1 214.5 214.1 217.1 213.1 211.5 211.2 211.8 211.6 211.5 213 214.7 216.4 218 220 222.2 224.5 226.7 228.1 229.2 229.2 228.9
397.2 400.7 404.3 408.9 416.2 419.2 417.9 412.4 410.8 410.1 403.2 396 392.7 383.2 364.7 361.2 362.7 355.9 355.2 358.5 364.3 379.8 397.5 405.9 411 411.1 418.9 416.5 409.9 403.3 410.9 421.8 415.4 416.1 402.9 395.4 391.4 389.9 388.4 388 379.5 368.1 357.3 345.5 347.4 345 340.2 337.9 337.5 328.7 313.3 268.1 247.1 230.7 223.4 219.2 216.8 215 214.9 218.7 212.2 211.8 211.4 211.4 211.6 211.9 213.4 214.8 216.3 218.1 221.2 223.1 225.3 226 226.8 228.1 229 228.7
392.8 396.1 402.1 409.2 415.1 417.4 416.4 409.2 406.8 402.6 403.2 411.2 402.9 386.1 368.2 367.4 359.4 358.5 361.5 367.3 371.5 388.4 394.5 402.1 409.1 408.1 411.3 407.4 399.7 401 415.5 417.4 408.8 399.2 390.3 384.3 382.1 384.9 385 376.7 368.6 360.3 360.2 359 356.2 352.7 350.8 353.6 353.2 344.6 329.1 284.2 253.9 233.4 224.5 219.5 216.3 214.7 213.4 212.5 212.2 211.9 211.8 211.8 211.7 211.9 213.1 214.6 216 219.2 222.4 224.1 225.8 225.9 226.1 226.8 227.9 228.5
388.1 391.3 396.7 402.8 406.7 409.5 403 399.4 398 398.8 406.6 414.8 404.4 391.8 373.8 368 363.8 365.1 371.6 372.7 377.1 388.9 390.1 395.1 399.2 400.6 401.7 396.3 392.7 397.9 405.1 400.6 390.5 385.7 380.5 375.3 374.4 375.6 373 368.8 367.1 367.5 372.6 374.8 374.6 364.6 364.1 365.9 365.2 350 325.1 286.2 257.7 233.4 225 218.7 215.6 214.5 213.3 212.6 212.2 211.9 211.8 211.8 211.8 211.9 213 214 217.1 220.4 223.6 225.3 225.6 225.7 225.9 226 226.8 228.5
382.5 385.6 391.1 398 400.8 399.9 395.9 396.6 396.2 396.7 410.5 406.9 402.1 384.1 378.1 370.7 369.4 371 376.4 374.4 377.5 377.4 380.7 384.4 386.7 385.7 385.1 383.4 385.7 389.3 387.1 382.7 379.5 378.4 371.4 369.2 370.2 370.2 369.1 367.3 371.6 377 386.1 391.7 388.2 391.6 385.8 384 374.8 348.2 317.2 292.1 255.1 231 222.7 217.2 215.3 214.4 213.2 213 212.7 212.2 211.8 211.8 211.8 211.8 212.3 212.7 217.9 221.9 224.6 225.3 225.9 225.3 225.4 225.4 225.7 227.7
375.3 378.7 382.5 390.8 394.3 391.9 393.6 395 394.2 398.3 408.8 416.3 404 384 378.8 374.8 373 374.2 365.7 368.1 370.7 369.3 371.1 372.1 374.1 372.2 373 372.1 377.1 373.3 372.4 370.8 367.5 366.9 362.6 363.7 365.2 365.3 366.5 369.1 385.1 391 396.4 397 409.8 407.3 405.1 397.1 383.9 349.4 320.5 280.5 241.7 224.2 218.5 216 215.1 214.1 213.2 213.4 213.1 211.7 211.1 211.8 211.8 211.7 212.2 212.4 214 219.1 226.6 225.5 225.8 225.6 225 224.7 224.7 226.8
366 369.3 373.6 380.9 385.2 386.8 391.4 392.9 392.2 400 406.7 409.9 386.5 383.3 382.6 374.8 372.6 361.8 357.6 358.5 356.5 358.4 360.7 360 358.8 358.4 357.5 356.5 356.8 359.7 360.1 358.5 356.7 356 355.6 357.7 359.4 362.1 366.3 374.9 384.8 396 400 410.6 421.3 418.4 413.2 407.3 387.6 336.1 291.7 257.5 231 218.2 216.7 216 215 213.9 212.9 212.7 211.8 211.8 211.4 212.1 211.7 211.6 211.9 212 212.6 216.7 223.9 224.5 226.1 227.1 225 223.9 224.3 227.7
357.7 361.7 364.8 367.5 373.2 381 386.4 390.2 390 399.3 394 385.7 384.2 384.6 374.8 365.2 356.3 353.2 350.5 348.7 346.4 349.6 349.7 347.4 346.9 346.7 344.7 344.7 345 347.5 347.6 348.4 348.7 349.4 349.5 351.6 355.8 360.3 371.2 380.4 389 399.6 412.1 425.3 424 418.6 412.6 396.5 352.9 299.8 266.8 242 221.3 217.1 216.4 216 215.3 214.1 212.8 213.5 212.6 212.4 213.1 213.2 212.2 211.9 211.9 212 212.2 214.6 223.4 226 226.3 225.5 223.6 224 224.7 228.4
351.6 352 354.4 359.7 365.1 372 377.7 384.9 384.4 392.1 382.6 381.4 382.8 377 369.8 358.1 350.6 348 346.5 342.7 339 340.3 340.2 337 337.5 337.2 337.1 336.2 338.1 339.6 340.3 341.2 342.5 343.9 344.2 347 351.5 365.3 377 382 391.3 409.2 419.5 431.5 425.3 420.9 397.2 377.3 314 281.8 252.6 225.6 217.5 216.3 216 215.8 214 213.1 213.4 213.6 213.5 212.9 212.7 212.8 212.6 212.4 212.3 212.4 212.8 213.6 223.5 226.9 222.6 220.6 222.3 223.8 225.8 229.9
341.4 342.8 345.2 351 356.9 361.3 369.4 376.6 373.2 371.5 375.7 379 375.8 373.7 366.3 355.2 346.8 341 339.4 332.9 328.9 331.2 331.6 330 330.3 329.9 331.1 328.8 329 331.5 334.3 335.5 336.7 337.5 339.2 343.7 351.1 365.1 371.3 379.9 396.2 407.7 423.9 425.4 417 406.1 357.8 320.6 286.3 262.3 235.3 218.6 215.4 215.9 216.3 213.8 214.2 214.9 215 214.7 214 212.7 212.7 212.8 212.6 212.7 212.3 212.4 212.6 213 215.2 219.7 221 220.4 222.3 224.6 227.3 232.1
332.6 334.1 336.7 340.6 345.4 352.8 358.9 357.5 361.3 366.3 369.1 369.5 365.6 366.7 362 352.8 343.4 334.4 325.4 322.4 318.7 319.6 321.5 321.3 321.9 321.3 322.3 321.1 320.1 324.5 322.9 327.8 329.8 331.2 334.4 340.1 349.8 357.4 364 373.3 387 399.2 402.6 393.8 372.8 347.2 324.7 295.4 267.3 242.8 224.8 215.9 214.6 214.9 215 214.1 215.4 215.4 214 213.4 215.1 213.3 213 212.8 213.2 212.6 212.5 212.6 212.6 212.8 213.1 215.8 221.4 222 223.4 225.5 228.8 234.4
324 325.7 329.1 330.4 336.9 342.2 344.7 350.4 355 357.4 363.7 364.1 359.6 358.2 352.1 346.7 328.6 319.8 314 311.3 309.9 312.4 314.9 314 314.3 312.3 315.2 312.8 312.6 314 316.8 321.7 322.7 323.3 327.7 332.9 341.6 349.8 359.2 368.6 377.1 390.6 385.1 356 330.4 310.7 291.6 264.1 247.9 229.5 217.9 215.5 215 214.5 214.9 217.2 222.5 215.4 215.9 215.4 214.2 212.8 212.8 213.6 213 212.6 212.6 212.7 212.8 212.9 212.8 216.2 222.9 223.8 225.1 226.4 231 238.6
315.7 318.2 320.2 321.5 326.6 328.8 332.7 337.8 342.3 348.4 351.9 345.5 341.6 337.9 332.3 318.4 307.3 304.9 301.5 298.4 303.1 305.4 307.9 308.6 307.9 306.2 306.2 306.7 305.2 305.1 311.1 314.1 315.1 316.8 320.7 323.2 328 341.4 353.8 364.3 367.8 375.1 334.8 310.2 292.2 277.2 259.6 243.6 229.4 222.2 215.8 215 214.1 216.4 220.5 231.1 230.4 222.2 215.7 215 214.6 213.4 213.9 213.3 212.8 212.7 212.8 213 213.2 213.5 213.4 216.4 222.6 223 224.4 228 232.9 241.9
309.4 311.9 312.1 314.1 316.3 319.4 321.8 324.8 328.8 331.7 327.3 324.1 322.2 317.4 311.4 304.1 295.4 289.9 289.9 291.8 294.9 298.2 302.4 302.4 301.4 298.5 297.6 300.1 298.1 298.6 304.2 306.8 308 310.2 312 312.3 316 320.7 330 342.7 331.1 316.3 297.5 272.8 259.2 245.7 235.1 221.3 216.8 215.8 215.4 214.3 216.6 221.3 235.6 246.8 238.1 219.8 216.2 213.6 214.1 214.8 214.1 213.3 212.9 213.1 213.3 213.6 213.8 214.1 214.1 218.8 221.5 222.1 223.9 228 234.7 246.9
302.7 303.4 306 308.7 310.2 312.4 314.4 314.5 316.4 315.9 313.4 309.6 306.1 301.9 297.3 292 285.4 281.9 282.9 285.2 287.4 295.3 300.1 298.4 291.2 289.1 289 293 289.6 293.7 297.2 297.6 299.2 301.9 302.5 298.8 298.3 304.3 307 305.9 295 281.3 265.2 247.3 230.5 219.9 217.8 216.7 215.9 214.6 215.9 217.5 220.3 230.7 251.4 257.8 232.2 219.2 215.8 214.3 214.7 215.3 213.4 213.2 213 213.4 213.7 214.1 214.5 214.9 215.9 218.3 220.8 221.9 224.5 228.9 235.9 251.4
295.1 295.3 297.8 301.5 302.6 305 304.8 305.4 305.4 304.2 302.4 297.8 293.8 289.4 285.8 282.1 278.6 274.7 275.3 276.8 284.4 292.7 293.4 289.5 282.8 280.4 281.7 283.9 286 287.1 289.3 287 288.6 288.8 287.8 284.1 284.1 289.9 286.2 277.5 266.3 250.1 236.2 221.5 218.1 217.1 216.7 215.7 215.4 214.9 215.9 219.1 228.3 242.5 258.6 252.6 226.9 217.7 215.6 214.4 214 214.1 212.7 213.2 213.1 213.5 213.8 214.1 214.4 214.7 216.5 219.1 220.5 221.8 225.1 230.5 237.7 252.9
287.6 289 290.5 293.5 295.5 295.7 296.9 299 297.9 295.5 292.9 290 286.1 281.8 278 273.6 269.7 266.9 270.5 273.1 275.6 282.8 280.3 274.4 272.2 272.4 273.8 276.7 277.5 279.4 280.5 277.7 275.9 275.7 272.9 270.8 269.3 272.6 265.3 256.2 244.8 232.6 221.3 217.8 216.6 216.3 215.3 216.3 215.8 215.6 216.9 223.1 228.8 242.1 242.6 238.3 225.7 218.6 215.9 214.3 213.9 213.8 213.9 213.5 213.5 213.9 214.2 214.5 214.8 215.1 217.3 220.2 221.7 224.2 227 233.6 240.8 255.8
281.7 283 285.2 288.4 290 290.7 290.7 292.2 290.4 287.9 285.8 284.1 279.8 277.1 273.8 269 261.8 259.8 263.4 264.7 265.2 268.7 265.4 263.2 261.2 263.6 267.3 269.5 270.5 271.8 269.3 265.8 264.6 263.7 262.1 257.9 254 252.8 250.5 247.5 235.6 226.6 219.8 217.2 216.7 215.2 216.4 217.6 217.2 216.6 218.5 220.8 232.2 232 228.1 225.6 224 217.6 216.5 215.4 214.3 214.3 214.1 213.9 214 214.9 215.3 215.6 215.9 216 218.1 220.9 223.7 226.2 230.1 237.7 246.3 258.8
275.4 277.4 280.2 282.6 284.2 285.5 285.5 285.6 283.6 282.1 281.8 280.5 276.9 274.8 269.9 261.6 253.2 252.2 254 255.6 256.4 255.7 253.6 251.6 252.9 255.9 259.8 262.3 263.1 261.8 256.4 254.7 254.2 253.5 251.4 247 244.5 242.2 242.4 239.5 232.8 223.3 218 215.8 216.3 216.9 217.1 217.4 217.8 216.6 218.5 218.9 218.8 218.7 217.6 216.6 216.2 217.1 216.5 214.4 214 212.8 214.2 214.2 214.5 215.4 216.3 216.6 216.8 217 218.2 220.2 222.6 226.2 233.2 240.4 249.3 259.5
270.1 273.3 276.1 277.9 279.5 279.8 280.6 279.9 278.5 278.4 277.9 276.7 275.2 271.7 263.8 253.6 246 245.8 247.7 248.4 247.1 245.7 243.5 242.6 246.8 249.5 251.4 252.6 253.6 250 247.4 246.6 245.6 244.6 241 238.2 237.4 242.5 240.8 235.2 227.7 218.1 215.7 216.4 215.4 217 217.1 217.2 217.7 217.7 216.7 216.4 216.4 216.5 215.9 216.1 214.3 214.1 215.6 214.7 214.4 214.2 214.4 214.4 215.2 216.3 217.2 217.9 218.2 218.4 218.9 220.9 223.6 227.7 234.8 243.1 251.1 259.2
265.8 269.1 272.1 273.4 274.6 274.6 275.1 276.1 275.8 277.7 278.2 276.6 271.9 264.4 256.7 247.1 241.6 242.2 242.6 242.2 240.3 237.2 234.6 237.6 242.2 243.2 243.5 244.1 243.2 242.5 241.2 240.2 238.9 237.7 236.5 233.8 238.1 239.8 236.1 226.8 220.8 216.4 215.8 215.6 216 217.5 217.1 217.2 217.3 216.4 216.5 216.6 216.5 216.6 217.5 217.2 215.8 215.4 215.1 214.8 214.2 214.2 214.6 214.6 215.8 217.2 218.1 218.9 219.5 219.8 219.7 221.9 225.4 230.7 236.9 244.6 252.6 260.8
261.9 265 267.6 268.8 269.5 270.8 271.7 272.7 275.6 281.1 286.1 282.2 274.2 261.1 248.4 240.9 237.7 237.9 238.4 237.3 234.9 231.1 231.6 233.9 234.8 236.3 236.7 236.8 237.6 237.4 235.9 233.8 232.5 232 231.4 231.6 233.5 232.7 228.7 222 218.8 216.8 216.4 215.8 216.4 216.7 217 217.2 218.2 216.9 217 217 216.8 216.7 216.7 217.1 216.1 215.7 215.4 215.1 214.8 214.2 214.8 214.9 216.4 218 219.1 219.8 220.5 221.2 221.2 225.3 229.8 234.5 239.6 246.3 254.3 262.2
259 261.5 262.6 263.7 264.6 268 269.5 270.7 280 285.2 287 277.6 263.9 253.3 243 236.5 235.2 234 233.9 232.4 230.9 228 228.3 229.7 228.8 230.1 230.5 231.8 233.5 233.4 231.5 228.6 226.5 226.3 226 226.8 227 225.7 229.6 218.4 215.7 216.5 216.2 216.1 216.5 216.8 218.5 218.7 217.5 217.7 217.7 217.4 217.2 217 216.8 216.8 216.4 216 215.6 215.2 214.9 213.9 214.9 215.4 217 218.6 220 220.8 221.6 222.5 223.5 227.6 233.1 238 242.8 248.6 255.6 263.7
256.1 257 257.6 258.7 261.9 266.5 269.9 265.3 276.7 278.9 266.2 257.9 252.4 243.7 237.5 235.8 234.1 232.4 230 228 225.8 223.9 224.4 225.3 225.2 224.1 225.9 229 231.1 229.4 225.3 222.7 222.9 221.9 220.7 221.6 225 224.5 218.5 216.7 216.6 216.5 216.3 216.2 216.4 216.8 217.5 218.4 218.2 218.4 218.1 217.9 217.7 217.4 217.2 217 216.8 216.3 215.9 215.5 215.1 215.4 214.9 216 217.6 219.2 220.8 221.9 223 224 225.8 230.2 235.9 241.5 245.9 252.3 258.8 267.9
252.4 252.2 253.3 254.6 262.6 267.7 267.5 259 253.7 250.1 247.6 242 240.2 236.6 235.3 233.8 232.1 229.8 227.2 223.3 221.2 220.9 220.1 220.3 221.3 220.4 222.3 223.9 222.6 220.1 219 218.9 219 218.7 217.8 217.8 218.2 217.8 216.8 216.5 216.6 216.4 216.3 216.1 216.4 217 219.6 218.3 217.7 218.9 218.5 218.4 218.2 217.9 217.7 217.5 217.2 216.6 216.2 215.8 215.6 215.9 215.8 216.3 217.5 219 221.1 222.8 224.1 225 226.7 232.2 242.6 244.9 248.6 255.3 261.7 270.4
248.6 249.3 249.4 252.3 263.7 270 267.3 255.9 245.7 242 237.7 235.7 234.3 233.1 232.4 231.3 229.3 226.5 223.4 220.3 220.2 220 219 218.1 218.1 218.7 218.6 218.4 218.6 217.8 217.8 217.6 217.3 217.6 217.6 216.9 217.3 216 215.9 216.1 216.2 216.3 216.4 216.5 216.7 217.1 217.4 218 218.8 220.9 219.1 218.9 218.7 218.6 218.3 218.2 217.7 217.1 216.5 216.1 216 214.8 215.7 217.3 218.2 219.2 221.5 223.1 224.1 225.6 227.4 233.5 244.6 246.8 251.1 257.8 264.4 273
243.4 243.9 245 248.1 258.2 257 249.6 244.4 241 237.2 234 231.8 231.3 230.9 229.9 229.2 226.9 224.4 221.9 220.1 219.3 219.2 218.1 217.9 217.3 218.7 217.9 217.9 218.1 217.6 217.3 217 217 217 216.9 216.9 216.6 216.5 215.7 215.8 215.9 216.3 216.9 217.1 217.3 217.8 218.2 218.7 219.2 219.5 220.5 219.6 219.4 219.1 219 218.8 218.2 217.6 216.9 216.4 216.2 215.6 216.4 218.2 220 221.5 223 224.8 227.2 233.1 235.2 234.7 241.5 247 253.6 260.2 266.8 275.7
236.7 237.5 239.5 241.4 242 240.3 239.8 238.5 236.7 234.1 231.6 229.7 229.4 229.1 228.8 228.5 226.2 223.7 221.2 220 219 218.4 218.1 218.1 217.3 217.1 216.9 218.4 216.4 217.6 217.4 217.3 217.4 218.4 218.4 217.9 216.8 216.4 216 217 216.1 216.9 217.3 217.5 218 218.4 218.9 219.4 220 220.4 220.8 220.2 219.9 219.8 219.7 219.3 218.7 218.1 217.4 216.8 216.6 217.5 218.3 220.6 222.8 223.9 228.2 232.2 234.7 240.4 245.4 239.6 239.8 247.4 254.8 262.4 268.3 278.3
227.9 229.7 231.3 232.9 234.3 235.7 237 235.2 232.6 230.6 228.8 227.8 228.4 228.8 228.9 227 225.1 223.1 220.9 219.9 219 218.2 218.2 216.9 218.1 217.8 216.9 217.6 217.7 217.8 217.8 217.7 218.2 219.5 220.4 220.1 220 219.3 218.9 219.5 217.5 217.4 217.7 218.2 218.8 219.1 219.5 221.1 220.8 221.2 221.7 221.7 220.7 220.5 220.4 219.8 219.2 218.5 217.8 217.3 217.8 220.5 222.7 224.8 226.8 230.5 234.2 238.4 242.2 246.5 248.5 241 240.5 248 255.6 262.8 270.7 280.3
220.7 224.1 226 227.7 229.5 231.6 232.6 232 230 227.7 226.5 226.4 227.5 229 226.7 225.4 223.6 221.6 221 220.1 219.2 218.5 216.9 218 218.8 218.6 218.2 217.8 217.8 217.8 218.4 218.2 219.3 220 218.1 217.3 219.8 220.3 219.4 219.8 219.8 219.2 219.4 220.6 220.7 220.7 221.3 222.6 221.6 222.6 222.3 222.1 221.8 221.2 220.9 220.3 219.6 218.9 218.2 218.5 221.7 225.3 228.6 231 233.7 237.3 241 245.1 249.5 252 248.3 240.1 243 250.7 257.8 266 274.2 282
217.9 219.4 222.5 224.2 226.3 227.1 227.5 227.8 226.4 225 223.6 224.8 224.8 225.5 224.3 223.8 222.1 220.8 220.9 220.2 219.6 218.8 217.9 218.3 218.6 218 218.2 218 218 217.9 218.3 218.9 220.2 217.1 216.5 216.5 218.7 221.3 221.5 221.1 221.5 222.6 222.7 223.3 223.5 225.6 227.2 225.7 223.2 223.1 222.7 223 222.5 222.1 221.3 220.6 219.9 219.2 219.8 224.8 228.2 231.2 234.7 237.2 240.7 244.4 249.1 253.5 255.6 253.5 245.4 241.4 247.3 253.6 260.6 268.1 276.7 284.6
216.9 217.9 219.1 221 221.6 222.4 223.9 224.8 223.4 221.9 221.7 222.9 223 222.3 222.1 222.2 221.8 220.7 220.6 220.5 219.7 218.9 218.2 218.8 219.1 219.2 218.5 218.3 218.2 218.1 217.7 218.1 219.1 217.5 216.5 217.1 221.6 221.5 222.6 222.9 227 230.5 231.4 234.2 237.4 235.2 236.1 232.3 227.8 223.9 223.4 223.7 224.1 226.7 222.8 221 220.6 222.1 227 231.5 234.4 237.1 240.9 244.1 248.3 253 258 259.8 260.3 253.2 245.2 246.1 250.7 256.7 263.8 270.8 279 287.6
