WholeMapElevations/data/sx/sx97_OST50GRID_20230518/SX97.asc
ncols 200
nrows 200
xllcorner 290000
yllcorner 70000
cellsize 50
[rows 108 to 143 of 200, columns 0 to 81 of 200]
149.7 158.1 164.8 168.6 170.8 173.9 173.6 173.4 175.2 178.2 181.7 187.2 192.6 198.9 208.7 216.1 218.3 214 209.7 205.4 199.6 192.6 185.2 176 167.9 159.5 152.8 147.6 149.2 142.7 140 142.5 146 147.8 147.1 146 146.5 149.6 151.5 149.9 149.4 149.3 149.5 149.1 149.5 149.2 149.4 151 151.8 152.2 151.8 146.5 139.8 131.6 121.6 110.5 100.4 90.9 81.8 73.6 67.2 74.3 77.5 84 92.6 100.5 108.5 113.8 118.1 123.6 127.5 130.2 130.1 130.1 129.7 130 129.2 128.4 127.9 129.3 127.6 127.7
148.6 155.6 162 165.8 169.5 172.1 174 174.7 176.6 179.8 184.4 189.3 193.4 199.1 203.9 207 209 208.2 203.9 202 196.9 188.6 176.2 161.1 150 143.1 137.3 132.6 134.2 129.4 130.8 127.8 131.9 133.2 135.4 133.4 134.3 140.6 142.5 142.4 141.9 141.4 142 142.1 141.4 140.4 141.5 142.4 143.6 146.7 147.3 144 137.9 129.4 121.6 110.3 101.1 91.3 82.7 72.8 64 67.8 75.3 83.5 90.8 95.8 102 108.7 114.2 122.1 125.3 130.2 127.9 123.9 124.3 124 123 123.5 121.8 122.9 122.4 122.7
147.4 154.9 159.7 162.9 166.6 169.7 171.4 174 176.8 180.1 184.9 188.9 192.4 195.2 199.1 200.2 200.5 199.9 196.1 195.3 193.3 186.3 174.4 161.9 147.8 133.9 125 120 118.4 118.5 119.1 115.9 117 124.6 124.4 121.2 126.8 132.2 133.3 133.6 133.7 132.2 133 132.4 131.8 132.8 134 134.9 136.4 139.5 141.5 139.5 134.4 127.1 120 110.9 100.3 93.6 83.9 73.7 62.6 63.5 72.7 77.9 85.7 90.9 96.5 104.1 110.9 118.6 122.3 122.3 119.8 118.3 116.8 117.6 116.3 115.8 115.9 118.1 116.9 116.6
148.5 153.5 157.5 160.6 163.5 166.2 168.3 172.7 176.4 180.1 183.5 187.1 189.7 191.5 194.2 194.7 194.9 191.6 184 184.9 184.9 187.9 184.5 173.9 163.7 151.4 132.1 115.3 108.1 106.7 108.2 106.5 110.3 119.6 113.4 110.2 118.1 122.3 124.7 120.9 123.4 122.8 123.3 123.7 123.4 124.4 126.9 127.9 128.6 130.9 133.6 132.9 128.2 123.2 117.2 107.6 99.3 94.8 85 70.9 59.2 57.2 69.3 74.5 79.3 86.8 95.2 101.6 109.5 116.5 118.8 117 114.8 112.7 111.8 111 110.8 110.6 110.3 108.1 110.1 111.2
148.1 150.6 153.9 156.6 158.6 161.3 164.4 170.7 176.2 179.4 182 183 184.4 185.3 186.8 187.9 187.9 183.6 173.3 164.1 167.1 180.1 183.4 172.4 159.9 147.5 136.4 124 108.6 98.1 97.5 99 113.8 115.3 105.4 100.1 107.2 112.6 115 111.1 114.7 115.3 113 114.8 113.3 114.9 120 121.1 121.3 123.3 125.7 125.8 122.2 117.3 112.6 105 98.8 91.7 80.3 66.2 56.1 51.7 63.7 68.3 78.6 85.6 93.3 99.8 106.6 113.9 114.3 112.8 110.7 108.1 105.5 104.9 104.3 103.7 105.5 100.9 105.2 104.8
145.9 147.8 149.9 151.2 152.5 155.1 159.2 165.8 172.1 176.9 178.2 179.1 178 177.9 177.1 178.8 178.8 174.8 162.5 150.1 152 165.3 175.2 171.3 158.7 142.8 126.5 112.9 105.5 94.8 91.9 99.7 111 110.1 100 93.3 97.7 104 106.9 100 104.1 106.3 102.2 105.9 101.6 109.2 114 114.7 114.8 116.5 119.5 120.9 115.8 110.8 105.9 101.6 96 87.8 78.4 65.6 53.4 52.3 61 65.5 76 82.6 89.3 99 105.5 112.9 110.5 107.9 106.3 104.4 101 99.4 97.3 97.5 97.7 95.2 95.8 97.2
140.8 142.2 142.9 144.5 146.3 147.5 153.7 159.3 164.4 168.7 172.7 172.4 169.3 170 168.9 167.8 168.8 165 157.6 141.6 136.3 145.3 153.8 160.3 157.8 144 128.6 112.2 97.7 87.5 85.7 98.3 104.8 104 93.9 85.6 89.2 94.9 97.3 90.1 92.6 96 94.3 91.7 89.9 96.3 104.2 106.8 108.5 110.2 113.5 115.1 110.9 106.1 100.6 93.8 90.4 82.5 77.4 65.1 49.4 50.1 57.3 65.6 72.8 78.9 88.1 96.5 105.1 110.3 107.5 104.2 102.7 100.5 97 93.1 92.6 90.1 92.2 89.8 85.5 87.5
136 135 135.5 136.9 137 139.6 145.1 150.4 154.9 159.2 163.2 163.9 161.3 158.1 158.2 157.6 158.6 154.7 149.1 139 126.8 123.7 130.7 137.6 146.4 142.6 130.1 111 92.3 81.4 81.2 90.7 96.1 97.3 90.3 79.6 80.8 85.3 84.7 82.1 82.4 86.7 84.3 82.5 79.3 85.7 91.6 92.5 98.2 101.8 108.4 109.9 105.8 100.2 94.3 88.7 83.9 78.6 73.8 60.6 46.9 47.3 53.2 62.7 68.5 76.5 85.3 93.4 104.3 108.3 104.5 101.1 97.8 95.8 93.6 88.4 88.1 83.2 86.4 85.8 79.6 80.9
129.3 127.2 127.1 127.8 129.2 133 138.3 141 144.6 148.9 152.4 153 149.2 147.3 146.2 145.9 144.7 141.2 135.5 129.4 122.6 116 113.2 119.4 126.4 127.8 121.2 106.2 87.1 79.2 77.9 83.1 87.5 88.5 87.8 77.1 70.7 69.8 71.2 70.2 73 79.3 75.5 70.9 69.5 77.2 80.5 81.1 85.6 92.1 102.5 105.9 103.1 97 90 84.8 81.8 75.1 70.7 59.5 48 42.9 47.4 56.3 64 73.3 81.4 91.7 100.6 104.9 101.8 97.3 93.6 91 89.3 84.3 82.5 78 79.3 77.2 75.1 78.6
119.5 117.9 117.3 117.6 119.8 125.7 130.9 133.3 134.8 138.2 140.9 141.7 137.7 136.7 135.8 134.4 131.4 129.8 125.6 123 117.8 110.6 106.6 106.8 111 111.5 107 97.8 83.9 75.9 74 77.4 77.6 79.5 80.2 76.8 70.8 63.6 62 62.3 65 69.5 68.2 64 62.6 68.3 68.8 70.3 73.8 86 98.2 100.8 97.6 90.7 84.8 77.5 73.6 69.7 62.9 58.6 48.6 40.7 42.7 52.6 61.3 69.1 77.9 89.5 98.1 102.1 98.8 94 89.8 87.5 84.9 79.6 78.8 76.1 72 68.8 69 76.1
112 110.7 109.8 109.8 111.7 118.2 124.2 123.6 124.7 127.9 129.3 129.2 127.1 126.3 125.2 123.8 121.1 119.4 118.2 115.3 111.3 104.4 98.9 96.6 98.5 101.5 99.9 93.7 82.8 75.8 70.6 71 73 71.1 70.5 70.1 67.1 61.1 56.1 57.4 58.5 63.7 61.8 57 55.4 56.6 56.5 59.8 62.6 80 91.5 95.1 93 88.9 82.8 73.6 69.3 64.6 60.3 54.1 48.5 39.3 37.9 48 56.1 65.1 76 85.1 93.7 97.7 95.6 91 85.4 82.9 81.1 77.9 72.6 72.6 66.4 63.2 67 69.2
103.8 102.1 100.9 102.9 105.2 110.9 115 114.6 113.1 116.5 117.5 117 116.3 114.9 114.8 113.8 111.5 110.8 111.3 108.9 105.5 98.2 93.7 90.2 91 94.2 90.9 89.8 83 77.9 72.8 65.5 65.5 63.1 61.7 60.8 57.7 55.1 51.3 50.6 51.4 57 54.6 50.3 50.2 50 48.7 50.2 58.2 70.6 77.7 80.7 86.4 87.2 82.6 75 65.9 60.4 56.6 50.4 47.6 39 34.2 41.4 49 59.8 73.4 79.4 88.5 94 92.1 88.1 83.3 78.9 76.3 73 68.1 67.3 62.7 58.5 62.3 61.5
96.5 94.6 91.9 93.1 99.3 102.4 100.5 101.3 103.6 104.5 103.4 103 103.5 102.4 103.9 102.2 102.2 102.7 101.3 100.7 98.6 92.7 87.2 83.4 84.3 84.2 94.8 96.6 91.8 84.4 79.9 74.5 69.5 63.2 60.8 57.5 53.3 50.8 47.6 44.8 45 46.2 45.8 45.1 44.9 44.9 41.8 43.7 50.2 58 61.8 64.7 72.9 81.5 83.3 77.6 69.4 58.7 52.7 47.9 43.8 36.9 35.7 35.3 44.5 52.8 66.9 76.4 86.9 91.6 89.6 84.9 79.1 74 72.4 67.7 59.8 62.4 60.7 51.6 55.7 57.2
84.4 84.1 80.6 84.7 90.4 89 89.4 92.3 94.2 94.8 93.8 92.5 91.4 90.3 91.6 90.8 91.6 92 93.5 90.6 88.5 85.9 81.6 79.3 80.7 88.1 100.8 108.2 104.1 97.3 93.9 90.3 83.5 77.3 71.3 66.3 60.2 56.3 52.5 48.7 45.1 39.9 38.3 38.4 39.3 37 36.6 35.5 38.5 45.1 51.2 58.9 67.4 77.5 82.5 79.5 72.7 64.5 57.6 50.4 43.9 36.4 35.4 31.3 37.2 45.3 58.3 70.7 82.5 89.6 87.8 82.4 75.5 72 68 61.9 54.7 53.6 52.2 45.2 46.8 52.9
72.8 73.2 72.7 77.1 79.3 79.8 81 82.3 84.7 85.6 84 82.8 81.6 81.2 80.3 81.8 83.7 82.9 82.6 82.2 81.1 79.1 75.1 74.8 78.9 88.5 102.4 119.4 120.8 118 112.7 108.9 104 96.3 88.4 83.5 75 68.7 63.5 63.8 59.5 51 44.3 38.4 34.9 32.5 31.7 28.6 30.7 34.9 44.6 58.2 70.8 79.9 83.9 82.8 75.7 68.4 60.9 55.2 48 41.4 33.7 28.1 31 42.8 55.7 69.7 81.3 87.8 87.3 80.4 73.9 68.2 63 56 51.3 46.4 44.3 39.2 43.7 49.3
67.4 65 68.5 68.4 68.5 70.1 70.3 71.1 74.9 75.7 76.5 77.1 75.9 75.1 73.3 75.5 74.6 72.4 72.5 73.1 74.3 74 70.6 71.3 77.9 89.4 109 125.3 125.1 122.8 121 119.7 118.5 113.7 109.4 102.6 94.7 85.9 77.5 77.8 72.6 63.7 58.2 51.2 46.4 42.3 35.2 29 26.3 27.2 34.2 47.7 58.6 70.6 81.8 83.4 76.4 69.5 64.5 56.3 48.4 42.6 32.3 28.3 28 45.7 57.8 71 87.2 92.8 90.6 84.4 76.7 68.9 61.2 51.1 46.4 42.1 38.5 35.3 39.3 44.2
58.6 55.9 59.5 60.4 62.8 64.2 63 63.3 65.8 67 67.5 65.8 67.2 68.8 69.2 69.4 68 67.7 65.7 63.6 65.1 65.5 65.8 65.7 76.7 91.9 114.4 126.4 124.7 122.5 119.3 116.4 115.5 115.2 115 114.1 109.8 104 95.7 94.2 88.2 79.6 73.7 66.6 60.2 52.6 45.1 37.3 26.7 23.9 29.5 40.5 51.2 64.9 81.3 84.9 81.7 69.9 62.8 55.4 47.6 40.9 31.7 24.2 29.6 48 63.8 77.2 94.3 101.4 101.1 91.6 86.7 79.2 65.7 52.3 43.8 39.3 35 29.6 36.5 40.7
46 50.1 53.7 55.9 57.6 57.4 56.1 55.3 56.7 57.6 60.1 59.3 61.8 63.4 63.5 63 62.3 62.2 61.4 60.3 59.9 57.6 59.1 64.9 76.3 93.3 114.2 125.2 122.5 118.2 113.9 110.5 110.3 110.1 110.4 112.5 113.8 113.6 111.8 110.7 105 97.9 87.1 81.9 72.6 63.2 53.9 43.2 30.2 22.2 25.8 37 47.1 61.3 77.7 85.7 84.7 72.9 64.6 56.5 47.4 38.5 28 21.6 28.3 44 61.6 77.8 96.8 101.2 100.6 95.3 87.6 81.8 72.6 54.2 43.8 35.7 32.8 26.3 32.7 38.9
44.5 47.6 48.6 51.2 52.2 52.1 51.7 48.7 48.3 50.5 53.5 54.4 57.6 57.8 57.3 58 58.6 57.3 55.6 56.2 55.1 52.5 53.7 63.1 78.2 96.6 112.9 121.9 119.1 113.8 109.3 105.9 103.3 103.4 104.1 105.1 107.6 111.5 114.8 113.6 109.2 102.5 94.6 83.7 74.1 65 55.7 45.3 30.3 22.1 23.9 35.1 45.5 56.8 71 85.6 87.7 79.7 69.2 59.3 48.4 35.6 26.2 21.8 28.2 43.2 60.1 77.4 93.2 94.8 93.4 90.3 81.7 76.9 71.8 61.4 46.5 36.3 30.1 26 30.7 37.6
42.5 44.9 45.3 45.8 47.1 47.1 46.6 44.7 41.9 45.8 49.2 49.2 51.9 52.6 54.5 53.7 53.6 53 50.4 50.6 49.4 46.1 49.8 63.1 80.6 102.2 115 117.2 114.1 109 105.2 100.9 97.8 96.6 97.1 98.3 101.2 104.7 108.6 110.5 107.7 102 93.6 82.6 72.9 64.1 55.9 44.3 31.4 22.4 22.9 32.4 43.3 54.2 65.3 78.9 83.6 80.3 69.9 60.5 50.5 39 24.3 18 27 38.9 53.1 71.5 86.6 88.4 85.5 82.6 77.3 73.5 71.3 64.2 51.7 38.8 30 23.7 25.3 32.2
39 40.4 40.7 42 42.2 41.5 40.8 40.2 37 41.9 43.7 44.4 47.5 49.4 51.1 50.8 50.1 48.1 45.6 44.4 41.9 43 46.7 62.8 78.8 95.8 100.3 104.9 95.5 92.7 97.2 95.7 91.3 89.6 90.8 93.1 96.3 99.6 102.3 105 103.4 97 88.8 79.6 71.8 63.3 54.8 44.6 33.4 23.4 23.4 29.9 40.3 51.9 63.3 78 81.1 76.2 66.8 58.1 48.9 37 23.5 16.7 26.2 34.7 47.6 64 78.1 78.9 76.7 74.3 72.5 73.2 67.5 59.9 57 45.6 33.9 23.6 20.9 25.3
38.1 38.8 38.1 36.3 36.1 35.4 34.6 34.4 32.2 36.7 38.5 39.7 43.9 45.8 46.5 46.6 44.8 42 41.1 38.3 39 38.4 43.9 54.4 70.2 80.7 83.7 89.2 76.9 73.5 84.3 89.3 85.3 80.1 84 87.3 89.9 91.9 94 97.4 98 94.2 86.1 77.6 68.7 60.8 53 44.3 34 24.1 23.3 26.2 37.4 50.8 61.6 74.2 77 73.7 65 57 46.6 34 24.5 15.2 22.7 31.6 42.7 58.1 70 70.6 70.2 68.1 65.4 63.3 61.6 57.3 56 49.8 39.4 24.8 18.5 19.6
35 35 33.8 32 31.4 29.7 28.4 28.6 27 31.5 33.9 37.7 39.3 41 42.1 41.6 40.9 37.7 35.2 35.3 34.3 33.6 36.8 48.2 62.3 65.6 71.9 76.1 62 59.5 72.3 80.8 76.4 70.5 74.4 78.6 82.1 84 86 90.8 92.9 89.6 83.6 76.5 67.4 59.4 52.1 42 33 23.2 22.5 23.4 35.4 49.3 63.8 70.4 74 70.1 63.3 54.4 45 34.2 24.7 13.9 16 25.6 37.1 51.3 60.6 63.5 61.7 59.6 59.7 58.6 57.1 56 54.9 51.3 44.8 32.4 20.4 15.9
31.5 31.1 29.7 27.1 25.6 24.3 25.1 24.9 24.5 28 30 33.9 36 37.5 38.5 37.8 36.9 34.7 33.3 31.9 31.1 30.2 31.1 47 53.4 53.2 64.3 66.7 51.4 48.9 61 72.9 68.3 62.7 64.5 67 71.7 77.1 78.8 83.2 87 86.5 83.1 77.1 67.3 58.1 49.5 41.3 31.1 24.6 23.3 23.9 33.4 48.5 59.3 67.1 70.1 66.5 61.5 52.9 43.1 35.8 27.1 17.6 11.9 19 31.5 45.2 54.2 54.9 55.6 55.2 54.3 54.4 54.4 54.9 50.8 47.7 44.5 37.3 26.3 15.5
25.9 26.1 25.3 22.6 20.4 19.6 20.5 21.8 23.7 26.7 29.2 32.2 33.7 34.8 35.3 35.3 35.1 33.4 31.7 30 27.5 25.4 26.8 40.7 42.7 44.8 54.4 54.3 42.7 39.3 51.8 64.9 63 54.3 55.5 54.4 63 66.1 69.6 75.5 80.7 81.4 80.4 76.4 67.9 59.4 49.6 39.6 28.9 24.2 23.2 22.6 32 45.6 54.6 64 66.8 63.7 58.9 53.5 44.4 35.2 28.1 18.5 11.3 14.2 26.4 35.6 45.7 48.6 49 48.3 49.4 50.4 51 48.3 45.3 44.8 42.1 36.8 31.2 21.2
21.7 21.6 21.3 18.4 17.1 15.8 16.9 19.6 24.6 27.3 29.9 31.8 32.9 33.4 33.7 33 32.5 31 29.3 26.6 26 23.7 22.3 31 33.6 35.9 41.8 41.5 34.4 31.1 42.4 53.1 58.5 48.3 46.4 45.5 51.6 52.3 59.9 66.6 70.3 69.4 73.7 75.5 69.5 60.7 51.8 41.1 27.9 23.9 22.8 21.7 29.9 41.1 51.4 58.7 61.8 59.9 55.9 50 44 37 30.4 20.4 11.1 10.2 19.7 28.7 36.2 40.6 42.4 43.6 44.7 45.2 45.8 43.8 40.9 40.7 38 34.1 30.6 20.4
18.2 18.7 17.6 14.1 11.9 12.1 17.8 22.4 26 28.9 29.6 30.3 30.5 31.6 30.5 30.2 30 27.8 25.5 24.3 23.3 19.9 18.4 22.2 25.9 25.7 27.5 25.8 23.9 24.2 29 36.9 44.1 47.6 41.2 36.4 38.2 44.6 48 56.7 56.4 53 65.2 74.2 70.6 62.9 53.8 45.2 31.7 23.4 23.3 21.6 23.3 35.7 47.8 53.6 56.7 56.2 53 48.2 41.8 36.4 29.1 19.9 10.6 8 16 23.1 29.4 34.2 38.2 38.7 39.4 41.2 41.1 38.6 36.9 34.6 34.4 33 27.9 17.9
12.8 14.1 15.3 11.3 7.7 14.6 19.8 23.6 26.4 28.2 28.8 28.8 29 28.5 28.3 28.2 27.9 26.1 23.8 21.7 20.4 17 15.8 17.2 19 19 18.5 17.8 17.2 17.5 19.5 24.3 29.3 33.7 36.6 33.8 27.1 31.2 34.1 41.6 39.3 39.5 58.5 69.6 70.3 64.7 57.4 47.9 35.3 25.1 18.4 16.8 17.6 26.9 40.2 47.9 51.5 51.1 49.7 45.9 40.2 33.9 26.9 18.1 9.1 6.7 10.8 17.8 25.5 28.7 33.4 34.3 37.4 39.1 37.1 33.3 30.4 28.8 30.5 28.9 23.5 16.6
10.4 12.6 13.1 10.6 5.1 13.4 18.8 22.7 25.5 27.5 28.1 27.8 27.3 26.3 26.5 26.3 25.7 23.9 22 19.3 16.3 14.5 13.2 12 13 14.3 13.3 13.9 12.6 12.6 13.2 15.4 17.8 20 23.5 26.4 27.2 18.7 18.5 21.9 22.6 32.7 44.7 55.8 63.7 64.6 59.1 51.3 42.4 32.4 18.4 17 16.3 17.9 27.9 40.6 43.5 45.2 44.9 41.7 36.2 34.6 26.2 16.7 8.6 5.4 6.3 13.7 20.6 24.9 27.5 30.8 33.9 34.4 32.2 30.4 25.6 25.1 24.2 24.5 21.3 15.3
7.9 10.7 11.2 8.8 3.4 8.3 15.4 21.6 24.6 26.6 26.3 26.1 25.6 24.1 24.6 24.4 23.3 21.6 19.3 16.9 14.8 13.6 10.5 8.7 7.1 8.9 8.7 8.2 7.9 8 2.4 0.9 2 6.2 11.7 14.5 18.1 18.9 13.8 9.4 11.9 17 26.6 36.3 48.2 58 59.4 53.9 46.5 35.8 22.3 16.5 15.7 15.6 21.4 31 35.6 37.7 38.6 36.4 34 31.9 25.6 16.3 7.3 5.2 5.7 10.5 15.7 22.6 25.1 27.7 31.3 31.3 28.3 23.8 20.8 19.9 20.7 21.3 19.1 16.6
4.2 6 7 3.4 2.2 6.5 14.1 20.8 24.1 24.9 24.3 23.6 23.6 21.9 22.6 21.3 20.4 18.4 15.9 14.2 12.1 10 8.3 5.9 4.1 4.3 3.7 3.8 3.5 4.4 4.8 3.5 4.5 3.8 3.8 3.8 -1.1 6.7 12.5 9.1 6.7 9.5 15.5 22.1 31.3 41.9 52.6 54.8 47.8 39.5 26.8 16.2 16.9 15.5 15.5 21.7 27.6 31.2 31.6 30.8 29 26.2 21.3 15.8 4.9 3.7 3.2 8.4 15.1 18.7 20.1 20.5 23.3 22.9 21.2 19.6 15.7 15 15.4 15.2 15.7 9.5
2.8 2.7 2.7 2.4 1.9 5.8 14.9 20.8 23.7 24.5 23.7 22.2 20.3 18.5 18.1 17.5 16.7 15 13 11.4 8.1 6.7 5.4 3 2.1 1.4 2.9 4.4 1.5 1.4 1.3 1.2 1.1 1.1 0.7 0.6 -1.1 0 1.1 1.3 1.5 4.2 7.9 12.6 19.5 24.9 36.5 48.4 45.9 39.7 33 22.4 15.9 9.7 11.1 13.1 20.9 25.1 26.3 25.6 23.1 20.4 12.3 6.4 4.5 2.6 2.5 9.7 15.4 17.8 15.6 16.4 17.3 17.2 15.6 14.2 10.5 3.9 8.6 9.5 10.5 10.4
3.2 2.7 2.7 2.5 2.2 9.3 17.1 20.6 22.8 22.2 21.5 19.7 17 14.6 13.9 13.6 12.5 11.6 9.9 8.8 5.5 2.7 1.4 1.4 4.2 1.4 1.1 1.1 0.9 0.8 0.7 0.6 0.5 0.4 0.1 -1.1 -1.1 -0.7 0.2 0.3 0.4 0.5 0.7 1.2 3.6 12.6 13.8 23.4 28 29.7 34.5 30 16.3 6 3.7 9.1 16.9 19.3 19.8 20.8 15.5 8.7 3.4 2 2 -1.1 3 8.6 14.1 11.2 5.2 7.1 6 4.4 3.8 7 5 3.6 8.5 3.7 6.9 6.9
4.2 2.5 2.6 1.6 1 9.9 15.7 19 20.4 19.7 18.5 16.7 13.1 -1.1 -1.1 9.5 8.9 8.8 7.9 6.3 3.9 5.4 1.6 1.6 0.9 0.4 0.4 0.5 0.3 0.2 0 0 -0.1 -0.2 -0.5 -1.1 -1.1 -1.1 -1.1 -1.1 -1.1 -1.1 -1.1 -1.1 -1.1 -1.1 -1.1 1.2 2.8 6.9 16 17.3 16.7 9.9 3.5 7.2 7.8 12.1 12.6 2.3 0.7 6.9 0.1 0.1 0.4 -1.1 3.5 2.9 3.3 2.9 2.5 2.6 3.5 3.5 3.6 3.1 2.5 2 2.4 2.7 3.7 4
1.5 1.5 4.2 4.1 5.5 5.5 6.8 9.6 11.5 9.3 4.6 4.4 -1.1 -1.1 -1.1 4.2 2.1 4.9 4.7 4 2.2 1.6 1.6 1.5 0.4 -1.1 -0.4 -0.1 -0.3 -0.4 -0.6 -0.7 -1.1 -1.1 -1.1 -1.1 -1.1 -1.1 -1.1 -1.1 -1.1 -1.1 -1.1 -1.1 -1.1 -1.1 -1.1 -1.1 -1.1 -1.1 -1.1 3.6 4.2 4.6 4.6 -1.1 -1.1 -1.1 -1.1 -1.1 -1.1 -1.1 -1.1 -1.1 -1.1 -1.1 -1.1 -1.1 -1.1 -1.1 -1.1 -1.1 -1.1 -1.1 -1.1 1.9 2.3 2.8 2.5 2.9 2.9 2.8
1.8 1.5 1.3 1.2 1 1.1 1.4 10 2 1.1 0.8 0.7 0.6 0.5 0.5 0.5 0.5 0.9 1.4 1.4 0.9 1 1.5 1.4 0.1 -1.1 -1.1 -1.1 -1.1 -1.1 -1.1 -1.1 -1.1 -1.1 -1.1 -1.1 -1.1 -1.1 -1.1 -1.1 -1.1 -1.1 -1.1 -1.1 -1.1 -1.1 -1.1 -1.1 -1.1 -1.1 -1.1 -1.1 -0.5 -0.3 -0.9 -1.1 -1.1 -1.1 -1.1 -1.1 -1.1 -1.1 -1.1 -1.1 -1.1 -1.1 -1.1 -1.1 -1.1 -1.1 -1.1 -1.1 -1.1 -1.1 -1.1 -1.1 2.9 3.5 2.9 3.3 3.2 3
