UK/data/nz/nz40_OST50GRID_20230518/NZ40.asc
ncols 200
nrows 200
xllcorner 440000
yllcorner 500000
cellsize 50
[rows 76 to 113 of 200, columns 86 to 171 of 200]
62.6 66 67 67.9 68.8 69.6 68.8 68 67.5 67.7 68.4 68.9 68.5 68.5 68.8 70.3 71.3 71.6 72 72.6 73.2 75.2 76.8 77.3 77.1 76 74.8 74.2 73.3 73.7 74 74.9 75.4 76.1 76.8 76.3 74.7 73.5 73.2 74.6 74.8 77 77 78.5 79.5 79.7 79 77.4 74.6 74.6 73.7 72.2 70.2 67.5 65.1 65.1 56.6 46 47.9 49.2 50.1 50.4 49.6 49.3 49.6 61.3 65.5 67.8 68.5 68 68.2 68.1 65 67.2 65.3 62 54.8 55 53.3 53.3 58.4 62 66.4 69.2 69.1 69.2
63.6 63.6 67.6 68.7 69.6 70.4 70.2 69.2 68.2 68.6 69.6 70.4 70.1 70 69.7 70.3 71.6 71.8 72.1 72.7 74 77.1 79.2 78.1 75.8 74.6 74.5 73.8 73.5 73.7 75.2 76.3 75.9 76 76 75 74.3 74.5 74.3 75.8 77.4 78.6 77.7 78 77.8 79.6 79 76.1 72.5 70.3 70.6 70.4 67.3 67.6 69.4 69.6 63.1 53.2 46.2 48.4 49.3 49.4 48.1 54.8 65.3 67.7 66.3 67.4 68.3 68.9 68.9 68.7 66.8 69.6 69 68.8 61.5 61 59.3 63.8 67.1 67.2 68.2 69.1 69.5 69.9
65 63.9 67.2 69.2 70.3 71.1 71.7 70.7 69.6 70.6 71.3 71.9 71.4 71 70.7 71 72 72 72.3 73.4 75 78.1 78 76.7 75.3 76 76 75.5 74.7 73.7 74.3 74.8 74.7 74.7 74.5 74.5 74.9 76.2 76.9 77.8 80 81.1 81 79.8 77.2 76.9 76.2 76.2 73.5 70 69.5 69.8 69.7 70.3 70 69.6 66.9 58.2 55.1 50 47.8 50.4 59.6 67.5 68.8 69 69.2 68.7 69.3 69.3 69.4 69.5 69.3 69.7 70.2 69.3 68 69.8 65.8 69.5 69.6 69.6 69.3 69.6 69.9 70.1
66.3 65.3 65.9 68.7 70.5 71.8 72.5 72.4 70.7 71.1 71.8 72.2 72.1 71.9 71.7 72.1 73.1 72.9 72.8 74.3 76.1 77.7 77.8 77.4 76.9 77.1 77.6 77.7 76.3 74.8 74.5 74.3 74.3 74 74.3 74.7 76.3 78 78.5 79.1 81.4 83.2 83.3 81.7 79.9 76.5 73.5 73.5 73.6 70.5 69.2 70.4 70.9 70.7 70.4 70 69.9 67.6 62.3 57.7 48.9 53.3 61.6 67.2 68.8 69.3 69.5 69.6 69.6 69.5 69.8 70.1 70.1 70 70 68.3 69.5 69.4 68.3 68.8 70 69.6 69.4 69.9 70.2 70.3
68.1 67.4 66.7 67 69.3 71.6 72.9 71.7 71.5 71.6 72.1 72.6 73 73 72.9 73.1 74.2 74.3 74.3 75.6 77.3 77.7 78.1 77.9 78.1 77.9 78 76.8 75.5 75.4 74.8 74.6 74.5 74.6 75.4 76.7 77.8 78.6 79.4 80.9 83.4 85.2 83.6 82 80 77.6 72.9 72.3 71.6 69.2 69.6 70.9 70.8 70.6 70.3 70.2 70.1 70 69 61.9 56.2 50.6 63.4 68.1 68.8 69.6 69.8 69.9 70.1 70.1 70.4 70.5 70.1 70 69.8 68.5 69.2 70 69.1 68.2 69.4 69.2 70 70.3 70.5 70.6
70.1 69.4 68.7 68.2 69.8 72 72.1 72.2 72.2 73 73.3 73.9 74.4 74.3 74.1 73.9 74.9 74.4 75.1 76.8 77.6 78.2 78.4 78 77.5 76.8 76.6 75.4 75 75.3 74.8 75.3 74.9 75.1 75.7 76.9 77.4 78.6 80.6 81.7 84.4 84.2 83.1 81.8 79.9 78.3 74.2 71.2 70.2 69.8 70.9 71 70.7 70.7 70.6 70.5 70.4 70.1 69.5 64.2 56.7 50.6 63.6 68.8 69.3 69.8 69.9 70 70 70.6 70.6 70.1 70 70 69.3 68.8 69.5 70.6 70.6 69.7 68.9 69.8 70.5 71.3 72.1 72.3
71 71.4 70.7 70.1 70 71.9 72.2 72.5 73.7 74.5 74.8 75.1 75.4 75.7 74.8 74.2 74.8 74.1 75 76.8 76.9 77.2 79 78 76.6 75.9 75.2 74.6 75 75.3 75.4 75.4 75.4 76 76.4 77.1 77.6 79.4 81.2 83 84.4 83.8 82 81.2 79.6 77 73.6 72.2 69.8 70.3 69.9 70.5 70.5 70.5 70.4 70.3 70.2 69.8 68.4 64.3 62.6 53 55.7 63.3 69.1 69.1 69.8 70 70.3 70.5 70.1 70 70 70 69.1 69.1 69.8 70.9 71.8 71.2 70.2 70.4 71.1 71.7 72.8 73.9
70.4 71.7 72.2 71.3 69.8 72.2 72.6 73.1 73.9 74.5 74.6 75.1 75.4 75.3 74.9 74.5 74.7 74.6 75.2 75.4 76 76.6 78.3 77 76.3 75.8 74.9 75 75 75.2 75.3 76 75.9 76.4 77.2 77.4 78.3 79.7 81.8 82.8 82.8 82.8 82.3 81.7 79.7 76.5 73.7 72 70.1 69.9 70 70.1 70.4 70.2 70.1 70 69.7 68.4 65.7 65.4 67.2 60.4 52.7 53.5 62.9 68.7 69.7 69.9 70.1 70.3 70.6 70 70 69.6 69.4 69.4 70.1 71.3 72.4 72.6 71.8 71.6 71.8 72.5 73.4 74.4
71.2 71.8 71.4 70.9 69.9 72 72.9 73.7 74.3 74.2 74.5 74.9 74.9 74.8 75.4 75.1 74.5 75 75.5 75.5 75.5 75.9 77.5 76.6 75.8 75.8 74.9 75.6 75.1 75.4 75.9 76.5 76.6 76.8 77.9 78.3 80.1 81.4 82.1 82.6 82.6 82.8 82.9 82.6 77.5 74.5 73.7 71.3 70.2 69.5 69.8 69.8 70.2 70 69.7 68.8 67.8 67.7 69.4 69.3 69.2 68 63.8 59.8 59.8 68.8 69.5 69.7 69.9 70.2 70.5 70.8 70 69.7 69.7 69.7 70.4 71.6 73.1 73.7 73.8 73.5 73.7 74.3 74.3 75
71.2 71.7 71.7 70.8 70.1 72.1 73.5 74.1 74.7 74.5 74.2 74.3 74.3 74.9 75.6 76.1 74.9 74.8 75.2 75.1 75.1 75.6 77 76.5 75.8 75.3 75.3 75.6 75.9 76.4 76.3 77.1 77.5 77.9 78.5 79.8 81.3 81.9 82.2 82.3 82.1 83 82.9 81.8 77.1 73.5 73.1 71.7 70.6 69.7 69.7 69.4 69.5 68.9 68.6 68.5 68.6 68.6 68.9 69.6 69.6 69.6 64.4 52 62.5 68.9 69.1 69.6 69.8 70.1 70.4 70.6 70.7 70.1 70 69.9 70.7 72 74.3 75.1 75.4 75.8 76.3 76.3 76 75.2
71.2 71.7 72 71.1 70.9 71.7 72.6 74 74.8 74.9 73.9 73.9 74.5 75.1 75.7 75.8 75.5 75.1 74.9 74.9 75.1 76.9 77.5 77.8 76.9 76.5 76.7 76.5 76.9 77.2 76.6 77.5 78.3 78.9 80.5 81.1 81.9 82.5 82.9 82.1 82 82.6 82.2 79.9 74.8 72.9 72 71.2 70.7 70.5 69.5 69.2 68.9 68.8 68.8 68.8 68.8 69 69.3 69.7 69.7 69 64 52.7 60 69.1 69.2 69.4 69.6 69.9 69.8 69.6 70 70 70.2 70.4 71.2 72.5 74.7 75.9 76.2 76.3 76.9 76.5 75.4 74.8
71.4 71.9 72.2 72.3 71.5 70.4 71.5 73.1 74.5 75.1 74.6 74.7 75.2 75.6 75.8 75.3 75.8 75.7 75.8 75.7 76.5 77.3 77.6 78.2 78.1 77.8 78.5 78.7 78.6 78 77 77.7 78.4 80 82.2 82.6 83 83.6 83.9 83.5 81.9 81.6 79.5 78.1 75.6 72.6 72.2 70.9 70.8 70.6 70.4 69.6 69 69 69.1 69.1 69.2 69.4 69.7 70 69.6 67.1 62.7 53.4 57.7 64.7 69.2 69.1 69 68.8 68.7 69.7 69.8 70.1 70.4 70.5 71.3 73 74.6 74.9 75.3 75.8 75.8 75.6 75.1 75.2
71.9 72.2 72.7 73 72.1 71.1 71.4 72.1 72.9 74.6 74.6 75 75.2 75.5 75.3 75.3 75.8 76.3 76.4 76.2 76.1 77.7 78.2 78 77.9 77.8 78.7 78.9 78.8 78.4 77.5 77.4 78.6 80.9 82.9 84.1 84.3 84.8 84.2 83.4 81.8 79.2 77.3 76.1 75 72.8 72 70.9 70.8 70.7 70.4 69.9 69.1 68.3 68.8 69.3 69.6 69.8 70.1 70.1 69.9 69.5 67.4 64.1 58 59 68.3 67.2 67.2 67.5 69.2 69.6 69.7 70 70 70.4 70.9 72.5 73.9 73.7 73.9 74.1 74.2 74.8 75.1 74.2
72.2 72.6 73.1 73.2 72.2 71.2 71.6 72.2 72.6 72.9 73.8 74.2 74.1 75.2 75.1 75.3 75.9 76.3 76.6 76.3 76.1 77.8 80.2 78.9 78.1 78.1 78.5 79.2 79.2 78.6 77.9 77.9 79.5 81.8 83.2 84.6 85.1 85.4 84.9 83.1 80.4 78 76.3 75 73.7 72.5 71.8 71 70.9 70.3 69.5 69.9 69.2 68.7 68.9 69.3 69.7 70.1 70.3 70.1 70 69.8 68.8 66.5 56.2 57.5 63.5 64.5 65.6 67.4 68.1 68.5 69.3 70 69.9 70.5 70.8 71.9 73.5 72.7 72.6 73.4 74.4 74.7 74.8 74.1
72.8 73.4 73.9 73.1 72.3 71.4 71.5 71.8 72.1 72.4 72.8 73.2 73.9 75 76.5 75.5 75.6 75.8 76.6 76.9 77.5 80.4 82.7 81.7 80.1 78.5 78.2 79.3 79.4 79.6 78 78 80.1 82.6 84.3 84.8 85.7 85.6 83.6 82.3 79.8 77.8 76.1 74.8 73.8 73.1 72.1 71.1 70.7 70.6 70.8 70 69.5 69.2 69 69.4 69.8 70 70 69.4 69.3 69.2 69 68.4 61.1 55.8 57.6 63.2 67 68.7 69.1 69.2 69.5 69.8 70.2 70.1 71.1 71.3 72.6 72.9 72.2 73.2 74 74.3 74.7 74.3
73.6 74.3 73.7 72.9 72.2 71.7 71.4 71.6 71.9 72.3 72.8 73.5 74.3 75.8 76.7 76.4 76.6 76.5 76.3 77.4 80.2 84 84.5 84.3 82.8 81.1 79.1 78.9 79.1 79.3 78.1 78 80 82 83.2 84.3 84.7 86.7 85.5 84.6 81.1 78 76.7 75.3 74.4 73.6 72.7 71.2 71.1 71.4 71 71.4 69.9 69.6 69.4 69.4 69.6 69.8 69.9 69.4 69.2 69.1 68.7 65.6 61.1 56.4 55.7 58 63.1 67.8 69 69.4 69.6 69.7 70.1 69.9 70.7 71.3 71.7 72.1 72.8 73.5 73.2 73.7 74.2 74.4
74.1 75 73.9 72.7 71.9 71.7 71.6 71.5 71.7 72.1 73.1 74.6 75.6 76.8 77.1 77.2 77.1 76.9 76.7 77.6 80.9 84.4 85.2 85.3 84.4 81.5 80.3 80 79 78.7 78.3 77.7 78.9 80.8 82.3 83.5 87.6 89.3 85.8 82.9 79.9 78.2 77.5 76.2 75.2 73.9 72.6 71.8 71.6 71.2 71 71.5 69.9 69.8 69.6 69.3 69.4 69.6 69.8 69.4 69.1 69 68.6 66.8 60.8 59.1 57.5 56.8 59.7 65.1 68.8 69.6 69.8 70 70.2 70.3 70.4 71 71.4 71.6 71.6 71.8 72.3 72.9 73.5 73.5
74.4 75.1 74.8 73.3 71.9 71.8 71.7 71.6 71.5 72 72.8 74.2 76 77.1 76.8 76.7 77 76.8 76.5 77 78 82.1 84.9 84.5 83 80.5 80 80.2 79.2 78.2 77.8 77.6 78.3 80 82.6 85.8 88.2 89 84.7 80.4 79.3 78.3 77.4 77 75.1 73.8 72.6 71.9 71.7 71.2 70.4 69.5 69.3 69.4 69.6 69.4 69.3 69.5 69.6 69.3 69 68.8 64.2 61.2 59.1 63.3 63.9 56.1 58 58.9 66.4 68 69.6 69.7 69.7 70.1 70.4 70.5 70 70 69.9 70.6 71.9 71.8 72 73.2
74.4 75 75.4 73.7 72.4 72 71.9 71.8 71.8 72 72.7 73.9 75.6 76.6 76.8 76.7 76.9 76.5 76 76.4 77.5 79.2 82.1 81.8 80.5 79.5 79.5 79.9 79.2 78.4 77.7 77.6 78.8 81.7 83.5 86.6 88.4 86 82.1 79.3 79.5 78.7 77.6 76.7 76.3 74.4 73.2 72.8 71.8 71 70.3 69.3 69.2 69.2 69.3 69.4 69.3 69.4 69.4 69.2 68.6 64.7 60.4 61.8 61.8 63.9 65.2 62.3 57.8 59 63.8 67.9 69.3 69.5 69.2 69.5 68.1 68.3 68.3 68.2 68.5 69.1 69.4 69.8 70.9 72.3
73.4 74.4 74.7 73.5 73.9 73.9 73.3 72.8 72.8 73 73.7 74.8 75.4 75.7 76 77.2 77.1 76.7 76.2 76.5 77.1 77.9 79.1 79.3 79 78.6 79.2 80 79.4 78.8 78.2 77.9 79.8 81.4 83.9 84.2 84.7 83.8 81.4 79 79.3 78.6 77.8 77.3 76.6 75 73.6 73 72.7 70.9 69.4 69.3 69.6 68.9 69 69.4 69.6 69 69.1 69.2 66 60.7 61.8 65.1 64.6 66.6 66.4 66.3 60.6 58.9 57.9 59.3 62.9 67.9 69.4 68.2 68 68.9 69.2 68.2 67.9 68.3 68.8 70 71.3 72.3
73.5 73.8 74.1 74.6 74.7 75.5 75.3 74.8 74.3 74.6 75.3 76.3 76.2 75.6 75.9 77.7 77.8 76.7 76 76.4 77.1 78 79.9 80.2 79.7 79.6 79.9 79.6 79.4 78.8 78.2 79.1 80.2 80.9 81 81.4 81 80.4 79.5 78.9 78.9 78.8 78.3 77.6 76.2 75.2 74 73.6 72.6 70 68.9 69 69.3 69.4 69 68.5 69.5 69.5 68.9 68.6 63.8 62 64.4 64.9 66.8 67.5 67.6 67.6 66.7 67.3 66.6 64 60 66.7 67.8 66.5 68.4 69.2 69.8 68.7 68.3 68.7 68.8 69.8 71.8 72.6
74.3 75.1 75.4 75.5 76.4 76.5 77.3 77.2 77 77.3 78 78 77 76.6 76.1 77.4 77.5 76.2 76.2 76.4 77.2 78.6 80.2 80.7 80.2 79.6 79.4 79.1 78.9 78.7 78.6 80 81.3 82.2 82.1 80.5 79.5 79.1 78.8 79 79.5 79.1 78.2 76.8 75.3 74 73.3 72.9 71.6 69.6 69.9 69.4 69.6 69.7 69.6 69 69.2 69.8 69.4 65.1 61.4 65.4 65.4 65.8 67.6 68.4 68.5 68.5 68.4 68.6 68.6 67.4 61.1 66.3 64.5 66.4 68.1 69.6 70.1 69.8 69.3 68.7 69.6 70.8 72 72.6
75.2 76.3 76.8 77.2 77.2 77.3 78.8 78.8 77.8 78.2 79.5 78.6 77.7 77 76.2 76.5 76.8 76.2 76.5 76.9 78.4 80.7 80.4 80.6 79.9 79.2 78.8 78.6 78.5 78.6 79.7 81.6 82.9 82.7 82.3 81.2 79.5 79 79.1 79.1 79.9 78.8 77.4 76.4 75.3 74.1 72.8 72.2 71.4 69.9 70.1 69.8 69.8 69.7 69.7 68.3 69 69.5 68.2 61.9 64 66.7 65.4 67.1 68.3 68.9 69 69 69 69 68.7 65.7 61.2 62.5 66.5 68.3 69 69.9 70.1 70.5 69.5 68.9 69.7 70.7 71.9 71.9
76.5 77.3 78.3 78.4 78.2 78.3 79.8 79.4 78.3 77.9 78.3 78 77 76.1 75.7 77.1 77.5 77.1 77.2 77.5 79.9 81.1 81.1 80.6 80.1 79.4 78.8 78.6 78.6 78.9 81.2 82.7 83.1 82.3 81.5 80.6 79.9 79.4 79.4 79.4 79.8 79.1 78.1 77.1 76 74.7 73.6 71.9 70.7 70.3 69.9 70.5 69.9 69.8 69.7 69.5 67.6 67.8 64.7 62.9 67.2 67.1 66.3 67.9 68.7 69.1 69 69.2 69.3 68.9 66.4 62.1 63.8 67.1 68.7 69 68.2 69 70.6 70.8 69.2 69 69.4 70.5 70.9 70.9
77.9 78.6 79.1 78.9 79.1 79.2 79.9 79 77.6 76.9 77 76.8 75.7 74.7 75.4 78.4 79.9 79.3 79 78.7 78.7 78.9 79.6 80.3 80.7 81.2 79.7 79.2 78.6 79.2 81.5 82.8 82.8 82.1 81.4 80.8 80.4 80.3 79.4 78.9 78.7 78.2 77.5 76.9 76.3 75.3 73.5 72 70.6 70.2 70.7 70.8 69.9 69.9 69.9 69.7 68.3 66.4 63.3 65.4 68.2 68.3 67.3 68.1 69.1 69.2 69.1 69.2 69.5 67.9 62.6 62.3 65.8 67.3 69.2 69.4 68.9 68.9 70.6 70.9 69.8 69.2 69.4 70.1 70.6 70.7
78.7 79.4 79.2 78.9 78.8 78.8 79 77.5 76.6 76.1 76.7 76.8 76 74.6 75.9 79.6 81.4 81.5 80.4 79.7 78.4 78.9 79.3 80.4 83 83.2 79.9 79 79 79.3 81.7 83.5 83.5 82.5 81.4 80.7 80.7 80.1 78.9 78.7 77.3 76.9 76.6 76.4 75.8 74.8 73.4 71.8 70.5 70.6 70.6 70.6 70.5 70.2 69.8 69.5 69.3 66.9 65.2 67.1 68.6 68.6 68.6 68.6 69.4 69.3 69.2 69.3 69.1 65.9 62.9 66.3 67.8 68.9 69.3 69.7 69.6 69.7 70.6 70.6 70.3 70 69.7 70.6 70.7 70.8
78.1 79.7 79.4 79 78.8 77.9 77 76 75.9 75.9 76.5 76.7 76.1 74.7 76.7 79.9 79.6 80 80.4 79.4 78.4 78.8 80.3 83.1 85.8 86.4 81.8 79.9 80.7 82.1 82.9 82.5 82.6 82.1 80.8 79.7 79.2 78.6 78.2 77.3 76.3 75.3 74.8 74.6 74.6 74 73 71.3 70 70.3 70.5 70.4 70.4 70.1 69.7 69.3 69.1 67.1 65 67.5 68.7 68.8 68.8 69 69.5 69.4 69.3 69.6 69.2 67.5 64 67.8 68.6 69.2 69.5 69.8 70.1 70.1 70.1 70.5 71.1 71.1 71.1 71.3 71.5 71.6
78.7 78.9 79.4 78.9 77.5 76.4 76.1 75.8 75.7 76.2 76.8 76.9 76.9 76.3 78 79.3 79.4 79 78.9 79.8 79.8 80.9 83.3 86.4 85.8 86 84.8 82.3 81.7 83.4 83.6 82.5 81.8 81.5 79.8 79.2 78.7 77.5 76.4 75.7 74.8 74 73.1 72.7 72.7 72.8 71.9 70.6 69.3 69.8 70.2 70 69.2 69.4 69.3 69.1 66.7 65.1 66.8 68.6 68.9 68.9 68.8 69 69.5 69.5 69.6 69.8 68.9 65.5 64.2 68.4 68.9 69.4 69.8 70 70.3 70.2 70.2 71.4 71.6 71.7 71.6 72.1 72.2 72.3
79 78.7 77.9 77 76.2 75.5 75.4 75.4 75.9 76.7 77.5 79.7 79.1 78.4 78.9 79 79.1 78.5 79.5 80.8 81.5 82.7 84.9 86.3 84.9 85 84.5 83.6 83 83.5 83.1 82.3 81.6 81.1 79.6 78.7 78.5 77.8 76.3 74.8 73.8 73.1 72.2 72.4 72.1 71.9 71.1 69.9 69.5 70 70.1 69.9 69.4 68.6 67.7 66.3 66.6 68.1 68.4 68.8 69 69 69 69 69.7 69.5 69.6 69.4 67.1 63.6 66.4 68.5 69.2 69.6 69.8 70.1 70.5 71.1 71 72.1 72.1 72.1 72.1 72.8 72.7 72.5
78.1 77.4 76.8 76.1 75.5 75.2 75.1 74.9 75.4 76.5 78.3 80.7 79.1 78.5 80.2 79.6 78.9 78.5 80 82 83.5 82.7 84.3 83.9 84 84.5 83.9 84.2 84 83.2 82.7 82.1 81.5 80.7 80.3 78.5 78.4 77.7 76.2 75.1 74.5 73.5 72.5 72 71.8 71.6 70.7 69.5 69.4 69.8 69.9 69.8 69.2 69.3 68.7 67.2 67.5 68.5 68.6 69.3 69.2 69.2 69.2 69.3 69.6 68.7 69.2 69.3 68.1 65.1 66 68.4 69.3 69.6 69.9 70.2 70.7 71.6 72.5 72.7 72.7 72.7 72.7 72.7 72.4 72.2
77.6 76.5 76.1 75.4 75.2 74.9 74.8 74.9 75.7 76.7 79.1 80.9 78.2 77.2 78.6 79.4 78.6 78.7 80 82.1 82.8 83.6 83.3 83.2 83.1 83.8 84.4 84.6 84.7 83.6 82.5 82.6 81.4 81.5 80.1 78.7 78.7 78 76.9 76 74.4 73.6 72.3 71.8 71.6 71.4 70.3 69.2 69.3 69.6 69.7 69.4 69.6 69.4 67.8 67.3 68.3 68.9 68.9 69.4 70 69.7 69.5 69.7 70 69.8 69.7 69.3 68.1 65.4 65 67 68.6 69.5 69.8 70.7 72.2 73.3 74.4 73.6 73.1 73.1 73 72.4 72 71.8
76.9 75.6 75.2 75.2 74.9 74.7 74.9 75.9 77 78.2 80.4 79.9 77.6 77.3 78.9 78.4 77.9 78.3 80.6 81 81.6 84.2 83.8 83.4 82.8 83.7 85 84.8 84.9 83.6 82.4 82.4 82.5 82.6 80 78.6 78.8 77.7 76.2 75.6 74.8 73.3 72 71.7 71.4 71.1 70 69 69.2 69.5 69.4 68.4 68.6 69.5 68.2 68.7 69.8 69.5 69.7 70.8 70.3 70.7 70 69.8 69.5 69.4 69.3 69.1 68.8 66.5 63.2 67.9 68.8 68.9 69.9 71.1 72.5 74.3 75 75.4 73.5 73.4 73.2 72.6 71.9 71.4
77.3 75.3 75 75.1 74.7 74.8 76.1 77.4 78.7 80.3 80.7 79.2 76.9 76.9 78.2 77.7 77.7 78.8 80.8 81 81 84.4 83.5 81.6 83 84 84.2 84.5 85.1 83.8 81.6 82.2 82.5 81.7 78.8 79 78.9 77.5 75.5 75.1 74.7 73 72 71.6 71.4 70.7 69.9 69.3 69.2 68.7 68.9 67.5 67.9 67.9 67.8 69.4 70.5 70.2 70 70 70.3 69.7 69.5 69.4 69.2 69.1 69 68.7 67.6 65.9 65.8 68.6 69.3 69.3 70.1 71.7 73.2 74 74.4 74.7 73.6 73.3 73.4 72.8 72.1 71.5
77.4 75.5 75.2 75 73.7 74.1 75.7 77.4 78.7 79.9 79.4 78.2 76.4 76.8 77.7 77.2 77.9 78.8 80.9 81 81.4 82.2 83.8 84.1 84 83.9 83.1 79.4 83.5 83 81.1 80.9 80.3 79.6 78 78 78.3 76.7 74.7 74.3 73.7 72.9 72 71.6 71.2 70.5 69.3 67.8 68.2 68.8 68.3 69 68.6 68.8 68.6 68.9 69.6 69.8 69.5 69.8 69.7 69.6 69.7 69.7 69.5 69.3 68.2 65.9 64.4 65 66.7 68.7 68.9 69.5 70.5 71.4 72.5 74.1 74 74.2 73.8 73.4 73.6 73.2 72.6 71.7
76.5 75.6 75.4 73.9 73.3 74.3 75.7 77 77.9 78.6 78.1 77.4 75.9 76.7 77.9 78 77.9 78.5 79.7 80.9 82.7 83.1 82.9 83.4 83.8 82.9 82.6 82.7 82.8 81.2 78.6 77.7 77.6 77.5 76.5 76.5 76.4 75.9 73.9 73.5 73.1 72.8 72.9 72.4 72.4 69.9 69.3 69.6 69.7 70.1 69.3 70.2 70.2 70.1 69.8 69.9 69.7 69.7 69.7 70 70 70 69.6 69.9 69.6 69.3 67.2 63.4 67.2 66.2 68 68.9 68.8 69.9 71 72.2 73.4 74.7 74.6 74.5 73.7 72.9 73.2 73 72.5 72.5
76.4 76.7 76.7 74.4 73.4 74.3 75.7 76.3 77.8 78.4 77.8 76.8 75.9 76.4 76.9 78 78.3 78.4 79.3 81.2 83.4 83.1 82.7 82.4 83 82.8 82.2 82.3 81.9 79.3 77.3 76.3 75.3 75.4 75.2 74.5 74.9 74.7 74.5 74.8 73.9 74 72.9 71.1 71.1 68.7 70.1 70.9 72 72.2 70.3 71.3 70.8 70.8 70.6 70.4 70.2 70 69.5 69.1 68.9 68.8 69 69.3 69.4 68.7 65.6 64.7 69.1 67.7 68.7 69.1 69.2 69.9 71.3 72.2 74.6 75.3 75.4 75.7 74.8 73.7 74.3 73.8 73.5 72.7
77.3 78 77.6 75.5 74.6 74.5 75.8 75.7 77.4 77.2 76.6 76.1 75.7 75.9 76.8 78 78.4 78.4 79.6 81.3 83.6 83.2 82.6 82.6 82.4 82.2 81.9 81.8 80.5 77.8 75.7 75.3 74.7 74.1 73.7 73.9 74.5 75.3 75.5 75.8 75.4 73.7 72.1 70.8 69.9 70 71.7 72.5 73.3 74.3 72.1 72.4 71.8 71.1 70.8 70.6 70.5 70.1 69.7 69.4 68.8 68.8 68.9 69.3 68.4 67.6 66.1 68.3 69.5 69.2 68.7 69 69.7 70.7 71.1 72.6 74.4 75.9 76.6 77 76.4 74.8 74.9 74.9 75.2 74.8
76.4 76.2 75.6 75.3 75.6 75.7 74.5 75.5 77.1 77.5 77 75 75.5 75.7 76.5 78.1 78.4 78.5 80 81.4 82.9 82.4 82.1 82 81.8 80.9 80.7 80.5 78.9 76.9 75.1 75.1 75 73.6 73.3 73.8 75.6 75.9 75.9 75 73.6 71.2 70.9 69.7 70.3 71.9 73.3 74 74.7 75.7 74.4 74.6 73.4 71.8 71.1 70.8 70.4 69.7 70 69.3 68.3 68.8 68.9 68.6 67.2 65.9 65.4 67.8 69.2 69.6 69.5 69.4 69.8 71 71.7 73.3 74.9 75.9 77.1 78 77.8 76.5 75.9 75.3 76.1 75.5
