UK/data/no/no38_OST50GRID_20230518/NO38.asc
ncols 200
nrows 200
xllcorner 330000
yllcorner 780000
cellsize 50
[rows 35 to 69 of 200, columns 78 to 155 of 200]
588.2 585.2 578.8 572.6 566.5 568.8 574.6 582.1 587.8 596.3 594.8 587.3 569.4 548.1 532.2 518.1 507.8 497.6 478.8 470 480.3 496.9 515.5 536.6 553.9 566.8 572.6 576.1 580.9 583.7 580.4 576.6 576.2 579.1 587.7 596.2 603.6 609.3 617.6 624.1 627.8 633.2 636.2 637 641.5 646 651.8 658.3 663 665.9 665.8 671.2 672.3 680 685.9 689.5 693.1 695.8 698.2 697.9 695.2 690.7 684.5 676.5 670.5 664 655.7 642.9 621.2 607.8 592.4 574 572.3 593.4 610.7 623.4 632.2 640.4
594.9 591 584.5 579.5 575.6 581.4 588.2 594.1 600.5 605.5 604 599.3 587.3 560.7 543.4 528.4 516.3 506 493.6 476.7 481.6 493.5 510.8 532.4 551.2 567 575.1 582.5 590.7 595.3 597.8 595.7 600.2 607.1 613.8 624.2 626.1 635.7 641.4 645.2 645 646.1 646.4 646.1 649.6 653.1 656.3 658.6 666.8 670.4 672.4 672.1 679 682.3 687.1 690.7 694.3 695.6 696.3 695.6 691.9 684.6 679.2 672.9 666.8 660.1 651.3 633.2 616.6 604.3 586.6 564.7 582.4 603.3 622.6 632.5 642.3 648.9
593.1 592.3 588.7 582.9 586.9 592.7 597.8 602.3 607.1 610.2 612.3 609.4 601.9 579.9 554.5 539.7 526.6 514.7 503.7 493 485.8 486.9 501.5 524.9 548 564.9 577 584.8 592.3 599.9 608.1 615.7 622.5 628.1 637.7 643.4 648.4 654 657.4 659.9 661.3 660 656 656.5 657.2 659.7 660.6 663.4 670.5 675.5 679.2 679.6 683.2 686.9 687.6 690.3 694.2 695.9 694.7 692.4 686 679.9 672 667.2 661.9 656 645.2 626.1 612.9 599.3 578 576.7 594 614.1 631.9 642.2 650.6 656.4
588.1 590.6 590.1 590.2 595.8 601.1 604.7 609.3 612.8 616.3 620.7 618.7 614.3 603.2 574.6 554.3 537.6 524.3 513.8 504.3 491.8 487.5 496.1 515.4 539.9 560.5 574.4 583.5 593.3 604.8 617.3 629.4 637.6 646.6 654.5 658.7 661.2 666.5 671.6 674 673.1 671.4 667.7 666 665.4 667.1 669.5 670.9 674 679.6 684.2 685.5 686.9 689.5 691.2 689.1 692.9 694.2 692.1 687.8 681.4 673.4 667.2 662.6 656.5 650.4 636.8 620.4 608.1 590.3 570.2 588.3 608.1 628.5 641.3 651.2 658.3 664.4
583.1 587.7 592.1 594.7 600.5 606.4 610.8 615.7 620.1 625.9 627.3 627.1 625.2 618.7 597.9 570.8 550.9 534.8 522.9 512.4 502.8 489.8 495.5 509.8 527.3 548.7 567.6 579.6 591.7 607.2 621.5 635.9 646.4 656.8 664.1 667.8 670.4 676.2 681.5 683.4 683 680 676.7 674.3 673 674.8 676.9 676 678.7 683.7 686.9 689.2 690.6 691.8 693.3 691.5 691.9 692 689.3 684.2 677.3 668.1 662.4 657.1 651.1 642.9 628.6 615.8 601 579.6 580.5 601 622.8 640.9 648.2 657.6 664.9 671.3
578.9 585.5 591.8 597.9 603.1 610.1 616.9 621.6 626.4 631.8 634.2 636.7 635.5 629.8 615.9 588.5 566.9 546.6 530.9 517.7 507.6 496.2 494.5 506 520.9 539.1 559 572.3 588.4 605.6 623 638.4 650.8 661.1 668.5 674.5 677.6 681.3 685.2 688.2 688.9 685.7 683.4 681.8 680 681.7 684.1 684.1 684.5 687.1 691.1 692.9 693.1 693 693.8 692.1 690.6 690.2 686.8 680.6 673.5 663.6 657.2 651.3 643.7 633.1 622.2 610.1 590.4 578.5 594.1 611.7 635.1 645.3 653 664 671.1 676.9
575.9 583.7 591.4 599.4 606.3 615.7 622.8 629.2 633.4 637.6 641.9 645.1 645.6 639.5 628.1 605.8 582.8 561.5 541.6 525.9 513.6 500.2 495.3 502.8 514.4 532.2 552.1 565.8 579.6 599.7 621.6 639.7 653.8 665.4 671.7 676.6 680.2 683.1 686.7 690 691.3 690.4 688.7 687.3 685.5 687.8 688.3 689.8 689.8 690.1 693.3 695.1 694.7 694.2 693.6 692.2 690.7 688 684.3 677.9 669.3 659.7 652.9 646.2 636.9 625.8 614.3 605.7 580.4 589.3 604.2 625.4 640.6 649.4 658.7 669.2 675 678.1
571.6 580.8 590.9 600.4 610.4 621.8 630 636.4 641.9 645.3 649.8 653.1 653 647.5 637.7 622 596.4 574.7 554.2 538.6 520.3 506.3 500.7 498 509.8 523.5 544.3 560.1 575.5 597.2 619.8 636.6 652.1 663.3 670.1 675 679.6 683.7 687.1 690.7 692.9 694 693.3 692 692.1 691.7 692.9 693.2 693.3 692.7 694.9 695.5 695.1 694.6 692.9 690.7 689.3 685.3 681.4 675 666.9 656.7 648.8 642.4 632.2 621.5 610.9 603 587.7 596.9 613 632 644.8 652.1 661.5 669.1 674.3 676.7
567.7 578.1 591.4 607.7 617.7 632.9 638.1 643.7 649.1 653 656.8 659.2 658.7 653.4 644.8 631.5 608.9 588.3 566.1 546.9 530.2 509.3 507.8 499.2 505.2 519.1 538 556.8 572.8 588.7 611.9 630.3 643.9 654.9 664.6 672.5 678.2 683.2 687.2 690.3 694.7 696.9 697.4 696.8 696.1 696.2 696.6 696.7 695.1 695.2 695.1 695.1 694.2 693.3 691.7 689.8 687.1 684.6 678.9 672.1 665.2 654.5 646.8 640.1 631 621.2 614.5 596.5 595.1 604.4 617.8 634.3 647 655.2 662.6 668.5 671.5 674.6
565.2 579.2 601.8 614.8 626.8 642.1 646.5 650.9 657.8 660.2 661.6 663.4 662.6 658.2 650.6 640.1 623.7 601.2 578.9 557.6 537.3 522.6 511.4 504.5 508.3 512.9 531.2 549.1 567.1 586.9 605.7 622.3 636.3 648.6 658.9 668.5 676.5 682.4 687.1 692.4 696.7 699.1 700.3 700.4 700.3 699.5 699.7 698.2 696.4 696.1 694 693.7 693 691.2 690 688.8 686.3 681.8 677.6 669.4 661 652.8 644.9 637.4 629.7 620.7 615 591.3 599.2 612.4 621.2 636.3 648.8 656.7 662.9 667.6 670.7 672.8
568.3 588.5 607.6 620.5 630.5 646.6 651.6 658.3 663.1 664.2 665.4 665.9 663.9 660.4 655.9 646.6 634 611.8 592.9 572.1 548 530.9 517.4 508.8 506.9 510.6 523.9 538.2 560 581.4 601.3 616.6 629.2 641.2 654.1 665.1 674.1 681.5 688.5 693.6 699.2 702.5 703.5 703.4 702.8 702 701.9 699.2 696.1 694.5 693.2 691.2 689.8 689.4 688.5 687.6 684.5 680.4 676.3 670.1 662.6 654 646 638.1 630.1 621.7 609.6 594.4 614.6 617.8 623.8 637.4 649.5 656.3 662 665.4 669 672.4
571.1 595.9 609.9 622.2 633 645.7 652 660.3 664.4 666.5 666.5 666.5 664.7 661.2 657.5 652.1 643.8 620.9 602.1 582.8 554.7 540.6 529.2 514.2 512 509.3 515 533.1 551.9 574.6 594.4 609.3 622.1 635.2 648.2 661.7 673.2 682.4 690.2 697.1 702.1 705.7 706.9 706.2 704.7 702.7 700.9 697.6 694.5 691.7 689.9 688.3 686.9 686.4 686.5 685.9 683.6 680.1 675.1 669.1 662.1 653 644.3 638.2 630.9 620.3 597.2 609.5 623.1 624.2 629.9 641.9 651.1 656.5 661.1 666 669.6 672.5
578.6 596.8 609.1 622.5 634.5 643 651.1 659 663.9 665.2 665.3 665.3 664.9 662.4 660.1 655.6 649.3 626.4 607.1 586.8 557.6 551.1 535.1 522.2 516.8 512.2 512.4 527 540.9 564.8 585.2 600.8 615.6 627.2 641.7 658.1 671.9 682.3 691.6 699.2 704 707.1 708.6 708.3 704.9 702.2 697.5 693.8 690.8 687.3 685.3 684.2 683.1 682.4 683 682.6 681.1 677.6 673.1 667.8 660 652.1 642.8 637.6 629.8 617.5 596 616.3 627 629.3 637.7 646.4 652.1 656.9 660.6 665.5 670 672.3
579.2 593 605.5 620 630.4 639.6 648.7 656 660.5 661.9 663 663.5 664.2 664.2 662.5 657 648.2 627.4 609.1 588.6 572.5 557.5 547.5 531.2 522.1 519.6 516.3 521.8 535 552.5 575.1 592.2 606.8 621.7 637.4 656.5 668.5 682 692 700.4 703.9 706.6 708.3 708.2 703.9 697.7 692.1 688.3 685.2 682.6 680.6 680.4 679.9 680.5 679.4 679.4 677.8 673.6 669.5 665.1 658.7 651 642.6 636 628.2 611 607.9 621.1 629.5 634.2 642.5 648.5 653.1 657.9 660.9 665.9 670.5 673.3
577.7 588.8 601.2 614 623.9 632.8 645.4 651.4 656.2 658.6 660.9 662.2 662.8 663.6 661.9 655.8 642.1 627.2 612.1 595.4 579.4 569.9 559.6 544.8 542.6 536.3 524.6 518.8 529.2 543 565.6 582.9 600.5 617.3 634.2 649 666 682.6 691.6 697 700.7 703.5 705.1 704.3 700.1 691.5 686.3 682.5 680 677.2 677 675.6 676.7 676.3 675.4 675.1 673.5 669.7 666 662.7 657.3 650.1 642.1 634.2 625.9 608.7 612.9 625.6 633 637.7 645.8 649.9 653.9 661.2 666.6 669.5 672.9 673.6
573.1 584.8 595.3 607.2 618.6 627.2 639.5 644.8 651.2 657.4 661.2 661.8 661.5 660.8 657.5 649.6 635.7 626.4 615.7 601.6 587.6 579.1 572.3 546.9 557.8 547.9 541.2 528.5 523.1 536.7 551.5 573.5 592.9 608.8 624.8 644.8 663.5 678.5 688.6 693 694.8 697.7 699.6 697.8 689.2 683.2 679.1 675.7 673 672.5 673.3 671.8 672.8 671.9 670.8 671 669.1 665.2 663.8 660.4 655.5 647.2 640.2 633 625.2 603.7 621.5 632.6 638.3 642.8 648.5 653.3 659 665 668.2 670.8 672.6 675
568.2 579.1 589.4 600.1 614 623.5 631.2 640.5 648.9 657.4 661.5 661.6 659.7 657.4 653.6 643.3 634.8 626.7 616.8 607 593.7 584.3 574.2 561.8 568 562.2 556.4 544.2 530.2 528.9 541.3 560.6 579.7 599.6 619.3 638.8 655.3 671.5 684 689.4 690.2 690.3 688.8 682.4 677.8 673.8 671.6 670.7 669.2 668.4 668.5 668.1 668.9 667.8 666.8 667.3 665.9 664.2 660.4 656.6 651.1 645.2 637.9 631.5 615.7 619 630.9 636.8 643.7 646.2 651.9 656.1 660.7 667 671.7 671.8 674.5 675.2
563.5 573.8 585.5 595.4 609.5 619.1 627.9 638.5 647.7 656.5 660.4 660.5 657.6 654.8 649.6 640.9 634.5 626.5 620.3 612.4 595.4 590.3 569.6 573 572.4 574.5 567.6 561.9 551.1 532.9 530.2 547.3 569.3 593.2 614.3 630.7 646.3 663 678.3 683.1 681.6 676.9 674.4 671.7 669.7 667.9 666.9 666.5 665.8 665.1 665.7 664.8 665.1 663.9 663.6 663.8 662.8 661 658.7 655.3 648.2 641.1 636.4 628.4 611.2 627.6 634.3 641.3 648.3 652.6 654.4 659.4 663.5 668.6 670.3 672.6 673.9 675
558.6 568.2 580.1 592.1 605.7 616.6 626.7 635.6 647.4 654.1 658.7 659.1 656.3 652.7 647.2 642.3 636 628.6 622.2 611.4 601.5 592.8 565.8 578.1 579.7 586.5 584.4 584.5 575.2 554.7 537.7 543.2 562.5 585.4 605.2 621.4 637.2 657 668.3 671.1 668.2 666.3 664.3 663.2 662.6 663 662.6 662.6 662.4 661.4 662.5 661.8 662.3 661.6 660.3 660.3 660.1 657.2 655.6 652 646.8 642.1 637 627 610.6 630.1 637.1 645.1 651 655.9 656 660.6 665.2 668.2 669.6 671.8 673.6 673.6
552.8 562.3 573.9 588.9 602.4 613.5 625.5 633.8 642.9 653.4 656.5 657.5 655.9 651.6 646.6 641.3 636.3 630.7 622.2 613.5 605 590.5 579.6 585.9 591.4 601.4 607.4 607.1 596.7 580.1 546.8 538.5 558.1 579.1 595.7 612 630 646.5 656.6 657.9 655.3 654 654.6 655.3 657.5 657.9 657.9 658.5 658.3 658.4 659.4 659.2 658.7 658.2 656.1 657.8 657.3 654.3 653.1 649.9 643.4 639.5 635.3 624 618.2 631.5 638.1 646 653.1 657.7 658.8 660.8 664.4 667.5 668.3 670.2 671.5 672
552.3 559.1 571.3 584.5 598.2 610.5 621.9 631.9 641.3 650.3 655.1 656.9 655.4 651.2 648.4 644.6 639.9 631.3 624 616.8 604.9 587.5 587 599.2 602.7 609.7 614.7 618.9 616 596.4 564.1 551.6 550.4 568 585.4 601.5 618 635 640.1 639.6 637.6 641.2 644.6 649.3 651.5 652.6 652.1 653.4 654.3 654.8 656.5 655.9 656.1 655 653.8 654.7 654.4 653.2 650.9 646.1 644.3 639.7 632.2 622.7 621.1 631.6 643.2 647.7 653.8 657.5 658.2 660.8 662.6 663.8 667 669.4 669 669.4
554.5 562 570.5 582.2 594.7 606.7 618.3 629.5 639.4 648.8 653.2 655.3 654.1 651.4 648.8 645.5 640.8 633.8 626.9 618.6 606.7 594.3 600.1 606.6 603.4 613.8 621.1 624.6 624 613.3 588.9 558.6 559.7 557.6 575.1 593.6 605.3 615.3 618.4 623.3 628 634 637.7 641.9 644 645.3 645.1 647.3 649.6 651.8 652.6 653.5 653.1 652.6 653 652.3 651.3 650.6 647.8 645.3 643.3 637.4 632.9 618.7 626.8 634.6 643.6 646.9 653 656.6 657.4 659.1 661.2 663.9 664.1 667.7 668.3 668.6
553.9 562.7 572.1 581.6 594.2 604.5 616.1 626.7 638.1 647.2 651.4 652.7 652.4 651.4 649.1 646.6 641.7 634.8 629.4 620.4 614.9 600.9 612.5 610.9 607.7 617.3 624.9 628.9 629 624.6 611.4 588.8 572.7 566.6 572.8 580.9 584.6 589.2 600.5 606 617.6 619.3 626.6 634.7 636.6 636.4 635.1 639.5 645.1 648 648 649.3 649.2 649.1 651.5 651.3 650.3 646.9 646.5 644.4 640.9 639 632.4 617.3 629.2 637.7 643.3 647.2 652.1 654.9 654.5 656.3 657.6 662.3 664.3 666.3 666.9 666.4
559.1 561.3 572.4 579.1 591.2 604.2 615.2 626 636.9 646.5 649.9 650.8 652.1 651.8 650.3 646.8 641.9 636.6 631.2 623.3 617.1 603.6 617.5 617.9 613.8 621.1 626 631.1 632.7 630.3 620.5 606.3 581.7 576 577.1 587.7 599.5 600.3 591.4 597.1 603.5 610.6 611.8 618.1 618 623.5 632.9 636.6 639.4 642.5 645.4 648 650.8 650.3 651.1 649.3 649.1 646 644.3 642.3 640.7 637.1 628.7 617.6 631 636.9 642.4 645 650.6 650.5 653.2 654.7 655.8 660.4 662.4 664.8 664.6 664.5
563.5 564.3 572.5 579.1 591.7 604.2 615.4 626.1 636.3 643.1 646 648.4 651 651 650.2 646.9 642.4 636.6 631.8 627.4 623.5 612.1 620.2 624.1 618.6 624.2 629.2 631.9 634 633 629.6 621.2 595.7 597.5 587.8 594.3 600.5 608.6 614.5 615.6 617 622.6 618.9 615.2 623.8 617.5 630.4 631.6 638 641.6 645.5 649.2 652.3 651.6 651.9 648.8 648.7 645.2 643.2 640.3 637.1 633.7 623 622.1 626.8 633.1 640.5 643.8 647 648.8 651.4 653 655.1 656.9 659.6 660.8 662.2 662.9
572.2 564.4 573 580.3 590.8 604.3 614.7 626.1 635.3 639.6 643.6 647.3 649.5 650 649.1 646.5 641.6 638.4 634.7 630.8 624.7 618.8 623.7 626.8 622.4 624.7 631 633.3 634.5 634.7 632.5 628.5 613.6 615.9 607.6 610.7 620 625.5 632 629.2 631.9 630.5 628.2 633.6 636.1 627.6 621 634 639.4 643 645.8 648.2 651.8 652.9 652.6 649.7 648.3 646.6 644.5 640.3 636 631.8 624.5 629.2 625.9 623.8 638.5 641.5 642.2 646.5 649.3 652.7 654.6 656.3 657.7 657.5 659.9 660.7
583.6 573.1 577.9 580.4 592.7 604.2 614.7 623.9 630.7 636.5 641.2 645.6 647.9 648.8 648.1 644.4 642.7 640.5 636.1 633.6 625.2 617.8 628.3 628 628.3 630.1 632.4 634.8 635.4 636.1 635.4 630.1 621.7 616.6 626.5 626.5 635 639.5 641.4 639.2 637.7 635.5 631.5 639.4 642.8 635.4 622 633.3 642.2 645.9 648.9 651.3 652.7 653.8 653.3 649.9 646.8 644.8 642 638.9 635.8 632.7 626.7 633.5 632.4 624.5 633.5 639.7 639.5 644.5 647.3 649.3 652.7 654.4 654.9 654.8 655.9 659.4
590.7 593.6 586.7 583.6 591.9 604 615.9 623.1 628.5 635.1 640.2 644 645 647.8 649.1 647.6 645.4 641.9 637 635.9 634.7 619.3 632.9 631.7 632.8 634.2 633.6 636.2 637 636.7 635.9 628.8 617.6 621.7 631.7 636 638.7 644.7 645.9 644.3 640 639.8 635.2 640.5 643.4 638.4 624.8 635 643.4 647.7 649.9 652.9 655 655.2 653.5 650.6 647.4 645 640.3 639.7 634.5 633.6 629.9 636.3 635 628.5 629.7 634.9 636.9 641.2 642.6 646.1 649.7 651.4 651.8 650.2 653.1 658.9
606.9 605.2 597.4 589.5 586.3 601.5 613 621 627.7 633.5 639 642.7 646 649.6 648.8 650.1 646.8 642.4 640.4 640 638.5 621.8 637 635.4 635.6 636.7 635.2 637.7 640.9 639.6 635.2 628.4 622.5 634.2 637.3 640.7 646.2 648.7 649 646.9 643.7 643.2 638.9 639.6 640.8 626 633.6 637 644.5 650.3 652.6 656.2 657.7 656.4 653.6 650.8 646.4 644 640 638.9 637.5 630.9 632.6 637.5 636.8 630.9 629.7 631.3 635 637 638.6 641.3 645 645.9 645 642.9 650.5 658.6
621.6 618.7 612.2 603.1 592.6 593.7 611.2 618.6 626.2 633.2 637.8 643.1 648.8 650.3 651.8 651.5 648.6 642.9 639.6 642.4 640.2 630.2 636.8 637.9 640.2 639.4 637.4 638.9 641.8 638.8 632.5 619.9 631.1 636.5 641.7 646 649.8 652.1 651.5 646.9 646.7 646 641.4 640.2 634.9 627.6 641.5 637.1 645.2 652.5 656.6 659.2 660.3 657.2 653.8 650.8 646.8 643.9 640.4 638.2 636.1 634.9 634.9 637.5 637.4 631 628.8 630.2 632 633.4 634.9 636.8 637.2 639.1 638 638.7 647.8 656.7
628.4 627.6 623.5 609.5 601.5 596.6 605.5 617.5 625 631.2 636.2 643.1 648.4 650.9 653.4 652.2 648.5 643.7 641.5 644.7 639.2 630.2 640.2 643.2 642 641.7 641.7 639.5 639.6 634.6 624.5 624.7 632.3 636.9 643.4 648.6 651.6 654.1 652.9 651.1 649.8 649.6 645.6 641.8 627.8 634.3 642.4 643.9 647.5 653.9 658.3 660.7 659.6 657.1 653.2 650.2 647.8 645.4 642.4 640.1 637.5 636.9 635.8 637.1 637.1 633 631 629.2 627.8 629 630.4 631.6 632.1 633.9 631.2 634.7 645.2 654.2
636.6 634.5 629.4 622.8 619.3 607.3 602.1 608.4 616.7 627.6 636.2 643.4 650.1 653.6 654.7 652.8 648.1 644.8 643.3 646 633.6 634 643.1 645.3 644.6 644.8 643.9 640.4 637.1 626.8 627.5 633.1 636 638.3 642.3 649.1 652.2 655.2 654.7 653.4 651.7 650.8 647.2 642 628 636.6 643.9 646.8 649.7 653.4 656.7 658.5 658.1 657.2 654.6 651.1 651.1 648.2 643.3 640.6 639.2 638.2 636.4 636.5 636.6 634.6 631.8 627.9 624.8 623.9 625.5 626.5 628.2 628 617.6 630.3 641.4 651.3
643.5 641.4 632.3 631.1 624.9 613.5 611 611 618.9 624.4 635.9 644.6 652.1 655.7 655.7 652.8 649.2 645.8 644.8 641.5 631.1 637.4 645.3 645.7 645.6 646 644.1 640.1 632.4 629.2 630.4 636.3 638.1 640.2 647.1 650.8 652.2 654.5 654.8 654.9 653.6 651.8 647.8 639.8 631.4 638.8 645.4 647.6 651.7 654.3 655.3 656.8 657.4 656.2 654 654.9 653.1 649.1 644 640.7 639.5 637.7 636.6 634.5 635.3 633.6 632.2 628.7 622.7 615.4 617.6 620.4 622.2 622.3 614.2 628.3 638.1 648.4
651 646.7 641 638.8 629.8 621 614 611.8 624.8 630.9 635.5 644.4 654.8 657.5 654.8 652.8 650.6 646.7 645 639.1 632.8 637.6 644.1 645.8 646.3 645.9 643.7 639.3 630.2 633.8 637.8 639.7 641.8 644.5 648.5 651.3 652.8 653 655.4 655.8 654 651 644.3 631.9 636 646.1 647 650 653.8 655.1 656.4 657.5 657.4 657.5 655.6 656.5 654.7 651.2 644.8 640.8 639.4 637.3 636.1 634.8 634.6 633 630.5 628.3 619.4 607.4 611.2 612 614.9 615.9 611.3 625.1 635.2 646.3
655.7 650.9 648 642.8 632 623.8 613.4 616.8 625.2 632.4 640.8 649.5 655.7 658.2 657.3 657.2 653.4 650.5 646.4 639.3 635.2 641.5 641 645.4 646.6 645.5 642.6 636.4 635.2 637.9 642 640.9 643.4 647.8 649.6 652.1 653.2 653.4 654.1 654.7 651.9 645.3 634.9 646.4 644.4 648.1 650.1 651.2 652.1 657.3 658.7 659.5 659 657.6 657 654.9 654.4 650.8 644.8 642 639.4 637.7 635.4 633.7 632 629.5 628.4 625.5 618.1 607.6 600.5 604.6 608.4 601 608.8 621.7 632.4 643.7
