WholeMapElevations/data/nm/nm68_OST50GRID_20230518/NM68.asc
ncols 200
nrows 200
xllcorner 160000
yllcorner 780000
cellsize 50
[rows 76 to 113 of 200, columns 86 to 171 of 200]
-1.7 -1.7 -1.7 -1.7 -1.7 -1.7 -1.7 -1.7 -1.7 -1.7 -1.7 -1.7 -1.7 -1.7 -1.7 -1.7 -1.7 -1.7 -1.7 -1.7 -1.7 -1.7 -1.7 -1.7 -1.7 -1.7 -1.7 -1.7 -1 -0.6 -0.7 -0.5 -0.6 0.1 -1.7 2.4 1 3.3 4.4 4.7 7.4 11 10.7 10.7 10.6 8.7 4.9 5.9 6.3 4.6 3.9 4.3 4.1 3.6 7.5 10.3 7.2 7.6 10.9 26.9 36 44.6 55.4 66.2 66.2 71.2 82.9 91.6 82.8 78.4 72 68.1 65.4 76.9 93.6 107.6 115.3 103.8 130.5 134.2 158.1 169.4 169.4 175.5 187.6 184.6
-1.7 -1.7 -1.7 -1.7 -1.7 -1.7 -1.7 -1.7 -1.7 -1.7 -1.7 -1.7 -1.7 -1.7 -1.7 -1.7 -1.7 -1.7 -1.7 -1.7 -1.7 -1.7 -1.7 -1.7 -1.7 -1.7 -1.7 -1.7 -1.7 -1.5 -1.7 -1.7 -1.7 -1.7 -1.7 2.1 2.8 4.6 8.1 7.9 14.4 18.9 19.5 18.1 15.7 10.1 6.2 2.3 5.6 3.9 3.8 4 3.8 5.2 11.7 11.2 9.7 8.4 14.3 30 41 44 50.7 55.1 55.5 62.6 78.1 73.2 71.1 71.1 67.5 59.3 60.2 74.4 90.3 95.5 103.4 114.5 126.1 134.8 148.9 156.9 163 168.3 175.9 173.6
-1.7 -1.7 -1.7 -1.7 -1.7 -1.7 -1.7 -1.7 -1.7 -1.7 -1.7 -1.7 -1.7 -1.7 -1.7 -1.7 -1.7 -1.7 -1.7 -1.7 -1.7 -1.7 -1.7 -1.7 -1.7 -1.7 -1.7 -1.7 -1.7 -1.7 -1.7 0.3 2.1 2.2 2.4 3.2 3.7 8.7 15.9 19.6 25.3 28.5 25.9 21.7 15.3 10.3 6.5 5 3.9 2.1 3.5 3.3 3.6 6.7 13.2 8.5 7.5 9.5 22.9 37.8 49.2 51.5 47.4 52.2 53.4 56.5 60.6 67.9 76 70.2 62.6 56.5 59.2 68.4 83 81.8 88.2 114.8 121 132.1 144.6 155.3 164.2 158.9 161.2 161.7
-1.7 -1.7 -1.7 -1.7 -1.7 -1.7 -1.7 -1.7 -1.7 -1.7 -1.7 -1.7 -1.7 -1.7 -1.7 -1.7 -1.7 -1.7 -1.7 -1.7 -1.7 -1.7 -1.7 -1.7 -1.7 -1.7 -1.7 -1.7 -1.7 -1.3 -0.4 0.5 2.3 2.4 2.4 6.8 11.4 21.4 23.9 24.9 28.8 30.8 31.2 21.7 14.3 9.3 6.3 5.3 2.1 2.1 2.1 3.1 3.8 4.6 7.3 9.1 7.9 10.5 21.8 39.5 48.4 61 63.2 61.4 62 57 56.8 61.1 70.7 80.9 61.5 54.8 60.2 63.8 70.5 74.7 87.5 107.1 115.1 127.6 144.1 153.7 154.4 152.8 155 147.8
-1.7 -1.7 -1.7 -1.7 -1.7 -1.7 -1.7 -1.7 -1.7 -1.7 -1.7 -1.7 -1.7 -1.7 -1.7 -1.7 -1.7 -1.7 -1.7 -1.7 -1.7 -1.7 -1.7 -1.7 -1.7 -1.7 -1.7 -1.7 -1.7 -0.2 0.7 1.4 2.4 2.4 7.6 16.6 19.1 25.2 27.6 30.8 32.6 33.3 32.1 18.1 10.9 6.9 4.6 3.4 2.1 2.1 2.1 2.1 4.2 5 6.1 9.9 9.3 14.1 23.7 39.2 49.2 62.5 67.7 61.5 64.6 68.9 57.8 56.4 59.9 67.6 53.7 54.5 54.4 61.1 64 66.7 81.6 100.7 110.2 119.3 132.5 144.9 146.5 145.3 142.6 139.2
-1.7 -1.7 -1.7 -1.7 -1.7 -1.7 -1.7 -1.7 -1.7 -1.7 -1.7 -1.7 -1.7 -1.7 -1.7 -1.7 -1.7 -1.7 -1.7 -1.7 -1.7 -1.7 -1.7 -1.7 -1.7 -1.7 -1.7 -1.7 -1.7 0.8 1.9 2.7 7.4 9.6 16.2 21.5 24 29 34.8 34.5 36.7 34.8 32.7 21.1 5.9 4.8 3.5 2.1 2.1 2.1 2.1 2.3 3.3 5.8 11.4 14.8 11.7 20.5 25.3 36.4 48.5 58.5 64.3 70.8 70.8 63.5 73.9 59.4 53.2 54.7 53.4 59.3 54.8 56.6 60.8 64.3 80.9 91.1 100 110.9 124.5 131.1 134.7 128.1 123.2 126.1
-1.7 -1.7 -1.7 -1.7 -1.7 -1.7 -1.7 -1.7 -1.7 -1.7 -1.7 -1.7 -1.7 -1.7 -1.7 -1.7 -1.7 -1.7 -1.7 -1.7 -1.7 -1.7 -1.7 -1.7 -1.7 -1.7 -1.7 -1.7 0.3 1.9 4.3 7.2 12.8 16.4 19.6 24 27.2 30.4 35.1 36 36.6 36.2 32.5 20.9 5.7 4.6 3.9 3.2 2.2 2.1 3.2 2.6 3.3 10.2 18.4 22.6 21.6 26.5 28.2 37.9 48.4 54.7 66.2 71.5 78.3 75.2 59.5 65.3 56 53.2 55 58.2 55.9 56.7 58.2 63.8 74.2 86 89.6 104.6 115 118.2 118.2 111.9 112.6 121.3
-1.7 -1.7 -1.7 -1.7 -1.7 -1.7 -1.7 -1.7 -1.7 -1.7 -1.7 -1.7 -1.7 -1.7 -1.7 -1.7 -1.7 -1.7 -1.7 -1.7 -1.7 -1.7 -1.7 -1.7 -1.7 -1.7 -1.7 -1.7 1.8 5.4 11 15 16.3 20.2 23.4 28.5 30 33.1 35.3 36.1 35.3 32.7 30.2 21 7.6 4.6 4.2 3.8 3 2.7 2.7 3.3 3.5 7.7 15.6 24.2 29.2 29.6 30.9 42.4 51.7 52.6 59.6 71.4 75.2 68 59.7 61.1 50.1 65.1 61.6 58.3 58 55.7 56.5 61.5 72.2 80.4 85.3 92.7 107.5 106.8 105.8 103.5 105.8 109.1
-1.7 -1.7 -1.7 -1.7 -1.7 -1.7 -1.7 -1.7 -1.7 -1.7 -1.7 -1.7 -1.7 -1.7 -1.7 -1.7 -1.7 -1.7 -1.7 -1.7 -1.7 -1.7 -1.7 -1.7 2 2.3 2.5 2.4 5.8 12.7 17 19 23.7 26.9 27.7 38.3 38.1 35.1 35.8 37.8 36.6 29.3 27 20.7 6.2 5.2 4.6 4.1 3.8 3.5 3.4 3.3 2.6 7 14.9 27.6 30.6 31.5 35.4 46.6 53.5 63.3 73.6 66.9 66.8 56.1 49.1 50.2 62.2 63.6 64.3 57.9 55.8 56.4 55.9 58.2 63.2 72.7 82.1 86.2 93.5 97.1 98.8 100.9 104.3 105.7
-1.7 -1.7 -1.7 -1.7 -1.7 -1.7 -1.7 -1.7 -1.7 -1.7 -1.7 -1.7 -1.7 -1.7 -1.7 -1.7 -1.7 -1.7 -1.7 -1.7 -1.7 -1.7 -1.7 -1.7 4.6 8.9 12.7 7.7 14 19.9 23.8 23.9 28.2 32.7 32.2 40.4 40 38.1 37.6 38 38 28.3 23.7 16.2 6.4 5.3 4.8 4.5 4.1 4.2 3.5 2.4 3.5 4.5 14.9 27.2 31.7 33.3 42.7 55.8 64.3 64.6 70.9 68 64.4 51.5 47.7 47 50.3 59 60.6 58.8 56.5 56.1 57.5 64.1 60.1 62.7 74.7 81.6 90 94.9 102.4 95.3 96.9 100
-1.7 -1.7 -1.7 -1.7 -1.7 -1.7 -1.7 -1.7 -1.7 -1.7 -1.7 -1.7 -1.7 -1.7 -1.7 -1.7 -1.7 -1.7 -1.7 -1.7 -1.7 -1.7 2.3 6.8 14.7 13.6 12.9 15.3 21.5 27.9 32.4 33 32.8 40.9 43.1 40.4 41.6 39.7 38.3 38.1 36.9 29.7 22.2 18 6.3 5.3 4.9 4.7 4.4 4.9 3.7 2.4 3.6 4.7 16.5 25.6 31.7 34.2 45.7 50.5 55.1 56.7 56.5 57.1 56.5 51.2 48.4 48.3 50.2 57.7 70.9 62.5 59.6 57.2 57.3 62.7 75.9 65.9 65.5 75.5 84.9 90.6 98.9 88.3 94.1 98.3
-1.7 -1.7 -1.7 -1.7 -1.7 -1.7 -1.7 -1.7 -1.7 -1.7 -1.7 -1.7 -1.7 -1.7 -1.7 -1.7 -1.7 -1.7 -1.7 -1.7 -1.7 -1.7 3.5 7.7 15.3 13.2 12.7 17.2 24.2 30.4 36.1 38.8 37.1 41.7 47.6 45.4 42.7 39.8 38 39.4 33.9 28.6 20.8 14.7 6.1 5.2 4.9 4.8 4.6 5 4.2 2.6 3.8 5.8 20.9 29.5 34.5 41.1 45.4 49.6 51.4 50.7 51.7 54.3 54.3 51 48.3 48.1 49.9 59.1 68.6 65.4 65.7 64.6 60.4 62.2 83.5 85.8 79.8 73.1 68 80.6 84.7 84.1 93.3 95.8
-1.7 -1.7 -1.7 -1.7 -1.7 -1.7 -1.7 -1.7 -1.7 -1.7 -1.7 -1.7 -1.7 -1.7 -1.7 -1.7 -1.7 -1.7 -1.7 -1.7 -1.7 -1.7 3.5 7.9 13 11.8 8.5 13.1 17.6 26.9 27.7 32.9 34.8 34 42.3 42.2 38.6 35.8 36.7 39.3 32.6 21.5 16.2 14.7 6 5.2 4.9 4.7 5.3 8.8 5.6 2.1 4.8 11.5 27.5 37 45.6 52.4 54.1 52.6 51.1 49 49.4 54.3 48.5 50.6 48.5 47.6 50 61.1 73.5 75.4 76.8 63 65.1 65.9 82.1 86 85.9 91.5 81.6 73.7 73.1 71.8 77.3 81.8
-1.7 -1.7 -1.7 -1.7 -1.7 -1.7 -1.7 -1.7 -1.7 -1.7 -1.7 -1.7 -1.7 -1.7 -1.7 -1.7 -1.7 -1.7 -1.7 -1.7 -1.7 -1.7 -1.7 3.1 7.9 5.1 2.4 4.9 8.6 16.1 20.2 20.7 24.1 26.5 31.8 33.9 33.8 30 30.9 34.5 34.8 23.9 14.2 13.6 7.1 5.2 4.9 5.2 5.8 6.4 5.9 5.6 10.2 26.7 42.5 51 57 62.7 64.5 68.4 65.2 49.5 47.3 48.6 46.9 48.2 48.7 47.6 49.8 61.1 82.4 79.9 80.2 66 66.1 68.4 73.5 86.3 91.2 89.4 88.6 81.4 80.8 79 76.4 76.6
-1.7 -1.7 -1.7 -1.7 -1.7 -1.7 -1.7 -1.7 -1.7 -1.7 -1.7 -1.7 -1.7 -1.7 -1.7 -1.7 -1.7 -1.7 -1.7 -1.7 -1.7 -1.7 -1.7 -1.7 -1.7 2.3 0.9 2.4 4.7 12 16 17.3 19.2 20.8 21.7 23.6 25.1 23.6 24.6 26.7 28.7 25.6 14.1 13.3 6.2 5.2 5.5 5.9 6.1 6.2 5.6 18.7 37.3 36.9 51.3 57.4 64.6 66.5 71.7 73.7 69.6 57.6 46.6 47.9 47.3 48.6 49.1 48.8 50.5 65.9 75.5 79.3 80.2 70.9 62.8 62.1 71.7 73.9 97.1 87.6 84.7 86.4 85.9 80.6 87.6 86.3
-1.7 -1.7 -1.7 -1.7 -1.7 -1.7 -1.7 -1.7 -1.7 -1.7 -1.7 -1.7 -1.7 -1.7 -1.7 -1.7 -1.7 -1.7 -1.7 -1.7 -1.7 -1.7 -1.7 -1.7 -1.7 -1.7 -0.4 1.8 4 11.2 15.3 16 15.7 16.1 12.1 10.7 11.3 12.7 17.8 18.1 21.8 21.3 12.4 10.6 6.6 6.1 6 6.2 6.2 5.2 9.1 21.8 39.3 51.9 59.4 61.2 68.1 71.6 75.6 75.6 67.4 57.5 47.8 45.4 50.4 49.5 53.1 51 57.6 66.9 73.6 80.4 76.8 60.7 59 57.6 60.4 79 76.2 83 84.8 84.9 82.9 83.4 93.3 89.7
1.9 2.8 -1.7 -1.7 -1.7 -1.7 -1.7 -1.7 -1.7 -1.7 -1.7 -1.7 -1.7 -1.7 -1.7 -1.7 -1.7 -1.7 -1.7 -1.7 -1.7 -1.7 -1.7 -1.7 -1.7 -1.7 -0.3 2.8 9.3 15.1 16.4 16.6 15.6 14.1 9.9 8.9 8.7 8.3 8.6 8.7 10.1 11.8 10.4 7 6.5 6.5 6.4 6.7 6.9 11.2 14.4 24.2 39.2 46.2 51.6 60.1 67.8 70.8 76.6 73.6 65.7 55.8 51.3 48.6 58.2 50.4 49.5 55.7 56.7 67.1 76.7 74.5 68.6 56.1 55.2 55.9 57.7 74.2 77.1 83.6 82.8 90.1 82 85.6 89.3 91.1
4.8 4.9 4.2 -1.7 -1.7 -1.7 1.5 4.3 -1.7 -1.7 -1.7 -1.7 -1.7 -1.7 -1.7 -1.7 -1.7 -1.7 -1.7 -1.7 -1.7 -1.7 -1.7 -1.7 -1.7 -1.7 0.4 7.6 16 20 22.1 20.5 19 17.1 11.6 8.7 8 7.9 7.7 7.6 7.8 7.7 7 6.4 6.6 7.1 6.9 7.2 7.9 14.9 15.7 21 31.8 41.5 45.5 54.2 60.7 68.1 64.5 61 62.5 56.9 45.9 53 57.7 40.4 50.1 56.2 57.8 63.1 60.5 61.9 56.7 55 54.6 58.4 58.7 68 69.8 74.6 80.6 83 87.5 92.8 93.6 90.2
13.9 12.7 7.6 3 1.9 4.6 5 5.1 -1.7 -1.7 -1.7 -1.7 2.5 -1.7 -1.7 -1.7 -1.7 -1.7 -1.7 -1.7 -1.7 -1.7 -1.7 -1.7 -1.7 -1.7 1.9 13.2 22.3 26.3 30.4 29.7 29.9 32.3 23.9 13.9 8.6 8.1 7.7 7.5 7.5 6.9 9.9 7.8 8.2 10.8 9.8 7.2 8.7 9.4 9.4 12 19.7 26.2 30.6 35.3 38.3 52.1 51.3 50.4 51.8 48.4 44.1 51.9 48.7 30.2 41.6 57 55 58.1 52.6 58.7 59.7 54.8 54.9 59.4 57 59.8 63.4 61.8 69.1 80.3 87.7 93.6 94.1 89.4
21.3 15.6 13.6 8.4 11.3 13.6 10.9 1.7 -1.7 -1.7 -1.7 3.1 2.6 -1.7 -1.7 -1.7 -1.7 -1.1 -1.3 -1.7 -1.7 -1.7 -1.7 -1.7 -1.7 1.2 5.2 14.8 30.1 31.2 38 43.2 43.1 39.1 45.3 35.3 23 18.7 9.7 8.7 7.5 8.3 11.7 13.4 9.4 14.2 13.4 16.4 20.8 25.2 28.6 34.9 30.8 25.5 20.2 17.2 19 26 30.1 32.4 31.8 32.6 31.8 39.3 27.7 26.6 33 52.2 50.3 51.9 50.2 51.8 59.5 51.1 60 59.1 57.8 49.8 53.8 51.5 53.7 80.7 89.4 86.9 88.5 89.5
34.6 20.4 17.5 15.5 21.4 21.3 9.6 0.6 -1.7 -1.7 1.9 10.1 4.5 1.7 -1.7 -1.7 0 0.3 0.2 -0.6 -1.7 1.2 13 7.1 4.1 5.9 12.5 21.6 36.4 46.2 51.3 63.1 68.4 69.4 62.4 51.6 47.4 37.9 29.2 16.4 9.9 9.7 14.3 14.3 10 18.9 22.2 28.2 32.6 34 35.9 37.9 37.4 32.5 39.6 43.8 42.8 26.2 23.3 22.2 28.8 27.3 22.8 22.9 23.3 24.9 35 43.6 41 46.1 45 55.1 51.5 55.4 52.3 54.1 56.1 43 50.4 47.6 59.6 66.6 75.7 79.6 87.1 82.1
41.6 24.2 22.6 22.3 25.2 25.4 4.1 1.2 0 1.5 10.7 11.8 4.7 2.4 1.8 0.7 1.8 1.7 1.2 0.8 0.6 1.9 11.6 11.7 15.4 22.1 24.8 31.9 39.8 60.1 72.1 78.5 83.8 83.1 75.2 66.7 67.8 60.3 45.7 33.4 26.1 12.9 16.2 16.5 14.6 15.5 27.7 38.8 39.5 43.4 49.6 47.9 44.8 38.4 36.6 34.3 46 36.2 30 21.1 23.8 20.5 24.1 27.5 24.3 26.4 26.8 26.7 27.9 27.3 29 31.3 33.2 40.9 39.5 44.1 38.5 35.6 39.7 44.4 51.6 57.2 69.5 75.7 75.1 74.5
40.1 34.4 26.3 26.5 32.8 19.6 3.2 2.1 2.4 7.5 15.7 14.8 3.4 2.4 2.4 2.4 4.6 2.4 2.4 2.1 2.1 3.9 13.3 14.9 19.7 32.1 38 41.4 53.6 63.6 74.5 87.1 93.6 93.8 83.5 80.7 80.3 79.2 58.9 50 49.1 27.7 20.5 19 15.7 26.1 36.4 43.1 49.3 50 53.1 52.9 42.5 38.6 35.8 34.3 31.6 32.6 25.6 21.1 22 22.3 27.2 37.1 48.1 44.2 52.8 45.8 43.4 33.6 27.2 28.3 37.2 41.7 35.9 33.9 33.5 33.9 35.6 40.9 55.5 65.6 72 75.2 71.5 73.6
39.7 40.6 32.1 27.7 26.4 11.6 5.8 3.7 2.4 6.1 13.8 11.9 2.4 2.4 2.4 2.6 5.1 2.4 2.4 2.6 10.6 13.3 18.2 21.5 30.7 33.9 47.4 50.4 59.3 68.7 75.8 80.7 94.4 98.7 91 85.8 86.8 90.9 78 62.2 61.7 50.4 34.6 25.3 19.3 28.4 38.7 49.6 54.2 57.2 59.3 55.6 46.5 41.7 38.7 27.2 24 24.7 20.7 20.7 20.5 29.9 37.2 54.7 57.7 56.6 81.9 77.2 73.8 69.9 38.5 32.4 32.5 31.8 32.9 34.3 34.4 33.2 34.7 46.4 54.6 60.7 71.1 66.2 66.6 68.9
33.1 37.9 31.1 25.6 18.8 10.1 14.4 13.8 10.9 9.7 10 10.2 2.4 2.4 2.4 3.3 4.6 5.1 5.9 9 17.1 17.3 23.6 28 37.2 42.8 52.3 55.9 64.8 75.5 79.1 81.4 90 98.3 97 89.2 99.8 105.1 97.7 76.1 68.8 68.1 54.1 36.4 28.1 36.9 46.6 55.2 60.3 58.8 53.2 51.3 52.3 44.8 31.3 25.9 22.6 21.9 20.5 20.5 22.1 51 63.3 63.7 58 58.2 89.7 92.4 84.6 85.7 65.3 51.9 50.9 53.6 43.8 40.2 47.3 34 43.8 54.4 63.7 58 59.7 60.9 65.8 65.3
31.4 29.2 24.9 20.4 13.9 17.6 18.1 21.4 14 8.6 5.6 2.4 2.4 2.4 3.8 8.7 11.8 17.6 15.8 18.6 21.9 23.1 29.9 40.1 42.1 45.4 48.3 57.2 66.7 76.2 80.2 82.7 90.3 100.3 99.9 102.3 108.9 114.5 108 90.6 77.7 70.6 64.6 45.8 46.5 47.8 53.2 61.9 65.2 60 52.9 52.1 55.4 52.6 38.3 26.1 22.1 20.5 20.5 20.5 32.6 57.9 71 65.3 59.4 70 103.1 102.5 96.6 100.7 72.4 63.2 57 53.9 50.8 47.1 50.1 55.1 59.6 63.5 68.9 74.5 65.8 66.8 76.9 74.8
37.3 30.5 18.4 15.4 25.8 25.5 23.4 24.4 15.5 10.2 2.4 2.4 2.4 2.4 7.6 15.8 21 30.8 23.1 24.7 28.3 28.7 27.4 42.6 45 46.8 48.5 55 66.5 77.2 83.7 84.1 90.1 99.8 105.3 106.7 108.2 117.7 114.9 95.8 82.3 72.9 70.9 48.8 53.7 54.8 62 67.6 73.9 73.8 56.2 59.4 60.1 53.6 41.7 27.4 22.2 20.5 20.5 20.5 41.3 54.1 63 62 59.3 81.9 103.8 105.7 101.2 86.5 71.7 68.1 64.5 62.5 56.9 55.5 64.1 69.7 65.5 65.8 72.1 75.6 70.6 67.4 72.5 67.8
33.8 26.1 16 15.2 22 28.4 28 26.3 6.4 3.2 2.4 2.4 2.4 2.4 7.7 24.1 32 36.7 29.4 30.7 35.7 38.8 30.7 36 45.5 48.6 47.5 52 58.9 69.3 79.5 83.1 90.8 97.3 109.2 116.3 113.5 113.3 109.7 94.2 84.6 76.9 71.8 55.4 57.5 63.3 76.1 81.9 88.8 85.3 75.2 66.6 61.1 47 40.9 28.5 22.8 20.5 20.5 25.1 41.3 50.9 60.3 59.9 70.3 104.7 122.3 111.2 99.7 78.6 72.1 73.9 68.8 64 60.3 69.5 70.4 68.4 63.5 59.6 70.2 69.4 64.1 66.9 65 54.8
30.8 18.9 15.3 15.2 16.9 28.3 35.9 20.6 10.2 2.6 2.4 2.4 2.4 3.5 16.6 23.2 35.4 43 40.7 40.2 41.6 46.5 36.2 29 44.4 47.7 45.8 45.7 56.7 69.6 78.6 83 94.6 99.4 109.3 114 117 111 105.1 92.7 85.5 78 76.6 58.8 65.8 75.9 82 84.1 89.7 98.5 85.4 71.2 61.8 45.5 39.6 31.2 24.6 21.7 21.9 31.4 41.6 52.5 58.8 58.5 87.5 117.5 128.8 120.2 101.1 75.8 75.2 76.5 63.6 62.1 62.2 80.4 85.5 74.3 61.3 58 62.3 61.3 60.5 61.9 64.8 52.5
20.2 15.2 15.2 15.2 20.2 34.4 47.5 35.2 13.1 2.9 3.5 2.4 2.4 7.4 24.7 28.1 43.1 46.2 48.6 49.5 48 48.9 49 31 37.2 47 44.9 40.7 57.3 67.5 77.2 84.3 100.2 102.1 107.1 111.7 112.8 114.3 103.5 88.4 85.9 91.5 80.1 78.5 78.4 80.4 83.6 85.3 91.8 99.8 88.7 70.5 60.1 41.5 38.2 35.6 29.9 24.4 28.9 36.8 44.9 52.8 54.7 67.3 96.5 124.1 132.6 129.5 105.9 83.7 82.4 78.4 62.3 61.9 62.9 81.4 90 83.8 65.8 55.5 58.5 59.1 59.7 60.5 63 49
16.3 15.2 15.2 18.2 31 33.9 47 37 14 8.7 3 2.7 4 16.1 29.4 33 41.7 49 49.9 53.1 55.5 54.6 55.1 48.6 44.7 45.8 39.7 40.1 52.7 64.3 75.1 89.3 98.2 101.4 106.5 109.3 111.5 110.6 110.3 98.8 88.1 93.7 79.9 81.3 87.7 87.2 84.3 88.1 94.1 94.6 88.3 69.4 54.5 39.8 39 42.1 38.5 46.7 47 46.8 46.7 51.8 57.2 86.9 111.5 130.6 137.4 131.4 105.2 90.5 84.7 81.7 62.2 61.9 71.9 91.3 97 90.7 70.7 57.2 56.9 58.6 58.7 57.8 52.6 44.3
16.1 15.2 15.2 30.6 38.3 34.4 34.6 41.1 16.7 13 7.2 5.8 13 22.4 26.9 37.6 38.1 51.3 48.1 48.4 57.3 60.5 56.6 49.3 36.9 39.9 39.2 39.3 50 61.1 82.6 91.9 99 101.3 106 108 117.4 118.4 113.4 103.3 89.9 93.5 83 85.5 97.8 101 94 93.7 93 89.1 81.9 64.5 47.9 40.7 40 46.5 54.3 61.3 60.4 56.1 52 54 70.8 96.9 128.1 135.3 140.2 120.7 96.8 83.1 77.7 68.3 60.3 61.1 79.6 98.7 97.3 90.2 76.8 60.9 56.5 58.7 58.2 54.3 47.5 39.9
16.8 16.7 25 33.8 42.5 34.7 33.6 35.5 21.4 12.1 9.7 11.5 14.4 22.4 32.5 37.5 39.9 52.2 48.2 49.4 58.8 65.2 62.6 55.4 35.2 37.9 39.3 44.2 47.4 60.5 74 87.1 92.1 99.7 107.3 110.5 118 122 116.3 102 94.6 90.1 86.4 92.9 102.4 104.6 99.8 101.1 95.5 86.5 74.5 62.9 51.1 43.3 42.4 58.3 71.3 74 67.6 56.3 54.2 69 97.7 103.6 127.6 137.8 134.1 108.7 95 79.7 71.2 63 58 67.2 72.8 88.3 95.9 89.6 76.9 63.8 55.6 57.9 56.6 54.5 45.1 31.8
16.6 17.3 27.1 34.5 40.3 36.5 33.8 29.1 21.6 13.2 11.6 15.9 18.4 24.1 30.2 40.5 46 51.4 47.8 46.9 55.1 58.5 59.5 56 37 36.6 38 41.9 47.4 61.8 69.8 87.7 100.9 106.6 105.9 110.5 118 118.8 113.2 102.8 96.2 92.6 96.1 100.9 102.8 100.5 99.1 95 93.2 84.4 74.9 58.9 54.5 49.9 52.4 72.6 77.8 76.2 62.6 53.9 70 82.8 101.5 119.7 131.9 134.9 127.6 99.8 89.6 80.7 65.4 56.8 57.8 69.2 78.9 82.1 93.1 89.3 78 60.2 54.5 57.2 52.4 50.8 33.1 24.7
22.6 30.8 35.1 38.6 39.8 38.1 32.7 28.6 25.2 15.7 14 17.5 21.2 25.2 31 41 43 49.1 46.5 46.1 49.2 50.5 55.1 54.1 40.8 36.9 38.2 43.9 45.7 62 75.2 88.3 105.9 110.6 105 110 117.8 115.9 111.2 106.2 97.7 95.5 99.5 101.4 102.2 100.6 95.8 93.8 97.2 81 72.5 62.6 58.3 53.9 61.6 80.2 80.3 71.6 52.1 53.2 72.3 82.8 110.3 144.8 142.7 135.4 113 95.6 83.7 78.9 61 55.4 61 72.6 70.8 76.3 87.2 86.5 75.3 62.6 52.1 56.9 44.4 34.1 22.3 16.4
43.1 48.9 46 40.7 42.9 37.1 29.9 29.4 27.4 21.1 20.7 19.3 20.1 25.4 41.1 39.3 42.6 48.2 51.2 44.8 45.9 52.8 49.7 48.7 39.5 37.1 41.3 48.5 48.2 60.6 73 93.7 100.1 108.3 107.9 108.6 110.7 115.6 114.3 103.5 99.4 97.5 99.5 103.6 103.1 103.7 91.5 93.8 94.6 79.4 75.6 68.8 57.7 57.2 69 70 78.3 57.2 48.6 58.7 81.1 90.5 123.9 151.2 146.1 130.9 98.5 90 78.5 71.2 54.3 55.1 67.5 71.3 71.4 69 84.8 78.6 82 65.1 47.3 45.2 38.1 24.7 13.5 4.8
45.3 51.6 49.2 45.5 47.1 41.9 29.8 28.8 28.7 24.7 24 22 22.8 32.9 37.2 37.5 40.4 47.5 45.6 44 44.5 51.8 46.9 45.7 38.3 39.2 51 62.8 64.2 66.9 78.5 90.3 102.8 114.1 113.2 110.3 112.2 119.9 113 104.8 105.3 100.7 101.6 103.5 103.9 104.4 91.6 93.2 87.1 76.5 71.7 60.8 60.2 60.3 62 57 51.9 47.8 49.2 60.4 89.2 102.9 131 148.2 140.5 119.2 95.2 86.2 70.4 62.8 54.6 57.9 65.2 77.7 73.3 66.6 69.9 67.9 75.1 59.4 33.6 29.3 22.3 9.1 2.6 2.4
51 45.2 45.2 51.3 52.9 43.1 30.1 30.3 27.9 22.8 22 19.3 25.6 33.8 38.2 44.9 41.4 40.8 41.8 43.2 46 54.3 49.6 47.9 40.3 41.2 52.5 62.3 69.5 68.1 81.9 90.9 102.2 110.4 112.7 113.1 116.6 119.8 105.6 105.7 109.3 100.2 102.2 103.3 100 98.1 92.6 80.3 67.6 75.3 62.4 54.6 58.9 52.7 52.3 41.9 37.8 43.5 59.5 72.4 96 108.6 138 142.8 128.8 105.2 91.5 77.4 62 49.7 55.9 63 68.6 78.7 72.7 61.2 57.4 60.7 53.2 42.6 25.1 18 14.6 2.4 2.4 2.4
