UK/data/sn/sn53_OST50GRID_20230518/SN53.asc
ncols 200
nrows 200
xllcorner 250000
yllcorner 230000
cellsize 50
[rows 0 to 34 of 200, columns 0 to 77 of 200]
182.1 181.3 179.7 176.7 173.3 167 177.6 183 188.5 194.3 201 205.3 213.6 222.9 231.2 236.8 241.1 243.9 246.5 246.2 246.6 243.7 241.4 240.2 237.2 234.6 232.7 230.3 226.4 222.6 217.4 213.4 205.6 203.3 205.8 213.4 227.6 241.7 251.2 259.3 267.1 274.3 280.2 285 288.9 290.5 293.6 290.3 289.5 299.1 305.4 314.1 322 327.4 333 339.1 343.7 347.9 351.4 356.5 361.1 364.9 369.9 373.5 376.4 378.5 381 383.6 384.5 385.6 386.2 387.8 387.8 387.7 387 383.6 379.3 375.3
185.9 186.1 183.9 180.4 177.3 174.6 171.9 181.4 187.8 194.9 200.9 203.8 213.8 222.8 230 234.8 239.3 243.3 247 248.4 248.6 248.3 245.9 244.9 242.6 240.2 238.4 237 233.2 230 225.2 213.6 208.4 211.3 206.3 212.7 223.9 242.3 256.2 265.1 274.7 282.3 290 295 299 302.7 305.9 307.3 307 303.6 301.7 308.9 317.6 325.6 333.7 339.2 344.7 349.5 353.6 358.1 363.7 368.1 373.5 377.1 380.4 382.8 385.1 386.7 388 389.3 390.5 391.1 391.1 391 387.7 384.1 380.1 376.3
189.6 190 189.3 187.2 183.8 179.8 173 177.6 185.4 193.8 199.4 203.6 211.9 220.5 228.1 233.2 238.4 242.8 247 249.2 251.4 251.3 250.2 248.1 247.2 245.5 244.1 243.1 240.3 235.7 234 229.8 225 217.5 209.2 211.5 221.6 236.3 257.1 269.9 279.5 289.2 296.4 300.9 306 309.7 311.7 313.1 314.7 316.2 317.2 318.4 315.2 324.1 332.9 340 345 350.2 354.6 359.9 365.2 370.8 375.5 379.7 383.3 385.9 388.5 389.7 391.5 393.2 394.3 394.9 395.3 395 391.8 387.9 383.8 379.3
193.8 194.4 194.7 193.7 193 187.7 180.9 175.5 180.9 188 195.6 200.2 208.3 216.8 223.6 229.7 235.3 241.3 244.8 249.2 251.2 252.3 251.8 251.9 251.4 250.7 249.7 248 246.1 241.9 240.8 239.9 237.9 233.9 219.9 212.3 218 231.1 253.7 271 282.8 292.1 300.1 306 311 314.6 316.5 318.5 320 321.5 323.7 324.8 328.4 321.5 331.2 338.6 345.9 350.4 354.9 361.4 366.7 372.2 376.7 381.3 385.4 388.5 391 393 394.6 396.5 397.9 398.2 398.8 398.8 397.5 392.8 389.3 386
197.8 199.5 201.9 203.5 202.5 198.4 192 181.7 178.6 183.8 191.8 195.7 203.4 211.8 219.9 226 232.2 238.6 242.3 245.4 248.5 250.9 251.9 253.8 254.3 253.9 254.1 253.2 250.7 249.1 247.7 246.2 248.5 247.6 238.7 226.7 218.5 226.5 244.7 269.9 282.8 293.8 302.4 309.2 314.2 317.7 320.6 323.1 324.9 326.7 328.7 331.1 333.6 335.3 327.9 333.4 343 349.8 355.6 361 367.2 372.6 377.5 382.2 386.8 390.1 392.9 395.6 397.5 399.5 401.2 401.6 402.2 401.4 400.9 399.2 394.9 391.2
203.4 206.9 210.8 213.5 213.9 213.9 205.4 193.5 184.9 181.2 187.2 192.9 196.7 204.9 213 221.6 227.9 233 237.4 241.5 245.7 249.3 252.9 255.1 255.7 257.1 257.9 257.3 255.9 256.5 256.7 256.1 258.2 259.9 260.5 252 240.9 223.9 233.6 261.9 281.5 293.9 302.6 310.4 315.9 320.1 323.1 326.3 328.4 330.9 333.8 335.9 338.4 340.2 341.4 341.5 339.9 348.7 355.8 361.1 366.8 372.8 377.9 383 387.5 391.2 394.4 398.1 400.5 402.4 404.1 404 404.1 403.2 402.5 401.7 399.3 395.6
209.1 214.8 220.6 222.9 223.2 224.3 222 210.4 195.6 187.7 185 188.7 194.4 197.7 203.2 211.2 218.7 224.4 230.8 236.7 242.4 247.6 252.1 255.1 258 259.9 261.4 262.2 262.6 262.6 264.7 266.6 268.5 270.1 272.9 274.6 267.8 252.5 233.8 253.9 279.5 293.4 302.3 309.2 316.4 321.2 325.1 328.4 331.4 334.3 336.7 339.2 341.3 343.2 344.9 346.5 347.7 348.8 354.6 361.5 366.8 372.6 378.1 382.9 387.5 391.7 396.4 400.6 403.2 404.7 405.5 405.6 405.1 404.3 404 403.4 400.3 397.9
220.1 223.3 229.4 231.5 232.3 234.3 233.4 228.5 216.8 206 191.5 188.9 190.9 194.9 198.3 203.1 208.8 215 224.2 231 237.7 244.5 250.6 255.6 259.6 262.8 265.5 267.4 269.2 271.3 273.6 276.9 280.1 281.9 284.8 287.1 288.8 276.4 260.5 251 274.8 291 300.9 307.7 314.8 320.6 325.9 329.7 332.5 335.9 339.2 341.8 344.2 346.2 348.6 350.9 352.7 353.2 357.7 362 366.7 372.6 378.2 383.4 388.4 392.9 398.2 401.5 404.5 406.3 407 407 406.1 405.8 405.4 404.3 402 398.8
226.8 231.8 235.9 238.4 240.1 241.4 239.6 236 230.9 219.5 202.4 193.9 205.1 203.7 196.5 201.6 207.6 212.9 219.9 225.6 233.3 240.6 248.7 254.4 260 265.2 269.4 272.9 275.7 279.3 283.6 287.3 290.6 293 295.4 298.5 299.5 298.6 286.9 270.2 273.1 286.8 296.4 305.1 313 319.5 325.8 330.1 334.1 337.9 341.2 344.2 347.1 350.1 352.4 354.8 357.1 358.5 361.1 364.9 370 374 379.1 384.1 389.9 395.1 399.1 402.4 405.2 407.2 408.3 407.9 407.1 406.6 406 404.1 401.5 398.6
232.1 237 241.4 243.8 246 246.2 244.6 242.1 238 229.4 210.7 199.2 214.7 217.8 215.7 207.3 205.7 209.9 215.5 222.8 229.8 237.8 247.8 254.6 262.3 268.1 273.1 278.6 282.3 287.8 292.6 297.3 301.5 305.4 307.6 309.7 310.2 309.1 305.8 295.3 282.7 278.7 289.5 300.6 311.4 317.4 325.4 330.4 335.5 339.3 343.1 346.9 350.5 353.3 356.2 358.6 361.1 363.1 365.2 368.3 372.7 377 382.6 387.6 392.5 396.5 400.3 403 405.5 407.8 407.9 407.8 407.5 406.6 405 403.4 401.3 400.1
238.1 242.6 246.9 249.9 251.3 251.1 249.2 246.7 241.8 232.4 215.1 213.9 225.9 227.8 228.7 227.1 220.3 214 213.1 219.7 227.5 238.9 247.6 255.6 264.8 271.2 276.9 283.8 290 296.7 302 307.8 312.2 316 318.1 319.2 319.3 319.2 316.1 310.2 301.7 290.2 285 294.2 308 315.6 323.8 330.5 336.1 340.4 345.4 349.9 353.5 357 359.7 362.5 365.1 367.5 369.7 372.3 377.2 380.2 385.2 390.6 394 398.4 401.2 403.7 405.1 407.4 407.6 406.6 405.9 405 403.6 402.4 400.9 399.7
243.1 248.2 252.5 255.3 255.9 255.3 253.1 250.2 244.6 233.3 215 234.5 238.9 241 241.2 240.8 238.9 234.7 227.2 219.8 223.7 236 249.3 259.7 267.9 276.2 283.4 290.2 297.7 305.4 311.5 316.8 321.7 324.9 328.3 330.1 329.6 327.5 324.3 320.6 313.4 307.5 298 290.5 302.7 314.5 323.5 330.7 336.8 342 347.8 352.7 356.5 360.2 363.3 366 368.4 371.3 374 377.1 380.7 384.9 389.4 393.6 396.9 400 402.1 403.6 405.3 405.4 405.6 405.5 404.1 403.1 402.3 400.8 399.9 399.2
248.2 252.5 256.9 258.8 260 259.2 256.6 253.1 247.4 229.4 234.1 245 246.2 248.2 248.9 249.6 249.9 247.1 240.6 229.2 225.5 231.9 250.3 262.9 273.9 282.3 290.8 299.2 305.5 313.8 321.4 326 329.8 333.1 336.4 337.8 336.6 334.7 331.4 327.1 321.6 318.3 311.5 305.8 301.6 316.3 325.7 333.7 339.1 344.5 350.2 355.5 359.7 363.5 366.6 369.1 372.5 375.6 378.7 381.8 385.9 389.6 392.9 396.1 398.4 400.6 402 403.2 403.7 404.1 403.3 402.3 401.6 400.8 399.8 398.6 398.2 397.8
254.1 258.2 261.6 262.5 263.3 262.2 260 256.2 250.6 247.4 248 253.6 254.1 255.4 256.8 260.1 260.4 258.7 255.2 242.2 229.2 230.9 247.2 266.2 279.2 287.6 297.6 307 315.7 321 328.4 334.1 338.7 343 344 343.5 342 340.1 337.7 334 331.7 327.7 321.9 317.9 306.7 319.3 329.8 336.9 342 347.3 352.9 358.3 362.5 366.2 369.7 373 376.2 379.4 382.9 386.5 389.9 393.4 395.6 397.9 399.3 400.8 401.8 402.1 402.4 402.2 400.9 400.2 398.5 398 397 396.2 395.9 396.1
260.1 263.3 265.2 266 266 265.3 263.5 260.5 258.1 258.3 259.3 260.7 263.5 265.3 267.1 268.4 270.3 272.3 269.2 259 247.4 237.5 237.4 264.9 282.2 293.4 304.8 316.4 324.2 329.5 337.1 342.6 346.2 348.6 350.1 350.8 349 346.8 344.3 341.8 338.2 337.4 334.7 331.1 324.7 314.5 333.9 340.5 345.5 350.4 356 361.2 365.2 368.9 372.5 375.9 379.3 382.4 385.8 389.3 392.9 395.6 397.4 398.8 399.8 400.5 400.6 400.7 399.9 399.7 398.1 396.4 395.2 394.4 394.3 394 394.3 394.9
264.3 267.2 268.7 269 268.9 268.2 267.5 266.4 265.7 266.3 265.7 268 271 272.8 274.9 277.3 280.7 282.3 282.2 276.1 266.2 254.1 241.2 259.3 285.6 298.4 311.3 322.8 328.1 334.6 342.8 348.2 351.4 354 357 357.6 356.9 354.1 351.9 348.8 345.9 343.9 343.1 341.5 339.3 327.6 334.7 343.9 349.3 354.1 358.8 363.5 367.5 371.3 374.9 378.2 381.5 384.5 388.3 391.4 394.2 396.3 397.9 398.7 399.2 399.3 399.3 398.6 397.7 396.7 394.4 393 391.5 391.9 391.7 392.5 393 393.7
268 270.2 271.2 271.3 271.2 271.2 271.1 271.3 271.8 272.8 273.8 275.5 277.9 280.2 283.4 288.2 291.5 291.9 293.2 292.9 287.6 275.4 263 253.7 287.2 303.7 316.1 325.6 332.8 340.7 348.1 354.7 358.1 361.3 363.4 363.7 362.7 360.9 359.3 355.2 353 350.5 349.6 348.2 346.3 340.8 330.5 347.1 352.5 356.8 361.2 365.5 369.7 373.1 376.5 379.9 383 386.6 389.5 392 394.4 396.2 397.3 397.8 398.1 398 397.1 396.1 394.8 395.1 392.5 389 387.5 388.1 389.4 391.2 392.3 392.4
269.9 271.5 271.7 272.2 272.8 273.8 274.4 275.6 276.5 277.3 280.1 281.7 284.6 289.2 293.1 296.5 298.8 301.6 303.1 303.4 302.9 298.1 284.5 268.2 287.2 308.8 320.3 328.1 337.8 344.7 353.4 358.7 362.7 366 367.9 368.5 367.8 366.5 364.3 361.3 358.5 356.3 354.8 353.2 352.2 348.8 332.1 349.4 355.1 359.3 363.2 367.6 371.2 374.4 377.6 380.7 384 387.2 389.7 391.9 393.7 395 396.3 396.6 396.4 395.7 394.8 393.1 391.3 393 391.9 384.3 383.9 385.1 387.3 389.1 390 391
270 270.7 271.1 272 273.1 274.3 276 278.8 280.5 282.6 284.7 287.4 292.3 296.9 300.7 303.1 306.2 309.3 311.8 312.7 312.8 311.9 307 294.1 284.9 310.4 323.4 333.4 340.7 349.9 356.9 361.8 367.6 370.2 371.3 371.8 371.6 370.3 368.3 366.1 363.5 361.3 360 358.2 356.9 354.4 346 350 356.6 360.9 365.1 368.9 372 375.1 378.1 381 384.2 386.7 389 391 392.9 394.3 394.9 394.9 394.3 393.3 392 390 387.9 383.9 381.4 379.6 379.3 383.2 385.7 387.4 388.6 389.5
267.9 268.3 268.5 270.1 271.9 274.4 276.9 280.2 282.8 286 289.6 294.7 298.7 303.2 306.7 310.4 315.1 317 319.2 320.4 320.5 320.5 320.2 314.6 299.1 306.1 327.9 337 345.3 354.9 360.2 365.7 370.4 372.9 374.5 375 374.5 373.3 371.9 369.9 367.2 364.8 363.4 362.2 360.5 357.4 350.5 348.5 357.1 361.9 365.8 369.2 372.6 375.4 378.1 381 383.3 385.7 388.4 389.9 391.5 392.5 392.9 392.9 392.1 391 389.5 387.4 384.5 379.8 375.8 371.9 378.4 381.7 383.9 385.7 387.1 388
262.5 261.5 262.6 268.4 270.9 272.7 276.8 281.1 285 290.1 294.9 299.5 303.4 308.3 312.9 317.9 321.1 323.7 325.2 327.3 329 329.4 330.3 329.2 320.8 305.3 329.3 341.9 350.7 357.8 362.9 367.9 372 375.1 377.1 377.8 377.5 376.3 374.7 372.7 370.3 368 366.7 364.8 362.6 360 356 352.7 356.4 361.9 365.9 369.5 372 375 377.5 380.4 383 385.4 387.2 388.6 389.7 390.7 390.9 390.7 389.7 388.7 387 384.6 381.5 375.4 371.3 371.7 377.1 379.4 382.4 383.5 384.5 386.7
257.1 262.1 266 269.8 273.3 276 277.9 281.3 286.7 293.1 299.5 304.2 309.6 313.6 313.7 323.5 326.2 328.9 330.8 333.3 335.4 336.6 338.9 340.9 338.9 331.4 325.7 346 353.2 360.2 365.1 369.9 373.5 377.2 379.4 380 380 378.7 377.2 375.3 373 370.6 368.8 367 365.3 363.7 361.2 355.9 356.1 361.7 365.3 369 372.1 374.6 377.1 379.6 381.9 384.2 386 387.3 388.3 388.7 388.8 388.2 387.3 386.3 384.3 381.8 378.9 370.9 363.1 371.9 376.3 379.2 381.7 383.9 385.4 385.9
258.9 264.7 268.6 272.6 276.4 279.6 282.7 284.1 288.5 295.3 302.4 307.9 314.3 320.5 325.5 327.7 330.4 333.2 336.1 338.4 341.4 343.8 346.3 347.9 350.7 348.3 337.7 348 356.5 363.5 367.5 371.5 375.2 378.9 381 381.9 381.7 380.7 378.6 377 374.3 371.8 369.8 368.3 366.9 365.3 362.8 358.1 357.6 361.3 365.8 369 371.7 374.2 376.6 378.9 380.9 383 384.9 386 386.8 386.8 386.9 386.1 385.2 384.1 382.1 379.5 375.9 368 363 372.5 376.3 379.2 381.7 383.7 385.1 386
265.2 267.2 271.5 276.1 280.2 283.9 287.2 290.2 292.2 295.9 300.9 311.1 319.6 324 327.3 330.4 334.2 337.6 340.5 343.6 346.5 351.2 355.1 356.7 357.1 356.8 355.1 345.4 359.3 365.1 369.2 373.3 376.9 379.8 381.7 382.3 382.3 381.1 379.8 377.7 375.4 373.2 371.5 369.3 367.9 366 363.9 360.4 359.6 362.3 365.3 368.6 371.3 374 375.9 378.1 380.4 382.4 383.8 384.7 385.1 385.2 384.9 384.1 383.3 381.7 379.5 377 373 358.7 365.9 372 375.8 379 381.5 383.5 384.6 385.7
268.8 272.6 275.9 280.5 284.7 288.3 292.5 296.4 298.3 303.2 308.6 315.5 321 325.1 328.8 333.3 337.5 340.9 344.4 348 353.7 357.5 360.1 361.9 363.1 363.4 363.1 362.1 364 367.2 371.1 375.1 378 380 382.1 383.7 382.2 381.1 379.5 377.7 375.5 373.6 372.2 370 368.1 366.1 363.6 360.8 361.6 364.2 366.4 368.3 371.1 373.8 375.9 377.7 379.4 381.5 382.4 382.9 383.5 383.6 383 382.2 381.1 379.4 376.8 374.2 369.9 354.1 365.3 371.3 375.3 378.7 381.3 383.1 384.1 385.1
273.1 277.4 279.6 284.6 288.9 293.2 296.4 301.8 306.9 311.4 315.8 320 324.3 328.2 332.5 337.6 341.4 344.9 349.8 354.3 358.6 362.2 364.5 365.9 367.1 368 368.3 367.9 368.5 370 373.3 376.1 378.5 380.2 381.1 381.1 381.4 380.3 379 377.5 375.8 373.8 372 369.7 367.8 365.2 362.4 360.6 362.1 364.4 366.6 368.8 371 373.6 375.8 377.2 378.6 380.5 381.2 381.6 381.9 381.7 381.1 380.1 378.7 376.3 373.8 371.2 366.4 351.9 365.6 371.5 375.4 378.7 381.2 382.8 383.7 384.5
278 283 286.4 288.8 294.2 299.7 304.1 308.7 311.9 315.3 319.9 324.1 328 332.5 337.2 342 345.3 350.2 355.2 359.3 363.3 365.8 368.1 369.6 370.9 371.6 371.7 371.6 372.1 373.5 374.9 377.2 378.8 379.9 380.9 380.8 380.4 379.5 378.4 376.9 374.9 373.2 371.2 368.7 366 363.3 360.6 359.5 361.7 364.2 366.6 368.8 371.1 373.4 375.4 376.7 378 379.4 380 380.3 380.7 380.2 379.5 377.8 375.6 373.1 370.6 367.1 361.5 351 366.7 371.6 374.9 378.2 380.4 382.2 383.3 383.3
282.2 287.1 291 294.9 301.3 305.3 309.1 312.8 316.5 319.9 325.2 328.9 333.7 338.5 342.5 346.9 351.1 356.2 360.2 363.9 366.6 369.1 371.2 372.7 373.9 374.4 374.4 374.2 374.5 375.6 377.1 378.5 379.7 380.2 380.5 380.1 379.6 378.7 377.4 375.9 374 372.1 369.6 366.8 363.5 360.9 358.5 359 361.4 363.8 366.3 368.6 370.9 373 374.8 376.3 377.4 378.3 378.8 379.3 379.3 378.8 377.3 375.4 372.8 369.5 367.5 361.9 346.4 359.7 367.4 371 374.2 376.8 379.1 381.2 381.7 381.6
286.1 291.9 297.5 303 306.1 309.8 314.3 318.3 321.3 327.3 330.4 335.2 340.3 344.2 348.3 352.6 357.3 360.9 364.1 367.1 369.7 372 374.2 375.6 376.4 376.7 376.5 376.3 376.8 377.7 379 379.3 379.6 379.9 379.8 379.4 378.7 377.7 376.4 374.9 373 370.4 367.6 364.4 361 358.3 356.4 358.2 361 363.3 366 368.4 370.5 372.5 373.9 375.2 376 376.8 377.5 378 377.9 376.9 375 373.1 370.1 367.1 361.1 353.3 345.5 362.6 366.5 370.2 372.8 375.4 377.9 379.5 380 379.8
291.5 297.1 304.1 307.7 311.3 314.5 319.6 322.8 327.4 332.6 337.9 341.8 346.6 350.7 355.8 358.7 362 364.7 367.6 370 372.3 374.6 376.5 377.7 378.2 378.1 378.1 378.3 378.5 379 379.2 379.5 379.6 379.3 379 378.6 377.5 376.3 375 373.4 371.1 368.5 365.1 360.9 358.5 356.3 355.1 357.7 360.4 363 365.7 368 369.7 371.1 372.2 373.4 374.4 375.2 375.8 376.2 376 375.3 373.5 371.3 368.2 362.9 355 341.7 352.3 361.5 365.3 368.9 371.7 374.2 375.9 377.8 378.4 378.2
297.4 303.2 308.9 312.6 315.8 320.1 324.6 328.5 333.5 339.2 343.3 347.6 352.9 356.5 360.5 363.2 366.1 368.5 371.3 373 375.1 376.8 378.1 379 379.3 379.5 379.5 379.4 379.2 379.5 379.5 379.2 378.8 378.5 378.1 377.2 376 374.7 373.1 371.4 369 366.2 363 358.9 355.4 351.5 354.5 357.1 359.6 362.1 364.3 366.6 368.1 369.3 370.2 371.4 372.7 373.5 374 374.4 374.2 373.7 371.9 369.5 366.4 361.8 351.5 335.2 354.1 359.2 363.4 366.9 369.9 372.5 375 376.4 376.4 376.2
301.7 307.4 312.4 316.6 321.2 325.2 329.8 333.9 339 344 348.9 353.5 357.8 361.6 364.7 367.4 370.2 372.3 373.8 375.5 377 378.2 379.3 379.9 380.4 380.5 380.4 380.1 379.7 379.1 379 378.8 378.2 377.5 376.8 375.8 374.5 372.8 371.2 369 366.4 363.5 359.8 356.1 351.7 350 353.4 355.9 358.2 360.5 362.5 364.2 365.8 367 367.8 369.3 370.6 371.8 372.6 372.6 372.5 372.1 370.2 367.9 364.4 359.1 348.8 333.4 350.6 356.9 361.1 365.2 368.2 371.3 373.7 374.8 374.5 374.2
304.4 310.9 316.5 321.6 326.2 330.8 335.1 339.3 343.7 348.6 353.9 358.1 361.8 364.8 368.1 370.9 373.2 374.9 376.3 377.3 378.3 379.2 380.1 380.8 381 381 380.6 380.1 379.6 378.7 378.2 377.7 377 376.3 375.4 373.9 372.3 370.8 368.8 366.4 363.6 359.9 355.5 351.9 346.8 348.5 351.8 354.1 356.3 358.3 360.2 361.6 363.2 364.6 365.7 367.2 368.6 369.9 370.3 370.6 371 370.4 368.6 366.1 362.3 356.9 348.4 327.5 345.5 354.1 358.6 363.9 367.5 370.3 371.9 373 372.9 372.2
306.8 314 320.9 325.9 330.6 335.5 339.4 344.2 348.3 352.1 357 361.4 364.4 367.7 371 373.3 375.3 376.6 377.3 377.9 378.8 379.8 380.5 380.9 380.9 380.3 379.8 379.4 378.8 378.1 377.4 376.6 375.8 374.3 373.1 371.4 370 368.2 365.6 362.9 359.8 355.7 351.4 348 342.2 347.2 349.8 351.8 353.8 355.7 357.5 359 360.4 361.9 362.8 365 366.8 368 368.8 369.3 369.2 368.3 366.4 363.3 360.2 354.5 344.6 324.6 343.7 352.6 358 362.4 366.2 368.6 370.4 371.6 371.4 371.1
309.7 317.2 323.8 329 334.4 339.7 343.8 347.7 352.3 356.1 360.2 363.4 366.7 369.6 372.6 374.8 376.5 377.5 378 378.3 379.3 379.8 380.2 380.5 380.1 379.5 378.9 378.1 377.5 376.9 376.3 375.6 374 372.7 370.9 369.5 367.7 365.1 362.2 358.3 355.1 351.5 347.7 343.7 340.7 344.9 347.2 349 350.7 352.3 353.7 354.4 356.5 359.5 361.9 363.8 365.2 366.3 367 367.4 367.3 365.9 363.5 360.4 357.1 350.8 339.8 322.6 342.4 351.8 356.4 361.1 363.9 366.5 368.8 369.8 370 369.9
