WholeMapElevations/data/ns/ns29_OST50GRID_20230518/NS29.asc
ncols 200
nrows 200
xllcorner 220000
yllcorner 690000
cellsize 50
[rows 72 to 107 of 200, columns 80 to 159 of 200]
81.2 76.2 57.5 43.5 17.3 -1.3 -1.3 -1.3 -1.3 -1.3 -1.3 -1.3 -1.3 -1.3 -1.3 -1.3 -1.3 -1.3 2 4.5 20.6 39.1 59.6 72.9 82.9 90.2 93.8 94.1 92.1 83.6 97 116.9 129.9 141.2 148.3 155.3 162.9 166.1 168.9 174.1 181.7 183.4 188.5 188.5 199.5 208.7 201.2 225.4 238.3 248.8 260.3 271.2 284 302.1 319.1 337.6 357.5 375.4 397.1 423.6 452.8 479.3 512 551.6 577.5 595.9 619.8 625.6 619.3 623.1 626.6 619.3 612 600.7 596.1 594.1 592.6 575.1 554.3 535.4
70.3 59.8 49 35.7 -1.3 -1.3 -1.3 -1.3 -1.3 -1.3 -1.3 -1.3 -1.3 -1.3 -1.3 -1.3 -1.3 -1.3 -1.3 5.6 20 36.1 52.5 69.5 75.9 78.4 78.6 71.3 80.5 102.4 117.7 132.3 142.8 153.6 159 163.8 168.9 175.3 178 182.6 187.8 192.2 195.3 198.4 215.7 226.7 232.1 228 228.8 243.4 256.1 268.3 282.9 299 315.6 334.8 355 372.8 395.5 421.6 452.1 477.4 520.8 556 576.6 596.5 610.9 614.1 606.2 594.7 594.4 590 580.4 570.7 567.7 568.4 589.3 582.9 566.7 543
77.1 67.7 47 10.3 -1.3 -1.3 -1.3 -1.3 -1.3 -1.3 -1.3 -1.3 -1.3 -1.3 -1.3 -1.3 -1.3 -1.3 8.2 9.3 20.5 33.4 49.5 60.7 60.7 58.4 59.7 90.6 109.9 121.3 136.5 145.3 155.5 163.9 168.3 172.5 177.2 184.8 187.6 190.4 194.1 198.6 202.9 210.3 230.4 236.9 243.2 249.6 249.4 248.3 252.1 264.1 281.5 297.1 314.5 332.9 349.5 367.8 391 420.6 448.6 480.3 517.8 551.5 573.5 590.3 597.3 597.9 592.7 579.8 571.2 558.7 552.7 549.6 546.4 546.5 562.5 576.9 562.9 546.6
71.7 54.1 24.5 -1.3 -1.3 -1.3 -1.3 -1.3 -1.3 -1.3 -1.3 -1.3 -1.3 -1.3 -1.3 -1.3 -1.3 1.7 10.4 15 19.3 26.2 28.9 39 49.1 66.2 91.4 117.2 131 140.7 149.6 157.5 167.5 170.4 178.1 183.7 188 191.4 194.4 197.5 200.8 204 212.8 223.9 236.3 245.1 255.4 263 269.1 268.1 264.6 262.8 279.6 296.9 312.3 327.6 343.5 359.7 380.6 414 442.2 477.8 508.6 535.8 568.4 579.2 582 582.1 577.5 565.9 553.5 537.7 533.6 532 533.1 527.9 543.7 564.5 550.9 536.8
51.4 38.4 -1.3 -1.3 -1.3 -1.3 -1.3 -1.3 -1.3 -1.3 -1.3 -1.3 -1.3 -1.3 -1.3 -1.3 -1.3 2.2 10.9 17.9 33.1 45.8 58.9 66.5 81.8 92.6 117.6 131.1 140.3 152.2 163.5 172.2 180.2 181.4 187.2 191.2 194.5 196.7 199.7 203 207.4 212.3 221.8 233.1 243.7 256.8 269.2 276.9 284.9 281.6 276.3 271.3 280.9 292.9 306.1 320.8 336.5 354.2 374.5 403.8 436.9 472.5 501.7 527.8 554.9 564.1 562.1 563.9 558.3 553.9 543 534.8 522.1 515.4 520.3 514.3 524.3 550.3 538.7 525.6
35.9 22.2 -1.3 -1.3 -1.3 -1.3 -1.3 -1.3 -1.3 -1.3 -1.3 -1.3 -1.3 -1.3 -1.3 -1.3 -1.3 6.2 15.2 31.5 52.7 66.8 81.7 94.7 106.2 115 130.2 140.3 155.1 166 177.5 188.8 190.4 193.4 196.8 197.5 199.2 202.6 206.2 209.6 214.3 220.8 229.6 240.4 261.6 279.8 290.9 290.5 295 290.3 282.1 272.3 277 287 300.8 314.7 331.4 349.8 368.8 394.7 428.6 459.8 490.5 516.3 536.7 544.4 541 540.9 538.2 535.9 533.6 528.4 513.5 502.3 496.2 500 506.2 531.3 527.3 514.4
16.8 3.5 -1.3 -1.3 -1.3 -1.3 -1.3 -1.3 -1.3 -1.3 -1.3 -1.3 -1.3 -1.3 -1.3 -1.3 -1.3 15.7 30.4 50.5 70.9 85.2 100.2 110.1 119.4 128.3 140.6 157.3 172.6 182.7 192.6 198.8 201.9 206.1 206.3 206.5 209 210.6 213.8 217.7 221.5 228.8 238.6 261 284 297.1 304.7 308.4 303.7 297 289.9 280.7 275.7 284.4 297.7 311.5 329.1 347.7 365.9 387.5 417.2 444.9 473.3 497.3 513.4 521.9 520 517.9 514.2 517.3 519.5 511.1 497.6 487.6 484.5 484.2 486.3 501.6 512.5 499.6
16.3 -1.3 -1.3 -1.3 -1.3 -1.3 -1.3 -1.3 -1.3 -1.3 -1.3 -1.3 -1.3 -1.3 -1.3 -1.3 -1.3 30.2 49.6 67.8 85.8 103.2 117.6 125.7 122.8 140 159.7 170.8 182.1 193.1 205.1 207.9 211.5 213.5 214.4 216.3 216.7 219.2 223.1 226.3 232.3 241.2 253.5 284.5 297.1 309.7 316.3 317.1 312.8 305.9 298.1 289 280.7 282.4 294.5 308.3 326.7 344 360.4 381.6 405.4 428.9 454.3 477 490.6 495.5 498.5 495.1 494.8 494.9 495.3 490.5 481.5 476.8 473.8 463.7 460.7 485.5 491.6 481.4
14.8 -1.3 -1.3 -1.3 -1.3 -1.3 -1.3 -1.3 -1.3 -1.3 -1.3 -1.3 -1.3 -1.3 -1.3 -1.3 24 47 62.9 78.8 96.4 116.3 130.5 130.5 139.6 155 173.5 182.7 193 205.5 210.6 218.8 221.9 224.1 224.9 225.9 224.2 225.5 228.9 235.6 246 255.6 271 299.3 309.3 325.9 330 331.1 323.7 313.8 306.3 298.4 289.1 282.6 294.8 306.2 322.5 338.4 354.8 375.1 394.8 414.8 433.9 453.4 464.5 468.6 472.9 481.2 476 472 470.6 472.4 463 459.3 455.9 451.9 447.2 454.7 462.5 456.4
-1.3 -1.3 -1.3 -1.3 -1.3 -1.3 -1.3 -1.3 -1.3 -1.3 -1.3 -1.3 -1.3 -1.3 -1.3 15.1 41.9 65.4 79 91.9 110.5 127.4 135.9 140.5 148.9 167.2 176.6 194.9 202.6 215.8 221 233.9 241.4 235 234 234.7 230.2 231.8 238.4 248.9 256.9 267.7 289.6 316.3 329.9 344.1 353.2 354.3 361.1 333.2 319.2 307.1 297.2 289.2 292 307.2 317.5 333.2 347.8 364.6 384.6 402.3 415.2 430.4 438.5 440.5 456.1 463.9 456.4 454 448.2 450.4 453.1 446.7 439.1 437 434.6 424.3 437.6 434.8
-1.3 -1.3 -1.3 -1.3 -1.3 -1.3 -1.3 -1.3 -1.3 -1.3 -1.3 -1.3 -1.3 -1.3 -1.3 32 59.5 70.7 81 100.1 116.7 130.1 140 147.5 160 170.8 187.5 201.3 209.1 221.6 238.6 250.8 254.7 249.4 242.5 240.5 236.4 242.3 250.3 260.9 270.1 283 305.3 338.3 349.7 367 385 384 367.2 348.3 331.5 316.7 305.4 294.6 291.2 305.4 314.6 326.6 340.9 355 370.7 387.1 396.4 404.7 412.2 422.4 434.6 441.1 437.8 432.2 431.2 434.1 436.2 428.6 419.2 419.9 421 416.9 405.5 415.3
-1.3 -1.3 -1.3 -1.3 -1.3 -1.3 -1.3 -1.3 -1.3 -1.3 -1.3 -1.3 -1.3 -1.3 24.1 50.3 67.3 75.2 88.9 111.8 122.2 135.5 146.5 155.4 165.8 178.5 192.7 206.6 220.4 242.3 253.3 260.2 265.3 258.4 251.2 241.2 246.3 253 262.5 274.3 283.7 295.3 318.4 351.1 379.9 386.5 397.9 396.5 368.5 352.7 338.5 324.6 313 300.5 297.8 299.3 307.6 321.4 333.4 346.1 357.2 371.1 380.5 389.5 398.6 405 414.2 416.5 417.2 412.1 416.7 416.2 417 409.6 406 408.1 402.2 402.7 390.8 387.1
-1.3 -1.3 -1.3 -1.3 -1.3 -1.3 -1.3 -1.3 -1.3 -1.3 -1.3 -1.3 -1.3 14.8 37.4 55.9 74.5 84.8 98.9 114.9 126.4 140.8 154.4 162.2 171.8 184.7 199 218.7 237.2 259.7 264.9 269.8 270.8 264.2 253.8 250.6 257.3 267.2 278.7 292.8 299.1 309.2 335 373.2 403.6 406.1 418.2 414.7 375.9 357 343.1 331.9 319.9 312.2 307 307.7 312.4 319.9 329.6 336.8 347.7 358.7 368.1 377.4 384 390.9 395.7 399 398.9 399.4 403.8 399.4 392.8 391 389.9 390.8 385.3 385.3 385.2 370.3
-1.3 -1.3 -1.3 -1.3 -1.3 -1.3 -1.3 -1.3 -1.3 -1.3 -1.3 -1.3 -1.3 26.5 51.9 69 81.6 92.5 105.6 119.7 133.6 150.7 160.1 167.3 182.7 190.4 211.7 237 253.2 267.4 274.6 276.5 272 266.6 253.4 261.8 267.2 278.9 297.5 313.5 311.6 323 345.8 385.1 418.1 428.5 433.3 417 386.7 366.4 349.6 337.7 325.9 319 314.1 306.9 314 319.7 324.8 330.6 337.6 347.7 356.8 363 369.2 375.9 378.9 381.8 381.4 380.5 385.6 382.2 374.6 366.9 364 369.6 370 367.4 367.1 352.8
-1.3 -1.3 -1.3 -1.3 -1.3 -1.3 -1.3 -1.3 -1.3 -1.3 -1.3 -1.3 14.2 41.1 60.1 77.4 90.2 97.3 112.6 126.8 147.3 160.9 164.6 174.5 185.9 201.7 228.9 256.1 266.2 279.1 280.6 279.6 276 263.1 264.9 271.9 277.6 290.4 315.7 330.6 326.5 336.5 356.9 393.8 426.1 457.5 451.6 434.5 402 375.4 356.5 343.6 329.5 326.3 317.5 312.8 320.5 320.3 322.8 326.3 330.7 338.1 343 348.9 354.8 360.1 362 363.8 363.7 360.2 359.4 358.2 354.3 351.7 352.7 351.8 344.3 336.7 337 335.6
-1.3 -1.3 -1.3 -1.3 -1.3 -1.3 -1.3 -1.3 -1.3 -1.3 -1.3 -1.3 29.7 50.8 70.2 84.5 97.9 101.1 118.7 133.4 158.7 165.4 168.3 176.1 189.8 212.1 242.9 268.1 277.7 284.4 281.9 279.8 272.9 266.4 274 280.5 288.4 305.5 330.9 348.8 340.8 348.7 374 404.9 448 468.3 459.1 445.4 418.1 393.3 375.1 354.4 334.6 328.4 324 318.2 322.8 324 324.5 327.7 329 332.1 335.2 339.1 343.7 344.6 346 346.1 344.1 339.8 340.5 337.2 331.6 333.2 339.7 334.8 322.8 322.6 319.6 313.4
-1.3 -1.3 -1.3 -1.3 -1.3 -1.3 -1.3 -1.3 -1.3 -1.3 -1.3 18.9 36.7 57.7 78.5 90.8 98.5 106.5 122.6 141.1 157.8 173.9 177.9 182.9 199.7 214.9 244.7 268.9 280.4 286.9 280.8 272.8 270.5 274.3 282.5 288.4 297.8 316.5 345.4 359.9 352.1 358.8 386.6 418.7 461.5 478.8 467.9 450.6 424 405.7 382.1 360.1 341.5 331.1 330.5 327.5 328.6 329.4 331.6 330.8 330.5 331.5 331 333 333.6 334.9 332.4 332.4 328.4 325.8 325.4 321.6 317 313.3 319.2 318.4 311.1 307.3 301.8 295.3
-1.3 -1.3 -1.3 -1.3 -1.3 -1.3 -1.3 -1.3 -1.3 -1.3 18.3 35.8 57.3 73 83.4 90.6 98.4 105.5 120 141.6 159.5 175.9 180.1 190.5 212.1 221 243.3 264.9 282.9 284.9 274.9 269.2 273.3 281.2 287.3 295.2 304.9 327 353.5 360.8 361.8 368.9 396.6 433.4 473.2 477.5 466.5 451 435.7 409.1 394.4 384.1 353.6 336.6 330.6 334.9 337.3 337.3 337.2 336.5 335.3 333.6 330.3 328.8 329.1 328.3 325 323.5 319.4 314.6 312.1 307.8 302.3 296.4 300.8 301.7 293.4 287.8 282.6 277.1
-1.3 -1.3 -1.3 -1.3 -1.3 -1.3 -1.3 -1.3 -1.3 14.6 32.4 50.1 70.2 80.9 87.1 96.2 104.6 115.7 132.4 141 154.7 172.9 180.3 202 214.6 228.8 240.6 264.7 280.4 277 263.6 268.3 279.8 286.3 294 301.9 321.5 337.7 362.2 367.5 371.3 378 410 448.9 478.3 470.6 467 460.3 443.9 424.3 408.9 395.3 368.3 346.9 342.2 345.3 347.8 348.2 345.8 343.5 341.8 339.7 333.9 330.9 329.4 325.3 321.3 319.2 312.9 310 299.8 298.8 292.1 287.9 280.1 278.8 276.1 271.6 262 258.9
-1.3 -1.3 -1.3 -1.3 -1.3 -1.3 1.7 4 10.9 26.9 44.7 62.1 76.3 83.7 92.5 104 112.6 129.5 142.1 154.7 161.3 174.5 183.3 205.5 218.2 230.4 239.2 259.3 269.8 260.3 258.5 270.3 282.8 290.2 302.5 313.1 338.4 348.8 361.9 372.7 378.7 390.7 421.1 464.7 488.8 484.7 479.2 471.5 457.9 440.2 410.3 393.3 376.9 357.5 356.7 358.5 360.7 360.8 358.5 356.4 353.6 350.5 344.9 338.3 331.8 327.5 323.4 320 316.7 313.6 311.9 311.4 305.3 299.7 297.4 281.4 283.8 277.2 277.2 276.5
-1.3 -1.3 -1.3 -1.3 -1.3 -1.3 2.2 11.2 18.1 24 45.5 68.5 82.9 87.8 100.4 109.7 125.1 144.6 151.5 158.6 169.9 178.3 196.1 204.9 217.1 226.8 238.5 254.4 255.7 254.6 259.8 273 284.8 297.7 313.9 327.8 350.4 356.5 368.1 381.9 388.3 403.6 440.2 467.1 496.4 496 489.4 488.9 473.5 449.6 426.8 403 390.7 372.8 376.5 377.4 375.2 375.7 373.3 371.3 368.7 365.2 360 350.7 340.6 333.8 328.3 325.2 323.3 319.9 320.2 316.9 311.7 307.3 299.8 299.9 293 292.6 291.4 287.2
-1.3 -1.3 -1.3 -1.3 -1.3 1.7 10.9 23.5 33.2 38.6 48.9 47.9 71.2 88.7 101.4 110.6 133.1 155 164.2 164.3 172.7 186.7 200.9 210.7 219.5 230.3 241.6 243.4 241.7 251.8 265.6 278.2 292.2 308.9 325.1 349.2 353.7 363.8 381.4 395.6 399.8 424.1 466.4 487.6 498.9 499.2 498.3 493.6 481.1 461 438.1 416.8 391 395.6 397.7 397.7 397.4 394.6 393.3 391.5 388 381.4 375.2 363.9 351.5 345.1 341 336 331.7 328.5 326.9 324 319.9 311.9 307.7 308.8 303 300.3 298.3 294.8
-1.3 -1.3 -1.3 6.5 10.8 12.9 19.2 32.1 44.9 53.6 57.7 67.5 71.6 86.1 102.8 117.9 139.9 162 166.3 166.4 173.1 189.8 204.4 218.8 225.6 229.9 224.9 233.1 252.9 254 271.4 282.6 302.1 320.8 334.3 363.4 365.2 376.4 394.6 404.4 411.8 442.2 482.1 502.1 505.7 499 500.2 500.1 488.9 464.6 441.6 422.9 414.2 421.7 419.3 428.4 415.2 418.1 426 422.9 418 404.5 389 379.3 372.3 360.9 353.3 348 340.1 338.3 334.6 331.1 327.8 319.6 321.9 318.8 312.4 312.1 308.9 305.5
-1.3 -1.3 4.9 7.1 8.8 16.8 29.7 44.8 55 60.5 64.4 75.4 90.4 86.3 102.2 125 141.5 160.3 161.5 164.1 176.6 193.3 214.3 220.9 222 219.1 234.9 249.7 258.2 259.5 269.6 292.5 305.2 322.2 349.2 372.4 374.5 387.1 398.8 407.9 418.9 445.6 485.7 511.6 516.5 506.6 502.6 499.8 492.7 474.1 456.6 438 440.8 449.2 445.3 455.4 465.1 478.4 478.8 466.6 449.7 436.1 418.4 409.4 392.9 380.3 365.7 358 352.6 349.7 346.5 342.3 335.7 333.7 334.8 331 323.3 323.7 321.2 317.9
3 5.1 7.4 8.5 18.1 25.5 38.4 50.6 61 64.4 80.9 90.9 107.7 111.9 116.1 133.3 146.1 158.6 159.2 167.9 180.4 201.8 211.8 216.5 212.5 230.2 245.8 256.5 263.8 272.6 286.6 301.6 317.4 331.1 361.7 378.5 382.4 390.5 405 411.9 419.5 446.5 479.7 510 521.3 515.5 508.8 498.4 490.7 481.7 467.6 449.2 459.6 470.4 470.6 485.5 510.1 520.2 522.2 513.7 489.5 467.2 449 430.7 411.9 397.2 381.8 374.2 366.5 361.9 358.3 354.7 349.5 348.8 351 345.5 341.9 343.2 341.8 330.9
10.6 7.8 13.6 16.3 22 32.6 44.2 56.9 62.2 72.1 97.9 106.7 116.5 120.9 131.3 135.1 142.8 149.9 170.8 175.1 178.6 200.1 197.7 212.2 230.1 242 255.5 264 274.3 286 299.9 314.6 329.5 344 353.3 375.7 383.7 393.8 403.9 410.9 424.3 446.6 464.8 500.6 517.3 521.6 510.8 495.7 489.3 485.3 472.6 473.4 480.3 493.8 502.2 509.2 545 567.8 553.8 528.6 509.4 493.7 470.8 450.4 455.2 434.8 414.9 398.7 387.8 379.7 376.7 375.6 371.2 366.7 367.6 361.8 367.1 365.3 358.1 343.2
7 7.1 16.4 20 30.7 40.6 51 61.3 65.5 88.6 111.5 116 126 133.8 139.6 143.5 145.2 164.5 183.8 187.4 184.2 195.6 212.1 229.7 243.4 253.2 263.7 273.7 285.5 301.6 313.5 327.7 338.4 353.3 363.4 383.8 378.9 390.2 399.9 413.3 427.8 437.5 451.7 484.1 505.1 512.2 502.8 495.2 490.7 484.2 480.6 492.7 501.5 524.1 532.2 544.9 577.9 592.8 579 559.5 526.9 511.6 494.5 509 489.5 464.8 443.6 435.2 421.6 404.9 406.5 400.2 394.2 388.2 384.6 385.1 396.1 392.7 380.5 360.6
8.7 16 18.7 30 39.7 49.5 58.5 61.2 75.4 94.4 111.3 124.3 135.2 148.8 149 147 151.9 171.3 189.2 189.5 193.1 208.2 231.8 244.3 253.5 263.9 275.7 284.1 298.7 315.5 330.9 335.8 346.5 359.5 371.7 388.1 389.5 392.4 402.6 428.8 432.5 443.3 452.7 466.9 479.2 491.5 496.5 499.4 491.5 489.3 494.8 509.1 522.5 541 558 583.1 610.7 630.4 622 603.5 561.5 554 548 533.4 521.9 503.4 486.1 468 458.5 446.2 436.8 424.4 419.5 413.1 403 410.1 413.6 406.9 394.7 373.8
18 18.9 28.2 37.3 48.7 55.6 60.5 67.6 84.5 102.7 116.2 129.6 143.6 157.7 149.3 151 157 174.8 187.1 192.8 201.3 218 237.6 260.1 266.1 273.9 282.9 294 311.8 330.4 346.6 345.1 355.4 372 379.8 387.3 392.7 399.4 409.2 436.5 440.1 445.6 456.3 461.1 467.5 478.4 486.6 490.5 495.8 498 505.6 522.5 542.2 557.9 572.2 591.2 623 646.4 647.7 636.8 618.4 603.7 592.8 580.8 559 533.7 519.6 505.2 488.5 476.3 462.1 447.3 438.4 428.3 426.9 430 427.9 421.3 398.3 376.2
23.9 27.6 32.4 42.8 54.9 60.3 60.7 71.7 86.6 107.5 120.3 132 144.4 151.4 148.1 153.4 164.2 177.6 189.2 198.9 213.2 228.3 245 268.3 271.3 278 289.3 303.3 323.4 342.5 350.4 354.1 367.5 383.4 386.9 390 393.8 407.6 420.1 437.7 442.8 444.3 457.4 460.3 466.3 476.1 484.5 494.5 503.9 513.1 517.9 530.8 550.5 570.7 591.7 617.4 648.9 669.1 669.8 657 651.1 638.8 618.4 594.7 577 562 548.7 530.5 509.6 494 485.1 469.6 453.4 452.1 450.1 444.3 442.4 428.4 412.1 390.8
25.5 33.4 38.9 49.2 58.1 61.3 64.8 74.2 89.1 113.8 123.1 132.3 143.5 146.9 147.6 155.3 173.6 187.4 194.3 207.5 226.4 243.4 254.5 266.5 273 280.1 296.5 309.7 333.3 350.5 355.5 358.2 368.9 387.2 386.7 386.3 393.2 408.2 422 438.3 444.4 447.9 451.6 458.2 467.7 486.6 490.1 498.7 516.3 527 531.1 545.4 567.9 589.1 615.5 641.5 671 686.1 685.3 668.5 654.2 640.6 625.1 605.2 585.3 576.8 561.5 540.5 522.8 507.5 484.2 477 473.1 472.3 468.8 463.2 457.8 439.7 427.7 403.7
28.5 36.4 43.4 53.6 60 60.8 68.8 80.8 94.5 115.9 124.4 129.8 135.5 141.7 152.4 167.7 186 195.9 201.3 216.3 246.7 251.1 261.8 269.2 274.5 284.8 299.7 313.5 344.3 356.6 358.5 359.6 366.7 382 381 386.2 394 407.5 426.7 438.5 448.5 449 451.2 456.9 473.2 495 496.1 505.3 526.5 537.5 544.7 561.3 584.7 616.6 632.2 661.6 685.1 694.3 694.4 678.8 662.8 639.7 623.1 602.2 582 569.5 561.1 547.4 520.7 504.6 495 486.8 485.5 479 478.3 471.9 462.7 444.1 423.9 402.8
36.9 35.3 48.4 58 60.4 65.6 73.1 79.9 95.1 114.7 122.5 128 135 143 155.6 175.7 187.3 195.3 206.7 227.6 251 254.3 270.5 271.6 276.7 286 296.7 318 350.3 351.4 362.2 359.3 366.2 381.5 378.9 395.1 400.6 407.7 429.6 450.4 459.1 453.2 451.6 453.4 472.3 495.7 498.4 511.5 533 543 552.2 566.3 599.3 631.2 642.9 664.2 691.6 699.9 698.5 686.5 669.2 649.4 635.3 616.8 592.8 571.1 551.4 531.4 518.5 508.5 500.1 493.7 491 486.4 481.5 477 465.3 444.6 417.7 402.4
42.8 45 50.5 62 62.9 68.5 78 86.2 97.9 113.1 119.9 124.3 133.2 142.9 158 176.3 186.5 199.8 221 233.4 243.9 254.8 268.3 273 273.8 282.9 294 321.8 344.9 349.1 360.9 358.2 368.3 376.3 375.8 400.5 410 411.3 426.5 457.6 467.3 461.2 454.5 456.6 466.2 484.7 495.5 513.5 534.5 544.1 553.2 571.4 609.7 634.7 647.8 669.9 697.5 704.3 701.6 691.5 678.1 656.3 642.2 623.1 601 574.8 553.9 542.5 526.2 515 512.3 509 500.1 490.5 480.6 473.6 457.6 436 414 397.9
49.7 56.8 61.5 63.6 69.6 79.6 78.9 89 97.8 106.6 112.2 122 131.9 143.9 158.8 173.3 187.7 205.8 230.6 239.5 241 249.7 263.7 269.4 271.7 279.3 294.7 316.4 337.2 350.5 360.7 350.5 359 368 374 398.5 410.1 410.7 431.3 448.9 463.9 461.2 454.1 458.5 467 478.9 498.3 518.8 541.4 546.7 560.6 577.2 617.7 641.1 656.4 675.3 697.2 702.6 703.5 695.1 679.5 662.7 640.1 635.1 612.9 585.6 568.3 539.2 527.3 521.3 519.5 513.6 504.3 489.3 470.8 462.7 456.8 443.6 423.6 396.1
58.9 64.2 69.7 60.6 76.1 81.1 84.3 85.8 94.7 103.4 112.1 121.2 133 147 160.2 173.9 191.8 206.4 236 249.1 242.5 246.5 256.5 263.3 266.2 279.6 293.3 310.2 331.9 345.9 353.9 348.5 352.7 363.2 368.6 388 398.4 410.6 428.6 441.1 455.6 456.8 452.2 461.3 469 478.1 503.1 521.6 541.7 546.9 564.2 585.5 616.6 641.6 656.9 669.7 687.4 699.9 701.5 694.3 673.6 655.9 636.1 631.9 614.2 589.1 564 539 530.5 522.8 520.4 512.3 499.3 482 462.2 454.1 451 439.6 427.7 396.8
