WholeMapElevations/data/nx/nx68_OST50GRID_20230518/NX68.asc
ncols 200
nrows 200
xllcorner 260000
yllcorner 580000
cellsize 50
[rows 105 to 139 of 200, columns 0 to 78 of 200]
94.7 92.3 92.2 90.5 86.5 83.6 83.7 82.9 83.1 80.6 79.6 82.9 83.4 83.8 84.6 84.9 85 88.6 90.8 93.7 100.1 105.4 106.3 108.9 115.1 120.3 127 132.7 137.6 146.8 150.3 146.8 146.8 138.1 140.7 141.3 149.1 155.7 156.1 155.6 160.5 161.1 159.6 160.6 160.4 160.9 162.6 163.1 164.5 162.2 161 160 159 160.7 160.8 161.5 162.5 163.8 167.1 171.4 174.6 172.6 171.6 173 174.2 174.7 173.1 174.9 174.9 174.4 173.7 174.6 175 177.3 178.4 180.8 183.6 185 185.1
93.7 89.3 86.8 87.6 84.6 82.9 82.8 82.6 82.8 79.7 82.7 83.9 85.9 89 91.5 87.6 87.6 86 89.7 89.7 91.9 98.9 104.7 109.4 114.6 116.9 127 131.8 139.4 151.7 155.9 152.9 150.8 145.6 142.6 145.6 142 148.3 153.4 154.8 156.4 159.4 158.4 157.3 160.6 158.9 160.9 160.6 161.5 162 161.1 159.6 158.9 158 158.8 160 163.8 165.4 164.7 166 168.2 169.1 172.1 171.4 173.1 173 171.3 172.9 172.5 173.3 173.6 174 175.4 177.1 178.7 180.8 183.2 185.2 184.7
95 86.2 85.5 83.7 83.2 82.7 82.1 82.3 83.1 78.8 83.7 88.5 97.4 97.2 97.5 96.4 89.5 87.8 87.2 87.5 89 91.5 99.6 106.6 113.2 116.3 119.9 126.8 135.9 149.1 158.8 157.7 155.9 154 147.3 149.3 149.9 143.1 149 153.6 154.1 155.7 156.3 157.3 158.4 161.1 159.4 160 159.6 161.7 161.4 160.3 158.5 157.6 159.4 158.7 164.8 169.6 170.8 167.6 167.5 169.4 170.8 171.3 173.2 171 170.6 177.8 175.2 173.6 173.5 175.9 177.4 177.4 179.4 180.6 182.6 185 184.7
86.2 86.2 84.2 86.6 81.3 81 82.7 81.8 79.7 78.8 85.5 89.9 92.6 100.4 99.8 94.5 89.8 88.4 87.1 87.1 87.6 88 90.9 101.7 108.7 112.4 115.9 121.1 129.8 138.2 148.6 155.9 160.6 156.3 150.8 148.3 149.5 148.1 143.3 148.2 151.6 153.8 153.7 154.3 158.7 158.2 159.4 157.7 158.2 159 158.3 161 159 157.7 158.8 157.8 161.8 169.3 173.4 174.5 172.9 171.9 170.3 173 173.8 172.9 169.3 177.4 177.2 174.1 175 176.2 177.3 177.4 179.3 179.4 181.9 184.6 185.7
80.9 81 80.8 81.3 81 81.7 81.2 82.3 78.7 82.4 82.1 84.3 97.8 97.1 97.4 92.8 92.6 89.1 86.9 87.3 87.5 88.2 93.5 96.5 101.7 106.7 110.6 115.9 122.3 130.7 141.4 147.4 156.2 156.5 154.2 150 149 149.6 146.4 142.7 150.7 149.6 149.9 151.2 156.5 157.6 157 157.3 156.5 156 158.8 157.9 158.9 157.8 157.5 157.6 155.8 164.6 170.3 172.8 173.3 171.2 167.1 167.3 173 173.8 162.7 174.7 176.4 177.1 179.5 177.2 176.9 176.5 178 179.2 181.2 186.5 191.8
82.3 80.5 80.2 81.1 80.8 80.5 81.2 82.7 78.3 82.9 81.7 82 87.4 90.6 91.8 94.1 93.7 89.4 88 89 92.4 91.6 90.9 93.2 98.4 100.4 110.8 116.7 120.1 126.2 134.1 139.7 147.9 155.8 156.5 151.8 148.9 149.2 148.4 144.4 143 148.1 148.7 149.3 152.3 153.6 155.4 155.5 155 154.6 155.9 156.9 156.9 156.8 157.2 154.3 155.1 156.4 163.6 165.5 166.7 165.7 162 159.8 166 168.7 167.2 165.2 176.1 175.6 179.7 176.7 177 177.2 178.2 179.8 180.1 189 197.4
82.6 81.9 83.2 80.6 82.4 80.7 81.2 79.5 80.5 82.5 81.8 81.1 82 84.1 92.6 91.6 95.5 92.2 92.3 96.5 93 93.7 97.1 92.5 94.2 100.5 110.4 112.2 118 124.6 127.5 137.3 144.9 148.1 152.7 153.1 150.1 147.2 147.7 147.8 143 142.3 144 147.7 147.9 153 152.1 154.1 152.9 154.8 156.2 154.8 154.6 155.6 156.1 154 149.3 150.4 151.6 156.9 158 155 153.9 155.5 156.3 158 157.7 162.5 171.2 176.1 176.4 175.6 175.7 176.1 177.6 179.1 179.9 183.7 193.4
83.8 86.9 86.4 85.8 83.4 82 80.7 78.2 80 81.5 80.9 78.8 80.9 82.9 86.9 91.1 91.6 91.6 91.3 101.2 104.6 103.4 99.4 96.2 94.4 103.4 108.8 112.8 115.1 118.5 124.4 131 136.1 142.6 148.4 151.2 149.8 147 144.2 144.6 143.8 141.3 141.5 145.5 145.6 148.9 149 150.6 151.3 151.8 153.1 154.7 153.1 153.1 151.5 147.3 149.3 154.5 154.4 154.1 155.3 159 158.7 158.9 162.1 158.6 170.7 177.8 176.8 173.2 173.3 172.5 173.4 174.5 177.2 179.1 178.9 180.4 189.1
92.3 92.4 95.6 91.5 86.9 83 82.2 80.3 78.2 78.1 76.2 75.6 80.4 82.4 83.5 84.3 89.1 89.5 89.8 90.2 95.7 101.3 99.6 95.1 94.5 102.5 106.3 114.3 116.9 117.4 121.4 127.3 133.4 139 145.5 147 145.8 144.8 143.8 142.9 142.1 141.1 139.4 137.9 141.9 143.5 144.7 150.2 148.7 150.8 150.8 151.9 150.8 148.7 145.8 153.2 157 159.3 163.8 165.3 165.4 167.3 170.4 171.6 167 167.2 168.6 173.4 176.9 173.7 173.2 173.2 173.6 174.7 176.9 178.5 178.4 178.1 183.1
99.2 97.5 94.5 89.4 88.3 81.6 84.7 84.2 83 81.6 81.5 80.7 76.5 79.8 80.4 80.7 82.2 85.4 88.1 87.7 88.8 92 95.2 93.4 93.8 99.5 101.6 107.4 114.4 116.7 119.3 124.6 129.8 135.3 139.3 142.4 146.3 147.5 145.7 141.6 137.6 139.6 138.8 137 138 140.6 145.7 145.4 145.8 148.5 149 149.4 146.1 143.5 151.5 156 160.8 167.5 171.3 172.7 175.1 175.3 178.3 181.1 179.5 175.2 171.1 170.8 171.4 172.1 172.8 173.6 173.3 175.2 179 178.4 176.1 176.9 179
110.4 103.3 95.1 88.7 88 86.4 88.5 89.4 88.9 87.3 89.4 83.7 79.2 75.1 80.7 80.2 80.5 82.7 85.5 88.6 88.5 88.6 91.3 94.1 93.2 99.7 100.6 103.7 111.7 114.1 116.5 121.3 126.6 128.8 134.4 139.2 146 144.2 144.6 142.4 138.5 136 136.4 135.5 136.4 135.4 139 141.4 144.3 147.4 147.1 147.3 142.8 153.5 154.8 160.6 166.7 174.1 177.1 180.1 183.5 183.9 183.3 188.2 190.4 181.5 174.7 173.6 173.5 173.4 172.5 173.1 173.8 176.7 178.1 177.1 176.7 176.9 178.6
116.5 112.1 98.9 93.8 93.3 95.8 95.8 94.5 92.2 92.9 88.1 86.8 82.6 74.1 80.1 80.3 80 88.6 85.6 86.9 88.9 88.9 90.2 94.4 92.6 95 95.8 98.1 102.4 107.5 111.3 116.3 122.3 128.8 133.7 136.7 141 142.4 142 142.1 141.6 134.8 134.8 134.9 136.4 134 136.3 139.7 141 143.3 142.4 140.5 149.6 154.5 161.4 167.3 171.9 176.7 181.7 185.4 190.3 192.5 198.7 197.8 195.3 187.5 181.1 179.5 176.8 175.7 172.2 173.1 172.9 176.5 178.3 178 177.8 178.3 179.3
123.8 119.8 107.5 101.1 99.3 97 97.7 98.1 97.6 91.5 88.7 86 83.3 78.8 74.1 78 82.3 87.3 87.4 88.1 87.6 88.4 89.9 94.7 91.6 90.7 91.7 95.4 99 104.3 108.7 115.8 121.5 124.8 128.8 133.2 136.4 138.1 139.4 140.3 139.4 135.6 135.8 135 134.4 134.2 133.1 134.3 141.1 137.2 140.5 148.3 152.8 158.7 164.7 169.7 175.8 179.8 186.5 189.7 196 202.5 205.4 207.4 200.6 191.8 186 184 182.1 177.9 175.2 170.9 170.4 174.7 178.1 178.7 178.8 180.4 181
132.5 122.1 114 103.1 99.1 98 98.8 99.4 98.7 93.8 89.4 88.1 84.6 81.3 78.7 74.1 77.1 80.3 83 85.2 86 86.4 87.2 88.9 90.8 90.5 90.5 96.2 99.5 104 107.8 114.3 119.2 120.7 125.1 128.4 132 135.4 137.5 136.5 136.9 135.4 136.8 134.5 133.1 133.8 133.6 133.4 134.8 138.3 142.3 147.4 152.2 159.5 165.3 170.5 178.7 182.6 186.7 192.3 199.2 206.4 212.1 212.3 204.1 193 191.1 188 187.2 181.5 178.8 175.3 169.7 169.8 173.7 176.3 179.6 182.4 183.9
135.7 127 121.4 111.3 106.3 104.5 105.7 104.4 102.7 94.4 90.6 89.2 86.1 82.7 80.6 77.4 75.1 74.1 78.4 82.7 83.9 87 86.8 85.2 85 89 90.1 94.7 96.5 100.7 103.6 107.6 113.4 118.2 121.6 124.8 127.4 132.2 133.5 133.7 133.7 133.7 132.5 131.3 131.8 131.1 133.6 132.9 132.6 137 142.5 145.3 152.3 156.8 163.8 169.4 175.9 182.5 192 195.2 200.5 206.9 213.1 216.1 208.5 196.9 193.9 191 187.1 185.2 187.4 182 173.7 168.2 169.7 172.1 176.3 185.8 189.7
138.7 131.7 122.9 115.9 108 114 114.6 114.4 107.7 98.9 92.4 89.8 88.6 85.2 83.5 80.1 76.7 75 75.8 77 81.4 84.5 84 82.5 84.5 85.9 90.1 93.9 95.6 101.1 102.4 102.8 106.7 112.5 117.3 121.2 123.9 127.6 129.2 130.9 132.8 131.8 130.6 128.7 128.9 133.7 132.9 131.5 131.7 132.5 139 145 149.3 155 160.8 168.5 177 185.9 192.2 197.8 200.5 205.9 209.1 212.4 211.7 203 197.8 191.7 187.4 184.3 189.4 186 175 168.4 167.9 177.6 185.3 182.2 189.7
141.2 130.3 123.3 119.9 112.5 118 116.4 116.8 113.6 103.4 94.9 92.5 87.6 86.7 83.7 81.5 78.2 75.7 74.2 74.8 79.1 79.9 80.8 82.3 82.8 85.3 92.8 97.1 94.3 95.5 97 100.5 101.5 106.7 112.3 115.3 117.9 120.3 125.2 133.6 134.2 132.4 129.5 127.5 127.2 128.7 132.4 130.2 130.5 129.6 132.2 141.1 148 153.2 159.5 167.7 177.1 187.1 192.9 200.5 203.1 203.8 209.1 213.9 208.1 203.9 200.1 192.6 189.1 183.8 185.3 185.8 177 169 170.8 180.8 185 187.6 189.8
147.7 136.8 131.4 126.3 117.8 120 120 120.6 119.7 108.4 99.9 95.1 91.9 86.6 82.8 81.4 78.6 74.4 74.2 74.2 74.2 76.6 83.2 82.5 83.1 89 95.3 96.5 93.9 92.6 94.3 94.7 100 101.4 107 112.5 115 122 127.1 128.7 130.2 131 130.4 127 126.7 127.2 128.1 129.7 128.9 129.1 137.2 140.3 146.4 154.1 159.8 167.4 176.2 186.1 191 197.4 203.3 207.7 203.9 207.6 206.4 202.3 199.7 194.5 187.9 182.6 180.2 183.1 174.4 164.9 174.2 181.2 185.1 188.2 191.5
151 144.5 138.4 126.4 124.3 121.6 120 119.1 111.1 112.9 106.3 99.4 93 90 84.4 81 77.9 74.2 74.2 74.2 74.2 78.9 77.9 81.4 83 91 92.2 92.1 91.3 89.6 90.5 96.1 97.9 100.7 104 108.2 115.1 120.7 122.9 124.4 125.6 128.5 127.7 125.9 127.5 127.2 127.7 128.7 126.6 130.5 137.5 141.2 149.2 154.7 160.4 165.5 173 182.7 190 194.7 200.3 204.1 202.8 203.1 201.4 199.9 196.7 193.6 187.7 179.9 179.1 178.1 173.4 164.6 173.2 178.6 182.8 188.2 189.3
153.1 147.2 139.7 131.4 132.9 123.9 117.9 117.9 116.3 113.4 106.6 99.8 96.4 91.9 86.7 79.8 75.9 74.2 74.2 74.2 74.2 77.1 77.5 81.1 82.2 85.6 90.6 88.4 89.2 90.3 92.3 92.7 102.4 104.3 106 111.4 117 118.9 119.2 123.3 125.8 126.5 123.2 127.5 129.6 128.4 127.9 126.4 129.8 131.8 136.1 141.1 148.1 153.2 157.3 163.5 172.9 179.8 185.1 192.5 192.3 200.8 198.7 197.5 195.8 194 193.8 190.2 186.3 181.5 179.1 176.1 166.7 164.5 172.4 178.5 182.7 187.5 189.8
152 148.4 140.8 135.2 129.1 124.4 119.4 115.7 114.7 111.5 107.6 102.8 96.8 91.4 84.7 81.5 74.2 74.2 74.2 74.2 74.2 74.6 75.7 79.8 80.4 80.6 82.7 86.4 89.3 91.4 92.6 96.9 104.7 104.2 105.7 109 114 116.6 117.3 121.5 122.2 121.6 122.7 124.8 129.3 128.8 126.6 126.5 127.2 131.9 138.3 139.1 145.5 151.2 154.6 159.8 164.7 181.8 183.1 183.9 189.5 190 196.2 193.7 192.3 189.5 188.4 187.9 184.2 182.3 175.3 172.2 165.3 165.5 172.4 178.6 185.6 189.2 191.2
152.4 146.3 140.8 135 130.4 125.8 119.3 115.8 112.2 111.3 106.7 102.5 97 91 85.6 78.6 77.2 74.2 74.2 74.2 74.2 74.2 74.4 76.1 76.7 77.1 79.6 84.6 87.3 91.3 90.8 95.6 102.7 102.9 103.3 105.5 106.3 110.9 113.9 115.5 116.6 116.9 119.5 122.5 125.6 129.5 127.6 126.9 126.5 127.3 135.4 138.3 140.2 148.2 152.3 156.2 159.9 164.1 175.5 179.2 182.6 186.7 186.1 189.2 186.3 185.5 185.4 184.2 180.9 178.3 172.3 166.2 160.3 165.5 173.7 181.4 189.6 192.5 192.4
148.4 146.9 141.3 134.7 131.4 125.3 121 118.2 112.6 108.8 105.5 100.5 92.8 88.4 85.3 84.7 81.8 77.7 74.2 74.2 74.2 74.2 74.2 74.3 78.1 76.8 79.8 84.9 86.9 93.1 90.2 90.2 96.4 101.7 103.5 103.6 102.6 103.9 112.4 112.6 115.9 116.6 118 119.5 119.9 127 127.1 125.3 125.4 125.4 136.5 138.5 138 141.1 149.1 151.8 155.9 157.8 160.2 170.9 174.3 179.2 179.7 179.6 182 181.5 180.4 179.9 176.2 174.6 166.6 154.9 159.4 162.8 172.4 180.8 190.7 196.4 195.5
143.9 144.4 139.9 135.2 131.7 125.1 120.1 115.3 111.9 107.2 101.8 97 92.8 89.3 89.2 89.8 84.6 82.8 76.4 74.2 74.2 74.2 74.2 74.2 75.1 76.7 81.8 85.3 87 87.4 92.7 89.9 89.4 93.6 96.4 101.8 101.5 103.7 105.4 111.2 113.9 116.2 116.6 117.4 116.7 119.5 124.1 126.1 120.9 128.4 128.2 135.6 135 137.1 142.8 147.1 150.8 152 153.6 158.6 164.4 167 169.9 173.6 175.9 177.8 177.8 176.1 172.8 170.7 151.5 165.4 163.7 168 170.5 180.5 188.9 195.1 200
139.4 136.4 136.6 134.8 135.7 126.6 121.1 115.9 112 102.9 100 96 92.5 93.9 99.2 90.6 93.7 84.6 83.8 81.2 74.2 74.2 74.2 74.2 74.2 74.2 81.4 84.2 85.5 84.9 86.8 87 87.9 87.9 93.2 97.4 99 99 102.4 103.7 111 113.2 117.3 116.7 115.1 114.8 120.9 123.4 119.3 122.1 125.6 129.2 133.8 138.5 135.4 142.9 145.2 145.6 144.9 150.9 153.6 157.9 163.1 166.1 171.9 171.9 171.7 172.2 168.9 151.7 158.5 164.3 171.2 174.9 170.3 179 185 191.4 199.7
133.1 134.6 134.3 134.6 130.8 127.3 117.8 109.9 110.1 109.3 103.9 97.4 97.6 100.5 95.4 96.3 97.5 87.5 86.5 84.6 74.2 74.2 74.2 74.2 74.2 77.7 81.4 82.7 84.5 84.8 87.9 88.2 84.1 87.7 90.1 93.2 97 99.9 100.7 100.8 108.6 113.1 116.5 114.6 113.3 113.5 117.2 119.3 119.3 119.8 121.4 125.1 128.4 132.3 136.1 134.3 138.4 139.4 138.1 143.9 145 146.4 152 157.6 162 164.6 165.6 167.2 165.3 147 158.6 167.3 177.3 176.3 174.4 174.5 180.7 188.4 195.4
131.7 129.9 130.5 130.1 126.3 123.9 122.3 118.9 114.6 109.6 105 100.3 99.5 100.3 97.1 95.2 93.1 86.9 90.1 77.5 74.2 74.2 74.2 74.9 74.2 82.1 82.6 83.8 84.6 84.1 82.3 83.7 82.2 89.1 90.5 92.9 95.9 96.5 98.7 100.5 102.7 108.5 109.7 112.2 113.5 111.6 112.9 112.2 117.1 122.9 118.9 126 133.5 128.9 131.4 133.2 131.4 134.3 131.9 133.7 134 138.5 145.2 149.1 154.4 158.5 161.8 161 162 145.9 163.4 172.2 175.6 176.3 176.4 174 174.8 181.3 188.3
131.3 127.4 125.5 122.8 122.2 121.9 125.4 122.4 120.1 112.6 106.3 102.2 98.6 98.6 95.9 95.1 89.6 86.1 80.8 74.2 74.2 74.2 74.2 74.2 74.2 76.3 80.7 85.9 85.3 77 77.7 81.5 84.7 87.6 89.9 91.8 94.7 94.6 94.4 99.2 96.3 102.5 107.9 111.6 113.2 115.9 109.9 111 116.6 120.8 120.2 120.8 128.1 128 128.4 126.9 128.7 128.3 127.8 128.6 135.1 137.9 137.2 141.9 156 158.1 155.1 155.8 153.4 144.9 155.9 165 171 175.6 175.8 174.2 175.8 178.2 183.9
127.3 123.9 123.4 123.1 122.8 125.5 122.1 121.7 120.2 118.2 113.1 104.2 101.2 98.7 96.5 92.9 89.6 85.7 76.8 74.2 74.2 74.2 74.2 74.2 74.2 74.2 74.2 78.7 80 75.7 79.9 81.5 84.1 85.7 87.7 90.3 86.7 91.5 90.5 95.7 101.2 97.5 107.4 110.3 110.7 111.7 112.1 109 113.5 119.2 119.4 118.6 117.8 123.4 124.9 124.8 123.9 127.1 127 130.3 139 140.9 137.8 136.1 148.3 152.7 151.8 145.7 144.2 143.8 162.8 165.7 170.3 174.5 174.5 174.4 174.3 175.8 178.5
125.4 128.2 126.6 124.5 123.4 123.1 122.2 121.5 121.8 117.1 114.4 110.6 103.5 101.1 96.3 92.5 91.2 82.4 75.7 74.2 74.2 74.2 74.2 74.2 74.2 74.2 74.2 74.2 74.9 77.9 79.1 79.3 82.1 79.7 80.6 84.8 90.8 94.8 96.1 98.9 101.2 97.6 102.7 106.5 107.4 110.1 109.1 107.3 110.8 121.7 114.6 116.4 116.8 118 124.1 123 122.4 131.9 137.7 137.4 139.2 141.5 139.5 133.4 141.7 143.8 144.9 147.2 146.7 144.2 156.5 163.6 166 169.3 174.8 173.5 174.1 177.4 179.2
128 127.5 131.4 127.8 123.1 126 125.1 124.9 121.9 117.8 114.8 111.3 109.3 102.7 95.8 91.9 89.1 81.4 79.3 74.2 74.2 74.2 74.2 74.2 74.2 74.2 74.2 74.2 74.2 74.2 74.1 74.1 77.2 79.7 83.6 87.1 89.8 94.5 96.8 105.8 103.2 101.6 102.1 103.3 106.1 105.8 104.6 104.6 106.1 110.4 120.5 119.3 117.1 117 117 119.5 122 123.4 134.8 140.3 140.6 139.3 137.1 129.1 134.9 131.8 137.1 144.4 142.7 143 153.2 162.6 164.9 168.8 172.6 171.2 172 176.9 183.4
130.4 129.6 129.5 130.3 123.6 127 125.9 122.2 122 117 114.9 114.1 107.9 105.6 96.9 92.4 86.8 80.9 79.1 74.2 74.2 74.2 74.2 74.2 74.2 74.2 74.2 74.2 74.2 74.2 75.9 79.1 78.3 83.3 86.2 87.9 88.9 94.7 100.5 103.8 105.1 105.2 99.4 101.6 102.6 101.6 109.1 107.3 107 110.9 118.9 121.2 119.4 119.1 117.3 118.1 120.7 122.7 124.3 127.7 137.7 134.2 127 125.5 126.5 134 134.9 142.8 143.9 140.8 148.4 161.4 163.8 166 169.8 169.3 170 177.7 185.4
132.1 130.5 128.6 128.5 126.5 125.2 122.8 121.7 118 119.3 115.3 113.9 109.4 105.2 100.2 93.6 87.9 81.4 78.8 76.3 74.2 74.2 74.2 74.2 74.2 74.2 74.2 74.2 74.2 74.2 77.7 81.8 82.7 83.6 90.3 93.5 94.6 98.8 103 102.3 111.4 108.6 103.5 102.8 102.6 104.4 109.3 110.5 107 114.3 114.2 118.1 120 125 118.1 119.8 119.1 121.5 123.8 124.4 126.1 127.3 123.9 124.2 125.1 128.9 131.3 145.2 144.7 137.3 142.2 153 158.1 164.3 163.5 165.5 168.4 174.6 182.3
137.1 131.8 129.3 126.9 124.5 122.3 121.4 118.5 117.2 117.5 117.5 115.4 111.4 106.5 101.7 94.1 87 82.9 81.9 75 74.2 74.2 74.2 74.2 74.2 74.2 74.2 74.2 74.2 75.1 82.8 81.2 82.5 84.4 86.6 95.9 98.2 98.9 100.2 101.1 110.4 111.7 107.6 105.3 108.5 106.1 111.4 113.9 109.4 113.6 116.3 122.2 125 121.4 122.9 122.9 121.5 121.8 126.6 126.2 125.7 125.6 124.4 123.9 125.3 131.9 130.3 142.9 147.5 134 137.9 144.4 148.7 155.6 160.3 160.6 166.8 169.7 176.9
138.3 137.7 132.2 126.8 123 120.9 121.8 118.6 115.2 114.9 112.9 112.6 110 107.2 102.3 96.2 91 87.8 82.7 77.4 74.2 74.2 74.2 74.2 74.2 74.2 74.2 74.2 74.2 76.1 80.8 80.2 81.8 83.6 87 92.2 95.5 96.9 100 101.5 105.5 111 113.9 109.9 107.9 107.5 112.5 112.6 112.5 109.8 115.3 120.1 123.6 123.1 123.6 122.6 122.6 127.2 128.7 127 129.3 129.6 124.6 124.6 125.5 135.5 142.7 139.7 144.6 133.6 134.8 136 141.8 152.6 155.6 156.6 162.8 166.3 170.5
