UK/data/sh/sh66_OST50GRID_20230518/SH66.asc
ncols 200
nrows 200
xllcorner 260000
yllcorner 360000
cellsize 50
[rows 70 to 104 of 200, columns 78 to 155 of 200]
307.7 309 308.5 309.1 312.8 310.7 312 314.9 317 319.7 321.7 324.6 328.6 331.1 336.5 339.9 344 346.8 349.7 352.3 354.5 356.5 359.1 360.1 362 367.7 369.7 372.9 375.5 380.6 384.7 382.6 389 397.2 401.7 404.6 405.4 405.8 408.5 411.4 414.2 416.3 417.5 419.7 420.8 422.7 426.7 430.1 434.5 438.2 442.7 446.4 448.8 450.9 457.1 461.8 469.4 478.7 484.7 487.2 487.3 483.2 485.2 489.8 493.5 498.5 505.3 510.4 516.4 524.5 533 540 545.2 550.7 558.7 569.9 580.3 591.6
303 304 303.2 303.6 304.1 298.8 303.4 305.6 311.1 305.6 310.9 313.8 317.8 323.5 323.9 328.9 330.3 334.9 345.7 349.7 353.2 354 353.2 357.8 360.7 364.8 367 368.6 372.7 374.2 378.6 392.1 395.8 392 394.1 398.7 399.4 403.8 408.3 410.7 415 416.5 417.8 420.5 423.5 424.2 424.2 425.7 433.2 445.7 446.3 447.9 451.3 453.6 457.5 463.6 473 479.8 485.8 489 490.2 488.9 482.6 485.8 493.3 497.1 502.5 507.9 514.2 518.7 523.8 529.9 535.6 541.2 549.6 556.3 564.5 571.8
296.3 298.2 297.7 288.6 277.4 285.5 287.7 292.7 297.1 310.5 316 325.6 331.4 325.1 335.4 339.1 343.8 345.3 341.5 344.7 348.4 350.3 357.1 362.8 366 368.2 369.7 372.3 375.1 380.9 387.1 393.3 399.4 404.7 402 403 404.6 407 408.6 410.7 415.2 417.2 419.2 422.5 425.3 427.3 430.7 430 435 435.7 441.8 444.6 451.4 455.3 461.9 468.1 474.2 477.8 486.6 491 491.4 490 487.9 484.4 493.2 497.7 502.6 507.2 511.2 515.9 518.5 524.8 531.5 540.4 554.1 566.8 577.6 587.6
289.1 290.6 274.4 270.7 286.5 294.8 301.6 306.5 312.9 317.6 322.4 326.4 332.1 336.5 339.9 342.2 345 347.8 350.3 352.5 355.2 358.3 361.8 365.2 368.3 370.4 373.2 374.7 377.6 382.9 387.2 394.9 400 405.3 406.2 409 411 411.6 410.7 410.4 414.1 418.4 421.2 422.1 429.7 435.5 440.4 439.9 446.8 449 451.9 455 458.8 461.7 467 473.2 480.8 484.5 490 494.7 492.2 491 491.9 486.7 489.7 497.2 499.8 502 507.6 513.7 520.5 531.7 544.3 554.3 564.8 576.5 591.1 603.5
281.3 270.6 264.9 280.1 287.4 295 300.4 306.5 313.6 318.2 322.6 327.4 331.4 336.5 340.8 344.6 346.5 349 352.1 354.6 357.8 361.1 365.9 369.4 372.6 374.6 376.8 378.3 380.8 386.2 391 396.1 401 405.1 408.9 413 415.6 416 414 413.9 412.6 418.1 423.2 427.9 433.3 440.4 445.1 449 449.5 451.2 455.7 459.5 464.7 469.8 474.2 481.3 487.6 493.2 497.1 502.5 501.8 496.4 495.3 488.5 490.3 493.9 496.2 502.7 507.3 511.6 522.1 538.8 554.4 566 578.8 592.3 606.3 617.4
256.2 256.9 263.7 281.8 289.9 295.3 300 306.3 313 319.3 323.5 327.4 331.9 336.6 341.2 345.7 348.1 350.4 354.3 357.1 361.7 364.9 369.2 372.2 375.7 379.3 381.4 384.7 387.7 390.4 395.9 398.8 402 405.9 409.8 415.2 417.6 420.1 418 419.1 421.7 425.7 426.9 429 435.1 441.3 450 454.1 461.2 461 463.5 467.5 474.2 479.2 483.9 488.7 495.2 501.7 506.7 510.8 512.6 513.2 507.1 497.4 491.2 494.5 499.5 502.6 506.4 511.3 520.8 544.3 566.1 582.7 595.6 610.4 624 636.4
249.3 252.4 269.7 285.9 291.8 296.1 301 306.2 313 318.3 323.7 328 331.6 336 342.1 346.4 349.7 351.9 356.1 360.2 364.8 367.5 371.7 375.1 379.4 383 387.4 391.4 395.7 396.8 399.3 401.7 403 406.2 411.1 414.6 419.7 423.9 424.5 427.6 431.2 433.8 437.9 438.8 444.5 450.2 456.3 461.3 468.4 474.5 475 476.7 484.9 487.9 493.1 499.6 505.3 511.3 517.4 522.8 524.2 523.9 521.9 516 496.6 500.5 498.1 505.2 508.9 512.8 522.2 547.3 578.5 599.7 612.2 625.7 638.8 654.8
260.3 268.5 278.1 286.8 291.7 296.4 301.5 306.6 313.1 319.3 324.1 328.6 333.3 337.4 342.3 347.1 351.4 355 358.3 362.3 366.6 371.4 374.9 379 382.4 386.4 391.7 397.4 401.2 404 404.6 407.5 407.5 409 417.4 420.6 424.7 431.2 434.7 436 440.6 443.7 448.7 451.3 457.1 461.6 465 469 475.2 481.7 486.1 487.5 494.4 499.6 505.2 512.7 520.3 526.6 530.6 533.8 538.3 539.8 537.9 526.3 506.3 502.7 502 505.4 509.8 516.1 524.3 549.5 589.1 611.4 624.2 642.9 661.4 677.3
263.4 270.3 278.5 286 291.2 296.2 302.1 307.4 313.9 320.3 325.6 329.9 334.7 338.8 343.5 347.9 352.4 357.5 360.8 365.2 369.2 374.5 378.9 383.6 387.8 391.1 396.4 401.5 405.7 409 411.6 416.2 421.9 424.5 427.6 433.2 438.3 441.8 448.9 453 452.8 453.1 455.8 462.6 466.9 470.4 473.8 476.5 480.8 486.7 494.6 500.8 505.9 511.9 518.5 526.2 531.9 536.7 542.2 545.8 550.8 553.1 551.3 545.7 521.7 509 506.8 506.6 514.7 519.2 528.4 544.1 574.3 610.6 640.6 663 683 699.3
265.4 271.3 277.3 283.5 290.2 295.7 301 307.3 314.6 320.8 326.9 332.1 336.4 339.9 345.3 348.7 353.6 359.5 363.6 368.1 372.9 377.2 383 387.6 391.7 395.2 401.2 407.1 411.9 415.6 423.3 429.7 433.7 438.2 439.7 447.4 452.7 459 463.6 466.8 468.3 467.8 466.9 469.6 474.4 478.7 482.2 485.4 489.2 496.1 504.6 512.6 517.1 523.6 529.7 536.4 544 550.3 556.3 563 564.8 566.6 567 564.7 547.6 522.2 513.3 511.9 518.8 524.1 531 540 564.6 603.6 654.4 682 703.4 721
267.1 272.8 277.8 283.2 289.4 295.1 300.3 307.6 315.3 322.8 328.8 334.9 339 344.5 347.9 351.2 354.5 360.7 365.4 370.5 375.7 380.7 385.1 390.2 395.8 401.7 406.6 410.9 414.7 423.7 435.9 439.7 445.4 449.6 455.9 460.7 464.7 471.6 473.8 476.6 479.6 481.7 478.8 482.3 485.8 490.6 494.8 497.5 503.2 510.3 515.4 522.3 529.8 538 545.6 551.9 559.2 567 573.2 578.1 582.8 582.2 580.8 578.3 559.8 530.9 520.2 520.2 520 526.7 528.2 541.2 570.5 607.4 656.3 695.1 720.9 739.6
268.3 274.5 279.2 284.2 290.3 295 301.1 308.8 317.4 325 331.2 337.7 342.7 347.6 351.5 354.5 357.1 362.5 368.3 372.7 377.3 382.5 387.7 393 400.3 406.3 410.9 415.7 420.8 432.5 445.9 456.5 460 462.2 466.9 472.1 475 481.7 482.6 485.6 490.4 493.3 492.4 494.9 499.2 502.8 508.2 512.2 516.9 520.3 527.7 536.1 544 550.8 557.3 564.2 573.1 581.8 588.7 594 596.3 596.6 595.7 591.3 575.9 544.1 529 526.2 529.5 530 537.8 568.4 583.9 616.3 665.2 692.3 713.5 725.9
267.4 274.9 279.2 285.2 292.1 297.1 302.8 310.7 318.7 326.1 333.2 340.4 345.3 350.7 354.9 357.8 362.1 365.3 370.3 374.9 379.2 385.2 390.1 395.3 402.8 409.7 414.8 420.3 426.8 435.7 451.7 468 477.9 482 483.2 485.1 490.2 495.9 498.2 497.3 499.6 502.1 505.3 506.1 509.3 515.2 521.2 525.8 530.9 535.1 541.5 549.8 556.2 562.8 571.6 579.7 588.5 596.4 604.2 608.4 610.1 611.6 610.1 610.1 593.2 561.5 543.2 533.2 535 536.1 547.3 571.1 588.7 609.2 639.4 664.1 683.5 692.8
262.8 263.1 267.5 277.8 289.6 299 304.9 312 319 326.5 334.6 342.1 348.2 354.1 358.4 362 365.4 369.5 373.2 377.2 382.9 387.6 392.5 397.6 405 411.8 417.3 424 431.1 437.2 451.1 468 486.2 496.2 502.5 502.7 504.5 509.1 510.2 510.9 512.9 513.5 514.1 517.9 522 528.1 534.3 537.7 542.4 549.6 556.2 565.3 572.4 579.9 588 595.6 604.4 612 618.9 622.1 626.2 629.8 632 630.5 612.6 578.5 553 542.8 544.1 544.9 550.3 561.8 572.4 590.6 611.7 629.2 650.7 658.7
272.2 272.6 278.2 274.8 282.1 295.1 305.6 312.7 319.4 327.3 335.6 343.8 350.7 357.1 361.4 366 369.4 372.4 375.7 379.6 384.3 390 394.8 400.2 406.8 413.3 418.8 426.4 433.4 439.8 446.8 463.8 479.1 494.1 509.7 511.7 513 517.2 518.6 517.9 519.6 522.5 524.1 527.5 533.7 539.7 545.6 552.2 557.7 562.9 571.2 581.3 589.1 596.6 603.7 611.7 620.1 627.4 633.4 638.7 643.9 648.8 652.4 651.1 629.4 595.3 565.5 556.3 554.7 554.6 551.8 557.1 562.3 572.3 583 596.1 613.7 625.2
276.7 278.3 279.6 285.7 289 287.8 303.9 312.8 319.8 327.8 336.4 344.5 351.8 359.6 364.8 369 372.2 374.4 377.5 382 387 392.3 397.6 403.2 407.5 414.4 420.5 428.4 434.9 441 445.7 454.2 469.8 483.6 497 506.7 513.4 518.8 520.6 522.6 526.8 530 531.7 537.3 544 550.2 556.9 562.8 569.6 576.7 586.4 595.7 603.4 612.5 619.8 627.1 633.1 641.9 649.7 657.7 664.8 669.8 672 671.7 646.5 617.5 587.6 572.5 571.3 566.5 567.2 570.1 566.7 564.9 574.1 580.3 587.1 599.4
283.5 285.6 286.8 291.3 296 300.3 295.6 312.6 320.1 327.1 335.4 343.8 352.7 360.7 366.5 370.7 374.2 376.7 379.6 382.8 387.8 393.8 399.3 405 409.1 414.3 421.4 428.6 434.7 440.2 445.2 451.2 460.8 475.3 486.1 497.7 508 514.7 519.9 524.8 531.2 535.8 539.8 546.8 554.1 559.6 568.2 576.7 582.9 589.7 601 608.7 617.8 625.9 634.9 642 650.2 660.4 668.9 677.9 685.5 690.8 694.2 692.1 663.2 637.7 620.6 603.1 593.7 584.1 581.8 581.3 582.1 580.5 579.2 576 581.1 589
291 291.6 294.4 296.7 299.7 304.2 306.7 307.1 314.4 325.6 330.5 341.4 351.1 360 366.8 371.2 375.1 378.2 380.8 384.6 388.4 393.4 399.5 405 409.7 414.9 421 427.6 433.2 438.8 445 450.6 458.1 467.7 479.4 489.2 500.4 508.5 515.9 523.4 531.1 537.2 543.4 551.9 558 565.7 578.3 589.6 596.4 605 614.3 622.1 630 640.2 650.9 661.9 670.7 680.5 688.8 698.7 706.9 714.5 716.8 713.5 683.6 654.7 641.9 631.1 625.1 608.4 598.8 594.4 596.8 596.7 596.3 593.2 589.4 592
295.3 296.9 299.5 301.2 303.9 308.5 312.7 316.1 316.4 324.8 331 332.7 338.9 351.8 364.5 370.7 374.9 378.2 381.1 384.9 388.4 392.6 398.7 404.2 409.5 415.3 420.3 426.4 431.6 437.5 443.6 450 454.6 463.8 474.2 481.5 492.1 500.5 508.9 516.8 526.2 533.9 541 551.1 560 570.6 586.6 599.9 609.2 619.7 631.4 641.3 650.8 659 670.6 681.2 690 700.7 709.8 718.4 726.3 735.3 738.4 730.5 699 674 657 649.7 648.2 646.5 634 622.1 626.5 628.8 629.5 617.1 607.7 601.8
301.8 302.9 305.1 308.2 309.5 311.9 317.5 323.1 328 331.3 336 342.1 346.4 344.5 357.9 368 372.2 376 380 384.4 388 391.8 396.6 401.9 408.4 414.7 419.7 425.4 430.7 437.3 442.6 449.7 454.5 462 467.9 475.5 485.6 494.7 503.2 510.9 519 528.9 535.3 546.1 557.1 569.8 587.3 602.3 622.4 640.5 656 666.4 674.6 677.9 686.6 696.6 708.1 722.2 730.8 738.6 745.4 753.5 757.2 749.5 717 693.2 678.5 673.3 674.8 678.9 682.3 670.5 670.9 675.2 663 646.9 632.2 620.8
310.2 309.2 310.6 313.2 316.6 317.9 319.1 324.9 331.4 336.8 341.8 346.9 352.1 355.7 356.4 357.2 365.8 368.3 379 383 387 391.4 395.5 400.2 406.5 412.4 418.9 424.5 430.6 437 443.4 450.1 456.2 462.7 468 473 480.6 489.7 498.7 506.5 513.3 522.9 530.4 537.9 548.9 561.7 578.2 599.1 623.6 643.8 657.5 662.6 668.6 676 688.8 701 719.2 738.1 749.2 760 762.2 769.4 773.4 770.2 739.8 715.2 706.3 702.1 704.2 708.7 712.3 708.3 707.2 706.1 700 683.1 669.1 648.9
316.4 316.1 316.4 318.4 321.3 324 327.3 327.4 334.9 340.2 345.4 350.5 356.1 361.7 367.3 371 374.3 375.2 373.5 378.9 383.6 388.5 394 398.2 404.2 409.8 415.7 422.5 428.8 436.5 444.1 450.7 457.8 463.6 468.9 473.5 479.2 485.6 491.5 500.7 508.7 514 523.1 531.6 538.4 551.1 566.2 585.5 604 621.4 632.7 643.6 655.7 667 682.1 700 719.8 738.2 753.2 764.3 773.1 780.2 785.8 787.3 765.2 744 732.4 730.3 734.2 739.2 740.2 736.2 735.2 733.6 728.5 718.1 707.2 684.6
324.6 321.9 322.8 324.9 326.6 328.7 332.8 335.6 338.4 343.2 349 353.3 359 364.6 370 374.6 377.5 378.9 380.7 382.1 386.4 390.3 388.6 396.1 402.6 407.5 412.6 419.5 426.2 434.6 442.2 451.1 458 465 470.5 475.4 479.9 484.7 490.1 496.7 501.8 508.6 514 524.6 532.8 540.8 555.3 570.5 586.2 600 612.4 624.9 639 653.4 669.9 688.4 709.5 728.1 740.2 754.9 769.2 781.2 792.2 799.7 793.7 773.2 762.6 762.6 766.4 769.8 770.4 763.9 764.7 763.1 758 748.7 734.3 719.7
333 329.7 329 331 334.3 335.8 337.2 340.1 342.3 347.1 352 356.3 360.4 366.2 371.8 375.9 379.1 381.6 382.7 384.6 389.4 394.6 397.8 393.7 400.8 405.7 410.2 416.1 422.5 431.3 438.8 447 455.9 464.1 470.5 475.8 481.3 485.6 490 494.6 500.4 505.3 510.7 516.2 525.2 535.4 542.8 556.1 569.3 583.1 595.1 607.1 620.9 635.6 652.1 670.7 689.7 706.7 726.1 746.5 765.9 782.2 796.6 811.3 818.5 809.2 798.5 797.1 801 807 805.1 793.4 796.3 795.7 788.6 778.5 764.2 752.5
338 336.5 336.9 337.3 339.9 341.1 342.1 344.1 347.8 351.5 354.4 357.8 362.1 367 371.9 377 380.3 382.8 385.1 390.6 395.5 400.1 404.6 403.2 399.7 404.9 408.6 413.7 419.8 426.3 433.8 443.2 452 459.9 466.7 473.2 479.3 485.1 490 493.7 498.8 503.3 508.1 513.2 518.6 527.7 536.9 546 555.1 567.7 579.1 590.8 603.1 618.7 632.8 649.7 669.6 692.7 716.9 740.2 762.1 781.2 798.7 816 832.3 844.3 835.1 837 844 841.2 831.8 826.3 832.2 828 821.3 809.7 798.7 785.6
344.8 343.8 343.1 343 345.8 346.7 347.2 351.1 354.9 356.6 358.4 360.3 364.1 368.2 372.9 377.6 380.9 383.4 387.5 394.6 402.6 409.3 413.1 411.2 402.6 405.3 408.7 413.1 417.6 423.1 429.3 436.1 445.2 453.6 460 467.3 473.8 481.1 487.6 493.7 499 502.8 507 512.1 516.1 521.4 529.5 537 545.1 555.3 565.9 575.9 588 601.9 615.4 636.4 659.7 684.1 710.9 734.2 757.6 778.3 798.9 819.7 841.1 861.3 879.2 885.4 886.5 883.4 866.7 865.1 870 864.2 853.9 836.5 811.9 785.4
354.7 351.2 349.2 350.1 350.6 351.8 354.6 357.3 360.3 361.7 363 364.9 366.1 370 374 378.5 382 385.4 391.3 399.6 408.3 415.6 420 421.3 414.7 406.6 407.3 411.9 416.2 420.8 425.5 430.7 438.7 446.2 453.3 459.8 467.4 474.7 482.4 490 497.7 502.8 506.8 510.6 514.4 518.8 523.2 532.6 538.6 546.5 554.5 565.8 577.5 592.3 610.6 631.6 654 679.3 705.2 729.9 751.9 775.6 799.7 822 846.9 876.7 906.7 932.2 935.8 921.4 913.1 906.6 886.8 863.8 842 823.7 804.3 780.7
365.3 358.2 356.4 356.8 357.4 358.6 360.1 362.9 365.8 367.6 367.9 370.3 369.4 372.3 375.7 379.8 384.4 388.9 393.5 403 411.7 419.7 429.7 432.4 429.2 421.8 416 413.5 414.9 418.5 422.2 425.9 432.8 438.8 446.7 452.8 460.1 467.3 476.8 485 495 501.7 506.4 509.5 512.2 516 519.7 526.7 535.3 541.4 550.1 559.9 573.6 587.5 605.5 624.6 649.3 674.9 700.6 725.6 750.3 774.2 797.8 821 847.7 881.8 916.1 948 959 959.5 941 896.3 865.8 844 825.6 809.7 793.8 775.8
371.7 365.6 362.5 362.7 363.9 366.4 368.6 369.1 371.6 372.9 373.7 375.2 375.7 374.6 378.1 381.9 386.3 390.3 396.9 406.7 416.8 427.3 437.4 441.2 443.9 438.5 434.4 426.6 417.8 415.7 419 423.1 427.8 431.8 438.9 444.1 451.5 459.1 471.3 480 490.6 499.4 504.6 509.5 512.2 514.5 518.4 523.6 529.9 537.7 545 556.3 566.9 581.2 599.4 621.8 645 670.6 696.1 719.8 743.8 767.2 790 814.5 847.7 883.5 921.6 943.2 953.7 952.6 914.5 884.1 845.2 821.3 805.6 791.6 779.5 770.8
377.4 372.9 373.1 375 375.6 377.6 379.4 381.1 379.9 378.4 379 380.9 382.3 382.4 380.7 383.7 387.6 392.2 400.2 409.8 420 432.4 442.6 451.3 458.4 462.9 457.7 444.1 433.2 419.7 419.5 420 422.9 427.6 431.1 435.8 440.5 447 455.7 469 482.7 493.9 500.4 506.7 511.4 514.5 517.8 522.2 527.2 532.6 538.7 548.7 560.2 572.8 592.2 615.1 638 663.3 684.2 706.6 731.2 754.3 778.5 804.5 845.2 879 902.1 926.9 943.6 943 903.4 861.2 826.6 798.9 780.1 772.2 763.7 755
383.6 381.3 382.4 384.7 386 389.7 392 393.1 388.3 383.6 384.3 386 386.7 386.8 385.5 387 390.9 395 402.4 411.4 423 435.7 446.2 456.5 468.7 480.3 485.9 471.6 454.2 440.8 429.3 420.1 420.7 424.5 427.2 429.4 433.9 438.7 446.6 458.1 466.9 482.8 494.4 502.1 508.4 512.9 515.9 519.6 524 527.5 535 543.9 553.3 565.5 584.2 604.9 623.9 647.1 668.4 692.1 716.8 741.9 767.9 796.5 827.9 858.3 889.3 920.8 933.6 932.2 884 849.9 817.1 787.5 768.5 751.6 746.4 744.2
394.3 389.6 391.7 393.8 397 399.4 403 403.6 396.8 391.3 389.8 390.3 391.5 391.5 390 389 393.2 398.6 404.5 413.4 424.9 438.4 451.1 463.9 476.2 490.4 501.9 502.1 477.7 459.7 443.6 432.7 424.6 422 423.7 425.6 427.9 433.6 438.7 446.4 457.7 468.5 481.8 495.3 502.8 509.1 513.6 518.2 521.8 525.9 530.2 539.6 549 559.8 573.8 590.5 608.5 630 655.3 679.4 708.5 736.6 765 794 824 857.1 892.3 915.3 931.6 937.1 898.2 858.1 821.6 797.7 781.1 750.1 754.8 753.8
406 401.9 397.6 402.9 406.5 409.3 413.6 413.3 407.4 399.7 396.5 395.9 396.9 396 393 392.6 395.3 400.4 407.3 415.6 426.8 440.7 455.3 468.6 481.6 495.9 512.4 521.6 502.3 485.3 468.9 451.5 435.5 423.5 420.5 422.1 425.1 429.2 433.8 438.4 447.9 457 470.7 488.9 497.6 503.7 510.7 516.2 521.2 526.4 531.9 537.4 546.2 556.2 568 583.1 604.9 627.5 652.5 679.9 709.2 738.4 769.4 800.8 828.1 860.2 894.1 909.6 918.7 924.5 928.6 884.2 862.4 830.3 803.5 774.6 771.3 789.2
409.1 409.7 408.8 413.4 414.3 419 423.6 421.8 418.1 410.5 406.3 404.4 402.7 401.2 398.2 397.4 399 402.6 409.3 417.4 429 443 457.2 470.2 484.5 497.7 517.4 529.9 530.3 515 496.4 477.7 454.3 432.7 422.1 421.7 422.9 425.6 428.2 433.8 439.9 449.8 460.5 473.4 488.6 497.5 504.8 514.3 520.2 526.5 531.9 537.3 543.9 551.3 563.3 580.2 600.9 622.7 648.9 677.6 709.3 739.5 773.1 804.9 833 860 886.6 893.5 897.1 900.2 905.2 913.7 925.3 881.2 835.1 811.5 819.4 822
411.5 415.3 417.2 420 421.1 427.4 432.3 428.4 424.9 420.1 416.1 411.2 409 407.6 405.1 403.3 404.9 405.3 411.6 418.8 430.1 443.2 457.3 470 486.8 500.8 518.9 534.5 541.9 543.6 528.8 508.5 481.7 452.3 431.8 421.2 422.8 424.1 425.4 429.8 435.4 442.6 454.7 465.5 479.9 492.1 499.3 508.8 517.9 525 530.3 535.6 542 548.1 559.2 574.3 595.5 618 645.1 674.5 705.2 739.2 773.8 803.5 830.2 859.2 871.2 871.8 872.4 874.5 880.5 889.8 901.8 913.5 875.4 859.7 862.1 859.4
