UK/data/st/st16_OST50GRID_20230518/ST16.asc
ncols 200
nrows 200
xllcorner 310000
yllcorner 160000
cellsize 50
[rows 38 to 75 of 200, columns 0 to 83 of 200]
66.5 68.1 69.6 70.3 67.9 69.2 68.7 69.1 69.5 69.8 68.5 66.6 65.1 68.5 72.9 73.4 72.4 71.6 69.6 68.6 67.2 65.9 61.5 57.5 55 47.4 41.7 34.1 29.2 25.4 23.6 26.4 25.9 25.4 25 23.9 24.2 24 18.9 18.7 22.3 28.4 31.3 34.4 35.5 38.1 38.9 38.4 36.7 32.3 24.1 15.8 17.1 16.8 16.2 15.1 13.9 13.6 8.8 8.3 8.3 4.5 4.5 4.5 7.6 7.8 6.6 6.6 7.2 7.1 6.3 6.3 6.3 8.2 6.9 6.2 6.3 6.3 6.4 9.5 10.1 10.6 10.7 10.5
70.4 71.3 71 70.1 69 65.9 67.8 67.1 66.9 67.4 65.7 63.9 64.4 70.2 72 70.7 70 68.2 66.5 65.2 63.2 60.7 57.6 52.2 46.7 42 36.3 29.2 26.7 22.6 23.2 25.4 24.1 24.2 24.2 21 19.3 17.7 18.1 18.4 25.6 29.5 31.5 33.4 34.8 36.7 37.8 37.3 34.2 30.1 12.2 18 17.1 17.9 16.2 14 13.8 12 9.2 8 4.5 4.5 4.5 4.5 7.6 7.5 8.3 6.8 7.1 6.3 6.3 6.3 6.8 5.1 6.8 6.6 6.5 6.4 8 8.3 10.1 10.3 11.2 11.4
72.2 71 70.6 68.7 67.2 65.6 64.4 64.6 64.5 64.1 62.9 62.7 66.2 68.7 69 69.1 66.4 65.3 62 60 58.1 55.5 54.5 50.4 43.2 35.7 29.7 26.3 23.9 22 21.2 22.6 22.6 22.5 21.7 19.4 17.3 17.4 19.6 23.6 27.5 29.2 30.8 31.2 32.8 35.1 35.5 34 31 17.3 11.1 17.4 16.9 14.4 13 8.8 9.9 10.9 6.2 4.5 4.5 4.5 4.5 6 7.4 7.4 7.1 7.5 7.6 7.2 6.7 7.5 4 7.2 6.7 8 6.9 6.3 8.2 9.1 9.1 11.2 11.8 11.4
72.3 70.6 68.9 67 65.5 64.9 63.3 61 60.5 61 61.6 64.2 67.1 67 66.5 64.9 63.3 59.9 57.9 55 50.7 49.6 47.9 45.1 39.3 32 26.8 23.7 22.4 20.8 20 20.3 19.7 19.1 19.1 18.7 17.6 17.4 19.1 25 27.6 28.2 28.1 28 30.8 31.4 31.3 30.4 18.1 16.7 13.9 16.2 14 8.8 8.7 8.6 8.7 7 6.1 4.5 4.5 4.5 4.9 6.2 7.6 7.6 7.7 8.3 8.3 7.7 7.6 7.1 8 8.4 7.9 8.5 8.5 8.6 8.7 9 10.6 10.7 12.2 11.8
71.1 69.4 67.1 66.1 64.6 64 60.3 60.8 59.9 61.4 63.4 66.2 65.3 64.7 62.1 59.6 56.9 54.7 51.4 48.4 43.5 41.1 38.6 38.2 33.8 28.9 24.9 22.6 21.5 20.3 19.6 18.9 18 17.6 17.7 17.4 17.8 18 18.4 22.4 25.8 24.9 24.4 25.2 26 26.9 26.9 21.1 17.5 15.4 13.1 9.2 8.8 8.7 8.3 8.1 7.7 4.5 4.5 4.5 4.5 4.6 6.2 7.8 7.3 7.7 8.1 8.2 8.5 7.8 2.8 8.6 8.4 8.6 10.3 7.9 7.9 9.4 8.7 10.1 10.4 12 13.3 12.4
69.8 67.8 65.2 64.4 64.5 61.5 61 61 61.1 63.7 65.2 64.7 63.3 60.7 58.1 55.2 51.9 46.7 44.8 39.5 35.9 33.3 33.5 32.5 29.7 25.5 23 22.6 22.6 19.1 17.5 17.2 17.2 16.9 17.1 17.1 17.1 17 17.5 18.7 22 21.5 19.5 19.7 21.3 22.6 20.7 17.5 15.9 10.6 13.5 12.7 9 8.5 8.1 7.7 4.9 4.5 4.5 4.5 4.5 5.1 6.5 7.9 8.3 8.5 8.6 8.1 8.9 7.8 9.3 8.4 11 14 12.8 8.1 10.5 10.2 10.5 11.4 12.3 13.6 14.2 12.9
68.2 65 63.4 63.6 63.9 59.3 60.1 61.5 64.4 64.3 64 63.3 59.7 56.1 51.9 46.5 42.7 39.1 34.2 31.6 28.9 27.2 26.6 25.9 24.3 23.6 23.7 17.2 18.6 22.4 16.6 16.4 16.3 16.2 16.8 16.9 17.1 16.5 16.5 17.8 17.5 18.4 13.8 16.6 16.8 16.9 17.6 16.3 9.6 10.3 9.7 9 8.7 8.3 7.9 7.6 4.5 4.5 4.5 4.5 4.9 5.6 6.4 7.2 8.4 10.1 8.7 8.1 8.4 8.2 10.9 14.2 16.3 15.2 14.1 13 12.3 12 12.7 11.8 12.5 13.4 15.2 13.6
67.1 64.4 60.9 61.4 57.1 59.7 61.7 62.6 64.6 64.3 63.1 60.9 57.3 49.5 40.6 36 33.8 31.3 28.3 26.1 25.1 23.4 22.3 23.5 18.1 17.5 17.1 16.8 19.1 21.4 15.8 16.5 16.3 15.6 16 16.1 16.1 15.5 15.7 15.6 16.1 15.1 17.4 17.4 17.3 14.3 13.6 11.2 9.5 10.3 9.5 8.6 8.3 8 7.7 4.5 4.5 4.5 4.5 4.7 5.4 6.2 6.9 7.6 8.2 8.9 9.1 8.5 8.2 8.5 11.1 14.7 16.4 16.1 15.1 14.1 13.2 13.4 12.4 11.9 12.8 13.8 15.2 14.9
64.4 62.1 57.9 53.7 54 60.8 63.2 65 65.2 63.8 62.2 56.6 55.1 42.3 34.3 30.6 26.9 25.5 24.2 23.6 22.9 22 18.1 17.1 17 16.7 15.6 16.8 15.8 18 15.1 15.7 14.8 15.1 14.8 14.6 14.9 14.1 14.3 13.4 13.2 13.5 11.1 11.6 14 13.6 12.3 11.9 9 8.7 9.2 8.5 8.1 7.8 8 4.5 4.5 4.5 4.5 5.1 5.7 6.4 7.1 7.7 8.4 8.5 9.5 9 6.8 7.5 10.8 12.7 16.9 16.8 15.8 14.7 14.1 12.9 11.8 12.3 13.2 14.1 15 14.8
63.1 59.2 52.8 49.1 54.6 62.1 64.6 65.1 65 62.2 60.5 55.9 50.9 38.7 30 25.1 22.9 22 22.5 21.1 19.2 17.8 16.6 15.5 15.4 14.5 14.9 15.3 15.2 15.8 15.2 13.7 12.1 12.1 11.1 10.9 11.2 11.4 11.4 12.2 11.4 11.4 10.6 12.7 13.2 11.6 9.9 8.4 8.8 8.1 9.1 8.3 7.9 7.6 4.5 4.5 4.5 4.5 4.9 5.5 6 6.6 7.2 7.8 8.5 8.9 9.1 5.3 7.1 7.2 8.4 13.4 17.3 17.5 16.5 16.3 14.9 13.8 12.9 12.4 13.3 14 13.8 13.9
59.3 51.8 44.5 49.6 59.4 61.9 63.9 63.3 62.8 59.8 57.6 53.3 43.7 35.3 28.2 22.3 19.9 19.7 18.8 21.7 17.2 16.8 15.1 15.2 13.1 13.3 13 11.8 13.3 13.7 12.2 9.1 8.6 8.6 9.5 9 8.5 9.4 10.3 9.9 10.7 9.9 10.2 10.1 10.2 10.5 9.8 8.4 7.7 7.9 7.5 8.2 7.6 4.5 4.5 4.5 4.5 4.8 5.6 5.9 6.5 7 7.5 8.1 8.6 9.3 9.7 7.3 6.5 7 8.2 9.5 15.7 17 18.1 17.2 16.4 15.4 14.3 13.2 12.8 13.3 12.5 11.5
51.1 42.6 47.1 55.1 59.3 62.2 61.7 60.9 60.3 56.7 52.8 45.7 38.7 29.9 24.3 20.5 17.9 15 16.8 17.2 16.4 14.4 14.5 10.4 10.8 10.3 10.5 9.6 9.7 8.9 7.5 5 4.5 4.5 4.5 4.5 4.5 4.5 4.5 8.4 8.5 8.5 8.7 9 8.6 8.4 8.8 6 7.8 7.6 7.7 8.1 4.5 4.5 4.5 4.5 4.8 5.4 6.2 6.3 6.9 7.5 8 8.5 9.1 9.2 8.4 7.8 6.5 7.2 7.9 9.1 14.5 16.8 18.1 18.6 18.4 17.3 15.5 12.6 12.3 12.5 11.1 9.9
42.1 46.1 52.9 59.6 60.5 60.5 59.7 59.4 56.4 51.6 44.4 38.7 31.2 25.2 21.4 18.4 15.2 14.1 17.3 16.3 15.8 13.1 8.6 9 8.9 7.4 8.8 4.5 4.5 4.5 4.5 4.5 4.5 4.5 4.5 4.5 4.5 4.5 4.5 4.5 4.5 4.5 4.5 4.5 8.4 6 7.5 8 8.5 8.6 8.1 4.5 4.5 4.5 4.5 4.5 6 6.5 6.9 7.6 7.4 7.9 8.4 8.5 7.9 3.3 7.6 8.6 8.5 8.4 9 10.3 13.3 15.3 17.6 18.1 19 17.8 16.2 13.3 12.2 12.9 12 10
41 51.9 58.2 59.7 60.4 60 58.5 57 53.8 48.7 40.4 30.4 27 22.1 18.5 16.1 14.3 16.8 15.5 9.7 8.8 8.6 8.6 8.9 8.5 4.5 4.5 4.5 4.5 4.5 4.5 4.5 4.5 4.5 4.5 4.5 4.5 4.5 4.5 4.5 4.5 4.5 4.5 4.5 6.8 7.7 7.9 8.1 8.5 8.2 8.3 4.5 4.5 4.5 4.5 5.6 7.1 7.6 8 8.5 8.9 7.9 7.9 7.9 8.1 5.4 8.2 8.6 8.6 9.4 9.9 11.1 12.6 12.9 17.3 18.4 19 17.8 15.7 14 12.2 11.6 10.4 9.5
52.6 58.4 59.8 58.9 59.3 59 57.3 54.3 51.1 48.3 41.9 35.6 26.1 20 17.8 13.9 13.8 16.6 14.5 10.6 8.9 8.1 8.7 9.5 8.5 7.8 4.5 4.5 4.5 4.5 5.9 8.8 8.6 8.8 7.4 4.5 4.5 4.5 4.5 4.5 4.5 4.5 4.5 4.5 4.5 7.7 7.4 8.8 6.1 6.4 4.5 4.5 4.5 4.5 5.6 6.5 8.9 9.5 9.3 9.2 8.9 7.7 8.1 8.4 5.3 6.6 7 7.3 8.9 10.1 9.7 11.1 12.8 12.9 15.3 17.8 18.6 18 16.7 14.2 12.8 11.2 10 3.9
61 60.5 59.7 58.1 57.9 55.5 53.9 50.5 50.1 47.6 44.7 39.5 30.8 22.5 18 16.8 16.5 15.7 9.7 8.1 9.2 8.7 9.2 9.7 8.7 8.9 4.5 4.5 8.3 8.5 8.6 8.8 8.6 8.2 4.5 4.5 4.5 4.5 4.5 4.5 4.5 4.5 4.5 4.5 4.5 7.3 5.8 4.3 4.5 4.5 8.3 8.2 4.5 6.8 6.8 7.3 9.5 9.5 9.3 9.1 8.8 7.5 7.3 7.8 7.4 6.9 7.6 7.9 9.2 10.5 10.5 10.7 12 12.6 14.7 16.5 17.9 17.6 17 15.8 12.6 10.9 2.8 1.1
61.1 59.1 57.6 57.1 54.4 52.8 50 45.7 43.8 45.9 46.3 40.4 31.5 23.5 18 16.5 14.7 14.2 9.9 8.9 9.5 9.6 9.8 9.5 9.1 10 8.1 8.1 8.6 4.5 4.5 4.5 4.5 4.5 4.5 4.5 4.5 4.5 4.5 4.5 4.5 4.5 4.5 4.5 4.5 4.5 4.5 4.5 8.4 8.4 8.7 8.2 7.8 7.7 7.9 9.2 11.6 10.1 10.1 10 8.6 7.8 8.9 8.7 7.2 7.8 8.3 8.7 10.1 11.4 11 10.9 12.6 13.6 14.7 15.6 16.8 16.2 15.6 15 8.1 2.6 0 -3.6
59.7 58.3 57.1 53.6 51.4 47.5 44 41.5 40.3 43.5 42.7 40.6 34.4 21 17 14.7 14.5 11.3 9.9 10.9 10.5 8.9 9.6 9.6 9.2 10 8.9 8.7 4.5 4.5 4.5 4.5 4.5 4.5 4.5 4.5 4.5 4.5 4.5 4.5 4.5 4.5 4.5 4.5 4.5 4.5 8.2 8 8.7 8.6 9.2 9.3 9 8.8 9 11.5 11.7 11.9 11.3 9.7 9.9 9.1 -3.6 8.7 10.2 10.1 9.8 10 10.9 10.9 11.5 12.5 12.4 11.9 13.5 14.4 14.6 15 13.7 2.1 -0.1 -3.6 -3.6 -3.6
57.9 55.6 53.9 47.7 44.9 39.9 37.3 34.3 36.7 41.6 40.8 38.3 30.9 19.8 16.8 14.7 13.9 10.2 10.2 10.2 10 8.6 9.5 9.2 9.8 9.2 9.5 9 8.6 9.4 8.9 8.6 8.7 9.2 9.7 9 8.7 8.4 8.4 8.2 4.5 4.5 4.5 4.5 4.5 8.4 8.5 8.8 9.2 9 8.8 8.6 9 9 11.8 11.8 12 12.2 12.1 11.1 9.5 6.2 -3.6 9.2 8.9 9.1 9 10.4 10.9 11.7 12.4 12.7 12.6 12.3 12.8 12.4 10.8 3.5 1.4 -3.6 -3.6 -3.6 -3.6 -3.6
54 50.2 46.4 41.8 36.5 33.1 29.2 28.6 34 39.8 38.6 33.8 23.7 17.3 14.5 16 13.7 10.1 10.3 10.1 9.7 9 9.7 9.9 8.8 8.9 9.1 9.3 9.7 9.8 9.7 9.3 9.4 9.6 9.7 9.3 9.1 8.9 8.9 8.7 7.9 4.5 4.5 4.5 4.5 1.2 0.8 4.7 8.1 8.1 8 8 8.4 8.7 9 12.1 12.1 12 12 11.6 10.6 0.8 -3.6 4.5 5.7 11.4 8.8 3.7 4.1 5.7 12.5 11 3.5 2.8 2.7 1.7 0.9 -0.5 -3.6 -3.6 -3.6 -3.6 -3.6 -3.6
46.4 41.3 38.8 33.6 28.8 24.9 24.2 24.6 32.9 37.1 36 27.9 17.3 17.3 14.3 13.7 13.4 10.2 10.7 10.1 9.7 9.3 9.4 9.2 9.2 9.6 9 8.9 8.9 13 17.7 16.9 17.3 17.3 18.4 15.4 9.4 9.9 9.3 8.8 8.2 8.3 4.5 4.5 0.8 0.8 0.8 0.8 8.4 9.2 9.3 8 8.5 12 12.6 12.4 12 11.9 11.8 12.8 3.9 3.9 -3.6 3.7 3.9 3.5 1.7 -0.4 -0.2 0.4 0.9 -3.6 -3.6 -3.6 -3.6 -3.6 -3.6 -3.6 -3.6 -3.6 -3.6 -3.6 -3.6 -3.6
37 32.7 29 25.5 21.2 19.9 21.9 24.5 34 37.2 32.3 21.5 17.5 16.7 14.6 13.8 14.3 10.9 10.5 11.3 9.8 9.6 9.3 9.1 9.8 10.5 9.2 12.6 21.4 20.4 19.3 18.1 18 18.7 19.5 21.9 23.3 26.1 13.3 9.3 8.8 8.3 7.7 6.6 6.2 0.8 0.8 0.8 0.8 8.2 8.6 9 13.6 12.5 12.4 12.4 12.2 11.9 13 3.4 1.5 -0.4 -3.6 -3.6 -0.5 -3.6 -3.6 -3.6 -3.6 -3.6 -3.6 -3.6 -3.6 -3.6 -3.6 -3.6 -3.6 -3.6 -3.6 -3.6 -3.6 -3.6 -3.6 -3.6
26.7 23.8 20.5 18.3 16.9 17.5 19.9 26.9 34.5 34.4 29 20 18.2 17.1 14.9 13.8 13.2 10.8 10.3 11.2 9.8 9.6 9.3 9.2 10.2 10.4 11.2 25.8 28.1 26 24.7 21.3 19.8 22.6 24.6 26.1 27.5 29.7 28.6 24.7 24 24 8.6 6.6 6.6 3.8 0.8 0.8 8 8.1 8.1 10.9 12.8 13.3 12.8 12.2 12.1 12.2 3.5 1.6 0.1 -1.5 -3 -3.6 -3.6 -3.6 -3.6 -3.6 -3.6 -3.6 -3.6 -3.6 -3.6 -3.6 -3.6 -3.6 -3.6 -3.6 -3.6 -3.6 -3.6 -3.6 -3.6 -3.6
21.3 18 16.2 15.3 14.8 16.4 20.6 29.8 35.8 30.1 17.6 16.6 14.1 17.1 15.8 13.7 12.7 9.8 9.6 9.2 9.7 9.6 9.5 9.5 9.7 10.1 29.2 30.7 28.1 24.3 22.6 21.8 20.8 21.8 23.8 25.5 27.5 28.5 29.6 29.6 31.9 31.4 25.7 6.8 6.6 6.6 -3.6 -3.6 -3.6 1 3.5 9.6 13 12.8 12.9 13.1 12.9 -3.6 -3.6 -0.5 -2.1 -3.6 -3.6 -3.6 -3.6 -3.6 -3.6 -3.6 -3.6 -3.6 -3.6 -3.6 -3.6 -3.6 -3.6 -3.6 -3.6 -3.6 -3.6 -3.6 -3.6 -3.6 -3.6 -3.6
19.6 16.2 14.2 13.4 13.3 14.9 18.8 25.4 28.1 17.6 19.4 16.3 13.1 11.5 9 7.7 9.3 12.5 9.1 9.5 9.5 9.1 8.5 9 9.8 16.7 25.8 26.3 23 16.3 15.8 12.8 12.4 14.7 18.1 20.9 24.5 28.7 32.2 34.7 36.8 37.2 34.2 31.6 7.6 -3.6 -3.6 -3.6 -3.6 -1.7 0.9 2.8 7.4 12.6 12.3 12.4 10.1 -3.6 -3.6 -2.7 -3.6 -3.6 -3.1 -3.6 -3.6 -3.6 -3.6 -3.6 -3.6 -3.6 -3.6 -3.6 -3.6 -3.6 -3.6 -3.6 -3.6 -3.6 -3.6 -3.6 -3.6 -3.6 -3.6 -3.6
19.1 15.5 13.4 12.3 12.7 14 16.5 19.7 17 20 17.2 15.7 12.5 10.3 3.9 3.9 3.7 3.9 9.2 11.6 10.5 9.1 8.7 10.6 11.4 18.2 20.1 18.4 12.2 9.8 9.2 9.3 10.5 15.4 14.2 13.8 14.1 16.9 32.9 38.5 41.5 40.6 30.4 9.6 9.2 6.6 -3.6 -3.6 -3.6 -3.6 -1.5 0.6 2.3 3.8 10.7 13.2 -3.6 -3.6 -3.6 -3.6 -1.6 0.9 2.1 -3.6 -3.6 -3.6 -3.6 -3.6 -3.6 -3.6 -3.6 -3.6 -3.6 -3.6 -3.6 -3.6 -3.6 -3.6 -3.6 -3.6 -3.6 -3.6 -3.6 -3.6
17.6 19.3 18.1 13.3 11.9 13.7 16.5 18.6 17.1 16.6 16 13.4 3.9 -3.6 -3.6 0.6 -0.2 -0.4 -3.6 -3.6 5.7 12.3 8.9 8.9 10.5 12.1 11.6 9.9 8.7 10.7 9.4 12 13.8 13.5 22.5 29.3 30.3 31.7 33.6 36.7 38 36.2 31 8.8 3.3 -3.6 -3.6 -3.6 -3.6 -3.6 -3.6 -1.3 0.4 3 3.9 3 -3.6 -3.6 -3.6 -3.6 -3.6 -3.6 -3.6 -3.6 -3.6 -3.6 -3.6 -3.6 -3.6 -3.6 -3.6 -3.6 -3.6 -3.6 -3.6 -3.6 -3.6 -3.6 -3.6 -3.6 -3.6 -3.6 -3.6 -3.6
18 15 12.4 16.2 10.7 18.7 14.7 14.2 15 15.2 13.1 -3.6 -3.6 -3.6 -3.6 0.9 -1 -2.8 -3.6 -3.6 0.6 3.9 8.2 8.3 8.9 11.6 11.1 10.1 11.1 15.2 15 18.9 24.6 27.8 30.8 31.9 34 33.2 32.5 31.8 31.7 29.1 23 10 3.9 -3.6 -3.6 -3.6 -3.6 -3.6 -3.6 -3.6 -0.7 2.8 -3.6 -3.6 -3.6 -3.6 -3.6 -3.6 -3.6 -3.6 -3.6 -3.6 -3.6 -3.6 -3.6 -3.6 -3.6 -3.6 -3.6 -3.6 -3.6 -3.6 -3.6 -3.6 -3.6 -3.6 -3.6 -3.6 -3.6 -3.6 -3.6 -3.6
18.7 14.8 12.1 9.9 10.3 12.9 13.9 14.2 14.7 14.7 3.9 -3.6 3.9 3.9 3.4 1.5 -0.4 -1.9 -1.8 -0.2 2.2 8 8.1 8 7.8 10.5 11.6 14.1 15.6 16.9 19 21.2 26.1 30 31.6 34.1 35.2 35.3 32.7 30.9 26.9 6.5 3.9 4.1 3.9 0.7 -3.6 -3.6 -3.6 -3.6 -3.6 -3.6 -3.6 -3.6 -3.6 -3.6 -3.6 -3.6 -3.6 -3.6 -3.6 -3.6 -3.6 -3.6 -3.6 -3.6 -3.6 -3.6 -3.6 -3.6 -3.6 -3.6 -3.6 -3.6 -3.6 -3.6 -3.6 -3.6 -3.6 -3.6 -3.6 -3.6 -3.6 -3.6
17.4 14.4 10 9.4 12.7 15.4 16.1 16.5 15.2 3.9 -3.6 -3.6 3.9 3.9 3.9 2 0.1 -0.5 -0.2 1.1 3.2 8.1 8.4 7.7 7.8 8.4 11.6 13.7 16.8 18.1 18.4 20.2 25.1 29.7 32.1 33.3 34.7 34.2 32.5 30.1 5.2 3.9 3.9 3.3 3.5 3.3 0.7 -0.8 -3.6 -3.6 -3.6 -3.6 -3.6 -3.6 -3.6 -3.6 -3.6 -3.6 -3.6 -3.6 -3.6 -3.6 -3.6 -3.6 -3.6 -3.6 -3.6 -3.6 -3.6 -3.6 -3.6 -3.6 -3.6 -3.6 -3.6 -3.6 -3.6 -3.6 -3.6 -3.6 -3.6 -3.6 -3.6 -3.6
16.4 11 8.7 10.1 15.5 17.2 16.6 14.8 4.3 -3.6 -3.6 3.9 3.9 3.9 3.9 2.5 0.7 1 1.3 2.4 4.1 8 7.6 7.5 7.8 9.5 11.4 14.7 14.7 17.5 18.4 19.8 23.4 24 27 30.7 31.4 33.1 32.7 28.8 6.3 3.5 1.9 0.2 -0.5 -3.6 4.7 2.3 -3.6 -3.6 -3.6 -3.6 -3.6 -3.6 -3.6 -3.6 -3.6 -3.6 -3.6 -3.6 -3.6 -3.6 -3.6 -3.6 -3.6 -3.6 -3.6 -3.6 -3.6 -3.6 -3.6 -3.6 -3.6 -3.6 -3.6 -3.6 -3.6 -3.6 -3.6 -3.6 -3.6 -3.6 -3.6 -3.6
12.5 10.6 7.6 9.4 14.5 19.2 16.8 12 3.9 -3.6 3.9 3.9 3.9 3.9 3.9 3.1 2.2 2.5 2.9 3.7 8.1 8.2 8.9 9.3 10.3 10.7 11.8 13.1 11.9 15.7 16.7 16.9 21.7 23.2 25.8 28.1 31.1 33.1 32.6 30.4 20.8 2.5 -0.5 -3.6 -3.6 -3.6 -3.6 0.6 1.7 1 -3.6 -3.6 -3.6 -3.6 -3.6 -3.6 -3.6 -3.6 -3.6 -3.6 -3.6 -3.6 -3.6 -3.6 -3.6 -3.6 -3.6 -3.6 -3.6 -3.6 -3.6 -3.6 -3.6 -3.6 -3.6 -3.6 -3.6 -3.6 -3.6 -3.6 -3.6 -3.6 -3.6 -3.6
11.2 8.7 7.3 8.3 14.4 17.6 17.2 12.9 6.9 -3.6 3.9 3.9 3.9 3.9 3.9 3.6 3.6 4.5 11 13.2 13 15.8 14.8 8.9 8.9 7.9 7 6.3 6.6 7.1 8.1 10.2 16.7 21.4 24.7 28.4 32.1 34.5 33.7 31.9 25.6 2.7 -3.6 -3.6 -3.6 -3.6 -3.6 -3.6 -3.6 -3.6 -3.6 -3.6 -3.6 -3.6 -3.6 -3.6 -3.6 -3.6 -3.6 -3.6 -3.6 -3.6 -3.6 -3.6 -3.6 -3.6 -3.6 -3.6 -3.6 -3.6 -3.6 -3.6 -3.6 -3.6 -3.6 -3.6 -3.6 -3.6 -3.6 -3.6 -3.6 -3.6 -3.6 -3.6
9 7.3 7.3 7.8 14.4 16.4 17 14.8 6.9 -3.6 3.9 3.9 3.9 3.9 6.5 9.5 10.3 14.1 16.7 15.7 16.8 16.3 6.7 4.3 3.6 3.3 3.2 3.1 3.1 3.2 3.4 3.7 4.3 6.5 19.9 25.2 31.3 35.4 36 32.7 28.3 3.8 -3.6 -3.6 -3.6 -3.6 -3.6 -3.6 -3.6 -3.6 -3.6 -3.6 -3.6 -3.6 -3.6 -3.6 -3.6 -3.6 -3.6 -3.6 -3.6 -3.6 -3.6 -3.6 -3.6 -3.6 -3.6 -3.6 -3.6 -3.6 -3.6 -3.6 -3.6 -3.6 -3.6 -3.6 -3.6 -3.6 -3.6 -3.6 -3.6 -3.6 -3.6 -3.6
9.5 7.3 7.3 7.3 15.2 18.4 16 13.6 -3.6 -3.6 3.9 3.5 3 3.2 3.6 4 5.5 12 15.9 16.4 15.5 4.7 3.9 2.8 2.3 2 1.8 1.6 1.6 1.7 1.9 2.1 2.4 3.1 6.1 15.5 27.2 32.1 35.9 34.3 27.8 16 -3.6 -3.6 -3.6 -3.6 -3.6 -3.6 -3.6 -3.6 -3.6 -3.6 -3.6 -3.6 -3.6 -3.6 -3.6 -3.6 -3.6 -3.6 -3.6 -3.6 -3.6 -3.6 -3.6 -3.6 -3.6 -3.6 -3.6 -3.6 -3.6 -3.6 -3.6 -3.6 -3.6 -3.6 -3.6 -3.6 -3.6 -3.6 -3.6 -3.6 -3.6 -3.6
10.2 10.7 7.3 7.7 15.8 15.4 12.7 10.6 -3.6 3.1 2.6 2.1 1.7 2 2.4 2.6 3.4 5.2 13.8 15.3 14.5 3.9 3.3 2 1.1 0.7 0.4 0.1 0 0.1 0.3 0.5 0.8 1.6 2.6 4 20.2 30.2 34 34 27.1 14.7 -3.6 -3.6 -3.6 -3.6 -3.6 -3.6 -3.6 -3.6 -3.6 -3.6 -3.6 -3.6 -3.6 -3.6 -3.6 -3.6 -3.6 -3.6 -3.6 -3.6 -3.6 -3.6 -3.6 -3.6 -3.6 -3.6 -3.6 -3.6 -3.6 -3.6 -3.6 -3.6 -3.6 -3.6 -3.6 -3.6 -3.6 -3.6 -3.6 -3.6 -3.6 -3.6
2 9.7 11.2 6.7 7.3 7.6 7.8 3.9 -3.6 1.8 1.3 0.8 0.4 0.8 1.1 1.3 2.3 3.3 13.5 14.5 12.6 3.9 2.7 1.4 0.1 -0.6 -0.9 -1.3 -1.5 -1.5 -1.3 -1.1 -0.7 0.1 0.8 2.8 11.2 24.6 32 31.4 24.6 16.5 0.1 -3.6 -3.6 -3.6 -3.6 -3.6 -3.6 -3.6 -3.6 -3.6 -3.6 -3.6 -3.6 -3.6 -3.6 -3.6 -3.6 -3.6 -3.6 -3.6 -3.6 -3.6 -3.6 -3.6 -3.6 -3.6 -3.6 -3.6 -3.6 -3.6 -3.6 -3.6 -3.6 -3.6 -3.6 -3.6 -3.6 -3.6 -3.6 -3.6 -3.6 -3.6
-0.6 1.8 8.1 11.3 7.4 6.2 7.9 3.9 -3.6 -3.6 0 -0.5 -0.8 -0.5 -0.2 0.2 1.1 2.2 6.1 12.8 11.9 3.5 2 0.7 -0.6 -1.7 -2.2 -2.6 -3.6 -3.6 -3.6 -2.6 -2.2 -1.8 -0.7 0.7 3.1 18.7 25.9 25.2 20 15.1 -3.6 -3.6 -3.6 -3.6 -3.6 -3.6 -3.6 -3.6 -3.6 -3.6 -3.6 -3.6 -3.6 -3.6 -3.6 -3.6 -3.6 -3.6 -3.6 -3.6 -3.6 -3.6 -3.6 -3.6 -3.6 -3.6 -3.6 -3.6 -3.6 -3.6 -3.6 -3.6 -3.6 -3.6 -3.6 -3.6 -3.6 -3.6 -3.6 -3.6 -3.6 -3.6
