WholeMapElevations/data/nx/nx49_OST50GRID_20230518/NX49.asc
ncols 200
nrows 200
xllcorner 240000
yllcorner 590000
cellsize 50
[rows 105 to 139 of 200, columns 78 to 155 of 200]
329.7 329.6 327.6 327.6 328.7 332.2 338.4 335.5 335.7 331.8 326 321.2 315.6 312 307.8 306.6 302.1 297.7 299.2 297.5 295.8 294.3 293.5 293.9 297.7 300.6 303.6 300.6 292.7 293.2 292.9 292.9 292.9 292.9 292.9 292.9 292.9 294.8 295.2 296.5 296.7 296.5 296.4 297.9 298.6 301.8 303.7 304.6 304.2 304.1 305.6 306.5 304.2 302.6 304.5 298.8 293 290.2 286.2 284.1 284.6 283.7 285.5 286.3 287.4 292.1 289.2 289.6 286 288.5 292.4 292.9 286.9 283.6 280.4 280.1 281.1 268
330.6 330.5 330.3 327.6 327.6 329.1 338.2 337.2 333.6 329.6 327.9 322.9 315.6 315.3 306.8 306 300.4 298.9 299.4 298.9 295.8 294.9 293.2 292.5 297.6 301.1 300.4 295.5 293.4 293.1 292.9 292.9 292.9 292.9 292.9 294.7 295.4 296.3 297 295.7 296.3 296.8 296 297 298.4 299 301.5 301.9 301.7 301.9 302.6 301.4 301.3 302.5 306.9 295.5 291.8 287.7 284.7 282.5 279.9 280.6 281.2 283.4 283.1 284.2 286.7 283.4 284.4 287.3 290.6 293.1 284.3 281.9 279.6 277.8 279.6 264.7
331 332.9 332.6 329.7 329.1 331.8 337.5 337.7 331.5 327.6 326.4 324 314.8 314.3 309.1 303.1 300 299.8 300 299.3 297.3 295.4 287.9 291.2 289.5 296.3 297.9 292.4 294.4 295.2 292.9 292.9 292.9 292.9 292.9 295.5 296.7 297.1 297.6 296.3 296.6 296.5 295.6 296.4 299.2 299 298.6 298.5 299.1 300.3 300.6 299.1 298.5 298.9 303.9 296.1 292.3 287.3 283 281 277.3 275.6 276.2 276.3 279 279.8 279.9 279.3 279 286.5 288.2 283.2 282.6 280.5 278.5 276.3 272.9 263.6
334.3 333.2 331.2 328.6 331.3 332.9 333.4 337.9 328.4 326.7 324.9 322.8 313.1 309.3 305.5 300.8 299.6 298.9 298.2 296 293.4 289.7 285.8 290.2 288.8 295.1 296.9 292.9 295.9 295.6 292.9 292.9 292.9 292.9 292.9 297.4 299.5 299.5 298.1 296.7 297.3 296.4 295.5 296.1 299.2 298.4 297.4 297.8 298.2 298.7 299.3 297.5 296.4 297.1 297.2 296.5 292 286.8 281.8 280.4 275.9 273.5 272 270 271.8 275.3 272.4 273.8 277 285.2 280.5 280.1 284.7 278 276 276 273.1 260.9
332.6 335.3 337.6 327.5 332.9 333.3 332.7 334.2 326.8 324.3 320.8 314.8 310.6 307.3 301.1 299.5 298.5 297 296.3 295.1 290.9 288.3 285.6 288.2 287.9 293.9 295.2 293.5 296 296.1 293.5 292.9 294 292.9 295.8 297.7 300.1 301.1 298.5 297.8 297.7 295.8 295.3 295.7 296.6 296.8 297 297.1 297.6 297.9 298 297.3 295.3 294.3 293.6 297 288.8 284.9 280.9 278.1 272.8 269.9 267.5 265.9 264.8 265.7 266.2 263.7 270.6 276.4 273.7 273 275.3 277.7 273.9 280.2 273.6 259.1
332.1 337.8 335.1 328.7 331.7 331.8 332.4 330.1 325.2 321.5 320.1 311.7 308 306.1 299.5 298.6 295.9 294 292.4 291.7 288 286.2 285.4 286.8 287.3 290.4 291.9 294 296.8 296.1 295.6 293.6 294.7 296.7 298.5 300.9 302.8 301.7 301.6 298.4 297.5 297 295.4 295.3 296.1 295.6 296.9 296.3 297 297.6 296.6 296.9 294.6 291.5 291.3 290.1 284.7 280 276.1 276.2 272.3 269.1 264.6 260.6 258.4 255.1 257.6 257.1 261.1 265.5 269.5 265.9 266.7 270.9 272.2 275.9 269.8 257.1
331.8 336 332.8 328.7 333.2 331.7 332 327.3 323 322.2 316.1 311 308.7 305.1 298.9 297.1 293.7 293.7 290.6 288.7 287 285.9 285 287.1 285.9 289.1 289.5 296.9 296.3 296.1 295.4 295.4 296.4 298.3 300.3 300.9 300.9 300.8 300.7 297.9 297.7 297.5 295.7 295.3 294.9 294.4 294.9 295.7 297 296.3 296.6 295.4 293.4 291 289.5 283.6 282.3 277.4 272.5 273.9 271.1 269.2 267.2 261.9 254.3 252.9 251.7 254.3 253.9 257.1 258.2 256.5 259.5 264.6 263.7 266 262.4 249.4
332.4 335 331.7 327.3 331 331.7 330.1 325.9 322 319.2 313.6 310 308.1 306.8 300.1 296.8 292.4 291.7 292 286.4 285.6 285.3 284.9 284.1 288.1 291 293.1 293.1 295.7 296.7 296 296.8 297.9 297.8 298.9 300 300.6 300.9 300.3 299.2 297.7 297.2 296.2 295.4 294.8 294.6 294.4 295.3 295.1 295.5 297 293.4 292.2 289.1 289.4 280.4 277.2 273.7 269.2 268.5 268.2 266.8 267 261.7 252.8 250.1 248.8 252.1 249.9 247.8 248.1 249.7 253 257.2 258.9 257.6 250.2 239.3
329.6 332.7 330.9 326.7 329.8 330.3 328.3 324.1 321.8 318.6 312.9 309.8 308.9 305.9 300.8 298 292.8 290.8 289.6 286 286.8 286.1 284.7 284.1 288.2 291.2 292.9 294.8 296.6 296.9 297.1 297.5 298 298.3 299.3 300.4 301 301.6 300.7 299.5 299.5 297.1 297.1 296.3 295.2 294.3 293.1 292.8 292.7 294.1 294.7 290.3 287.2 283.8 283.7 276 270.2 270.9 266.4 264.9 264 265.1 263.9 258.6 250.6 249.3 249 246.4 241.7 239.5 241.3 243.2 248.6 252.3 251.4 246.4 239.5 231.5
327.9 331 328.5 325.2 330.7 329.7 327.6 323.6 321.5 317.4 313.6 311.3 308 303.5 298.8 296.9 293.4 289.7 286.3 287.1 287.7 286.7 285.2 284.3 289.1 292.8 294 296.4 297.2 297.1 297.7 297.9 297.9 298.1 298.9 301.3 301.4 300.3 299.9 299.3 298.2 297.8 297 296.2 295.6 294.3 293.6 291.8 289.6 289.3 291.7 288.1 282.4 279.5 277 272.4 265.6 265.1 264.5 263.3 259.9 260.1 260.3 251.4 247.5 245 248.3 237.7 232.2 230 232.1 238.8 242.1 243.1 246.1 239.4 234.1 228.5
326.4 328.9 328.9 322.8 326.3 326.7 324.7 322.6 319.4 315.7 314.1 309.4 306.3 301.2 298.2 295 293 289.2 288.5 288.2 288 287.4 287.1 285.6 288.8 290 297.4 300.2 298.3 297.8 298.1 298.3 298.1 297.9 298 300.7 304.7 299.1 299.5 298.4 298.3 298.5 297.6 296.9 296.5 294.8 293.3 292.6 289.7 285.2 286.7 285.7 280.2 278.4 272.2 268.4 264 260.1 260.8 260 256 257.6 254.6 246 245.6 236.9 235 225.8 224.7 223.2 222.3 230.2 233.3 236.1 231.6 226.7 222.5 217.7
325 326.2 326.6 320.2 323.7 323.4 322.4 320.2 318.3 313.8 310.6 308.8 304.5 299.7 297.2 294.2 292.4 290.4 289.3 289.2 288.3 287.7 285.9 286.4 288.4 289 298.4 302.2 299.4 298.5 298.5 298.4 298.2 297.7 296.7 299.3 304.4 300.3 299.2 298.5 298.2 298.2 297.7 297.8 297.3 295.8 294.3 293.2 292.1 286.3 281.2 280.6 277.8 273.7 268.5 263.2 261.5 257.9 253.8 259.9 252.6 250.5 243.4 238.9 233.5 228 226.7 229.6 228 226.8 224.6 222.1 221.8 223.7 222.7 219.8 217.6 216.8
323.2 323.3 321.4 319.3 321.2 321.6 322.2 317.7 317.1 311.5 308.1 307 304.7 297.5 295 293 291.8 290.1 289.8 289.2 288.2 287.7 286.6 282.2 289.2 289.9 301.8 305.1 302.8 300.3 299 298.5 297.6 296.3 293 297.4 301.5 298.4 297.2 298.7 298.4 298.6 297.7 298.3 297.8 297.4 295.7 294.7 292.7 287.4 281.2 276.9 272 269.6 264 258.3 254.4 251.9 248.8 254.7 246.4 240.6 237 235 230 235.7 235.1 233.7 232.1 230.3 226.9 223.6 218.8 217.3 218.9 217.3 214.6 214.5
321.4 320.7 319.8 318.1 319.2 318.4 315 312.9 316.1 309.2 307.6 305.7 300.8 297.2 292.3 291.4 291.1 289.8 289.5 289.1 288.5 287.4 286.5 279.8 287.7 290.8 303.5 303.6 308.1 304.2 299.4 297.4 297 293.8 290.2 292 297.3 297.1 297.2 298.1 298.3 299.3 299.3 298.8 298.4 298 296.5 295.6 292.9 287.9 281.9 275.2 269.8 263.3 257.6 251.9 247 243.1 243.3 243.3 241.2 237.3 234.9 232.3 234.6 238.2 239.6 237.5 235.6 233.6 230 227.8 219.8 218.1 216.2 215.2 218.2 217.1
316 316.8 315.7 316.4 314.6 313.9 310.4 308 314 307.2 306.7 307.5 301.6 294.9 289.9 290.1 289.2 289.4 291.8 289.7 289.2 286.7 285.2 278.2 281 293.5 304.7 301 312 304.4 300.4 296.7 294.8 291.4 287.6 288.1 293.4 295.4 296 297.5 297.3 299.4 300.1 299.1 299.2 301.3 299.5 296.8 293.3 287.9 281.9 274.5 267.5 262.3 253.7 246.2 242.3 239.5 239 238.1 237.8 239.1 233.2 233.1 236.4 239.8 241.1 240.2 238 235.5 232.6 227.2 221.6 218.1 215.6 219.3 219.2 214.9
308.5 311.9 310.4 308.2 309.3 308.1 304.5 300.7 305.8 303.5 303.1 305 295.7 292.2 289.4 291.7 287.3 288.6 291.1 288.3 288.6 284.6 281.2 279 281.6 295.4 298.3 295.6 303.8 304.6 304.3 295.9 293.7 289.8 284.9 285.5 288 290.9 295 297.4 298.7 300.4 301.7 299.8 301 303.6 302.5 296.8 291.7 286.5 281.2 275.8 269 261.2 252.3 246 242.2 242.9 239.8 236.7 234.6 234.7 231.7 235.5 240.5 244.4 243.8 242.4 242.2 238.9 236.2 229.4 225.2 222 217.1 219.4 219.6 220
302.4 304.5 303 300.8 301.7 299.5 297.3 294.5 297.2 297.6 297.6 299.2 291.8 292 286.2 286.1 284 287.6 291.5 284.5 283.9 283 279.1 278.4 280.8 284.3 294.2 293.8 296.2 301.8 301.3 297.7 292 288 284.9 285.2 287 288.6 292 295.1 298.4 302 302.6 300.3 301.2 303.1 302.1 296.4 290.3 284.8 279.6 271.6 261.2 256.8 250.8 246 242.3 242.4 239.1 236.8 233.7 233.2 231.6 236.7 240.6 248.7 246.6 247.3 245.2 242.6 238.7 231.7 228.8 225.7 223 224.2 229.8 230.9
298.4 298.8 296.5 294.2 293.6 294 292.6 292.6 293.8 293.7 297.3 298.1 290.7 289.4 284 282.9 283.4 282.8 287.2 282.3 280.3 281.4 279.6 279.5 280.2 283.6 291.6 292.8 296.4 297.4 295.1 294.7 288.7 284.4 284.7 284.3 284.6 286 289.2 293.1 296.9 303.1 303.1 301.4 300.4 301.1 299.6 294.7 290 281.5 275.6 265.9 260.7 255.6 249.2 244.7 241.6 241.6 239.4 236.3 234.7 232.7 232 236.8 239.5 243.1 246.6 249.6 247.2 248.6 238.6 235.2 236.1 232.7 228.1 235.8 241.7 236.6
291.7 292.2 288.6 290.7 290.3 290.7 291.9 292.4 294 292.5 293.9 295.5 285.2 283.7 282.1 282 282.2 282.4 282.3 280.8 278.4 277.7 281.3 279.7 279.4 282.5 287.9 290.6 295 291.2 287 287 283.9 282 282.2 287.6 285 284.3 286 290.1 293.5 304.1 304.6 302 298.1 297.3 294.7 290.8 286.6 279.7 272.4 264.5 258.5 254.2 248.4 243.5 241.7 243.6 240.2 236.4 233.1 231.6 235.7 238.6 241.5 244 249.6 250.7 256.7 255.4 240.4 242.2 242.2 240.8 234.7 244.1 249.2 241.8
284.6 285 285.7 285.4 285.9 285.3 286 287.3 287.9 287.5 287.3 289.5 283.2 282.6 280.7 281 281.7 281.7 282.1 280.2 279 278.5 282.2 280.6 280 280.5 284.7 285.1 287.6 282.3 281.8 283.2 281.7 280.7 279.5 281.3 279.3 279.7 283.7 288 291.6 303.4 304.1 301.7 296.3 294.8 293.7 290.7 285.1 275.5 265.5 262.8 256.8 252.1 247.8 244.2 241.5 244.5 238.7 238 231.8 233.3 239.3 241.8 246.2 250.2 249.1 255.2 265.3 252.6 245 246.9 249.1 249.3 241.4 243 252.2 246.9
283.9 283.9 284.9 284.6 282.7 283.2 282.9 283.1 283.4 283.4 284 285.8 278.2 283.8 280.1 279.5 280.1 281.1 281.3 281.2 278.8 279 281 280.4 280.2 280.6 279.8 278.6 278.1 275.5 277.4 279.1 279.8 279.5 278.2 277.6 275.7 277.5 279.7 285.4 289.1 296.8 300 300.7 292.5 291.6 291.1 287.8 282.1 278.4 268.8 262.2 256.6 251.4 249.1 244.1 241.9 240.3 242.7 238.2 233.7 234.1 240.1 243.6 251 256.2 251.9 255.7 266.7 253.6 250.2 252.6 253.7 249.7 245.4 246.9 257.9 251.4
283.9 283.9 284.3 283.5 282.9 281.9 280.7 280.8 282.8 282.9 282.4 278.3 278.2 280.7 280.1 279 279.8 280.4 280 279.1 278.5 278.3 279.3 280.7 280.2 279.4 277.9 277.1 277.4 273.9 272.7 275.1 276.8 277 275.3 273.5 272.4 273.2 279.6 283.5 284.9 285.2 290.9 292.3 288.9 287.7 286.1 284.6 280.4 275.5 266.4 261.2 256.9 252.3 248.3 245.3 243.8 242.7 244.4 238 232.4 237.2 242.3 247.9 252.2 255.2 254 253.9 256.4 253.7 253.7 258.2 256.7 253 251 253.4 263.4 253.8
283.9 283.9 283.9 280.4 282.7 281.5 283.9 281.5 281.5 281 282.1 278.2 278.2 277.6 277.6 277.8 277.4 279 280.8 278.7 277.1 279 279.8 279.2 280.6 279.6 277.7 277.3 276.5 272 268.9 270 275.3 271.7 270.5 268.3 269.4 271.3 277 279.7 281.7 281.7 282.5 284.7 284.3 284.4 282.3 281.4 277.1 271.2 264.2 260.3 257.9 252.4 247.1 245 244.1 245.5 248.4 236.9 231.8 239.7 245.4 252.4 254.2 254.9 253.5 253.3 255.5 257.9 257.9 259.8 261.7 256.5 253.4 256.9 260.7 260.2
283.9 283.9 283.9 283.9 284 284.5 284.4 282.7 282.1 281.1 279.2 278.2 278.2 280.2 279.9 280.1 279.9 277.2 280.4 278.6 278.3 279.3 280.1 277.2 280.5 279 279.1 278.4 278.4 270.6 266.1 265.7 266.8 266.9 265.8 265.5 267 269.7 273.8 276.2 277.9 279.7 276.2 275.2 274.3 277.2 277.8 278.6 273.1 266 262.3 260.3 257.5 253.7 246.5 242.8 243.5 245.9 242.9 235.6 236.7 241.6 250.2 257.1 257 256 254.9 255.2 259.2 265.4 264.9 264.7 262.5 261 259.1 261 263.3 263.7
283.9 283.9 283.9 283.9 284.9 285.3 285 284.2 283.2 283.2 282.5 278.2 278.2 280.8 280.7 281.6 281 279.1 280.5 278.7 277.3 281 280.4 276 278.9 277.8 279.3 279.6 272 268.4 266.7 264 264 263.4 260.8 261.6 263.1 266.7 270.2 273.1 275.2 276.2 276.2 272.8 267.1 268.9 270.9 272.8 266.8 263.6 261.1 260 257.8 256.8 245.7 241.2 242.6 244 233.2 236.1 239.4 244.2 249.8 257 258 257.8 257.4 259.6 267.2 271.4 272.2 267.4 266.8 265.3 264 263.5 264.9 261.2
283.9 285.4 283.9 285.4 284.8 285.9 285.9 285.6 284.4 284.6 281.6 278.2 280.1 281.1 282.1 282.7 282 278.7 281.4 278.7 276.7 280.4 276.1 278.5 275.3 276.4 277.1 284.5 273.1 267.4 265.6 262.8 261.8 261.5 258.4 258.3 258.9 263.6 268.4 270.1 271.8 273.4 276.1 272.1 263.7 259 264.2 267.7 263.9 261.9 259.5 258 258.5 259.2 245.9 242.4 239.5 239 236.3 238.8 242.2 247.4 251.9 255.5 262.2 259.8 261.2 264.6 270.6 275.8 278.4 269.2 267.3 267 266.2 265.8 263.9 262.5
283.9 286.5 286.5 286.5 286.9 286.9 286.2 286.2 285.7 285.9 285.6 278.2 280.6 283.7 282 284.5 282 280 279.9 280.7 277.8 277.6 276.2 281.5 279.5 275.2 275.5 275.1 272.6 267.4 263.2 261.9 260.2 258.8 256.2 257.2 256.4 260.7 266.2 268 267 268.6 270.2 267 259.9 256.1 254.4 260.8 260.5 261.1 259.5 256.4 257.1 254.3 242.8 240.6 235.1 234.9 240.3 242 245.4 249.3 252.5 259.4 260.2 261.4 264.4 269.3 276 277.9 276.7 272.1 270.1 268.8 269 267.6 265.2 265.1
287.1 287.3 287.6 287.2 288.9 287.3 288.4 286.8 286.5 286.6 283.8 279.1 280.2 282.9 281.8 281.6 280.4 278.7 277.2 277 280 281.9 280.9 281.7 280.2 274.8 272.6 271.1 266.3 264.1 264.4 262.3 261.4 259.6 258.3 257.9 256.9 257.8 260.3 264.2 265.6 263.9 262.5 258.7 256.8 254.4 254.6 252.2 250.9 260.4 257 254.5 251.5 243 239 236.2 238.7 236.6 240 245.5 248.9 251 253.9 258.5 261 265.7 269 272.2 278.5 279 276.7 273.6 273.2 271.6 271.3 269 267.8 268.1
286.7 287.6 288.6 288.9 289.4 288.4 288.9 289.9 289.1 286.9 281.6 280.2 279.7 283.6 283.3 280.6 282.2 280.7 280.8 278.4 279.5 281.7 283.2 282.2 280.2 276.7 275.4 273 267.1 265.8 263.8 263.6 263.1 261.9 257.8 256.2 256.4 256.5 256.2 258.5 261.7 260.1 257.6 254.9 254.9 253.5 252.7 250.9 248.1 249.4 252.3 251.3 243.5 237.8 238.5 239.5 239.1 238.3 242.8 248.7 251 251.9 256.3 260 266 270 271.1 275.1 278.2 279.6 278 275.4 274.7 276 272.5 272 270.9 273.5
287.2 288.8 289.6 290.8 291.5 290.5 288.7 290.5 290.9 286.8 281.6 279.3 283.5 285.1 284.9 284.6 284 282.4 280.5 279.5 280.8 281.4 282.6 282.3 278.4 276.3 273.6 271.9 270.1 266.9 266.2 266.4 265.6 263.2 258.7 256.6 256.2 255.7 256.1 254.9 255.2 254.4 253.9 252.3 252.4 251.5 250.2 249.6 247.4 247.4 245.6 244.9 238.5 240.6 240.9 241.4 240.1 237.6 244.6 249.7 251.7 255 262.5 269.1 271.7 272.8 273.6 277.4 279 279.3 278 277.6 277 278.3 276.4 276.4 277.7 280.6
287.6 289.8 290.4 292.2 292.9 292.9 291.4 292.8 290 286 279.7 279.8 284.6 286.5 287.7 286.4 285.9 282.9 281 282.6 281.5 281.6 281.3 282.2 279 276.5 273 271.4 270.1 266.8 269.3 267.1 267.7 266.5 260.4 256.8 256.6 254.1 254 253.3 252.9 252.4 252.6 253.6 252.3 250.9 249.9 248.1 245.6 244.5 242.6 242.3 242.3 243.1 243 242 240.3 241.2 245.2 249.6 252.2 255.9 266.1 274.4 276.6 276.1 276.7 278.1 279.7 280 279 278.6 279.3 278.6 278.8 279.2 281.4 282.2
286.9 290.6 292.5 293.7 293.4 293.8 295.2 293 290.1 288.9 280 280.5 284.6 287.5 289.3 288.1 286.8 285.3 282.2 282.8 283.8 283.1 281.3 281.6 279.6 276.7 275.1 270.8 269.7 268.7 269.2 269.4 268.4 266.1 261.2 258.9 257.8 255.3 255.7 254.9 255.2 254 254.4 254.2 252.7 251.4 250.2 248.4 247.3 245.9 245.3 244.2 243.6 242.7 242.8 241.8 237.8 242.6 246.4 247.8 252 257.2 265.7 273.5 275.9 277.6 280.3 282.8 280.6 281.1 281.2 280.6 280.2 281.2 279.9 281.7 283.3 282.9
287.5 291.1 293.7 292.6 293.1 296.5 295.1 293.1 291.4 286.8 282.5 282.1 285.3 287.9 288.3 289.2 287.9 286.2 283.2 284.7 283.9 283.1 280.2 280.7 281.2 275.7 273.4 270.3 269 270.4 271.6 270.8 268.8 266.2 261.6 259.4 259 257 256.3 255.3 255.2 255.3 254.6 254 252.8 252.3 251 249.6 247.9 247.1 245.3 244.6 244.9 242.9 242.3 241.4 241.5 244.6 246.3 247.9 251.9 257 264.1 271.2 275.2 278.8 281 287 282.6 282.8 282.4 281.8 281.3 281.5 281.7 281.8 282.4 284
289.5 291.3 290.9 294.3 296.3 297.6 296.5 293.3 292.3 287.6 284.8 283.6 286.8 288.9 289.3 289.2 288.6 285.8 284.4 286.3 286.9 282.9 279.3 278.1 277.7 275.1 272.1 271.5 270 271.2 273.4 272.5 270.1 267.2 262.6 260.9 259.3 258.1 258 257.5 254.8 255.2 254.8 254.5 252.7 251.6 250.7 249.9 248.1 247.3 246 245 244.1 243.4 241.2 239.9 242.1 243.9 247.4 250.4 253.6 256.9 262.7 268.7 273.2 279 281 283.5 281.7 281.6 282.2 282.2 281.9 281.9 282 282 282 284.5
293 294.5 294.7 299.1 299 299.6 297.7 295.8 291.7 289.2 286.8 286.5 285.4 289.9 290.8 290.5 289.7 287.9 286.3 286.5 284.9 280.6 278.5 277.1 276.2 274.5 272.6 271.5 270.3 271.7 273.3 274.2 273 270.1 265.2 265 260.9 261.1 260.7 257.4 257 256.9 255.9 255.2 253.8 252 250.1 247.8 245.8 246.3 245.6 244.9 243.1 242.2 240.5 242.1 243.2 245.7 248.8 251.7 253.8 256.3 260.9 267.2 271.2 276.8 279.9 280.7 280.6 280.8 282 281.6 280.6 280.4 280.1 280.6 280.3 281.8
