WholeMapElevations/data/sx/sx66_OST50GRID_20230518/SX66.asc
ncols 200
nrows 200
xllcorner 260000
yllcorner 60000
cellsize 50
[rows 105 to 139 of 200, columns 78 to 155 of 200]
370.9 375.2 379.8 384.4 387.3 389.5 392.1 394.8 397.2 399.2 401.1 401.7 402.9 403.9 405.1 407.6 405.7 410.5 415.2 418.6 421.6 425 429 433.7 437.2 440.9 444.2 447.5 451.3 454.6 457.5 459.5 461.4 462.2 461.8 460.6 458.9 456.2 454.2 451.9 450.4 447.8 444.5 442.1 439.3 437.8 432.7 434.5 432.5 432.3 430.7 429.1 428.8 428.3 427.7 426.6 425.8 425.2 423.3 422.9 422.8 422.6 422 421 419.3 416.7 412.9 409.4 405.9 402.6 399 394.1 388.5 382.7 377 369.8 362.4 351.5
369.4 375.6 380.5 385.3 390 392.4 395.1 398.3 400.9 402.9 404.9 405.9 406.5 407.1 407.8 410.3 410.9 412.3 416.1 419.1 422.6 426 429.8 434.3 438.2 441.9 445.2 448.5 451.2 454.6 457.6 459.4 460.7 461.5 461.6 461 459.5 457.3 455.4 453.4 451.5 449 446.4 444.1 441.2 437.2 431.5 428.6 426.2 425.2 425.8 424.8 424.1 423.7 423.2 422.7 421.6 421.1 419.8 419.4 419.2 419.2 418.9 418 416.3 413.6 410.5 407.1 404.6 402.3 400 396.8 393.7 389.3 383.7 378.7 371.4 361.7
369.2 375.8 381.4 386.3 391.3 395.1 398 401.1 403.7 406 408.3 409.4 410 410.5 410.8 412.8 414.1 414.6 416.9 419.6 424 427.7 431.1 434.4 438.4 441.8 445.4 448.4 451.4 454.2 456.6 458.5 459.7 460.2 460.5 460.4 459.5 457.4 455.4 453.3 451.4 449.8 447.3 444.9 442.3 439.7 434.8 431.4 425.3 422.5 419.6 420.1 419 419.5 418.8 418.4 417.6 416.5 416 415.7 415.7 415.9 415.5 414.7 413.4 410.5 407.1 404.6 402.6 401.7 400.2 398.7 396.2 393.1 389.5 384.3 378.2 369.1
369.1 375.5 381.8 387.2 392.2 397 400.6 403.7 406.4 409.1 411.4 412.7 413.4 413.7 414.1 415.9 416.9 419 418.1 422 424.3 427.1 431.4 434.5 438.5 441.8 445.3 448.1 450.9 453.4 455.4 456.8 457.8 459 459.1 459.5 458.6 457.3 455 452.8 451.3 449.9 447.9 445.3 442.7 439.9 436.7 433.1 428.4 423.2 416.9 415.4 415.2 415.2 414.6 414.1 413.4 411.8 410.5 411 411.8 412.1 412 411.3 410 406.7 404.3 401.9 400.8 399.4 399.6 399 397.7 395.5 392.2 388.1 382.1 375.4
368.6 375.1 381.7 387.5 392.9 398 402.9 406.2 409.2 412 413.9 415.2 416.5 416.9 417.6 418.7 420 421.7 423 424.9 427.3 429.3 432.8 434.2 437.7 441.6 444.1 446.5 449.8 451.9 453.8 456.2 457.1 457.8 457.9 459.2 458.5 457 454.5 452.4 451.1 449.9 448.2 445.7 443.1 439.7 436.2 432.8 428.7 423.9 418.1 411.6 410.6 411.3 411.4 410.5 409 407.7 406.3 406.2 406.9 407.9 407.8 407.4 406.5 404.1 401.7 399.3 397.9 398.2 398.1 398 397.3 395.3 392.6 389.2 383.9 378.6
370.2 376.3 382.7 388.7 394.3 399.6 404.8 408.4 412 414.4 416.1 417.8 419.8 420.4 421.4 422.4 423.2 425.2 426.6 428 429.1 431.8 435.1 437.7 439.5 442.3 444 446.3 448.9 451.7 454 456 457.8 457.2 457.2 458.7 458.6 457.5 455.7 454 452 449.8 448.2 445.2 442.5 438.9 435.7 431.7 427.2 422.1 417.3 410.7 403.7 407 407.3 406.8 404.8 403.1 402.4 401.6 402.3 403.2 403.5 403.2 402.6 401.3 399.3 396.7 395.3 395.2 395.2 395.2 395 393.8 391.5 387.7 383.1 377.9
372.1 378.7 384.7 390.2 395.8 401.2 406.6 410.6 414.5 417.4 419.5 421.8 423 424.3 425.2 426.3 427.7 429 430.7 431 432 433.4 437.2 439.5 442.2 444.7 447 449.3 451.4 453.1 455.7 456.3 457.2 457.5 457.7 458.5 458.5 457.8 456.7 454.8 452.8 450.8 448.3 445.5 442.5 438.4 433.6 429.2 424.5 419.9 415.2 409 398.7 402.3 401.8 400.9 400.4 398.7 396.8 397 397.1 398.4 398.9 398.9 398.3 397 395.9 393.9 392.1 392.2 392.1 391.7 391 390.3 388.4 384.6 379.8 374.8
373.1 381 386.5 391.9 397.4 403.4 408 413 416.9 420.6 423.3 425.7 426.2 427.9 429.1 430.6 432 433.6 434 434.7 435.6 437.7 439 441.9 444.8 447.3 449.6 451.9 453.1 454.9 456.8 457.3 457.8 458.4 457.6 458.2 458.4 457.9 457 455.4 453.4 451.4 449.4 446.6 443.1 439.2 433.9 428.9 422.8 416.2 411.1 404 394.3 397.7 397.3 396.5 395.1 394.2 392.2 392.2 392.5 393.6 394.1 394.6 394.1 392.9 392.7 391.2 389 388.4 388.5 387.8 387.1 385.7 383.3 379.5 374.7 369.6
375.3 382.7 389 394.9 399.6 405.2 410.1 415.1 419.4 423.1 426.4 428.6 429.8 431.6 433.2 434.8 436 437.5 438.1 437.8 439.1 439.3 441.5 443.5 446.5 449.4 451.3 453.3 455.4 457 457.8 458.2 458.1 458.4 456.5 457.2 457.5 457.4 457.4 456.3 454 452.1 450.2 447.7 443.8 439.9 434.6 428.1 420.4 413.2 406.8 399.8 388.8 392.6 392.4 391.1 389.7 388.5 387.5 387.5 387.7 388 389.3 389.8 390 389.5 388.4 387.6 386 384.6 384.7 383.9 382.5 380.4 377.6 373.9 369 364.2
376.5 383.6 390.7 396.7 402.3 406.5 411.9 417.2 421.7 425.7 428.8 431 432.4 433.7 435.3 436 438 439.4 440.4 441.3 442.1 443 444.7 446 448 450.5 452.5 454.4 456.5 457.6 458 457.8 457.1 456.4 455.3 455.8 455.9 456.1 456 455.6 454.3 452.5 450.6 448.1 444.4 440.5 434.9 428.4 419.7 411.2 403.9 396.8 383 387.5 386.5 385.5 384.1 383 382.7 381.8 383 384.2 385.3 385.7 386.2 385.5 384.3 383.9 382.7 380.7 381 379.9 378.2 375.3 371.9 368.4 363.8 358.1
377.2 384.5 391.9 398.3 404.5 409.5 414.3 419.1 424 427.5 430.4 432.6 434 435.3 436.3 436.9 438.5 440 441.2 442.6 443.8 445.2 446.9 448.1 449.5 451.4 453.2 455 456.3 457.1 457.6 457.2 455.6 453.8 453 453 453.8 453.7 453.7 453.7 453.2 451.9 449.7 447.5 444.3 440.6 434.6 428.1 420.4 410.7 401.9 394.3 380.9 382.2 380.4 379.9 378.8 378 377.9 377.6 377.2 379.5 380.9 382.1 383.1 382.7 381.8 381 380.2 378.5 375.4 375.9 374.1 370.9 367.8 363.8 358.3 353.1
378 385.4 393.1 400.1 406.4 412.3 416.5 420.6 424.4 428.3 431.1 432.7 434.1 435 435.7 436.9 437.7 439.4 441.4 443 444.4 445.6 447.3 449.1 450.7 452.1 453.5 454.9 455.2 455.9 455.8 455 452.8 451 449.9 450 450.4 451 451 451.2 450.6 449.5 447.6 445.6 442.9 439.6 434.5 427.6 419.9 410.5 400.6 392.7 379.6 374.4 373.2 372.7 371.8 372.3 371.9 371.4 371.9 374.3 376.5 378.1 379.5 380.2 380 379.4 378.5 377.3 375.2 372.7 370.1 367.5 365 360.9 356 348.5
378.5 386.6 394.8 401.9 408.4 413.7 417.9 421.7 425.4 428.8 430.9 432.5 433 433.8 434.6 435.5 436.4 439 441 442.8 444.4 445.4 446.4 448.2 449.3 451.1 452.3 453.3 453.7 454 453.7 452.6 450.5 447.7 446.3 445.6 446.5 447.3 448.1 448.1 447.2 446.2 444.8 443.1 440.7 437.4 432.8 426.5 418.2 409.2 399 390 378.8 370.3 367.2 366.4 365.6 366 365.7 365.4 366.2 368.4 371.6 374 376.3 377.8 379 379.2 378.6 377.4 376.6 375.5 373.4 370.9 367.8 363.9 357.4 349.6
379.8 387.5 395.3 402.7 409.4 414.1 418.1 422 425.5 428.7 430.8 431.5 431.6 431.7 432.2 433.5 435.5 438 440.1 441.6 443.7 444.5 445.3 446.8 447.8 449.1 450.2 451 451.6 451.1 450.2 448.8 446.9 444.3 441.6 441.7 442.6 443.5 444.3 444.6 443.8 442.8 441.3 439.6 437.4 434.2 429.9 423.8 415.9 407.7 397.3 387.7 375.3 365.2 363 361.7 360.7 359.2 358.9 359.9 362.1 364.2 367.3 370.3 374.5 376.2 378.7 380.3 380.7 379.5 379.1 377.7 375.9 373.6 370.1 365.3 358.6 349.1
380.3 387.5 395.1 401.8 408.4 413.4 417.8 421.2 424.3 427.2 429.1 429.3 428.7 428.9 429.9 432.2 434.1 436.7 439.3 440.9 442.5 443.4 444.3 445.4 446 447.1 448.2 448.8 448.5 447.9 446.4 444.7 442.5 440.1 437.7 437.6 438.3 439 439.8 440.2 439.5 438 436.6 435 432.8 430 426 420.5 413.4 405.4 396.3 385.7 376.7 370.5 364.9 358.3 356.2 354.5 353.7 355.6 357.8 360.3 363 367.3 372 374.8 378.5 380.4 381.7 381.5 380.7 379.3 377.3 374.6 370.7 365.3 357.8 347.1
380.3 387 394.9 400.9 407 411.8 416 419.5 422.2 424.4 426.1 426.4 426.4 426.7 427.4 430.1 433.1 435.7 438.2 440.1 441.3 442.2 443.2 443.8 444.5 445.3 445.8 445.5 445.1 443.9 441.9 439.7 437.6 435.4 433 431.7 432.5 433.4 434.6 435.1 435.3 433.5 431.9 430.4 428.4 425.4 421.5 416.6 409.8 403.2 395.3 385.8 377.6 371.6 366.1 361.6 354.4 349.6 348.9 349.4 353.3 355.8 359 364.5 369.1 373.7 377.7 380 381.6 382.1 381.5 380.1 377.5 374.8 370.1 364 355.7 343.4
379.8 386.2 392.4 398.8 404.5 409.2 413.3 416.3 419 421.2 422.2 422.7 422.8 423.7 426.6 429.6 432.7 435.1 437.2 439.2 440.1 441.1 441.7 442.3 443.1 443.9 443.1 442.1 440.5 439.1 436.1 431.5 428.8 427.1 426.7 424.6 426.6 428.1 428.9 429.5 429.7 428.7 427.1 424.9 422.5 420.1 416.5 412 406.1 400.2 392.9 384.4 377.4 371.2 365.5 360.5 354.6 347.7 340.1 343.4 347.4 351.2 355.1 360.6 366.2 371.5 375.6 378.8 380.8 381.8 381.5 380.3 377.7 374 368.6 361.5 352.3 337.6
377.4 384.3 390 395.2 400.3 405.3 409.5 412.4 414.6 416.6 417.6 418 418.8 422.7 426.2 429.4 432.5 435 436.3 438 439 439.9 440.7 441.5 442.7 442.8 441.5 440 437.3 434.8 432.4 429 424.1 423.1 421.3 420.3 421 421.9 423.4 423.8 423.9 423.3 421.6 419.6 417 414.5 411.1 406.9 401.9 396.3 389.7 382.7 376.6 370.4 364.6 359 351.6 343.8 333.1 337.2 340.7 344.7 350.1 356.6 363.2 369.1 373.6 377.6 379.7 380.6 380.7 379.3 376.1 372 365.9 358.8 349 333.7
375.2 381.1 386.4 391.1 396 400.9 404.9 407.6 409.8 411.8 412.8 413.3 418.1 422.3 425.6 428.7 431.7 434 435.5 436.7 437.1 437.9 439.1 440.1 441.6 441.8 441.2 438.4 435.1 431.8 428.7 425.5 421.9 419.2 416.4 414.4 415.9 416.2 417.1 417.5 417.1 416.6 416 414.5 411.7 408.9 405.4 401.9 397.1 391.8 385.9 379.8 373.8 367.8 362.3 356.5 349.1 338.1 327.8 331.5 333.7 339 345.8 353.6 360.8 366.5 371.8 375.9 378 378.5 378.6 377.2 373.8 369.3 363.3 355.5 346 332
371.2 376.5 381.7 386.8 391.5 396.2 400.2 402.8 405.2 407 409.1 413.2 417.3 421 424.3 427.4 430.3 432.7 433.9 434.3 434.8 435.9 437.1 438.8 440.2 441.1 440.6 437.4 434.3 430.2 426.8 423.4 419.9 416 412.4 407.8 410.3 410.2 410.5 410.6 410.3 410.5 409.9 408.3 405.8 402.6 399.1 396.3 391.7 386.6 381.5 376.5 371.4 365.8 360.1 353.8 346.8 337.1 323.1 325.2 327.9 334.3 341.9 349.7 358.2 364.2 369.4 373.3 375.7 376.3 376.2 374.4 371.2 366.6 360.1 352 342.6 328.9
364.8 370.8 375.5 381.2 386.6 391.3 395.7 397.9 399 402.6 407.7 411.8 415.7 419.3 422.7 425.8 428.6 431 431.5 431.9 432.6 433.5 435.3 437.4 438.8 439.9 439.8 437.1 434.8 430.7 427.4 424.1 421.6 417.7 414.6 409.2 400.1 400.7 404.3 404.3 404.3 403.8 403.1 401.4 399.2 396 393.2 390.3 386 380.7 376.4 371.9 366.9 361.6 356.8 350.6 343.9 334.3 318.7 319.3 322.4 331 339 346.9 355 361.3 366.3 370.5 372.8 373.9 373.4 371.4 368.1 363.5 356.4 348.1 340.4 328
357.1 363.9 369.4 375.2 380.9 386.5 391 393.7 396.5 401.4 405 408.6 412.5 416.7 420.2 421.4 426.5 428.4 429.4 429.3 429.2 430.4 432.2 435 436.5 438.1 438.6 437.8 435.8 432.1 429.9 427.7 425 421.3 417 412 406.8 396.6 393.4 397.2 396.7 396.1 395.5 393.6 391.8 389.3 386.4 383.3 379.7 374.8 370.9 366.3 361.5 357.1 352 346.2 339.1 326.7 312.6 312.9 318.4 327.9 336.2 344.7 352.4 358 362.7 366.4 369.2 370.3 370 367.6 363.9 358.5 352.6 345.5 338 327
350.3 356.1 362.4 369.6 374.9 381 385.7 389.3 393.5 398 401.9 405.5 409.3 413.2 417.1 420.2 423 425.4 426.3 426.5 426.6 427.5 430.1 432.3 434.4 436.6 437.2 437.1 435.5 434.2 432.7 430.7 428.5 424.7 420.5 416.5 411.2 403.8 391.5 382.4 389.2 388.2 387.3 384.9 383 379.4 377.5 374.8 372 368.3 364.6 359.8 355.6 351.4 345.8 340.2 333.1 314.6 308.2 310.1 316.1 324.5 332.8 341.6 349.2 354.6 359.3 362.8 365.4 366.6 366.2 363.6 359.1 353.8 347.9 342.4 335.6 325.9
343.5 349.2 355.6 362.2 368.8 374.7 379 384.9 389.3 393.8 397.7 401.9 405.4 409.4 413.9 417 418.7 422 423.1 423.4 423.9 425.3 427.7 430.7 433.1 434.6 435.4 435.4 435.3 434.8 434.1 432.1 429.7 427.5 424.4 420.1 414.9 408.9 400.5 387.7 376.5 376.7 371 370 369.7 369 369.5 367.9 365.3 361.3 358.1 354.4 350.1 345.6 339.1 333.6 326.2 305.7 304 307.9 314.1 321.7 329.3 338.3 345.7 351.3 355.7 358.7 361.6 362.2 361.6 358.7 354.4 349.4 344.5 339.6 334 327.4
334.7 341.4 347.7 353.9 360.3 364 375.3 381 386 388.8 393.1 397 403 405.4 408.9 413 416.1 418.4 419.4 421.2 421.7 423.6 426.2 429.3 431.7 432.9 433.5 434 434.2 433.8 433.7 432.7 430.8 428.9 426 422.8 418.3 412.5 405.8 396.6 384.1 373.9 368 364.5 362 357.3 357.5 359 356.9 355 352.6 349 345 339.5 333.6 326.4 313.3 301.9 299.9 302.8 311.6 318.4 325 333.3 341.2 346.8 351.4 355.2 357 357 356.4 353.8 350.1 345.2 341.8 337.2 332.8 328.3
325.3 331.5 337.4 343.6 349.3 359.7 368.3 374.9 379.3 387.8 394.9 399.2 404.8 408.9 409.8 410.9 408 411.8 417.3 419.5 419.6 421.8 424.9 428.1 430.1 430.7 431.3 431.5 432.3 432.5 431.9 431.6 430.3 428.4 426.1 423.1 419.6 414.8 408.7 401.5 392.4 383.7 378.6 374.6 368.4 362.9 355.7 345.9 345.7 346.1 344.8 342.6 339.2 334.6 328.9 321.5 312.1 301.3 295.5 298.5 305.8 312.3 318.7 327 335 342.3 346.7 349.9 352.3 352.2 351.2 348.8 345.2 341.7 338.7 335.1 332.4 329.1
312.1 319.9 325.4 328.8 342.4 351 360 372.4 381.5 390.8 396.6 401.7 405.7 408.8 410.4 410.5 407.5 407.5 415.8 417.2 418.3 420.7 424.2 426.8 428.8 428.9 429 427.9 428.8 429.8 429.5 428.9 428.2 426.5 424.6 422.2 419.3 415.7 410.5 404 396.5 389.6 386.2 383 377.5 369.8 362.8 355.1 341.1 338 338.1 336.9 333.8 329.5 324 317.8 312.2 304.2 291.1 293.5 299 306 312.6 321.7 329.3 337.2 342.4 345.8 347.4 347.6 346.1 343 339.8 336.8 334.2 332.5 330.6 329
302.8 304.6 313.4 319.3 331.6 346.3 361.5 372.8 382.4 392.3 399.7 405.1 408.8 411.7 413.1 413.9 413.8 411 413.4 417.5 419.8 421.3 423.2 425.5 427.6 428.1 427.2 425.2 426.3 426.3 426.3 425.7 424.8 423.6 421.8 419.6 417.7 414.9 410.8 405.7 399.6 395.9 392.3 388.9 384.2 377.9 369.3 361.3 350.5 335.9 330.1 331.1 328.1 323.3 317.8 313.9 309.1 303.3 292.7 286.1 291.3 298.7 306.9 315.9 324 331.9 337.9 341.1 342.7 342.5 341 337.5 334.3 331.6 329.5 328.3 327.8 326.4
311.2 302.4 305.7 317.6 336 350.5 361.7 374.2 384.8 393.4 401.5 406.2 409.7 413.3 414.6 417.3 415.8 416.5 417.3 416 420 421.5 423.4 425.1 426.3 427.4 425.4 423.4 422.4 422.3 422 421.2 420.2 419.2 418 417 415.3 413.4 410.5 406.5 402.9 400.6 397.6 395.4 390.4 384.1 376.2 366.6 357.1 344.7 331.2 322.1 321.5 316.3 311.8 308.3 302.4 296.4 288.1 281.9 284.4 292.1 301.3 310 318.6 326.3 332.8 335.8 337.3 337.3 335.3 332.3 329 326.2 324.3 323.7 323.4 323.1
318.4 301.2 300.6 320.1 336.7 351.2 363.1 374.7 385.5 394.4 400.8 406.2 409.9 413 415.6 417.2 417.9 418.1 418.7 418.8 418.7 421.9 424.1 425.7 426.8 426.9 425.2 421.4 419.3 417.6 416.9 416 414.3 413.7 412.8 412.8 411.9 410.6 408.5 407.3 405.9 404.2 402.3 399.9 395.8 389.4 381.4 372.8 362.5 352 339.1 325.8 317.3 315.7 311 304.5 294.2 289.2 283.2 277 278.6 284.3 294 305.3 313.9 320.7 326.9 329.9 331.7 331.4 329.4 326.2 322.5 319.6 317.9 318.2 318.3 318.3
319.3 299.7 298.4 317 336.5 350.8 364.2 376 384.9 393 400.1 405.2 409 411.7 414.3 416.4 417.6 418.6 419.8 420.1 421.3 421.7 425.3 426.8 427.9 427.2 425.6 421.5 416.7 413.8 412.3 409 409 408.1 407.8 408 407.9 407.3 406.6 406.5 406.1 405.8 404.1 403.1 399.7 393.5 385.7 377.2 367.6 357 347 334.4 326.1 321.6 316.4 309.3 300.9 292.3 284.8 276.9 270.4 278.5 287.8 299.5 308.9 315.2 320.4 323.5 325 325.3 323.6 320 315.9 313.9 311.6 312.1 312.4 312
315.5 297.9 298.5 314.7 334.3 350.3 362.3 374 383.5 393 398.4 403.2 406.9 410 412.7 414.5 416.7 418.2 419.3 420.3 422.9 425.1 427.2 427.9 428.4 428.3 425.5 421 416.1 412.1 408.8 406.5 404.7 403.6 403.4 403.3 403.9 403.9 403.6 404.9 405 405.3 404.7 403.8 401.6 396.1 388.8 380.9 372.2 361.6 353.2 343.6 335.6 329.1 321.1 313.6 305.9 297.7 289.4 276.2 267.9 273.2 281.5 291.5 301.4 308.7 313.5 316.5 317.8 317.4 315.9 312.8 308.9 306.7 305.6 304.5 304.6 304.5
312.3 296.7 294.8 314.5 334.4 348.9 359.3 372.2 382.6 391 396.4 400.9 404.5 407.5 409.4 411.7 414.9 416.6 418.2 420.9 424 427 429.3 430.7 430.2 428.9 425.6 420.8 416.5 412.4 408.6 404.9 400 398.2 398.7 399.2 399.9 400.7 400.8 402.4 403.1 403.2 402.6 401.5 399.5 395.8 390.3 382.9 375.3 366.6 358 351.8 344.7 338.4 328.8 320.1 310.8 300.9 292.3 280.1 262.8 268.7 275.1 282.7 292.7 300 305.5 308.8 310.3 310.5 308.9 306 301.7 299.8 298.3 297.1 296.3 295.4
311.7 295.1 297.1 315.3 333.1 346.4 357 370.1 379.6 387.9 394.1 398.1 401.3 404 405.9 408.8 411.5 414 416.6 421.3 424.4 427.8 431.3 432.9 432.9 430.7 426.7 421.9 417.3 413.1 409.6 403.8 400 399.7 395.5 395.3 396.6 397.2 398.2 399.3 400.2 400.2 399.7 398.5 396.6 393.1 389.4 383.9 378.2 371.6 365.2 359.8 353.6 346.4 338 327.1 316.4 305.3 294.4 278.3 264.7 262.7 268.4 274.7 280.8 286.9 294.5 299.6 301.9 302.3 301.2 299.3 295.3 293.1 289.8 288.5 288.1 286.6
312.3 293.8 294.5 314.4 330.1 343.6 355.1 365.6 374.9 383.3 390.1 394.6 397.4 399.4 402.1 404.9 407.9 411.4 415 420.4 425.3 429.3 433.6 435.8 435.8 433.8 429.1 424 419.6 415.3 411.3 408.2 405 397.4 394.7 392.1 392.8 393.4 394.1 396 397.3 396.8 396.3 395 393.4 390.1 386.9 383.5 379.4 374.7 370.6 366.9 362.1 354.7 345.5 335.5 324.2 311.6 298.7 284.7 268.3 258 261.7 264.3 269.2 273.5 279.7 286.5 291.5 293.9 292.9 291.4 289.8 286.3 282.6 280.4 278.6 276.5
