WholeMapElevations/data/nc/nc33_OST50GRID_20230518/NC33.asc
ncols 200
nrows 200
xllcorner 230000
yllcorner 930000
cellsize 50
[rows 70 to 104 of 200, columns 79 to 157 of 200]
38.1 38.1 38.1 38.1 38.1 38.1 38.1 38.1 43.2 52.4 65.5 79.4 87.2 98 106.8 115 124.3 135.8 148.1 156.2 162.9 171.8 169.8 159.3 161.4 165.1 182.4 211.2 226.3 258.1 281.1 303.4 325.1 335.6 340.6 348 355 359.6 370.7 397.7 419.4 456.9 488.1 504.2 506.9 501.9 497 492.9 487.9 484.1 485.1 486.4 490 492.6 489.5 482.8 481.3 480.4 479.9 473.2 462 449.6 442.5 446 446.2 448.9 445.3 440.6 429 417.4 411.2 404.1 396.1 392 383.4 375.3 366.4 355.8 344.6
38.1 38.1 38.1 38.1 38.1 38.1 38.1 38.1 38.1 38.8 49 64.2 75.8 86.2 95.6 103 113.4 124.7 131.5 140.6 147.9 142 146.1 152.9 166.7 183.1 204.4 223.3 244.4 268.3 285.2 304 321.4 333.2 337 345.5 356.8 355.7 373.6 406.2 434 466.6 493.6 512 511 504.9 503.9 500.8 496.7 491.1 484 481.7 477.8 481 475.6 467.9 468.7 466.8 464.2 457.5 450 442 438.6 436.6 438.1 442.4 443 438.6 426.3 414.9 409.9 406.7 401.9 392.2 383.4 374 363.4 353.1 342.6
38.1 38.1 38.1 38.1 38.1 38.1 38.1 38.1 38.1 38.1 38.1 51.6 63.8 75.2 81.3 93.1 102.1 111.1 117.8 123 125.5 132.3 138 162.8 177.5 195.2 206.8 223.8 246.1 268.1 279.3 299.2 315.1 325.7 334.7 338.4 351.2 354.4 373.3 404.7 438 473.3 496.9 515.7 510.4 506.5 506.5 501.7 498 497.5 492 482 474.7 471.2 466.1 458.9 454.7 452.6 451.3 445 445.7 435.3 427.6 423.9 428.6 436.7 437.2 432.4 418.6 413.8 412.6 414.8 406.3 392.2 382.1 372.7 361.6 351.1 341.3
38.1 38.1 38.1 38.1 38.1 38.1 38.1 38.1 38.1 38.1 38.1 38.5 53.5 64.7 71.4 84.2 92.5 96.7 100.8 108.8 115.2 128.4 152 169.3 185.8 190.7 201.4 217.7 239.2 259.5 272.7 289.5 309.1 322.9 331.7 342 350.3 354.8 366.5 399.7 429.5 469.6 499.9 512.1 508.1 507.6 505.7 502.5 497.1 494.6 493.6 488.9 478.4 468.6 459.6 453.9 446.4 441.7 438.6 434.1 431.3 424.7 415.4 417.3 416 418.9 429.7 422.8 409.1 404.9 407.5 412.2 407 392.8 382 370.8 359.6 349 340.4
38.1 38.1 38.1 38.1 38.1 38.1 38.1 38.1 38.1 38.1 38.1 38.1 45 54.4 68.7 75.8 80.8 89.3 96.6 94.3 115.3 128.6 145.6 163.2 182.7 193.5 200.3 211 229 247.9 260.2 276.7 298 316.9 332.6 344.9 344.9 352.8 366 390.5 424.2 458.3 493.7 506.1 510.6 506.9 504.9 500.6 494.9 492 490.9 486.7 480.9 470.6 459.7 450.1 440.1 435.2 431.7 426.3 422.9 417 408.2 408.4 403.9 409.6 409.7 410.4 400.9 391 402.3 401.2 399.2 392.7 382.3 368.1 355.2 345.8 338.6
38.1 38.1 38.1 38.1 38.1 38.1 38.1 38.1 38.1 38.1 38.1 38.1 45.4 50.1 56.8 66.9 77.8 83.9 95.3 102 111 124.5 137.1 150.5 166.9 181.6 192.6 203.7 219.7 239.1 246.1 267 289.1 310.3 324.7 337.8 345.7 352.2 360.8 387.5 414.5 448.8 473.4 494.6 510 509.5 503.1 497.1 490.9 487.9 485.7 480.2 475.2 468.5 457.1 444.4 435.2 429.4 426.1 421.5 414.4 408 401.3 397.2 398.2 394.8 399.6 404.4 393.7 385.3 386.5 394.5 397.8 388.6 380.9 368.4 352.3 342.6 334.7
38.1 38.1 38.1 38.1 38.1 38.1 38.1 38.1 38.1 38.1 38.1 38.1 44.8 49.9 54.1 60.3 69 80.5 88.7 96.5 105.3 116.1 130.6 141 152.8 172.4 187.1 201.5 215.2 231.7 249.6 266.8 286.4 306.5 319 330.9 342.4 348.9 359.7 380.1 407.1 433.3 465.8 485.6 502.1 504.8 500.4 492.4 484.4 480.9 477.1 470.8 464.7 459.9 449.1 437 428.7 422.6 417.9 412.9 407.5 400.8 394.5 388.3 384.3 388.2 395.8 399.5 389.8 381.7 379.6 383.2 391.5 383 373.8 366.2 350.9 340.7 336.1
38.1 38.1 38.1 38.1 38.1 38.1 38.1 38.1 38.1 38.1 38.1 38.1 42.9 47.6 52.6 59.1 70.4 79 85.8 91.6 98.9 108.9 123.5 139.3 147.8 159.2 172.3 189.6 210.8 226.1 242.7 262.9 282.5 305.3 321.2 332.3 343.5 352 363.6 379.4 402.3 427.8 454.8 477.9 490.8 498.3 494.5 488.7 480.7 472.3 467.3 460.5 454.4 447.5 438.4 428.5 421.1 416.6 413.5 404.2 403.6 397.4 391.2 381.1 376.7 377.7 388.1 394.4 385.1 375.1 375.4 380.6 382.4 374.2 367.7 358.6 346.8 335.5 329.7
38.1 38.1 38.1 38.1 38.1 38.1 38.1 38.1 38.1 38.1 38.1 38.1 41.8 46.2 49.8 53.3 58.7 69.4 77.9 84.1 95.8 106.5 117.1 127 138.5 151.5 163.7 179.5 198.6 216.9 236 255.1 278.6 300.8 316.8 331.1 347.1 351.9 366.2 381.1 402.5 430.5 468.9 481.9 488.8 492.7 490.4 484.4 477.8 469.3 461.4 452.9 445.4 438.6 430.8 422.8 415.1 412.3 410.5 398.8 396.4 394.5 390.6 377.8 373.7 372.2 375.8 380.5 374.9 370.2 368.1 370 371 362.7 356.5 350.2 342.2 331.4 324.5
38.1 38.1 38.1 38.1 38.1 38.1 38.1 38.1 38.1 38.1 38.1 38.1 39.2 42.7 44.7 49.4 54.2 57.4 70.4 75.2 85.7 96.3 111.1 123.8 136.8 148.3 157.9 174.4 189.2 209.5 227.7 248.3 270.6 291 310.6 320.1 346.1 352.1 361.6 378.6 399.4 428.9 471.6 504.1 507.7 495.4 488 478.6 470.2 462.3 454 444.9 439.1 433.3 425.2 417.8 409.2 410.3 402.5 397.5 393 388.7 382.4 374.3 370.1 365.7 368.1 365.6 368.7 368.5 364.3 357.8 362.5 356 344.9 339.2 337.5 326.4 320
44 38.1 38.1 38.1 38.1 38.1 38.1 38.1 38.1 38.1 38.1 38.1 38.1 38.1 41.8 42.7 46.8 51.2 57.7 65.8 77 87.6 102.3 116.9 129.6 143.9 155 166.4 179.5 202.7 226.4 247.7 263.8 284.4 301.4 318.9 341.3 352.7 361.8 372.5 397.3 423.9 461.5 496.3 509.7 501.6 491 476.5 465.2 456.6 447.6 439.5 433.1 427.9 420.6 411.4 405.8 400.8 396.7 393.7 390.6 383.9 381 374.7 366.4 363 359.8 362.8 360.5 358 361.4 356.3 348.5 344.9 337.2 329 327.4 323.8 316.5
52.9 45.4 41.8 38.1 38.1 38.1 38.1 38.1 38.1 38.1 38.1 38.1 38.1 38.1 38.1 40.3 43.1 46.3 51.7 59.2 70.9 80 94 107.6 119.9 134.7 147.6 157.2 173 201 212.7 243.2 263.1 274 293.5 313.5 330.7 347.5 357.5 369.2 391 415.4 443.1 470.6 494.9 497.5 490.3 477.8 465.8 454.1 443.7 434.2 427.3 419.3 413.6 407.3 398.6 395.2 386.1 387.3 385.1 379.7 375.5 374.2 365.2 358.4 356.3 356.7 360 349.9 339.8 347.8 338.3 337.2 335 330.3 326 317.3 310.7
57 50.5 47.2 40.3 38.1 38.1 38.1 38.1 38.1 38.1 38.1 38.1 38.1 38.1 38.1 38.1 40.2 43.4 46.5 51.6 62.2 71.5 82.2 94.8 107.2 121 135.2 151.7 167.5 189.6 214 239.2 272.5 285.9 290.2 302.4 321 335.5 348.2 363.1 384.5 406.6 430.5 455.9 476.3 482.4 481.8 473 463.3 451.3 439.7 431.1 424.1 415.6 406 399.8 392.8 387.6 378.2 380.4 378.7 373.7 367.7 367.4 367.4 361.6 353.1 352.1 350.6 344 337.9 333.3 331.1 331.9 331.6 326.4 320.6 310.8 304.8
62.7 56.5 52.8 45.9 38.1 38.1 38.1 38.1 38.1 38.1 38.1 38.1 38.1 38.1 38.1 38.1 38.1 42.2 43.6 47.9 52 64.1 77 85.5 96.8 110.3 127.8 143 159.1 178.7 204.6 229.6 266.7 289.8 305.2 310.5 309.1 327.6 343.4 354.6 372.6 395.9 417.6 438.3 451.2 464.5 464.2 459.7 451.7 443.1 433.3 426.6 419.9 414.4 402.3 394.2 388.2 381.1 377.4 373.1 374.6 370.2 363.5 361.3 360.3 357.9 356.6 351 345 340.5 336 331.7 325.7 329.9 328.4 323.3 316.8 305.4 301.7
72.8 64.7 56.7 51 43.1 38.1 38.1 38.1 38.1 38.1 38.1 38.1 38.1 38.1 38.1 38.1 38.1 39.4 41.8 43.3 47.9 56.2 63.8 75.6 88 102.4 117.4 136.3 150.2 170.4 197.9 223.9 260.4 290.6 317.6 326 329.9 329.9 338.9 351.4 364.8 381.7 402.7 418.4 433 442.9 444.8 442.2 437.5 430 423.5 417.5 412.6 407.4 397.5 391.7 385.2 378.7 371.7 368.3 368.6 363.5 360.3 359.1 355.4 350.9 349.6 342.4 339.9 336.8 330.9 326.2 317.4 318.7 324.3 316.3 310.9 303.3 295.4
81.1 72.4 66.9 57.3 49.4 39.4 38.1 38.1 38.1 38.1 38.1 38.1 38.1 38.1 38.1 38.1 38.1 38.1 40.6 42.5 45.2 50.4 57.9 68.4 82.9 96.4 109.6 127.1 143.4 162.7 184.6 214.2 247.9 286.2 318.5 338.5 342.1 344.7 347.1 346.9 356.9 369.6 385.3 400.2 408.6 417.8 424.9 423.8 419 413.5 411.3 405.8 401.5 396.7 389.9 383.1 380.7 378.4 367.6 365.4 364.4 357.1 355 349.6 346.8 345.2 343.4 334.9 337.5 333.1 322.6 316.8 307.3 309.3 312.5 306 301.9 295 290.9
88 81.4 77.4 65.8 53.9 46.2 38.1 38.1 38.1 38.1 38.1 38.1 38.1 38.1 38.1 38.1 38.1 38.1 38.1 41.3 44.3 48 53.3 62.3 74.2 86.9 100.7 116.4 134.8 153.6 171.9 199.3 233.6 276.3 306.9 335.6 354 358.9 362.7 362.7 359.5 360.6 369.7 384.6 389.1 393.3 398 399.8 399.2 395.6 394.7 394.9 387.3 384 375.6 373 377.3 372.9 365.5 362.1 359.7 352.2 351.1 344.3 341.4 335.4 331.9 328.6 327.9 324.5 317.7 310 307 304.7 306.5 295.8 289.8 285.6 288.3
98.1 86.2 83.4 72.9 61.3 49.7 43 38.1 38.1 38.1 38.1 38.1 38.1 38.1 38.1 38.1 38.1 38.1 38.1 40.9 42.6 45 49 55.6 65.9 76.3 92 108.9 125.4 144.9 160.1 183.4 218.9 264.5 290 322.4 350.9 364.9 374.3 375 373 368.5 362.2 368 378.1 379.7 381.1 382.3 385.2 383.9 381.4 377.8 375.9 373.5 365.9 365.7 364.9 361.9 361.7 353.8 354.2 351 339.9 337.5 334 330.4 324.8 322.3 322.8 316.5 312.9 306.3 299.9 301.2 298.9 294 288.2 279.7 283.8
104.5 94.1 90 79.4 70.5 57.9 46.5 39.1 38.1 38.1 38.1 38.1 38.1 38.1 38.1 38.1 38.1 38.1 38.1 38.1 41.6 43.2 46.1 52.7 59.1 69.8 80.8 96.5 114.4 132.4 150.1 166.8 195.2 228.8 261.5 298.5 334.8 363.7 374.3 380.7 380.5 378.3 374.8 372.3 371 372.4 374.2 373.6 376.5 374.3 370.2 367.1 367.8 363 356.8 353.8 349.5 348.2 349.6 349.7 348 337.8 336.3 328.2 326.4 321 314 316.1 316.6 307.1 306.3 303.7 297.7 294.2 287.2 283.1 285.8 277.2 279.3
111.5 103.5 94 85.9 77.7 66 53 41.7 38.1 38.1 38.1 38.1 38.1 38.1 38.1 38.1 38.1 38.1 38.1 38.1 39.7 41.7 43.5 47.7 53.6 61.7 76.4 89.4 100.4 119.6 138.3 156.2 180.7 209.5 240.4 272 307.7 351.9 373.2 381.6 384 383 384.7 380 373.8 369.3 369.7 368.5 370.1 368.7 365.1 364.4 364.5 355.3 348.5 345.3 339.8 335.5 336.1 342 343 328.2 327.2 321.8 315.8 312.6 309 309.1 306.6 304.3 299.1 300.7 291 293.8 286.7 282.7 277.5 276.3 280.6
118.4 109.8 98.6 93.8 83 75.7 64.2 50 40.4 38.1 38.1 38.1 38.1 38.1 38.1 38.1 38.1 38.1 38.1 38.1 38.1 39.6 41.4 46 52.1 56.6 68 79.5 92.4 111.7 126.4 145.4 166.8 194.3 225.2 252.4 279.9 323.5 360.6 378.6 384.7 385 385.8 386.6 380.6 372.3 368.6 367.1 364.6 360.2 359.6 358.4 356.5 350.7 348.5 343.4 335.7 330 326 330 330.5 320.5 317.2 312.5 308.2 304.7 293.4 295.9 296.1 294.3 292 295.5 290.2 294.2 285.4 283.9 278.7 275.9 274.8
123.5 112.7 105.2 93.4 90.2 84 74.4 60.5 46.9 39.6 38.1 38.1 38.1 38.1 38.1 38.1 38.1 38.1 38.1 38.1 38.1 38.1 39.1 42 48.9 54.1 64.1 75 85.8 100.8 118.7 135 152.7 175 207.3 232.8 260.2 293.7 341.6 364.2 380.3 384.5 385.3 385.5 380.5 370.8 364.7 363.8 363 358.8 348.1 348.6 350.3 349 347.3 341.2 333.3 329 322.9 317.4 318.5 312.3 310.5 307.3 302.4 300 292.6 288.9 287.2 288 284.3 283.6 284 290.9 285.5 279.5 280.5 277.6 275.9
130 118.7 112.4 102.2 99.9 91.7 82.1 70.1 57.5 45.4 38.1 38.1 38.1 38.1 38.1 38.1 38.1 38.1 38.1 38.1 38.1 38.1 38.1 40 44.1 50.4 56.6 65.4 77.5 94.1 107.8 122.9 140.1 160.4 183.9 212.7 238 269.5 311.8 342.9 362.9 375.8 379.1 381 379.8 366 359.2 358.5 358.4 353.3 349.3 343.1 340.9 341.3 339.4 334.4 327.3 324.3 316.2 309.9 311.6 307.1 306.2 299 295.4 291.2 289.4 281.8 279.4 280.6 281.9 277.5 282.8 291.8 285.5 277.6 279 277.4 272.5
138.3 125.4 123.7 111.7 104.7 94.6 86 77.7 67.8 57.1 44.2 38.1 38.1 38.1 38.1 38.1 38.1 38.1 38.1 38.1 38.1 38.1 38.1 41.1 42.9 47.7 53 57.9 70.2 87.7 101.8 113 128 145.7 167.2 192.6 218.3 243.3 274.1 312.5 331.7 351.1 370.7 377.3 374.6 368.7 359.4 353.8 353.5 351.6 349.9 346 341.5 334 332.6 330.7 319.4 314.8 317.5 303.2 302.1 304 299.1 289.7 285.3 285.7 277.4 277.8 273.2 273.8 274 269.8 270.2 272.8 277.7 276 275.3 270 276.2
140.4 134.1 128.7 116.8 107.5 97.6 90.6 82.5 71.9 63.5 56.3 43.4 38.1 38.1 38.1 38.1 38.1 38.1 38.1 38.1 38.1 38.1 38.1 41.9 42.8 46 49.8 53.9 61.9 75.9 91.7 105.5 118.1 133.5 152.1 173.2 192.9 217.2 243.7 272.1 293.9 316.4 340.8 359 368 363.6 357.7 351.7 345.9 346.4 345 344 341.9 336.1 329.3 323.8 317.3 307.6 304.8 305.9 295.6 296.7 292.1 284.9 277.9 273.6 272.8 271.1 270.7 272.4 275.3 264.7 261.7 265.3 271.3 271.8 271.4 272.2 279.9
146.8 138.6 131.6 122.4 111 99.4 89.8 80.9 83.2 75 65.5 47.3 38.1 38.1 38.1 38.1 38.1 38.1 38.1 38.1 38.1 38.1 39.3 41.8 42 43.1 49.1 53.3 57.1 65.5 78.2 94.8 109.6 122.5 139.3 157.2 177.2 194.7 213.5 235.7 257.2 282.3 304 329 344.2 351.2 353.3 349.6 341 343.7 339.7 337.3 333.7 330.6 329.6 320.6 310.8 303.1 296.1 302.1 290.6 290.7 288.1 281.9 273.9 270.7 267.3 265.9 269.8 269.9 270.9 265.9 260.8 262.6 264.6 268.6 264.6 269.6 275.9
153.9 142 133.1 124.1 114.3 101.1 100.5 91.9 87.9 79.2 69.3 51.5 38.1 38.1 38.1 38.1 38.1 38.1 38.1 38.1 38.1 38.1 41.5 41.5 41.5 41.6 43.7 51.4 54.3 61.7 71.2 83.8 100.9 116 126.1 146.1 161.6 180.8 197 212.9 232.8 254.3 277.9 309 325.6 332 338.6 340.1 338.7 334.9 332.7 330.9 330.1 326.5 325 322.4 313.8 302.2 287.8 289.1 284 285.9 281.7 277.4 270.6 262.6 262.8 263.7 263.8 266.8 269.4 266.4 260.6 258.9 259.3 261.5 253.6 263.5 269.4
164.5 149.1 142.7 126.4 117.4 107.2 103.1 96.2 89.3 81.1 73.9 62.6 49.4 38.1 38.1 38.1 38.1 38.1 38.1 38.1 38.1 39.6 41 40.8 41.3 43.2 43.7 47.7 53.7 58.2 64.5 73 88.7 105.5 113.6 133.2 145.6 163.8 179 198.1 212.1 231.4 256.3 290.6 309.6 321.4 331.7 339.6 337.7 333.1 328.9 324.8 324.1 321.1 320.2 320.1 310.4 299.6 297.8 278.2 274.2 277.2 277.8 270.8 265.6 262.6 262.6 262.6 262.6 267.9 270.6 264.5 261.3 256.8 256.3 255.5 249.7 252.4 259.2
178.6 167.8 158.2 141.8 125 112.9 110.4 103.3 92.4 85.6 77.4 67.8 59.6 40.2 38.1 38.1 38.1 38.1 38.1 38.1 38.1 38.1 39.9 40.1 41 42.5 44.9 46.4 52.3 55.5 61.7 68 77 91.5 104 121 131.7 148.3 161.4 178.6 195.5 211.2 236.8 259 283.4 305.5 319.1 330.4 334.4 332 330.3 326.2 319.9 318 317.9 314.9 308.9 300.6 294.9 284 270.2 270 265.5 262.6 262.6 262.6 265.3 266 265.3 265.9 266.4 266.8 260.8 258.2 260 251.1 247.2 249.6 249.7
189.7 175.3 164.5 156.6 137.5 120.2 118.9 109.3 98.9 92.1 82.3 70.7 61.7 52.6 40.3 38.1 38.3 38.1 38.1 38.1 38.1 38.1 39.6 40.1 41.1 41.8 44 47.5 50.4 54.2 57.8 63.9 71.6 84 96.6 108.3 117.7 134.5 145.3 160.2 173.6 191.6 211.6 234.2 256.8 283.3 303.3 313.9 320.3 327.2 329 324.6 320.1 317.7 310.5 307.7 307.7 301.1 294.6 282.9 277 265.7 262.6 262.6 262.6 262.6 266.2 265.8 263.6 263.6 269.4 268.2 263.1 261.1 265.5 257.5 250.8 243.7 244.5
201.6 185.8 180.6 173.4 155 125.2 124.7 117.9 105 96.8 86 72.4 64.3 61.7 44.7 41 40.9 39.1 39.3 38.1 38.1 38.1 40.8 40 41.1 41.9 42.5 45.1 49.6 52.9 57.8 61.3 68.7 79.3 87.8 98.9 105.5 122.9 133.7 143.7 158 172.9 191.3 208.8 225.7 247.7 272.7 291.1 305.5 309.3 315.2 317.5 316 315.4 309.8 306.4 299.8 296.3 291.9 284.7 278.5 263 262.6 262.6 262.6 262.6 264.6 266.5 268.5 268 267.8 273.9 268.1 262.2 267.5 261.4 251.9 246.2 240.4
211.2 195.1 187.7 174.9 162.2 139.5 132.4 121.9 108.6 95.9 83.7 78.5 71.9 64.5 50.1 43.9 40.7 41.3 41.6 41.5 40.1 38.1 40.7 39.8 40.4 41.3 42.3 43.6 48.9 52 56.3 60.4 66 71.5 78.3 88.2 99.3 108 119.5 131 143.2 157.3 171.4 188.1 204 219.6 235.6 252.7 271.1 287.9 295.7 304.2 305.7 305.6 303.4 301.5 296.6 295.7 284.3 283 269.4 262.6 262.6 262.6 262.6 262.6 262.6 264.6 269.2 275.9 276.9 275.5 275.5 267.8 268.1 264.4 254.4 246.9 244
214.5 197.5 184.6 176.2 157.8 143 139.7 126.5 110.6 95.2 83.3 76.8 72.7 64 53.5 45.2 42 41.8 42.5 42.9 42.5 42.2 41.6 40.4 41 41.6 42.4 43.7 44.8 47.4 55.4 61.3 63.9 68.9 75 84.8 90.7 100.6 111.1 119.8 132.4 143 155.9 169.2 180.2 192.2 211.3 220.7 234.9 253.7 272.4 279.7 287 293.2 293.6 293.5 292.2 288.4 281 271 262.6 262.6 267 265 262.6 263.2 262.6 262.6 271.1 279.3 284.5 281.7 278 272.1 280.4 270.4 258.1 245.6 243.2
224 205.9 184.6 171.1 159.2 150.4 142.8 137.2 120.8 101.8 87.1 77 69.4 62.1 51.6 43 43.6 42.6 43.8 43.5 43.6 44.8 46.1 45.9 42.6 44.4 44.8 45.2 45.6 46.9 52 57.4 61.5 67.7 73 78.7 82.8 91.3 103.4 110.2 117.6 128.4 139.4 150.7 162.9 174.3 183.8 197.4 207.3 220.7 237.4 253.9 273.5 275.8 280.6 285.2 284.1 279 271.7 268.5 266.2 266 269.3 267.2 262.6 262.6 269.5 268.8 271.7 278.3 286.5 285.9 280.6 278.8 278.2 276.4 266.4 248.4 243
234.8 209.6 189.1 174.6 166.1 155.6 144.7 142 128.8 110.3 93.9 80.8 69.7 59.5 51.3 46.7 44.1 44.3 44.7 45.6 46.4 48 50.2 49.8 48.8 50.2 49.5 49.6 49.3 48.3 53.7 57.1 60.5 65.1 68.5 72.9 78.2 86.5 96.8 101.8 113.8 120.1 126.9 133.9 141.6 151 161.8 174 184.9 198.3 207.7 223.9 236.9 255.4 271.2 270 270.5 272.1 263.5 260.5 267.4 272.4 274 269.4 268.5 270.1 274.7 273.1 277.4 278.9 283.5 284.1 283 285.6 283.6 280.8 272 254.6 244.1
