UK/data/nn/nn43_OST50GRID_20230518/NN43.asc
ncols 200
nrows 200
xllcorner 240000
yllcorner 730000
cellsize 50
[rows 35 to 69 of 200, columns 78 to 155 of 200]
666.6 669.1 672.3 673.2 677 682.1 686.2 689.1 698.1 700.2 698.1 694.8 674.4 628.9 611.2 591.5 571 557.6 551.1 542.4 523.7 520.6 511.5 500.6 497.5 487.3 484.1 481.9 481.2 483.9 490.9 497.5 507.4 523.6 538.3 549.5 560.9 565.9 574.6 582.3 587.1 589.3 598.3 608.5 619.9 634.5 642.8 654 663.9 683.2 695.2 700.6 702.9 699.9 692.2 688.3 688 692.8 689.2 673 676.9 674 673.3 667.8 659.6 651 644 638.2 612.4 603.3 600.9 587.7 578 567.6 572.2 581.2 592.4 596.7
671.2 673.8 675.7 677.7 681.1 686.8 692.3 697.6 705.5 704.8 708.7 703.6 683.2 654 624.5 603.2 587.1 565.8 561 557.7 545.9 530.4 519.9 509.9 500.5 492 485.6 482.4 480.2 481.3 485.9 491 500.2 509.6 516.9 530 544.1 550.6 559.2 569.8 575.5 582.1 585.4 594.4 606.1 619 625.1 635.8 646.8 659.5 669.8 678.8 679.3 679.8 672.4 677.3 678.6 680.1 676 670.3 667.8 668.6 665.3 663.3 656.7 645.4 637.8 618.9 597.8 593.6 591.9 587.3 580.3 568.1 568.8 574.2 585.3 581.8
675.5 677.1 679.5 683.1 686.2 692.4 698.4 705.8 706.6 713.8 716.6 717.4 714 683.7 651.7 613.7 604.2 580.2 565.5 563.2 555.6 541.6 535.9 524.2 507 494.9 488.4 482.8 481 479.5 481 485.3 491.8 497.1 509.4 516.1 520.9 532.7 544.5 552.8 564.1 571.8 574.9 581.9 590.6 608 612.6 623 629.2 640.9 642.6 648.6 650.7 651.5 654.1 658.6 662.6 663.8 664.6 653.5 657.5 660.6 660.3 652.6 642.4 633.2 625.6 609.1 597.5 594.2 592 591.9 577.7 564.7 567.1 570.9 573 575.5
678.9 682.1 683.3 686.8 691 695.8 701.8 708.1 714.4 717.9 726.8 728.7 723.5 706.7 677.8 634.5 620.2 602.6 576 569.2 556.4 552.8 546.7 539.1 524.9 500.8 492 486 483.7 482.8 479.8 482.7 487.7 489 496.4 506.9 514.9 514.5 527 537.2 548.6 558 564.6 569.9 577.1 585.3 595.7 603.9 607.6 613.8 617.2 623 628.7 635.6 636 639.4 644.7 649.1 646.8 642.6 645.6 647.8 648.8 647.7 640.4 627.1 618.7 614.2 605.2 593.3 592 586.5 574.5 558.2 564.5 567.1 566.3 569.9
681.1 684.3 686.3 689.8 695.3 700.2 706.5 712 720.3 729.1 732.4 738.8 735.3 726.2 693 658.4 637.3 618.2 588.4 564.8 559.7 557.4 553.8 550.7 544 509.1 497.5 486.6 485.6 483.1 480.2 481.1 479.9 482.5 488.8 491.6 500.7 509.4 511.6 522 534.1 547.4 555.6 560.1 562.4 570.3 577.7 581.9 589 592.5 599.3 604.8 612.4 617.3 623.6 627.2 632.5 635.9 634.6 633.6 636.6 639.4 642.3 641.5 639.7 628 620.4 612.2 598.5 589.8 590 577.4 558.6 545.5 557.9 560.5 558 556.4
683.3 687.2 690.1 692.6 699.4 705.9 711.8 719.3 729.3 734.6 742.1 748.4 748.9 744.4 721.9 674.7 655.6 634.3 599 573.8 567.4 561.7 558.8 557.4 541.7 518.9 502.8 495.3 487.6 481.7 478.4 472.4 477.9 481.5 484.6 485.1 487 494.7 502.7 508.7 521.2 535.4 546.7 551.2 551.7 555.8 560.3 567.3 571.8 577.7 585.5 593.6 600.7 607.3 613 618 625.4 626 626.3 627.9 624.3 630.2 631.6 630 630.2 622.9 617.4 611.2 597.9 583.9 578.9 572.5 549.1 541.1 549 555.3 555.6 550
684.6 688.9 692.5 697.1 702.9 710.3 719.5 728 737.8 744.3 752.2 761 755.1 748.6 737.4 689.8 670.4 634.9 613.8 586.7 570.8 565.1 562.4 553 534.8 520 507.8 500.2 493.2 483.2 476.4 471.9 473.8 475.8 476.6 481.3 480.8 484.2 489.6 495.9 507.4 520.5 531.5 542.9 542.3 543.5 549.7 552.7 558.4 564.5 571.6 581.7 590.5 595.1 603.7 606.4 611.4 616 615.2 607.5 612.3 614.9 620.8 622.2 619 618.6 615.1 601.4 593.4 578.3 562 547.1 536.9 537.6 541.2 548.3 550.7 545.5
686.3 690.8 695.7 700.2 706.6 715.4 726.1 736.5 743.7 752.1 757.9 760.4 760 753.3 739.7 710.9 675.6 641.3 607.2 588 573.5 567.9 564.4 559.8 537.2 519.8 505.7 499.9 492.1 484.2 475.9 473.2 467.5 469.1 471 473.6 473.6 478.3 480.2 487.8 493.8 504.1 515.1 528.4 531.5 530.1 534.8 539 546.3 552.9 561.9 569.1 574.9 583.6 586.8 594.3 599.3 598.9 597.4 597.2 602.8 603.5 606.5 611.7 610.6 605 601.4 590 580.7 572.4 559 540.5 531.6 533.2 528.7 529.7 528.1 535.2
687.6 693.5 697.9 703.2 709.8 718.4 729.7 741.6 745.6 754.4 759.7 760.9 759.4 753.2 737.6 713.8 687.4 654 625.4 604.3 582.6 573.4 571 560.4 540.4 521.9 505.4 494.9 487.9 482 473.3 471.7 465.4 462.1 467.4 466.5 467.9 475 474.4 478.5 483 490.8 499.1 508.1 517.1 518.7 522.1 526.7 533.8 540.8 549.6 558.7 562.1 570.9 569.8 576.9 580.5 582 584.8 588.3 590.4 584.4 587.7 593.4 596.7 596.2 589.6 583.9 572.9 564.5 559.4 541 527.7 528 522 518.1 519.8 524.4
688.6 694.3 700.7 706.7 713.2 721 732.3 744.6 749 757.4 762.8 763.4 762.9 751.5 742.8 725.7 712.3 692.9 658.5 623.2 591.5 579.8 577.6 554.8 549.3 527 508.9 495 483.6 479.3 472.4 468.3 462.1 456.7 459.6 463.8 460.4 470.3 470.1 473 475 479.2 486.6 493.4 499.7 508.2 510.6 516.3 523.1 527.9 534.7 544.6 549.5 555 554.1 557.9 560.5 566.5 569.2 568.9 563.6 567 565 569.1 578.8 576.9 574.1 570.3 569.9 554.9 547.1 533.4 528.5 525.5 518.7 512.4 515.7 516.8
689.8 696 702.2 710.8 718.2 726.3 733 741.4 750.9 758.4 760.2 766.7 774.7 764.9 754.1 738.4 723.6 704.9 664.5 632.9 605.5 584.7 566.6 558.3 549.4 521.5 502.3 489.7 480 473.9 470.3 465.3 461 457.7 451.5 455.9 456 457.4 466.5 466.8 472 471.2 475.3 481.1 487.1 495.2 500.8 506.1 513 516.5 516.1 525.3 534.1 532 533.8 539.4 544.3 546.6 552.4 548.3 546.1 548.7 544.7 548.1 553.6 555.8 553.2 553.5 555.6 546.2 530.3 521.6 521.4 518 510.7 510.9 509.2 510.2
687.6 695.8 702.5 713.5 720.4 731.1 739.2 741.8 751.5 757.5 761.1 774.3 774.5 767.9 757.6 743.5 731.1 717.8 696.5 649.4 626.9 588 565 553.6 544.4 514.3 501.7 490.5 480.9 473.5 466.8 459.1 457.8 458.1 453.1 447.6 451.2 450.9 456.3 460.3 464.1 466.1 466.6 470 477 481.7 488.4 493.7 498.4 503.5 501.3 506.6 516.7 515 520 523.8 528 529.9 530 531.4 526.5 525.2 527 527.3 529.3 530.5 534.6 528.8 527.6 523 511.3 508.9 505.4 507.5 501.6 495.1 506.8 499.4
686 695.8 702.7 714.2 723.1 732.5 740.3 744.9 748.4 756.1 767 777 768.5 756.1 751.2 739.2 730.1 721.7 707.1 677.2 643.1 594.9 568.2 548 527.5 512.9 505.9 496.8 486.4 477.8 468.1 461.4 452.9 452.9 448.2 443.6 444 449.5 448.6 452.6 454.1 458.5 459.4 462.5 466.6 470.9 475 478.5 483.2 486.7 488.4 492.7 497.3 497.8 501.4 504.8 506.5 508.9 506.9 506.8 508.1 509.2 506.2 505.3 504.2 507.3 511.8 506.5 508.6 503.7 490.9 494 489.1 483.8 484.8 486.1 491.5 485.3
689 693.9 701 714.2 722.9 733.6 743.5 747.2 750.5 759 765.8 765.4 756.7 748.1 737.5 729.3 728.4 721.1 704.6 673 647 606.5 573.1 545.5 528.6 518.3 512.8 507.6 493.3 482.2 470.4 460.6 454.1 447.1 442.7 441.9 436.1 445.8 443.3 445.3 449 450.5 453.6 456.5 457.9 458.8 460.7 466 469.1 472.3 473.6 477.4 479.6 479.9 483.7 483.5 481.7 483.1 485.4 487.5 486.1 490.7 490.3 485.8 485.2 481.9 483.1 484.5 482.8 477.9 470.4 474.2 472.8 467.3 463.7 465.6 468.6 464.5
689.8 694.6 699.9 711.2 723.5 736.2 745 747.9 755.3 764.2 767.3 766.6 753 734.8 733.2 727.6 721.3 719.6 713.5 673.8 642 610.4 580.4 552.4 534.5 528.2 522.6 514.4 499.2 482.5 471 460.1 454.7 449.5 445.9 435.1 431.8 437.7 440.4 440.8 443.4 443.4 443.7 446.9 448.2 448.3 448.3 449.8 453.2 456.4 458.7 460.3 461.9 464.8 467.1 469.3 467.7 468.4 469.7 465.3 468.3 466.7 470.3 466.3 464.2 462.7 463.7 461.8 457.6 454.1 449 453.3 456.1 452.4 445.9 443.1 448 443.1
688.5 693.8 697.8 707.5 720.3 731.6 737.5 746.2 757.2 760.4 761.1 760.9 746 736.7 733.3 729.1 718.8 716.1 714.5 709.5 663.1 633.5 598.1 564.4 541.1 530.8 526.5 516.2 503.9 487.9 472.2 462.3 460.1 452 444.4 439.2 427.9 432.7 431.9 434.4 436.6 437.2 438.1 437.1 438.4 436.7 436.3 435.9 436.4 439.7 440.9 444 445.6 447.1 447.8 450.3 453.8 452.8 451.7 448.9 449.2 447.6 450.5 449.5 441.6 439.7 438.9 437.6 436.2 431.2 426.9 427.5 425.9 424.6 423.7 424 422.9 422.5
687.8 691 696.1 706.2 717.7 726.5 732.8 743.6 750 748 737.2 736.4 732 726.9 730.1 727.3 726.6 724.3 718.2 713.9 698 654.9 620.5 573.2 549.1 532.5 521.2 507.7 494.2 481.7 470.2 462.4 456.6 448.6 442.4 436.9 424.7 429.5 429 429.1 428.2 429.2 428.3 429.7 428.4 427.7 425.9 424.5 424.1 425.3 427.3 428.9 430.1 431.3 430.7 432.3 434.3 432.1 434.5 433.7 431.4 427.5 425.8 423.5 421.8 416.3 419.9 413.8 408.7 405.8 403.5 402.2 401.3 399.1 399.9 397.5 399.2 400.9
689.5 693.1 700 708.9 717.2 728 736.2 740.4 739 731.5 730.2 732.1 726.8 722.7 724.2 723.3 723.5 722.3 718.1 714 700.2 667.6 641.2 594.1 559.3 533.9 522.1 502.6 490.8 481.1 476.3 465.1 453.3 445.2 439.6 428.5 420.7 426.7 425.6 424.2 421.9 422.3 420.7 421.1 420.1 419.6 418.1 414.3 413.6 413.1 414.9 415.7 416.1 416.4 416.2 415.8 417.1 417.6 415.9 416 412.3 412.3 409.1 407.9 402.8 399.4 391.7 389.6 387.4 385.1 380.9 380.5 381 376.8 376.9 375.6 376.5 375.1
693.8 700.5 708.8 715.3 725.3 734.6 741.5 739.1 734 731.4 731.8 723.1 719.3 726 724.5 722.1 720.3 719.5 718.6 712.3 704.5 684.8 660.8 614.3 577 549.2 522.1 503.9 495.2 485.4 475.3 462.4 449.4 444.5 434.9 425.8 417.1 414.1 418 416.2 413.9 415.8 412 412 410.4 409 408.1 405.5 404.2 401.2 400.9 401.6 401.5 401.7 400.6 400.3 400 399.9 399.9 396.4 396.1 395.8 393.3 386.8 382.9 377 373 370.1 367.2 364.4 359.2 357.8 355.8 353.4 351.4 354.4 354.7 354.2
697.9 708.1 718.6 726.4 728.6 730.9 734.6 735.8 729.6 725.9 721.2 718.4 720.6 724.7 724.7 726.5 725.1 720.7 715.8 710.7 698 685.6 663.7 640.5 596.9 568.5 533.6 513.1 503.9 491 473.7 459 450.7 435.1 430.9 419.8 414.3 401.6 408.7 407.7 407.1 408.9 403.5 403.6 400.9 400 398.1 394.7 394.8 391.3 390.3 388.3 386.9 385.5 384.4 383.4 382.7 381.3 381.5 377 378.9 377 372.4 371.2 362.7 357.7 356.3 347.6 342 339.1 334.4 334.7 335 331.2 331.4 327.6 332.3 331.2
704.2 718.2 729.8 733.2 731.3 727.8 730.2 727.8 722 716.5 716.7 718.8 725.1 725 717.7 715.7 710.8 705.7 704.4 690.1 672.6 662.3 651 639.3 605.5 572.4 541 518.6 507.4 488.3 470.9 455.6 446.8 434.2 426.1 418.1 410.1 403.2 399.1 402.1 399.4 399.4 398.2 397.7 393 391.5 389.4 386.6 384.2 382 378.4 377.1 374.6 372.2 369.8 368 367 363 362.1 360.7 358.8 355.5 355.3 352.9 345 340.7 337.4 329.2 323 319.3 314.9 317.4 311.3 307.6 305.4 304.9 312.1 311.4
711.1 723.4 730.9 737.6 735.8 722.9 720.6 715.4 715.6 715.5 717 715.5 713.2 710.6 710.5 703.9 699.4 697.5 690.6 676.7 661.8 653.3 638.6 622.3 598.8 564.2 537.7 519.4 500.5 482.1 467.9 456.1 444.5 433.7 426 418.8 410.6 404.4 391 391.2 392.7 393.4 391.8 389 386.5 382.2 381.9 378.3 375.5 373.3 367.8 366.6 362.5 361.1 357.4 354.3 351.3 348.5 345 339.7 338.2 338.2 334.9 327.5 324 320.3 312.3 307.7 302.1 299 301.7 297.8 296.5 299.4 292.2 288 289.5 291.8
709.7 715.9 722.8 724.2 715.8 713.3 714.7 711.7 712.6 714.8 713.4 709.3 707.4 705.3 697.4 690.4 689.2 687.8 679.8 663.6 658.3 651.7 636.9 609.9 582 553 526.8 511.1 498 480.2 464.1 450.2 438.4 433.3 425 416.6 409.6 399.2 393.2 383.7 385.1 386.9 384.8 381.8 379.2 372.9 373.6 369.5 366.9 363.3 359 356.6 352 347.8 341.6 341.3 336.6 331 329 325.2 320.5 314.5 311.8 306.7 303.5 300.6 293.5 290.9 288.3 284.7 285.9 278.3 278.1 277.1 277.2 277.7 271.4 272.1
709 712.5 718.3 719 716.3 711.8 708.4 707.4 710.4 714.4 710.6 699.9 689 686.6 683.7 683.8 677.5 670.7 668.3 660.2 651.1 640.9 625.3 594.1 571.9 541.1 525.9 512.4 494.3 481.8 465.4 452.7 441 430.1 425 415.3 408.4 401.8 392.1 388.6 374.3 376.4 376.2 373.2 370.9 367.1 361.4 362.8 356.3 354.3 350.1 345 341.9 336.9 329.3 327.2 324.5 319.2 311.8 308.8 306.1 301.2 296.1 293.6 289.9 284.2 277.3 273.2 278.8 273.6 267.7 267.1 267.1 265.2 258.4 265.6 253.8 257
711 712.8 716.2 716.2 719.1 716.1 705.1 707.9 709.5 708.5 699.9 688 679.9 679.2 674.5 671.7 668.9 666.1 660.9 653.6 644.7 635 605.8 578.7 554.6 536.2 523.1 510.3 491.2 478.2 461.8 450.6 438.9 426.5 423.1 411.3 407.6 398.9 387.3 388.3 379.2 365.8 369.5 365.2 363.3 358.5 357.1 349.3 352.6 345.6 338.7 333.9 330.1 322.9 319.2 316 309.5 304.5 302.9 291.9 288.4 292.1 284.2 280.4 271.1 268.8 271.5 257.7 260.9 259.4 251.9 251.4 247.6 254.7 249.4 238.2 237.9 244.7
711.7 714.4 716.9 718.4 718.3 702.8 700.2 699.3 703.1 698.7 686.9 673.6 672.1 670.1 669.9 664.8 662.3 659.3 650.6 641.3 627.6 609.9 600.6 577.2 545.6 529.1 513.5 499.4 480.5 464.4 453.3 441.3 430.9 423.2 415 406.4 399.7 395.7 387.2 378.3 376.2 364 354.5 355.7 352.8 349.7 346.3 339.9 341.5 333.7 331.5 325.1 320.1 315.2 304.8 304.2 300.9 292.9 294.2 280.5 278.6 276 270.9 260.3 257.1 253.7 259.5 245.8 243 242 233.5 235.4 226.8 230.2 230.2 221.1 221.7 226.8
713.5 723.1 722.8 723.4 702.5 694.3 692.2 694.4 688.4 683.8 673.2 667.9 665.9 660.7 657.6 650.2 648.4 642.8 634.1 627.9 610.6 597 581.4 563.1 535.8 516.7 505.7 492.2 473.8 461.4 452.2 440.9 432.2 419.6 412.6 405.5 391.9 392.6 387.8 372.9 367.6 365.5 353.1 340.5 344.2 344.6 338.2 333.6 328 324.6 319.2 315.4 310.9 305.5 299.4 292.9 287.1 282.8 277.1 268.9 265.6 267.7 261.4 252.8 241.1 241.2 235.9 240.4 226.3 223 219 216.7 210.9 209 213 208.3 207.8 209
714.8 726.8 723.5 704.7 690 682 678.7 676.6 672.8 670.8 666.6 667.6 654.1 648.4 645.6 642.7 637.2 630.1 624.3 611.6 596 585.9 564 540.5 523.1 506.5 494.8 483.6 467.3 455.1 445.5 436.3 424.2 414.8 408.5 399.3 389.7 379.4 377.6 370.3 361.1 357.5 354.2 340.8 327.9 329.3 323.4 325 326.5 314.4 308.1 302.2 295.6 299 286.7 281.1 276.9 271.1 263.2 260.3 251.6 247.5 244.1 235.9 229.6 224 221.1 217.1 216 213.9 209.2 204 202.3 199.9 198.7 197.8 197.5 196.1
710.8 718.5 701.7 682.9 686.7 682.9 668 657.9 658.9 659.8 660.3 654.6 640 637.1 634.2 632.4 623.6 608.3 602.7 590.3 580.4 569.3 548.5 534.7 512 494.7 484.4 473.5 459.7 446.9 437.9 427.5 417.4 404.3 395.4 391 386.4 376.5 365.2 359.7 355.1 351.4 342.9 337.1 325 320.1 316.4 309.8 307.1 305.6 300.5 293.8 286 288.5 282.8 271.1 267.7 262.6 252.7 249 245.2 236.9 232.1 226.4 217.8 215.3 213.4 210.4 207 205.8 202 198.7 197.3 193.6 192.5 190.2 188.8 187.2
695.2 686.1 674.7 671.6 667.3 651.7 652.5 653.2 651.9 652.7 651.6 643.9 633.7 628.9 623.8 620.6 611.2 599.4 590.8 578.9 572.7 552 538.8 517.6 499.6 486.8 475.6 461.3 448.3 438.4 426.1 414.9 404.8 394.7 383 378.7 371.9 369.6 355.3 352.1 344.7 337.8 334.2 331.5 326.9 309.1 305.5 299.5 297.2 293.7 288.4 280.5 273.6 270.8 272.5 265.8 257.5 255.2 247.3 240.4 235.6 229.8 222.4 217.2 211.3 208.7 205.6 203.2 200.6 201 199.5 196.6 193.9 191.6 189.3 190.7 189.8 187.8
681.8 667.4 665.5 658.7 649.2 649.4 643.4 646.7 644.6 646.6 638.7 630.9 620.9 619.8 607.7 600 594.2 584.7 574.5 566.5 552.2 543.3 521.5 510.2 489.8 475.9 464.9 451.1 437.3 421.1 412.1 402.4 392.4 382.4 373.9 366.9 361.9 358.6 346.3 341.2 333.7 326.7 324.2 320 313.3 307.3 293.2 290.1 285.9 277.3 276.8 271.1 264.7 259.1 258.4 254 247.5 242.6 239.3 234.7 230.2 223.3 216.6 212.5 207.5 204.6 202.4 200.2 198.7 197.6 194.9 194.8 193.4 191 192.7 191.3 190 188.8
660.6 645.9 640.3 644.9 652.4 655.7 647 633.5 635 640.6 626.6 615.9 604.4 600.5 591.1 588.5 580.5 564.7 555.1 545.3 533.7 515.9 507.6 491.9 472.7 458.1 446.8 435.7 422.7 408.7 401.8 388.1 378.6 372.5 363.3 355.5 351.7 348.4 343.4 330.9 322.2 318.5 311.9 308.8 301.6 297.1 293.7 280.3 273.6 270.5 267.2 263.2 256.4 251.1 249.4 244.7 238.2 237 231.8 228.6 223.5 218.9 213.2 209 204.3 202.2 201.9 199.4 197 195.5 196 192.9 194 192.5 193.7 191.8 190.4 189.4
648.8 643.1 625.7 630.3 636.8 639.1 625.9 622.7 627.7 621.2 609.3 605.4 595.5 582.5 576.7 571.8 561.7 549.6 534.8 525.9 508.8 500.3 488.9 468.6 452.8 443.3 430.7 420.7 407 394.9 387.8 375.7 366.8 362.5 350.7 344.2 337.3 330.9 326.9 319.7 315.3 312.6 304.4 298.9 294.2 290.7 285.1 273.8 265.3 261.3 256 253 249.1 245.8 240.9 239.5 236.6 229.6 224.7 223.3 219.7 214.6 209.5 206 203.1 202.4 199.5 197.2 195.8 197.8 200.7 195 200.7 195.3 195.1 192.9 193.7 191.9
637.2 632.2 617 611.6 617.8 619.8 607.9 608.4 611.8 602.3 597.2 589 581.6 563.8 557.2 551.8 540.4 530.4 521.2 502.5 490.4 474.6 457.3 445.6 436.3 425.5 412.3 400.8 392.6 383.2 371.9 361 352.8 348.2 337.9 331.5 323.4 317.4 310.5 305.3 300 295.9 291.5 285.3 280.2 275.6 276.2 265.3 260.7 249.9 245.4 244.6 241.7 238.4 237.2 232.9 229.6 222.9 220.9 215.6 212.2 208.9 206.7 204.8 202.2 199.9 198.3 200.3 199.2 201.2 202.2 196.5 203.8 197.7 198.2 196.3 193.7 193.1
622.4 613.4 605.5 601.5 603.4 595.3 592.1 591.9 592.4 589.9 583.9 572.9 560.1 544.6 541.6 531.6 516.9 505.9 493.3 479.7 467.9 452.4 439.7 428.5 419.6 409.5 399.4 388.9 379.4 370.2 356.6 348.2 340.1 334.5 326.6 319.8 312 305.2 299 293.1 288.1 284.3 280.4 273 268.1 264 267 257.4 250 243.2 238.4 238 237.2 234.2 234 228.1 223.6 219.7 214.8 211.6 209.3 206.5 202.9 199.5 203.6 209.3 210.1 203.4 202.7 208.4 204.2 201.5 201.8 199.6 199.3 203.3 195.6 192.9
