UK/data/sn/sn54_OST50GRID_20230518/SN54.asc
ncols 200
nrows 200
xllcorner 250000
yllcorner 240000
cellsize 50
[rows 140 to 174 of 200, columns 0 to 77 of 200]
117.3 118.4 116.4 113 109.7 107.1 104.8 103.9 102.1 101 97 93.5 93.6 93.4 93.7 93.1 93.4 94 94.3 94.4 94.5 94 94.8 94.5 93.7 106.9 106.2 111.5 116.8 121.3 125.2 128.2 134.7 141.9 154.7 164.1 171.8 179.9 186.4 184.3 178.2 170.7 164.4 165.6 167.3 168.9 170.5 172.5 175.5 179.2 181.8 184.2 183.1 179 172.9 165 155.7 153.8 147.8 152.2 153.2 156.3 158.4 161.1 163.9 168.9 174 178.2 183 185.6 181.3 174.2 172.1 170 168.1 166.5 164.7 163.3
115 115.1 109.9 106.9 105 104.3 104 104.3 102.3 102.9 97.2 93.6 94 93.8 93.7 94.1 94 94.1 94.3 94.5 94.6 94.1 93.4 93.7 108.8 110.6 113.5 116.4 121.6 125 129.1 134.9 142.1 153.3 163.5 169.9 178 183.9 186.4 184.5 179.8 175 170.6 171.5 171.2 174.1 176.4 178.5 182.3 185.6 187.1 188.1 187.6 184.7 177.9 169.8 160.4 155.1 152.5 150.6 153 156.6 159.1 161.6 164.4 166.8 171.7 177.2 181 183.1 178.1 175.5 173.6 172 170.3 168.5 166 165.2
109.6 106.2 105.1 104.9 104.8 105.6 104.5 104.8 103.6 103.1 92.7 93.5 93.3 93.7 93.8 94.3 94.3 93.9 94.4 94.2 94.3 93.7 96.9 107.8 110.9 115.4 119.2 122.8 125.1 128.9 134.5 144.4 150 159.9 167.4 174.7 180.6 185 185.4 184.5 182 178.2 176.2 175.8 176.9 178.6 180.9 184 187.8 190.1 191.2 192.1 191.6 188.4 182.1 174.8 165.9 157.1 154.6 153.1 154.6 157 159.8 162.9 165 167.6 171.4 174.4 176.7 177.5 177.4 175.8 174.9 173.1 172.4 169.7 168.1 167.9
103 103.8 104.8 105.7 105.5 106.6 106.8 105.9 104.1 94.3 92.2 92.9 93.2 93.2 93.4 94.3 93.8 93.7 94.2 93.6 93.8 108.3 109.3 112.6 115.5 120.5 125.4 128.4 131.2 135.1 145.3 149.5 155.7 162.7 170.3 176 180.8 183.9 184.9 184.8 184.2 181.8 180.4 180.1 181.6 183.3 185.6 188.9 191.7 193.6 194.9 195.8 194.7 190.6 184.2 177.1 169.9 160.8 156.8 155.6 156.9 159 162 163.7 165.1 168.4 170.7 173.1 175.7 176.8 177 177.1 176.8 176.1 175.2 173.8 172.5 171.6
102.8 104.2 105.6 107.4 109.1 110.6 109.4 92.2 91.8 92.8 92.3 93.4 93.2 93.5 93.5 93.5 93.7 94 94.4 96.2 106.2 111.5 115 118.3 125 129.1 129.7 134.2 139.8 146 150.8 154.6 159.6 165.9 171.2 176.3 179.9 182.4 184.3 185.7 186.2 185.5 184.6 184.6 185.6 186.9 189.8 193.8 195.8 196.9 198 197.5 195.4 191.6 185.2 179.2 172 164.8 160 159.5 159.8 161.2 162.8 164.5 166.7 168.8 171.6 173.4 176.1 177.2 178.8 178.8 179.1 178.9 178.8 178.2 176.3 177.1
105.7 104.3 106.3 108.2 112.2 104 94.2 92.3 93 93.1 92.9 93.4 93.2 93.1 93.7 94 94.3 94.9 100.3 103.8 110.8 116.5 120 126.5 132 134.1 135.3 142.7 148.7 153 158.3 161.2 163.8 167.9 173 176.4 179.4 182.2 184.9 186.6 188.1 188.3 188.1 188.6 189.1 191.1 194 197.3 198.9 199.5 199.5 198.3 195.8 191.1 185.6 179.5 172 167.7 163 162.7 164.2 164.2 164.8 165.4 167.4 170.3 172.2 175.1 176.9 178.7 180.4 180.1 181 181.8 181.8 182.3 181.7 180.6
108.8 108.5 112.4 110.2 97.6 91.5 91.5 91.9 92.8 93.5 93.6 92.9 93.9 93.6 94.8 95.8 99.4 109.7 114.3 111.1 117 121.8 125.6 130.6 135.1 137.9 144 150 155.6 160.1 163.4 165 167.3 170 173.3 176.5 179.6 182.7 185.5 187.6 188.9 189.7 190.1 190.7 191.5 193.2 197.2 199.7 200.5 200.8 200.3 198.2 194.8 190.5 185.2 178.1 171.1 167.4 165.3 166.1 166.7 167.2 167.3 167.5 170 171.5 173.5 176.2 175.8 177.2 179.6 180.5 182.2 183.5 187.5 187.7 187.1 186.6
107.3 109.6 110.7 98.5 91.9 92.3 91.7 92.3 92.9 93.7 94.4 93.7 95.9 96.1 95.5 101.9 110.5 117.5 119 119.5 122.3 125.3 130.4 134.6 138.2 145.4 152.3 158.3 162.1 164.5 166.9 167.9 169.4 171 173.1 176.2 179.4 182.5 184.9 185.9 187.1 187.9 189.2 190.5 193 197.1 199.3 200.9 201.5 201.6 199.6 197 193.3 189.1 183.1 176.3 171.9 169.3 168.6 167.8 168.8 169.2 169 169 169.9 172 173 174.9 177.8 179.6 180.9 184.5 189.4 191 193.4 193.4 193.7 194.3
103.8 104.8 91.6 92.3 92 92.6 91.6 93.1 93.8 95.1 95.3 94.8 96.8 96.8 96.5 97.3 108.8 114 118.3 121.5 124.3 127.9 132.9 137.8 145.5 152.5 160.1 165.1 167.7 168.4 168.7 169.6 169.3 170.1 172 175 177.9 180.5 181.9 182.7 183.8 185.1 187.3 189.8 193.4 196.5 199.1 200.9 201.5 199.9 197.8 195 190.9 186.4 180.3 176.2 171.4 170.1 169.2 169.7 170.1 170.3 171.1 170.7 170.8 172.1 174.1 176.3 178.3 181.2 185.4 188.8 191.3 196.2 198.3 199.6 201.3 201.5
100 97.7 91.6 92.4 91.7 91.5 92.4 93.5 95.4 96.6 96.6 96.6 100.2 97.2 98.1 98.9 106.7 112.7 116.8 120.4 124.4 127.9 137 143.9 149.7 159.3 164.6 168.3 168 167.9 166.5 166.4 165.8 165.5 167.6 170.5 173.2 173.9 174.4 175.9 177.9 180.3 183 186.9 191.2 193.2 195.6 197 197.3 196.3 194.4 191.9 188.2 183.4 177.3 174.1 172 169.5 169.1 169.4 171 171.5 172.8 172.6 173.5 175 176.1 176.6 178.2 183.1 185.1 188.7 194 199.1 202.7 207.1 209.8 209.8
90.7 91 91.2 91.2 91.3 93.3 93.8 93.2 96.1 97.3 98 98 98.2 98.5 98.5 99.2 107 112.8 116.4 119.1 123.3 130.7 139.8 145.7 152.8 159.7 163.4 164.3 163.2 161.1 157.7 154.6 154.8 155 158.3 161 160.7 162.2 164.7 167.2 169.5 173.3 178.2 181.6 184.9 187.6 190.3 192.5 192.3 191.7 190.1 187.4 183.3 178.5 175.5 172.5 171.1 168.8 169.1 170.6 172.3 172.8 174.3 175.3 176.8 177.8 177 177.7 179.5 182.3 185.2 189.5 195.4 201.4 207 212.2 213.8 212.4
91.9 92.6 92.5 92.9 92.9 93.8 93.8 93.4 94.1 97.9 98.4 98.4 99.9 100.5 100.6 100.4 102.3 111.4 114.8 118.5 122.6 130 139.2 146.3 153.1 157.4 156.2 154.3 151.3 144.5 142.5 141.5 142.4 142.8 144.9 147.2 149.6 151.8 154.1 157.7 160.7 165.3 168.8 172.9 177.9 182.1 184.6 186.4 186.6 186.8 184.9 180.5 177 174.9 173.3 171.2 170.3 170.5 170.8 172.7 174.4 176.1 177.3 177.9 179.1 180.5 180.1 179.8 180.8 181.5 186.6 190.9 196.8 203.8 208.8 212.9 214.8 212.4
93.9 93.5 93.8 93.3 94 94.6 96.5 93.2 93.1 95.2 99.7 100.6 102.1 102.4 102.4 100.5 101.9 104 113 116 120.1 124.8 130.2 136.9 139.6 138.3 134.6 130.7 131.7 132.3 134 135.8 137.3 138.4 139.5 141.4 142.9 145.4 147.8 150.8 152.3 155 159.4 164.6 169.3 174.2 177.3 179.9 180.7 180 178.3 174.6 173.9 172.8 171.9 171 171.4 172.1 173.5 175.1 176.8 179.9 180.5 181.6 182.5 182 182.3 181.4 182.8 182.3 187.4 191.7 197.5 203.6 208.7 212.8 213.7 210.9
95.1 94.9 94.8 94.3 94.6 96.5 97.3 93.2 92.4 93.7 99.9 102 103.5 103.5 103.9 103.8 103.2 107 105.9 109.5 114.4 117.3 119.9 121.9 121.2 121.5 123.1 122.4 124.8 127.7 129.5 131 132.8 134.1 136.6 138.8 140.9 143 145.8 147.4 149.2 152.2 155.3 158.5 161.5 165.2 169.7 172.5 173 172 170.5 170.7 170.7 170.4 169.9 171.8 174.1 175.1 176.1 178.5 181.6 184.2 185.1 185.7 186.3 185.2 184.1 183.6 184.6 184.4 187.3 192.4 197.4 202.7 208.3 212.7 211.5 208.9
95.8 96.3 95.9 94.9 95.8 96.3 98.2 95.3 94.8 95.2 99.6 101.9 105 106.7 108.1 107.7 109.2 103.7 106 106.4 108.5 109.5 111.4 112 113.1 114.5 116.8 118.2 119.3 120.4 122 122.7 124.9 127.4 130.4 134.2 138.4 140.3 142.4 143.8 147.3 149.4 152.4 155 156.8 157.8 159.7 163.3 164.7 166.6 167.2 167.4 168.4 169.1 171.4 174.6 177.7 179.8 182 185.8 188.9 191.3 192.1 191.1 190.6 190.4 188.8 187.5 186.8 186.1 188.2 193.6 198 203.3 208.8 213.3 213.2 207.6
96.6 97.1 97.3 96.3 96.3 97.8 98.6 95.9 96.2 96.9 101.7 104.9 109.3 112.9 114.9 114.4 113.6 111.9 108.1 107.3 107.5 109 109.3 111.8 113.1 112.9 114.3 115.2 117.8 119.4 120.5 124.4 126.9 128.5 127.4 129.5 133 135.1 136.1 137.5 140 140.9 145.8 149.5 152.2 153.8 155.8 158.7 160.6 162.6 163.7 165.6 167.5 169.6 174 179 183 185.9 189.6 192.6 195 199.2 201.6 202.2 200.9 198.9 196.1 192.1 190.9 191 191.5 196 200.1 204.1 208.8 211.9 210.9 208.1
98.9 98.3 98.2 97.6 97.1 98.1 98.2 98.5 98.9 105.8 107.8 112.4 117.4 121.1 121.1 122 121 119.5 117.8 117.5 116.8 115 114.9 118 120.7 121.6 123 127 127.7 128.6 129.5 130 131.8 133.4 134.9 135.6 137.4 139.2 141.8 144 145.4 146.1 143.8 145.8 148.1 151.1 153 155.3 159.1 160.7 161.9 163.9 166.3 170.3 176.5 181.7 185.6 189.8 192 195 202.4 207 209.7 210.3 210.9 210.5 206.1 201.8 194.7 195.4 195.6 196.1 200.2 203.7 207.5 209.8 212.1 211.1
101.7 100 99.1 98.7 96.8 98.2 99.6 100.2 104.3 109.2 115.7 121.4 126 127.6 128.6 128.2 127.7 126.2 125.6 125.2 124.5 123.8 122.1 123.2 124.5 125.7 127 128 129.7 132.2 133 133.9 134.6 136.3 138.3 139.7 140.1 141.7 143.7 146.2 147.4 149.2 150.2 150.7 150.8 148.6 152.3 155.2 157.8 159.9 161.7 164.3 166.4 172.4 179.6 185.4 189.8 194.2 198.4 204.7 210.9 214.3 218.3 221.4 221.5 219.6 214 209 203.6 200.8 200.2 200.4 203.5 206 207 211.8 213.6 215.1
105.9 106 101.1 99.5 99.2 100.8 102 104.3 108.2 114.7 122.9 127.3 133.3 136.2 138.4 136.4 132.8 131.9 130.8 130.4 129.7 128.4 127 127.1 128.9 130.2 131 130.7 130.9 133.5 135.2 135.9 137.6 139.1 140.7 142.6 142.7 143.7 145.5 146.2 149.1 151.3 154.1 156.9 160.3 161.4 152.1 153.3 154.5 159.1 162.5 165.2 169.6 176.1 182.4 189.5 195.1 201.2 205.9 208.7 216.4 223 227.4 231.6 231.6 226.6 221.8 216.3 211.8 207.5 206.3 205.5 207 208.6 210.6 213 215.8 218.1
107.9 107.1 101.8 99.6 101.3 102.6 105.2 110.8 114.8 121.6 127.1 134 140.8 146.5 150.2 149.2 144.6 140.5 138.3 134.8 134.8 134.2 134.7 133.2 132.3 133.7 133.9 134.3 135.2 136.1 137.2 138.7 139.7 141.7 143.2 145.1 145.6 146.2 147.8 148.8 150.3 151.7 155.4 160.2 163.2 164.5 161.1 157.9 159.9 159.9 163.2 166.3 171.4 178.8 186.3 193.5 199.8 205.4 211 216.7 224.4 229 236.7 239.9 237.8 233.2 229.7 225.6 219.7 216.9 214.8 214.2 214.9 217.4 219.4 221.9 223.6 223.5
109.4 106.6 100.9 101 103.9 105.4 107.9 114.5 120.3 126.1 130.2 139.1 146 152.4 156.5 157.5 158.6 157.6 153.7 144.5 140.2 139.6 139.5 138.8 137.9 137.2 137.1 137.4 137.8 139.3 140.5 141.4 142.2 144.3 147.4 150.8 149.2 150.8 151.3 151.4 152.9 154.9 156.2 159.2 162.8 162.9 161.2 161 161.6 162.4 161.5 167 173.5 181 188.4 195.2 203.9 210.7 219.2 227.2 233.2 239.5 242.2 243.1 242.4 240.2 237.4 233.1 228.4 221.4 221.8 222.4 222.4 223.4 225.3 226.3 229 228
107.6 103.6 102.2 102.6 107.3 110.9 111.6 117.1 123.3 127.3 133.2 141.1 148.9 156.6 160.9 163.3 167.7 169.2 165.7 159.1 146.4 145 143.5 142.7 140.7 141.1 140.9 141.9 143.4 145.7 146.3 146.7 146.4 147.4 152.9 155.3 156.6 156.6 155.4 155.7 157 159.3 160.1 160.7 163.8 162.9 162.4 163.8 165 164.8 166.2 164.3 174.5 182.4 191.3 199.5 208.2 217.8 226.7 234.2 241 246.3 246.7 246.7 247.1 245.6 243.1 239.7 234.1 227.8 227.7 228.2 229.9 230.8 232.5 233 233.4 231.3
105.7 103.6 103.9 106.6 112.5 115 115.3 119.2 124.3 128.8 135.6 142.6 150.8 158.6 166.2 170.4 175.5 178 175.4 169.4 160.2 151.6 148.6 146.9 145.1 144.2 144 144.7 147.5 149.6 150.9 151.5 152 151.6 156.1 158.5 159.5 160.1 160 160.9 161.5 162 161.6 161.7 164.4 165.5 165.2 168.4 171 171.8 171.6 167.2 170.4 182.9 193.6 204 213.6 221.2 230.7 238.4 242.6 245.3 248.1 250.2 251.3 250.1 248.4 244.3 239.4 236.1 235 236.3 238.1 238.2 239.1 239.6 238.1 233.3
106.2 105.3 104 107.3 109.8 113.9 118.1 121.8 126.1 130.7 138.9 145.6 152.7 163.3 171.2 176.6 182.9 184.9 183.2 178.9 170.2 159.8 154 151.8 149 147.3 147.7 148.5 151.9 153.8 155.1 157.4 159.9 160.1 159.1 160.7 161.5 162.2 163.3 164.6 164.3 165.1 164.9 165.5 166.3 167.7 169.2 172.4 174.3 174.2 175 174.7 168.7 180.6 193.3 203.5 213.1 222.8 231.9 237.2 239.5 245.3 249.6 252 253.3 253.6 251.8 248.6 245.4 243.8 243.2 242.8 243 243.1 243.5 243 242.2 237.4
106.7 105.3 106 108.7 111.4 114 117.1 121.9 126.8 133 138.4 146.6 153 162.4 173.4 180.4 186.7 189.4 189.5 186.4 178.5 168.1 160.5 157.2 154.3 152.2 151.4 153.7 158.3 160.3 162.1 163.4 164.2 164.2 164 163.8 163.8 166 165.2 166.9 167.7 168 167 168 167.7 170.5 172.1 172.4 175.9 176.2 176.8 177.2 173.6 174.3 188.8 198.8 210.3 217.5 222.4 230.7 239.2 244.1 248.4 252.1 254.3 255.4 255.1 252.7 252.2 251.6 250.7 251.2 250.8 248.6 249.3 249 245.9 241.1
107 106.3 107.5 110 112.3 115 118.1 122.5 127.6 132.9 139.1 146.7 153.6 160.7 171.8 179.9 187.1 192 194.2 191 184.4 175 166.9 163.1 158.7 157.4 156.4 158.9 162.2 164.7 166.8 168 168.4 168.3 166.9 166.7 167.7 169.3 169 170.6 171 170.8 171.4 173.2 174.2 175.1 176.6 170.5 177.2 177.5 178.5 179.5 179.6 173.8 181.8 194.5 203.2 213.1 221 227.9 234.2 241 247 250.8 253.9 255.9 256.8 256.9 257.9 259.2 259.8 259.1 257.9 257.1 257 255.9 251.5 243.4
107.9 107.4 109.2 113.1 114.3 116.7 120 123.9 128.1 132.5 139.1 144.8 152.3 159.4 167.6 175.6 182.8 189.4 193.5 192.3 187 181 174.8 168.3 163.8 162.8 161 162.5 165.7 169.1 171.5 172.3 173.5 174.4 173.8 170.8 170.6 172.9 173.7 175.4 175.9 174.9 175.1 175.9 176.9 178.1 179 178 175.3 178.8 180.5 180.9 181.5 179.1 176.9 190.2 198.8 206.5 213 221.5 230.9 237.8 244.2 249.8 253.8 256.7 259.6 262.7 264.8 266.4 267.7 266.8 265 264.3 264.3 261.3 257 249.1
108.7 109.2 112.7 113.4 116.5 120.2 123.7 126.6 129.3 133.8 138.1 140.3 151.3 157.9 164.1 170 177.1 185.2 191.2 192.2 191 187.4 182.1 174.1 170.4 167.5 165.6 165.3 169.7 174 175.8 178.1 179.6 180.8 179.3 176.1 175.2 175.7 176.1 178.9 179.8 179.7 179.6 180.7 182.1 181.7 181.4 180.4 178.1 179.6 182.1 183.2 183.8 183.4 178.6 183 191.6 200.3 209 218.8 228.3 236.5 243.1 250.5 255.7 259.8 263.7 267.3 269.6 272.6 272.6 272.4 271.1 271.2 270.1 267.1 262.1 254
109.2 110.1 112.2 115.1 118.4 122.5 126.6 129.3 130.7 134.3 138.2 145.5 149.8 156.1 161.5 166.7 173.4 181.4 190 194 194.5 192.8 189 184.7 179.1 173.6 170.7 173.6 177.7 180.1 180.3 183.2 184.4 185.7 185.3 182.8 180.1 177.8 178.7 181.6 183.5 185.3 186.1 187.3 187.1 186.6 185.3 181.7 179.6 178.8 181.4 182.8 184.1 184.4 183.9 181.2 187.9 195.5 206.5 216.9 226 235.7 244.5 251.4 257.4 262.1 266.6 270.4 273.7 275.5 277 277.2 276.8 276.3 274.4 271.1 265.3 260.4
111.1 110.8 114 115.3 120.2 124.1 128 130.9 132.6 134.5 137.7 145.5 149.9 154.2 159.3 164.1 170 179.7 187.7 193.7 196.7 196.1 194.4 190.4 187.6 186.2 183.4 184.4 185 186.4 187.2 188.3 189.7 191.2 190.3 187.3 185.1 183.3 184 185.6 188.6 190.9 194 196 195.5 192.5 190.3 186.5 182.5 181.6 183.3 184.3 185.4 185.7 185.8 181.9 186.6 192.6 201.1 212.3 221.6 232.4 241.8 250.9 257.9 262 267.6 272.8 275.5 277.1 278.6 279 279.2 278.3 276.1 273.4 269.8 267
112.1 112.6 115 117.2 122.2 125.8 129 132.3 134.5 137.1 140 146.5 149.9 153.3 158.3 162.7 168.5 176.9 184.5 191.9 195.2 196.5 192.5 194 194.1 192.9 191.1 190.8 192 193.3 195.1 198.3 199.5 199.4 196.1 191.4 189 188.3 189.6 190.8 194.7 197.7 202.1 206.5 207.5 206 202.4 195.6 187.5 184.3 183.7 186 187.2 187 186.5 187.4 185.4 191.8 197.2 205.2 214.5 226.7 237.1 246 253.4 259.7 264.7 269.7 272.1 274.4 276.3 276.9 277.2 276.3 276.5 275 272.9 271.6
112.7 114 114.4 118.3 123.9 127.3 130.5 134.5 136.8 139.3 143.6 149.1 152.1 156.3 160.1 162.2 166.7 175.2 179.8 181.6 185.5 193.4 195.9 197.5 198.5 198.1 196.7 197.4 199.1 201.4 203.6 206.3 209.1 208.8 206.5 200.2 194.6 191.7 192.6 195.9 200.2 203.9 210 214 217.9 219.5 216.7 208.4 195.4 190.1 187.1 187.6 189.2 188.9 188.4 188.9 188.1 188.4 195.6 199.7 205.4 215 226.5 235.1 243.8 250.5 256 261.5 266.1 268.3 270.5 273.9 269.4 276.2 277.1 276.9 276.1 276.7
113.6 114.6 115.6 122.1 125.9 129.2 134 137.2 139.4 142.5 148.8 152.2 156 160.8 165.1 168.3 171.5 172.2 176.1 185 191.4 194.1 196.2 198.1 199.8 201.1 201.6 202.5 203.9 206.6 211.3 215.5 217.7 218.5 217.5 213.4 204.2 196.2 194 198.1 203.6 208.7 212.3 218.6 223.5 225.7 225.1 218.6 206.3 196.6 192.5 189.3 191.8 191.7 191.5 190.1 190 187.8 194.6 198.4 202.3 206.4 214.3 222.9 232.3 241.5 248.3 253.4 258.1 261.8 262.3 266.1 273.2 276.1 278.2 278.5 278.6 280.8
114.7 115.4 118.1 124.4 128 132.5 136.4 139 141 145.2 151.9 155.7 159.9 164.4 168.4 172.2 175.9 180.7 185.1 189.6 193.1 195.6 197.4 198.6 200.3 201.9 204.1 206.4 208.3 214.4 219.5 223.3 226.9 228.5 228.2 227 221 207.9 201.1 199.8 206.1 212.6 217.6 223.6 228.7 232 232 227.3 215.7 200.1 197.3 194.2 193.1 194.4 194.1 193 192.5 191.6 192.6 198.2 200.5 204.7 208.5 213.9 221.9 231.2 239.3 245.9 251 254.7 260 266.5 269.5 274.7 278.2 281.2 283.2 287.7
115.9 116.7 122.4 126.2 131.8 134.9 138.1 139.9 142.2 148.5 154.4 158.4 162.8 168.2 173 177.3 182.3 187.1 190.1 192.9 195.4 197.3 197.7 199.1 200.8 203.3 205.5 209.1 214.7 221.9 227.3 231.1 235.4 238.1 237.2 236.4 231.7 224.4 213.5 209.7 213 217.9 223.2 228.6 233.3 236.4 236.5 232.3 221.7 205 202.3 198.8 196.3 197.9 197.2 197 196.7 195.7 192.9 195.5 200.5 203 206.2 211.3 216.7 223.2 229 236.2 243.4 249 257.3 263.6 270.4 276 281.5 288 292.2 296
