WholeMapElevations/data/nx/nx95_OST50GRID_20230518/NX95.asc
ncols 200
nrows 200
xllcorner 290000
yllcorner 550000
cellsize 50
[rows 0 to 40 of 200, columns 0 to 91 of 200]
101.5 104.1 108.7 114 117.7 120.6 122.5 123.7 124.8 123.5 121.3 117.6 113.1 108.9 104.5 99.1 93.8 91.2 89.8 90.1 87.3 82.4 84.9 85.4 83.9 83.9 84.4 84.6 81.8 78.4 76.3 73.4 66.9 66.3 67.4 66.2 67.7 69.3 70.2 72.2 71.9 75.1 76.4 77.1 77.6 76.9 75 76.2 76.5 84.7 96.4 108.2 117.4 129.4 139.9 151.9 163.2 174.7 185.2 192.4 195 200.7 209 218.6 236.3 257.5 274.2 291.7 306.4 322.9 333.2 342.5 351.8 356.6 356.2 352.9 346.8 338.3 330.8 328.5 328.7 332.7 344.3 350.3 357.7 370.1 386.3 402.9 413.4 412.7 403.3 403.2
97.4 100.3 104.3 109.8 113.8 116.5 118.5 119.8 120.9 121.4 119 115.4 111.3 106.9 101.6 96.1 92.5 89.6 88.1 87.2 86.2 81.6 80.7 83.7 82.3 81.9 82.4 83 81.2 78.4 75.8 73.7 71.2 63.7 66.9 64.2 65.7 67.7 67.9 69 71.2 73 74.7 76 77.3 76.2 73.8 72.5 73.8 77.3 85.7 98.3 110.5 120.2 131.3 143.3 155.4 166.8 177 184.5 188.4 193.7 201.4 210.5 223.4 244.3 259.8 279.5 294 309.7 320.8 330.1 337.8 342.5 343 340.4 334.8 328.5 323 320.1 320.9 327.8 340.9 345.7 350 358.3 374.9 394.7 401.3 406.7 397.3 398.7
93.2 96.6 99.9 105.1 109.7 113.8 115.5 116.1 117.1 118.2 116.9 113.2 108.9 103.9 98.6 94.1 91.4 88.4 86.7 86.2 84.8 82.3 79.1 79.2 80.3 80.1 80.4 80.8 80.4 78 74.7 72.2 70.7 63.8 62.1 62.4 62.9 64.2 65.7 65.2 67.5 70.1 71.9 74.6 76.5 75.5 73.3 71.1 71.7 73.2 78.2 88.9 100.1 112.6 122.1 134.1 146.4 158.3 166.7 174.7 180.4 186.4 193.9 203.7 215.4 232.4 247.6 266.4 281.2 294.7 306.7 316.7 323.7 328.5 328.9 327 323 316.9 311.7 310.7 313.7 320.5 333.8 339.9 342.9 349.7 360.3 378.3 388.7 393.8 389.2 391.6
89.3 91.6 94.5 100.4 105.5 110.1 112.4 112.7 113.4 114.5 113.6 110.2 105.9 101.5 96.3 91.7 88.9 86.3 85.1 85.1 83.9 82.1 79.4 77.5 78 79.2 78.3 78.4 78.5 77.8 73.3 70.9 68.4 65.1 59.2 61.7 61 60.7 63.5 62.6 61.3 66.3 69.7 72.9 75.4 75.4 72.9 70.3 70 70.5 72 82.3 92.1 103.1 114.7 125.3 137 148.8 157.2 165.1 172.6 178.7 185.8 195.5 207.1 219.9 235.7 251.1 266.9 280.3 292.4 303.9 310.3 313.4 316 316 311 305.1 300.9 301.2 305.6 312.6 323.3 331.2 337.1 343.2 350 361 369.1 380 381.3 382.4
86.6 88.3 91.1 95 100.9 105.8 108.7 109.5 109.8 110.2 109.6 107.2 103 98.6 94 89.4 86.4 83.8 82.8 82.7 82.1 80.5 77.5 76 76.1 78.1 77.3 76.3 76.1 76.5 73.9 69.7 67.6 65.5 57.7 60.9 60.4 58.3 60.4 60.6 62.2 62.9 67.8 70.6 73.3 74.7 73.1 70.3 68.4 68.8 69.4 74.4 85.2 95.4 106.7 117.5 128.4 139 148.5 156.4 164 171.2 178.1 187.3 199.7 210.6 224.1 237.2 252.4 265.4 277.8 288.4 295.2 299.9 303.4 302.9 298.2 291.9 289.6 291.1 298 304.3 312.6 322 330.1 338.1 344.5 348.7 353.7 362.1 369.1 372.8
84.4 86 87.1 89.9 94.8 100.8 104.3 105.8 106 105.9 105.3 103.8 101.2 97.3 92.6 87.5 82.8 79.4 78.6 79.7 79.8 78.9 76 74.7 74.9 74.6 76.3 74.7 74.2 74.3 74 68.8 66.5 64.5 57.9 57 58 57 57.7 58.4 61.7 60.9 63.7 68.2 70.8 73.3 73.7 70.8 68.2 66.8 67.8 69.8 78.9 88.1 99.9 111.4 120.8 130.9 139.7 147.7 155.6 163.7 170.6 179.5 192.9 204.4 215.1 227.4 237.8 250.5 262.4 272.6 280.6 285.5 287.4 287.9 284.3 281 278.1 282.5 289.8 296.7 304.7 314.1 325.6 333.5 340.3 345.6 346.1 349.2 355.1 362.9
81.2 84.4 84.6 86.7 89.9 95.1 99.5 101.5 101.8 101.5 101 100.8 99.6 97.3 92.3 86 80.8 76.8 75 75.4 77.1 77.3 74.7 72.6 73 71.8 73.4 73 71.6 71.9 72.8 69.4 65 62.7 59.3 55.2 55.4 55.6 56.1 55.2 58 58.6 60.6 65.7 68.4 70.4 71.9 70.4 67.9 65.9 66.3 67.2 71.6 82.1 94 107.1 114.5 123.2 132.1 139.8 148.3 155.9 163.3 172.5 186.7 198.7 207.3 217.3 227 237.3 247.2 256 264.2 270.9 273.8 273.9 271.7 270.1 268.2 274.3 282.2 290.4 298.9 307.6 318.2 326.3 333.7 340.7 346.2 346.5 347.7 355.5
77.3 82.2 83.7 85.2 86 89.5 94.2 96.7 97 97.3 96.7 97 96.4 95.3 92 84.9 78.9 75.8 73.7 72.2 72.9 73.4 72.3 70.2 69 69.6 69.4 71.3 70.1 69.3 69.7 68.6 63.8 60.5 57.9 53.5 53.9 54.3 55 55 54.6 57.1 59 63 65.8 67.8 69.8 69.5 67.2 65.4 65 65.8 67.5 74.9 86.1 99.4 108.7 115.8 124.8 132.5 141 149.2 157.7 167.5 180.3 192.3 200.1 209.2 217.8 225.6 235.4 242.4 250 257 262.1 262.2 260.1 259.3 260.2 266.4 276 284.9 293.3 301.6 311.3 319.3 327.7 338.7 345.6 347.3 348.2 350
74.3 77.6 82 82.8 83.3 84.6 88.8 91.9 93.1 93.9 94.2 94 92.9 91.8 90.5 84.3 79.2 75.1 72.2 70 69 68.1 68.4 67.6 66.9 68.1 67.5 69.5 69.3 67.5 66.7 66.5 63.2 59 56 53.3 53.2 53 53.3 53.3 53.4 54.4 57.9 60.2 63.5 65.7 67.5 69.2 67.9 65.7 63.9 64.4 65.9 69.8 80.6 91 102.6 109.9 118.4 125.6 133.4 143.7 153.1 162.6 173.8 183.6 192.1 200.3 207.9 215.6 222.9 229.9 237.3 244.8 250.3 251.2 250.7 252.3 255.2 261.2 270.7 279.2 287.6 296.1 305.5 310.4 322.4 336 342.5 347.9 351.7 351.1
78.4 73.9 77.1 80.3 80.9 80.5 83.3 87.4 89.1 90.2 90.6 90.7 89.8 88.9 87.6 84.1 78.5 75.1 72.4 69.4 67.2 66.3 65.9 66 65.4 66.3 66.4 66.6 68 66.9 65.1 63.7 61.6 58.4 54.2 52.1 51.9 51.8 51.9 52.7 52.2 53.2 55.5 56.6 60.5 63.5 65.3 67.4 67.8 66 63.2 63.3 64.4 66.5 74.6 84.8 96.3 104.5 111.9 120.7 127.5 137.5 147.4 157 165.9 174.9 183.8 191.2 198.3 205.7 212.1 219.2 226.6 234.6 239.5 241.9 242.6 245.2 249.3 255.5 264.4 273.2 281.9 290.8 298.9 304.7 317 330.6 340.6 348.3 354.1 353.4
84.3 78.5 73.5 73.1 75.4 75.5 77.6 83.5 86.2 87.2 87.4 86.5 87.3 86.5 84.7 82.5 79.5 75.5 72.8 69.9 67.4 66.1 65 65 64.9 64.1 64.1 64.2 65.4 65.3 64.8 62.9 60.4 57.7 53.5 50.8 50.7 50.6 50.7 48.4 51.1 52 52.2 55.5 59.1 61.9 64.2 66.3 67.4 65.9 63.2 62.5 63.5 64.5 68.3 79.4 91.1 99.4 109.3 116.8 124.2 132.7 142.9 151.3 159.4 168 176.9 183.8 190.1 196.1 202.2 208.9 216.3 223.9 229.4 232.6 234.4 238.5 243.1 249.5 258.1 266.7 276 285.6 294.1 301 314.5 324.2 338.3 348.9 356.2 354.1
88 85.6 80.4 74.8 72.9 72 72 76 82 83.7 83.6 82.4 82.5 82.1 81.2 80.1 80.8 76.6 73 70.7 68.3 66.2 64 63.7 63.4 62.9 61.6 61.5 64.2 65.6 65.1 62.9 60.4 57.4 53.8 49.7 49.4 49.6 49.7 49.5 49.7 50.2 51.4 52.8 57.6 60.2 62.9 65.1 66.7 65.2 63.4 62.1 62.8 63.8 65.7 72.2 83.3 95.6 104.3 111.9 120.4 129.6 138.7 147 155.3 163.1 170.7 177.4 183.7 189 194.6 200.2 206.4 212.9 218.9 223.3 227.7 232.5 237.5 243.9 251.6 260.3 270 279.7 290.2 298.4 306.1 319.2 334.3 344.5 353.5 353.9
89.9 86.8 84.2 79.1 76.4 74.9 71.9 70.7 75.3 77.4 74.9 74.3 75.4 76.1 76.4 76.2 75.6 77.6 72 68 65.8 64.1 63.1 62.1 60.9 60 57.8 55.6 58.7 63.2 64.3 63.1 60.9 58 54.7 48.4 47.7 48.3 48.5 48.2 48.6 48.7 50.5 51 55.9 59.3 61.8 64.6 66 65.9 63.8 62.2 62.6 63.3 65.2 68 77.8 90 98.7 107 116.6 126.2 135.3 143.7 151.7 159 166.2 171.5 176.9 182.7 189.2 194 198.9 204.2 210.1 216.1 221.8 227.3 232.8 238.9 246 254 264.4 274.7 285.4 295.1 302 312.2 328.8 340.3 346.1 350.6
90.8 87.1 84.9 82.9 80.6 77.5 72.7 71.5 70.5 71.2 73.1 72.3 71.6 70.7 70.9 71.2 71 72.3 70.2 66 63.8 63.8 63.2 60.5 59.9 57.5 58.3 56 52.1 55 59.7 60 58.7 52.6 49.7 47 46.3 46.6 46.5 46.6 47 47 48.5 50.9 54.2 58.3 61.1 64.1 65.3 66.5 63.6 61.8 62.4 63 64.6 66.7 71.8 82.1 94.1 103.9 113.6 123.8 133.1 140.8 148.2 155.8 162.3 165.6 171.9 178.8 185.9 191.2 196.4 199.5 205 211.8 217.4 222.8 227.7 232.8 239 249.3 259.8 271.4 282.4 293.6 297.7 309.4 325.3 337.7 341.4 347.7
89.8 90 88.6 85.9 84.7 81.6 77.3 74.2 72.9 72.3 71.2 71.5 72.3 72.6 70.8 68 66.2 66 65 64.7 64.9 66.7 69.6 68.5 66.1 65.6 64.7 62 57.4 56.3 53.8 51.4 50.3 49.4 48.2 47.4 46.1 44.8 44.4 45 45.4 45.7 47.1 49.1 52.8 56.5 61.7 65.1 65.6 66.2 63.7 61.4 62 62.7 63.9 65.1 68.1 74.3 90.1 101.8 112.4 125.8 136.4 145.2 148.4 156.9 164 170.2 176.4 182.7 189.3 195.6 200 201.4 203.8 210.9 216.6 219.9 223 227.7 235.9 247 258.7 270.2 280.8 291.5 295.1 304.4 317.3 332.2 338.8 344.9
91.5 92 91.6 89.3 87.7 86.2 84.2 81.7 79.2 78.4 79 80.8 81.4 79.5 75.5 74.8 72.5 70.8 71.2 71.2 72.4 71.7 70.9 70.1 68.6 67.4 68 66.6 64.1 63.8 61.6 58 55.9 53.6 48.2 47.8 45.5 44.5 44.2 44.2 44.1 44.2 45.9 48.3 52.3 56.9 61.9 65.5 66 65.5 63.8 61.4 61.5 62.6 63.8 64.8 65.6 69.8 83.3 98.8 112.3 127.8 140 148.7 153.1 160.9 168.9 175.5 181.6 187.8 194.2 200.9 204.7 207.9 209.2 212.8 216.9 220.1 222.8 228.5 235.8 244.7 257.1 269.5 279.9 287.6 293.2 298.8 316.6 323.9 338 343
92.7 91.9 91.8 92.1 90.2 88.8 88.1 87.7 89.1 88.5 88.5 88.6 90.8 88.2 86.2 85.4 82.3 83.1 81.2 78.9 76.1 74.1 72.3 71.3 70.8 69.4 69.9 69.9 67.5 65.5 65.4 62.8 61 58.2 53.4 48.1 45.5 44.5 44.1 43.4 43.3 42.9 44.7 47.4 51.2 54.1 60 65.7 65.3 65 63.4 61 61 62.5 64 63.9 64 66.8 75 92.4 110.5 128.9 141.9 151.6 158.6 168.2 176.7 181 186.6 193 200.4 207.3 212.5 216.1 216 215.6 218 221.3 224.7 230.4 238.6 247.6 256.4 265.6 276.4 287.1 291.8 298.9 312.4 319.5 332.3 340.3
95.4 91.6 90.5 91.1 91.1 90.2 89.8 89.6 90.6 93.2 94.2 94.2 94.3 95.4 94.1 91.7 89.2 86.9 83.8 80.7 77.4 75.6 74.5 73.1 72.3 71.9 72 72.4 70.9 69.1 67 65 62.9 60.7 55.5 50.9 46.5 44.7 43.6 42.7 42.1 41.7 43.3 46.2 49.5 53.3 58 63.7 65.6 64.2 62.3 60.5 59.6 62.4 64.4 63.6 63.4 64.5 69.4 82.1 105.4 126.8 142.7 155.4 163.9 173.5 183.2 187 193 200.7 208.8 216.2 222.7 226.8 226.9 223.7 222.2 223.6 227.9 232.1 240.5 247.7 255.3 264.1 272.1 282.8 295.5 296.4 305.7 318.8 325.6 331.7
99.7 93.6 89.9 89.8 90.9 90.6 90.3 90.9 91.4 93.5 96.1 96.8 96.4 96.6 97.9 95.7 92.8 90 85.8 81.9 78.6 76.7 76.5 75.3 74.7 75 75.6 76.6 75.1 72.9 68.9 66.6 64.6 61.2 59 53.5 48.3 44.8 42.7 41.9 41.3 41.4 41.8 45.1 48.7 51.1 55.4 60.2 64.1 63.3 61.3 59.5 58.5 62.5 65.1 64.2 63.1 63.4 67.4 74.4 96.8 122.6 141.4 155.4 166.8 175.2 186.4 192.4 200.8 209.6 218.2 225.5 232.7 237.5 239.1 236.5 231.4 226.7 228.8 233.3 239.1 245.9 252.8 259.9 267.1 276.9 288.9 292.1 300.8 314.6 322.5 323.1
106.2 97.7 91.1 88.3 89.4 90.2 90.2 90.7 91.6 93.4 97.3 98.9 99.3 99.3 100.3 98.6 96.1 91 87.1 83.2 79.7 77.8 77.4 77.3 78 78.2 79.2 80.3 78.9 76.4 73.3 69.6 66.6 63 60.5 56.8 51.7 46.4 43.4 40.3 40.6 40.7 40.4 43.9 47.2 50 52.9 57.6 61.5 61.6 60.5 58.5 58.9 63.7 66.4 65 63.2 63.2 64.7 70.6 85.1 114 136.3 154.3 169.4 176 191.6 194.7 205 217.3 227 234 242.1 248.8 251.1 249.7 241.5 232.4 228.1 231.2 234.8 241.7 248.6 254.7 261.3 268.2 278.3 283.2 293.4 307.3 318.1 317.5
116.4 105.6 96.2 89.5 87.5 88.4 89 89.7 90.6 92.5 96.2 100 101.9 103 103.8 102.8 100 96.5 89.2 83.9 80.9 78.6 78.4 79.2 80.3 81.2 82.5 83.6 83.2 81.2 78.2 73.7 69 65.2 62.3 59 54.6 50.6 46.4 42.2 40 39.7 38.6 41.4 44.9 48.7 51.9 54.7 58.7 58.9 59.2 56 59.6 65.4 67.7 66.4 63.8 62.9 62.8 67.2 75.9 103.3 129.2 150.7 171 177.6 193.5 194.2 205.5 222.7 234 240.3 252.1 260.5 264.4 262.1 252.7 238.4 230.8 227.5 230.1 236.4 243 249 257.2 265 267.8 273.8 284.4 295.4 307.3 311.4
128.9 117.8 106.5 95.1 88 86.8 87.8 88.2 88.8 90.7 94 99 103.7 108.4 107.3 105.7 103.3 100.1 92.7 85.2 81.3 78.9 78.8 81.2 81.9 82.9 84.2 86.3 86.1 84.8 81.7 77.7 73.1 67.3 64.6 61.9 57.3 54.5 50.5 44.7 40.6 40 39.6 38 41.7 45.8 49.6 52.9 55.6 57.5 57.6 54.3 60.6 67.1 69.8 69.1 65.8 63.2 62.4 64.8 70.2 91.5 117.4 139.2 161.7 174 190.5 194.9 205.8 225.3 238.8 244.5 260.2 268.9 271.2 263.3 254.1 238.9 232.1 228.8 225.2 229.7 235.9 241.9 250.4 259.7 266.8 268.1 275.2 289.3 296.6 303.9
141.2 130.7 118.5 105.8 95.9 86.9 86.4 86.8 87.2 87 90.6 96.4 102.3 108.8 110.6 107 104.1 101.9 96.1 87.8 81.2 77.6 78.2 80.3 82.8 84.1 85.6 87.4 88.7 87.6 85.6 81.8 77.5 70.2 64.6 63.7 59.8 56.9 53.8 48.3 43.3 40.1 39.6 39 39.3 43.3 46.6 49.7 52.7 55.8 54.3 53.8 60.8 67.7 73.2 73.1 69.4 65.3 62.3 62.6 65.4 73.8 102.2 128.8 151.1 166.8 179.4 190.4 205.8 224 237.9 247.2 261 271.5 268.2 255.6 246.8 235.5 229.8 224.8 221.7 224 229.1 235.9 244 253.2 261.3 265.5 269.7 278.9 287.5 293.3
150.6 141.6 130.1 117.8 104.2 91.8 85.4 85 85.4 85.9 85.9 91 98 105.9 109 108.1 103.5 100.9 94.7 88.8 81.2 75.6 76.2 78.3 81.8 84 85.9 87.9 89.9 89.3 87.7 85.2 80.9 75.5 66 62.7 61.7 58.5 56 51.4 45.9 41.3 39.3 38.3 36.8 42.1 44.3 45.8 49.8 50.2 47.8 54.2 60.7 67.1 76.5 81.2 76.8 67.6 62.6 61 61.8 66.5 83.3 116 137.1 155.7 171.6 179.4 204.6 216.9 229.4 244.2 259.2 268.4 262.8 248.1 239.4 235 229 222.2 217.6 219.5 223.7 230.4 237.6 246.1 252.8 259.6 265.1 275.3 279.3 280.8
154.7 151 142.9 129.8 113.8 99.6 89.2 85.4 83.9 84.1 84.2 85.5 91.3 98 103.3 104.9 103.7 99.3 94.1 89 81.8 74.3 73.2 75.2 79.3 82.9 85.1 87.3 90 89.9 88.7 86.8 83.6 79.2 72.4 62.2 59.6 58.3 57 53.6 48.4 43.9 39.9 38.3 35.6 37.4 43 42.7 42.4 49.1 50.8 53.9 59.7 66.7 77.3 92.5 86.6 72.4 64.7 60.6 59.8 62.8 67.8 90.3 117 141.3 156.7 170.3 198.9 212.1 225.7 228.5 251.5 259.9 258.3 242.8 235.6 233 226.5 220.6 215.9 216.1 218.7 224.6 231.2 238.5 244.2 250.8 260.4 271.8 273.5 276.2
156.1 154.7 151.2 138.2 120.4 103.7 91.8 85.9 83.7 82.4 82.7 82.1 83.7 89.8 95.7 99.4 99.3 96.7 92.1 86.8 80.7 74.4 70.4 72.2 74.7 80 83.5 85.6 87.7 90 89.3 87.5 86.7 82.6 77.2 69.7 58.4 56.5 55.8 55.6 50.7 46 41.5 38.2 37 35.6 35.8 38.3 40.6 47.5 49.9 52.1 57.7 65.2 76.2 97.9 96.9 84.6 71.4 62.6 59.4 60 62.8 71.7 99.2 128.3 143.4 162.6 193.9 212.8 221.6 220.3 239.7 253 253.2 240.9 233.7 227.6 224.3 220.8 214.7 213.3 214 218.3 225 231.4 236.2 242.6 252.7 262.5 269.9 272.3
152.6 152.4 149.3 141.9 124.3 106.8 95.5 87.9 83.2 81.8 80.3 80 79 81.7 87.2 91.3 93.1 91.3 88.5 85.3 80 74.9 69 69.1 71.3 75.7 79.9 83.5 84.9 86.8 89.7 88.8 88.2 87.7 82.8 75.7 66.1 55.6 54.4 54.1 52.6 49 43.8 39.5 37.7 36 34.6 35.6 38 40.2 45.9 51.3 57 64.2 74.4 94 105.9 99.2 83 68 60.9 58.5 59.2 61.6 75.6 107.6 132.5 151.1 183.4 207.8 218.6 218.5 224.3 241.9 245.1 238.6 230.2 227.8 227.4 224.3 218.4 210.6 208.4 209.4 216.5 222.4 227.4 234.4 244.8 253.5 262.9 269.8
146.1 146.1 145 138.7 126.8 113 101.1 90.9 84.6 81.2 79.8 78.9 77.7 75.6 79 82.7 85 86 85.1 83 80 75.3 69 66.6 68.8 72.2 75.9 80.1 83.2 85 88.4 90.2 89.7 89.2 88.6 81.1 72.2 62.8 53.3 53 52.9 52.1 47.1 41.2 39.5 38.8 37.3 34 35.7 37.4 41.6 48.6 54.8 62.9 74.1 90.4 107.3 113.7 98.9 81.2 67.2 58.8 57.8 58.9 63.3 88 117.9 134.9 166.9 193.5 208.7 218.3 217.3 230.6 236 231.7 228.3 228.8 227.9 228.6 220.9 215.9 206.3 204 208 214.1 218.1 226 233.3 241.7 253.2 262.8
140.2 138.3 137.7 134.6 128.5 118 108.4 96.6 88.2 82.5 79.7 77.9 75.8 73.5 74.9 75.7 78 80.6 80.5 80.7 79 74.6 68.6 64.8 66.9 68.7 71.9 76.1 79.8 82.1 85.3 88.4 90.9 89.6 89.2 85.7 77.9 67.1 57.5 53.4 52.8 52.1 48.8 43.1 41.8 41.6 40.1 38 32.9 34.2 36 43.1 50.2 61.3 72.6 90.4 104.8 119.4 115.1 96.7 77.3 66.4 57.6 56.5 59 68.6 99 121.1 150.5 181.5 200.2 214.4 215.8 219 224 222.3 224.7 228.8 230.7 227.4 222.9 215.2 208.3 202.6 202.6 205.4 208.6 215.6 223.2 231.1 240.8 249.6
136.7 133.1 131 129.8 125.9 120.6 113 104 93.2 86.1 81.1 79.1 76.4 72.8 72.9 71.7 73.1 75.2 77.2 77.5 76.8 73.5 69 63.9 63.8 65.2 67.9 72.1 75.8 78.8 81.5 85 89.6 90 89.7 88 84.5 71.3 62.3 55.6 52.8 52.2 50.7 46 43.4 43.7 44.5 41.2 37 33.2 30.5 36.5 44.7 57.9 68.7 87.3 100.5 116.5 126.2 114.3 92.8 71.8 61 55.7 55.3 59.3 77 104.5 133.9 164.2 190.3 205.2 210 208.1 210.7 215.5 220.5 227.2 230.7 227.6 224.7 216.1 210.1 204.2 199.1 198.5 200.3 205.1 214.8 222 228.3 233.8
131.1 129.1 126.5 125.3 121.3 118.7 118.2 109.5 97.7 91.4 85.9 81.6 77.8 75.8 73.2 71.2 71.3 71.8 73.8 74.6 73.5 72.1 69.9 64.9 61.2 61.9 63.1 67.4 72.3 75.9 77 80.6 89.9 90.1 88.4 86.9 84.9 76 64.3 57.8 53.8 52 51.3 47.9 44.8 45 44.9 43.4 40.4 34.4 31.5 32.6 39.3 50.4 62.5 79.6 94.9 111.1 126.6 128 107.8 85.4 65.9 56.3 53.3 54.7 60.4 89.7 119.2 149.1 177.6 191.5 201.1 203.2 203.7 211.1 220.2 226.1 228.6 229.4 227.3 222.2 216.6 208 199.2 192.2 191.1 196.7 205.7 210.8 214.3 217.6
128.8 125.9 124.1 122.6 120.1 118.9 118.3 115.6 105.9 99.6 92.7 87.1 82.7 81.1 78 74.1 71.3 70.4 71.1 72.2 71.3 70.3 67.9 65.7 61.4 59 59.5 61.2 64.6 70.4 73 72.7 80.5 87.2 84.9 83.2 80.6 77.4 68.8 62.6 54.8 51.8 49.4 47.1 44.6 44.3 43.7 44.6 44.1 36.8 30.8 29 33.8 44.3 56.5 75.1 89.2 101.5 118.6 132.6 121.3 97.5 72.7 60 53.3 53.5 55.4 73.8 105.1 131.1 160.8 178.8 191.7 196.3 203 207.2 215 220.8 228.5 233.2 232.1 231.5 223.6 212.7 202.4 193.2 183.9 187.2 196.5 198.9 200.7 201.7
127.2 123.7 121.8 120 119 118.8 118.7 116.6 113.9 109.5 102.8 95.5 89.3 86.5 83.2 79.3 76.3 72.8 71.2 70.3 69.8 68.9 65.5 63.5 61.7 58.9 57.5 57.3 59.6 62.8 68.1 67.4 67.3 75.1 79.2 80.2 77.4 74.8 70.5 64.2 56.8 51.4 49.4 45.8 42.9 42.4 42.4 44.4 44.3 38.2 32.4 29.2 30.3 38.7 50 69 83.1 95.7 108.4 125.6 129.6 108 83.7 67.1 57.1 51.6 52.7 60.2 86.9 117.2 145.3 164.8 181.5 191.9 200.4 206.6 207.2 214.4 228.7 235 235.1 234.8 228.6 216.5 204.8 194.4 184.5 175.6 180.7 183.8 186 188.2
126.8 123.1 121.1 119.8 119 118.9 119.4 118.7 118.6 117.6 112.4 105.2 98.3 93.1 89.2 85.2 82.1 79.6 75.7 72.3 70.7 69.6 66.2 62.8 60.6 58.8 56.5 55.3 55.1 57.1 61.1 63.3 61.8 63.7 69.1 73.6 71.4 69 67.1 63.7 56.9 51.5 49.7 46.7 42.3 40.5 40.9 42.6 44.7 40.4 35.9 28.7 28.9 32.8 41.9 61.2 77.2 90.9 100.4 113.2 124.2 115.9 93.6 74.7 64.2 53.8 51.2 52.6 68.7 102.7 130.1 155.9 170.4 189.4 196.6 203.6 203.4 209.7 223.1 233 237.3 240.1 230 217.4 205.9 194.7 184.1 173.6 166.9 170.4 174 174.9
126.6 123.3 122.1 121.1 120.4 120.7 122.1 124 124.3 123.9 121.2 116.4 110.7 105 99 92.4 88.8 86.6 82.3 78.4 74.5 71.8 70.7 67.7 61.5 57.9 56 54.5 52.6 51.8 55.7 59.3 57.7 57.4 60.7 64.1 65.6 64.2 63.7 61.8 56.4 51.4 51 50.8 49.6 42.1 38.9 40.2 42.4 41.7 38.6 32.6 27.2 28.1 37.2 52.2 71.5 85.1 95.2 102.2 113.4 115.9 101.1 82.9 72.2 60.3 50.9 49.6 55 88.2 115.1 139.5 160.9 181.3 189.8 192.1 195.9 204.6 213.6 227.6 232.3 236.5 226.8 216.4 204.9 193.1 181.7 172 162.5 161.2 164.8 162.4
123.6 123.3 122.4 123.9 124.1 124.7 126.8 128.7 131.5 132.1 132.1 128.8 123.3 117.1 110.8 103.9 96.9 92.9 89.3 84.9 80.6 77 73.6 70.8 65.3 58.9 55.6 52.9 51.7 50.1 49.4 54.1 54.4 53.7 54.8 57.6 59.1 58.9 60 60.3 55.7 51.7 51.8 53.6 55.6 53.8 40.7 37.8 38.9 39.6 37.5 33.6 27.7 26.4 32.5 45.9 63.1 78.8 93.3 103.2 104.1 108.4 103.4 88.7 81.9 69.4 56 47.9 50.7 68.7 97.5 119.9 143.1 162.9 176.2 181.9 195.5 203.3 207.7 217.6 225.4 226.2 218.8 212.3 202.7 191.4 179.1 168.5 157.8 154.6 156.2 153
119.2 122.3 123.3 125.1 127.5 128.7 130.4 133.4 138 141.6 142.3 139.3 135.4 129.8 123.4 115.3 106 100 96.4 92.8 89.3 83.9 77.1 72.1 67.9 62.7 58.2 52.2 51 49.4 48.1 48.1 49.6 50.5 51.4 53.1 54.5 54.7 54.6 57.9 55.6 51.7 53.6 56.1 58.9 60.9 52.1 38.8 35.5 36.6 35.2 31.5 28.5 26.6 28.6 40.7 53.7 71.4 88.8 107.6 109.5 105.3 98.6 89.3 85.4 78.6 64.7 51.1 47.3 53.7 75.1 102.2 126.4 145.6 161.8 174.7 191.6 203.8 211.3 205.5 220.4 217 208.6 205.1 198.6 189.2 174.9 163.3 154 148.1 146.2 144.4
113.4 118.2 123.3 125.8 129.3 132.2 134.6 139.2 146.4 151.9 153.3 151.1 150.5 149.6 142.5 128.7 118.1 110.2 105.3 100.5 95 90.9 83.8 76.2 70.2 66.3 61.7 55.9 50.9 47.5 47.3 47.5 47.4 48.1 48.6 51.3 51.9 51.6 52.1 55.6 56.3 51.6 54.3 60.1 62.1 65 62.6 49.6 36.3 33.5 32.7 29.6 26.4 24.6 27.2 34.8 47.1 62.1 81.8 103.6 116.3 110.7 100.2 91.2 86.6 81.9 72.4 58.2 44.9 48.1 60.2 85.2 110.5 130.4 148 164.2 185.9 203.1 209.7 203.5 207.8 211.9 201.3 197.5 192.2 181.2 167.3 157.6 148.5 140.6 138.8 140.2
109.6 113.8 121.1 125.7 129.6 134.3 137.7 142.6 148.5 156 160.9 163.6 168.8 170.1 161.3 146.5 132 123.1 114.9 107.1 99.9 94.6 90 82.3 74.7 69.4 64.5 58.8 54 50.4 49 47.5 46.7 46.8 47.1 49.4 51.7 50.2 50.3 51.1 53.2 52.6 55.4 62.9 65.3 68.4 69.2 59.3 46.3 34.2 30.7 29.7 26 24.2 26.5 33.4 44.8 57.4 71.6 92.3 111.9 114.6 100.7 89.9 85.6 81.3 75.7 66.1 50.1 45.3 51.5 68.5 92.4 113.4 131.5 150.5 171.4 193 201 201.8 193.3 195.5 194.9 185.8 180 173.5 161.1 151.7 140 134.4 136.4 139.3
104.6 109.5 117.4 125.1 128.2 133.3 137.8 143.5 149.9 156.6 163.9 170.5 177.4 180 174.5 162.7 148 135.9 126.8 113.8 105.9 99.6 94.3 88.6 81 73.5 67.7 62.3 57.4 53.1 50.3 48.5 47.3 46.4 46.3 46.5 49 49.7 48.1 48.4 49.2 51 55 62.6 67.9 72.3 74.3 67.4 55.3 42.8 30.6 27.2 24.7 22.4 25.7 32.7 42.9 53.5 63.6 79.9 100 114.1 102.1 86.7 82.4 80.7 77.6 70.8 55.6 40.9 45.6 56.1 77.2 98.1 115.5 136.6 157.5 178.5 189.7 190.6 179.9 176.2 175.1 171.9 170.2 165.2 152.8 140.2 133.7 131.1 134.9 142.5
102.5 105.2 113 120.2 125.4 130.5 136.7 142 147.8 155.4 162.6 170.5 177.2 180.6 181.7 174.1 160.3 146.5 134.7 122.7 114.5 104.9 98.3 91.9 87.1 79.5 72.3 66.6 61.5 56.8 53 49.5 47.8 47 46 46.4 45.7 48.6 48.7 47.3 45.9 47.9 52.2 62 69.1 72.8 77.6 75.2 62.8 49.9 37.9 27.5 24.3 23.8 20.6 29.8 38 48.6 59.3 68.8 86.9 100.5 102.6 84.7 77.7 76 74.9 70.4 58.6 43.1 40.1 48.8 63.5 84 104.9 129.6 146.7 161.7 171.6 170 163.6 162 161.8 160.5 158.5 153 138.5 130.4 127.7 128.5 137.1 142.6
