WholeMapElevations/data/st/st03_OST50GRID_20230518/ST03.asc
ncols 200
nrows 200
xllcorner 300000
yllcorner 130000
cellsize 50
[rows 0 to 34 of 200, columns 0 to 77 of 200]
199.7 196.2 189.3 178.2 173.1 173.4 175.4 174.4 173.4 176 181.6 182.9 182.3 178 174.9 171.3 168.5 165.6 162 157.9 153.5 149.3 148.1 146.1 148.3 145.8 144.2 142.7 142.2 142.4 139.1 135.4 131.8 128.8 126.5 121.1 119.7 119.1 116.9 114.1 109.9 106 99.9 88.7 83.1 91.6 97.3 98.3 99.2 99 94.5 89.4 100.6 109.2 114.3 115.9 115.5 113.6 109.6 104.7 103.8 99.7 97.3 93.7 90.1 86.9 88.3 92.3 99.7 101.1 97.1 99.8 99.2 100.2 99.1 97.2 96.4 95.8
206.4 202.3 195.5 185.6 183.4 182.9 184.8 182.6 181.4 182.7 185.7 185.6 184.6 180.6 176.4 172.3 168.7 166.3 162.9 158.4 153.3 148.4 143.8 143 144.5 142.5 140.3 138.6 138.2 140.9 138.4 135 132 128.7 127 120.3 117.5 115.6 113.4 109.5 103.9 92.5 84.5 99.4 100 100.5 102.7 102.7 102 101.2 95.5 92.9 101.8 108.6 113.3 114.9 115 112.9 109.4 107.9 106.5 104.2 100.6 96.7 93 89.3 90.7 95.3 101.6 102.6 100.9 100.4 100.7 100 99 97.9 96.8 95.7
211.8 207.3 199.2 194.7 192.4 190.9 190.3 189.4 189.6 189.8 190.5 189.2 186.2 181.8 177 171.6 166.6 163.8 162.5 158.3 153.4 146.8 139.9 136.7 135.7 139.1 138.7 136 134.4 136.7 135.6 132.7 130.3 127.3 126.1 121.4 114 110.6 108 103 92.2 89 101.4 103.3 103.3 103.5 104.1 103.8 102.2 100.1 93 96.7 103.8 110.3 113.6 115.5 115 112.5 110.4 112 109.6 106.7 103.7 99.7 96 91.9 93.8 99 103.4 104.1 103.5 102.7 101.8 101.1 99.8 98.3 96.8 94.3
218.1 213.3 207 203.1 199.5 197.7 195.6 194.5 195.6 194.8 193.2 189.4 185.6 180.9 175.4 170.1 164.9 159.2 158.4 157.5 151.4 147.5 140.3 131.7 131.5 133.3 132.7 127.9 126.4 129.8 130 128.9 126.4 122.8 123.5 121.6 113.2 106.4 100.4 93.2 98.8 103.8 105.3 106.3 105.9 104.9 104 103.9 101.8 98 96.4 100.5 103.8 110.6 114.6 115.5 114.6 113.3 112.1 113.7 111.8 109 106 103.7 99.5 94.4 97.1 101.6 105.3 106.8 106.2 105.2 103.1 101.2 100.2 98.6 96.6 93.1
227.1 220.2 215.9 209.8 205.7 202.8 200.6 199.6 198.1 196.1 192.8 189.1 184.3 180.6 174.8 168.7 162.9 156.9 153.6 152.6 148.1 139.3 132.8 133.1 128.8 126.7 127.1 124.8 121.7 116.9 122.5 123.4 121.7 117.9 116.8 117.2 109.8 100.5 90.5 99.7 105.6 108 108.8 108.2 107.4 105.3 103.5 102.4 99.2 96.9 101.4 103.5 106 109.7 113.1 115 115.5 114.7 115.2 115.2 113 110.6 108.4 105.3 99.9 97 101.7 106.4 108.2 108.1 106.5 104.6 102.6 100.9 99.7 98.4 96.3 93.5
233.8 228.2 222.8 216.4 212.8 208.2 205.3 202.8 199.8 196.9 192.8 188.3 183.8 179.1 175.1 169.3 163.1 156.6 149.7 143.9 140.2 139.4 138.2 135.7 134.7 134.3 133 130.6 126.8 121.6 115.4 111.7 115.2 111.2 109.4 107.8 98.7 93.1 105.6 110.5 111.6 112.3 112.2 110.8 108 104.8 103.1 99.8 99.7 101.9 103.9 106.1 108.8 111.9 114.7 116.6 117 117.6 117.6 116.9 114.9 113.8 111.3 106.9 101.2 100 107.1 111 111.4 109.5 106.5 103.2 101.1 100.3 98.9 97.4 95.4 93
239.6 235 228.9 224.1 220 216.1 211.2 207 202.2 197.6 192.6 186.9 181.3 174.8 170 165.2 159.5 152.5 145.3 145.6 146.8 145.2 143.9 139.4 140.3 138.9 137.1 134.8 129 124.5 117 111.8 105.6 102.2 104.4 103.6 101.5 106.5 115.1 118.4 118.2 117.2 115.6 113.7 109.1 105.2 102.6 101.8 103.7 105.1 107 109.1 111.6 114.3 116.7 118.4 119.8 120.9 120.2 118.8 116.3 114.2 110.4 106.9 103.9 105.8 111.8 115.6 114.3 109.8 104.8 101.5 98.5 99 97.8 96.3 94 88.4
245.2 240.6 234.6 229.1 225 220.7 216.6 211.4 205.9 198.7 192.3 186 177.8 170.6 164.5 159.3 152.7 150 151.8 154.2 153.3 150.8 148.4 144.6 143.6 141.8 139 135.3 128.2 119.5 113.4 110.9 111.2 111.1 110.3 109 103.1 106.8 113.8 119.1 121.1 118.7 116.1 112.2 109.2 107.1 105.5 105.6 107.3 108.6 110.5 112.7 114.9 117.5 118.9 120.7 123.1 123.6 122.8 120.3 117.5 113.9 110.1 108 106.1 109.7 115.3 115.6 110.6 106.9 101.3 98.6 93.8 97.5 96 92.9 90.3 80.6
250.7 246.1 239.5 232.8 228.1 223.6 219 213.2 207.8 201.5 193.4 184.4 177.1 168.9 160 155.5 154 157.2 158.8 160.5 155.2 154.5 150 145.5 143.4 140.3 138.1 134.4 123.9 118.5 117.6 115.7 114.4 113 111.4 107.9 107.1 110.8 113.8 117.5 119.9 117.9 114.9 112.8 111 109.3 108.5 108.9 110.3 112.4 114.4 116.6 118.7 120.9 121.9 124.6 126.5 126.9 125.2 122.7 119.7 117.1 114.1 111.1 110 111.7 116.8 112.9 106.7 101.5 97.1 93 89.8 94 93.6 86.1 79 71.2
256.6 250 244.4 237.1 231.2 224.1 218.4 212.8 207.8 201.1 193.7 183.6 173.7 165.3 158.8 158.7 162.9 164.5 165.7 166.3 164.3 157.6 152.3 142.8 140.3 139.4 136.4 128.2 123.2 123.3 122.8 120 118.2 116.3 112.8 108.3 111.3 115.2 117.4 120.1 120.7 119.9 116.9 116 114.3 112.2 112.2 113.2 114.3 115.1 119.3 121.3 122.5 124.2 126.2 129.4 131.2 130.1 128 125.9 123.7 119.5 116.5 114.8 113.6 114.6 118.4 114 105.6 101.3 97.4 93.6 90.4 86.1 82.3 77 71.3 62.4
262 252 245.5 239 232.2 224.1 215.8 209 202.5 198.3 192.2 181.9 173.1 164.2 163.9 172 172.6 171.8 170.8 170.1 166.2 159.7 150.9 142.2 136.8 134.5 136.2 136 133.7 129.6 127.5 125.3 121.9 119.3 113.7 109.1 112.9 118.9 121.8 123.9 123.9 122.5 119.9 119.2 116.9 115.8 116.4 117.4 118.4 120 121.8 123.9 125.1 126.6 128.9 132.3 133.6 131.8 130.1 128.5 126.4 123.7 120.3 118.2 117.4 118 118 114.3 107.7 104.2 101.3 97.9 94.4 88.5 78.2 70.6 62.7 56.2
261 252.3 245 238 230.2 222.8 213.6 205.7 197.3 192.2 188.8 180.9 168.6 168.8 176.2 181.3 182.6 180.4 176.9 172 165.6 156.5 147.8 142.7 141.2 140.1 141.2 140.5 138.5 137 132.8 128.9 125.2 121.6 117.9 116.3 118.8 123.1 126.5 128.1 128.5 126.5 124.6 120.3 119.9 120.6 121.5 121.5 122 123.7 124.6 124.6 127 127.1 128.4 130.9 132 132.3 131.8 130.2 127.6 125.7 123.6 121.8 118.7 117.4 116.6 113.6 109.2 105.8 102.1 98.2 93.8 88.4 80.1 69.7 60.2 57.4
256.9 249.3 241.8 233.3 225.9 219.5 211.9 202.9 194.5 189.2 183 173.1 177.3 182.6 186.6 188.9 188.8 186.2 180.4 173.5 162.5 153 150.3 150.5 147.5 144.3 145.5 144.6 143.9 141.9 139.1 134.3 129.5 123.1 124.7 118.1 124.3 129.3 132.7 133.8 133.5 131.2 127.7 123.2 124.8 125.7 126.4 125.4 125.7 126 125.3 124.6 125.5 126.4 127.5 129.5 131.5 133.2 132.9 130.8 128.4 126.4 124.8 120.8 116.7 113.8 114.1 111.8 108.9 104.4 100.7 97.1 92.5 86.9 77.9 67.1 59.5 57.1
255.5 248.6 239 231.7 222.1 214.1 205.7 200 192.5 184 177.4 182.7 192.9 197.7 196.7 195.9 195 188.7 181.1 170 157.1 158.5 159.9 157.6 153.6 150 151.1 151.6 151.4 147.6 145 139.5 132.9 129.3 130.5 124.4 129.9 135.1 138.1 139.7 138.7 135.7 131.6 128.8 129.2 130.9 130.8 129.4 128.3 127.4 126.6 125.2 122.3 124.1 126.2 128.8 132.5 134.1 132.2 128.9 125.3 123.9 122.4 117.8 112.2 109.2 109.4 110.2 107.1 102.5 99.2 95.8 90.8 84.6 74.4 63.1 58.5 56.7
254 246.2 238.1 229.1 221.9 212.2 202.7 194 187.8 186.6 187.9 193.4 207.2 209.5 209.1 203.7 198.4 190.5 181.2 164.8 163.4 168.6 166.3 163.2 160 156.7 160 159.8 158.5 155.8 152.1 145 137.1 138 137.4 129.2 136.6 141.5 143.9 145.3 143.7 140 136.6 134.8 132.6 136.8 134.2 132.4 132.1 130 127.8 125.3 122.2 121.2 124.3 128.6 131.9 133.4 130.7 126.6 121 119.9 118.3 112 106.8 103.3 103.3 104.4 103.3 101 98.2 94.6 88.6 81.4 69.9 60.9 58.2 56.8
255.8 249.4 242.5 233.2 222.9 212.4 202.7 196.2 195.9 194.2 197.2 205.4 215.9 218.1 214.8 209.4 199.4 189.3 175.4 165.9 177 179.1 174.1 169.5 164.9 164.1 168.1 167.8 165.6 161.6 157.8 150.9 142.8 144.9 143 133.2 142.2 147.6 149.5 149.7 148.3 144.9 142.4 140.7 139.2 140.8 138.7 135.5 134.6 132.3 129.6 127 123.8 116.1 122.1 125.9 129.6 130.9 128.8 121.5 115.2 114 114.3 107.8 102.8 98.7 96.4 99.3 99.5 99 98.8 95 89.6 81.5 64.1 59.5 57.6 57.4
259.8 253.6 247.6 236.5 220.7 215.5 209.5 205.3 202.1 203.5 209.1 218.8 224.3 226.1 221.7 212.1 201.8 188.5 170.3 176.1 185.5 187.8 182.5 175.9 171.6 170.3 173.4 176.4 173.3 168.6 164.1 156.3 152.1 151.5 148.6 138.4 146.1 152.8 155 154.8 152.4 149.4 147.6 145.6 143.6 143.7 142.2 138.5 135.9 134.4 130.8 127.4 124.7 120 118 122.3 125 125.9 124.9 118.4 110.7 106.3 109.5 105.9 100.9 96.4 92.6 94.3 96.4 96.5 98 95.9 90.9 81.2 62.4 59 57.2 58.2
261.7 252.9 245.8 233.9 232.1 225.6 216.7 215.3 213.8 216.8 222.3 227.4 231.8 230.4 226.5 218.3 204.9 188.9 174.5 184.6 194.1 195.8 192.2 185.6 180 177.4 180.7 184.4 182.5 177.9 172.2 164.4 160.9 158.1 154 147.5 149.8 157.5 161.8 159.7 156.6 153.3 149.8 150.7 148.1 145.2 141.6 138.7 134.7 133.1 130.8 126.2 121.4 115.9 113.1 113 117.7 118.1 117.6 112.4 105.4 95.7 100.5 103.5 98.8 92.9 88.1 90.2 92 91.6 92.7 90.6 86.2 70.3 60.7 59 59.3 65.5
258 255.6 249.4 247.2 242 232.2 227.9 226.6 228.6 231.9 232.2 235.4 236.9 233.7 226 216.8 202.2 186.1 181.4 192.7 200.2 204.5 202.4 195.8 190.1 185.7 188.1 192.2 191.2 186.9 180.7 173.7 167.9 163.6 160.6 153.8 154.4 161.7 166.1 163.3 160.1 154.9 153.8 151.7 149.4 144.7 140 138.1 133.5 129.1 126.7 122.8 116 110.3 108.7 110.5 110.6 106 109.7 102.8 93.5 87 87.9 88.8 87.8 87.3 82.4 85.5 87.5 86.9 83.7 79.8 74.4 62.1 59.2 58.5 72.2 76.4
266.1 262.9 258.6 253.1 247.3 241.3 237.5 237.6 240.5 243.6 242.1 240.3 237.9 231.9 222.9 212.5 199.9 188 188 200.8 206.6 213 211.6 206.2 200.8 194.9 196.6 200.4 199.1 193.8 189 181.4 174.7 168.8 163.9 159.4 159.8 166.3 170 165 162.8 158.4 154.2 150 146.8 142.4 137 133.4 130.1 126.3 121.3 113.9 110.2 112.7 108.4 103.9 103.5 101.6 98.4 92.2 87.6 84.7 80.3 77.5 77 76.2 73.8 74.5 82.4 84 78.7 72.2 62.7 61.1 60.1 66.5 78.8 84.9
270.3 266.7 263.2 258.9 253.3 250 247.9 249.1 250.9 252.2 250.5 245.1 239 230.5 221 209.7 199.2 190.6 194.5 207.5 216.1 221 220.8 217 211.1 206.4 205.3 206.8 205.4 201.5 195.4 187.9 179.2 172.5 169.5 166.3 165.3 170.2 170.1 168.5 164.3 159.9 154.5 150.7 145.6 140.7 137.5 131.5 125.9 120.1 116.6 117.2 119.7 120.5 118.3 111.8 109.1 103.7 103.3 99.6 97.9 94.6 91.4 89.6 88.4 85.2 81.3 69.8 69.3 78 74.4 66.1 62.3 60.7 61 77.1 83.8 88.8
277.2 271.5 267.8 265.6 262.5 260.6 259.3 261 260.4 259.2 255.2 248 240.2 231.5 223.5 214.2 204.5 196.2 199.5 213.7 224.1 227.5 229.6 225.7 221.2 217.3 215.4 214.2 211.4 207.1 200.2 190.6 184 180.2 175.5 171.7 170.9 173.2 174.1 170.2 165.4 160.1 154.7 149.2 143.5 138.1 134.4 128.4 122.4 121.9 122.3 123.5 123.1 123.3 121.1 116 111.4 109.6 109.7 110 106.3 103.1 99 96.7 94.3 91.9 89 82.3 66.6 66.1 65.7 62.9 62.2 61.5 70 82.2 88.1 91.7
285.1 279.7 274.8 272.5 270.1 270.9 271.6 273 269.1 265.2 259.7 252 243.9 236.4 227.4 219.1 210.8 203.1 205.4 221.5 228.8 234.4 236 234.5 230.6 225.7 222.7 220.2 216 210.6 203.7 196.1 191.5 186.6 181.3 176.8 175.4 177.7 175.3 171.2 166.5 161.1 154.7 147.9 141.5 135.4 129.6 127.9 128.7 129.5 128.4 127.2 126 124.4 121.5 118 113.7 113.4 112.8 113 110.4 106.7 103.2 100.2 97.7 95.3 91.6 85.6 75.7 65.7 61.2 60.6 63.5 73.5 83.6 90.6 95.7 97.1
293.2 287.8 283.5 281.1 280.7 282.4 283.2 281.5 277.7 271.9 264.2 256.5 249.3 242 233.4 224.3 217.7 213.7 212.8 224.7 233.5 240.7 242.5 241.4 238.4 234.1 228.9 225.1 221.1 215.1 208.3 202.4 197.4 191.1 184.4 181.5 179.2 179.9 176.3 172 167.5 160.5 154.1 147.6 139.4 134.4 135.4 136 134.8 134.9 133.3 131 127.9 125.5 123.4 120.8 117.7 118 116.7 115.4 113.2 109.2 105.8 102.1 99.1 97 91.8 83.2 70.1 65.4 60.6 63.4 74 85.3 94.2 99.8 103.5 103.3
301.8 298.3 294.3 292.1 291 291.2 290.3 290.4 286.6 279.5 271.5 262.7 254 247.1 240.5 234.1 228.3 224.8 224.2 229.5 238.8 247.2 248.4 247.8 245.8 241.7 236 229 225.5 219.7 214.1 207 202.2 195.7 189.9 185.4 181.6 180.3 176.4 172.1 165.9 159.2 153.7 143.7 138.8 142.2 143.8 141.6 139 139.2 137.2 133.3 129.9 128.3 126.1 122.6 121.8 121.8 119.3 117.5 114.6 110.1 107.4 103.1 99.9 95.4 87.2 73.4 65 63.4 63.5 67.1 85.3 96.8 104.6 110 112.3 110.3
307.6 304.2 303.4 300.4 299.7 299.5 297.8 295.6 294.9 287.7 279.1 270.8 262.5 253.9 246.9 242.7 239.3 234.7 232.8 236.9 246.4 253.1 254.2 252.8 250.5 246.4 239.9 233.4 224.7 220 216.9 211.6 204.4 197.7 192.1 187.6 181.8 176.4 172 167.4 163.3 159.4 149.9 143.4 145.8 148.4 148.9 145.7 142.5 141 139.3 135.4 132 129.9 126.9 125 126 126.4 123.4 119.9 116.1 111.9 107.4 103.5 99.4 92.6 81.1 66.5 65.2 64.2 67.7 83.5 100 107.6 113.5 119.5 121.9 120.3
309.3 308.8 307.2 305 304.6 305.1 303.3 301.3 299.2 293 285 277.4 269.8 262.9 255.8 250 246.4 243.8 240.5 245.5 253 258.3 259.2 257.3 254.6 249.7 244.8 237.9 232.2 225.9 219.4 212.9 205.8 199.1 193.6 188.4 181.1 172.8 165.4 159.5 157 153.8 149.5 150.5 152.5 153.1 152.2 147.8 144.3 142.1 140.3 137.4 133.7 130.4 128.4 128.9 128.1 125.5 123.9 122 117.8 112.8 107.9 102.5 98.4 89.8 76.8 65.4 65 65.6 77.4 96.7 113 118.4 126.8 133.1 132.1 130.1
310.9 310.8 310 308.2 307.7 308.6 307.1 302.8 301.3 296.7 290.3 284.1 276.1 270.3 264.6 259.4 256.2 254.7 252.8 255.3 258.6 262.4 263.1 260.1 258.1 253 247 240.6 234 226.2 217.4 210 202.5 195.4 189 183.1 175.7 169.5 165.3 161.3 159 157.2 159.4 158.2 156.3 155 153.5 150 146.5 142.9 140.4 139.2 135.8 132.7 131 131.5 129.6 126.6 122.4 118.4 115.9 112.5 106.9 102.9 98.8 92.9 74.8 66.3 66.7 70.6 89.6 110.1 123.5 132.9 142.9 142.5 140.6 136.2
306.3 308.4 310.4 309 308.5 308.7 310.1 307.2 302.3 298.4 294.3 288.9 282.3 277.8 272.3 268.5 266.9 267.2 265 264.5 265.4 266.8 266.3 263.8 260 254.5 248.8 242.3 235.7 227.2 218.1 207.7 200.2 193.4 186.7 181.1 176.2 173.7 170.7 170.3 166.5 165.4 163.8 163.2 159.7 155.2 152.1 149.4 147.5 143.4 140.7 139.2 136.3 133.5 132.6 132.8 130.7 126.8 122.2 117.8 112.5 109.1 104.9 100.6 95.1 86.5 68.5 66.6 68.8 83.2 99.3 119.9 132.1 144.3 147.9 148.5 144.5 139.7
301.4 302.5 303.5 303 304.5 304.7 306 306.3 303.9 300.7 296.7 293.1 287 284.1 280.9 278.4 275.8 276.8 274.2 273.3 272.3 271.9 270.5 266.9 261.8 256.6 251.2 243.8 237.7 230.9 222.3 212.8 203.1 196.5 192.2 188.6 182.3 180.7 176.5 173.6 170.7 168 164.6 162.8 160.6 154.8 150.9 146.9 144.9 143.6 141.6 138.8 136.2 134.5 134.4 133 130.2 126.4 122.1 117.8 111.7 107.3 102.1 96.1 89.2 78.7 67.9 68.1 77.5 89.7 105.8 125.8 141.7 149.3 152.4 152.2 147.5 144.2
293.3 295.5 295.7 295.5 294.4 294.9 298.5 300.5 300.4 299.1 296.2 294.3 292.2 290.9 288.6 286.3 284.8 284.1 284.2 281.4 278 275.4 273.3 268.8 263.2 257.8 252.6 245.5 239.7 233.1 224.9 218.1 209.8 202.8 198.4 193.6 188.2 183.5 179.2 175 170.5 166.8 163.1 160.2 156.8 152.8 149.1 145.4 141.8 139.8 139.3 139 136.3 133.6 134 134.1 130.5 126.4 122.5 118.7 111.1 106.8 101.9 94.9 83.9 72.2 69 66 86.3 93.6 110.3 130.5 146.4 154.3 154.8 154.2 151.9 150
286.3 285.1 286.5 288.2 286.7 286.8 286.9 289 291.8 293.6 292.5 291.5 291.2 293.2 293.6 293.2 291 289.5 289 288 282.8 278.4 274.1 268.8 262.7 257.3 251.7 245.3 239.2 233.6 227.6 221.7 215.2 208.5 203.9 197.9 192.1 186 179.9 174 168.3 163.4 159.4 155.1 151.7 148.9 146.4 143.9 141.3 137.3 135.2 135 133.8 131.5 128.9 129.8 129.2 125.1 120.6 116.8 110.9 105.7 100.3 91.1 78.2 69.9 68.5 75.6 94.7 100.9 115.2 133.7 149.5 156.7 156.6 155.6 154.1 156.4
280.4 279.5 278 277.5 278 277.5 277.8 277.7 278.7 280.1 283.5 285.7 286.7 287.6 290.9 291.9 291.1 290.2 288.8 286.5 284.1 278.5 274.6 269.2 262 255.6 249.4 242 235.5 230.6 225.4 221 216.2 210 204.9 199.5 193.1 186 181.2 175.6 168.9 163 158.8 153.2 148.2 144 140.2 138.7 139.7 136.6 133.2 130.3 128.1 126.2 124.1 123.9 123.9 121.4 117.3 113.1 109 104.5 98.9 89.1 74.1 69.9 69.9 86 105.3 110.4 120 134.5 149.4 157 157.3 156 156.2 161.8
271.7 269.6 270.6 269.5 266.8 266.2 267.5 269.5 269.6 271.2 272.2 275 279.1 280.4 280.8 283.5 286.6 284.1 282.6 281 277.7 274.3 271.4 267.2 260.3 254.2 248.4 241.1 233.3 226.6 220.3 216.1 212.2 208.4 204.3 199.7 193.6 187.5 183.4 177.9 171.8 166.6 162.9 157.2 150.8 145.7 140.3 134 134.9 135.4 133.4 130.1 125.6 121.7 118.8 119.4 117.8 115.5 113.3 109.8 105.3 102.7 96.7 81.2 72.9 70.3 71.5 99.6 114.1 118.4 124.8 135.4 146.7 155.3 156.6 158.5 160 165.5
265.1 261.9 260.9 261.3 260 258.8 256.1 256.2 258.4 260.6 262.5 264.9 266.6 270.3 272.5 273.3 274.5 277.2 274.9 272.2 271.8 269 266.2 262.8 258.8 253.5 247.7 241.1 232.9 225.9 219.3 210.7 204.9 200.4 198.3 196.9 192 188.8 183.3 179.5 174.6 169.3 165.5 160.7 154.7 149.1 142.3 134.4 125.5 128.8 131.4 129.1 124.8 121.4 116.4 114.6 113.3 111 108.6 105.1 98.8 89.5 74.3 71.6 71.5 68.8 85 107.4 119.8 123.4 127 134.4 143.5 151.1 155.8 159.1 164.1 168.6
