WholeMapElevations/data/sj/sj23_OST50GRID_20230518/SJ23.asc
ncols 200
nrows 200
xllcorner 320000
yllcorner 330000
cellsize 50
[rows 0 to 34 of 200, columns 0 to 77 of 200]
370.2 369.2 367.6 365.8 365.6 364.5 360 356.7 351.3 344 327.3 302.5 314 329.6 338.6 344.7 349.6 357.2 363.9 368.5 373.2 377.9 382.2 386.8 391.5 394.4 396.2 396 393.5 391.1 388 384.8 381.3 378 375.2 372.4 369 366.4 362.8 362.9 363.4 366.5 367.1 366.9 365.8 364.3 362.3 360.2 356.2 351.9 344.9 338.9 353 355.1 359.5 361 362.9 368.4 378.8 387.2 396.4 397.9 398.5 396.2 395.4 394.9 394.1 391.8 389.9 388.6 386.4 384.8 382.2 377.7 373.8 368.9 364 359.8
369.7 368.2 366.5 364.6 362.7 361.8 358.9 355 349.2 338.2 316.7 320.1 333.2 342.3 349.8 356.9 361.3 365.7 371.4 374.8 379.6 384 388.6 393 397 399.9 401.4 400.2 398.3 396.9 394.8 392 388.5 386 384.2 382.1 378.7 375.6 373.8 371.9 371.1 370.7 369.4 368.7 368.2 367 365.3 363.4 361.7 358.8 354.9 353.4 359.2 362.5 366 368.3 372.5 376.3 383.1 387 392.1 393.5 395.2 394.7 394.6 393.3 392.5 392.4 392.4 391 388.8 385.8 381.9 378 374.4 370.1 366.8 362.7
366.2 364 362.6 360.5 357.9 356.8 354.9 351.4 343.6 326.7 321.3 335.4 344.8 352.9 359.6 363.7 369.4 374.1 377.2 382.5 385.9 389.4 393.7 398.2 402 405.2 405.9 404.2 403.6 402.3 400.4 397.5 394.6 392.5 390.8 388.9 386.1 384.2 381.2 378.7 377.7 376.3 374.5 373 371.7 369.8 368 366 364.2 362.6 360.4 360.1 363.3 367.8 371.8 375 378.4 381.3 384.3 386 389.5 390.3 393.3 392.8 392.4 392.6 393.4 394.3 392.8 390.1 387.7 384.6 381 376.9 373.2 370.2 367.8 365
360.4 358.1 355.1 350.7 344.7 341.6 338.8 332.4 325.4 327.7 340 349 355.2 360.8 366.2 372 375.7 379 383.8 387.6 391 394.3 398.3 402.3 406.5 409.9 410.9 409.6 409.4 407.7 405.7 403 401.3 399.5 398.1 396.4 393.3 391.3 389 386.1 383.6 381.6 379.2 376.4 374.8 372.5 370.2 367.9 365.7 363.2 363.3 364.7 368.7 371.6 373.9 377.3 379 381.2 383 383.8 385.9 386.8 388.2 389.5 389.3 390.2 391.5 391.8 389.8 387.6 385.2 382.1 379 376 372.7 370.2 367 364.1
361.1 359.2 357.9 357.2 355.4 354.3 350.7 346.5 340.9 349.6 354.8 359.3 363.2 368.3 374.2 377.6 381.9 384.7 388.2 391.2 394.8 398 401.6 405 409 412.6 413.9 413.7 414 412.7 410.1 408 406.4 405.5 403.8 402.1 400.7 398.1 395.3 392 388.7 385.4 382.3 379.1 376.7 374.2 371.3 368.9 366.5 365.2 364.8 366.6 367.5 371.2 373.9 376.5 378.9 379.9 381.2 382.6 384.2 385.7 384.6 384.8 385.2 386.1 386.4 386.4 385.5 383.7 381.7 379.6 377.2 374.3 371.4 368.5 365.9 363.3
366.5 364.3 364 363 361.5 360.5 357.2 356.4 358.3 361.4 362.9 366.6 369.8 373.3 378.1 382.4 385.9 389 391.9 394.7 398 400.7 403.1 405.5 408.9 412.3 414.5 415.3 415.7 415.3 413.2 411.9 411.2 410.6 409.1 407.5 405.1 401.9 398.5 395.4 391.9 388.9 384.9 381.6 377.9 374.7 372 369.6 367.7 366.5 365.8 364.2 364.9 368.8 371.7 375.3 378.3 380.2 381 382.7 383.5 383.8 383.7 383.3 382.5 381.2 381.6 381.4 380.9 379.9 378.1 376.2 374.7 372.9 370 366.9 365.1 362.2
371.2 370 370.2 369.3 367.5 366.1 364.6 363.5 365.3 368.1 369.8 372.6 375.2 378.4 382.3 386 389.7 392.8 395.4 397.3 399.6 401.4 403.2 405 407.3 410.3 413.6 414.9 416.2 417.1 415.9 415.4 415.1 414.7 413 410.3 407 403.7 400.4 397.1 393.5 389.9 385.7 382 378.8 375.4 371.6 368.8 366.5 367.2 366.3 364.7 361.7 365.9 370.3 372.4 375.6 378.7 380.5 381.7 382 381.3 380.6 380.2 379.1 378.3 377.8 378.3 378.4 377.8 375.3 373.4 372.3 370.8 368.2 364.8 363.5 362.2
380.9 379.1 376.7 375.3 372.5 369.9 369.1 369.6 371.2 373.3 375.4 377.9 380.2 383.2 385.8 388.9 391.8 394.2 397.2 399 400.6 401.7 402.8 403.7 405 407.2 409.7 412.4 414.3 415.7 416.6 416.8 417 416.3 413.9 411.1 408.3 404.6 401.2 398.2 395.1 390.5 385.9 382.4 378.2 374.7 371.3 368.7 364.4 365.1 364.6 362.6 361 362.7 367.9 370.8 374 376.6 378.5 379.6 380.4 380.4 378.7 377.7 376.4 375.7 375.5 375.5 376.4 375 373.6 370.7 369.1 367.4 365.7 363.4 361.6 359.9
387.6 385 382.7 380 377.6 376 375.7 376.1 376.8 378.8 380.9 382.4 384.3 386.4 388.8 391.5 393.3 395.7 397.9 399.2 400 400.8 401.8 401.7 403 404.6 406.9 409.1 411.1 413.9 415.5 416.1 416.2 414.3 412.8 410.1 407.4 404.8 401.5 397.6 394.1 389 384.1 380 376.5 373.7 370.8 368.2 364.1 362.4 363.1 361 357.3 356.4 365.2 369.5 372.5 374.6 375.8 376.2 376.9 377.2 377.4 376.4 375.2 374.2 374.9 374.6 374.4 374.1 371.8 367.9 366.4 364.6 362.8 360.9 359.6 357.7
393.7 391.2 388.5 384.9 383.2 381.2 381 381.2 381.8 382.7 384.3 385.3 386.7 388.8 390.6 392.1 393.6 395 395.9 397 397.5 398.2 399 399.7 400.8 402 403.5 405.6 407.8 411.4 413.3 414.2 413.9 411.5 409.8 407.3 404.7 401.2 397.9 394.4 390.2 386.1 381.9 377.6 375 373.4 370.1 366.6 363.6 358.1 361.3 359.8 357 353.2 360.4 366 369.2 371.7 372.2 373 374.3 375.3 374.6 375.3 374.4 372.8 372.3 372.2 370.6 369.5 369 367.3 364.9 363 360.6 358.2 357.1 356.5
397.5 395.8 393.4 390.1 388 386 384.6 384.4 384.6 385.7 386.7 387.6 388.2 388.5 391.1 391.3 392.3 392.7 393.4 393.9 394.6 395.4 396 396.8 398 399 400.3 401.9 405.1 404.5 409.8 410.4 410.1 409 407.3 404.1 401.6 398.2 394.7 390.7 386.3 381.8 378 373.9 371.2 369 367.6 364.7 361.3 357.4 358 356.7 353.6 349.3 355.1 360 363.7 368.2 370.7 372.2 373.2 373.4 373.6 373.2 372.6 370.6 369.7 368.9 367 366.7 365.9 364.7 362.4 360.5 358.1 356.8 355.4 354
403.9 400.7 397 394 391.1 388.8 387 386.2 386.4 386.8 387.4 388.1 388.5 388.9 389.4 389.6 389.5 389.9 390.2 391.3 391.8 392.7 393 393.5 394.6 395.9 397.2 399.3 402 404.6 406.5 407 407 406 404.6 402.3 399.7 394.9 391.1 386.5 380.6 375.2 370.7 367.1 365.1 364.8 363.4 360.9 357.4 355.1 353.6 353.2 350.8 346.5 350.2 353.9 358.6 364.1 367.2 370.3 372 372.3 371.8 371.2 370.8 369.8 367.8 365.6 364.3 362.7 361.5 359.8 359.6 357.5 356.2 355.7 353.8 351.4
406.4 402.8 399.2 395.3 391.9 389.8 387.7 385.7 384.9 385 386.1 386.6 387.1 387.3 386.9 385.9 386.1 386.4 386.4 387.1 387.5 387.9 388.8 389.5 390.7 392.2 394.1 396.3 398.4 400.7 402.9 404.3 404.6 403.9 402.4 399.6 396.7 393 388.3 383.2 376.1 368.6 363.9 359.6 356.1 357 357.1 355.9 353.8 349.9 344.9 347.6 347.3 344.7 344.2 348.6 353.2 357.8 363.2 367.9 370.1 370.4 369.7 369 368.2 367.2 366.1 364.5 362.7 360.3 358.1 357.2 356.2 354.5 352.4 351.8 349 347.6
407.9 403.9 399.7 395.5 391.4 388.1 385.9 384.9 383.1 382.7 382.5 382.9 382.7 382.1 381.6 381.6 382 381.6 381.9 382.1 382.3 382.6 383.4 384.7 386.4 388.2 390.4 392.9 395.6 397.6 399.7 402 402.8 402.3 401.5 398.4 394.4 391.2 385.3 379.6 372.8 366.8 359.7 352.6 350.2 348.6 349.8 349.1 347.7 345.5 341.3 344.4 342.9 340.4 338.1 337.9 346 354 360.3 365.6 368.5 368.6 368.1 366.9 366.3 365.5 364.6 362.3 360.5 358.2 356.1 353.8 351.7 349.8 348.2 347.2 344.8 344.1
407.6 402.9 398.3 394.1 389.6 385.5 382.5 380 379 378.3 377.9 377.1 377 376.3 375.9 375.9 375.7 375.7 375.9 376.3 376.5 377.2 378 379.1 380.9 383.1 386.4 389.8 392.1 394.5 397.3 399.1 400.1 400.1 398.9 396.3 392.8 388.4 383.8 379.4 373.6 366.3 359.6 354.4 348.2 343.1 340.6 340 340.1 339.1 336.6 338.5 337.8 336.6 326.8 335.4 344.6 351.6 357.9 362.2 365.7 367.5 368.2 367.6 366.1 364 362.9 359.6 357.3 354.4 352.7 349.3 346.8 344.7 343.5 341.1 341 341.1
406.7 401.5 396.6 391.4 385.9 380.7 376.4 374.7 374.1 373.1 372.7 372 371.8 371.1 370 369.8 369.8 369.6 369.6 369.5 370 370.6 372 373.3 376 379.2 382.6 386.4 389.4 391.8 394 396.1 396.8 397.2 396.3 393.6 391.4 388 383.8 379.6 375 367.4 359.5 354.7 349 343.1 338 332.8 329.6 329 325.7 330.6 331.3 322.6 314.1 333.6 342.9 349.1 354.9 358.7 362.8 366.1 366.6 365.3 363.3 361.2 358.8 356.2 354.3 350.6 347.2 344 342.1 341 338.5 334.2 337.6 338.2
404.5 398.5 393.8 388.1 382.8 376.2 366.9 367.9 367.8 367 366.3 365 364.6 364.7 364.1 363.8 364.1 364.2 364.8 364.5 365.5 366.6 367.6 368.4 373 376.5 379.8 383.3 386.7 388.9 390.9 393 393.8 394 393.3 391.8 390.1 386.9 383 378.4 373.8 367.6 361.1 355.6 350.5 346 338.8 334.1 324.9 319.4 311.4 314.4 315 302.8 315.7 335.2 341.3 346.5 350.7 355.6 358.7 361.1 363.1 361.3 359.4 357 354.3 351.9 348.7 345.9 340.6 335.8 333.7 332.2 325.3 324.9 334.3 334.9
401 395.6 391 384.6 378.9 372.9 365.5 358.7 359.1 359.6 359.1 359.7 359.9 359.8 359.4 359.6 359.3 360 360.4 360.2 361.4 359.4 363.7 368.1 372.1 375.8 379.7 382.3 384.9 387.4 388.7 390.8 391.1 390.4 390 389.7 390 388.2 385.1 381.1 378.9 374.5 366.5 360.3 356.3 351 342.5 335.1 327 316.1 304.2 286.5 292.1 293.8 317.1 333 338 342.6 346.8 350.8 354 354.9 357.5 356.2 354.7 352.2 349.8 346.5 343.8 339.9 329.8 318.6 321.9 316.6 308.7 322.5 330.1 331.4
397.1 392.1 386 379.2 374.1 368.3 362.3 350 350 353.3 354.6 355.7 355.5 355.7 354.6 354.3 353.8 354.7 355.4 355.3 354.4 357 363.2 367.6 372.1 375.9 379.2 381.3 383.2 384.9 386.7 388.1 389.1 388.8 388.2 388.1 388.5 388.5 386 382.5 380.9 378 371.9 365.3 359.5 355.1 348.4 340.8 332.2 319.2 306.7 282.7 274.3 290.5 313.7 328.7 334.1 337 341.1 345 347 349.5 350.6 349.9 348.4 346.6 344.7 341.9 337.2 332.9 326.5 305.6 303.3 302.5 301.6 317.9 326.8 328.6
393 386.1 381 375.4 369 363 357.2 346.4 339.7 347.5 349.9 350.8 350.9 350.6 350 349.1 349.1 349.3 349.9 346.9 347.8 355.8 362 366.3 371.2 374.7 377.3 379.3 381.1 382.5 384.2 385.6 386.5 387.3 386.8 386.8 385.5 384.8 384.6 382.5 379.5 376.3 372.7 367.1 361.2 357.2 351.7 342.8 334.1 321.8 308 285.9 261.2 282.2 303.8 319.9 327.1 330.8 334.7 338.6 341.1 342.8 343.9 343.7 342.4 340.6 337.9 334.4 329.7 326.1 319.7 302.8 284.7 286.5 292.5 311.4 320.7 324.2
387.9 381.7 376.3 370.1 363.8 358 349.8 340.7 321.7 337.6 339.9 341.5 342.5 343.8 343.2 341.9 340.2 337.6 335.4 331.8 348 354.4 359.8 363.9 368.9 372.8 375.6 376.5 378.5 380.1 381.1 381.5 382.7 383.9 385.3 386.3 385.5 383.3 380.6 378.6 377.3 376.2 374.1 367.9 361 357.1 352.4 343.7 331.1 315.1 300.6 280.5 257.2 268 285.2 301 311.5 319.4 326.5 328.2 334.3 335.7 336.1 335.8 333.8 333.1 331.5 328.1 324.4 318 305.7 288.2 277.5 277.9 285.1 305 317.8 319
383.8 377.6 370.8 365 359 352.2 344 334.8 314 314.4 322.7 330.2 332.1 332.7 331.8 327.3 318.8 317 320.7 338.6 345.7 350.8 355.1 359.7 364.2 369.1 372.7 373.8 374.4 375.3 376.6 376.6 378 380.6 383 385 385 383.7 381.5 380.5 378.9 376.5 374 370.3 363.7 356.9 352.4 343.8 329 311.9 294.2 275.3 255.4 253.7 264.6 277.2 288 299.2 310.3 316.5 323.8 327.7 328.9 327.6 326.4 324.3 321.3 318.2 313.1 304 284.2 274.3 268.5 270.5 283.4 307.8 316.9 316.3
380.3 374.3 367.6 361.9 354.7 345.8 337.3 326.5 308.5 286 292.9 307.1 318.7 322.9 319.8 303.6 294.9 312.3 331.1 338.2 342 346.6 351 355 358.9 363.9 368.1 369.7 370.1 370.8 371 372.9 374.1 377.1 379.4 381 382.2 382.3 381.7 380 378.5 375.8 373.2 369.4 364.5 357.9 352.1 341.7 326 309.3 293.5 273.8 254.8 236.9 246.8 256.2 265.5 277.2 286.9 296.9 303.4 313.5 316 317.2 317.2 316.6 314.2 309.9 302.5 289.2 268.6 260.5 252.2 266.4 289.6 312.2 311.2 307.1
375.5 369.8 364 358.2 352 344.3 334.4 318.2 303.9 278.1 265.2 280.3 295.9 305.5 295.1 279.7 281.3 312.1 324.4 330.5 335.1 340.2 346.6 350.8 354.5 357.3 361.2 363.4 365.5 367.1 368 370.1 370.9 373 375.3 376.7 378 379.1 380 380.6 379.3 376.9 374.3 369.9 364.1 358 351.8 341.2 326.1 307.6 295 279.3 260.3 241.7 233.2 236 242.5 252.4 264.3 272.5 281.9 289.5 298.2 303.5 306.7 306.2 304 299.8 291.4 272 255.4 241.8 245.9 267.7 289.5 299 294.3 286
369.6 364.3 359.1 352.9 347.2 339.9 332.1 320.9 303.9 276.4 246.6 256.5 272.1 285.9 275.3 259.2 274.1 301 313.1 319.4 325.8 332.6 339.1 345.4 350.6 353.3 355 357.8 359.8 361.9 364.2 366.1 367.4 368.6 371 372.5 373.7 375.6 378.7 379.7 378.9 377.9 373.8 369.7 364.2 357.7 350.2 341.2 329.9 313.4 298.2 282.8 265.5 247.2 230.8 221.5 222.6 228.5 239.6 249.3 257.7 267.5 275.4 281.9 286.3 288 289 284.9 274.7 255.8 242 226 243.4 268.3 285.2 283.5 274.2 263.2
364.4 359.1 353.5 348.5 342.3 336.5 329.6 318.4 305.2 283.3 251.4 237.8 247.7 263 255.8 243.5 267.8 288.5 300.6 307.4 315.2 322.5 332.3 339.3 344.1 347.8 351.2 352.7 353.9 357.4 360.4 362.5 363.9 364.4 365.8 367.7 369.7 372.4 375.8 377.2 378.6 378.2 374.5 370.4 363.8 357.1 349.9 341 330 314.6 300.2 282.3 267.5 251.7 235.2 224 208.7 212.8 218.2 228 234 242.7 250.1 258.3 264.1 269.1 272 270.3 259.6 241.2 229.3 212.3 238.7 261.6 268.2 262.4 248.5 236.1
358.3 353.4 348.8 343 337.8 331.5 325 317.1 303.9 286.1 263.4 234.1 227.6 235.6 235.8 238.8 261.1 277.7 287.2 294.8 302.4 311.2 320.9 330.7 337.5 343 346.6 348.7 350.8 353.2 355.1 357 358.6 360.4 361.3 364.4 367.2 368.9 372 375 376.6 376.9 375.5 372.1 364.9 355.7 349.7 342 333.8 321.5 307.9 294.1 278.4 258.8 245.1 232 220.9 208.9 201.8 206.3 213.3 220.6 227.3 233.4 238.3 243.9 246.8 247.9 240.9 226 219.2 203.4 223.7 241.1 241.2 227.6 210.3 196.1
348.4 345.8 342.9 337.6 331.7 325.4 317.9 308.5 299.9 286.6 271.8 245.8 214.3 219.1 221.1 230.5 251.3 264.3 270.8 278.8 287.7 297.8 309 320.1 328 335.2 340 343.4 345.8 347.6 349.6 351.8 353.7 356 357.4 359.7 363.5 365.8 369 371.8 373.6 374.7 374.8 372 364.3 358 351.9 345.7 340.1 335.9 323.4 311.2 294.4 274.2 256.4 242.7 230.3 218 206.8 193.8 194.1 198.5 203.5 211.1 216.4 221.5 224.9 225.2 222.4 214.2 206.9 188.9 205.4 209.5 203.7 192.6 181.1 169.8
324.9 326.2 326 325.1 320.5 311.6 305.9 297.6 289.4 279 267.4 247.2 223.5 211.7 213.7 221 235.9 249.2 255.5 261.3 269.9 282.9 297.9 313.4 323.2 328.1 332.8 336.7 339.8 342.9 346.6 348.3 349.2 350.7 352.7 354.7 357.6 360.9 364.3 367.2 368.6 368.9 370.2 368.8 368 364.1 358.6 351.8 344.1 341.2 333.9 323.4 309.4 289.5 271.3 256.1 240.8 229.2 216.8 204 189 183.3 186.7 189.9 196.3 200.4 203.7 203.9 201.5 198.5 193.2 179.3 185.7 183.7 177.1 165.8 159.6 147.6
298.6 299.1 299.5 298.1 297.1 293.9 287.6 281 269.9 263 252.8 237.9 219 201.9 204.7 210.6 221.6 232.2 237.1 241.5 251.7 267.8 288 306.7 319.6 325.9 329 331.8 335.6 338.1 340.9 342.2 343.6 346.2 348.5 350.7 353.7 356.7 359.2 361.7 364.1 366.7 370.7 372.1 370.1 366.8 364 359 352.9 345.6 339.9 331.3 318.9 301.4 284.7 266.5 250.1 236.1 222.3 209.4 197.8 184.2 172.9 180.1 181.1 181.5 183.5 185.1 185 180.4 179.7 170.7 167.5 162.3 156.1 147.3 140 132.8
270.3 270.1 268.3 268.1 267 265.7 263.7 257 250.1 243.8 237.2 228.8 215.9 204.1 196.7 202.2 206 220.2 226 225.9 241.3 259.4 277.8 297.4 313.5 322.2 326.8 330.1 332.3 333.7 335.8 337.3 338.8 340.8 343.9 345.9 348 352 355.7 360.2 364.6 368.6 370.7 371.3 370.9 367.8 364.4 360 354.6 348 340.6 333.4 323.4 308.3 293.1 276.9 261.1 245.1 226.8 214 199.7 188.5 175.2 167.6 172 172.2 172 171.8 168.7 165.4 163.3 161 159.7 153.7 149 139.2 132.3 126.9
247.8 247.9 249.1 249.7 250.2 249.8 246 239.6 231.4 229.1 223 218.6 211.1 200.9 190.5 195.1 199.8 204.8 208.6 223.4 246.1 266.8 285.1 300.2 310.2 317.4 322.8 326.7 329.1 330.2 330.7 331.1 331.5 332.1 333.1 335.2 340.2 349.1 353.7 358 363.6 367.5 368.9 368.8 368.3 367.2 364 358.9 353.5 347 340.1 332.9 324.7 310.8 295.1 279.8 264.9 244.7 224.5 209.3 195.4 184.4 170.1 166.6 162.9 164.5 163.8 161.5 158.3 154.6 153.8 153.1 151.1 148.4 143.8 137.2 128.6 125.4
227.1 226.3 228.1 229.2 231 231.9 226.3 221 220.1 218.8 215.9 212.9 206.9 198.8 185.6 187.3 192.4 195.1 202.6 224 247.3 266.8 281.2 295.5 305.2 312.1 316.7 320.7 323.2 323.1 322.2 320.9 319.4 319.8 321.5 332.3 342.2 348.1 352.3 357.4 363.7 367.6 370.6 371.4 369 366.6 362.2 357.1 352.2 346.3 339.8 331.9 323.7 308.3 291.5 274.9 257.6 238.2 219.4 204.1 192.5 182.8 171.5 164.7 158.7 159.4 157.6 152.3 149 147.3 147.5 144.8 143.1 139.8 137 127.1 124.3 123.9
229.5 219.5 207.1 210.4 211.8 214.1 213.1 211.8 212.1 211.2 209.5 205 200.2 193.3 185.2 181.7 184.5 186.8 194 205.9 223.5 240.6 258.8 280.4 288.9 300.9 308.6 311.3 312 311.7 308.8 305.8 307.6 314.6 325.9 333.1 339.1 344.5 349.9 356.3 362.8 368.3 370.2 369.7 366.7 363.2 359.1 354.8 350.7 344.6 336.8 327.7 318.4 300.4 284.7 266 248.3 229.8 213.7 202.2 191.4 183.4 173.5 166 158.8 155.5 156 151.5 144.5 143.5 145.1 137.5 135.2 130 126.4 125.3 123.7 123.5
246.2 236.8 227.1 213.4 196.2 197.9 201.4 203 203.3 202.1 198.8 194.9 190.8 186.2 180.5 176.2 177.1 180.8 182.9 189.6 200.4 212.6 227.7 244.6 262.2 277.2 291.9 302.6 301.9 298.2 290.3 291.4 300.7 312.6 322.1 328.8 334.4 340.1 348.7 356.6 362.8 366.7 367.6 367 365.6 362.8 358.6 352.1 346.9 342.3 335.7 326.5 315.5 299.2 282.3 261.1 236.9 222.3 209.6 201.1 193.3 184.4 177.4 168.5 160 150.1 150 149.5 141.9 138 134.8 131.5 126.6 126.3 125.1 124.1 124.5 127.9
