WholeMapElevations/data/sd/sd87_OST50GRID_20230518/SD87.asc
ncols 200
nrows 200
xllcorner 380000
yllcorner 470000
cellsize 50
[rows 105 to 139 of 200, columns 0 to 77 of 200]
254.4 258.9 264.7 270.7 281.3 287.4 284.6 272.6 281.1 290.8 286.8 293 308.2 316.9 327 329 343.7 345.5 355.6 365.1 371.1 376.6 380.9 390.3 400.2 405.1 401.9 396.3 396.2 396.9 399.7 405.2 405.6 405 405.2 408.2 411.9 415 417.2 419 415 408.9 397.9 398.7 407.9 404 391.8 393.2 394.6 387.5 396.8 409.7 411.9 407.5 416.1 421.5 424 424.7 421.9 429.3 433.7 443.4 451 453.9 454.6 460.7 468.6 475.8 485.7 493.7 500.2 507.9 519.7 538.9 564.9 594 613.3 624.7
254.9 260.3 266 271.4 280.4 286 282.4 270 279.7 285.8 281.3 296.2 310.1 322.7 324.7 322 337.1 345.4 352.9 356.3 360.6 375.1 380.2 389.9 399.8 404.9 401.8 394 393.4 394.9 398.6 403.5 403.7 403.2 405.3 409 411.8 414.9 416.4 415.9 411.2 404.7 396 401.8 406.9 397.5 390.6 392 391.7 384.8 395.9 405.4 406 403.9 412.7 417.4 420.3 419.2 425.1 430.3 436.7 443.4 447.2 447.1 450 458.9 468.8 477.2 486.8 495.1 502.1 511.9 525.4 544.9 564.1 586.5 611 626.4
256.5 261.1 266.5 270.1 277.6 281.4 276.1 266.3 272.1 275.9 287.9 299.4 310.2 323.1 326.1 318.5 327.5 344.7 346.6 349.1 366.5 372.9 378.5 387.3 398.2 402.2 399.1 391.1 390.1 393.2 398 401.8 402 403.2 408.3 412.2 413.1 414.8 415.3 413.5 408.1 401 394.4 402.8 402.1 393.2 391 389.5 386.4 387.7 393.8 401.4 400.6 401.2 410.6 413.1 415.8 417.7 428.5 432.8 437.3 441.5 442.4 441.6 449.3 461.4 469.6 478.9 485.8 496 503.3 514.5 530.4 545.6 561.3 582.6 612.8 627.6
256.8 260.9 265 267.7 271 271.8 265 267.1 278.6 288.9 291.2 299.1 311.8 324.5 320.5 315.2 323.4 340 347.2 346.4 357.7 368.1 376.5 384.9 393.7 395.9 393.4 385.4 380.7 387.9 392.6 395.6 400.3 404.6 412.7 415.4 414.8 415.4 415.5 413.1 406.9 397.8 391.7 399.4 396.8 391.3 393.1 387.5 383.4 387.9 393.8 397.4 395.5 400 403.7 410.4 416 422.2 429.4 433.6 435.9 438.5 438.1 444.3 454.2 462.8 472 481.7 488.4 496.4 506.3 519.2 534.6 545.4 563.3 589.9 616.6 627.4
255 258.4 260.7 260 261.1 258.9 260.7 274.3 286 292.8 293.2 297.9 309.8 317.8 311.3 313.7 321.9 333.7 340.7 344 356.7 362.8 371.4 378.9 386.3 386.9 385.3 370.7 386.9 393.2 398 401.5 402.9 406.5 415 417.1 417.2 419.2 424.7 420 408.2 397.8 390.3 392.8 391 392.6 392.6 386.8 384.4 387.6 390.3 394.6 396.3 401.9 413.5 416.7 419.6 425.2 432.1 434.1 435.2 433.1 442.9 450.2 456.6 465.5 475.8 484.2 490.3 499.5 510.4 522.7 533.6 546.8 567 596.7 621.6 628.1
252.9 254.2 254.4 254.4 255.1 258.7 264.4 278.7 286.5 291.4 293.5 296.9 304.8 312.4 305.9 312.7 321.1 327.9 335.4 340.5 347.9 358.1 363.8 371 376 376.5 376.1 373 387.1 393.9 398.2 401.6 403.6 409.1 415.7 417.7 420.2 424.5 429.9 422.7 409.4 399.5 390.7 387.3 388.3 394.1 390.4 381.7 386.2 389.4 394.3 396.9 400.3 407.5 415.3 418.8 421.4 428.3 432.4 432.3 431.3 434.3 445.2 452.3 459.4 470.5 477.5 483.6 491.4 500.6 511.7 525.1 534.8 551.6 573.6 605.3 624.7 628.5
249.7 250 249.6 252.4 254.8 258.9 264 277.9 284.3 287.7 289.5 290.1 297 303.4 301.7 308.2 317.6 320.9 330.2 337 345.1 348.5 357.3 361.3 364.9 362 361.9 379.8 387.9 394.5 398.5 401.4 404.3 410.1 414.3 416 422.5 426.6 426.4 419.5 407.2 397 389 384.7 388.8 395.8 385 380.8 386.8 395.8 398.9 399.7 405.7 411 414.6 419.4 421.9 428.9 430.1 429.8 428.2 437.2 446.8 453.4 461.9 471.6 477.1 484.6 492.9 502.9 515.2 528.4 540 556.2 581.1 608.5 624.6 626.8
243.7 246.6 252.2 255.5 258.5 264.1 262 274 278.7 280.6 280.8 280.1 286.7 291.9 288.4 297.6 313.9 321 329.3 337.2 341.1 346.1 350.5 351.1 350.4 365.3 375.8 383.7 388.8 393.6 397.9 401.3 405.3 409.1 411.8 413.5 419.7 421.7 418.8 413.2 405.7 394.2 387.5 382.8 386.7 392.5 382.2 382.1 390.6 403.5 408.7 410.3 410.9 415.4 418.8 418.5 421.8 427.2 427.1 427.1 427.2 438 446.6 453.8 463.5 472 478.3 485.7 495.5 504.9 518 531.8 543.4 563.4 588.9 609.1 623.3 623.8
241.9 245.2 253.8 255.7 262.7 267.2 264.7 269.5 270.5 267.1 267 268.1 276.1 283.1 282.7 297.3 308.5 318.3 328.3 337.1 339.1 343.7 343 348.8 358.3 368 379.6 384.2 388.1 392.2 396.9 400.9 405.2 407.7 407.6 409.2 414.7 414.9 411.3 407.2 402.7 390.9 385.7 382.3 385 387 379.4 383.3 394.5 408.6 414.6 415.9 415.6 419.4 421.9 421.1 422.9 425.5 424.1 422.8 427.7 435.9 443.2 453.2 463.6 471.7 477.5 487.1 497.4 506.9 518.3 533.8 545.9 566.5 582.4 608.4 621.1 621.6
239.8 242 254.3 253.9 262.2 266.5 263.5 261.9 260.4 261.2 270.7 273 270.3 276.2 278 292.6 304.8 315.3 326.1 335.7 335 340 334.7 345.1 357 367.9 378.9 382.2 386.6 391.2 396.3 400.5 404.9 404.8 403.4 404.6 409.2 408.9 406.9 402.8 399.3 387.9 382.9 379.2 383.7 381.2 377.3 384.2 399 412.1 417.1 416.9 416.8 418 417.8 415.7 422.5 422.7 420.7 419.5 427.1 434.5 444.7 454.2 463.1 470.6 477.8 486.8 497 508 520.4 532.2 546.3 561.3 576.6 605.9 618.1 619.9
239 239.3 249.4 253.8 259.8 264.2 261.4 256.5 255.5 266 278 279.8 271 272 276.5 289.6 300.8 310.7 322 333.1 332.5 336.3 327.5 341.2 356.5 370 379 380.3 384.2 390 395.9 400 402.6 401.3 399.3 400 403.4 404 403.3 399 395.4 384.8 380.4 377.3 378.6 373.7 378.8 385.9 401 410.5 413.2 412.9 411.9 411.6 410.5 413.9 421.1 418.9 416.6 421 428.9 439.1 448.2 456.5 462 470.1 480.2 491.1 499.9 508.7 518.4 530 542.1 554.9 568.1 594.2 613.8 619.9
237.6 237.9 244.9 251 253.5 258.2 255.2 254.4 256.6 270 282.1 284.6 274.4 269.7 275.3 288.5 298.6 306 317.2 329.5 328.6 333.4 322 339.3 354.3 366.1 374.6 377 381.2 388 394.3 398.5 399.5 397.8 396.4 396.9 400.1 400.3 400 396.1 391.4 381.7 376.6 369.7 373.8 373.3 379.2 384.6 398.9 403.2 405.2 405.7 406.3 406.7 407.4 413 417.2 414.8 417.4 421.4 429.8 443.5 453.1 457.8 458.1 473.1 485 492.6 500 507.3 517 529.6 538.3 550.1 563.5 588.4 611.4 619.1
238.5 235.5 237.8 247.3 248.5 251.1 251.3 252 257.7 273 284 286.9 276.5 266.8 275.5 288.6 298.7 302.9 313.8 324 323.8 326.3 323.3 338.7 351.5 363.1 370.9 372.5 377.6 385.5 392.5 396.9 396.7 395.6 394 394.1 397.6 397.6 397.9 393.6 386.7 377.6 371 355.8 372.3 377.5 379 383 393.2 394.5 397.1 399.9 402.4 403.9 408.2 412 413.2 414.9 418.2 423.4 432.2 445 454.1 454.9 461.2 475.7 484.9 490.8 497.6 505.7 516.9 528.4 536.6 549.6 561.5 590.3 611.2 617.8
248.1 241.6 235.1 237 238.7 240.9 241.3 246.1 256 273.3 283.4 287.1 278.4 265.8 276.2 290.1 297.9 304.3 310.4 317.6 321.2 313.6 324.1 335 348 361.1 365.8 367.4 373.6 383.1 390.2 394.9 395.7 393.6 392.5 392.4 394.4 396.2 395.6 390.3 381.6 372 364.7 358.7 367 376.9 380.2 383.7 388.3 390.7 393.8 396.4 399.9 402.2 405.8 410.3 408.9 412 419.4 425.5 433.6 443.9 451.7 452.4 464.7 475.2 480.3 487.2 495.2 505.4 519.4 527.9 535.2 548.3 561.7 591.8 609.7 617.3
249.2 246.4 238.6 234.7 236.6 237.1 241 244.9 254.3 270.9 280.6 284.1 274.4 263.9 276.5 290.5 296.7 299 303.9 309.6 314.3 305 318.5 330.7 343.3 355.2 358.8 362.1 369.7 380.2 387.7 392.8 395.2 393.9 391.2 391.9 393.4 394 392 386 375.2 367.1 346.7 357.3 365.8 377 380.8 384.3 386.7 389.4 392.2 395.3 389.3 397.2 403.7 405.8 412.7 414.9 420.5 425.7 434.3 442.9 447.3 451.4 462.9 470.4 475.5 482.9 493.5 505.4 522.6 532.1 538.9 547.1 567.1 599.9 610.5 617.2
248.8 247.9 241.9 235.5 236.1 237.2 248.9 250.7 254.2 267.1 277.5 281.1 271.9 262.6 275.8 290 294 292.8 297 300.8 306.1 299.9 313.2 325.1 337.2 350.1 353.5 355.5 366.4 376.7 384.1 389.8 394.5 393.9 389.2 389.8 390.9 391 389 379.6 370.8 360.4 350.4 358.2 366 374.2 382.3 386.9 390 392.1 395.6 398.3 402 407.1 406.5 414.4 415.8 419.3 422.6 426.4 433.5 439.8 441 448.4 457.8 462.8 468.3 480.1 494.1 509.9 522.6 534.6 538.5 549.6 573.5 604.5 618.5 622.8
245.7 246.1 244.9 235.6 234.3 241.3 258.2 256.5 254.3 262.4 274 277.7 272.9 261.3 274.2 287.1 289.9 287.6 289.2 290.9 294.5 297.3 310.6 321.7 332.6 342.1 345.6 353 362.3 372.7 380.1 386.9 394.3 394.7 387.5 388.1 387.4 387.2 381.7 373.3 366.3 342.1 349.7 358.7 365.2 370.8 383.4 387.3 391 392.5 395.4 398.6 406.7 414.1 413.4 413 418 420.7 423.1 426.5 433.1 436.3 437.5 444.3 451.7 456.1 469.4 483.7 496.6 513.8 524.7 535.6 544.4 562.9 581.6 611.1 621.9 623.6
245.1 242.5 244.8 236.1 234.1 247.6 262.4 260.1 257 260.1 268.7 276.2 273.1 259.6 273.2 283.7 290.2 290.2 283.3 285.9 289.1 298.4 308.4 318.5 326.7 333.3 344.6 349.5 360.4 370.3 378.6 387.8 395.8 393.5 383.1 382.3 382.3 380.7 374.8 367.6 359 338.4 350.4 363.9 363.2 369 378.4 386.8 390.8 393.2 394.8 400.1 409.9 417.6 415.7 416.7 417.8 420.3 423.5 426.6 430.8 432.1 440.2 450.1 453.3 459.8 474.9 488 501.2 513.3 521.6 533.9 547.7 567.8 593.4 620.1 625.2 626.8
248.9 245.9 237.7 235.5 233.7 253.3 264.2 262.4 257.5 257.5 264.7 273 273.6 259.8 272.8 280.5 287.5 292.9 282.5 284.2 289.4 297.8 306.9 316.2 324.7 334.9 344 350.1 360.4 370.2 379.8 388.7 395.8 388.2 378.1 375.3 374.2 371.7 367.8 358.1 351.5 337.9 348.8 366.7 361.9 367.8 376.1 387.2 391.7 393.6 395.7 401.5 413.1 419.8 416.9 420.2 422.1 420.7 423.2 427.1 431.8 437.7 447.1 453.5 456.5 468 477.1 490.9 502.4 511.9 519.7 533 552.3 582.6 615.6 627.4 629.3 629.4
253.3 248.2 244.6 235.2 233.5 254.2 263.2 261.7 256.2 253 258.3 265.7 270.1 256.8 269.7 276 283.3 291.3 281.6 283.3 289.5 296.2 304.7 313.9 321.2 330.3 340 349 359.7 369.1 379.7 390.7 392.7 383.5 372.4 367.8 367.5 366.7 361.2 345.5 335.7 336 344 352.3 361.2 370.1 377.3 387.6 391.5 394.4 397.7 402.3 414.7 417.6 418.2 423.6 422.3 420.8 424.3 428.9 433.8 442.5 452.2 458.1 461 469.7 480.2 491.1 500.9 508.5 516.5 539.6 558.7 590.8 625.8 631.4 632.1 635.9
256.9 248.1 245.5 235.1 236.5 250.8 257 258 252.7 248.2 249.6 255.8 260.6 253.9 261.1 268.4 277 286.8 281.6 279.1 288.1 294.7 300.8 310.1 314.8 328.7 337.3 346.6 358.6 369.8 381 389.9 387.9 376.5 369.6 361.2 366.1 361.2 348.2 327.3 317.5 332.9 345.7 348.9 364.7 372.6 378.4 386.9 391.1 396 398.9 404.2 414 414.9 418.6 421 419.7 424.9 431.7 433.9 437 449.2 457.9 461 463.5 470.9 480.2 489.1 497.4 506 523.2 545.1 564.4 600.2 631.3 634.7 638.8 645.1
259.1 250.7 246.4 233.5 234.9 245.6 253 251.6 246.7 242.7 247.4 250.2 251.4 251.2 254.6 259.7 268.1 279.2 279.2 274.1 285.1 292.5 301.8 307.6 316.1 328.8 335.6 340.1 356.1 369.2 379.8 385.2 380.5 366 357.2 353.1 349.7 344.3 338.2 319 326.5 335.1 340.3 350.1 361.1 375 378.2 391 397 399.5 400.3 404.6 410.3 410.5 416.1 417.2 422 431.1 439.8 440.1 446.4 454.6 458.8 459.4 462.2 469.2 476.2 485.9 495.2 506.1 529.1 548.1 573.1 610.2 635.4 639.5 647.4 653.6
260.6 253.1 248.9 234.2 233.6 236.6 245.7 244.3 240.1 241.2 245.4 245.5 247.7 248.9 253.3 256.2 259.2 267.1 268.4 281.3 282.6 293.1 298.6 303.2 312.5 325.2 330.4 336.9 353.6 365.4 374.8 377.5 371.2 358.1 350.7 347.6 343.8 335.4 326.5 313 325.5 333 341.6 350.3 363.2 370.6 381.6 393.2 401.1 404 404.1 404.4 407.3 408.4 413 414.8 425 436.3 443.4 444.7 448.5 453.4 454.6 453.9 458.9 467.4 475.4 486.3 495.9 510 535.5 554.4 582.5 621.9 638.9 646.5 655.1 660.8
260.6 254.5 251.4 237.1 232.9 234 237.4 236.7 237.4 241 242.3 243.7 246.4 251.8 259.3 265.9 269.1 274.9 282.5 279 290.5 295.9 297.6 300 310.3 320.5 325.7 334.7 348 360 368.7 369.9 362.5 352 343.3 343.3 341.7 327.5 314.7 313.7 322.6 331.7 342 352.8 363.8 377.1 385.1 395.2 404.9 408.4 407.2 408.3 408.6 409.7 411.9 413.9 428.2 439.4 441.4 443.3 445.6 448 447.3 448.6 456.9 466.2 476.3 486.8 499.2 514.9 541.3 557.6 593 632.2 645.3 654.6 662.8 671.4
259.1 254.8 251.2 249.3 231.8 233.5 234.4 235.7 237.7 239.1 243.6 246.8 252.2 259.8 264 269.3 277.5 284.9 285.5 286.2 291.8 295.9 295.6 295.4 308.2 315.9 319.7 332.4 343 352.7 360.5 361.5 355.5 347.9 340.3 341.4 329.7 318.3 310.9 317.5 320.7 329.1 341.6 356.9 368.4 376.8 389.2 398.7 409.8 410.7 408.7 410.1 410.1 410.9 413.3 418.6 429.9 438.1 437.7 439.3 441.1 440.5 442.2 446.8 458.3 466.6 476.5 489.6 503.5 525.7 543.4 564.2 600.8 643.7 652.8 663.2 673.7 683.9
257 254.2 250.3 248.9 242.8 232.3 234.1 235.1 236.7 240.3 247.2 251.8 258.7 265.5 266 270.1 279.5 285.7 281 284.7 290.5 293.6 292 295.8 305.4 311.3 317.4 327.3 337.4 345.9 353.3 354 347.9 343.9 336.4 332.2 323.5 312.6 313 318.3 325.9 335.4 347.1 359.9 369.9 377.2 393.2 402.6 412.1 411 408.5 410.7 411 412.2 413.2 418.9 429.5 435.7 433.9 433.2 434.3 441.8 448.2 450.9 460.5 470.8 481.4 493.8 513.7 531.8 545.8 569.8 603.7 645.9 663.9 676.1 684.8 687.5
252.3 252.6 251.4 249 245.8 233.2 233.5 233.7 235.2 244.9 247 252.7 259.3 264.3 265.5 269.4 278.4 281.7 282.3 277 286.9 289.9 288.9 293.9 301.8 308 313.6 320.1 330.3 338 345.7 347.5 344.8 339.6 334.5 322.5 313.2 308.7 316.5 320.7 329.8 341.5 351.3 363.1 373.9 378.5 392.7 404.4 411.7 409.5 409.8 411.1 411.7 413.6 414.1 419.4 428.6 431.4 430.3 432 437.5 448.4 455.2 456.4 465.2 474.2 484.1 496.3 517.3 534.7 550.2 574.2 611.1 651.4 673.2 685.5 690.6 690.5
256.2 255.1 255.6 252.5 248.4 244.8 231.2 232.3 233.3 244.1 245 249.2 255.6 260.6 263.9 267.3 275 280.4 280 270.4 281.5 284 286.8 293.5 300.5 308 315.4 321.3 322.6 329.7 337 341.2 340.3 337.5 321.6 316 308.8 319.3 323.2 326.4 333.8 345.7 354.4 365.1 374.4 379.8 392 404.7 410.6 408.4 408.2 410.1 411.7 412.5 414 419.3 425.7 426.7 427.2 431.1 441.6 452.5 460.2 462.5 467.8 475.8 485.6 500.8 520.1 535.6 556.6 582.9 616.2 653.5 680.6 689.2 692.7 692
256.9 251.2 258.2 256.9 249.9 250.1 249.9 231.5 232.4 234.6 242.6 246.2 255 263 264.6 263.6 270 275.8 272.5 268.4 278.5 287.9 291.6 293.1 298.7 306.8 317.9 321 317.2 319.7 327.3 334.4 336.9 329.5 316.1 311.9 308.9 321.4 325.3 331.2 337.5 347.3 355.1 366.7 374.9 380 393.3 405.5 407.9 406.6 407.4 409.9 411.1 413.2 415.6 419 423.3 423.8 424.8 430 443.5 457.1 462.6 464.8 470.1 476.9 487.6 505.4 521.7 535.2 557.8 586.3 625.3 659.8 680.5 685.4 680.8 676.4
254.1 251.5 253.1 257.8 253 253.1 254.5 243.5 232.9 232.1 237 244.3 253.8 262.1 263.3 260.1 264.9 270.3 269.8 267.4 281.7 291.1 292.6 289.2 294.2 310.9 319 318 311.3 312.7 319.2 328.8 326.9 321 313.5 304.2 311 322.3 326.4 330.8 338.6 347.2 356 367 374.9 385.2 395.4 404.3 406.6 406.3 407.2 409.4 410.7 412 414.7 420 423 421.7 423 430.8 446 458 461.6 463.2 469.3 477.7 488.9 508.9 522.2 533.5 560.3 601 631.7 658.5 676 676.1 668.7 662.3
249.2 246.8 248.9 253 252.3 252.8 254.2 248.4 239.8 232.8 232.2 242.1 251.1 257.3 259.2 255.2 260 265.3 262.6 270.2 282 290.2 290.6 288 293.9 306.3 315.3 313.1 304.4 306.2 313.9 322.7 322.9 317.2 312.2 301.6 311.2 321.6 322.4 329.5 337.2 346 357.5 368.5 376.2 384.7 393.8 404.1 405.6 406.4 407 409 409.7 412.6 415.9 424.3 422.2 422.6 421.4 432.2 447.3 457.1 458.2 460.5 466.8 477.6 489.8 511.7 519.8 535.4 563.3 600.5 645.8 664.3 668.3 664.9 653.6 637.3
244.4 243.4 244.2 245 248.7 247.5 250.6 246.1 239.9 237.4 231.6 237.4 245.4 253.1 254.5 252.2 255.8 261.6 258.6 266.2 278.7 286.4 287 284.4 292.2 302.5 310.9 306.7 301.5 303.1 310.2 317.4 316.4 313.8 310.5 300.1 310.5 320.1 318.8 327.1 337.9 347.2 359.7 368.5 377.8 385.1 396 403.4 406.1 406.2 407.6 407.5 409.7 411.6 420.1 428.9 420 421.4 420.5 431.4 446.8 454.2 453.5 457.6 466.9 480.2 491.5 511.9 518.2 532.2 564.6 602.8 655.2 663 662.9 662 638.9 605.5
242.8 240.6 240.5 245 243.9 242.3 244.9 241.6 237.6 237.7 233 228.5 240.6 248.2 250 249 251.9 258.5 257.9 259.2 271.2 279.6 281.3 281.1 288.5 297 304.2 301.5 297.2 300.7 306.5 312.5 312.8 310.3 308.4 299.5 308 314.8 317 328.1 335.6 346.1 359.8 370.1 377.9 385.2 394.8 403.5 405.4 405.6 406.5 407.4 408.9 413.2 424.6 429.8 418.8 420.1 421.6 431.8 444.7 449.7 447.6 454.3 467.4 482.9 492.7 512 515 533.4 566.1 604.3 649.9 658.6 657.3 650.2 619.6 588.4
245 245.8 245.4 245.6 236.2 236.7 237.8 239 233.6 232.8 232.1 230.9 235.3 243.4 244.7 246.3 251 254.6 255.8 256.4 266.5 273.2 275.1 276.1 283.3 290.4 295.6 294.4 297.3 299.1 301.5 305.3 309 307.8 305.1 299 302.8 309.2 320.8 330.1 339.7 348.8 359.1 367.1 375 384.8 395.1 401.9 404.1 404.6 405.7 406.8 409.2 415.7 428 428.7 418.5 419.9 423.8 432.2 441.5 444.1 443.5 453.9 471.1 484.7 493.1 507.2 517.4 534.6 564.2 601.8 653.6 650.5 639.9 619.7 596 567.4
249.9 253.5 252.6 242.6 240.1 236.3 234.6 234.1 232.2 231.5 230.3 230.8 230.7 238.2 241.5 243.8 249 250.4 250.1 257.1 264 267.6 269.1 270.7 277.7 283.3 286.1 292.7 297.3 295.7 295.8 302.9 308.6 307.2 302.4 297.8 301.3 311.1 322.3 332.8 342.6 351.5 362.2 367.8 375.9 386.7 388.8 398.4 402.7 403.6 404.7 407.1 410.7 418.1 428.4 426.8 417.9 420.8 425.5 432.2 438 439 447.7 462.1 473.8 485 493.8 503.2 518.4 533 556 598.1 623.8 620.8 608.2 595.6 569.3 546.2
