WholeMapElevations/data/ns/ns63_OST50GRID_20230518/NS63.asc
ncols 200
nrows 200
xllcorner 260000
yllcorner 630000
cellsize 50
[rows 140 to 174 of 200, columns 0 to 77 of 200]
306.7 304.5 302.6 301.3 300 299.1 297.8 296.7 295.2 288.8 294.4 296.2 297.3 297.2 294.3 296.4 297.8 296.8 298.2 298 299.2 298.2 296.8 295.3 295.9 295.4 293.7 293.5 293.2 291.4 289.3 289.4 288.4 287.3 287.8 287.2 286.2 285.7 285.9 285.5 285.2 285.2 284.8 283.7 282.7 281.9 280.3 282.2 285 288.3 289.9 291.3 292.7 293.8 294.6 294.7 294.8 293.8 290.7 287.5 284 283.2 290.1 295.7 298.8 297.9 302.4 304.8 304.6 294.6 308.9 310.3 315.4 317.5 319 320.2 318.8 322.2
309.7 307.2 304.6 303.2 302.4 300.6 299.1 296.5 291 296.2 297.7 296.6 298.1 298.4 297.2 297.7 299.1 298.9 297.8 297.3 298.4 297.4 296.9 295.1 294.4 293.8 291.7 291.9 292 291 291.2 290.7 288.7 288.8 289.1 288.4 287.5 286.8 286.7 286.6 286.5 285.9 284.8 283.5 283.5 281.7 281 284.3 286.3 288.5 290.5 291.8 293.1 294.2 294.7 295.1 295 293.6 291 288.7 283.9 283.7 289 297 300.2 297.9 302.8 305.7 306.4 295.7 308.9 310.4 315.6 317.9 319.6 321 318.4 323
313.6 309.3 306 305 303.3 302.3 300.1 294.3 296.2 298.2 298.9 298.6 298.7 299.5 297.1 299.2 300.1 300.6 300.5 300.4 299.8 299.1 297.6 296.1 295.1 295.4 294.3 294 293.2 292.5 291.7 290.7 289.5 290.2 290.2 289.5 288.8 288.4 288.1 287.8 287 286.2 285.4 284.2 283 281 282.6 285.5 288.3 289.8 290.6 292.2 293.5 294.5 295.1 295.4 295.4 293.6 291 288 285.6 284 288.3 297.1 301.2 300.7 304.5 306.4 307.5 302.6 305.3 313.7 315.6 318.4 320 321.6 321.7 322.8
315.2 310.3 307.2 305.5 304.8 303.5 298.9 298.9 300.7 301.1 299.7 300.8 299.8 300.7 299.4 301 300.6 301.5 301.9 301.7 301.1 300.5 299.3 298.4 296.4 296.5 295.6 295.4 294.6 293.7 293 290.5 291.5 291.8 291.6 291.1 290.4 290.3 289.7 288.8 287.1 286.1 284.9 283.3 282 282 284.8 287.8 288.7 289.9 290.9 292.3 293.8 294.7 295.5 295.8 294.9 292.4 291.3 287.3 284.7 285.9 291.2 297.8 302.3 302.9 305.6 307.3 307.8 309.3 301.8 314.1 315.4 318.4 319.9 321 321.8 322.7
315.5 311.2 309.1 308.2 306.8 304.7 298.3 302.3 303.2 303.1 302.7 302.6 302 301.9 301.7 301.8 302.2 302.6 303.2 303.1 302.9 302.6 301.2 300.2 298.9 298.3 297.4 296.3 294.6 294.6 293.7 292.2 292.9 293.7 293.8 293 292.4 291.7 290.9 289.8 288.2 286.4 285 284 281.8 283.7 287.1 288.6 289.7 290 291.2 292.5 294 295 295.9 296.1 293.5 291.5 285.5 285.7 284.8 287.1 292.2 298 303 304 306.8 308.3 309.4 309.2 303.4 314.2 314.3 318.7 319.9 321.6 322.3 324.4
314.1 311.6 310.6 309.9 309.4 308.3 299.8 305.2 306.2 306.2 305.5 306.5 305.9 305.5 305.3 303.4 305.4 305.7 306.4 306.9 305.9 305.5 306.3 305.6 303.1 301.6 299.6 299.3 296.8 296 294.7 292.8 295.3 295.8 296.2 295.8 295.3 295.1 293 291.7 289.1 287.7 285.7 283.3 282.4 285.2 288.3 289.5 289.8 290.6 291.7 292.8 294.3 295.3 296.2 295.9 294 292.1 285.6 286.2 287.7 288.8 289.8 298.1 303.3 305.2 307.3 309.1 310.5 311.7 304.4 309.2 315.3 318.6 320.1 321.8 322 323.9
313 311.5 310.7 310 309 303.3 304.5 309.4 310.6 310.4 311.6 312.4 312.6 312.6 311.8 308.4 310.2 310.8 311.5 311.6 310.9 310.7 311.1 310.5 307.8 304.4 300.3 301.9 299.4 298.7 294.9 293.4 299.2 299.4 298.8 298.3 297.2 296.6 295.1 292.7 289.7 288.3 286.8 282.9 284.1 287.8 289.2 289.3 290 291.1 292.2 293.3 294.5 295.5 296.1 294.9 292 287.6 285.8 287.6 289.4 289.8 294.7 298.6 304.2 305.4 307.2 309.9 311.7 312.9 305.6 311 315.2 317.5 320.7 322.3 321.3 322.8
310.4 309.7 308 306.5 303.5 305.9 309.7 313.3 314.7 315.4 316.9 318.4 319 317.9 317.6 314.7 314.9 316.3 315.9 316.8 317.2 315.9 316.1 314.1 310.7 307.5 303.2 303 302.7 302.4 296.9 298.2 302.9 302.4 301.7 300.9 299.9 297.9 297 294.2 290.7 288.9 286.8 283.8 283.3 288.3 289.9 290.6 290.7 291.4 292.5 293.6 294.4 295 295.3 294.4 292.4 288.2 287.4 288.9 290.6 291.7 296.6 300.2 305.4 306.3 307.7 310.9 312.6 313 307.9 311 315.3 316 319.1 321.3 320.3 323.5
311 308.7 307.2 307.3 305.6 308.6 312 316.2 319.5 321.4 322.7 324.4 325.1 323.4 322.6 321.7 319.9 321 321.4 322.4 323.4 322.7 319.7 316.8 313.8 309.5 304.7 304.8 304.5 303 296.1 305.1 305.3 305.5 305 302.8 300.8 300 298.8 295.1 290.7 288.5 286.1 284.2 282.9 288 290.4 291.3 291.7 292.2 292.6 293.5 294.1 294 293.5 292.4 290.8 289 288.3 290.2 291.4 293.3 298.6 301.3 305.1 307 308.4 311.8 313.4 313.9 310.8 309.3 314.7 317.4 317.2 319.9 320.5 323.5
312.1 310.4 309.3 309.2 308.8 309.8 313.5 317.8 322 327 329.8 332.4 332.6 330.5 327.7 327.4 326.7 328.1 328.7 329.7 330 328.7 323.5 319 315.7 311.8 307.4 306.7 303.9 297.5 306.7 308.3 309 307.3 307.9 306.1 304.1 302 300.5 296.2 289.7 286.5 285.6 284.1 283.1 288 291 291.6 292.1 292.6 293.1 293.7 294.2 294 292.6 291.6 290.2 289 288.4 290.9 293.1 294.7 298.7 304.3 305.2 307.1 309.6 312.3 313.9 314.5 314.5 310.4 311.3 317.6 319.2 320.9 321.3 322.6
313.7 311.7 312 311.2 310.1 310.5 315.2 319.4 323.7 329.3 334.5 338.9 340.9 341.4 334.6 333.4 331.7 333 335.1 336.9 337.3 334.6 329.5 321.7 316.7 313.3 310.1 307.9 298.9 302.4 310.3 312.8 312.5 311.3 310.7 309.7 307.7 305.5 303.2 299.5 292.8 285.7 284.4 283.7 284.4 288 290.9 291.5 292 292.7 293.3 293.8 294.2 293.5 291.8 291.1 290.3 289.3 289.3 291.8 293.7 295.9 298.5 304.2 306.2 308.5 308 311.5 314 314.9 315 313 310.8 316.3 319.2 319.6 319.8 321.4
315.3 314.2 314.5 313.7 313 313.8 315.6 319.6 324.7 330.6 337.7 341.9 345.5 349.9 342.3 336.8 336.2 338.8 341.5 341.8 342 339.8 334 325.7 319 314.9 312.9 309.3 300.5 312.8 316.1 316.9 316.7 315.5 314.3 313.3 311 308.7 306.6 301.6 295.2 287.1 285.1 284.8 285.3 288.6 290.5 291.2 291.9 292.5 293 293.5 293.7 293 291.5 290.9 290.6 289.7 290.8 292.6 294 296.7 298.4 304.7 307.1 308.4 310.3 310.9 313.8 314.5 314.6 312.4 310.9 314.9 317 317.9 319.2 321
316.3 317 317.1 316.4 316.4 317 320.1 322.7 326 332.5 339.9 344.7 349.2 352.1 345.8 338.9 339.8 342.4 344.7 345.3 345.5 343.3 337.2 328.9 321.2 316.6 314 306.9 306.7 318.8 320.5 319.9 320 319.3 317.9 316.9 314.3 312.3 309.4 304 296 289.1 286.6 284.7 286.4 288.3 289.6 290.4 291.3 292 292.5 292.9 292.6 292.2 292 291.6 291 290.2 291.5 292.8 294.1 297.8 299 304 307.3 308.6 309.8 310.8 312.8 314.1 313.5 311.8 310.6 312.3 314.8 314.4 317.9 320.8
320.4 320 320.5 320.7 319.2 321.6 323 325.8 330.4 334.8 341.4 346.4 349.9 351.2 344 341.4 342.2 343.6 346.6 347.8 348.9 345 338.7 331.1 323.6 317.8 311.7 304.1 318.3 322.6 324.2 324.1 322.4 321.6 320.5 319.1 316.9 314.6 311.4 305.3 297.9 292 287.6 285.3 286.7 288.2 288.9 289.7 290.6 291.2 291.8 291.9 292.5 293.1 293.5 296.7 292.1 291 292.1 293.3 294.4 297.8 298.9 301.2 306 308.2 308.7 310.7 311.6 311.4 311.5 310.7 309.3 309.6 311.5 311.6 314.7 318.2
323.7 322.4 324.3 324.6 323.6 325.4 326.6 328 332.3 335.4 340.3 345.5 348.2 346.7 344.7 343.9 343.9 344.9 347.5 349.5 350.1 345.7 339.9 332.2 323.8 317.8 305.9 317.4 325.7 327.4 328 327.8 326.1 325.7 323.5 321.6 320 317.7 313.6 306.5 300.1 294.4 290.9 287.4 287.5 288.5 289.2 289.6 289.9 290.5 291.4 293 294 290.8 288.6 289.4 292.8 291.7 293.2 294 294.8 295.8 298.2 298.5 302.1 305 306.5 309 310.5 309.7 308.1 308.5 306.8 309.4 310.1 312.7 314.1 315.1
327.8 325.8 328.2 329 327.7 327.9 329.1 329.9 329.9 333.4 337.1 342.9 344.7 345.5 345.2 345.1 344.9 345.2 346.4 348.3 348.6 346.8 341.3 333.5 320.7 307.9 311.5 316.1 330.2 333.5 333.8 331.7 331 329.4 327 324.6 322.6 320.5 316 308.2 301.6 296.3 292.6 290.2 288.3 288.2 288.7 288.8 288.1 289.8 291.6 296 291.9 287.1 285.8 286.5 289.4 292.3 295.2 295.4 295.1 295.4 296.6 299.6 299.1 296 299.1 302.8 306.3 304.2 303.1 302.8 306.7 309.9 311.1 312.1 312.9 313.8
331.5 331.9 333.7 334 334.2 333.9 331.9 331.5 331.6 331.5 335.4 338.2 340.3 343.6 344.8 344.7 344.5 344.7 345.2 345.3 346.1 345.1 340.2 332.2 311.5 320.1 327.2 333.2 334.2 338.6 338.3 336.9 336.3 334.4 331.7 328.1 325.5 322.1 317.2 309.8 303.7 298.6 294.2 290.9 289.5 288.7 288.3 288 286.9 289.2 291.2 289.7 287.7 285 284.3 283.9 285 288.4 294.1 298.5 299 295.3 294.1 294.5 293 292.5 293.5 296 296.7 296.5 298.3 302.2 306.5 308.3 309.5 310.7 311.7 312.7
331.5 338.7 339.2 340.8 341.8 342.3 340.9 336.7 335.1 335.5 335.7 335.8 338.3 340.8 341.7 343 343.8 343.7 343.1 342.1 341.7 342.7 336.6 329 313.2 328.5 336.2 337.5 339.9 341.2 340.8 341.1 340.9 338.9 335.5 331.9 328.3 323.5 318.4 311.7 306.4 300.9 295.3 292.2 290.9 290 289.1 288.1 285.2 289.3 287.4 285.1 283.6 283.4 282.3 282.6 283.1 286 287.9 293.7 291.3 292.2 293.2 292.2 291.7 292.5 296.4 295.5 298.3 301.4 299.3 301.5 304.7 306.4 306.7 309.2 310.9 311.9
339.8 344.8 346.3 347.7 349 350.8 350.7 344.8 342.1 340.4 340.3 338.3 337.2 337.1 337.6 337.8 338 339.3 338.7 339 336.9 336.2 331.7 320.9 323.5 343 343.5 340 343.4 344.4 344.1 345.2 345.3 342.9 339.6 335.3 331 326.3 320.6 313.9 308.9 303.9 297.6 292.5 290.7 290.1 289.4 287.6 286.3 284.6 283.6 281.8 281.2 280.9 280.3 280.2 280.9 284.4 286.1 286.6 287.4 288.6 289.4 289.4 291.3 293.1 295.2 295.4 297.5 299.8 299.9 301.1 303.3 304.1 304.9 306 307.7 310.9
347.2 350.5 352.8 355.2 356.8 359.9 362 353.2 349.1 348.1 346.9 342.5 338.7 336.5 335.4 334.6 334.7 334.6 335.6 335.5 328.9 324.2 324.4 326.7 342.1 349 347.2 343.1 346.1 347.6 347.4 349.1 348.3 345.5 343.9 340 335.8 328.3 323.8 317 310.7 304.8 299.1 294 289.6 288.6 288.9 285.2 283 282.8 278.8 279.1 279.1 278.7 277.7 276.6 278 279.4 281.2 282.4 287 288.1 290.7 296.4 295.6 294.3 298 299 296.4 297.8 299.3 300.6 301.2 302.6 304.8 305.9 306.5 308.7
351 355.3 357.7 360.6 364.1 368.6 365 359.7 355.9 354.2 354.1 349.1 342.9 338.8 335.9 333.3 331.9 330.8 329.7 329.7 327.7 331.9 327.8 341.5 348.9 351.7 347.7 347.6 349.1 350.2 350.3 351.3 351.1 348.9 347.3 343.6 338.1 331.4 326.8 321.2 314.3 308.8 301.7 296.3 291.1 288.3 283.4 281.5 278.2 279 278.1 276.2 276.5 276.8 274.9 271.8 276.9 281.5 284.2 285.7 286.8 288 291.1 293.4 297 294.9 295.5 296.9 298.5 297.9 298.6 299.3 300.1 302.2 303.7 305.2 306.8 307.9
357 359.5 362.1 365.5 369.3 373.2 373.1 365.7 361.1 357.5 356.2 352.5 346.5 341.1 336.5 333.5 331.7 336.2 337 334.9 337.3 338.9 341.2 345.7 350.8 351.2 348.8 349.5 351 352.4 352.8 353.6 353.2 352.1 350.4 347.1 340.4 334.5 329.4 323 317.6 311.3 304.7 298.1 293.3 289.8 286.2 281.1 275.3 274.7 274 273 272.6 273.8 271 273.1 275.5 279.2 284 285.6 286.4 287.9 289.9 291 293.6 295.3 294.5 295 296.4 297.4 297.3 299.2 300.8 301.3 302.1 303.5 306.5 307.8
364 366.9 372 372.6 376.2 379.5 381.4 379.2 363.6 358.3 355.9 352.7 348 342.9 337.9 334.2 333.3 338.2 338.8 337.9 338.6 340 341.9 346.9 350.2 350.5 350.3 351.6 353.6 355 355.7 356.2 355.1 355.2 354.9 350.8 342.6 337.5 332.2 325.6 319.3 312.3 306.2 299.8 295.4 290.6 287.8 282.9 277.8 275.2 269.1 269 268.7 270.1 267.5 271.6 274.6 278.1 281.1 284 285.2 286.5 287.6 289.7 294.4 297 294.4 293.5 293.5 294.2 297.6 298.8 299.6 300.4 301.3 302.1 305.9 307.2
369.1 373.8 379.4 381.2 383.5 383.9 384 382.9 369.5 358.3 355.2 352.1 348 342.9 338.3 335.3 332.8 337.8 338.8 339.9 340 341.7 343.5 346.4 349.1 350.4 351.9 353.7 356.7 357.4 359.2 359.3 358.6 358.4 357.6 352.2 345.5 340.6 334.5 327.2 320.5 313.2 307 301.2 297 292.1 288.4 284 277.7 271.8 270.8 273.7 264.9 266.3 267.1 271.4 274.5 277.7 280.7 281.6 282.7 283.9 285 286.1 290.1 293.4 292.6 291.2 290.6 294.3 295.9 297.4 298.3 299.2 300.3 301.4 303.4 304
373.5 378.9 382.5 385.9 390 387.8 386.5 381.9 372.1 361.7 355 351.3 347.5 342.5 338.8 336.4 332.8 336 338.7 340.5 340.8 342.6 344.4 347.4 350.5 351.6 354.5 356.3 359.7 361.7 362.5 362.5 362.3 361.6 358.1 353 347 341.6 335.4 328.4 321.1 314 307 301.6 297.5 292.9 289.2 285.9 279.6 273.7 269.8 266.8 264.5 262.3 266.3 270.3 273.6 277 279.4 280.6 280.7 281.5 281.8 281.9 283.4 287 286.8 283.6 290.4 292.8 294.6 296.4 297 298.2 299.5 300.7 300.7 300.1
379.9 381.4 383.9 387.8 391.9 390.6 386.9 381.5 373.4 363.5 356.4 350.6 346.1 342.4 339.1 336.7 334.3 334.8 337.5 339.6 341.8 343.5 345.5 348.7 351.6 354.6 356.7 359.3 362 364.1 365.1 365.4 365.3 362 358.5 353.9 349.1 342.7 335.2 328.6 321.1 313.4 306.4 302.3 298.1 292.9 289.1 286.1 280.2 274.8 269.9 266.1 263.1 259.5 262.6 267.6 272 275.9 277.8 278.9 278.9 278.5 278.7 278.1 278.9 279.2 282.3 282.3 287.4 291.2 293.4 295 295.7 296.7 298.1 297 298.3 300.8
383.9 384.4 385.3 388.4 391.2 392.7 389.2 381.1 373.4 365.9 356.4 350.5 346 342.3 339.1 336.3 334.1 334.2 336.3 339.8 342.3 344.4 346.8 350 352.7 356.7 359.5 361.9 364.1 365.8 366.5 365.9 364.2 360.3 357.2 354 349 341.8 334.5 328 320.3 312.3 306.5 302.8 297.9 292.3 289 286.2 281.6 276 270.2 267.1 262.4 258.1 259.1 263.1 269.2 273.2 275.6 276.9 276.6 276.1 275.6 273.1 275.8 283.5 288.2 287 287.2 290 292.1 293.5 294.4 295.4 294.9 299.3 300.3 301.2
387.6 386.1 386.8 387.9 390 392.3 391.2 379.3 372 365.7 358 350.2 345.3 341.6 338 336 334.1 334.1 336.7 339.9 342.4 345.1 347.8 350.6 353.8 357.7 360.8 363.3 365.4 366.4 365.8 364.7 361.9 358.8 354.9 351.5 345.9 340 333.4 327.3 319.1 312.7 307.2 303 297.4 291.9 289.2 286.4 282.5 276.4 274.4 269.1 265.2 261.7 256.6 259.4 264.9 269.4 272.2 273.1 273.8 273.2 272.4 271.4 276.5 283.7 289.9 288.9 287.9 288 290.7 291.7 292.4 293.7 296.1 298.8 299.8 299.9
387.6 387.5 386.5 386 385.3 387 384.3 377.1 369.9 364.8 358.5 349.9 344.6 340.8 338.4 335.1 333.4 335 337.3 339.8 342.5 345.5 348 351.1 354.7 358.8 361.6 363.8 365.6 365.3 364.4 362.5 360.5 357.4 354.1 348.7 343.5 338.5 333 325.8 319.8 313.8 308.3 302.7 297.1 291.5 289.3 286.6 283.9 279.8 275.2 270.3 266.8 261.9 256.8 256.5 260.3 264 267.5 269.3 270.5 270.5 266.8 271.8 276.1 282.8 289.9 292.4 287.8 287.2 289 290.1 291 292.9 294.4 296.6 298.1 298.5
385.5 387.6 386.6 384.1 380.3 379 376.7 373.2 368.8 362.4 355.9 349.7 344.2 340.1 337.7 335.8 333.8 335.6 336 339.8 342.6 345.5 348.7 351.7 355.7 359.6 361.8 363.7 363.7 363.2 362 360 358.4 356.2 352.5 348.3 344.1 338.9 331.2 326.3 321.4 315 308.9 303.8 297.2 291.6 289.7 287.2 284.5 281.1 276.9 273.3 270 264.3 260.2 255.9 255 258.9 263.9 266 267.5 268.2 268 271.1 275.6 282 288.4 291.4 288.7 289.4 289.1 289.7 290.8 292.1 293.3 295.5 296.4 297.7
381.7 387.8 384.2 381.5 377.7 373.8 371.2 369.7 365.5 360.2 354.3 347.8 343.4 339.2 337.3 335.6 334.3 335.2 337.5 339.9 342.6 345.1 349.1 352.8 356.6 359.6 361.6 362.9 362.3 361.3 359.7 357.6 355.3 353.4 350.5 346.6 344.1 339.1 334.7 329.1 323.7 315.9 309.2 302.4 296.1 292.7 290.2 287.7 285.5 282.7 278.8 274.8 270.9 266.5 261.8 257.1 253 255.1 260 263.1 265 262.7 267.5 270.4 273.7 279 284.1 285.5 288.9 289.3 289.3 290.3 290.8 291.6 292.6 295.8 297.3 297.6
376.9 379.6 378.2 376.9 374.4 371 367.8 365.4 363.5 356.4 352.1 346.9 340.8 339.3 337 335.9 335.1 334.5 337.7 339.9 341.6 344.5 348.6 352.4 356.1 359.4 361 361 360.1 359 358.2 356.9 355.9 354.3 352.3 348.8 344.8 340.4 335.6 330.6 324.6 317.6 310 300.1 297 293.1 290.4 287.9 286.4 283.7 280.2 276.7 272.5 267.5 262.3 257.4 254.1 252.3 256.4 259.8 258.5 260.3 266.6 269.1 272.9 278.5 282.8 287.5 290.6 290.8 287.8 289.6 290.1 290.7 293.1 298 298.5 296
375 376.1 375.9 375.7 374.2 370.5 367.5 364.5 360.7 357.1 352.8 348.4 344 341.5 338.5 337.6 336 334.4 337.7 339.8 341.1 342.6 346.8 350.8 354.9 357.9 359.4 358.3 356.9 356.1 355.6 355.7 355.5 354.8 352.2 349.1 345.2 340.3 335.3 330.8 325.4 318.7 306.9 302.6 298.2 293.5 289.9 288.1 285.9 284 281.1 277.4 272.9 268.7 263.9 258.7 254.5 251.3 253.1 253.6 260.4 264.3 267.3 270.2 273.6 277.9 282.6 287.3 291 289.4 286.6 287.8 287 288.5 288.8 294.9 294.4 286.1
373.9 374.5 375 375 374.6 372.3 369.4 367 363.7 358.5 354.9 349.9 345.5 342.5 340.2 339 337.8 337 337.8 338.7 340.4 341.1 343.5 348.3 352.1 355.3 355.7 355.1 353.8 353.3 353.4 354.2 354.4 354.2 352.1 349.1 345.5 340.5 335 330.6 325.1 316.8 306.5 302.8 298.5 291.8 290.1 288.6 286.7 284.4 280.5 277.1 274.3 271.1 265 260.1 255.5 250.4 251.9 256.3 259.9 263.5 266.9 270 273.6 277.2 281.1 285.9 289 287.7 285.3 284.8 272.4 278.4 279.6 279.4 277.1 279.7
372.8 374.4 375.1 375.4 375.5 374.3 371.7 369 364.9 361.3 356.5 350.8 346.9 343.5 341.5 340.5 339.8 339.3 337.6 337.9 339.5 340.5 340.9 343.2 348.1 351.1 351.8 351.1 350 350.3 351 352.1 352.8 352.9 351.4 348.5 345.4 340.8 334.8 329.8 323.1 314.7 309.2 303.5 298.7 292.4 291 289.8 288.1 285.3 281.9 278.1 275.3 271.5 266.3 261.5 256.7 249.6 251.6 255.3 258.7 262.4 266.4 269.8 273.3 276.8 279.5 282.5 284.6 286.1 282.1 275.3 271.6 272.6 278.1 275.7 285.3 290.2
