WholeMapElevations/data/ns/ns80_OST50GRID_20230518/NS80.asc
ncols 200
nrows 200
xllcorner 280000
yllcorner 600000
cellsize 50
[rows 0 to 34 of 200, columns 78 to 155 of 200]
187.3 187.2 213.2 236.3 251.8 262.9 270.4 272.2 267 278.4 289.5 305.8 322.3 339.8 358.1 378.8 390.1 397.7 403.6 405.4 404.8 402 393.9 383.8 375.2 363.3 346.9 327.2 295.7 264.6 236.3 237.9 246.8 273.4 304.2 335.8 349.8 356.6 360 361.3 357 343.8 333 318 307 295.2 288.3 278.2 277.5 282.6 284.2 281.3 283.1 284 288.7 294.4 313.2 328.6 346.6 364.3 381.8 398.5 418.2 448.5 477.2 504.1 526.2 543 556.6 568.4 579.3 586.8 593.4 600.2 607 613.7 622 628.7
189.3 205.9 222.6 243.4 258.4 271.3 278.5 281 288.7 307.8 320 333.3 349.2 362.9 373.6 380.8 388.4 393 397.4 400.4 400.1 399.1 394.8 389.4 383.7 376.8 364.8 343.7 315.7 282.3 251.6 240.1 247.9 262.5 281.9 315.4 337.7 346.1 350 347.1 337.5 322.3 308.8 299.2 288.2 272.8 272.3 274.6 278.3 278 283.8 291.1 293.1 302.3 309 311 309.6 334 354.3 372.9 390.2 409.3 431.3 455 481.1 506.3 527.8 544 558.4 570.3 578.2 584.4 591.1 596.4 603.9 611.1 615.5 622.3
201.8 204.7 228.4 241.5 247.6 258.2 269.6 281.6 298.5 316.3 329.7 340.5 354.2 363.7 373 377.8 382.7 387.4 391.6 394.1 395.1 393.6 390.9 386.6 385.4 379.8 372.5 356.4 328.9 297.1 261.4 237.6 252.7 261.2 277.7 299.7 327.5 333.7 335.2 328.8 315.4 300.9 288.3 279.2 268.2 271 275.5 282.7 289.3 296.1 304.6 309.4 309.2 317.5 324.4 328.5 332.1 329.7 354.3 372.6 392.5 413 435.8 460.4 485.9 510.5 529.6 545.6 560.1 570.1 576 582 587.4 592.2 600.1 606.8 613 615.6
210.8 218.7 217.2 225.9 240.3 256 264.5 284.6 294.7 312.1 325.2 336.3 347.6 358.8 368 374.6 379.8 383 386.9 389.1 389.8 388.2 386.9 384.8 383.8 381 373.8 364.1 337.3 311.6 278.5 254.2 243.7 258.2 270.6 286 302.7 316.2 313.5 304.4 296.6 283.7 271 267.9 274 284.6 294.1 302.1 309.6 317.6 324.7 329.9 327 328.6 337.8 345.8 351.6 356.5 355.7 364.6 389.4 410.4 435.3 462.9 489.8 512.6 531.1 547.2 560.8 566.7 572 577.7 582.6 588.1 594.6 601.3 607 609.5
210.2 226.1 236.9 244 257.6 270.3 285.1 298.3 309.1 322.9 336.6 347.4 357.4 362.7 367.9 372.9 377.6 380.1 382.7 385.8 386 385.6 383.8 382.6 381.7 379.6 375.3 368.8 353.5 324.9 290.6 267.2 251.2 254.8 264.4 277.5 284 288.4 290.4 286 275.6 264.6 265.3 274 289.3 301.7 314.4 326.1 337.3 343.4 348.2 352.2 347 343.2 355.7 365.6 372 375.9 376.8 372.9 382.4 407.5 434.5 465.7 494.3 517 536 550 560.8 565.5 568.6 572.9 577 582.3 587.3 593.9 599.1 602.9
204.6 223.7 241.1 252.1 265.7 278.7 296.3 311 327.3 341.8 353.6 363.7 369.3 372.2 372.7 375.2 378.3 380.6 382 383.2 384.2 383.5 381 379.1 378.9 377.6 375.9 373.4 365.5 339.2 306.5 281.9 263.9 248 255.9 263.9 271.5 275.4 272.9 264.1 262.7 265.5 284.4 296.9 311 325.6 340.9 355.3 364.7 369.3 373.5 372.9 367.7 354 375.4 388.1 390.2 395.3 397.2 394.2 388.1 410.1 438.7 470.3 500.1 523.4 540.4 553.4 560.2 563.3 565.5 565.9 569.3 575.5 581.9 587.7 592.4 595.5
195.8 215.3 238 254.7 270.8 289.8 308.9 325 342 356.3 367 373.7 377.1 378.7 379.2 379.5 380.2 381.2 381.9 381.6 382.3 381.4 378.3 375.7 376.5 377.2 378.2 376.6 372.7 358.1 332.9 306.9 284.6 265.6 258.3 260 259.6 259.7 259.1 260.8 275.9 291.4 307.5 322.3 338.7 355.1 369.4 381.1 388.7 392.4 394.2 389.9 384.4 375.9 390.8 406.1 410.1 417.1 419.4 414.7 404.3 417.6 444.1 475.7 506.6 528.3 544.2 555.1 559.1 560.2 559.1 555.7 559.5 568.2 578 583.8 589.6 593
188.7 207.7 231.2 254.5 271.9 295.8 316.8 334.7 351.8 364 373.8 378 380.3 382.2 382.9 383.3 382.1 381.2 381 380 378.5 377.3 376.3 375 377.3 379 379.7 379.2 378 371.1 356.9 336.7 314.1 292.4 276.8 268.3 260.3 266.5 272.9 279.6 295.4 315.4 332.7 350.3 367.4 381.9 394.7 404.8 414 416.6 411.9 406.8 402.1 395.4 398.7 418.4 427.6 438.1 444.6 437.9 424.6 428.1 455.9 485.8 513.8 534.7 549.8 557.5 556.9 553.1 544.5 534 547.6 564.1 573.8 580 587.1 592.2
189.1 200.7 222.8 249.1 272.6 295.9 317.2 335.6 354.4 366.8 374.9 378.4 380.8 383.2 385.1 385.3 384.2 381.3 380 377.1 373.4 370.4 371.5 379.5 382.1 384.4 384.2 383.7 382 375.8 367.5 356.3 340.8 321.5 301.7 283.9 277.3 285.1 296.6 304.9 312.2 334.6 357 376.2 392.2 406.2 417.3 426.6 434.3 441.2 445.1 438.3 426.9 417.4 413.2 425.4 439.7 461.5 472.4 461.1 444.7 442.3 469.6 496.4 520.6 542.3 550.8 550.1 546.8 538.1 527.3 534.8 554.5 562.6 571 578.3 585.7 590.8
189.4 202.5 216.3 242.3 270 292.3 312 329.7 345.8 359.1 370 376.8 380.1 382.6 386.3 386.6 385.9 383.2 379.8 375.3 367 364.2 374.9 381.6 385.1 386.1 388 387.7 384.7 380.3 374.2 364.4 351.5 336 316.8 289.1 297.1 307.9 320.7 332.1 338.4 352.6 378.4 398.6 413.9 426.7 436.5 447.5 458.1 464.5 466.9 468.5 453.9 438.4 432.2 436.9 457.3 488.2 498.5 484.5 462.2 465.2 480.8 507 529.5 543.3 539.7 536.4 532.8 524 515.7 537.6 554.9 562.3 570.7 578.1 584.7 590.9
203.1 200.3 216 236.1 262.8 285.4 300.6 316 333.8 349.4 362.1 372 376.8 379.1 383.7 384.3 383 381.6 378.1 374 361.8 363.8 374.8 381.1 385.3 387.2 389.1 391 388.4 385.9 378.6 370.6 358.3 344.6 326.7 310.6 315.4 329.5 340.6 353.4 363.9 374.7 396.5 417.8 432.4 444.8 456.9 467.4 474.1 480.7 483.1 487 481.9 465 453.8 458.5 478.8 506.3 514.7 504.4 491.5 492 497.5 518.3 537 532.7 526.4 521.5 516.6 507.6 516.1 536.4 553.6 561.8 570.7 578.6 585.3 591.5
225.2 194.1 215.5 230.5 248.8 272.9 291.6 307.7 320.9 337.7 352.1 361.9 369.1 374.9 379.2 380.9 379.2 377.3 374.6 368.9 355.7 357.6 373.3 379.8 384.4 387.1 390 392.9 390.9 388.3 382.9 373.2 364.7 352.4 336.1 332.4 337.2 348.5 361.1 372.2 390.5 402.6 415.2 430.4 445.3 459.8 471.9 479.9 486.8 494 500 505.1 504.9 492.2 483.3 486 501.7 521.1 529.2 522.7 520.9 520.2 523.8 526.5 523.7 517.3 509.8 504.9 496.8 505.5 525.4 547 557 563.4 570.7 579 585.8 590.9
245.1 218.2 203.5 219 237.2 254.5 275 294.3 307 321.8 338.8 353.9 362.3 369.6 373.7 374.3 373 371.2 367.5 361.7 347 358.6 372.1 378.8 383.6 386.3 389.8 391.6 391.9 389.1 385.2 376.3 369.6 360.9 347.3 348.7 357 368.6 382.2 395 406.1 418.5 433.1 443 455.5 469.5 481.1 489.4 497.5 504.3 509.8 516 521.4 519.1 516.1 519.5 527.8 537.1 540.5 535.8 536.3 534.9 532.9 522.6 508.4 497.9 492 483.8 495.3 515.1 536.3 552.7 561.2 566.3 572.1 579.7 585.8 590.8
261.5 245.7 226 201.4 216.7 236.8 254.7 277 291.8 308.9 325.8 343.8 354.6 361.8 365.9 365.1 363.4 360.5 356.5 349.3 337 358 369.5 377.5 382 386 387.7 390.1 390 388.8 386.9 381.5 374.3 366.9 363.6 359.7 376.4 387.4 398.7 410.3 420.6 432.1 445.3 455.7 465.7 473.1 484.5 493.3 502.9 510.9 519.2 525.2 533.1 535.6 539.6 542.1 544.6 546.3 545.4 543 543.9 538.5 526.1 510.2 493.3 479.5 469.7 488.6 507.8 528.2 545.9 557.6 565.1 571.8 575.8 580 585.4 589.5
277 264.9 248.2 230.1 213 207.4 235.7 255.6 277.4 297.5 315 333.6 345.6 352.4 357.5 357.2 353.5 348.3 343.1 333.3 345.4 359.2 365.7 373.4 378.2 381.5 384 386.5 386.1 391.2 391.8 388.5 382.3 377.8 378.1 372.1 385.3 397.3 410.1 422.2 435.5 444.6 451.6 462.6 471.7 477.9 485.9 496.5 506.3 514.1 523.5 534.7 538.4 542.3 548.4 550 548.1 547 546 545.1 543.9 534.9 517.3 498 477.3 459 478.7 500.8 520.3 538.4 553.4 563.8 571.8 577.7 579.4 580 583.6 587
290.5 278.3 265.9 251.2 236.5 216.3 215.4 237.2 265 286.2 305.7 321.9 334.6 343.6 349.6 345.3 342.2 335.3 324.9 333.9 349 357 361.2 366.9 371.4 376.4 378.7 379.9 385.6 393 396.1 392.4 386.3 387.4 388.2 387.7 394.5 405.6 418.7 431.7 444.6 453.2 456.5 460.7 471.9 478.5 486.4 496.4 506.1 514.8 524.6 534.3 542.5 547.9 552 549.8 545.6 544.4 544.1 543.5 542.6 533.6 509.7 487.2 464.4 455.5 478.4 502 522.9 542.6 558.2 569.2 577.1 581.9 579 576.5 577.6 577.6
302.3 289.5 276.5 266.7 255.8 238.1 213 221.1 251.3 278.8 299.3 316.3 325.6 335.2 339.8 338.1 331.1 320.8 318.8 336.7 345.9 352.8 357.1 361.3 367.3 370.9 374.6 377.1 386.1 395 396 394.4 391 391.4 393.3 397 403.7 414.4 426.2 440.3 451 458.1 462.6 464.4 466 474.9 483.1 494.5 502.8 512 522.7 535.6 546.9 547.9 545.3 542.8 540.3 538.2 539.4 540.3 538.7 529.8 505.9 479.6 456.4 450.9 474.1 500.6 523.9 544 559.5 570.1 577.5 578.1 572.4 567.3 565.2 563.6
314.8 297.8 283.5 276 268.3 253.6 235.7 209.1 236.5 272.3 294.6 309.9 318.6 325.4 328.2 324.5 317.3 304.3 316.7 332.2 340.7 346.2 351.7 356.1 362.7 366.6 370 375.1 384.7 392.1 394.5 393.3 393.1 395.1 398.5 402.3 411 419.6 431.6 447.4 456.4 460.1 461 462.6 461.6 469 474.9 486.8 497.8 510.5 522.2 536.3 545.8 543.4 538.3 534.5 532.8 532.2 534.7 536.9 535 525.3 502.4 475.4 450.4 443.6 469.1 496.9 521.4 542.7 558.2 567.6 567.7 567.9 561.6 555.3 552.3 550.1
323.5 306.1 291.8 282.7 274.7 260.9 242.4 211.1 237.5 267.5 287.3 299.1 311 317.6 318.5 314.6 308 294.5 312.9 323.1 332.6 339.3 345.1 351.9 358.8 364.2 368 373.4 382.8 386.3 385.9 389.5 394.3 396.3 400.1 407.3 416 423.9 434.6 444.6 456.1 456.8 457.2 455.9 454.5 455.7 467 482.3 494 511.7 523.8 535.8 541 538.5 531.5 521.8 519.6 521.5 529.4 533.7 529.4 520 497.6 471.1 444.4 438 463.9 491.4 516.3 535.9 550 554.6 556 556 549.5 541.9 538.8 537.9
331.7 311.9 296 285.4 274.3 260.3 239.7 210.3 240.9 259.7 274.6 288.8 298.6 304.3 306.5 305 297 289 308.2 318.4 325.2 331.3 336.9 346.8 356.2 362.7 367.2 372.4 376.4 379.4 380.9 387.1 392.2 397.9 402.8 410.4 420 428.5 437.3 445.7 450.7 451.7 449.6 445.1 443.5 449.5 464.5 480.7 496 513 525.5 533.4 535.3 531.9 521.8 507.9 502.4 509.6 521.4 526.5 522.3 511.6 490.2 465 437.8 433.6 460.4 487.9 511.5 530.5 541.1 545.7 545.2 543 535.5 528.2 525.7 524.5
338.1 318.2 301.6 287.7 274.8 258.4 236.9 213.5 229.3 245.6 259.3 271.4 282.4 291.1 296 293 279 284.6 304.3 313.1 319.3 325.5 331.7 343.8 354.2 362.5 366.4 368.3 369.7 372.4 376.3 383.1 388.4 396 403 412 422.7 432.3 437.9 439.9 442.4 442.4 440.4 433.4 428.6 444.5 462.2 482 497.9 512.7 522.7 528.6 528.6 523.4 511.4 494.4 482.1 493.3 508.6 515.6 511.1 501.1 480.4 455.4 428.5 429.3 457 482.8 506.6 524.9 533.6 535.7 533.1 529.5 521.1 512.1 508.8 510
344.7 325.2 307.5 289.5 274.5 254.6 230.1 235.6 219.6 223 237.8 249.1 261.8 269.4 274.6 274.5 259 285.7 297.8 306.3 313.5 319.4 332.3 344.6 352.9 361.6 365.1 367 362.9 363.4 373 376.2 384.1 392.3 400.6 411.2 420.7 428.2 430.4 430.6 431.4 430.8 427.8 418.7 429.6 446.1 461.9 479 493.4 505.2 516 522.2 520 514 500.6 481 458.7 471.8 490.8 500 497.2 487.5 468.2 442.9 415.2 428.1 454.5 479.3 503.4 519 523.4 523.8 520.4 515.5 503 492.6 485.1 499.9
351 328.8 308.9 291.3 271.7 249.9 222.3 249.9 246.1 235.7 224.4 218.9 231.6 244.3 250.8 245.7 261.4 277.7 284.3 299.4 312.1 323.6 337.1 349.1 357.1 361.8 365 363.2 359.7 356.3 363.5 370.3 376.8 382.5 391.7 404.2 412.5 417.5 420.3 419.2 417.9 416 410.7 416.8 432 448.9 464.5 479.7 491.2 499.5 504.6 512.9 509.8 501.2 489.6 471.1 453 448.4 469.8 484.5 482.5 473 453.9 429.3 401 427.2 452.4 477.3 500.2 510.6 513.3 511.2 506.3 497.4 479.7 468.4 477.5 490.5
353.1 332.6 308.9 289.6 266.2 243.4 238.5 263.1 262.2 257.1 251.4 247.3 236.5 225.4 227 232.7 251 266 290.8 304.2 314.9 328.9 342.5 354 360.9 361.6 362 357.8 353.9 350.6 354.1 361.2 366.1 371 377.4 387.9 396.2 401.5 404.2 403.5 400.3 393.9 408.3 425.2 440.5 453 468.6 483.1 495.2 501.6 499.3 497.9 492.7 486.1 476.3 461.7 447 430.4 452.3 469.6 469 457.9 439.8 415.7 396.7 427.5 451.4 475.1 494.8 500.8 498.9 496.6 486.5 471.9 453.8 444.6 472.1 484.2
347.8 326.1 304.2 283.8 259 229.5 255.3 279.5 280.2 276 272.1 268.4 262.7 257.6 254.6 244.1 248.5 274.5 291.1 305.7 318.6 333.5 347.3 357.7 363.1 362.2 358.2 353.1 346.5 345 347.7 349 350.7 356 363.7 371 377.9 384.6 387.2 383.7 390.1 406 421.2 436.3 446.5 456.1 470.8 484.7 496.5 499 495.3 483.7 474.5 468.3 459 447.9 435.1 419.7 440.1 456.2 455.3 440.8 423.8 401.8 392.5 425.4 451.3 474.4 487.8 487.6 483.3 476.4 461.6 445 428.5 441.1 464.6 481.5
336.2 316.4 299.4 275.7 248 248 276.1 296.6 301.1 299 293.7 287.1 280.3 271.4 262.9 243.7 247.6 272.5 290.4 306.6 322.5 337.3 347.8 359.6 364.3 362.5 356.7 347 340.1 337.4 338.1 335.3 332.6 335.1 345.2 355.3 361.7 363.1 365.9 385.1 402 417.2 430.4 440.6 449.7 458.4 468.9 481 486.8 484.8 478.9 466.6 454.8 444.1 437.7 428.3 419.6 407.9 429.8 440.6 439.1 424.7 404.8 383.9 394.5 426.4 453.2 474.3 477.5 472 464.4 452.8 436.5 421 409.1 438.2 464.8 483
328.9 310.4 289.7 262.7 239.1 264 293.3 314.7 320.1 320.1 315 306.8 294.4 279.8 267.5 246.2 247 270 289.5 306.9 323.4 337.4 348.3 361.1 365.2 362.6 353.6 343.2 332.7 323.3 324.8 313.2 327 338 343.5 347.8 356.6 370.5 385.2 398.6 409.1 421 431.2 440.4 449.2 454.8 460.2 466.7 469.9 466.6 460.2 451.4 439 416.5 412.6 406.5 401.1 401.5 417.1 424.9 421.6 407 384.7 364.3 398.2 427.8 452.5 463.2 460.5 454.5 445 428.4 411.1 392.7 407.3 438.5 465.5 481.1
322.4 302.7 278.8 246.7 261 285.5 311.6 329.8 333.9 333.8 329.7 317.5 302.4 285.6 271.8 247.1 246.4 269.7 288.9 306.7 320.8 337.1 350.6 357.9 361.3 358.1 349.6 338.5 327.9 319 314 317.8 330.4 343.8 357.3 365.5 375.2 385.3 393.9 403.5 410.4 419.7 430.6 439.6 443.9 447.9 451.3 453.4 452.1 447.5 441.3 434.3 419.2 400.6 389.2 386.6 381.5 401.4 407.9 407.6 404.1 389.2 362.4 371.6 401.4 425.5 442.8 445.4 442.1 436.1 424.4 402.8 385.2 373.5 407.8 438.2 462.3 469.7
314.2 292.3 264.9 253.5 282 307.4 329 339.2 341.3 342.3 337.4 325.5 307.9 288.4 273 247 252.5 273.6 288.6 306.1 319.1 333.8 345.9 351.7 352.6 348.2 343.1 331.5 321.2 314.3 301 315 327.7 339.8 352.8 363.6 373 381.7 388.9 398.8 407.7 419 429 434 434.5 435.9 438.2 439.4 439 434.4 425.9 415.9 399.6 383.1 371.6 366.8 386 396.9 398.9 394.5 385.9 369.4 342.9 374.5 400.2 416.1 423.9 426 423.1 417.1 402.2 380.1 359.1 379.4 408.4 431.3 450.2 451.7
306.4 281.4 253.9 272.3 298.6 320.6 338.7 344.5 346.6 345.9 341 331.1 313.3 291.8 274.8 243.1 254.2 273.1 287.1 301.2 312.9 325.1 340.2 342.1 339.4 336.5 334 324.3 314.2 306.9 301.5 312.1 322.6 335.5 345.8 356.6 364.2 372.6 381.9 390.6 405.9 419.6 424.6 421.3 422.8 421 422.9 424.1 424.2 418.6 409.2 397.8 381.4 367.4 355.8 373.5 385.6 390.7 389.4 383.9 371.3 352.2 340 373.9 392.5 399.3 403.6 405.9 403.5 395.8 384.6 360.3 346.3 379.1 399.7 419.5 432.6 428.4
292.6 264.8 269.9 294.3 311 325.3 340.5 345.7 347.5 347.3 342.7 333.5 319.3 298.3 278.5 255.5 248.8 268.2 279.4 290.1 300.7 312.3 321.8 327.1 326.6 326.1 323.2 314.6 309.2 303.4 298.8 307.3 318.1 327.2 334.2 342 350.4 358.6 369.6 381.8 396.8 409.2 406.3 405 406.1 405.3 406.4 408.2 406.8 398.9 390.3 380.1 364.9 354.8 352.2 365.2 373.7 378.8 375.3 370.1 359.8 335.7 344.1 374.6 385.7 390.2 388.2 385.4 379.6 376.1 367 338.9 345 376 390.8 403.5 412 408.4
277.5 277.1 290.5 306.3 315.8 325 335.7 340.1 344.1 344.7 340.9 336.6 321.4 302.2 286.7 268.5 246.5 254.9 269.8 281.2 290.2 300.1 308.2 308.9 309.5 311.2 308.7 306.6 305.9 300.8 295.3 303.6 309.9 315.1 319.3 326.9 335.8 342.8 353.4 367.8 376.9 379.5 381.1 382.8 385.2 384.4 387.7 389.6 387.2 381.2 372.6 362.3 351.6 341.7 347.5 352.2 360.3 363.5 363 359.2 346.6 321 342.8 369.5 378 379.6 379.2 371.5 350.9 341.7 336.3 308.7 341.7 365.9 379.6 386 392.9 386.9
278.7 285.2 297.3 307.6 313.8 320.2 327.6 331.9 333.8 335.7 337.2 331.9 322.5 310.3 295.7 275.8 265.3 247.1 258.7 270.3 280.1 288.9 292.7 295.3 297.2 298.6 300 300.9 299.8 294.3 292.3 299.4 302.2 306.9 310.7 316.5 322.8 329.7 339.6 348.9 351.9 357.7 360 359.3 360 360.1 365.5 366.9 364.9 360.7 354.6 348.1 339.4 331.4 337.8 341.7 346.7 350 351 347.5 328.9 315.6 344.4 361 367 370.1 369.5 356 331.9 310.8 305.7 295.1 328.9 346.4 361.4 369.9 368.6 362.7
274.3 283.8 294.9 297.6 310.2 320.2 328.2 333.9 336.8 338.2 335.1 330.6 321.9 313.5 304.5 294.6 280.8 267.1 254.6 249.9 264.9 273.2 279 284.1 284.5 286.7 288.9 289.1 292.7 287.2 287 293.1 295.7 299.7 303.5 308.2 313.5 318.2 324.6 327.7 333.5 339.6 341 339.2 339 338.1 340.4 344.8 344.4 341.7 338.5 333.1 327.9 323.6 326.6 331.5 334.9 338.3 339 337.3 316.5 317 341.1 355.1 361.4 365.7 366.3 363 351.5 317.7 288.5 285.5 303.4 322.1 339.5 349.2 350.1 339.1
271.4 287.8 300.8 311.7 320 327.7 333.6 339.6 343.6 344.8 341.7 336 326.6 317.8 312.6 306 294.1 285.1 275.4 265.7 252.4 254.9 266.8 272 275.3 276.8 279.1 280.4 281.7 271.5 287.1 285.8 289.1 293.2 297 300.4 303.8 308.4 312 316.4 321.9 323.2 323.6 320.3 320.3 319.1 323.3 326.2 328.9 327.5 325.6 322.5 315.3 311.9 316.9 320.6 325.2 327.1 327.5 326.1 303.7 305.4 338.5 349.4 356.7 360.2 361.5 359.2 353.7 327.5 295.4 269.2 279.6 300 321.2 336.4 339.9 317.4
