UK/data/nc/nc92_OST50GRID_20230518/NC92.asc
ncols 200
nrows 200
xllcorner 290000
yllcorner 920000
cellsize 50
[rows 35 to 69 of 200, columns 78 to 155 of 200]
280.2 283 284.9 287.5 293.9 303.2 311.5 319.4 325.6 330 334.6 339.8 339.4 340.2 341.2 341.6 342.7 341 335.4 331.9 326.5 325.6 332.2 337.7 341.4 347.1 353.7 361.5 367.7 373.1 378.9 383.2 389.4 394.9 400.2 404.6 407 409.2 409 406.6 402.8 398.1 391.6 384.6 378.7 372 363.6 353.5 342.3 335.4 330.2 326.7 326.1 321.9 319.9 322.4 322.6 325.2 327.3 329.1 331 330.5 332 335.9 339.3 342.6 347.1 353.1 356.9 361.1 364.5 367.1 367.9 371 377.6 383.3 387.4 395.3
276.8 278.5 280 284.7 291.2 299.8 307.2 313.8 320.9 326.1 328.2 332 334.5 335.7 335.4 335.9 336.8 335.8 329.7 324.6 321 317.5 322.1 323.6 334.2 339.4 347.3 356.4 363.4 369.1 373.8 380 385.6 391.8 398 404.8 409 411 410.5 410.1 406.6 402.1 394.6 387 380.8 374.8 364.4 352.2 342.1 333.6 328.8 325.1 322.7 322.5 322.5 325.5 326 327.4 329.5 332.6 334.2 334.2 334.3 338.7 342.2 345.7 351.7 358 362.8 367.8 370.9 373.5 376.1 381.6 387.5 391.4 395.9 402.2
273.2 273.5 276.8 280.6 286.4 294 300.7 307.1 313.5 317.9 322.6 324.9 326.3 327.7 328.4 328.2 328.9 330.6 323.6 318.5 314.7 310.4 315.4 326.8 337.5 346.2 353.5 358.8 361.8 366.9 372.8 378 384.6 392 399.4 405.6 410.4 413.4 412.8 412.8 410.1 405.2 397.8 390.9 384.8 376.3 363.6 351.2 340.5 335.2 329.7 327.1 326.8 325.8 326.7 327 328 331.2 333 336 337.8 339 340.3 340.5 344.6 349.3 354.8 361.4 367.6 373.9 378 381.1 384.5 391.5 395.6 400.2 405.2 410.9
269 269.2 273.2 275.8 280.6 285.4 291.6 297.4 302.9 305.8 311.3 314.6 316.2 317 316.9 319 319.8 319 314.2 312.2 305.1 308.4 314.5 325.6 336.3 347.8 356.3 362.5 367.4 370.7 374.9 380.2 386.5 394.2 400.8 407.3 413 417.5 419.3 418.5 415.4 409.3 402.5 394.3 386.6 376.2 364.3 353.7 343.8 335.7 331.4 330.5 328.9 327.2 328.7 331 332.6 335.7 337.8 339 342.8 343.5 345.2 345.2 345.5 351 358.7 366.3 373.5 380.1 385.5 389.5 394.6 402.3 406 410 415 418.5
265 267.4 269.4 272.3 275.6 279.4 282.9 286.8 290.5 293.8 297.2 298.7 299.2 301.1 303.1 301.8 304.9 304.3 303.6 301.6 297.7 303.9 317.8 328.4 340.1 348.5 358.1 363.8 368.9 374.2 379.1 384.3 390.7 397.1 404.9 412.3 419.3 426.1 428.7 426.7 423.5 417.4 407.2 399.9 388.9 379.4 365.9 355.7 348.6 337 332.4 330.9 329.1 329.9 331.5 334.8 337.6 340.1 341.9 345 348.7 353.1 354.5 354.2 352.2 356.3 364.2 371.9 379.6 387.6 393.9 400 410.2 417 420.7 423.8 427.4 430.3
262.9 264.7 266.3 268.5 271.5 274.3 276.9 278.3 280.9 284.1 285.7 287.2 287.5 288.7 289.4 288.4 287.8 286.5 287.9 291 299.8 310.9 323.1 336.3 348.2 354.3 363.1 367.5 372.1 378.5 384.3 390.7 396.7 403.1 411.9 422.7 430.9 436.9 437.9 436.5 432.3 426.7 414.7 407.4 396.5 384.6 374.5 365.5 355.9 341.3 339 338 334 336.1 338.7 342.4 344.8 347.9 351.9 357.7 362.4 364.5 364.8 363.4 362.2 364.3 371.5 378.6 389.6 398.3 405.7 416 424.2 428.7 432.7 436 441.1 445.6
259.8 260.5 263.4 264.8 266.9 269.2 270.7 272.2 273.7 275.2 275.1 274.5 274.2 274.3 274.8 277 286.4 289.8 292.6 300 305.4 320.7 333.5 348.6 358.2 364.3 372.1 377 382.9 389 395 401 407.8 414 426.8 435.2 444.3 449.3 451.3 449.4 443.4 436.8 427.4 416.8 406 398 386.8 377.8 367.1 357.5 347.8 344.1 341.5 345.2 349.6 353.7 360 363.1 366.4 371.5 374.1 375.6 374.6 374.1 372.9 373.7 379.8 391.2 400.6 409.8 417.9 428.2 433.4 437.5 441.9 447 452.6 457
258.1 257.8 258.6 261.4 262 264.6 265.7 266.5 267.2 267.9 267 265 266.9 274.5 282.1 287 295.5 298.3 301 308.9 316.8 332.6 348.3 361.3 369.5 376.1 383.2 389.2 394.8 399.6 407.5 415.1 422 433 442.5 452.8 459.8 464.1 466 465.3 459.4 450.6 440.4 430.8 419.3 412.2 400.2 391.8 380.3 372.3 363.3 353.2 352.2 355.3 360.1 366.9 372.6 375.2 378 380.4 383.6 384.5 383.5 382.2 380.6 382.1 390.7 399.4 408.3 417.9 426 435.1 438.5 442.2 447.6 452.9 457.4 456.1
256.2 255.2 256 257 257.4 260 261.6 261.7 261.8 261.8 262 266.7 272.4 279 286.6 295.4 307.1 313.7 314.6 317.8 329.4 345.4 361 370.9 380.1 388.8 395.7 401.4 407.2 415.1 424.2 433.8 442.6 452.8 460.6 468.1 476 479.4 482.6 480.6 474.5 466.1 456.4 446.4 436.6 430.7 420 405.6 391.4 382.6 373.7 366.6 362.7 367.4 371.8 378.1 382 384.7 386.3 387.8 389.4 389.9 390.6 389.6 387.5 390.4 400.8 406.7 413.9 422.5 430.6 435.6 440.3 444.5 448.3 451.5 452.5 449.3
253.1 253.1 253.7 252.7 253 255.6 256.9 256.5 256.5 259.5 265.5 269.7 276.4 283.6 292.6 305 316.4 324 327.8 331.4 343.7 359.3 371.6 383.5 393.3 402.7 410 417.1 423.8 433.2 441.3 451 462 471.8 479.8 486.5 491 493.7 495.1 493.6 488.3 479.3 470.2 460.4 450.9 439.4 429.6 416.7 402.1 391.2 383 378.2 377.9 379.9 383.3 386.5 389.7 390.6 392.3 392.7 392.8 393.5 394.1 394.4 394.9 398.8 405.9 411.7 418.1 424.8 428.8 434.1 437.6 441.6 444 443.6 443 440.8
250.9 251.1 251.3 249.8 250.3 250.7 251.1 253.7 258.4 261.9 267.5 273.5 280.3 288 300 312.1 323.1 331.5 338.7 344.7 356.5 370.4 382.2 394.3 406.3 416.2 425.5 433.8 441.8 449.3 457.7 467.2 478.2 488.1 495.9 501.7 505.3 512.4 511.3 506.3 498.1 489 477.7 467.8 459.4 447.6 435.8 425.4 411.2 400 392.6 386.9 387.3 389.5 390.9 394.1 394.7 395.3 395 395.1 394.5 395.2 395.3 395.6 396.6 401.4 406.1 413.8 420.2 425.2 428.8 432.1 433.1 434.6 435.3 435 434.5 433.2
248.4 248.3 247.1 244.8 246.8 249.2 254.2 257.8 260.9 266 271.8 277.4 284.1 293.8 304.6 318 327.9 337.1 345.4 352.6 362.1 375.2 387.7 402 414.6 424.8 433.8 442 449.3 456.8 465.8 476.1 487.7 498.5 505.3 511.8 517.9 517.4 511.6 505.4 497.3 488.3 480.2 473.2 462.9 449.8 437.3 427 417.1 408.1 400.8 397.7 396.6 396.4 396.9 397.2 398.2 397 396.4 395.9 395.4 395.1 394.7 395.2 397 400.6 407.6 413.6 419.7 425.7 427.4 427.7 426.9 425.4 426.8 426.6 426.4 425.9
244.5 243.6 242.9 246.8 251.3 253.9 257 260.1 264.5 269.3 275.3 284 290.4 299.2 310.7 322.1 332.1 341.3 349.8 358 366.9 378.9 391.6 405.4 418.6 428.1 436.2 444.9 452.1 459.8 469.7 479.6 490 502.4 509.9 515.1 514.3 509.3 502.1 496.2 489.3 482.6 476.6 467.7 455.7 444.8 434.5 425.8 419.5 413 408.9 405.8 405 404.1 403 401 399.3 397.3 395.4 392.7 392.7 391.5 390 390.7 392.8 398.3 405.5 410.6 417.8 423.3 421.1 417.5 416 416.6 418.3 419.3 420.2 419.9
240.3 240.3 245.2 249.4 253.3 255.6 259.2 264.4 268.7 274 282.1 289.9 296.8 304.3 315.4 326.8 336.4 345.4 353.8 362.1 370.5 379.7 389.6 403.3 416.5 426.6 434.7 441.9 448.2 458.1 467.3 477.7 488.9 498.4 505.2 501.7 498 493.1 490.2 484.8 479.2 472.2 465 456.2 447.2 437.2 430 425 421.4 418.4 414.8 412.8 411 409 406 402.9 400 396.4 393.8 390.1 388.3 386.5 385 386.1 387.7 392.1 397.9 402.1 410.3 410.6 407.2 403.8 403.8 405.3 410.2 412.6 413.4 413.6
238.5 244.9 247.4 250.8 255.1 258 262.4 267.5 272.8 279.1 287.4 296.2 303.2 312.6 321.5 330.4 339.5 347.8 356.1 363.8 371.6 378.6 388.6 399.5 411 420.7 428 435.6 443.5 451.2 461.5 471.8 482.6 491.7 491.4 488.3 484.1 477.3 473.1 468.6 464.4 455.9 449.2 442.3 435.1 429.8 425.9 422.7 421 419.9 417.9 416.6 414.4 412.5 408.9 404.2 398.5 394.8 389.6 386.1 382.8 380.9 380.4 380.1 381.1 384 387.9 391.5 393.4 392.7 391 391.7 392.9 395.8 401.4 405.2 405.9 406.8
244.1 246.8 250 253.9 258.3 263.7 267.7 271.9 278.1 284.8 291.8 300.7 308.6 316.1 323.9 332.6 340.4 348.6 355.7 363 370.2 376.6 384 394.1 402.5 411.7 420 427.3 433.7 441.6 451.5 461.5 472.3 476.6 475.9 472.2 467.7 463.3 458.9 455.5 450.8 443.3 437.4 431.1 425.9 421.9 418.7 418.1 417.7 417 416.8 415.7 415 412.4 408.1 403.1 396.8 390.5 384.5 380.2 374.9 372.4 371.2 372.6 373.2 373.2 375.9 377.4 378 378 378.1 378.4 380.4 385.4 391 395.7 399.9 401.5
246 248.8 252.8 256.8 263.2 267.5 271.9 277.3 282.8 287.8 295.5 302.8 310.4 318.2 325.5 332.9 340.3 347 353.6 359.8 365.2 371.8 378.5 387.4 394.1 402.1 410.3 417.4 421.7 427.6 438.8 448.3 455.1 458.5 458.3 456.2 454.8 451.9 448.6 445.2 440.4 434.5 428.3 423.7 418.7 413.9 411.4 410.9 409.9 410.6 411.9 411.3 410.4 408 403.9 398.9 393.4 386.2 378.7 372.3 365.7 362.1 362.1 362.7 363.9 364.4 366.1 367.6 368 368 368 368.3 369.4 374.7 380.6 387.4 392.2 395
248.4 251.5 256.1 262.7 267.3 272.1 276.5 281.1 285.9 289.8 296.7 304 311.2 317.7 324.4 331.6 337.8 343.6 349 354.5 359.9 365.6 371.4 379.6 386.3 393 399 403.8 406.7 413.5 423.8 433.5 438.1 441.3 443 443.3 443.7 442.2 439.6 437.4 432.5 427.4 421 416.5 411.5 405.2 401.5 400.7 400.1 401 402.5 402.9 402.4 400.3 397.5 392.9 386.3 378.7 370.6 363.9 357 353.9 352.5 353.1 353.9 355.2 356.7 358.3 359.1 359 359.5 359.8 361.3 366.7 372 379.5 383.6 386.9
250.6 254.1 259.8 264.9 269 273.4 277.9 282.3 286.2 291.3 297.8 304.1 310.8 316.4 320.4 326.8 332.3 337.9 342.9 347.7 352.6 358 364.3 371.1 378.2 384.3 389.4 391.5 394.8 403.1 410.5 418.7 424.6 429.1 432.3 434.7 434.8 434.2 432.3 429.5 425.2 420.4 413.8 408.7 400.8 394.7 390.8 388.2 387.7 388.6 389.5 389.6 391.2 391 389.2 385.2 380.1 372.7 364.4 355.7 348.9 345.4 344.3 344.2 345.5 347.2 348.7 350.8 350.6 351.3 351 351.3 354.8 359.4 365.3 370.2 374.8 377.4
251.8 256.1 262 266.3 269.7 274.1 278.5 282.1 286.3 289.5 296.8 303.1 308.6 312.5 316.6 321.4 326.7 330.6 335.4 340.1 344.5 350.7 356.5 363.2 369.4 373.6 378.9 379.6 385.2 391.9 397.6 403.5 412.2 419.5 423.2 426.1 427.3 427 425.8 422.7 417.7 413.2 408.3 400.8 392.3 386.1 382 377 376.3 375.9 375.1 375.4 378.4 379 378.8 377 372.7 366.9 358.6 349.2 342.6 338.8 336 336.3 337.7 339.3 341.1 343.4 343.8 344.4 344.3 342.7 348 353.2 359.5 364.2 366.8 369.2
254.6 259.1 263.6 267.4 270.7 273.9 278.4 282.3 285.2 287.8 295.1 300.3 304.6 308.4 312.5 316.4 320.2 324 327.8 332.2 337.1 343.3 348.2 354.6 359.7 362.4 366 370.4 377.1 381.8 387.4 394.8 403.6 410.5 415.5 418.6 420.1 419.4 418.1 416.5 411.9 406.3 401.5 393 386.4 380 374.3 369.1 367.5 367.8 367 366.3 366.5 367.6 367.5 366.8 363.6 358.1 348.4 341.4 336.1 332.5 328.3 328.9 330.6 332.4 334.5 336.7 337.4 337.1 334.4 337.2 341.5 347 354 358.9 361.8 363.8
256.4 260.4 263.9 268.1 271.6 274.2 277.2 280.6 283.4 286.3 292 296.5 300.2 303.8 307.6 310.6 313.8 317.5 321 325.2 330.4 335.6 339.9 344.2 349.9 354 356.5 362.7 368.7 372.4 378.2 387.4 396.3 402.6 407.7 411.4 413.5 414 412.8 410.1 406.2 401.1 394.6 387.2 381 375.8 370.5 364.2 359.3 358.3 358.7 357.1 358.4 358 356.4 355.8 352.7 346.8 337.6 331.4 329.5 325.1 321 320.3 322.9 325.5 327.9 329.2 329.7 328.8 325 330.5 335.9 341.8 348.4 353.1 356.4 358.3
256.7 260.2 263.4 267.9 271.4 274.4 276.6 278.8 281.5 284.5 288.8 292.8 296 298.9 301.9 305 308 311.5 315.5 318.5 323.5 328.2 332.8 336.2 339.7 343.3 348.7 355.2 360.3 365.1 370.4 378.9 389.3 395.9 401 404.6 406.7 408.1 406.8 404.1 400.3 395.5 388.7 382.9 376 370.5 366.8 361.2 353.9 351 348.8 346.9 345.4 345.7 346 344.6 341.8 333.7 324.4 321.6 321.1 318.9 314.3 313 312.5 317.6 320.4 322.2 321.7 319 320.4 326 330.6 336.7 342.9 348.8 351.9 354.2
257.1 260.1 263.2 267.3 271.5 274.5 276.6 278.7 281.2 283.6 286.1 290.3 292.7 295.5 298.7 301.8 304.1 306.3 309.9 314 316.4 320 324.5 329.4 333.5 335.1 341.8 347 351.3 357.5 364.4 373.1 382.2 391 396.5 399.3 401.8 402.2 400.8 398.2 394.2 389.5 384.4 380.4 375.4 369.8 363.9 356.9 353.8 354.5 352.8 347.7 342.8 338.3 337.9 333.4 330.3 332.9 333.6 333.2 329.6 326.3 320.4 317.4 313.8 308.3 311.3 315.2 315.4 313.8 314.5 320.5 325.2 331.2 337.5 343.6 346.9 349.2
261.1 261.9 264.2 268 272.1 274.7 276.6 278.7 281.1 283.5 286.3 289.6 291.6 293.6 295.4 296.8 299.2 301.4 303.6 307.1 311.2 314.5 316.8 322.3 325.4 329.1 334 338 342.3 350 357.8 369.3 379.5 387 392.7 396.4 397.9 397.6 396.7 393.8 389.6 385.7 381.9 377.7 372.9 366.3 360.6 360.9 360.6 359.9 356.3 352 351.5 350.9 349 346.2 345 341.8 339.9 337.4 333.7 330.8 327.2 321.9 317.1 313.7 307.7 305.6 310.6 308.3 310.5 315.3 321.4 325.6 332.1 336.3 339.3 344.4
261.8 263.5 265.6 268.3 272.7 274.9 276.9 278.7 281 283.8 286.6 289 290.8 292.6 293.1 293.3 294.5 296.5 299 301.7 305.9 308.5 312.4 316 318.1 324.1 328 330 336.9 345.1 355 366 377.6 384.3 390.2 395.1 397 396.5 394.7 391.5 386.2 381 377.6 373.3 367.1 367.3 367.9 367.9 366.5 365.1 360.8 359.4 359.1 359.9 358.1 354.6 351.6 347.7 344.9 341.3 337.7 334.7 332.3 325.9 320.6 315.7 311.2 306.8 301.8 303.5 307 310.6 315 319.7 324.3 330 335.6 339.1
265.9 266.7 267.6 270.2 273 275.1 277.2 279 280.5 282.6 285.7 288.6 289.6 290.7 290.9 291.1 291.3 291.9 294.7 296.9 299.3 301.8 305.5 309 314.8 317.8 320.1 328 335.3 343.9 354.8 366.3 376.6 384.8 391.2 394.2 396.1 396.1 394.1 392.2 389.3 384.4 379.6 375.6 373.2 374.1 373.8 371.8 372.3 369 369.3 367.6 368.9 368.8 367.7 365.7 362.8 355.6 349.9 345.6 341.7 338.3 335.1 328.9 323.1 317.7 311.8 308.5 303.3 298.1 302 305.1 309.7 313.5 315.8 322.1 328.4 333.4
268 269.6 270.9 271.6 274.2 276.3 277.7 279 280.3 281.4 283.3 286.1 287.7 288.4 288.6 288.7 287 286.5 290 292.9 294.6 297.5 300 305.7 309.3 311.9 319.9 328 334.8 342.8 353.9 365.4 375.8 384.6 391.1 395.5 397.8 397.6 395.8 394.1 392 388.7 385.1 382.2 380.7 380 379.4 378.6 377.3 376.8 375.5 374.2 375.5 375.9 374 372.5 369.4 364 358.4 351.6 345.6 342.1 337.2 330.9 323.5 319.6 314.3 308.8 303.5 297.4 296.5 300.2 304.3 306.7 308.7 313.5 318.4 326.3
269.8 271.5 272.7 273.7 275.5 276.9 278.2 279.5 280.4 280.1 281.4 283.7 285.3 285.6 285.7 284.2 282.1 281.8 285.8 286.6 288.6 292.2 297.4 301 305.2 313.5 317.8 324.7 331.7 339.6 349.4 361.6 373.5 382.6 389.9 395.4 399.4 399.1 397.8 396.5 394.4 391.8 389.7 387.9 386.1 386.3 385.4 384.5 383.3 381.4 379.6 379.1 379.7 378.8 377.8 376.1 374.2 368.9 363.1 357.8 351.3 344.9 339.1 332.8 326.2 320.5 315.2 309.8 304.6 301.7 294.4 295.7 297.9 299.8 303 305.8 309.8 315.3
271.6 273.3 274.5 275.4 275.8 277.5 278.9 280.2 280.8 279.3 279.3 282.1 282.7 282.7 282.5 280.4 278.1 278.2 278.5 281.6 287.1 291 296.2 301.3 306.2 310.5 314.1 320.7 327.7 335.3 344.9 358.2 369 379.5 388.2 395.1 400.7 402.3 402.3 400.5 398.4 395.9 393.3 391.8 390.8 390.9 390.7 389.7 388.8 387.7 386.9 385.8 384.1 383.1 381.4 379.2 377.3 374 369.3 363.4 356.2 349.3 342.2 334.6 328 321.9 316 310.3 305.7 301.4 296.5 293.3 291.6 294.1 297.9 300.2 303 306.4
273 275.1 275.4 275.7 276 276.5 278.5 280.4 280.8 278.8 276.4 279.3 280.1 279.6 277.9 275.5 271.9 273.2 279.5 283.6 286.8 291 295.3 299.6 303.4 306.4 310.4 316.7 324 330.5 338.7 349.4 363.6 374.1 385 393.5 400.2 404.5 405.1 405.3 404.2 401.8 399.7 397.1 395.9 395.6 395.4 394.9 393.9 392.7 391.4 389.9 388.4 386.6 384.7 382.5 380 376.8 374 368 361.6 353.7 345 337.5 329.6 324.1 319.1 312.8 307.1 303.7 300.7 298.3 295.2 288.7 291.9 294.4 297.3 299.8
274.6 275.2 275.7 276 276.4 276.7 277.2 279.1 279.4 278.3 274.9 276.3 276.6 276.2 274.9 270.3 267.2 274.7 279 282.3 285 288.8 292.2 295.6 298.7 302.3 306.8 312.7 318.8 324.9 332.6 341 354.9 368 380.9 390.8 397.6 403.1 405.6 406.1 406.2 405.5 404.1 402.3 400.6 400 399.3 398.8 396.9 395.8 394.8 393.4 391.6 389.7 387.8 385.6 383.1 379.6 375.9 370.2 362.8 356.9 350.3 343.7 336.6 328.8 320.8 315.2 311.6 307.5 301.7 297.7 294.8 293.3 287.2 288.3 291.2 293.3
273.3 272.7 273.4 274.4 274.7 274.8 274.4 275.2 276.2 275 271.1 273 272 271.2 270.1 265.8 266.4 272.5 275.9 278.7 281.2 284.1 286.7 290.1 293.4 296.7 301.3 306.6 312.3 317.9 325 334.1 344.9 359.6 376.2 387.1 394.9 400.8 403.9 405.3 405.8 406.2 405.6 404.6 403.7 403 401.9 400.2 399.6 398.3 396.8 395.2 392.9 390.6 390 388.2 386.1 383.4 379 372.4 365.5 359.5 353 346.6 340.2 332.5 325 320.6 314.5 310.9 307.1 303.5 298 294.6 292.1 288.5 286.4 287.1
266.7 267.6 269 270 270.4 271.3 269 268.2 268.8 262.7 267.4 267.9 266.7 265.3 263.8 261.8 264.3 269.2 272 274.4 277 280.4 282.6 285 288.1 291.4 295.9 301.1 306.1 311.3 317.9 325.4 335.7 353 370.5 383.4 391.7 398.2 401.7 403.1 403.4 404.2 403.9 403.7 403 402.2 402 400.9 399.1 398.7 397.1 394.8 392.8 391.3 390.7 389.8 388.6 386.8 382.1 376.5 369.8 363.1 356.1 349.6 343.3 334.7 327 321.6 320.2 317.2 313.3 308.8 303.1 300.3 297.2 295.4 290.2 283.8
262.2 262.9 264.6 265.5 266.5 267.5 265.2 264.2 263.4 260.9 263.5 263.5 262.8 261.4 259.2 257 260.8 265.4 268.2 270.6 272.9 275.3 278 280.6 283.4 286.5 291.2 296.1 300.9 305.8 310.9 318.8 329.9 345.4 365.8 379.3 388.7 395.7 399.3 400 399.8 399.5 399 398.6 398.9 397.4 397.3 396.8 396.2 396 395.1 393.4 392.1 391.2 390.3 389.2 388.5 387.4 384.5 379.9 374.1 367.7 360.6 353.6 346.8 338 329.6 329.3 327 322.6 319.5 315.5 311.6 305.3 302 299.5 297.2 294.6
