WholeMapElevations/data/sh/sh43_OST50GRID_20230518/SH43.asc
ncols 200
nrows 200
xllcorner 240000
yllcorner 330000
cellsize 50
[rows 38 to 75 of 200, columns 0 to 83 of 200]
33.2 28.5 24.8 22.4 20.6 20.9 21.1 21.9 24.9 28.2 30.8 33.2 35.3 38.8 43 46.4 47.1 47.2 46.7 46.5 47 46.7 46.2 45.1 43.2 42.5 40.9 39.9 39.9 40.2 41.7 46.4 49.7 51.1 50.1 48.6 46.8 44.6 43 42.7 42.6 42.6 41.7 40.7 38.7 38.5 38.4 37.1 35.7 31.5 30.9 31.5 31.6 32.3 33.4 31.9 32.3 33.7 34.5 33.8 33.5 32.3 30.1 27.4 27.1 28.1 29 30 31.3 31.1 30.3 27.7 20.8 19.1 19 22.3 23.3 23.5 25.3 25.9 23.8 26.2 29.5 30.9
33.6 27 22.5 19.4 19.7 20.2 20.7 21.8 25.6 28.6 31.4 34.5 36.6 41.5 44.8 47.3 48.7 48.5 48.6 49.2 49.9 50 49.3 47.6 47.1 45.1 40.7 40.1 40.1 39.6 40.9 44.8 47.4 48.3 47.6 46 44.8 43.1 40.8 39.2 39.7 39.9 38.7 37.6 37.4 36.7 35.8 34.2 35 32 30.6 29.9 29.4 28.6 28.6 29.1 29.7 30.6 31.1 31.2 31.2 30.8 28.9 26.5 27.1 27.1 28.5 30 30.1 31 29.8 28 25.2 19.1 17.3 20.8 22.5 23.5 24.6 23.6 21.6 27.4 29 29.3
30.7 26 21 19 19.3 19.5 19.8 21.5 24.5 28.6 31.6 35.7 39.2 43.3 47.3 49.8 50.6 51.1 51.6 52.7 53.5 53.3 52.6 51.5 49.5 46.2 41.8 40 39.6 39.3 41.4 44.2 44.8 44.3 44.2 42.9 40.8 38.8 37.7 36.9 35.6 35.8 35.7 36.4 36.8 36.1 33.5 32.5 33 33 30.9 29.7 29.2 28.7 27.9 28 27.9 28.4 28.8 28.4 28.7 29.5 26.9 26.7 25.8 26 26.9 28.4 28.5 28.5 28.3 26.8 23.2 18.7 17.7 19.3 21.7 22.8 21.7 21.9 23.1 25 25.8 27.4
32.3 24.7 18.5 18.4 19 18.8 18.9 20.7 23.9 29.4 33.3 37.6 42.7 46.1 49.6 51.6 52.4 53 53.1 53.8 54.5 54.8 54.5 53.2 50.7 46.7 43.4 40.6 39.9 39.5 42.4 44.1 42.8 41.8 40.5 36.8 35.2 34.9 35.2 35.4 35.4 35.2 34.8 35.4 35.1 34.2 31.9 31.1 32.3 34.7 33.5 31.3 28 29.1 27.9 26.9 27.5 28.2 28.7 28.7 28.7 29.3 27.3 27.7 28.2 27.4 26.6 26 24.7 24.2 25.2 23.5 20.2 18.1 16.8 17.1 19.6 20 20 22.3 23.8 24 24.1 24
31.1 23.3 17.8 18 17.8 18.4 19.5 20.9 24.2 31.3 35.9 41.5 46.4 49.7 51.8 52.9 53.7 54.5 54.7 54.8 55.2 55.4 54.2 53.2 50.6 46.9 44.1 40.7 39.3 39 41.3 43.3 42.7 40.7 36.9 35 34.3 34.9 35.8 36.3 35.7 35.8 35 33.6 32.5 32.4 32.4 30.9 32.1 34.3 34.6 32.4 29.3 27.5 27.4 28.9 30.2 30.9 31.3 31.7 32.2 32.6 32.3 31.5 30.6 30 29.2 28.3 26.3 25.1 20.9 18.9 17.7 16.3 15.2 14.8 16.5 18.1 21.2 22.6 24.3 24.7 24.1 23
29.3 22.9 17.4 17.1 17.2 19.2 21.1 25.2 30.2 35.9 41.2 45.8 48.9 51.7 53.3 53.6 54.7 55.4 56.2 57 56.8 54.5 53.9 52.1 49.2 47 43.9 40.1 38.1 37.1 37.4 41.7 42.3 39.1 35.8 34.4 34.6 36.1 37.9 37.4 36.3 36.4 34.5 34.1 32.9 32 30.4 29.7 31.9 34 33.3 31.5 29 26.5 27.7 30.4 31.6 32 32.5 32.7 33.4 34 33.6 33.2 32.7 32.1 31.4 30.8 30 28.7 25.5 16.6 16 14.9 14.6 14 14.3 17.1 22.2 23.8 24.4 24.3 23.7 23.7
28.8 21.8 17.1 17.1 17.3 20.1 22.8 27.4 33.2 39.4 43.7 47.2 50.1 51.9 53.7 54.6 55.2 55.7 55.8 56.8 56.4 54.8 51.6 48.9 47.7 44.4 42.4 39.6 36.9 35.2 35.8 37.3 39.4 36.7 34.9 34.1 35.4 36.4 37 38.2 37.4 35.7 35.1 34.6 34 32.8 31.6 28.7 31.5 33.9 30.8 29.3 27.7 27.2 27.3 29.7 31.2 32 32.6 33.5 34.4 35 34.8 34.5 34.1 33.8 32.5 31.3 30.6 30.1 28.8 22.2 15.7 14.5 13.2 13 12.4 14.5 20.4 21.7 21.9 23.1 22.9 23.4
27.5 19.9 16.9 16.7 17.7 20.4 23.3 27.7 34.4 39.6 43.1 45.9 48.9 50.8 52.7 53.9 54.5 55.5 55.4 55.2 53.7 51.6 48.9 45.3 43.9 42 41.6 41.3 36.1 34.6 34.6 34.3 35.2 33.7 33.7 33.4 35 36.2 36.3 37.1 36 35 34.1 33.8 32.8 32.5 31.3 28.8 26.3 29.6 29.3 29.6 27.1 26.4 26.7 28.4 29.8 31.2 32.4 33.8 34.8 35.7 35.9 35.8 35.5 34.8 33 31.9 31.1 30.5 29.4 26.7 19.7 15.4 12.8 12.2 11.5 10.6 14.6 15.2 15.6 17.3 18.1 16.4
26.1 19 16.6 16.9 17 20.6 25.3 29.2 34.6 39.3 43.2 44.9 46.4 49.5 51.8 53 54.1 54.9 54.6 53.4 52.9 50.7 46.8 43.8 42.1 41.5 41.4 39.3 34.8 33.9 34.1 33.3 33.4 33.8 33.4 33.5 34 33.9 34.8 34.8 34 34.1 33.5 32.7 31.9 31.2 29.3 25.7 24.9 26.4 26.1 26.3 25.9 25 26.3 27.7 29 30.5 32.1 33.4 34.4 35.3 35.9 36 36 35.5 33.9 32.4 31.6 30.8 29.3 26.3 22.6 17.1 13.2 11.1 10.6 10.4 13.8 14.5 13.7 12.6 11.6 11.5
23 17.9 15.7 16 17.9 24.7 29.2 33.4 38 42.3 46.2 48.1 48.7 49 50.3 52.1 53.2 54.4 53.4 52.8 52.2 49.5 46.7 44.2 42.9 42.1 40.8 37 34.3 33.7 33.9 33.2 33.2 33.7 33.1 32 32 31.4 32.1 31.2 29.8 28.6 30 29.5 30 29 26.6 24.7 24 24.1 23.8 24.1 24.5 25.6 26.4 27.5 28.7 29.8 31.2 32.7 33.7 34.5 35.1 35.4 35.6 35.2 34.2 33 31.7 30.1 27.6 25.2 20.6 16.2 14.1 10.6 10.3 8.7 11.8 11.8 11.3 11.6 11.2 10.6
17.3 15.2 15.5 15.7 21.5 26.8 30.8 35.4 39.8 45.8 49.5 51.2 51.7 51.9 51.6 51.6 52.1 53.1 52.9 52.4 51.6 49.6 47.2 45 43.9 42.2 40.8 37 34.6 33.4 33.2 33.1 32 32.7 32.5 32.1 30.9 30.8 31.2 29.4 28.5 28.4 27.3 27.3 27.4 27.5 25.1 24.1 23.2 22.9 22.8 23.8 24.9 26.1 27.1 27.8 28.7 29.4 30.7 31.3 31.9 33.5 33.8 33.8 34.2 34.3 33.7 32.6 30.4 28.4 26 22.3 17.2 14.8 14 10.2 10.1 8 10.6 10.7 11.3 12 12.2 10.4
13.9 14.3 15 19.7 22.8 28.5 34.1 37.6 43.3 48.2 51.5 54.1 54.9 55.1 55.1 53.1 52.7 52.4 52.3 52.4 51.2 50.7 49.3 47.2 44.6 42.3 40 36.6 33.6 32.7 32.7 32.5 32.3 32.1 32.1 32.1 32.8 33.5 32.7 31.4 29.9 28.8 28.6 28.3 27.1 25.9 25.4 23.7 22.7 22.1 22.8 25.7 26.9 28.7 28.9 29.4 29.1 29.9 30.8 31.9 32.5 32 32.2 32.5 32.8 33 32.4 31.3 29.7 26.6 21.3 19.1 15.5 12.5 11.6 11.4 9.9 6.6 8.7 8.9 8.7 10.6 10.3 9.5
13.8 17.7 26 28.8 26.9 31.2 37.1 41.4 46.8 50.3 52.8 55 55.4 56.7 56.6 54.5 53.8 53 52.3 51.5 51 50.4 50.1 48.5 46 40.7 39.5 36.2 32.6 32.7 32.8 32.4 32.1 32.1 32.1 32.1 33.4 34.6 33.5 33.6 32.1 31.6 31.1 30.5 30 28.1 26.3 24.5 22.5 22.2 22 27.6 29 29.9 29.9 30.3 30.2 30.6 31 32.4 32.5 31.9 30.9 30.2 30.5 30.5 30.2 29.6 27.7 22.5 19.2 18 12.6 9.3 9.2 9.7 9.3 7.8 8.4 8.4 8.2 8.7 7.9 8
17.6 24.8 30.8 34 32.4 32.7 39 43.8 48.4 51.8 53.9 54.9 55.6 56.2 55.4 54.8 53.7 52.8 52 50.9 50.3 49.9 49.1 48 46.1 40 38.8 35.3 33.1 32.7 32.5 32.3 32.1 32.1 32.1 32.3 33.5 34.1 34 34.7 33.7 32.9 32.7 32.2 31 30 29.2 27.1 22.1 21.6 24.8 28.5 30.1 30.7 30.8 30.8 31.2 30.8 31.2 31.2 31.4 30.3 29.8 28.9 26.9 27.3 27.6 23.9 21.3 18.9 15.3 17.3 14.9 10.6 8.8 8.5 8.9 7.2 7.8 7.9 7.9 7.8 7.3 8.4
20 26.8 33.4 36.8 37.4 36.5 38.9 43.7 47.8 51 53 53.8 54.5 53.9 53.6 53.4 52.7 51.8 50.8 49.8 49.1 48.5 47.5 46.5 44.7 39.9 37.1 33.8 33.1 32.6 32.1 32.4 33.4 33.8 32.5 32.2 32 32.3 32.3 32.9 32.8 32.6 32.6 33.3 32.7 30.7 27.4 23 22 21 25 27.8 28.9 29.9 31 31.7 31.9 30.8 30.3 30 29.4 27.3 25.6 23.5 20.2 20.7 19.3 19.5 18.5 16 18.6 17.3 14.2 10.7 8.9 8.5 11.8 8 6.7 6.6 7.2 7.8 7.4 7
20.1 25.2 32.2 37 39.3 39.2 38.9 42.3 46.1 49 51.5 52.6 53 52.9 52.2 51.3 50.5 50 49.3 48.5 47.8 46.9 45.9 45 44.1 41.4 37.7 34.8 33.3 32.2 32 32.3 34.1 34.9 34 32.1 31.1 30.7 31 31.9 31.7 32 32.3 33 31.8 28.4 25 22.7 21.3 21 22.8 25.2 26.3 27.5 28.7 29.9 30.5 29.2 28.3 28.1 26.9 24.1 21.5 18.6 18.9 17.7 17 17.1 16.5 16.4 16.2 15.8 12.5 8.8 8.1 7.8 7.9 8.6 7.1 6 6.6 7.4 7 6.7
20.4 25.3 28.5 33.6 38.5 39 39.6 41 43.5 46 49.2 50.4 51.4 51.4 50.8 50.2 48.6 47.7 47.6 46.9 46.1 45.3 44.4 43.5 42.6 41.1 38.2 37.2 34.7 32.3 31.4 32.3 33.4 34.3 34.9 32.7 31.2 30.9 31.6 30.8 30.9 30.9 30.9 30.5 27.9 26 23.9 24.8 23.8 19.3 18.4 18.5 22.8 24.7 26.1 27.2 27.9 27.1 25.9 25.3 23.2 20.5 18.4 17.7 16.6 16.5 16.6 16.6 14.5 13.8 14.6 13.8 10.5 8.2 7.8 7.2 7.3 7.6 6.6 5.8 6 6.9 6.7 6.2
21.2 24 26.8 31 35 38.2 39.1 40 41.7 43.9 45.9 47.3 49.5 49.2 48.9 48.3 46.9 45.6 45.2 44.9 44.1 43.3 42.5 41.7 40.9 40 38.4 36.5 34.3 32.6 30.8 29.7 31.9 33.2 33.3 33 32 31.9 31.5 30.7 30.1 29.8 29.3 28.7 25.7 24.1 25 25.9 25.5 24 20.8 15.3 17.4 20.1 20.1 24 25.2 25 23.3 21.8 20.6 18.9 17 16.5 16.4 16.4 16.5 15.3 13.5 12.5 13 13.2 10.4 9 7.8 6.8 6.9 7.1 7 8.5 4.4 3.9 4.9 6.3
21.9 24.7 26.6 29.8 32.6 35.9 37.1 38.2 40.2 40 41.8 44.1 47.1 48.1 46.8 46.1 45 43.8 43.6 43.7 43.9 42.9 41.5 40.2 39.4 38.2 36.6 34.7 34.5 32.3 29.6 27.8 28.4 29.3 30.4 31 31.7 31.8 31 30 29.4 28.9 27.4 26.6 24 24.9 26 26 25.2 24.9 23.8 21.7 16.8 13.9 14.5 20.4 22.3 22.5 21.8 21 18.8 17.7 16.4 16.6 15.9 16.4 15.6 14.4 13.1 11.5 11.4 11.7 11 10 7.9 6.8 7.7 7.4 7.2 4.6 4.9 8 2.4 8
22.2 24.6 26.4 27.5 29.6 33.5 36.4 36.7 37.1 37.2 38 41 45.2 48.5 45.8 44.1 42.7 42.3 42.3 43.1 43.6 43.2 42.7 41.3 39.8 37 35.3 33.9 34 32.6 31.2 28.7 26.5 24.9 24.5 25.1 27.6 28.9 29.2 29 29.2 29.3 27.8 25.4 24 25.5 26.1 25.4 23.4 23.2 23.2 22.9 21.7 20.3 15.3 15.6 20.5 21.2 19.8 19 17.5 16.9 15.8 15.9 16.1 15.9 14.8 13.3 11.9 11 10 9.5 9.9 9.6 8.6 7 7.1 7 6.2 5.5 5.9 4.2 3.1 4.3
21.8 23.2 23.9 25.1 27.3 30.5 34.5 36.4 36.5 35.8 37 38.9 40.6 44.1 44.7 42.1 42 41.7 41.6 42.5 43.1 42.8 42.4 42 39.4 36.6 34.7 33.3 33.1 32.6 30.7 30 30.5 30.3 27.6 23.9 25.1 26.8 27.5 28.9 31.2 30.7 27.2 23.9 23.8 24.4 23.8 22.8 21.8 21.9 22.3 22 21.8 20.5 18.5 12.1 17.5 17.7 17.2 16.9 16.7 16 15.6 14.9 15 14.7 13.4 12.3 11.2 10.2 9.5 8.7 8.5 7.8 7.6 6.7 6.8 6.9 6.2 6.7 6.4 4.2 3.7 2.8
23 23.7 25 25.5 26 29.5 33.2 36 36.2 35 34.6 37.3 39.4 39.7 40.8 39.8 41.1 42.1 42.1 42.5 42.1 41.6 42 41.7 38.3 35.8 33.6 32.1 32.2 32.1 31.6 30.2 30.7 30.2 27.1 22 23.5 26.1 27.4 28.2 29.4 27.8 25.6 22.2 23.2 22.3 20.5 20.1 19.2 18.5 19.2 19.6 19.7 18.6 17.8 11.6 16.9 16.2 16.3 15.6 15.2 15 14.5 14.5 13.6 13.2 12.4 11.3 10.2 9.5 8.8 8.1 8.3 7.7 7.2 6.8 6.6 6.4 6.1 6.3 6.4 6.7 6.9 3.8
24.3 24.6 24.6 25.1 25.6 26.5 31.1 34 34.9 34.4 33.2 34.7 38.6 38.9 38.9 40.6 41.5 41.4 42.3 42.4 41.5 40.7 39.7 38.1 36.3 35.8 32.3 31.1 31.2 31.2 30.9 31 31.1 28.4 25.6 21.2 22.3 27.6 30 30.5 27.2 25.3 23.2 21.9 24 23.2 21 18.1 17.3 16.8 17.5 17.5 18.1 17 15.6 10.3 15.7 15.8 15.9 15.3 14.9 14.5 14.4 14.1 13.3 12.2 11.1 10.3 9.2 8.6 8.5 8.5 8.1 6.5 6.1 6.6 6 6.6 6.6 6.3 6.3 7 3.3 1.7
23 24.2 22.6 23.8 25.1 25.7 28.4 30.8 32 31.9 31.4 30.4 35.2 37.9 39.2 40.2 42.3 43.8 42.8 42.4 41.9 41.4 39.5 35.8 34.8 34.4 31.1 30 30.1 29.8 30 30.1 29.5 27.9 24.3 21.7 20.4 25.8 29.2 29 26.2 23.2 20.6 22.9 24.3 23.7 21.6 18.9 17.9 18.3 16.8 16.2 16.8 16.2 10 9.5 14.6 15 15.4 15.1 14.5 14.9 14.2 13.8 13.2 11.9 10.6 9.3 7.8 7.5 7.6 8.5 6.8 6.1 5.7 5.7 6.3 6.4 6.5 7 3.3 2.2 1.6 1.1
14.2 15.6 17.1 21.9 23.1 24.7 25.8 27.3 28.5 28.1 28.8 29.1 34.7 37.7 40.4 40.7 43.1 43.6 43.5 42.2 41.8 42.7 40.4 35.8 32.9 31.2 30 29 29 29.2 29.4 29.5 25.8 23.2 21.6 19.9 17.1 21.8 24.1 23.7 22.8 19.9 22 23.9 24.4 24 21.9 19.9 19.4 19.9 18.6 17.6 16.4 15.1 11.6 9.3 14.8 14.3 14.6 14.3 15 14.6 14.2 13.7 12.9 12 10.6 9.1 7.2 7 7.3 7.2 6.2 6.3 6.4 6.1 6.1 6.1 2.3 1.8 1.5 1.1 0.8 0.5
10.2 10.9 13.5 14.1 16 19.2 22.6 23.9 25 25.8 27.2 28.2 32.5 37 39 41.4 43.7 45.1 43.7 41.9 42.6 43.4 42.1 36.2 31 29.6 28.9 30.6 29.5 26.7 26.6 26.6 23.9 20.6 19.2 18.4 16.5 14.9 16.3 18 17.6 19.2 21.9 23 23.3 23 21.4 19.9 19.4 19.7 18.7 18.2 16.5 14.5 8.4 13.2 14.3 13.5 14.5 13.9 14.2 13.9 13.4 12.9 14.1 11.3 9.6 8.7 7 6.9 6.6 6.3 6.3 6.3 6.4 6 3.5 2 1.6 1.2 0.7 0.3 0 -0.2
7.7 8.5 8.8 10.9 12.9 15 17.7 20.3 21 22.9 25.3 26.9 28.5 32.9 38.1 41.7 43.7 44.7 44.5 40.7 40.6 39.9 29.4 31.9 29.1 29.4 30.7 31.3 28.2 26.5 25.5 25.8 24.6 22.6 20.4 20.9 20.7 19.5 17.2 13.4 13.6 17.5 20.2 21.2 21.4 20.9 19.2 18 18.1 17.7 17.6 16.2 14.9 12.5 12.5 12.7 13.5 13.5 13.5 13.9 13.4 13.2 12.7 13.4 13.7 11.1 9.1 7.4 6.3 6.7 6.3 6 6.2 6.1 6.2 5.7 1.7 1.3 0.9 0.5 0 -0.5 -1.3 -1.3
5.9 6.4 6.7 7.9 9.2 11.4 14.1 16.4 17.4 17.1 20.5 23.2 25.9 27.9 31.6 39.7 41.5 43.9 40.8 38.6 36.8 27.8 27.8 27.9 30.6 33.9 32.9 29.8 26.5 24.6 24.2 24.3 23.6 21.3 19.5 20.1 22.2 21 18.6 16.6 10.9 13.6 18.2 18.9 19.1 18.7 17.5 14.8 15.1 14.6 14.1 14.2 13.6 12.2 6.6 12.4 12.3 12.6 12.9 12.9 12.4 11.8 12.4 12.1 11.7 10.5 8.6 7.2 6.1 6.2 6 5.7 6.2 6.1 5.9 2.1 1.2 0.6 0.2 -0.2 -0.7 -1.3 -1.3 -1.3
5.3 6.4 6.2 7.3 7.7 8.6 10.8 12.3 13.8 13.7 16.9 17.2 18.3 22.1 26.4 27.4 37.7 39.5 35.8 30.3 22 25.6 30.5 36.1 34.6 35 32.7 29.6 26.4 25.5 25.1 24.5 23.3 19.4 18.1 18.3 19.9 18.9 16.8 16.7 15.7 14.9 14.2 16.1 16.6 15.6 14.2 12.1 14.1 14.9 15 14 14 14.5 5.4 11.4 12.3 13.3 12.4 11.6 10.9 10.7 10.9 11.3 10.8 9.4 8.9 5.4 4.4 5.5 5.6 5.5 6.1 6.1 3.7 1.3 0.7 0.1 -0.5 -0.8 -1.3 -1.3 -1.3 -1.3
4.9 6.3 7.2 8.2 8.1 7.2 8.2 9.3 10.7 11.9 11.1 13.6 13.1 13.1 16.3 17.3 19.8 24.2 20.1 27.2 32 35.4 32.7 36.9 37.2 34.7 32.1 31.3 30.5 30.5 32 28.3 20.5 16.2 16.2 15.7 15.3 15.4 15.3 14.6 12.8 7.2 7.7 10.4 12.3 12.2 11.3 10.4 12.8 13.8 14.3 14.1 13.9 11 7.1 12.8 13.1 12.9 12 10.9 10.3 10.5 10.4 9.5 9.3 6.7 5.2 4.7 4.8 5.1 5.1 5.3 5.8 5.3 1.7 0.8 0.2 -0.4 -1.3 -1.3 -1.3 -1.3 -1.3 -1.3
3.5 5.9 8.2 10.1 10.6 9.4 9.1 8.3 8.3 11.7 14.6 17.3 18.9 20.5 22.2 22.2 19.6 19.7 27.3 31.1 33.7 44.4 40.8 34.6 33.9 33.6 33.9 37.3 42.8 42.3 38.3 25.1 15.2 14.1 12.6 13.6 13 13.1 12.8 11.8 11.3 8.5 4.8 5.2 5.3 5.2 5.2 9.4 11.6 12.3 13 12.3 11.2 5 6.9 13.2 13.5 12.4 10.4 9.5 9 7.7 8.5 6.8 10.6 5 4.3 4.8 5 5.4 5.4 6.1 5.5 5.7 1.6 0.6 -0.4 -1.3 -1.3 -1.3 -1.3 -1.3 -1.3 -1.3
2.7 4.8 6.7 9.2 10.5 11.3 11 10.3 7 10 13.6 19.4 23.4 26.3 26.6 26.9 28.4 28.8 30.7 31.5 32.2 33.1 34.9 35.2 35.8 32.7 31.4 40.2 41.4 38.8 21.5 12.4 10.8 10 9.2 10.1 9.5 9.2 9 9.1 9.2 6.8 3.5 3.1 2.9 2.5 3.5 5.9 7.4 7.5 9.7 9.5 7 3.2 4.4 9.4 10.5 10.3 5.2 5.7 7 7 6.8 6.1 5.5 4.3 4.5 5.2 5.2 5.5 5.5 6 6.5 6.5 1.6 0.5 -1.3 -1.3 -1.3 -1.3 -1.3 -1.3 -1.3 -1.3
2.3 3.1 5 6.9 7.9 9.3 8.3 8.1 6.5 7.3 10.4 15.3 21.2 27.7 31.9 32.5 31.4 30.7 31.2 31.5 32.1 31.8 31.4 30.9 40.3 32.4 21.8 35.5 26.6 14.2 6 6.2 5.7 5.5 5.6 5.9 6.6 6.6 6.6 6.5 5.5 3.3 3 3 2.4 2.4 2.1 2.6 2.4 2.6 2.6 2.5 2.3 3.1 3.5 4.9 4.2 4.3 6.6 10.8 12.3 8.8 7.8 6.5 5.9 5.2 5.7 4.8 5 5.7 5.5 6.3 6.8 7.7 1.7 0.5 -1.3 -1.3 -1.3 -1.3 -1.3 -1.3 -1.3 -1.3
2.8 2.3 3.8 4.6 5 6 4.5 5.5 3.9 4.3 5.9 9.9 18.3 20.7 26.2 32.3 32.4 30.6 27.6 27.5 29 30.1 32.1 28.3 16.5 13.2 11.6 7.3 5.1 3.9 4.7 5.1 4.9 3.1 3 4 4.6 4.4 4.3 3.9 3.5 3.1 2.2 2.4 3 2.4 2.8 2.1 2.6 8.8 12.5 14.2 7.8 7.2 6.5 7.9 6.2 6.4 10.1 13.1 14 12.4 10.4 8.6 6.5 6.7 5.5 5.1 5.3 5.1 5.3 6.6 7.4 8.7 1.4 0.1 -1.3 -1.3 -1.3 -1.3 -1.3 -1.3 -1.3 -1.3
4.6 4.3 4.5 4 4.2 3.7 3.9 4.4 4.1 5 4.2 4.6 10.3 14.2 12 17.4 26.9 25.4 23.3 21 19.4 19.7 17 12.3 7.9 6.3 4.6 3.4 3.6 3.3 3.5 3.3 2.6 2.1 2.2 2.2 2.3 2.3 2.2 2.1 2.5 2.5 2.7 2.7 2 2.2 2 4.8 6.5 12.3 19.2 21.5 15.3 14.8 11.4 12.1 10 10.6 13.1 14.7 16.8 17.7 18.3 14.2 11 8 5.9 5.4 5.8 5.7 5.4 5.2 8 8.7 1.5 0 -1.3 -1.3 -1.3 -1.3 -1.3 -1.3 -1.3 -1.3
2 2 2 3.2 3.4 2.4 3.4 1.9 2.1 2.2 2.1 2.2 2.7 5.3 5.4 6.2 5.8 6.9 7.9 8.8 7.1 6.7 5.9 4.8 4.6 4 2.5 3.2 2.4 2.3 1.9 1.8 3 1.8 2.2 1.8 2.1 2.1 1.9 2.3 2.2 1.9 1.9 1.7 2 2.1 2.4 4.7 5.2 11.8 17.9 22.1 20 18.3 16.1 14.8 12.9 10.9 14.1 18.1 21.1 20 20.7 20.4 14.8 12.3 7.7 6.1 5.4 5 5 6.7 6 8.2 1.2 -0.4 -1.3 -1.3 -1.3 -1.3 -1.3 -1.3 -1.3 -1.3
2.4 2.7 2.1 2.3 2.2 2.5 3.7 2.4 1.6 1.6 1.5 1.7 1.6 1.9 2.4 1.8 2.2 2.6 3.2 3.1 2.6 3.4 3.7 3.6 2.6 2.4 2.2 2.4 1.9 1.6 1.4 1.8 1.6 1.9 2 1.8 1.9 1.9 2.1 2.2 2 2.1 2.5 2.2 2.5 2.2 2.6 2 2.3 7.1 16.3 23.6 26.9 21.6 21.6 17.7 16.7 13.3 12.7 14.6 20.1 22.7 22.8 20 18.6 15.8 11.2 9.2 6.5 5.1 5 5 6.6 8.8 1.7 0 -1.3 -1.3 -1.3 -1.3 -1.3 -1.3 -1.3 -1.3
1.4 1.7 3.1 1.6 2 2.1 2.6 2.7 2.6 1.8 1.5 2.2 2.2 2.1 1.9 2.5 2.2 2.4 2.3 2.8 2.1 2.8 2.2 2.3 2.1 2.1 1.8 2.5 2.3 2.1 1.9 1.7 2.1 1.9 1.9 1.6 1.6 2.1 2.7 2.2 2 2.9 3.6 3.5 4 5.1 4.7 2.7 2 2.7 7.1 22.9 30.6 29.9 24.8 20.3 20.6 15 13.1 12.3 12.2 13.4 15.9 17.7 17.6 17 14.8 11.3 8.7 6.6 5 5 7.4 2 1.5 0.2 -1.3 -1.3 -1.3 -1.3 -1.3 -1.3 -1.3 -1.3
