UK/data/sj/sj31_OST50GRID_20230518/SJ31.asc
ncols 200
nrows 200
xllcorner 330000
yllcorner 310000
cellsize 50
[rows 148 to 184 of 200, columns 0 to 83 of 200]
147.3 146.3 145.9 144.7 144.6 143.3 142.5 142.5 141.9 140.8 139.3 137.2 139 140.6 141.8 138.6 134.6 129.5 127.6 123.3 126.8 124.5 119.7 124.4 128.2 129.9 131.2 131.9 132.5 133 132.6 133.5 134.1 133.8 136.5 141.3 144.3 148.8 150.7 150 147.7 146.1 145.8 146.1 147 148.9 149.2 148.2 147.3 146.8 147.1 147.1 146.2 146.4 146.8 147.6 148.4 148.2 147.6 145.9 146.8 146.6 146.8 147.4 147.8 150 148.3 145.9 144.7 143.4 141.6 140.2 139.5 138.7 137.7 137.1 136.8 135.3 133.1 132.2 131.4 129.4 127.9 126.3
140.9 140.8 140.4 140.6 140.9 141 141 140.6 140.4 140.2 138.7 138.6 131.4 134.5 135.9 134.5 131.7 127.7 117.8 129.3 131.8 131 125 123.2 126.2 127.6 128.5 129.5 129.1 130.7 130.8 131.3 131 132.4 135 138.2 141.9 145.6 148.8 148.8 147.7 146.4 145.5 145.2 145.7 148.1 148.6 148 147.4 146.7 146 145.9 145.9 146.6 147.3 147.9 148.3 148.3 147.8 147.1 146.9 146.9 147 147.3 148.2 148.7 147.6 144.6 143.7 142.7 141.5 140.9 140.4 138.9 137.4 136.4 136.1 135.8 134.6 133.4 132.5 130.7 129.3 127.8
138.6 138.8 139.1 139.6 140.1 141.2 141.3 141.1 140.5 140.8 139.2 135.9 133.3 128.6 129.2 128.2 127.3 119.3 125 130.3 133 131.7 125.3 122.9 123.9 125.8 127 127.3 129 129.3 129.2 129.6 129.6 130.8 133.3 136.6 140.1 142.9 144 145.2 147.4 147.5 145.8 145.3 145.4 146.3 147.7 148.1 147.6 146.8 145.9 145.6 146 147.2 147.8 148.4 148.9 148.7 148 147 146.9 147.7 147.3 147.5 148.8 148.8 146.9 144.9 143.8 142.5 141.7 141.6 141.4 141.5 137.8 136 136.2 136.1 135.4 134.4 133.4 131 130.1 128
137 137.1 138.5 140.3 142.3 143.1 143 141.3 139.8 138.8 135.6 133 129.7 128.8 124.2 121.5 119.2 128.2 131.9 133.1 133.9 131.6 126.5 124 122.7 121.4 125.4 126.2 127.6 127.3 127 128.3 129.6 130 131.4 133.4 136.1 139.3 139.9 141.1 143.4 145.8 145.5 145.5 145.5 145.4 146.9 148.6 147.5 146.4 145.6 145.1 146.3 147.7 148.3 149.7 150.9 150.2 148.8 146.8 146.2 146.7 145.8 146.5 148.1 149.7 147.9 146 144.4 142.9 142.1 141.8 141.6 141.3 137.5 135.5 135.5 135.6 135.4 135.1 133.7 131.4 129.5 128
134.5 138.1 144.4 146.7 144.8 144.4 142.9 138.7 136.8 134.5 131.4 129.5 127.9 127.1 126 121.8 118.9 131.4 134.5 135.8 135.7 134 129.2 126.2 125.2 125 123.8 124.5 125.4 127.4 126 127.4 128.4 129.4 129.7 131.2 132.8 135.1 135.9 137.4 138.9 140.1 143.1 145.4 145.4 144.7 146.4 147.8 146 144.4 144.3 145.3 146.3 147.5 148.8 150.5 151.7 151.2 149.4 146.9 146 145.6 145 145.8 146.8 149.2 149.4 147.7 145.4 143.7 142.5 141.8 140.9 139.5 136.5 135.8 135.9 135.6 135.5 135.6 134.6 132.5 130.1 128.9
143.1 152 150 148.2 144.4 141.7 138.9 135.6 133.1 131.6 129 127.9 127.4 127.4 127.1 122 121 131.1 133.6 135.7 135.4 133.1 128.4 126.7 127.6 126.6 126.2 125.2 125.2 126.5 125.3 125 126.5 125.6 131.2 127.6 129 131.4 133.4 134.9 135.8 137.5 140.1 141.9 142.9 144.2 146.2 146.3 144.5 143 144.3 146 146.3 147.4 148.5 150.1 151.4 151.4 149.2 147.4 146.4 145.2 145.2 145.2 145.8 147.9 150.2 150.5 147.2 144.3 143.3 142.1 141.8 141.1 138.7 136.7 136.3 135.8 134.4 136.6 136.1 133.2 131.1 130.7
154.9 150.9 148.4 144.2 141.7 136.8 133.4 131.3 128.2 127.7 126.3 125.3 125.2 126.3 125.6 118 125 127.5 124.2 127 131.3 131.7 130.7 130.3 129.3 128.8 127.8 126.8 126.5 127.3 127.7 128.7 128.5 128.6 128.8 129.4 129.2 131.9 130.5 132.7 134 135.8 137.5 139.7 143.1 145 146.3 145.4 143 141.8 143.2 144.6 145.4 146 147.2 148 148.5 148.9 148.9 147.3 146.8 145.3 144.3 144.2 144.7 146.2 147.6 150 147.8 146.1 144.6 142.8 141.8 141.5 141.6 138.7 138.7 138 137 137.3 136.8 135.2 132.8 131.7
151.6 147.7 142 138.6 135 131.5 128.4 126.1 124.3 123.3 121.4 119.9 121.1 119.9 121.3 119.6 123.9 126.3 128.2 131 132.8 132.6 133.1 133 132.6 131.3 129 127.9 127 128 128.8 129.7 129.9 129.8 130.2 130.6 131.3 130.9 127.8 132.5 132.7 135 137.8 139.3 141.6 144.1 146 143.8 141.5 140.8 142 143 144 144.6 144.9 144.9 144.9 145.3 145.3 145.8 144.9 143.6 143.3 143 142.8 143.7 145.1 146.5 146.7 147 143.9 142.6 141.9 141.7 142.1 141.4 138.8 138.5 139.3 136.9 136.5 135.5 134.6 134.3
148.3 143.7 135.9 132.5 128.7 125.1 123 120.6 118.7 116.4 114.5 119 114.2 117.5 120.7 123.8 124.1 126.3 127.8 128.8 132.3 134.3 135.3 133 132.8 131.3 128.7 127.2 126.7 128.2 129.9 130.4 130.3 130.7 131.6 132.8 133.9 133.3 131.5 135.9 135.5 135.1 136.3 137.1 138.7 140.8 141.1 140.5 139.4 139.9 141.2 142.6 142.4 142.1 143.1 142.8 142.3 142.4 142.5 142.8 142.7 142.6 142.5 141.9 141.7 141.9 142 142.9 144.5 144.6 142 141.7 142.2 142.1 142.2 142.2 140 138.9 138.3 136.9 136.5 136.3 135.9 136.4
138.8 134.9 129 125.3 121.8 119.8 118.5 116.6 114.8 117.9 112.7 117.6 120.5 120.8 121.1 121.6 122.1 124.2 126.2 127.7 129.9 133 133.5 131.3 129.7 128.7 127.8 127.4 127.3 128.3 130.8 132.1 133.4 135.5 137 137.2 137.4 136.7 134.5 135 138.7 138.4 136.6 135.3 136.3 137.2 137.1 137 137.7 139.7 141 142 140.5 139.9 140.7 141.3 141.8 141.8 141.4 141.1 141.2 141.9 142.2 141.7 141.1 140.7 140.6 141.7 143.2 142.8 141 141.1 141.7 143 143 142.4 141.8 140 138.9 137.4 137 137.8 137.7 136.2
134.1 128.7 123.5 120.1 118.4 116.6 115.6 115.4 113.1 111.8 113.8 118.5 118.1 118 118.2 119.4 121.1 123.2 124.8 126.1 127.9 130.9 132.9 130.4 128.5 129 128.7 128.6 129.9 132.4 132.3 134.8 137.9 141.3 140.8 140.5 139.6 138.6 136.3 134.4 138.5 138.7 136.9 135.7 136.8 135.4 135.9 135.8 136.3 139.2 139.1 139.4 137.7 137.8 139.7 140.6 141.2 141.4 140.9 140.2 139.8 140.4 141.3 141.3 141.3 141.2 140.4 141.4 142.4 142.8 140.9 141.7 143.1 144.4 143.7 143.8 143.2 142.4 140.6 138.3 138.6 138 137.5 136.5
135.4 126.8 121.3 117.7 116.4 115.5 118.1 114.9 112.1 108.9 113.3 114.5 115.7 117.6 121 123.7 124.3 124.9 126 128 129.5 131.5 134.7 134.4 132.3 131 130.2 130.4 133.6 136.8 136.4 135.8 142.1 141.3 142.2 141.2 140.3 139.4 133.7 133.4 136.2 137.1 135.8 135.7 136.3 137.3 135.4 135.6 138 135.6 136.3 137.9 140.5 139.1 140.5 140.9 141.3 141.8 140.7 139.3 139 139.4 139.9 139.2 141 141.2 140.3 140.2 140.1 140.4 142.4 143.9 145.1 145.2 144.3 143.9 143.3 142.3 142.3 139.7 138.2 137.5 137.6 137.8
133.4 124.2 119.8 117.4 117.9 114.5 113.2 116.8 111.3 110.8 114.2 116.3 117.8 121.1 125.9 130.1 131 130.1 130.4 133.3 134 135.5 138.7 138.3 135.4 132.7 132.2 135.1 137.6 140.6 140 140.5 141.2 141.4 141.3 140.1 138.9 137.4 134.4 132.9 134.1 134.9 135.9 135.4 135.3 136.3 138.2 135.4 136.9 137.8 141.3 143.4 143.5 143.3 143.1 142.3 141.6 142.7 141.8 139.3 139.7 139.1 139 138.3 138.4 139.3 139.7 139.4 138.5 140.2 142.8 147 148.9 149.1 144.6 144.3 142.7 141.8 140.9 138.9 138.1 137.3 137.3 137.2
132.4 123.9 119.7 118.8 115.8 113.8 111.6 111.1 109.4 115 117.2 118.8 120.3 124 130 135 137.3 137.5 136.9 139.1 139.9 139.1 140.8 138.5 136.1 136.1 135.3 137.2 139.3 141.1 141.1 141.1 140.6 140.3 139.1 137.8 136.3 134.6 134.6 135.3 134.5 136.3 136.7 136.6 136 135.7 136.4 138.6 139.3 140.4 144.6 144.8 146.4 146.5 145.8 144.3 141.8 140.5 140 141 139.9 140.4 140.6 140 138.6 138.4 137.5 137.5 137.8 139.2 140.7 145.1 148.4 148.7 148.1 142.9 142.7 141.6 141.3 138.9 138.1 137.4 137.2 137.4
124.5 117.6 121.3 121.2 118.5 113.8 111 107.5 116.7 120.7 121.3 123.2 124.3 127.6 132.4 137.8 142.5 145.4 144.7 145.5 144.5 142.8 141.4 140.4 139.9 140.5 140.3 142.2 143.9 143.4 141.9 140.7 140.3 139.1 137.5 136.2 135.3 134.8 135.3 135.9 136.2 136.3 137 137.5 137 136.9 138 140 140.5 143.5 147 147.1 147.1 146.9 146 144.8 142.9 140.2 138.8 138.8 140 140 142 141.8 140.3 138.4 137.8 137.5 138 138.3 141.3 144.7 146.8 148 147.8 144.2 141.8 141.5 140.9 138.3 138 138.2 137.7 136.2
121.5 129.9 128.2 130.1 121.9 116.7 111.6 113.3 121.5 122.8 124.1 127.5 130.1 133.5 138.7 142.7 148.8 154.8 154.9 153.8 150.3 148 145.5 144.5 145.2 146.5 148.9 150.9 148.3 145.7 143.7 141.9 140.9 138.5 136.8 135.9 135.7 135.6 135.9 136.6 137.2 136.6 137.6 137.9 138.1 137.8 139.4 140.2 141.6 143.9 146.3 147.7 147.3 146.7 146.1 144.8 143.3 140.6 138.3 138.3 139.9 142 141.9 139.5 140.9 139.6 138.3 137.4 138.8 138.6 140.9 145.2 147.5 147.5 145.2 142.2 141.5 141.2 140.8 139.8 139 137.8 137 136.7
131.8 138 136.9 135.6 127.6 121.9 110 119.5 125.2 125.6 127.5 132.5 137.8 140.8 142.9 148 154 159.3 162.8 162.3 158.9 153.5 150.8 150.8 150.8 153.3 154.4 154.6 152.1 149.1 146.4 143.9 140.3 137.4 136.6 136.2 135.9 135.8 136.4 136.9 137.1 137 137.9 138.9 139.2 140 140.4 140.9 141.4 142.2 144.7 146.6 147.5 146.8 146.1 144.5 143.3 141.1 138.6 137.7 139.4 140.2 140.8 141.1 140.5 139 138.6 138.4 139.4 139.1 140.5 143 146.2 146.8 143.6 140.2 140.7 140 139.5 139.2 138.7 137.9 137.1 136.9
133.4 138.4 138 136.3 130.8 124.4 109 116.3 126.1 126.7 129.5 135 140.3 142.5 146.3 153.5 159.4 164.2 166.9 166.4 163.4 160.4 157.4 155.2 156.6 157.1 158 157.2 155.2 152.4 148.7 145.6 142.7 138.2 137 137.1 137.1 136.7 136.2 136.4 137.5 138.6 139.6 139.7 140.6 141 141.8 142.4 142.2 142.1 142.5 144.7 146.8 146.3 144.2 143.1 142.8 141 138.5 137.5 137.5 137.6 139 139.6 139.1 139.8 138.8 139.2 139 140.8 141.8 142.4 144.7 145.2 144 141.1 140.4 139.4 139.3 139.2 139 138.3 137.3 135.7
132.8 137.5 138.9 134.7 130.1 124.7 119.1 107.4 115.5 121.5 129.1 135 141 142.6 145.2 153 160.5 165.7 167.9 167.4 165.6 163.4 161.9 160.4 160.1 159.6 159.3 157.7 155.5 152.1 149 146.5 144 141.5 139.8 139.1 137.5 136.7 136.9 137.9 139.1 139.8 140.9 141.8 140.8 141.7 143.1 143.6 143.5 143.2 143 142.2 143.6 143.4 141.9 141.5 141 139.1 136.5 135.9 136.1 135.9 137.5 139.1 138.4 137.7 137.4 138.2 138.2 139.7 141.2 142 142.2 142.7 142.5 140.9 139.8 139.3 139.5 139.5 139.2 138.5 137.1 136.8
131.7 133.7 137.2 134.8 128.6 122.6 113 110.6 116.2 125.1 127.2 127 134.5 138 143.5 152.2 158.3 161.7 164.9 166.8 167.1 166.8 165.4 164.3 162.6 160.3 158 156 152.8 149.6 147.1 145.6 143.9 141.7 139.2 138.2 137.3 137.2 138.1 138.8 139.7 140.5 141.6 142.9 143.5 142.9 144.6 145.1 144.3 144 143 142 141.1 141 140.5 140.3 139.4 137.4 135.9 135.6 135.5 135.5 135.6 136.7 137.4 137.2 137 137 138.1 139.1 141 142.2 142.3 142.2 142.7 141.2 140.6 140.5 139.8 139.6 139.1 138.4 137.6 136.5
132.6 134.1 136.5 135.7 126.8 120.6 110.3 119.6 125.2 126.4 129.4 134 136.2 139.7 143.8 152.2 158.9 161.6 163.3 165.7 167.6 167.3 165.7 164.5 161.9 157.9 154.8 151.7 149.2 146.7 144.7 142.9 140.7 139.6 139.9 138.9 138.8 138.7 138.9 139.8 141.6 142.1 142.7 143.9 144.6 145.6 144.8 145.8 144.4 142.2 141.5 141.9 141.4 140.6 140.3 139.4 138.6 137.3 136.2 135.3 135.6 134.9 135.7 135.8 136.5 136.2 136.3 136.3 137.3 138.7 141.8 143.9 143.5 143.6 143.2 141 141.4 140.9 139.2 138.9 140.3 140 138.2 137.9
134.7 137 137.1 135.7 125.5 117.2 110.3 106.1 129.2 134.9 137.5 136.4 140 143.8 146.5 152.4 159.5 160.9 161.2 162.8 164.4 165 163.5 160.9 157.5 154 150.4 147.7 145.5 144.1 142.5 140.7 140.9 141.5 140.8 140.3 139.9 140.5 141.1 142.7 143.6 144.5 145.1 146.2 148.1 147.6 144.5 146.8 145.5 143.8 144.4 141.6 142.7 141.7 139.3 138.6 137.8 136.8 136.6 135.5 135.5 135.8 135.4 135.8 135.9 136.2 135.8 136.2 136.8 139.1 142.9 144.8 145.2 145.9 144.4 143.2 143 143.9 141.9 141.9 141.6 141.3 139.7 139.2
137.7 137.3 137.8 135.3 126.4 123.2 111.9 113.5 132.2 143.5 146.3 138.1 143.8 145 148.4 155.7 161.1 160.2 158.2 159.2 159.4 161 159.5 157.2 153.8 150.3 146.9 144.8 143.5 142.2 141.4 141.2 142 142 141.9 141.5 141.9 143.5 144.1 144.8 145.8 146.6 148.9 149.7 151 149.9 147.5 147.8 147 146.3 145.7 145.2 144.7 143.8 142.2 140.3 138.6 138.8 136.3 135.9 135.9 135.5 135.6 136.6 136.3 135.6 135.8 136.2 136.6 139.4 142.6 143.8 144.4 144.9 144.1 143.1 145.2 143.5 142.7 143.4 144.8 141.5 140.8 139
142.6 140.5 139.2 133.8 127.2 117.7 115 127.7 135.5 147.7 148.5 145.3 147.4 149.8 150.7 156.2 158.8 157.3 155.1 154.6 155.1 155.6 155.3 153.2 150 147.1 144.3 143.6 142.4 142.3 142.1 142.7 143.4 143.5 143.5 143.4 144 145.6 145.9 146.9 148.4 151 152.5 153.4 152.7 150 148.4 149.5 148 148.1 148.2 147.6 148.4 147.6 146.7 143.3 141.3 139.1 137 136.1 136.3 136 136.1 137.5 138.8 136.6 136.1 136 136.1 138.2 142.7 145.4 145.3 144.2 143.5 143.3 144.2 143.9 142.9 141.3 141.8 140.2 139.3 139.2
143 140.6 138.3 134.1 129.8 106.6 130.8 134.8 142.3 152.7 150.3 150.8 150.3 152.4 153.4 154.8 156.9 156 154.6 153 152.1 152.4 150.8 148.9 146.9 145.3 144.3 143.5 143 143.2 143.5 144.5 144.4 144.8 145.2 145.1 145.8 146.8 147.5 149.2 152.4 155 155.8 154.8 152.7 150.3 150.9 150.8 150.5 150.7 150.8 150.9 151.8 151.7 149.6 144.8 139 137.6 137.4 136.7 136.8 136.8 137.6 137.5 140.1 137.6 136.3 136 135.7 137.8 142.7 147.3 147.1 145.1 143.8 142.4 142.6 142.7 142.2 140.4 140.6 140.3 139.6 139.4
144.4 140.4 137.5 134.9 130.8 109.7 134.3 138.8 145.4 152.3 152.3 155 156.1 156.7 158.6 160 160.5 159.1 157.6 155.1 153.1 151.2 149.6 147.5 146.1 145.2 144.6 144.1 144.7 144.8 145.1 145.5 146.2 147 146.8 146.7 147.1 147.4 147.9 151.3 155.1 156.7 156 155.6 152.5 152.4 152.1 153.1 153.7 154.8 155.7 156.6 156.8 156.6 153.6 149.9 141.9 139.9 137.7 137.1 137.3 138.2 137.8 139.3 142.6 138.3 136.9 135.8 135.2 137.6 142.5 146.8 145.7 143.2 142.1 141.3 141.2 141.2 140.6 140 140 140.5 139.8 140
140.2 137 136 135.3 125.4 111.8 136.1 138.2 147 154.3 155.3 158.4 162.2 164.1 165.4 165.9 166.1 164 161.9 159.2 156.4 153 150.3 148.4 146.7 145.4 145 145.8 146.4 146.4 147 148 149.4 149.5 148.7 148 148.1 148.5 150.2 153.8 157.4 157.9 156.8 155.4 154.1 153.6 155.9 157.1 159.2 160.4 161.6 162.5 162.5 161.2 158.7 152.6 143.9 139.9 137.8 137.5 138.7 140.7 138.8 139 139.4 139.2 137.9 135.2 136.4 138 141 142.7 141.3 140.3 140 140.6 140.4 141 141.5 140.5 139.2 139.6 139.7 139.8
134.9 135.8 134.3 133 112.9 118.9 134.9 144.8 154.1 156.4 157.9 161.9 164.5 167 168.4 169.6 169.8 168.2 165.8 161.2 157 153.1 150.2 148.6 147.4 146.2 146.2 147.3 148 149.2 150.4 151 150.8 150.4 150.3 151.1 151.3 152.5 154 157.9 159.9 158.9 158 156.6 154.5 157.6 160.9 163.7 166.4 167 168.2 168.8 168.7 166.1 163.3 154.2 146.2 140.1 138.9 138.1 140 142.7 140.7 139.6 140.3 139.8 138.7 135.6 135.6 138.6 137.4 140.7 140.4 139.6 139.3 139.9 140 140.5 141.1 140.1 138.9 139.5 141.6 138.7
135.4 136.9 132.5 120.8 100.8 124.9 133.3 143.2 154.2 159.4 160.6 163 166.1 167.4 168.4 169.8 169.6 166.3 162.6 158.5 154.7 151.9 150 149.9 149.1 148 148.5 149.7 151 151.8 152.5 152.7 152.3 152.8 153.4 154.4 156 158.1 160.9 161.8 161.9 161.3 159.8 156.5 158.7 164 169.1 173.2 175.3 175 175.1 175.6 175.7 174.1 170.9 155.8 147.8 141.4 139.5 139.4 142.1 144.3 140.2 138.4 138.9 140.2 138.2 135.5 136.5 141.4 142 140.2 139.7 138.1 138.9 140 140.9 141.1 140.9 139.6 138.9 139.8 138.8 134.8
130.3 130.5 118.9 101.4 115.3 117.3 130.4 137.6 146.6 154 158.7 163.1 166.3 168 168.4 167.6 165.8 162.2 158.5 156.4 153.9 151.7 151.7 151.3 151.2 149.9 151.6 152.8 153.2 154.1 154.5 154.8 155.2 156.6 157.4 158.9 161.9 166.5 163.8 165.3 164.9 162.8 158.6 160 167.1 174.1 178.7 181.7 182.5 182.1 181.5 181.5 179.7 176.3 170 156.5 150.1 143.4 140.6 142.2 144.4 143.8 140.8 136.1 136.1 138.5 139.4 135.5 136 141.8 141.7 140.5 139.4 142 138.9 140.5 136.6 138.5 140.3 139.1 138.9 136.8 134.3 132
98.7 99.5 100.7 106.5 108.2 122 132.6 145.4 151.7 157.1 160.1 163.3 166.4 167.5 167 165.1 162.3 158.8 156.3 154.7 153.3 153.8 154 153.7 153.6 153.8 155.5 155.4 156.3 156.7 156.6 157.5 157.5 159.1 160.8 164.4 168.7 170.1 168.9 166.2 162.6 160.4 162.5 168.7 179.4 183.6 186.4 188.3 187.4 186.2 185.2 183.7 181.1 176.8 168.6 159.5 151.8 144.7 142.3 143 145.1 144.3 142.1 137 136.1 139.3 140.8 135.7 135.1 139.5 140.4 140.3 139.9 139 138.6 139.2 140.2 140.7 140.1 138.1 134.5 133.9 132.3 131.3
104.5 107.6 117.3 121.7 116 121.7 133 146.8 154.7 158.3 161.1 162.9 164.5 164.5 163.2 161.2 157.7 155.6 154.6 154.1 154.6 155.2 155.9 156.2 157.2 158.3 159.2 157.5 161.2 160.4 159.5 160.3 160.4 162.2 165.7 168.6 170.5 170.4 166.9 163.8 163.9 165.3 173.2 183.4 189.3 191.5 192.8 193.6 192.3 190.4 189.1 184.8 180.9 174.3 166 157.7 150.6 146.4 144.3 144.2 143.2 143.8 143.9 139.3 137 136.2 137.9 135.3 135.2 136.6 138.2 139 138.8 138.7 138.4 138.9 139.5 140.1 138.9 136.9 133.9 132 131.9 132.1
125.8 128 128.2 125.3 123.4 123.4 137.6 147.7 152.7 157.2 159.7 160.2 160.1 159.2 158.1 156.2 155.4 155 155.1 155.8 157 157.2 158.2 159.4 160.2 161.3 160.9 163.5 163.7 162.8 162.7 162.3 163.7 165.9 168.4 169.7 169.6 167.7 165.8 166.2 170.2 177.5 186.2 193.5 197.7 199.1 199.9 199.6 197.6 193.5 191.2 184.3 176.8 169.8 162.7 155.4 149.7 147.9 146.4 144.7 143.8 143.5 143.2 143.9 140.2 142 140.4 136.8 135.6 134.6 135.7 136.8 138.3 139.2 139.1 139.1 138.5 138 136.6 134.4 132.8 133 135.4 137.5
131.5 133 132.8 130.6 126.8 126.1 142.4 147.3 152.8 156.2 157.8 157.1 156.9 156.2 155.7 155.7 155.5 155.9 156.2 158 159.1 160 161.1 162.7 163.5 164.4 165.4 166.3 166.1 165.7 165.4 165.7 167.1 169.5 171 171.4 170 169.5 168.5 174.8 184.3 190 196.1 199.3 202.5 204.8 205.7 203 198.4 192.8 187.1 180.9 173.2 165.9 159.6 153.8 150.5 148.4 148.7 147.5 145.6 143.7 145.9 146.7 145.2 145 142.2 137.4 136.4 135 135 135.2 136.7 139 140 139.6 138.2 135.9 134.6 133.6 133 135.6 139.5 141.3
134.4 134.6 136.6 135.5 126.5 128.6 141.8 146.2 151.2 152.7 154.1 153.2 152.4 152.3 154.9 156.9 157.9 158 159.9 160.9 161.4 163 164.3 165.8 166.7 168.3 168.8 169.2 168.8 168.7 168.5 169.7 171.5 173 173.8 172.9 170.6 169.4 177.8 191.5 197.6 200.2 202.2 205.7 208.2 209.4 207.5 203.1 197.9 190.1 183.8 175.4 167.5 162 158.3 155.3 151.5 151.4 151.1 150.4 150.1 148.5 148.8 148.3 146.3 145.5 143.7 140.8 139.5 136 135.2 133.3 135.3 135.9 137.9 139 136.2 134.7 133.2 134 134.3 138.1 142 141.3
131.6 134.6 138.2 135.4 133.5 124.8 132.2 133.9 134.4 137.2 141.9 147.2 152.8 155.4 154.6 157.1 160 160.5 162.6 163.2 165.1 165.3 167.7 168.8 170.3 172.1 171.9 172.4 171.8 171.4 172.5 174.5 175.8 177.9 178.2 175.2 171.9 171.9 188.5 201.9 204.3 206.4 208.9 211.8 213.7 212.2 207.4 201 193.9 186.1 176.7 168 161 158.7 156 155.8 156.4 158.6 160.3 160.1 158 153.8 150.7 149.7 147.8 146.1 145.1 144 144 138.1 136.5 135.6 135 134.6 134.1 135.8 135.5 134.8 134.4 134.7 137.2 140.6 142.4 142.7
128 133.7 140.3 137.2 135.7 139.1 141 144.9 145.7 148.5 150.3 153.1 155.3 158.3 158.7 157.8 161.3 162.9 165.2 167.7 169.3 169.5 171.1 172.4 173.8 175.5 175.7 175.2 174.7 176.8 177.6 179.9 182.7 184 181.4 176.4 174.2 173.6 188.4 202.9 208.3 211.5 216.4 219.6 218.3 213.5 203.9 196.3 188.3 178.8 171 167.3 161.7 161.9 163 164.4 168.1 169.8 170 167.1 164.7 160.3 154.9 152.3 149 147.3 146.3 145.9 145.3 141.5 139.1 137.6 136 134.9 134.6 134.6 134.8 134.2 134.5 135.2 138.4 141 141.8 142.7
