WholeMapElevations/data/tq/tq50_OST50GRID_20230518/TQ50.asc
ncols 200
nrows 200
xllcorner 550000
yllcorner 100000
cellsize 50
[rows 39 to 77 of 200, columns 87 to 173 of 200]
7.4 12.5 14.4 14.8 15.7 16.1 14.3 15 15.5 16.6 18.2 20.2 22.1 23.6 24.5 25.2 25.7 23.8 22.7 21.4 20.7 21.8 21 21.1 22.3 23.4 26.9 30.4 34.9 36.4 34.3 32.3 32.9 32.3 30.7 27.3 25.9 23.4 22.3 20.7 17 19.1 19.6 19.2 19 16 15.6 16.6 19.5 22.1 23.4 27 31.5 33.8 35.3 35.6 35.4 35.7 36.8 38.4 39.5 40.9 40.1 41.5 39.8 37.1 33 29.8 27.9 26 24.6 23.9 21.9 23.3 23.2 18.2 18.3 18.2 21.7 22.2 22.8 21.6 18.3 16.1 14 12.3 10.8
9.4 14.5 15.9 16.6 17 17.5 17 16.9 16.8 17.6 19.4 22.3 24.6 25.9 26.5 27.1 27 26.8 26.8 25.7 24.5 25.2 23.8 23.3 25.3 25.8 26.9 31.4 34.8 37.4 35.9 36.1 35.3 33.7 29.9 26.4 24 23.1 21.8 18.2 20.9 20.8 20.8 19.7 18.9 16.4 15 17.9 21.1 23.3 25.2 28.3 30.5 32.1 33.6 32.6 32.9 32.6 34 35.7 37.6 39.5 38.8 40.9 39.5 37.3 32.6 30.6 28.1 27.2 25.4 22.9 22.3 23.2 22.6 19.9 18.6 19.6 21.8 23.1 22.5 20.1 17.6 16 14.8 14.1 13.2
12.8 18.2 18.8 19.1 19.1 18.7 17.9 18.1 18.3 19.6 20.7 24.3 26.7 27.4 27.7 27.3 26.8 27.5 28.6 29 28.2 28.2 26.2 26.1 28.3 29.7 32.8 36.2 37.4 37.9 37.8 38.1 35.6 33.7 29.2 26.6 22.8 21.2 19.4 20.6 22.1 22.4 21.6 19.8 18.6 17.5 14.8 18 21.9 25.1 27.8 28.7 31.4 30.7 31.4 31 29.3 29.7 30.7 32.5 35.6 36.1 38.9 39.5 38.3 35.7 33.3 31.1 29 27.6 25.3 22.5 24.2 23.7 22.7 21.2 20.6 21.7 22.5 23.4 22.7 21.6 20.5 19.6 18.7 16.7 14
16.3 19.3 20.4 20.9 21 20.4 20 20.4 20.8 22.3 24.3 26.3 27 26.8 26.2 24.8 24.4 25.4 28 28.6 29.9 29.3 29.3 29.3 31 34.3 38.1 39.9 40.9 40.6 38.7 38.2 35 31.4 27.9 24.5 22 23.1 24.1 24.2 22.3 21.7 20 19.4 19.7 17.7 16.7 16.7 21.7 24.3 26.2 27.7 29 29.2 29.7 29.2 28.2 28 29.1 31 32.9 34.5 36.9 37.7 37.7 36.4 34.7 31.8 29.9 28.1 26 24.8 26 25 23.2 23.1 23.1 24.1 23 22.9 22.7 23.7 23.7 23.3 19.4 17.2 14.1
17.7 19.9 20.8 21.5 21.9 22.3 22.4 22.8 23.1 24.3 25.6 26.1 25.7 25 23.2 22.6 22.6 23.7 26.1 28.6 29.4 30.8 31 31.5 33.2 35.6 38.7 40.6 41.3 41.4 39.6 36.7 33.2 30.4 26.8 25.4 24.4 28.6 29.8 26.5 23.9 21.9 22 21.5 20.9 18.6 17.5 15.7 20 20.6 23.7 24.7 25.2 27.7 28.4 27.6 26.3 26.4 28.2 29.8 30.5 33.8 35.4 36.1 36.6 36.2 35.2 33.2 31 28.8 27 26.5 26.6 25.6 24.4 24.2 25.4 25.7 24.7 25 24.5 24.4 24.6 22.4 19.8 16.4 13.9
17.2 19.5 20.6 21.5 22.1 23 23.3 23.7 24.1 24.4 24.5 23.8 23.5 22.3 21.2 20.8 21.4 22.5 25.1 27.6 29.7 30.6 31.4 32.3 33.3 34.9 37 39 41.3 40.2 39 36.9 33.4 32.4 29.4 27 28.2 32.4 32.4 28.2 24.6 23.2 22.8 22.6 19.9 17.7 16.6 17.5 17.1 19.9 22.1 22.3 23.6 26 26.7 26.2 25.1 25.8 27.4 28.9 30.5 32.3 34.1 34.8 35.2 35.4 35.3 34.4 32.4 29.4 27.5 27 27.3 26.5 25.7 25.3 25.4 25.6 25.1 22.7 21.9 22.4 21.8 19.9 16.8 14.6 12.7
16.2 18.1 19.5 20.9 21.8 22.7 23.4 23 22.9 22.5 21.6 20.9 20.8 20.1 19.6 20.3 21.5 22.8 24.5 27 28.7 30.2 31.1 31.8 32.5 33.7 35.3 38 40.4 41 39 37.7 37.6 36.5 32.1 28.2 30.7 34.1 33.5 29.8 27.2 26.5 25.2 23.6 20.4 19 17.1 17.6 17.5 17.5 18.8 19.7 21.2 22.8 23.9 24.5 23.5 24.7 25.5 26.7 29.3 30.7 32.9 33.1 32.9 33.1 34.2 34.9 34.3 32.3 30.6 28.3 27.7 25.7 25.2 25.9 25.6 24.3 22.2 19.6 18.1 19.4 18.2 16.1 12.9 11.4 11.4
15.4 16.5 17.8 19.2 20.5 21 20.7 20.2 20 20 19 18.5 18.1 18.2 19.6 20.6 22.1 23.6 24.6 26.5 28.4 29.3 29.8 30.3 30.8 32.4 34 36.9 38.5 40.9 41 40.3 39.4 37 31.5 31.3 35.6 36.1 34.1 30.8 29.9 29 26.6 23.9 20.9 19.5 18.7 19.5 19.2 18 17.5 18.7 20.2 21.5 22.3 23.1 22.9 23.1 25 26.5 28.3 29.5 30.3 30.8 30.8 31.7 33.1 34.7 35.1 34.3 32.4 29.6 28.3 23.9 22.8 22.7 23.3 22.6 19.9 16.9 14.8 13.6 13.9 13 11.6 8.7 8.6
14.1 14.8 15.6 17 18.7 18.4 18 17.5 17.1 16.7 16.3 16.5 17.4 18.9 20.6 22 23.7 24.6 25.5 26.4 27 27.9 28.3 28.4 29.9 31.5 34.4 35 37.8 41.6 42.5 43.1 41.7 36.8 32.5 34.8 38.2 36.9 34.3 31.5 30 28.2 25.8 23.5 20.8 20.9 21 20.7 19.9 19.4 17.5 17.6 19.4 21.3 22.4 22.3 21.5 23.1 24.7 25.6 26.8 28.7 27.5 27.5 28.6 30.5 32.2 34.1 35.1 35.5 34.1 30.2 28.7 25 21.1 18.2 16.9 17 16.2 12.5 11 11.9 11 11.6 9.3 8.2 7.3
12.8 14 14.5 16.1 16.1 15.9 15.5 15.1 15.3 14.3 15.4 17.1 18.4 20.1 21.4 22.8 23.5 24.2 24.8 25.5 25.6 25 26.2 27.3 29.1 30.7 31.9 33.8 36.8 39.5 42.1 42.3 41.3 36.7 34 37.8 38.8 36.2 35.3 31.8 29 27 25.1 23.4 23.2 23 22 21 20.5 18.8 18 17.3 18 20.1 19.7 20.8 21.3 23.5 24.6 25.5 26.1 26.5 26.4 27.9 28.9 31.3 32.4 33.7 35.6 35.8 35.2 31.2 31.4 28.7 24.8 23.3 22 17.2 15.6 17.3 19.7 16.2 16.9 14.9 11.8 10.4 9.2
10.8 11.7 13 14.1 14.4 13.3 13.2 13 13.7 12.8 15.3 17.7 19.1 20.4 20.9 22.1 22.8 23.5 23.9 23.9 23.2 24.4 25.2 27 28.3 29.7 30.9 33.1 36.4 39.1 40.8 40.5 39.9 36.2 34.8 38.7 39.8 39 36.7 33.4 29.7 27.7 26 25.2 25 24 23.1 21.3 18.8 18.4 19.3 19.6 19.4 19.7 19.6 19 20.5 21.5 23.4 24.2 24.6 24.9 26.1 27.6 29 30.2 31.4 32.8 34.3 35.7 35.2 33 31.8 29.9 27.1 23.7 19.6 15.5 20.7 23 22.4 22 19.5 16.9 14.2 12.6 10.5
10 11.1 10.7 10.5 11.3 11.7 14.3 15.6 16.3 16.2 13.7 16.9 18.7 19.4 18 21.1 22 22.2 21.3 21.8 23.2 24.5 25.1 26 27.3 28.7 29.5 31.1 33.4 37.8 39.8 38.8 36.7 34.5 34.2 37.3 38.3 39.1 38 34.8 30.7 28.4 26.7 26.6 25.5 24.2 22.6 21.7 18.7 20.1 21.1 20.8 21 21.8 22 20.4 19.7 20.6 21.7 22.2 22.7 24 25.5 27 28 29.4 30.7 32.2 34.3 36.3 35.7 34.2 32.9 32.5 27.3 24.7 17.8 20 23.8 24.1 22.1 20.3 18.4 15.4 13 10.7 8.8
11.2 11.5 13.5 13.5 14.2 14.7 14.8 16.3 16.9 17.2 17.2 16.1 16.1 16 15.9 19.2 19.9 20.5 22.3 23.6 24.8 26.2 26.7 27.1 27.9 28.2 29.3 32 35.3 39.3 39.1 36.9 33.7 32 31.6 33.7 34.8 37.3 37.3 35.6 31.7 30.6 28 26.7 26.7 25 23.4 21.3 19.2 20.7 22 22.2 22.1 22.9 23.2 22.1 19.7 20.3 22.9 23.8 24.7 23.7 24.6 25.8 27.2 29 30.4 32 34.2 36.2 37.3 35.9 34.4 32 27.8 23 21.3 24.5 25.1 23 21 18.8 17.9 16.3 14.4 11.8 8.8
11.5 13.2 13.4 13.8 14.3 14.7 14.7 15.9 16.5 17.3 17.8 18.3 18.8 18.9 19.1 18.6 19.5 21.6 23.1 24.4 26.1 27 28 29.3 28.7 29.2 32.2 34.8 38.5 40.9 39.5 35.3 32.6 30.1 29.7 30.1 31.1 34.4 36.4 35.8 33.5 30.8 28.1 27 25.3 25.2 23.1 20.1 18.7 22 22.9 23.2 22.9 23.9 24 22.9 21.8 20.4 23.2 24.8 25.9 25.5 25.2 26.3 27.8 29 30.6 32.5 34.3 36 37.1 36.7 34.7 32 28.4 22.8 24.8 26.3 25 23.8 19.6 16.8 16.7 17.4 14.6 11.1 8.1
12.8 13 13.3 13.6 13.8 14.4 14.6 15.7 16.4 17.1 17.9 18.5 18.8 19.3 19.6 20.3 20.6 22.3 23.6 24.9 26.4 27.2 28.5 29.4 29.1 31 33.8 37.4 40.9 40.9 39 34.5 31.3 29.5 28.2 28.4 28.5 31.4 33.9 33.7 32.7 28.9 27.4 25.6 23.8 23.3 21.1 19 21.6 22.7 24.4 23.9 23.9 24.2 24.1 23.1 23 22.2 22.7 25.1 26.3 26.1 25.8 26.6 28 28.9 30.5 31.5 33.1 34.7 36 36.2 34.6 32.6 29.5 27.5 27.8 25.9 25.6 23.5 20.4 18.9 16 13.8 13 10.5 7.5
10.8 12 12.7 13 13.2 14 14.6 15.8 16.2 17 17.7 18.4 18.8 19.3 19.7 20.5 21.6 23 24.3 25.3 26.2 27.8 28.3 28.9 30.8 33.2 36.7 40 41.7 40.9 38.3 32.8 29.9 28.6 27.1 26.5 26.5 26.8 28.9 29 27 26.2 25.3 23.8 21.8 20.6 20.2 21.6 24.5 24.7 24.5 24.3 24.6 24.8 24.5 24.4 23.7 21.8 22.6 25.3 26.5 26.9 26.8 26.7 27.9 28.7 29.7 30.7 31.8 33.9 35.4 36.6 34.6 32.6 32 30.5 28.9 26.8 24.5 23.3 21.9 19.9 16.6 13.3 10.4 9.2 7.2
8.3 9.9 11.2 12 12.9 13.4 15.1 15.5 15.9 16.7 17.4 17.9 18.3 18.7 19.9 20.8 21.9 23.2 23.8 24.7 25.7 26.7 27 29.1 31.5 34.1 37.5 41.1 41.7 39.9 36.3 31.4 29.4 28.2 28.1 26.2 25.3 25 24.9 24.8 23 22.5 22.3 22.4 22.9 21.9 20.9 23.9 26.1 25.8 26.9 24.7 25 24.7 24.3 24.1 23.4 22.2 22.4 23.6 25.6 26.2 26.9 27.3 28.4 28.9 29.9 31.3 33.2 34.9 34.8 35 33.8 32.8 31.9 30.3 29.6 25.8 23 21.8 20.7 17.3 16.4 13.3 10.3 9.3 7.5
10.2 9 8.7 9.8 10.5 13 13.8 14.8 15.7 16 16.5 16.9 17.7 19.1 20.3 21.2 21.6 21.7 22.9 23.6 25 26.2 28.4 29.2 32.9 34.7 38.6 40.4 41.3 38.1 34.7 30.4 29 28.1 28.7 27.4 26.6 25 25.2 26.4 25.4 24.7 24.8 25.6 23.9 23.1 21 24.7 26.9 26.7 28.5 28.1 25.9 25.3 24.2 23.8 23.2 23.3 22.2 21.5 23.1 24.7 26.7 26.6 27.3 29.9 30.2 32 34 35.2 34.1 35 33 32.4 35.4 30.3 28.9 22.3 20.4 19.2 18.8 17.6 15.4 13.3 11.5 10.3 9.8
12 10.7 8.7 11.8 13 12.3 13.1 13.8 14 14.8 15.2 15.9 17.4 18.9 20.3 20.5 20.7 20.9 22.6 24.4 25.3 26.6 27.5 30 33.7 37.7 39.8 41.1 40.7 38.4 33.9 30.9 29.6 29.5 29.4 28.6 28 27.6 27.5 27.3 27.9 28.8 28.7 26.5 25.8 24.5 22.2 23.5 25.5 28.5 30.6 29.5 26.2 25.2 24.3 24 23.8 23.4 22.7 22.4 22.8 23.2 24.2 26.1 27 27.4 28.9 31.8 31.9 33.2 32.9 32.3 31.4 30.7 29.3 28.1 27.2 23.5 18.5 16.9 16.4 15.4 14.4 12.5 11.7 11.2 10.4
13.2 11.9 9.8 11.3 13.7 14.4 14.5 13.3 12.8 14.3 14.7 15.9 16.7 16.3 16.8 19.7 20.8 22.2 23.2 25.1 25.2 27.3 28.7 30.6 34.1 37.7 40.2 41.3 40 38.4 34.5 32.1 31.8 32.2 31.4 31.2 31 29.6 30.6 31.7 32.2 30.6 29.1 26.9 26.1 25.1 22.4 22.6 25.5 28.5 32.4 30.2 26.6 25.9 25.2 24.8 24.5 23.9 23 23.2 23.5 24.1 23.7 25.1 26.6 27.4 28.1 29.1 29.9 32.1 32.5 32 30.3 28.6 24.2 22.9 22.7 21 18.5 16.6 14.4 12.7 13.1 11.8 10.7 10.1 9.6
14 13.1 11.1 11.1 14 14.8 15.4 15.2 15.2 16.4 17.4 17.5 18.9 19.7 20.5 20.9 21.9 22.6 24.6 25.4 25.6 27.6 28.9 32.9 36 38 40.4 40.3 39.7 38.3 37.3 35.4 35.4 34.6 34.9 35.4 34.3 34.3 34.3 34.1 33.7 30.7 28.4 26.7 25.1 24.2 22.3 23.9 27.9 31.4 33.4 31.4 29.7 27.4 25.7 25.4 24.7 24.3 24.2 23.5 24.3 24.9 24.9 25.6 26.3 26.8 28.6 30.2 30.5 31.5 32 32.2 30.5 29.2 27.4 24 19.5 16.6 14.4 13 13.1 11.9 11.2 11.3 10.1 9.2 8.9
14.9 14.2 12.5 10.1 13.8 15 15.7 16.2 16.9 17.6 18.4 19 19.9 20.8 21.6 22.6 23.5 24 24.4 26 24.8 28.3 30.6 34.3 36.9 39.6 40.5 39.9 39 39.4 37.9 37.5 37.6 37.5 38.5 40.5 40.5 39.1 37.1 34.2 33.4 30.1 26.9 26.3 25.4 25.8 23 24.8 29.5 30.8 31.5 32.3 32.1 29.1 26.8 25.3 25 25 24.3 23.6 24.7 25.6 25.4 26 27.2 28 28.3 29 31.4 31.1 31.8 31.4 27.8 25.8 25.1 23.7 19.9 17.9 13.7 11 7.7 8.5 8.8 9.6 7.9 10.9 8.5
15.8 15 13.3 11.5 11.9 13.9 15.4 16.6 17.4 18.4 19.3 20 20.5 21.6 22.5 23.5 24.4 25.1 26.1 27.4 27.4 29.5 33 34.6 37.7 38.9 39.3 39.2 38.6 38.7 37.4 37.5 38.7 39.7 42.2 42.5 42 39.4 36.2 33.1 30.6 29 27.9 27 26.4 26.1 23.2 24.5 28.7 30.5 31.1 32.7 32.9 30.2 28.3 26.5 25.8 25.6 24.5 23.9 25.4 25.5 25.8 26.5 27.3 27.9 27.8 29.5 29.6 30.6 30.9 29 24.7 21.8 20.7 18.3 16.3 15.7 13.4 8.3 8.6 6.4 6.7 7.9 7.9 7.6 6.5
16.7 15.8 14.4 13.6 11.6 12.2 14 15.5 16.8 17.7 18.3 19.3 20.2 21.8 22.5 23.2 23.6 25.1 26 26.9 27.7 30.2 32.3 34.2 37 37.8 37.6 37.6 37.8 37.3 36.4 36.4 37.6 41.6 44.1 43.7 42.3 39.3 35.6 32.1 32 31.7 29.5 28.2 26.9 25.5 25.3 23.4 27.5 29.2 28.9 31.7 32.7 32.1 29.8 28.2 26.4 25.9 25.2 24.9 24.7 25.2 26 26.9 27.5 27.5 27.9 28.6 28.7 29.2 28.8 24.7 21.4 20.1 18.1 17.4 12.2 8.8 10.4 10.3 7.6 6.4 5.4 7.6 6.7 7.1 6.3
17.7 16.7 15.4 15.2 13.9 12.1 12.5 14.3 16 16.6 16.8 17.6 17.9 19.6 19.9 20.7 21 23.2 24.5 25.9 27.6 29.9 31.9 33.2 34.8 35.4 36 36.1 36.5 35.9 35.2 35 36.9 40.5 42.7 43.2 42.4 39.3 35.9 33.5 32.9 32.3 30.7 28.9 27.5 27.6 26.3 23.2 24.7 26.8 29.4 30.8 33.1 33.1 31.1 29.4 27.5 26.7 27.4 26.8 26.1 26.2 26.4 26.9 26.5 28.5 28.3 28.1 27.7 27.6 24.4 22.4 20.6 17.8 17.3 15 11.8 8.8 8.9 8.5 7.1 4.9 5.9 7.7 6.8 7.4 6.4
17.8 17.1 16.9 16.7 15.6 14.5 12.8 13.8 15.1 15.4 15.9 16.7 17.1 18 19.8 21.1 22.8 24.2 23.1 25.8 28.1 30.2 32 33 32.7 33.6 34.5 34.7 35 34.6 34 33.9 35.1 36.7 40.3 41.5 42.5 40.7 38 37 34.2 31.9 30.6 30.2 29.2 28.1 26.6 25.2 24.9 24.3 27.7 31.8 34.1 35.1 33.4 30.1 28.4 29.5 29.4 28.3 27.3 27.8 27.2 27 27.2 29.8 26.3 26.5 26.2 25.3 22.7 20.8 19.3 16.1 14.1 13 11.2 9.5 7.9 6.5 6.9 5.6 4.5 5.7 5.4 6.6 6.1
18.8 18.4 17.9 17 16.4 15.1 13.3 12.9 12.9 14.9 16.5 17.3 18.8 21 23.7 25.6 26.7 26.6 26.1 27 28.8 30.6 32.3 33 32.8 32.2 33.2 33.6 33.6 33.5 32.9 32.9 33.8 35.1 37.2 40.3 42.8 39.7 39.6 35.2 33.4 32.5 32.1 30.4 29 28.1 27.3 26.5 25.5 25.2 28.1 32.9 35.1 36.6 34.1 31.2 29.8 30.1 30.6 29.7 28 27.9 27 27.4 27 28 26.2 25.2 23.5 21.5 20.2 20.2 18.8 16.1 13.9 11.5 9.2 8.6 8.6 8.1 7.5 7.1 5.4 3.7 4.5 5.1 4.5
20.6 19.7 19.2 18 16.9 15.6 16 15.5 14 14.6 16.5 19.2 21.9 24.8 27.7 29.2 29.5 28.3 28 28 28.7 30.2 31.3 31.8 31.7 32.2 32.3 32.8 32.7 32.5 31.9 31.8 32.6 33.8 36.5 40 41.4 40.6 37.2 35.5 33.7 32.9 31.7 31.2 30.1 29.5 28.7 27.8 26.4 25.4 29.4 32.7 35.8 37.1 34.8 32.2 31.4 32.1 31.3 30.3 29.3 28.7 27.4 26.7 26.3 25.7 25.3 23.6 21.5 19.8 18.3 16.9 16 12.9 12.2 11.3 10.8 10.5 9.9 9.4 8.8 8.1 7.2 5.7 2.5 3.9 3.2
22.4 21.4 20.2 19 17.7 17 16.5 16 14.7 15.3 17.5 20.5 24.5 27.8 29.7 31.2 31.5 30.3 30.3 30.4 31.3 31.5 31.9 30.9 29.8 30.7 31.4 31.5 31.6 31.5 30.9 30.7 32 33.7 36.7 39.7 41.5 40.1 38.7 37 35.7 35.4 34.2 32.7 30.7 30.3 29.3 28 26.3 24.9 30 32.9 36.2 37.5 36 33.3 33.1 33.9 31.5 30.9 30.9 29.5 28.2 27.6 25.3 24.9 24.1 23.2 22.2 19.9 18.9 17.5 15.6 15.1 12.8 12.5 11.9 10.8 9.1 8.5 8.2 7.9 7.6 6.6 5.1 4.3 2.6
23.3 21.9 20.6 19.3 18.1 17.4 17 15.6 15.1 15.8 19.5 23.5 27 29.7 31.3 32.2 32 32.2 32.5 33.1 33.9 33.7 32.4 31 29.6 28.8 28.9 29.5 29.8 29.7 29.7 31.4 32.6 34.6 37.3 39.9 40.6 39 40 38.7 37.6 36.4 35.1 33.5 31.4 28.7 29 27.6 25.7 25.7 28.3 32.3 36.1 39.1 37.8 36 35.3 33.9 34.3 32.7 30.5 29.4 28.7 29.5 26.9 25.7 25.8 22.6 22.5 19.2 17.8 17.1 15.9 15.1 14.1 11.9 10.8 9.4 8.1 7.4 7.2 6.8 6.6 6.5 5.2 4.2 2.1
21.1 20.7 20 19.1 18.3 17.9 17.5 16.9 16.1 17 18.8 24 27.5 29.3 30.6 31.1 31.8 32.8 33.7 34.3 34.6 33.9 32.5 30.8 27.6 26.8 28.7 29.2 29.7 30.6 31.8 32.9 34.2 36.6 38.6 40 40.9 40.2 39 37.8 35.4 35.4 34.3 32.9 31.1 29.4 28 27.3 25.8 26.7 30.5 34.4 35.7 39.5 40.5 39.1 36.8 34.4 33.6 33.2 32.9 31.7 30.2 29.2 27.2 24.3 23.8 21.2 23.4 19.5 17.2 15.9 15.3 14.6 12.9 10.9 9.5 8.2 6.9 6.1 6 5.6 5.5 5.7 4.4 2.5 1.5
18.6 18.8 18.9 18.7 18.7 18.9 18.7 18 16.8 17.3 19.8 22.8 24.5 27 28.9 29.1 30.4 31.7 33.2 34.1 33.8 32.4 31.2 29.7 26.6 29.3 31.5 32.7 33 33.2 35.1 36.1 37.4 38.6 40 41.3 40.3 39.3 37.8 36.1 34.3 34.1 32.9 31.8 30.6 29.1 28.3 27.5 25.7 28 31.6 34 36.3 40.6 41.4 40.6 37.9 35.1 32.1 31.2 31.9 31.9 30.7 28.8 26.4 23.6 22.2 19.9 21.9 17.9 15.4 14.6 14.6 14 11.9 9.9 8.5 7.1 5.8 5 4.7 4.2 4.4 4.5 3.1 2.1 1.7
17.5 17.9 18.4 18.8 19.6 20.9 21.8 20.4 19.1 17.9 18.3 20 22 23.6 24.9 26.2 28.5 29.9 31.4 32.3 31.9 30.1 28.6 26.5 28.4 31.3 34 35.2 35.7 36.2 37.2 38.6 39.3 40.7 41.7 40.8 39.5 38.2 36.6 35 34.3 33.6 33.8 32.8 31.2 29.9 28.6 28.2 26.8 29.1 31.9 33.9 37.8 41.1 42.5 41.6 39.3 35.4 31.7 28.3 29.6 31.1 29.9 27.2 24.2 22.6 20.9 18.5 18 16.1 14.6 13.6 14 13.6 11.7 9.3 7.8 6.3 5.1 3.9 3.6 3.2 2.9 2.6 3.4 1.7 1.5
18.4 18.7 19 19.7 20.9 23.2 24.7 23.8 22 20.1 18.8 18.9 19.1 20.5 23.4 25 26.7 27.4 27.7 27.7 27.9 27.1 26.4 27.9 30.1 33.2 35.6 36.7 37.2 37.1 37.6 38.9 40.6 41.4 41.5 40.8 39.5 37.9 37.1 35.8 35.8 35.3 35 33.8 32.6 31.2 29.6 28.1 29 29.7 31.1 34.3 37.2 40.5 42.5 42.7 40.2 37.2 32.3 28.3 26.1 28 27.3 23.9 20.9 20.3 19.3 16.8 16.2 14.5 13.9 11.2 12.3 12.9 11.1 9 7.2 5.7 4.4 3.5 3.2 2.6 2.5 2.1 3.3 1.7 1.9
21 20.9 20.7 21.2 22.2 24.7 27.6 28.4 25.4 23.3 21.7 21.5 21.1 20.4 21.3 23.1 24.4 24.3 24.8 25.1 25.8 27.7 27.5 29.3 33.1 35.3 36.8 37.7 37.4 37 37.4 38.7 40 40.5 40.3 39.7 40.6 39.7 39.9 38.4 38.9 36.4 36.2 33.7 32.3 30.7 29.4 28.8 29.7 31.2 32.7 33.6 37.4 40.1 41.6 41.2 39.6 37.5 34.2 29.9 25.9 23.2 24.5 21.7 19.3 17.9 16.6 15.1 14.5 13.1 11.8 10.9 11.2 11.4 10.1 8.1 6.4 5.1 3.9 3.3 2.8 2.3 2.2 2.2 2.3 2.7 2.9
25.4 24.6 23.9 23.6 24.1 26.4 31.4 33.1 29.7 27.1 25.7 24.9 24.3 22.5 21.2 21 22.3 22.4 25.5 27.7 29.6 31 30.8 31 32.2 36 37.2 37.1 35.5 35.4 36.6 37.5 38.2 38 38.1 39.1 40.3 41.4 41.7 41.6 39.2 37.9 35.1 33.3 31.9 30.9 30.5 29.6 29.3 29.3 32.1 33.9 35.7 38.7 41.2 40.4 38.4 36.5 33.9 29.9 24.6 19.8 20.3 18.8 17.2 15.6 14.5 13.3 12.8 11.1 10.3 10 10.2 9.7 8.7 7.2 5.8 4.5 3.8 2.9 3.1 3.4 3.7 3.6 3.3 3.7 3.7
30.6 28.2 26 25.2 25.9 28.6 32.7 35.6 33 31.8 30 28.6 26.5 25 23.7 22.5 23.2 24.9 27.2 29.8 32.4 33.6 33 34.2 35.5 36.4 35.5 34.7 33.7 33.4 34.5 34.6 34.7 35 35.6 37 38.5 40.4 41.8 41.5 39.4 37 35.2 33.1 32.3 31.8 31.2 30.4 29.7 30.3 31 33.3 34.8 38.2 39.5 38.7 36.7 34.8 32.6 28.8 24.6 21.1 17 15.6 14.7 14 12.4 11.4 11 9.4 9 8.7 8.8 8.3 7.4 5.9 4.9 4.3 3.7 4.2 4.6 4.7 4.8 4.9 4 4.2 3.7
29 27.6 23.3 24.4 25.6 30.2 34 36.3 36.3 35.3 32.8 30.1 28.2 26.8 26 26.5 27.6 28.2 29 31.2 33.3 35 35.6 35.6 34.8 34.9 33.8 32.1 31.3 31.5 32.2 31.4 31.6 32.6 33.3 35.5 37.5 39.6 41.4 40.7 38.6 36.7 35.2 34.4 33.5 32.7 32.2 31.8 30.6 30.1 31.4 33.5 35.6 37.3 38.3 37.2 34.7 32.9 31.2 27.8 24.1 21.8 17.8 13.9 12.8 11.7 11.5 11 9.4 8.5 8.3 7.8 7.3 6.9 6 5.1 5 4.1 4.5 5 5.5 5.9 5.4 5.5 4.8 3.9 3.1
21.4 22.3 20.7 22.2 24 28.3 33.9 36 36.5 34.6 31.4 28.9 28.6 28.2 29 30.8 30.7 30.6 30.6 31.7 34.3 35.4 35.1 34.4 32.9 32.1 30.9 30.1 29.4 29.8 30.2 29.8 29.8 30.8 32.6 34.9 37.8 40.3 41.6 41.1 38.8 36.8 36.3 35.9 35 34.2 33 31.8 30.6 30.7 32.2 33.8 35.4 36.6 36.6 35.1 32.5 30 27.5 25.7 22.8 20.3 18.7 16.9 13.5 11.3 10.1 10.8 8.6 8.4 8.1 7.2 6.7 6.4 6.1 5.8 6.1 4.7 5.6 4.5 6.3 6.8 7.2 5.3 4.6 3.6 2.8
