WholeMapElevations/data/nr/nr69_OST50GRID_20230518/NR69.asc
ncols 200
nrows 200
xllcorner 160000
yllcorner 690000
cellsize 50
[rows 36 to 71 of 200, columns 81 to 161 of 200]
-0.3 -0.3 -0.3 -0.3 -0.3 -0.3 -0.3 -0.3 -0.3 -0.3 -0.3 -0.3 -0.3 -0.3 -0.3 -0.3 -0.3 -0.3 -0.3 -0.3 -0.3 -0.3 -0.3 -0.3 -0.3 -0.3 -0.3 0.8 -0.3 -0.3 -0.3 -0.3 5.8 21.3 16.1 14.3 18.8 29.9 64.3 79.4 88.9 85.8 86.6 76 71.1 75.5 70.1 64 42.4 27.4 36.5 37.2 38.8 38.2 54.6 77.2 95.2 106 113.1 149.3 179.6 190.4 197.3 212.5 216.1 213.8 202.2 198.8 184.8 176.8 179.7 191.7 226.9 244.4 253.5 258.6 262.1 263.6 266.5 270.7 278
-0.3 -0.3 -0.3 -0.3 -0.3 -0.3 -0.3 -0.3 -0.3 -0.3 -0.3 -0.3 -0.3 -0.3 -0.3 -0.3 -0.3 -0.3 -0.3 -0.3 -0.3 -0.3 -0.3 -0.3 -0.3 -0.3 -0.3 0.1 -0.3 -0.3 -0.3 -0.3 17.5 20.2 20.5 20.7 23.6 34 56.8 74 82.5 88.6 83.9 76.4 73.7 71.7 73.4 55.5 39.6 28.1 32.9 38.3 38.1 39.6 63.2 81.3 100.7 106.1 117.3 166.5 202.2 205.7 217 231.3 227.6 227.5 219 206.9 196.9 182 181.3 188.2 218.4 234.5 243.6 245.9 255.3 260 264.4 265.6 271.1
-0.3 -0.3 -0.3 -0.3 -0.3 -0.3 -0.3 -0.3 -0.3 -0.3 -0.3 -0.3 -0.3 -0.3 -0.3 -0.3 -0.3 -0.3 -0.3 -0.3 -0.3 -0.3 -0.3 -0.3 -0.3 -0.3 -0.3 -0.3 -0.3 -0.3 -0.3 4.9 16.2 19.9 23.9 34.4 35.9 42.4 72.4 76.3 88.3 85.5 79.3 77.4 79.3 72.5 59 50.1 43.9 35.9 31.5 39.4 39.7 49.3 70.5 99.4 99.4 111 128.9 180.8 216.2 227.8 223 248.8 246.9 239.7 233.6 223.2 208.6 197.9 189.5 187.2 197.7 220.8 228.6 233.9 246.4 258 260.7 271.2 271.8
-0.3 -0.3 -0.3 -0.3 -0.3 -0.3 -0.3 -0.3 -0.3 -0.3 -0.3 -0.3 -0.3 -0.3 -0.3 -0.3 -0.3 -0.3 -0.3 -0.3 -0.3 -0.3 -0.3 -0.3 9.8 1.7 6.6 -0.3 -0.3 -0.3 7.3 13 16.4 27.1 36.6 44.4 41.8 47.8 70 85.5 93.2 86.4 82.4 78.8 81.5 75.3 57.6 48.2 48.3 41.7 41 42.6 51.4 57.3 86 103.6 106.5 125.8 140.8 198.4 237.3 243.8 237.3 256.5 257.7 258.8 252 234.3 225 209 203.1 196.5 200.7 205.4 212.9 221.5 233.4 249.8 258.6 273.9 270.5
-0.3 -0.3 -0.3 -0.3 -0.3 -0.3 -0.3 -0.3 -0.3 -0.3 -0.3 -0.3 -0.3 -0.3 -0.3 -0.3 -0.3 -0.3 -0.3 -0.3 -0.3 -0.3 2.2 11.3 9.8 8.5 8 6.1 3.8 6 14.6 18.9 24.4 30.6 36.1 46 47.3 52.5 75.6 89.9 93.4 87.6 79.8 81 83.3 71.8 52.4 52.6 64.3 66.5 54.1 41.4 52.6 64.2 87.3 105.8 116.1 136.4 146 193.1 235.4 253.7 251.3 260.6 273.7 269.1 261.7 245.8 231.9 213.2 210.3 212.4 213.4 216.2 217 218.9 225.2 236.3 245.7 258.7 264.8
-0.3 -0.3 -0.3 -0.3 -0.3 -0.3 -0.3 -0.3 -0.3 -0.3 -0.3 -0.3 -0.3 -0.3 -0.3 -0.3 -0.3 -0.3 -0.3 -0.3 -0.3 -0.3 7.3 22.8 22.7 30 23.6 11 18.1 28.4 26.1 27.8 30.2 32.7 37.2 42.7 46.2 53.1 74.2 86.2 87.9 81.2 79.1 81.9 73.2 60.6 58.4 76.6 72.9 75.9 61.8 50.8 50.4 68.2 85 102.7 117.2 138 152.6 194.4 234.8 252.5 260.9 261.6 280.4 273.8 267.8 253.1 237 219.8 217 222 219.5 220.5 229.8 222.3 229.4 235.5 242.8 243.7 254.2
-0.3 -0.3 -0.3 -0.3 -0.3 -0.3 -0.3 -0.3 -0.3 -0.3 -0.3 -0.3 -0.3 -0.3 -0.3 -0.3 -0.3 -0.3 -0.3 -0.3 -0.3 -0.3 6 26.9 33.2 36.1 43.8 37.2 32.2 32.4 31.6 33.3 35.6 36.8 40.2 43.4 47.4 61.4 80.3 90.1 83.7 78.6 78 76.8 64.4 69.6 92.7 100.3 88.4 79.5 66.7 63 77.5 58.9 86.5 97.7 116.2 142.4 161.2 190.7 229.9 251.1 260.1 260.6 282.9 281.5 269.4 254.1 240.1 225.1 218.1 224.9 225 227.8 227.1 222.8 225.7 229.5 240.4 240.1 243.3
-0.3 -0.3 -0.3 -0.3 -0.3 -0.3 -0.3 -0.3 -0.3 -0.3 -0.3 -0.3 -0.3 -0.3 -0.3 -0.3 -0.3 -0.3 -0.3 -0.3 -0.3 -0.3 28.2 37.1 45.2 48.6 42.7 39.5 38.6 41.6 41.8 43.5 39 41.3 43.5 44.9 47.8 62.9 88 92.3 82.1 76.8 75.5 68.2 76.3 107.3 111.6 114.1 101 86.6 71.9 65 84.8 62 80.4 96.7 115.7 146.2 160.6 185.1 229 243.7 254.6 252.9 282.5 285.4 270.7 249.8 236.5 221.7 216.5 225.4 226.2 231.7 226.1 221.5 221.7 224.2 231.7 233.4 239.3
-0.3 -0.3 -0.3 -0.3 -0.3 -0.3 -0.3 -0.3 -0.3 -0.3 -0.3 -0.3 -0.3 -0.3 -0.3 -0.3 -0.3 -0.3 6.4 -0.3 -0.3 3.7 34.4 43 58.8 52 51.6 49.2 49.1 55.1 52.3 43.6 43.3 44.6 46 46.1 48.2 61.3 83.9 85.7 82.6 74.1 70.8 71.3 95.7 106.8 113.8 110.4 101.2 87.7 75.3 71.2 83.2 66.7 80.7 93.3 122.2 143.5 158.7 187.1 221.4 238.8 246.9 243.9 271.3 281.1 271.6 249.8 230.2 215.5 210.2 222.5 223.7 233.9 232.8 217.5 213.8 218.6 225.8 230.2 230.4
-0.3 -0.3 -0.3 -0.3 -0.3 -0.3 -0.3 -0.3 -0.3 -0.3 -0.3 -0.3 -0.3 -0.3 -0.3 -0.3 -0.3 -0.3 -0.3 3.9 7.4 19.4 29.6 61.7 67.9 63 55.2 61.3 62 58.7 54.6 49.7 51.3 51.8 53.2 52.8 52.3 61.2 71.9 79.4 72.4 70.9 73.7 102.5 112 112.9 108.7 106.7 95.7 89.7 86.7 80.4 86.6 75 81.6 91.1 116.7 140.5 154.2 189.7 209 223.6 235.8 237.1 255.1 263.8 263.6 250.4 235.7 214 203.6 215.7 222.1 229.5 232.5 216.6 210.2 209.4 222.9 225.8 224.9
-0.3 -0.3 -0.3 -0.3 -0.3 -0.3 -0.3 -0.3 -0.3 -0.3 -0.3 -0.3 -0.3 -0.3 -0.3 -0.3 -0.3 -0.3 -0.3 4 6.9 12.8 32.2 60.8 72.2 67.8 66.8 70.8 64.1 64.9 68.3 64.3 65.5 66.5 60.9 62.4 58.7 71 74.7 72.1 70.9 70.6 95.1 111.7 118.1 114.9 108.7 105.3 99.1 94.7 83.9 84.2 88.1 82.5 80 94.8 121 133.4 148.6 184.9 203.2 213.7 222.7 229.6 239.5 252.3 253.4 246.2 233.5 209.7 198.4 198.4 214.3 228.9 227.2 215.5 209.2 206.8 205.9 216.4 220.4
5.2 5 -0.3 -0.3 -0.3 -0.3 -0.3 -0.3 -0.3 -0.3 -0.3 -0.3 -0.3 -0.3 -0.3 -0.3 -0.3 -0.3 -0.3 -0.3 6.7 27.9 39.6 59.3 73.8 73.5 78.1 79.2 71.3 77.8 77.7 81.5 81.5 73.4 63.9 64 64 76.5 83.6 71.7 70.8 77.5 111 116.4 116.2 113.8 112.9 111.4 103.8 89.4 85.2 87.5 89.5 82.7 92 95.1 111.1 129.9 149.8 178.8 190.7 208.5 211.4 222.4 235.7 240.5 240.4 233.9 225.6 204.5 198.4 198.4 208.7 220.3 222.4 214.5 213.9 211.1 204.9 204.5 213.9
19.8 8.8 6 4 -0.3 -0.3 -0.3 -0.3 -0.3 -0.3 -0.3 -0.3 -0.3 -0.3 -0.3 -0.3 -0.3 -0.3 -0.3 -0.3 6.2 37.5 50.3 70.1 84.1 84.2 86.9 86.6 80.1 87.8 91.8 96.4 83.8 74.9 73.8 65.7 67.4 82.2 76.8 72.5 71.3 90.4 112.2 119.1 117.8 116.2 120.4 115.9 106.9 89.4 85.9 91.2 90 92.3 104.4 106.6 104.9 123.3 141.2 167.5 184 200.4 205.2 215.7 232.8 232.3 230.4 227.8 217.1 205 198.4 198.4 206.8 217.4 215.5 214.1 218.1 213.6 210.8 206.6 203.5
14.7 21.8 21.2 8.7 31.3 8.2 -0.3 -0.3 -0.3 -0.3 -0.3 -0.3 -0.3 -0.3 -0.3 -0.3 -0.3 -0.3 -0.3 3.3 7.3 44.3 67.2 77.5 82 91.7 90 81.3 84.5 95.3 98.7 95.7 91.7 83.4 76.9 82 76.6 76.7 73.9 73 72 99 106.6 113.9 116.3 120 119.2 116.8 105.4 90.3 87.2 92.6 92.7 99.5 114.2 115 108 118.1 139.3 158.4 174 191.8 197.7 207.1 229.7 224.8 224.6 221.2 209.9 205.7 198.4 198.4 198.4 211.8 212.8 216.5 220.1 218.4 222.8 217.6 204
18.6 22.8 34.3 41.6 36.2 16.5 -0.3 -0.3 -0.3 -0.3 -0.3 -0.3 -0.3 -0.3 -0.3 -0.3 -0.3 -0.3 -0.3 7.1 24.1 55.2 77.9 90 88.1 89.6 86.4 90.4 93.7 98.5 101.6 103.8 92.9 88.7 91.5 85.6 80.3 75.2 74.2 73.1 94.4 102.6 112.4 112.5 117 120.3 118.4 104.9 96.7 91 88.4 94 93.9 111.7 116.2 118.6 114.9 113.6 145.3 158.5 166.4 180.3 193 194.8 220.6 221.4 216.1 212.6 211.2 211.1 200 198.4 198.4 208.4 213.2 219.4 222.9 224.9 225.3 222.1 211.2
21.5 24.3 32.1 35.5 31.8 8.3 -0.3 -0.3 -0.3 -0.3 -0.3 -0.3 -0.3 -0.3 -0.3 -0.3 -0.3 -0.3 8.1 18.4 33.7 49.5 85.4 89 98.1 95.8 94 93.8 95.6 100.5 102.7 108.3 114 108.8 105 86.9 77.3 77 77.1 77.5 107.6 109.5 114.8 120.5 124.4 123.1 114.9 98 96.5 97.4 94.9 94.9 95.6 121 123.4 131.2 132 120.1 137.4 160.5 169.6 175.5 184.2 183.5 199.5 201.2 204.2 208.4 209.3 210.9 212.1 201.7 199.7 200 213.6 221 225.3 229.3 230.4 229.3 217.3
29.8 38.5 39.5 38.2 35.9 24.4 8.6 -0.3 -0.3 -0.3 -0.3 -0.3 -0.3 -0.3 -0.3 -0.3 -0.3 19 26.3 34.7 43.2 57 79.4 95 100.3 110.1 103.1 97.9 98.1 110.7 108 120.1 120.9 113.7 102.5 80.7 79 79.1 79.2 82 112.3 121.2 117 124 126.7 127.8 119.2 103.2 97.3 93.8 95.3 97.3 99.4 114.9 130.7 136.9 138.1 128.8 129.6 151.8 174.9 176.4 178.1 178.3 193.3 198.2 202.1 207.1 209.8 215.7 218.9 205.3 203.2 198.4 210.4 221.1 226.8 233.7 237.2 227.8 222.3
54.7 55.1 52.5 40.1 40 35.8 13.1 -0.3 -0.3 -0.3 -0.3 -0.3 -0.3 -0.3 -0.3 -0.3 -0.3 27.6 36 46.8 54.5 58.9 67.3 90.4 97.9 108.4 107.1 103.6 103.9 112.5 124.1 127.2 118.8 107.5 89.9 81.9 84.1 87.2 81.7 86.2 115.5 121.5 128.9 127.1 123 118.5 113.7 100 95.4 94.5 99.7 100 108.5 120.9 140.5 143 142.2 135.4 127.8 143.9 165.1 173.3 176.5 177.3 185.1 191.4 204 215.1 218.1 223.5 220.8 206.5 199.7 201.4 205.2 217.5 231.1 235.1 236.4 229.1 225.4
59.9 58.1 61.4 43.9 38.4 35.5 11.6 -0.3 -0.3 -0.3 -0.3 -0.3 -0.3 -0.3 -0.3 -0.3 -0.3 32.6 50.1 56.6 60.2 66.5 64.8 78.6 95 97.8 103 105 106 123.8 131.5 123.2 113.1 95.3 84.4 85.7 96.6 88 86.2 88.8 116.2 121.9 125.3 125 122.6 111.4 104.7 100.1 96.8 97.5 104.8 105.3 114.1 129.5 151 150.3 149.5 137.7 133.4 149.2 167.2 171 175.6 176.7 178 187 201.5 216.1 221.8 228.1 220.1 202.9 199.1 205 205.9 215.9 226.8 232.8 229.8 227.3 226
64 60 55.6 49.5 42.6 42.8 9.2 1 -0.3 -0.3 -0.3 -0.3 -0.3 -0.3 -0.3 -0.3 0.9 42.9 64.4 71.1 74.6 73 69 68.6 76.3 92.9 109.3 118.6 126.5 125.7 129.7 117.4 104.8 94.9 88 91.5 94.4 88.4 91.3 108.2 116.6 122.7 126.2 122.8 117.7 105.7 102.7 105.8 101.9 106.9 111.2 115.2 126.1 141.5 164.6 163.5 152.3 144 141.8 143.4 164.6 173.2 174.3 175 176.2 179.3 191.3 206.6 215.5 225 213.3 198.7 198.1 208 207.5 213.4 224 226 224.9 227.2 225
70.2 66.7 65 49 50.6 50 25.3 1.2 -0.3 -0.3 -0.3 -0.3 -0.3 -0.3 -0.3 5.3 14.9 55.9 74.2 84.4 83.5 88 77.9 73.3 74.5 91.5 108.9 125.5 130.9 131.6 123 114.1 110.8 113.1 101.8 101.1 94.5 99.6 106.2 129.3 136 130.3 126.2 120.5 111.6 106.5 105.5 105.3 103 110.6 114.8 119.9 137.4 152.4 171.3 166.2 170.6 158.3 155.4 166.7 158.1 172.9 176.6 176.1 176.1 177.3 179.6 194.3 207.9 217.2 208.4 198.5 195.9 207.2 207.7 210.2 217.3 220.5 222.9 228.2 226.1
69.9 74.2 72.9 50.5 55.4 55.1 29 4.5 0.7 0.7 1.4 0.8 0.3 0.5 1 8.1 38.8 64.5 83.8 86.8 87.5 90.1 80.5 77.9 82.3 83.4 98 124.6 130.8 127.6 123.9 125.5 128.3 125 111.7 102.1 106.2 132.4 137.1 149.2 146.1 134 131.8 123.5 120.6 109.3 114.9 108.1 107.4 120.7 119.5 122.6 150.1 163.3 176.2 180.2 177.5 172.2 171.5 174.2 170.2 165.3 167.9 178.3 176.8 176.7 178.9 184.4 199 206.7 208.3 193.8 187.8 202.6 206.5 207.7 214.6 217.5 216.7 221.6 218
68.4 71.5 63.9 50.3 57.2 43.1 25.8 6.6 1 1 0.5 -0.3 0.8 1 6.5 20.3 55.8 74.3 88.3 91.5 97 96 89.1 83.7 85.7 85.8 88.7 112.4 122.7 127.4 137.8 137.3 134.6 118.6 116.6 120.7 139.2 141.7 152 157.6 152.5 145.7 138.7 134.4 122.6 118.1 122.7 112 109.2 127.6 127.3 125.7 146.8 167.1 194.7 185.5 182.5 179.3 178.4 180.2 177.1 169.6 166.4 170.5 175.4 177.7 178.2 180.8 190.2 196.1 199.6 187.2 187.2 195.5 200.6 199.8 205.9 212.9 212.6 212.4 212.1
68.3 64 51 52.6 50.4 35.2 14.2 5.4 4.1 3.9 2.4 -0.3 6 7.4 10.4 55.6 68.2 75.6 100.2 108.4 107.9 110.2 97 87.4 87.3 88.4 91.8 102.6 119.2 133.8 141.5 135 131.5 122 132.9 150.7 150.1 164.3 161 162.5 160.6 147.6 146.6 140.2 125.6 122.6 136 124.3 112.4 124.9 137.6 137.7 151.7 164.5 200.7 196.5 186.1 177.6 179.7 182.8 183.8 182.5 175.7 167.5 173.4 176.4 179.8 181.8 184.2 191.5 191.1 187.2 187.2 188 194.8 194.2 197.8 206.9 210.5 211.2 208.6
63.9 52.9 51.8 45 39.5 17.1 12.6 5.5 4.5 4.8 5.2 4.6 9.2 27.2 28 67.6 84.3 79 112.4 119.6 125 123.3 106.5 90.9 89.9 89.9 101.4 112.7 115.3 124.1 131.4 135.9 125.9 132 151.2 154.8 162 166.6 163.1 167.3 165.4 156.9 150.8 140.8 134.4 134.6 143.7 129.3 117.5 127.3 132.6 141.6 149.8 168.2 190.1 192.6 184.1 170.5 176.9 180.2 183.4 183.1 174 169.3 168.7 173.7 177.8 180.5 183.8 187.4 191.2 187.2 187.2 192.9 197.4 194 198.3 206.8 213.5 215.5 214
53.4 52.4 41.7 40.9 18.7 16 14.5 6.5 5 5.3 5.4 4.8 12.4 35.4 33.4 73 81.5 93.5 125 135.4 135.9 126.5 107.9 95 94.9 93.8 110.4 122.5 124.5 134.7 131.1 128.3 126 132.6 151.6 152.3 166.2 169.7 172.1 173.7 167.6 154.8 144.1 144 135.7 142.2 149.8 137.8 122.4 122.6 130.7 135.4 139.2 174.2 184.2 181.2 174.6 166.2 171.3 174.4 177 178.9 178.2 172.8 172.9 173.9 176.7 182 185.9 191.3 190.3 187.2 187.2 192.5 198.1 194.9 195.3 204.1 212.3 219.1 220.6
44.1 49.7 35.7 31.2 21.1 14.8 13 7.7 6.2 5.2 3.9 6.4 22.8 30 34 68.5 88 96.8 128.3 139.2 134.3 125.6 104.5 97.9 98.7 112.6 126.1 129.7 139.5 147.2 133 127.8 126.1 143.1 149.7 150 158.9 169 173.7 176.2 162.9 151.8 145.5 145.6 137.4 146.5 152.6 145.7 133.6 128.6 132.6 134.3 136.7 166.9 178.3 175.7 168 162.5 170.3 174.6 177.1 179 176.6 175.6 187.3 181.4 177.7 180.3 187.4 193.4 187.2 187.2 187.2 188.4 196 195.9 195.9 198.3 211.7 220.1 220.6
40.7 37.7 34.8 32.6 24.1 13.6 10.4 6.3 4.9 5.7 5.9 10.2 25 29.4 36.4 66.6 85.5 96.4 127.3 131.3 131.2 109.5 103.4 105.2 117.2 127 136.2 150.7 156.6 148.2 139.1 133.5 144.7 157.7 156.1 155 161.6 165.1 176.5 178.1 159.1 146.4 147 149.2 150 164.2 155.2 147.8 136.6 131.5 131 132.7 136.5 159.4 173.8 169.2 168 162.9 171.4 176.6 173.9 173.5 174.4 180.6 187.8 184.2 180.3 181.1 189.6 196.5 193.1 187.2 187.2 187.5 195.6 196.8 199.5 205.2 209.4 215.6 217.1
35.8 37.7 35.2 30.7 22.6 10.8 6.7 7.6 7.3 7.4 8.2 23 30.7 32.7 34.5 71.5 82 89.7 118 115.6 112.6 110.2 111 122 128.4 132.6 152.4 157.5 159.4 150.2 144.6 149.4 169.3 170.6 172.6 167.9 165.3 166 176.5 168.1 147.2 142.6 142.6 142.6 165.6 164.2 157.1 150.2 136 131.1 130.6 131.4 135.1 174.3 173.5 167.7 164.4 160.6 169.6 170.5 170.3 171.7 172.8 176.9 183.5 182.3 184.7 187.9 189.3 195 192.7 187.2 187.2 187.2 197 199.2 203.9 209.9 211.1 215.5 216.3
35.1 36.5 31 29.8 32.2 16.6 7.3 8.1 8 7.9 11.6 30.9 33.7 34.2 34.5 60.5 71.8 80.8 103 108.1 110 108.1 122.2 133.3 135.7 136.7 156.3 163 152.6 153.7 169.5 187.6 178.2 179 177.6 179.3 168.8 163.6 167.4 155.7 142.6 142.6 142.6 142.6 164 162.3 157.2 151.4 136.3 129.8 128.8 131.4 137.7 180.6 184.4 169.8 162 158 167 166.2 169.5 171.3 172.4 175.3 178.7 182.2 192.9 196.5 196.2 192.4 187.2 187.2 187.2 187.2 200.3 203.8 207.7 214 214.7 216.7 216.4
36.3 37.8 41.9 38.7 31.7 17.4 7.9 9.7 8.6 8.9 25.9 34.7 35 34.1 34.6 50.3 71.2 75.8 90.9 105.3 121.2 125.6 135.5 140.7 141.7 144 157 157.5 177.9 197.3 197.7 194.6 191.8 190.4 186.2 182.5 184.3 169.7 157.3 144.2 142.6 142.6 142.6 142.8 156.8 154.3 160.7 153.9 140.9 128.6 126.9 129.4 139.8 178.3 186.4 179.1 165.2 153.5 158.5 161.8 167.3 172.8 172.2 173 176.8 186.9 195.2 198.8 201.9 198.8 187.2 187.2 187.2 187.2 200 208.8 213.7 222.1 221 218.1 216.9
41.8 44.1 51.5 53 34.7 19.2 10.6 11.3 11.9 9.7 31.2 32 30.8 33.7 34.3 48 61 68.2 91.3 110.9 129.3 134.4 141.8 144.9 146.8 143.3 146.6 153.9 197.6 205.1 199.8 203 197.4 187.3 188.5 193 187.6 169.8 164.4 151.8 142.6 142.6 142.6 142.6 147.2 145.1 154.7 154.3 143.2 132.7 125.1 128.7 138.8 170.5 190 181.3 162.7 146.1 147.9 156.6 167.1 170.1 170.8 176.1 180 189.7 197.2 200.5 203.8 196.6 191.2 187.2 187.2 187.6 207.6 218.7 223.4 227.6 226.3 218.8 216.4
43.9 52.1 57.7 49.2 34.6 20.4 12.3 11.8 11.7 22 31.2 29 33.5 33.6 33.5 49.9 60.1 66.8 85.4 112.1 132.7 143.4 140.9 152.1 150.5 136.4 135.2 149.4 196.3 201.2 199.9 202.5 192.2 187.5 185.6 187.5 183.1 173.1 162.6 153.7 147.1 142.6 142.6 142.6 142.6 147.7 149.9 148.3 141.2 134.6 126.1 126.7 140.7 161.9 176.1 169.2 153.3 141.4 145.3 156.4 163.2 167.4 171.7 174.6 189.5 195.4 198.9 200.4 202.4 198.1 199.3 190.8 187.2 191.8 212.3 223 231.8 233.2 230.3 222.2 213.3
59.1 56.8 64.3 59.5 37.4 22 14.7 13.8 12.1 24.1 25.7 29 30.8 29.1 35.6 42.4 48.3 57.5 74.2 103.6 129.7 140.5 138.3 151.4 134.7 131.5 129.4 150.4 194 194.9 195.9 192.3 184.2 173.3 179 181.9 177.9 178.2 168.6 160.8 150 142.6 142.6 142.6 142.6 143.4 144.6 142.5 136.9 131.4 126 123.2 136.7 160 157.9 159.6 140.7 135.7 145.4 154.6 163.9 165.5 171.8 175.2 189.9 199.5 202.7 202.4 203.1 199.9 200.7 202.3 194 196.4 210.2 229.7 233.7 233 230 220.2 211.4
60.7 65.2 71.6 60.8 39 26.6 12.8 12.8 12.4 10.8 22.7 26.4 29.8 26 31.2 39 42.8 47.2 61.5 89 114.1 135 133.6 131.3 131.8 126.1 126 159.2 179.9 187.1 185.1 172.9 176.7 170.1 171.8 177.7 170 171.5 173.4 163.9 160.3 150.1 144.2 142.6 142.6 144.4 140.6 135.7 130.2 126.5 121.7 121.3 131.3 150.3 145.4 147.1 132.5 132.6 148 153.5 160.2 166.1 171.2 173.9 182.6 198.8 203.9 205.3 211.9 209.9 212.2 210.1 206.7 210.1 209.6 230.6 234.5 234.2 228.2 220.9 209.1
65.6 75.1 76.9 65.4 46.7 27.9 16.9 12.8 12.3 11.1 17.6 29.3 30 24.8 25 36 38.4 44 54.4 75.3 99.9 107.3 124 115.6 117.5 120.4 122.1 150.8 160.7 170.7 170.4 164.9 155.5 157 159.7 157.7 149.8 163.7 165 164.3 163.6 156.1 156 149.4 148.3 146.4 138.3 129.8 124.9 122.4 119.6 120.5 126.1 139.5 136.2 132.8 127.5 133 152.7 157.2 153.5 160 169.3 171.7 179.4 197.9 204.5 211.9 218.3 218.2 221.9 220.3 217.2 218.1 214.9 223.9 230.8 231.6 226.4 217.6 206.6
