WholeMapElevations/data/ng/ng08_OST50GRID_20230518/NG08.asc
ncols 200
nrows 200
xllcorner 100000
yllcorner 880000
cellsize 50
[rows 74 to 110 of 200, columns 0 to 83 of 200]
-2.3 -2.3 -2.3 -2.3 -2.3 -2.3 -2.3 -2.3 -2.3 -2.3 -2.3 -2.3 -2.3 -2.3 -2.3 -2.3 -2.3 -2.3 -2.3 -2.3 -2.3 -2.3 -2.3 -2.3 -2.3 -2.3 -2.3 1.7 2.9 6.4 9.2 12.3 20.4 23.6 26.9 31.9 33.2 31.6 28 24.3 23.6 19.5 20.8 22.1 21.9 23.6 12.7 5.9 5.2 5.3 12 21.3 24.4 30.9 42.1 56.3 67.9 80 88.4 104.9 120.5 132.9 155.4 169.3 183.3 200.1 213 225.8 246.8 260.7 276.1 289.4 303.5 315.3 326.3 341.4 354.5 364.2 375.7 387.4 395.1 407.9 416.4 426.6
-2.3 -2.3 -2.3 -2.3 -2.3 -2.3 -2.3 -2.3 -2.3 -2.3 -2.3 -2.3 -2.3 -2.3 -2.3 -2.3 -2.3 -2.3 -2.3 -2.3 -2.3 -2.3 -2.3 -2.3 -2.3 -2.3 -2.3 -2.3 -2.3 6.4 9.7 13.3 19.1 24.7 30.6 36.5 39 39.8 41 40 31.4 29.2 27.2 28 25.6 28.1 23.3 14.8 11.7 14 7 10.9 28.1 31.7 39.1 50.9 63.5 77.2 88.3 97.5 116.7 129 147 166.9 179.2 193.4 214.4 232.5 245.7 262.8 274.2 289.8 304.3 320.8 335.4 351.7 362.8 373.2 383.8 393.3 404.5 416.1 426.2 442.6
-2.3 -2.3 -2.3 -2.3 -2.3 -2.3 -2.3 -2.3 -2.3 -2.3 -2.3 -2.3 -2.3 -2.3 -2.3 -2.3 -2.3 -2.3 -2.3 -2.3 -2.3 -2.3 -2.3 -2.3 -2.3 -2.3 -2.3 -2.3 -2.3 -2.3 15 16.2 18.2 21.4 29.5 38.4 44.8 47.5 52.5 52.6 47.3 42.4 37.9 34.7 32.4 31.4 32.5 28.1 11.7 21.7 7.9 8 14.9 32 40.8 49.4 58.8 75.6 86.8 94.1 108.8 122.7 142 162.3 176.1 201.6 221.1 236 250.8 267.2 279.7 288.6 305.3 323 336.7 355.8 371.1 382.5 393.1 401.6 412.8 423.1 436.5 452.2
-2.3 -2.3 -2.3 -2.3 -2.3 -2.3 -2.3 -2.3 -2.3 -2.3 -2.3 -2.3 -2.3 -2.3 -2.3 -2.3 -2.3 -2.3 -2.3 -2.3 -2.3 -2.3 -2.3 -2.3 -2.3 -2.3 -2.3 -2.3 -2.3 -2.3 9.5 15.6 17.2 18.1 28.9 43.6 52.8 56.4 60.9 63.1 61.1 54.5 49.5 44.1 40.3 37.1 36.8 37.5 34.4 16.2 10.2 6.4 6.9 19.2 33.9 43.5 52.9 66.7 81 91.1 100.3 109.9 131.8 154.1 171.1 197.9 220.3 246.4 265.2 279 289.6 295.2 304.1 324.5 341 357.5 376.1 391.2 400.6 407.3 416.2 429.2 444 454.1
-2.3 -2.3 -2.3 -2.3 -2.3 -2.3 -2.3 -2.3 -2.3 -2.3 -2.3 -2.3 -2.3 -2.3 -2.3 -2.3 -2.3 -2.3 -2.3 -2.3 -2.3 -2.3 -2.3 -2.3 -2.3 -2.3 -2.3 -2.3 -2.3 -2.3 -2.3 9 11.4 18.7 25.4 45.3 56 62.9 68.6 72.7 71.2 65.8 60.1 53.7 48.6 43.8 40.7 40.6 38.6 27.6 10.1 6.4 6.5 7.3 24.1 34.8 45.1 58.1 73.7 87.3 94.3 104.2 119.5 148.3 167.7 193.8 216.5 236.6 260.1 286.2 294.8 303.4 307.1 318.3 340.1 357.3 377.4 395.1 405.2 412.3 420.2 431.1 446.8 452.9
-2.3 -2.3 -2.3 -2.3 -2.3 -2.3 -2.3 -2.3 -2.3 -2.3 -2.3 -2.3 -2.3 -2.3 -2.3 -2.3 -2.3 -2.3 -2.3 -2.3 -2.3 -2.3 -2.3 -2.3 -2.3 -2.3 -2.3 -2.3 -2.3 -2.3 -2.3 -2.3 4.4 11.3 18.1 41.8 52.9 62.4 71 77.3 81.4 78.2 70 62.2 55.4 50.3 45.2 42.4 43 38.5 17 8.3 6.9 7.6 12.2 32.1 39.6 50.2 68 75.8 86 100.3 107.6 135.1 163 174.8 205.2 229 251.5 278.8 298.6 302.5 314.1 320.9 333.3 356.1 374.7 393.8 409.9 416.3 420.5 425.5 435.1 446.4
-2.3 -2.3 -2.3 -2.3 -2.3 -2.3 -2.3 -2.3 -2.3 -2.3 -2.3 -2.3 -2.3 0.7 -2.3 -2.3 -2.3 -2.3 -2.3 -2.3 5.1 -2.3 -2.3 -2.3 -2.3 -2.3 -2.3 3.8 -2.3 -2.3 -2.3 -2.3 1.3 9.6 12.9 37.5 51.1 61.6 72.3 83.2 89 88 80 71.2 60.3 55.9 50.2 44.5 44.2 43.7 33.2 14.8 10.2 7.3 8.8 18.1 38.6 44.3 55.6 71.1 80.7 92.3 105.5 113.8 148.7 157.6 187.9 218.1 233.8 269.4 296.2 306.5 317.4 322.5 327.5 341.6 370.8 389.4 409.2 415.6 417 418.7 423.9 428.3
-2.3 -2.3 -2.3 -2.3 -2.3 -2.3 -2.3 -2.3 -2.3 -2.3 -2.3 -2.3 -2.3 2.3 -2.3 -2.3 -2.3 -2.3 -2.3 -2.3 5.4 -2.3 -2.3 -2.3 -2.3 -2.3 -2.3 1.6 5.2 1.7 -2.3 -2.3 7.1 7.2 9 20.2 43.6 56.3 67.6 81.3 90.7 93 87.6 78.6 70.1 62.1 56.3 49.8 45 45.5 43.5 28.2 20 11.3 8.1 10.1 23.4 41.6 47.5 64 71.6 84.8 99.4 108 131.3 148.6 174.1 204.8 233.1 250.9 278.9 302.8 316.9 327 325.7 333.2 356.8 378.3 396.9 407.6 409.1 409.4 409.2 414
-2.3 -2.3 -2.3 -2.3 -2.3 -2.3 -2.3 -2.3 -2.3 -2.3 -2.3 -2.3 -2.3 -2.3 -2.3 3.3 -2.3 -2.3 -2.3 -2.3 -1.3 -1.4 -2.3 -2.3 -2.3 -2.3 -2.3 1.7 5.8 3.7 -2.3 -2.3 0.7 6 5.9 7.3 30.6 45.5 61.5 76.2 89.9 97 94.1 87.9 79 68.4 62.3 56 49 46.3 47.8 41.9 32.1 18.4 11.6 8.7 10.8 24.1 39.5 48.6 58.3 69.9 88.9 101.2 109.4 130.2 151.6 181.5 211.6 237.4 256.9 283.2 302.4 315.9 321.3 323.2 333.4 361.7 380.5 394.1 395.6 395.5 396 395.3
-2.3 -2.3 -2.3 -2.3 -2.3 -2.3 -2.3 -2.3 -2.3 -2.3 -2.3 -2.3 -2.3 -2.3 -2.3 -2.3 -2.3 -2.3 -2.3 -2.3 -2.3 -2.3 -2.3 -2.3 -2.3 -2.3 -2.3 4.5 5.1 -2.3 -2.3 -2.3 -2.3 0.9 1.7 1.7 10.9 33.2 52.6 69.8 86.9 96.7 100.1 94.5 87.9 77.2 69 63.5 57.8 47.9 46 47.1 40.5 29.2 19.6 10.8 9.7 11.2 24.4 37.8 47.7 60.5 84.8 94.9 101.2 116.7 138.8 160.6 186.3 217 238 258.4 284.1 300.8 309.4 316.9 321.7 336.2 356.8 372.8 374.8 376 378.5 377.8
-2.3 -2.3 -2.3 -2.3 -2.3 -2.3 -2.3 -2.3 -2.3 -2.3 -2.3 -2.3 -2.3 -2.3 -2.3 -2.3 -2.3 -2.3 -2.3 -2.3 -2.3 -2.3 -2.3 -2.3 -2.3 -2.3 -2.3 2.9 -2.3 -2.3 -2.3 -2.3 -2.3 -2.3 -2.3 1.7 1.7 17.9 34.1 58.6 76.9 91.7 100.1 98.5 94.5 85.5 75.3 69.7 63 57.1 45.9 47.9 46.5 31.1 34.5 22.8 11.5 11.3 12.4 28.2 42.8 57.5 69.5 88.1 93.2 107 122.7 146.8 167.4 185.3 212.9 237.9 259 277.5 294.7 306.3 313.2 315.3 336.8 348.9 355.8 357 357 355.9
-2.3 -2.3 -2.3 -2.3 -2.3 -2.3 -2.3 -2.3 -2.3 -2.3 -2.3 -2.3 -2.3 -2.3 -2.3 -2.3 -2.3 -2.3 -2.3 -2.3 -2.3 -2.3 -2.3 -2.3 -2.3 -2.3 -2.3 -2.3 -2.3 -2.3 -2.3 -2.3 -2.3 -2.3 -2.3 0.3 1.7 10.4 27.7 47 64.7 82.3 93.5 99.2 98.5 92.9 83.5 75.6 70.5 62.5 49.4 43.4 45 31.1 28.9 33.3 22.3 12.4 13.5 15.1 38.8 51.3 65.4 81.5 88.3 102.7 114.6 127 153.3 170.8 181.2 213.3 239.6 256.5 272.1 292 295.9 304 312.2 319.3 335.8 334.3 338.4 335.7
-2.3 -2.3 -2.3 -2.3 -2.3 -2.3 -2.3 -2.3 -2.3 -2.3 -2.3 -2.3 -2.3 -2.3 -2.3 -2.3 -2.3 -2.3 -2.3 2.7 -2.3 -2.3 -2.3 -2.3 -2.3 -2.3 -2.3 -2.3 -2.3 -2.3 -2.3 -2.3 -2.3 -2.3 -2.3 -2.3 -2.3 5.2 17.5 40.3 57.6 73.4 85.6 94.5 98.6 100.1 94.2 82.4 75.8 71.8 60 47.5 39.7 38.4 29.4 30 28.3 19.6 16.5 16.4 37.7 52.2 60.1 74 83.8 91.4 101.7 115.6 137.9 156.2 166.2 189.8 217.9 239.2 250.2 267.9 277.7 290.4 293.7 288 289.6 306.1 317.4 324
-2.3 -2.3 -2.3 -2.3 -2.3 -2.3 -2.3 -2.3 -2.3 -2.3 -2.3 -2.3 -2.3 -2.3 -2.3 -2.3 -2.3 -2.3 -2.3 -2.3 -2.3 -2.3 -2.3 -2.3 -2.3 -2.3 -2.3 -2.3 -2.3 -2.3 4.1 -2.3 -2.3 -2.3 -2.3 -2.3 -2.3 -2.3 8.3 27.4 51.3 64.8 75.7 88 95.8 99.8 98 89.5 81.1 75.4 70.6 59.7 47.1 38.9 33.3 30.7 31.2 26.8 22.3 17.9 26.9 43.5 56.4 70.2 78.7 86.7 90.7 107.6 123.7 142.2 156.9 175.8 190.2 215.2 227.6 242.8 261.6 274.5 279.1 284.9 281.9 282.6 297.3 310.1
-2.3 -2.3 -2.3 -2.3 -2.3 -2.3 -2.3 -2.3 -2.3 -2.3 -2.3 -2.3 -2.3 -2.3 -2.3 -2.3 -2.3 -2.3 -2.3 -2.3 -2.3 -2.3 -2.3 -2.3 -2.3 -2.3 -2.3 -2.3 -2.3 -2.3 1.3 6.2 -2.3 -2.3 -2.3 1.7 -0.5 -2.3 0.9 16.8 38.1 53.4 65.1 78.4 91.6 99.9 96.2 91.4 86.5 80.4 74.5 69.9 60.1 42.1 40.2 36.2 36.5 35 33.1 25.3 20.3 43.1 50.3 63.2 74 85.9 89.6 100.8 118.1 128.3 143.5 160.7 182.9 194.9 213.4 233.4 242.4 252.9 259.4 267.7 277 272.3 275.3 286.4
-2.3 -2.3 -2.3 -2.3 -2.3 -2.3 -2.3 -2.3 -2.3 -2.3 -2.3 -2.3 -2.3 -2.3 -2.3 -2.3 -2.3 -2.3 -2.3 -2.3 -2.3 -2.3 -2.3 -2.3 -2.3 -2.3 -2.3 -2.3 -2.3 -2.3 -2.3 4.8 -2.3 -2.3 -2.3 1.6 1 -2.3 -0.6 1.5 23.8 40.6 54.8 70 84.6 99.2 99.7 95.2 91.4 84.8 80.1 74.5 69.3 53 43.3 44.1 46.3 44.9 44.3 36 29.2 25.6 49.3 59.4 68.1 79 85.5 89.6 107.9 123.8 136 154.7 173.8 192.3 206.7 227.9 237 240.6 249.5 250.1 260.3 264.3 255.7 261.8
-2.3 -2.3 -2.3 -2.3 -2.3 -2.3 -2.3 -2.3 -2.3 -2.3 -2.3 -2.3 -2.3 -2.3 -2.3 -2.3 -2.3 -2.3 -2.3 -2.3 -2.3 -2.3 -2.3 -2.3 -2.3 -2.3 -2.3 -2.3 -2.3 -2.3 -2.3 -2.3 4.8 -2.3 -2.3 -2.3 -0.3 -1.4 -0.2 1.1 5.3 23.7 43.3 60.6 73.8 90.5 98.9 94.2 94.1 87.1 83.1 78.3 73.7 66.4 53 47.3 55.1 63.9 55.2 50.4 40.4 35 34.9 56.4 68.9 71.5 77.8 86 91.8 113.2 131.4 153 169 190.6 206.4 219.4 229.3 232.2 228 234.5 242.7 245.6 242.5 235.3
-2.3 -2.3 -2.3 -2.3 -2.3 -2.3 -2.3 -2.3 -2.3 -2.3 -2.3 -2.3 -2.3 -2.3 -2.3 -2.3 -2.3 -2.3 -2.3 -2.3 -2.3 -2.3 -2.3 -2.3 -2.3 -2.3 -2.3 -2.3 -2.3 -2.3 -2.3 -2.3 -2.3 4.7 -2.3 -2.3 -2.2 -1.1 0 1 5.6 7.4 22.4 47.8 63.2 76.5 89.8 90.2 95 94.7 88.5 81.2 73.8 73.5 65.8 57 53.9 63.5 70.3 60.8 53.3 43.4 39.5 41.5 61.6 69.6 73.1 80 91.6 99.4 121.4 144.4 166.2 183.2 200 212.6 216 217.1 219.7 219.6 224.5 225.4 229.4 223.7
-2.3 -2.3 -2.3 -2.3 -2.3 -2.3 -2.3 -2.3 -2.3 -2.3 -2.3 -2.3 -2.3 -2.3 -2.3 -2.3 -2.3 -2.3 -2.3 -2.3 -2.3 -2.3 -2.3 -2.3 -2.3 -2.3 -2.3 -2.3 -2.3 -2.3 -2.3 -2.3 -2.3 6.8 6.5 1.9 -0.3 0.3 1.4 1.7 6 7.1 12.9 26.4 51.6 66.8 75.4 85.2 91.8 93.2 89.7 83.6 75.2 71.6 69.7 67.8 61.7 62.1 71.4 72.5 63.9 58 55.5 45.4 46.8 64 73.3 81.5 89.2 98.5 113.8 132.6 153.3 173.3 190.8 203.7 203.2 203 204.2 208.3 207.2 202.6 216.3 218.3
-2.3 -2.3 -2.3 -2.3 -2.3 -2.3 -2.3 -2.3 -2.3 -2.3 -2.3 -2.3 -2.3 -2.3 -2.3 -2.3 -2.3 -2.3 -2.3 -2.3 -2.3 -2.3 -2.3 -2.3 -2.3 -2.3 -2.3 -2.3 -2.3 -2.3 -2.3 -2.3 -2.3 8.2 5.1 5 4.8 1.7 1.7 1.7 5.5 6.1 10.7 18.7 31.5 50.7 62.8 74.4 84.3 88 88.4 86.3 78.7 75 72.1 69.3 69.4 67.9 73.8 76.4 70.1 68.6 64.2 60 48 55.5 71.1 79.7 89 97.5 102.6 119.3 134.9 155.2 169.6 186.8 192.2 192.1 187.6 191.4 190.8 190.7 194.1 204.7
-2.3 -2.3 -2.3 -2.3 -2.3 -2.3 -2.3 -2.3 -2.3 -2.3 -2.3 -2.3 -2.3 -2.3 -2.3 -2.3 -2.3 -2.3 -2.3 -2.3 -2.3 -2.3 -2.3 -2.3 -2.3 -2.3 -2.3 -2.3 -2.3 -2.3 -2.3 -2.3 -2.3 3.6 6.2 4.8 4.3 4.1 1.7 1.7 1.7 7.5 8 14.2 23.3 39.3 56.4 65.9 74.8 81 83.8 85 82.2 81.9 78.8 79.2 80.7 80 82 78.7 75.7 78 73.8 68.5 61.4 53.5 59.4 74.1 87.2 95.7 95.9 100 117 133.1 151.2 164.2 174.9 178.7 180 184.5 178 181.1 184.6 191.2
-2.3 -2.3 -2.3 -2.3 -2.3 -2.3 -2.3 -2.3 -2.3 -2.3 -2.3 -2.3 -2.3 -2.3 -2.3 -2.3 -2.3 -2.3 -2.3 -2.3 -2.3 -2.3 -2.3 -2.3 -2.3 -2.3 -2.3 -2.3 -2.3 -2.3 -2.3 -2.3 3.1 1.7 1.7 9.6 3.8 4 5.5 1.7 1.7 7.6 7.1 10.2 21.7 29.4 42.5 53.3 59.6 66.5 75.3 80.3 83.3 87.3 87.4 89 89.9 92.2 89.7 90.6 85.5 84.2 84.2 76.6 69.4 61.4 58.6 60.4 79.1 93.7 98.9 88.1 105.1 119.1 130.8 145 158.2 171.3 176.7 175.1 167.8 171.5 174.3 180.7
-2.3 -2.3 -2.3 -2.3 -2.3 -2.3 -2.3 -2.3 -2.3 -2.3 -2.3 -2.3 -2.3 -2.3 -2.3 -2.3 -2.3 -2.3 -2.3 -2.3 -2.3 -2.3 -2.3 -2.3 -2.3 -2.3 -2.3 -2.3 -2.3 -2.3 -2.3 -2.3 1.7 6.1 1.7 10.7 8.7 1.7 1.3 1.6 1.7 1.7 8.1 7.3 14.8 22.1 29.2 35.6 49.3 59.9 68.4 79.4 79.8 87.3 91.3 97.1 101.3 99.7 102.9 94 94 87.9 90.3 88.1 81.6 71.6 67.3 62.2 61.9 90.2 97.8 97.1 90.2 105.2 118.2 129.8 146.4 161.2 167.2 169.6 160.7 156.3 162 166.1
-2.3 -2.3 -2.3 -2.3 -2.3 -2.3 -2.3 -2.3 -2.3 -2.3 -2.3 -2.3 -2.3 -2.3 -2.3 -2.3 -2.3 -2.3 -2.3 -2.3 -2.3 -2.3 -2.3 -2.3 -2.3 -2.3 -2.3 -2.3 -2.3 -2.3 -2.3 7 1.6 1.8 5.8 2.4 10.8 5 1.7 3.3 1.7 1.7 3.9 4.9 9.7 18.4 23.3 27.9 38.7 53 62.8 67.3 75.5 83.2 92.5 103.8 110.2 113.4 113.5 110.2 99.3 100.2 96.3 93.1 90.3 88.1 80.5 73.3 63.5 66.4 86.2 95 87.2 97.8 109 118.8 133.1 143.1 154 159.4 155.8 150.2 146.5 154.1
-2.3 -2.3 -2.3 -2.3 -2.3 -2.3 -2.3 -2.3 -2.3 -2.3 -2.3 -2.3 -2.3 -2.3 -2.3 -2.3 -2.3 -2.3 -2.3 -2.3 -2.3 -2.3 -2.3 -2.3 -2.3 -2.3 -2.3 -2.3 -2.3 -2.3 -2.3 1.3 8.8 2.1 2.2 -2.3 -2.3 -2.3 1.7 7.6 1.7 1.7 3.9 4.2 6.5 16.8 21.1 22 26.6 42.9 53.7 60.3 68.7 79.5 91.3 103.9 117.6 122.8 123.8 123.2 118.2 108.7 101.6 98.8 97.6 98.4 96.1 89.3 80.3 70.6 64.9 68.9 81.7 91.6 98.9 110.5 117 126.3 136 146.1 143.9 141.7 141.6 141.5
-2.3 -2.3 -2.3 -2.3 -2.3 -2.3 -2.3 -2.3 -2.3 -2.3 -2.3 -2.3 -2.3 -2.3 -2.3 -2.3 -2.3 -2.3 -2.3 -2.3 -2.3 -2.3 -2.3 -2.3 -2.3 -2.3 -2.3 -2.3 -2.3 -2.3 -2.3 -2.3 3 1.9 -2.3 -2.3 -2.3 -2.3 1.7 1.7 4.9 4.7 2.6 5.1 1.7 9.9 18.7 21.4 20.5 26.3 37.3 50.8 64.4 78.2 93.3 100.4 116.1 125 130.7 131.2 134.4 128.6 118.4 108.5 104.7 108.3 108.8 105.1 96.2 87.1 75.1 65.1 66.9 72.7 89.4 97.5 101.5 106.9 118.3 129.7 130.6 134.8 134.9 128.5
-2.3 -2.3 -2.3 -2.3 -2.3 -2.3 -2.3 -2.3 -2.3 -2.3 -2.3 -2.3 -2.3 -2.3 -2.3 -2.3 -2.3 -2.3 -2.3 -2.3 -2.3 -2.3 -2.3 -2.3 -2.3 -2.3 -2.3 -2.3 -2.3 -2.3 -2.3 -2.3 -2.3 -2.3 -2.3 -2.3 -2.3 4.6 10.2 9.5 6.7 6.9 6.5 1.7 1.7 1.7 7.8 20 19 18.4 27.2 40.1 51.5 69.4 90 103.5 112.9 124.2 131.9 141 140.4 142.1 134.7 125.3 115.5 109 115.2 115.5 111.7 103.6 94.9 78 67.8 66 68.5 80.1 85.3 92.7 102.7 114.4 120.3 120.9 127.6 121.5
-2.3 -2.3 -2.3 -2.3 -2.3 -2.3 -2.3 -2.3 -2.3 -2.3 -2.3 -2.3 -2.3 -2.3 -2.3 -2.3 -2.3 -2.3 -2.3 -2.3 -2.3 -2.3 -2.3 -2.3 -2.3 -2.3 -2.3 -2.3 -2.3 -2.3 -2.3 -2.3 -2.3 -2.3 -2.3 -2.3 -2.3 -2.3 6.5 14.9 7.9 5.6 6 9.9 1.7 1.7 5.6 9.4 19.7 17.4 19.7 26.6 37.4 63.1 82.8 98.9 107.4 117.5 129.1 139.5 149.1 149.2 149.4 143.3 134.7 126.6 117.2 117.4 115.1 114.3 105 92.8 82.6 73.1 68.8 66.8 68.3 79.5 93.1 99.7 107.8 107.6 108.2 106.6
-2.3 -2.3 -2.3 -2.3 -2.3 -2.3 -2.3 -2.3 -2.3 -2.3 -2.3 -2.3 -2.3 -2.3 -2.3 -2.3 -2.3 -2.3 -2.3 -2.3 -2.3 -2.3 -2.3 -2.3 -2.3 -2.3 -2.3 -2.3 -2.3 -2.3 -2.3 -2.3 -2.3 -2.3 -2.3 -2.3 -2.3 -2.3 -2.3 8.4 10.9 5.6 5.3 7.9 1.7 1.7 0.2 5.2 10.9 23.4 16.5 21.9 32.6 53.4 74.8 86.2 97.6 112.7 125.9 135.6 152 156.1 157.9 158.4 156 144.3 132.9 126.2 122.6 115.3 111.4 106.2 93.2 83 76.3 67.7 61.3 62.6 72.4 83.2 87.2 89.3 89.8 94.6
-2.3 -2.3 -2.3 -2.3 -2.3 -2.3 -2.3 -2.3 -2.3 -2.3 -2.3 -2.3 -2.3 -2.3 -2.3 -2.3 -2.3 -2.3 -2.3 -2.3 -2.3 -2.3 -2.3 -2.3 -2.3 -2.3 -2.3 -2.3 -2.3 -2.3 -2.3 -2.3 -2.3 -2.3 -2.3 -2.3 -2.3 -2.3 -2.3 -2.3 6.9 7.5 5.8 4.4 4.1 -2.3 -2.3 0.4 7 15.1 26 15.7 29.1 47.4 60.4 75.5 88.4 101.1 119.7 131.5 143 154.9 159.7 168.6 175.4 169.1 152.4 140 133.6 126.5 123.2 112.3 107.9 95 84.5 76.8 66.5 56.1 55.8 64.2 72.3 75.4 78.3 92.4
-2.3 -2.3 -2.3 -2.3 -2.3 -2.3 -2.3 -2.3 -2.3 -2.3 -2.3 -2.3 -2.3 -2.3 -2.3 -2.3 -2.3 -2.3 -2.3 -2.3 -2.3 -2.3 -2.3 -2.3 -2.3 -2.3 -2.3 -2.3 -2.3 -2.3 -2.3 -2.3 -2.3 -2.3 -2.3 -2.3 -2.3 -2.3 -2.3 -2.3 -2.3 11.1 12.4 5 1.7 -2.3 -2.3 -2.3 2.2 9.8 15.3 15.8 17 32 52 63.6 71.9 86.6 107.7 127.5 137.3 147.3 155.2 167.4 176.3 184.1 177.6 162.4 146.8 139.2 132.7 122.6 112.4 108.9 94.7 85.6 79 67.7 54.1 48.3 53.2 62.4 72.8 84.2
-2.3 -2.3 -2.3 -2.3 -2.3 -2.3 -2.3 -2.3 -2.3 -2.3 -2.3 -2.3 -2.3 -2.3 -2.3 -2.3 -2.3 -2.3 -2.3 -2.3 -2.3 -2.3 -2.3 -2.3 -2.3 -2.3 -2.3 -2.3 -2.3 -2.3 -2.3 -2.3 -2.3 -2.3 -2.3 -2.3 -2.3 -2.3 -2.3 -2.3 -2.3 4.6 4.6 1.7 1.7 -2.3 -2.3 -2.3 -2.3 3.5 1.3 7.9 22.6 26.6 36 53.4 62.5 76.9 90.6 114.5 128.9 136.5 148 158.9 167 180.4 191.3 183 170.5 152.4 140.5 134.5 125.5 114.3 105.7 94 85.1 72.5 59.3 46.3 48.1 58.6 65.7 80.3
-2.3 -2.3 -2.3 -2.3 -2.3 -2.3 -2.3 -2.3 -2.3 -2.3 -2.3 -2.3 -2.3 -2.3 -2.3 -2.3 -2.3 -2.3 -2.3 -2.3 -2.3 -2.3 -2.3 -2.3 -2.3 -2.3 -2.3 -2.3 -2.3 -2.3 -2.3 -2.3 -2.3 -2.3 -2.3 -2.3 -2.3 -2.3 -2.3 -2.3 -2.3 -2.3 -2.3 -2.3 0.9 3.5 1.1 -2.3 -2.3 -2.3 -2.3 6 21.5 35.3 39 34.6 53.8 71.5 82.8 97.5 113.1 125.2 137.9 149.5 159.5 171.9 187 196.9 189.2 172 157.1 146 135.5 122.1 116.9 97.9 90.2 75.2 59.4 49.8 45 53.1 64.6 71.9
-2.3 -2.3 -2.3 -2.3 -2.3 -2.3 -2.3 -2.3 -2.3 -2.3 -2.3 -2.3 -2.3 -2.3 -2.3 -2.3 -2.3 -2.3 -2.3 -2.3 -2.3 -2.3 -2.3 -2.3 -2.3 -2.3 -2.3 -2.3 -2.3 -2.3 -2.3 -2.3 -2.3 -2.3 -2.3 -2.3 -2.3 -2.3 -2.3 -2.3 -2.3 -2.3 -2.3 -2.3 -2.3 2 -2.3 -2.3 -2.3 -2.3 -2.3 -2.3 17.8 28.4 39.3 39 38.9 54.5 75.2 80.5 96.5 109 127.2 143.2 153.2 157.9 172.1 184.8 197 191.5 173.6 160.9 150.2 136.2 123.2 113 90.8 78 59.7 51.8 49 43.8 57.5 69.6
-2.3 -2.3 -2.3 -2.3 -2.3 -2.3 -2.3 -2.3 -2.3 -2.3 -2.3 -2.3 -2.3 -2.3 -2.3 -2.3 -2.3 -2.3 -2.3 -2.3 -2.3 -2.3 -2.3 -2.3 -2.3 -2.3 -2.3 -2.3 -2.3 -2.3 -2.3 -2.3 -2.3 -2.3 -2.3 -2.3 -2.3 -2.3 -2.3 -2.3 -2.3 -2.3 -2.3 -2.3 -2.3 -2.3 -2.3 -2.3 -2.3 -2.3 -2.3 -2.3 12.8 25.6 32.7 39.3 41 40.9 53.4 72 85.4 100.5 112 122.8 137.6 146.4 159.8 172.1 187 201.2 195.5 184.8 166.8 156.1 136 124 105.8 79.6 66.6 53.6 49.1 41.3 45.1 59
-2.3 -2.3 -2.3 -2.3 -2.3 -2.3 -2.3 -2.3 -2.3 -2.3 -2.3 -2.3 -2.3 -2.3 -2.3 -2.3 -2.3 -2.3 -2.3 -2.3 -2.3 -2.3 -2.3 -2.3 -2.3 -2.3 -2.3 -2.3 -2.3 -2.3 -2.3 -2.3 -2.3 -2.3 -2.3 -2.3 -2.3 -2.3 -2.3 -2.3 -2.3 -2.3 -2.3 -2.3 -2.3 -2.3 -2.3 -2.3 -2.3 -2.3 -2.3 -2.3 10.7 20.7 29.1 33.3 39.4 47.1 41.7 55.5 75.8 85.4 103.3 117.6 125.8 133.7 139.8 159.3 176.4 191.4 198.5 195.6 189.4 171.9 156.4 136.4 115.9 95.6 81.1 57.9 47.1 48 44 51.3
-2.3 -2.3 -2.3 -2.3 -2.3 -2.3 -2.3 -2.3 -2.3 -2.3 -2.3 -2.3 -2.3 -2.3 -2.3 -2.3 -2.3 -2.3 -2.3 -2.3 -2.3 -2.3 -2.3 -2.3 -2.3 -2.3 -2.3 -2.3 -2.3 -2.3 -2.3 -2.3 -2.3 -2.3 -2.3 -2.3 -2.3 -2.3 -2.3 -2.3 -2.3 -2.3 -2.3 -2.3 -2.3 -2.3 -2.3 -2.3 -2.3 -2.3 -2.3 -2.3 1.7 14.7 19.7 27.7 33.7 46.4 43.8 43.2 60.6 73.7 85.9 104.1 112.3 129.7 138.5 148.1 170 181.7 190 197.9 204.2 191.4 170.8 153.3 131.7 107.3 83 68.3 48.4 41.1 40.3 51.4
