UK/data/no/no16_OST50GRID_20230518/NO16.asc
ncols 200
nrows 200
xllcorner 310000
yllcorner 760000
cellsize 50
[rows 35 to 69 of 200, columns 78 to 155 of 200]
367.8 370 366.2 363.5 365.5 367.3 368.2 372 375.1 375.6 380.5 382.3 385.6 387.2 388.3 389.2 387.9 390.2 390.8 390.7 391.2 394.8 399.7 404.1 409.2 413 416.3 419.7 422.6 424.9 427.5 429.8 431.7 433 434.9 436.3 437.3 438.7 439.8 440.6 442.9 443.5 445.2 446.6 448.5 449.8 452.1 453.9 454.7 456.6 459.7 462.6 465.6 466.4 466.3 462.4 462.3 456 454.4 441 426.3 424 422.1 419.2 417.7 421.7 434.4 448.7 465.6 489.5 509.6 525.1 537.3 548.8 562.5 579.8 600.6 615.9
366.7 363.7 360.3 361.9 364.2 366.2 372.1 375.6 378.8 376.7 380.5 381.6 382.6 383.4 385 385.2 385.8 386.8 388 389.6 395.4 399.8 403.7 408.1 412.9 417.3 421.4 424.7 427.6 429.9 433 435.7 437.7 439 440.6 441.7 443.1 445.1 446.6 445.7 448.9 450.4 451.5 453.9 455.7 457.4 459.7 461.8 462.5 465.4 468.8 472.2 474 476.4 473.2 473 469.3 467.5 455.9 434.1 425.8 419.6 412.1 412.5 414.4 414.7 425.1 441.1 457.9 477.1 497.3 510.9 525.3 539.5 551.6 568.6 590.7 608.7
363.9 360.1 360.2 363.2 366.4 370.7 374.3 376.5 378.5 379.3 378.2 380.4 381.2 382.3 382.3 383.6 386.7 388.5 389.3 394.8 400.4 403.8 407.8 412.8 418.5 423.8 428.2 431 433.5 436 438.5 442.1 444.9 445.8 446 447.2 449.4 451.4 453.1 453.3 455.4 457.1 458.6 460.8 462.2 465.2 467.6 470.4 472.2 475.7 479.3 482.5 486.6 489 489.9 489 480 467.7 452.4 432.7 424.8 414.3 408.3 408.4 407.6 410.3 414.8 433.2 448.6 462.5 481.6 501.6 510.9 525.1 539.2 559.6 584.9 603.9
359.2 354.7 363.1 365.1 367.6 371.5 374.5 377 378.5 379.9 381 382.2 383.9 385.6 386.2 387.7 389.5 391.7 394.8 399.9 404 408.5 413.9 419.9 427.6 431.6 435.1 438.5 441.3 443.2 445.9 448.8 449.9 451 451.5 453.2 455.2 457.7 459.4 460.5 462.8 465 467.2 470.3 472.4 475.1 477.8 480.2 482 485.1 489 493.6 499 504.9 509.1 511.4 500.6 485.4 455 429.2 415.6 410.3 406.9 405.9 404.4 404.6 408.6 421.8 436.2 455.5 470.9 485 503.8 515.3 531.3 551.2 575.4 592
353.6 363 367.1 368.2 369.2 371.6 374.5 377.6 379.6 381.9 384.5 386.4 387.7 389.4 390.5 391.9 393.4 395.7 399 404.2 409.2 415.7 423.4 430.4 436.2 440.8 445.3 448.3 449.8 452.2 453.1 454 456.2 457 457.8 460 462 464.9 465.7 467.9 469.4 472.4 475 480.2 483.8 487.4 489.3 490 493.1 496.9 500.2 506.3 513.1 519.9 524.1 521.5 513.5 495.8 442.2 427.6 420.1 410.3 405.6 404.2 402.2 401.6 403.2 406.5 425.5 444.4 461.1 474.9 493 511.5 524.6 546.1 565.9 579.5
361.5 365.5 370 371.8 372.2 374.7 377.8 380.2 382.9 386.4 388.9 390.8 392.5 393 394.5 396 398.6 400.6 404.1 407.6 415 424 432.6 441.8 450.5 456.9 461.9 461.8 461.8 462.8 464.2 463.5 464.3 465.2 465.9 468.1 471 472.4 475.4 475.6 477.2 479.3 482.2 489.4 494.7 498.8 499.6 502.9 505.7 510.3 515 519.9 527.6 533.2 532.3 525.6 515.7 492.6 453.7 431.6 417.6 411.3 404.6 402.1 399.7 398.7 397.8 400.3 405.8 425.7 443.7 463.3 477.8 500.8 515.8 536.7 551.5 564.4
366 369.4 372.4 373.6 376.2 379.5 382.4 386.2 390.1 393.3 395.6 397 397.6 397.7 398.5 400.1 402.5 403.9 407.6 413.3 420.7 428.2 442 454 463.8 472.7 478.8 479.5 479.3 479.2 477 475.9 474.7 474.7 475.8 476 478.9 481.8 484.1 483.9 485.9 488.8 492.6 495.7 503.4 509.9 511.1 514.7 519.8 524.7 527.4 534 540.7 544.6 539.9 522.2 509.3 479.6 447.2 430.8 413.3 411.6 404.5 401.9 398.4 396.7 395.1 395.2 398.4 408.6 426.3 447.4 464.5 484.8 501.7 528.2 532.9 539.9
370.1 372.6 375.4 378.4 381.8 385.6 390.6 394.9 397.7 399.5 401.6 403.7 404.8 403.4 403 404.7 407.1 408.8 412.3 420.3 429.6 438.8 450.7 463.4 474.2 485.2 494 495 495.4 494.6 492.5 489.7 488.1 488.9 489.2 490 488.3 488.7 493.4 495.6 495.9 499 501.2 504.5 513.2 520.1 522.5 528.2 533.2 537.2 540.1 546.4 551.9 555.4 549.8 537.2 517.9 490.8 456.8 431.3 421.5 414 412.6 404.6 398.4 394.5 392.7 391.5 393.4 397.9 409.4 429.3 449.5 466.8 485.6 504.8 513 519.5
372.7 375.7 378.8 382.6 386.7 393.3 398.6 402.5 405.1 406.4 408.8 410.5 411.1 410.6 410.1 410.9 412.7 415.6 419.4 426.1 436.6 446.6 458 468.3 479.8 494.1 503.9 508 510 508.6 505.8 504 503.9 503.5 503.6 506.7 504.2 501.8 503.9 508.1 512 511.8 513.3 516.9 522 528.5 533 540.4 546.2 549.9 551.4 555.5 562.4 568.8 567.5 558.7 536.2 487.8 456.7 440.9 431.8 425.4 417.5 404.8 398.4 392.9 389.1 388.3 388.6 391.4 397.6 415.2 430.6 450.8 468.9 486.3 492.7 502.3
376.2 379.1 383.1 387.6 391.7 400.4 405.6 410 412.4 414.1 416 418.7 419.3 418.8 418.2 417.6 420.2 423.9 426.9 432 440.8 450.8 462.3 473.3 483.5 496.9 508.6 516.6 521.9 522.6 520.2 520.4 520.5 520.1 520.1 521.8 522 518.5 518.3 522.3 524.1 525.2 526.2 530.3 533.6 539 545.9 552.2 558.1 561.7 560.7 563.8 571.5 580.1 579.2 558.6 518 489.7 463.7 443.9 436.6 430.7 418.2 408.5 397.6 393.1 388 387.1 385.4 386.4 394.2 400.9 413.6 434.1 455.4 460.6 470.2 481.2
381.4 385.4 389.9 394.4 399.2 407.6 414.4 421.8 425.3 427.3 428.2 430.4 430.8 430.6 429.6 427.3 427.5 430.8 434.1 438.6 446.5 455.9 466.8 477.5 486.9 500.8 512.4 525.5 533.2 534.3 539.5 538.3 536.9 536.7 537.7 540.5 538.7 536.1 537.3 537.2 536.2 537.6 540.2 542.5 546.8 551.1 560.4 564.6 569.1 571.5 573.7 575.1 582.4 591.2 592.3 563.4 534.2 507.3 466.4 451 443.1 430.3 419.4 409.8 398.2 394.2 387.5 384.7 383.7 383.7 386.8 394.6 404.5 417.7 436 448.5 453.6 461.5
386.1 391.7 397.8 401.5 407.7 417 428.5 436.6 442.2 445.4 446.5 446.2 446.5 443 440.2 437.8 436.4 439.4 442.3 446.1 452.5 462.6 473.5 481 492.1 507.7 526.4 538.1 542.1 549.9 555.4 552.3 553.2 552.3 555.4 555.3 552.7 551.6 555 553.9 550.9 552.8 553.9 556.7 561.2 564.9 573.5 580.2 584.8 588.7 586.8 587.4 592.5 602.6 606.4 583.9 547.6 507.6 470.7 453.7 450.6 436.7 421.6 413.4 401.2 396 387.5 384.1 382.7 382.4 382.7 388.5 396.9 408.5 424.3 437.4 445.2 452.7
390.9 397.9 405.8 414.6 420.6 429.3 445 453.5 458.8 461.8 465.5 464.8 460.9 458 452.6 448.9 445.6 448.6 451.2 454.7 459.3 468.9 479.8 488.7 501.3 514.1 528.1 541.1 546.9 560.1 562.8 564.1 566.2 567.3 570.3 569.3 567.3 568.8 571.1 570.2 568 567.9 569.9 573 575.4 581.7 589.8 598.8 601.5 603.9 600.3 600.3 604.1 608.2 601.2 583.9 556.1 509 482 461.3 451.6 442 424 416.5 403.5 401.3 389.6 385 381.9 381 381.3 383.8 390.5 399.4 412.7 427.3 439.4 445.2
395.1 405.6 417.4 429 437.8 445.5 464.6 471.2 475.6 480.9 482.2 485.6 478.5 471.4 464.9 458.4 455.8 458.2 460.6 463.3 467.3 474.9 485.4 495.5 508 520.2 531.9 541.7 553.2 564 570.1 576.6 577.9 579.1 579.6 580.6 581.1 586.2 586.9 585.5 584.3 583.3 586.2 588.9 592.5 597.1 605.6 612.1 616.9 622.5 620 619.2 616.9 614.1 603.1 582.7 549 525.3 491.8 471 458.9 444.7 432.9 421.1 407.9 402.4 392.4 383.7 380.9 379.8 379 380.8 383.7 393.5 404.5 416.7 429.7 438.9
401.3 413.9 426.9 443 456.2 467.5 479.2 490.2 493.9 496.5 500.8 502.1 495.9 488.7 476.9 467.7 465 466.4 469.3 471.2 475.9 482.6 493 504 516.3 528 537.3 550.4 560.6 568.4 578.1 585.1 586.6 588.2 587.6 590.3 595 600.5 601.5 599.4 599.3 600.1 602.7 606.2 611.1 615.5 621.9 630 636.2 638.1 634.7 633.4 622 616.5 612.9 585.3 551.9 527.5 500.5 480.8 462 448.9 439.3 429.8 413 404.4 397.1 388 381.8 378.8 377.6 377.4 378.1 385.2 394.7 407.1 419.4 432.9
405.4 417 438.3 457 472.2 486.8 495 504.1 512.9 513.4 519.4 522.8 519 506.6 491 476.5 474.6 475.3 476.2 480.9 485.6 487.9 499.7 510.2 521.4 533.2 541 556.1 565.9 577 589.2 598.8 599.2 593.3 594.9 600.8 606.3 610.7 610.6 614.2 616 618.9 622.4 625.4 626.5 633.1 636.8 645 649.4 652.3 650.3 645.3 626.3 622.3 609.4 583.5 551.3 533 507.7 493.3 472.2 456.9 447.4 435 420 410.2 400.7 390.9 384.5 378.9 378.2 376.5 375.8 380.1 385.3 398.8 408.4 423.1
409.1 424 448.2 469.1 488.8 507 513.1 517.2 528.9 533.3 538.2 537 535.3 521.5 494.3 482.7 486 484 480.5 485.7 489.6 491.5 500.3 509.1 521.7 533.7 540.1 554.1 569.8 582.2 590.8 596.2 598.7 593.4 601.8 613.4 621.3 620.6 620.6 627.5 636.1 640 640.8 641.9 642 649.3 652.3 659.6 662.2 664.9 662.8 655.9 638 623.3 607.8 574.2 553.3 532.2 512.9 498.5 480.5 467.5 454.9 444.2 433.2 418.4 408.4 402.9 390.7 380.8 378.1 376 375 377.1 383.6 394.5 401.2 412.5
411.2 432.9 455.9 475.3 495.9 511.7 521.3 530 537.3 546.4 548.5 546.6 542.8 522 495 484.6 492.7 487.5 478.4 481.4 483.4 487.2 495.2 508 528 530.7 536 553.7 570.7 582.6 582.3 585.7 590.5 589.5 600.8 614.9 621.5 621.2 628.5 638.9 649.2 655.5 658.8 660.6 660.3 665.4 668.1 675.5 677.1 675.2 667.2 659.2 642.2 631.4 600 580.3 560.1 540.1 525.7 507 490.6 477.2 465 451.7 438.8 429.5 416.8 403.9 396 389.1 380.1 375.8 374.7 374.8 381.9 390.7 395.4 405
408.9 432 457.5 479.1 499.5 516.4 527.8 538.3 543.1 554.6 555.8 549 537.3 513.6 488.6 477.9 485.5 479.5 471.1 474.2 476.2 481.2 488.9 501.3 511.3 520.6 527.8 534.1 548.6 559.3 567.6 574 577.7 580 594.1 606 612.9 618.6 629.7 645.5 656.4 665.4 673.5 680.3 684.1 684.3 685.6 685.4 685.4 676.3 664.5 650.1 635.5 617.4 600.7 594.9 580.6 553.9 538.5 524.1 506.6 488.2 474 462.5 448.8 434.8 426.4 414.4 403.2 390.4 381.8 377.2 374.2 374 378.1 380.1 390.9 401.6
403.3 432.6 450.7 479.4 497.4 509.9 522.6 530.5 545.4 552.5 550.7 542.1 514.7 495.4 476.3 464.3 468 466.5 462.5 466.9 470.8 476.5 485.2 490.3 497.7 505.6 511.7 520.4 527.1 537.1 548.2 557.1 559.4 566 579.3 592.7 604.4 615.6 627 643 657.7 671.5 685.6 696.1 699.4 696.2 690.1 683.6 677.1 665.5 652.9 637 616.3 607.3 602.1 599.5 589.3 573.1 558.5 539.9 525.9 502.7 486.2 470.5 458.2 443.8 428.4 414.7 405 395.7 389 378.8 373.8 373.7 374.5 376.1 386.1 391.9
397 417.5 436.5 461.3 481.7 492.3 510.1 515.1 527.6 537.4 535.1 510.2 496.3 482.4 461 452 453.9 457.6 455.1 457 463.1 469.3 476.3 483.2 493.3 498.2 504.8 510.4 517.3 525.1 533.2 541.8 548.5 558 571 585.4 596.6 609.1 623.1 638.7 655.4 670 688.9 697.5 699.4 691.5 683.7 675.5 661.9 646.7 629.3 616.5 600 598.3 599.5 597.3 592.5 580.4 569.3 554.5 537.6 518.6 502.1 484.5 464.9 452.2 438.1 420.9 414.8 408.4 393.3 385.8 374.8 373.3 373.1 374 379.3 385.1
392.5 410.6 425.8 451.5 478.9 481.1 490 492.3 499.1 506.4 502.8 494.4 486.7 463.4 448.7 443.2 443.3 446.5 449.3 452 459.5 466.1 471.7 480.5 486.4 495 499.8 506.7 512.3 519.6 526.4 533 539 550.5 562.5 575.7 587.5 599.8 615.4 633.4 649.2 664.8 685.9 693 690.6 685.3 671.4 661.3 643.1 621.4 607.5 597.9 591.8 589 594 594.2 589.8 585.4 576.3 570.1 551.5 533.4 514 495.5 474.9 463.7 446.3 432.2 421.2 414 398.4 389.4 379.4 372.7 373.5 372.8 374.9 380.8
374.3 383.4 401.3 422.9 444.8 449.8 460.5 467.1 481.4 487 486.7 475.5 466.7 449 438.2 437.4 437 441.3 445.6 451.1 459.8 466.8 471.5 477 482.4 491.2 495.7 502 508.4 514.7 520.2 526.6 533.8 545.6 557.1 570.3 581.2 595.7 611.2 628.6 643.1 660.5 677 684.2 686.6 674 653.2 640 622.2 602 585.5 577.6 574.3 575.9 580 582.4 583.8 583.5 580.1 577.4 562.2 538 523.4 506.1 479.9 470.6 451.3 439.9 428.4 413.2 405.6 393.8 383.5 373.5 372 371.9 371.8 376.6
360.8 366.4 379.1 397.5 405.7 419.4 428.4 439.3 449.8 458.9 460.9 449.9 445.5 433 429.9 432.1 432.7 436.2 443.3 450.2 458 462.7 469.1 475 481.7 488 492.4 498 504.9 511.7 518.2 524.1 530.9 541.2 554.2 565.3 575.1 592.9 610.5 628.6 643.5 662 678.5 686.2 684.6 661.5 636 623.9 604.7 581.7 567.8 561.4 560 563.9 564.5 570.6 572.3 574.6 581 581.5 568.7 545.1 524.3 505.2 485.3 471.1 456.4 447.4 432.8 420.5 411.4 399.9 389.9 382.9 375.8 371.9 369.8 372.9
353.1 358.9 368 381 391.2 399.8 407.9 420.3 429.1 438.8 441.1 433.6 431.2 421.8 423.6 426.7 428.4 431.6 439.3 446.6 453.8 459.8 465.5 471.4 479.5 485.2 490.8 496.1 502.1 510 516.7 522.5 529.6 538.9 550.6 562.7 573.5 590 610.9 626.7 643.9 667.4 676.5 679.8 676.6 646.8 620.1 606.7 585.1 566.6 552.1 548 550.4 550.4 553.6 559.5 563.3 566.9 573.5 576.9 566.6 550.8 519.8 503.3 487.8 473.1 463.6 453.3 438.7 424.8 417.3 403.8 394 389.5 379.3 371.4 369.4 368.9
340.6 349.6 360 375.1 384.8 392.7 400.5 406.5 415.2 417.6 419.1 422.1 422.6 416.1 417.9 420.4 422.3 426.3 433.8 444.9 451.1 458.9 464.8 470.1 475.7 483.2 489.6 495.6 500.5 507.7 515.5 521.9 530 538.3 549.4 561.3 575 589.9 612 627.2 648.8 669.1 676.2 673.4 659.2 630.2 608.8 591.6 572.2 556.3 545.9 544.7 542.6 544.6 544.9 548.5 554.8 558.7 565.5 569.7 559.9 536.1 521.8 506.8 491.6 478 468.9 457.1 441.1 427.2 419.5 409.6 403.7 399.5 386.1 373.2 369 368.2
332.7 338.9 352.4 366.7 379.6 389.3 394.7 402 406.6 397.6 405.4 412.4 413.8 410.2 410 411.8 414.9 420.5 430.2 440.4 447.8 455.6 462.1 467.9 474.1 481.9 488.7 495.7 501 507.1 514.9 522.2 530.6 539.9 550.5 563.3 576.5 592.4 611.9 630.5 649.7 668.7 673.7 668.1 646.1 619.6 604.4 585.2 561.1 547.4 543.5 541.7 538.7 537.7 538.2 541 546.7 551.4 554.3 557.4 548.1 533.5 521.3 509.7 496.7 483.1 473.3 457.9 442.4 429.4 422.5 416.4 411.3 405.2 391.6 376.5 369.3 367.5
330.3 332.7 342.5 355.7 371.7 385.2 388.5 395.1 399.5 392.5 397.1 402.6 406.9 404.4 403.4 405.2 412.6 420 428.2 436.6 445.2 452.7 459.7 466.5 473.8 482 489.3 496.4 502 508.7 516.1 523.9 533.6 542.1 554.1 566.9 579.6 596.1 611.6 635.7 651.5 663.9 662 652.1 635.4 614.9 598.6 577.3 559.2 547.5 545.3 542.3 536 533.7 533.5 534.8 539.6 543.4 544.5 546.4 540.8 531.5 521.5 511.7 499.1 485.2 474.3 461 446.8 431.8 426 421.7 417 403.3 393.2 382.6 370.4 365.8
326.5 329.1 334.6 344.9 360.6 374.8 386.3 385.4 387.1 380 386 392.4 395.6 391.8 395.1 399.7 409.6 419.1 426.3 436.6 445.5 453.2 460.1 467.2 474.5 483.1 490.8 497.5 504.2 510.9 518.5 525.8 534.2 546.3 558.6 572.1 584.6 599.9 614.5 636.1 649.4 656.7 654.4 649.1 637.4 611.7 593.1 570.9 562.4 550.3 544.1 535 532 530 528.8 529.5 533.2 535.8 536.2 536.8 534.5 527.8 519.1 510.9 497.9 486.3 475.1 462.1 449.4 438 431.8 425.7 420 406.7 397.8 382 375.3 367.7
325.1 328 328.9 339.6 343.6 364.8 374 377.3 376.8 373.1 378.2 383.8 385.4 381.9 390.5 402.3 411.4 421.5 431.2 439.2 445.5 453.1 461.5 468.9 476.7 485.5 493 500.1 507.1 514 521.1 527.5 539.5 553 564.3 579.2 592.8 604.6 619.4 634.6 648.8 654.7 656.3 645.1 623.2 603.1 588.2 568.7 559.1 548.3 538 531.1 528.2 526.2 526 527.7 528.8 527.9 528.4 527.4 526.6 522.1 514.8 506.7 494.4 484.2 473.8 460.8 448.3 438.3 430.5 423.9 420.7 408.9 398 389.6 379.5 376.2
319.6 323.1 326.1 329 333.9 349.4 362.7 366.2 368.9 362.4 370.6 371.4 372 368.9 389.1 405 414.1 423.7 433.7 440.6 447.5 456.4 463.6 470.9 479.1 487.8 494.9 502 509.9 518.5 525.8 535.9 547.8 559.7 572.8 589.1 603.1 612.8 623.6 637.1 650.3 651.3 644.7 632.3 616.4 596.9 584.4 570.9 565.5 550.6 540.1 531.9 528.2 527.3 523.4 523.8 523.1 522.4 522.4 521.5 518.6 512.7 507.4 501.2 491.8 482 471.6 458.3 449.4 440.9 432.8 424.9 417.8 409.6 401.6 393.9 383.6 377.8
318.7 319.3 324 326 331.2 337.8 349.5 356.1 363.2 357.1 356.8 362.6 361 368.8 390.2 405.4 416.2 427.9 437.1 442.7 449.6 457.6 465.9 473.3 481.8 490.6 499.9 507.9 518.1 526.3 535.6 546.5 558.6 567.7 580.9 595.7 609.3 620.7 633.3 642.7 647.1 643.4 637.3 624.2 612.5 592.6 583.3 574 560.9 550.4 543.5 535.7 529.5 525.4 521.7 520.2 518.8 517.4 517.2 515.7 513.5 509.1 504 496.8 488.2 479.9 471.1 462.5 453.4 443.6 436.4 428.2 421 413.2 401.3 391.1 386 378.3
318.5 319.9 324.5 324.8 326.7 334.5 343.1 351.6 353.8 356.2 356.1 351.5 354.8 368.7 391.3 406.6 418.3 432.2 439.5 446 454.1 462.5 471.3 478.6 489.1 498.8 507.5 516.7 528.4 537.5 549.2 561.5 571.4 579.1 587.6 600.5 614.9 628.7 644.2 648 645.5 638.9 622.5 609 594.9 583.7 579.5 569.7 561.6 553.9 546.6 538.4 528.5 519.3 517.2 516.2 514.2 512.5 512.1 511.2 509.6 506.2 501.7 494.9 486.9 480 471.5 466.2 456.8 448.3 441.6 432 421.4 414.3 406.6 392.3 384.8 379
317.1 318.3 318.6 323.8 325.1 328.3 336.4 346.4 349.1 350.7 350.2 347.9 352.8 371.4 393 408 421.4 434.8 442.6 450.1 459.2 469.6 478.5 488.7 497.6 509.2 520.8 530.2 539.2 549.3 561.4 574.8 584.3 591.1 597.3 606.6 620.6 638.3 649.6 644.8 637.8 624.4 609.1 594.6 581.5 577.6 573.6 566.9 561.2 556.1 545 533.3 521.8 513.9 513.6 513.2 510.4 508.2 507.1 506.9 505.4 503.6 501.9 496.3 485.9 479.1 473.1 468.1 459.8 454.3 445.9 431.9 420.8 418 407.8 399.3 392.6 382.5
319.1 318.4 318 322.3 324 326.5 333.5 338.3 340.3 346.5 345.9 343.7 355 370.6 392.2 409.5 425.5 438.3 446.5 455.7 466.1 477.7 489.6 499.7 508.6 522.4 532.1 539.9 547.2 559.5 571.4 585.8 596 603.9 608.4 614.8 626.7 641.1 648.3 640.6 627.8 616.3 604 587.2 571.9 569 565.7 561.7 556.4 547.5 535.6 528.2 518.5 511.2 511.2 510.8 506.8 503.8 502.5 502 501.7 501.1 499.5 492.6 490.8 485.5 478.8 470 460.2 456.5 442.3 434.2 426.3 418.8 414.6 407.4 400.8 392.4
