UK/data/nn/nn97_OST50GRID_20230518/NN97.asc
ncols 200
nrows 200
xllcorner 290000
yllcorner 770000
cellsize 50
[rows 105 to 139 of 200, columns 0 to 77 of 200]
853.4 851.2 848 841.7 833.9 825.8 819.1 813 805.4 794.8 782.1 758.8 732.8 710.5 691.2 676.4 659.5 650 658.2 656.6 655.5 652.2 646.6 636.6 624.7 613.3 601.8 590.3 594.6 604.4 619 633.7 650.8 673.3 695.6 716.5 734.2 747.9 757.3 761.4 768.5 773.1 773.1 770.4 767.9 761 753.2 746.9 735.8 722 711.5 703.5 691 681.6 671.9 648.5 632 614.5 595.6 583.9 570.3 548.5 531.7 518 505 486.1 472.4 453.2 433.6 416.7 400.6 382.2 367.2 354.4 345.7 337.4 326.7 316.6
854.6 853.6 851 845.8 838.8 831.4 823.5 817.1 810.9 802.1 787 758.6 729.8 709.1 686.8 673.3 658.6 639.4 645.7 643.1 643.1 637.2 630.9 623.3 615.6 605.7 595.5 586.1 587.1 601.2 616.7 632.3 652.1 676.5 700.4 721.4 737.5 751.8 757.4 762.7 769.2 771 768.5 765.3 759.5 747.8 737.7 727.8 716.1 705.3 694.5 685.7 676.7 665.4 654.3 637 618.1 599.9 581.2 570.2 555 534.7 514.5 501.9 483.7 463.5 447.5 429.6 411.3 397 380.4 364.7 350.7 340.5 332.5 326.8 316.3 307.8
852.7 852.9 850.6 846.2 840.9 833.7 826.7 821.1 814.2 803.7 788.6 759.4 727.4 703.3 681.7 666.9 654.1 640.3 629.2 631.7 629.4 619.1 615.3 610.2 605.1 596.8 590.3 578.7 586.3 598.9 614.5 631.5 654.4 679.3 703.4 722.3 737.8 749.2 751.8 760.2 767.6 767.3 762.2 756.7 750.1 736.7 720.9 709.9 698.6 692.2 685.6 679 667.4 654.4 642.4 627.5 609.4 587.6 569.5 558.3 537.6 514.1 498 484 465.7 443 423.3 405.6 391.5 379.6 363.1 348.6 336.7 327.2 321.7 319.5 310.3 311.2
850.5 850.5 848.7 845.6 841.2 834.8 828.2 823 817.1 806.1 786.7 753.6 724.5 698.5 679.5 657.4 646.6 635.6 615 612.4 611.9 605.6 600.4 597.4 592.6 586 581.2 574.8 583.6 597.9 613.9 633.2 657.2 681.7 701.3 718.7 734 745.3 751.7 759.6 767.4 762 756.4 745.8 732.6 719.3 707.8 692.8 683.8 678.9 677.3 677.7 660.1 641.1 626.4 610.4 594 574.6 561.9 544.1 521.8 497.9 479.4 466.1 445.5 423.5 404.8 384.9 371.8 360.4 346.3 331.7 324.8 318.9 313.6 310.9 307.4 321.9
847.2 847.6 847.5 844.6 840.4 833.6 827.5 821.5 815.5 804.7 778.7 746.1 716.9 690.2 672.9 652.1 638.1 627.1 608.1 588.9 594 588 586.8 585.7 582.9 577.9 573.1 568.5 582.5 596.6 613.6 634.8 657.8 681.1 699.6 714.2 733.2 743.9 751.6 759.1 763.4 753.8 746.3 734.3 719.1 701.3 690 673.4 664.9 658.5 658.5 657.7 644.7 623.9 610.5 597.5 580.2 560.4 545.8 520.4 503.4 481.2 460.2 442.6 426.9 406.1 387.9 372.4 356.5 344.9 327.9 318.2 312.5 309.8 309.4 306.8 302.7 339.5
843.9 845.5 847 844.1 839.5 832.9 826 819.5 812.9 800.5 769.9 741.2 707.8 683.8 665.9 646.9 631.6 619.6 602.4 582.5 575.5 573.5 573.3 576 574.5 572 568.7 567.9 580.4 596 612.6 633.7 658.8 682.5 702.4 717.2 731.5 740.3 748.3 755.2 755.5 746.5 737.5 724.6 706.3 686.8 674 657.9 647.6 642.3 639.1 633.5 622.7 607.5 593.8 580.5 566.1 545.5 525.2 503.6 484.2 464.2 446.8 424.8 404.7 389.4 372.9 359 346.3 326.2 315.4 308.4 308.3 305.9 301.3 318.7 334.2 367.6
840.8 844.8 845.9 843.5 839.3 832.7 824.9 818.2 811.5 796.3 766.6 736.6 702.2 680.2 661.2 641 625.6 613.1 597.5 576.2 561.9 558.8 560.5 565.3 566.3 565.7 559.1 565.6 578.4 594.4 611.9 633.9 660.2 683.4 701.6 717.8 729.7 738 742.2 747.7 746.3 736.4 725 711.3 691.1 674.1 661 647.4 634.9 625 618.9 612.9 599.4 585.8 571.8 561 543.7 529.4 503.4 488 464.1 444 425.3 406.1 386.8 372.2 362.3 345.2 331.5 317.1 308.3 306.1 300.7 307.2 325.4 350 373.2 394.1
837.4 842.8 844.1 842.6 838.2 832.3 824 816.9 808 791.5 761.7 732.6 701 676.4 655.8 636.7 621.2 607.1 590 571 554.7 550.6 552.7 557.5 558.9 559.7 559 562 578.2 592.6 613.1 638.1 662.1 684.9 705.4 718.5 728.6 735.4 737.6 738.5 736.3 726.7 710.9 693.6 678.6 664.1 649.4 637 625.5 615.4 602.4 594.9 584.1 570.1 554.7 542.9 523.8 510.7 487.7 467.6 445.2 426.3 404.8 388.4 373.5 359.8 348.7 335.3 320.3 308.2 303 300.5 314.9 329.2 353.4 376.3 399.2 422.5
833.3 838.8 842.5 841.9 837 829.9 822.9 814.5 803.9 785.7 753.5 725.2 696.8 673.3 651.2 632.3 616.8 602.4 587.5 572.1 552.7 546.8 545.4 551.7 553.2 554.8 547.1 562.4 576.4 595.4 618.7 642.8 665.7 689.1 707 717.9 727 729.9 731.9 730.5 724.3 713.8 696.8 682.9 666 653.2 638.4 626.4 616.6 608.8 592.8 577.4 567.4 559.3 542.7 519.9 503.6 486.1 464.8 445.7 427.9 407 388.7 373.4 361.2 347.6 334.2 321.6 310 302.1 307.6 321.1 329.3 354.2 376.5 402.2 427.2 450.7
828.9 836.9 841.7 842.5 838.4 831 820.9 812.3 801.6 784.5 753.7 724.7 698.3 673.2 650.5 632 614.5 599.4 584.3 570.3 554.5 540.9 540.7 544.9 549.4 547.9 549.4 562.3 578 599.7 624.3 648 668.6 692.1 704.3 714.2 721 722.1 724.3 721.9 709 699.2 686 671.8 653.5 641 624.6 617.5 609.3 599.8 585.4 566.9 547.1 532.9 513.8 495.6 477.6 459.2 440.9 426.2 406.8 386.6 369.8 354.8 343.9 333 322.8 311.9 303.2 295.8 316 331.2 352.4 367.2 399.7 425.4 453.6 480.1
827.8 837.2 842.9 844.9 841.4 833.2 822.4 812.3 801 784.4 756.6 730.7 704.9 678.6 654.5 631 614.3 598.9 584.6 569.7 553.8 542.2 535.8 538.8 543.2 538.4 550.2 562.4 580 603 626.3 651.1 671.2 690.9 702.6 709.8 713.3 714.8 715.3 711 697.1 685 672.2 657.4 639.5 627.3 616.9 612.3 602.9 589.7 573.1 553 530.1 507.3 490.5 473.7 457 440.3 421 400.9 385.1 367.6 350.3 337.8 328.2 320.1 310.7 303 301.1 294.4 325.7 348.7 371.1 393.9 417 447.8 478.8 509.4
829.9 840 845.5 847 843.7 836.1 825.2 814.1 801.6 785.6 760.3 732.4 707.9 682.2 657.7 631.2 614.1 600.3 583.4 564.3 552.4 544.8 531.1 533.8 538.3 536.7 551.9 564.6 582.5 603.9 626.5 654.5 674.8 688.1 696 701.6 705.8 707.4 704.5 700 684.9 671.4 656.9 645.4 630.4 620.1 610 604.8 590.9 577.8 559.9 538.2 514 488.3 471.1 455.9 441.5 420.2 399.9 380.8 361.9 344.3 330.8 324.3 315.1 306.9 302.3 300.7 294.2 311.3 345.4 367.8 393.2 418.1 441.3 466.3 503.4 545.3
833.2 842.3 847.5 849.6 846.5 838.3 828.1 815.8 801.2 782.9 757.9 731.7 706.6 682.9 657 633.2 612.8 596.3 579.5 563.2 551 543.1 534 526.3 525.9 541 553.9 567 584.5 604.4 628.4 656.9 674.7 683.4 687.9 691 695.1 695 693.1 687.4 670.2 658.3 647.9 636 622.3 607.5 600.9 592.3 577.4 563.7 546.5 519.5 493.7 471.8 453.1 438.2 419.7 401.2 382.3 366.1 344.7 332.1 320.4 310.6 303.9 300.3 299.5 293 312.3 335.9 366.2 391.6 417.9 442.7 476.2 515.6 546.7 592.9
833.9 843.9 849.1 852.1 850.3 840.9 829.2 815.6 798 776.5 752.4 727.9 700.9 678.8 654.5 632.1 610 595.3 578.2 561.5 549.3 538.4 533.3 522 528.1 541.9 553.8 568.3 585.7 605 631 654.8 670.4 676.9 684.1 685.8 686.2 684 681.8 676.7 660.9 650.7 640.1 628 610.4 596.3 588.3 576.4 560.9 548 522 495 471.5 453.2 435.8 412.2 396.5 379.2 361.6 345.2 330.4 321.3 310.6 301.4 299.2 298.4 292.2 316.9 338.3 369.1 390.5 418 448.2 478.4 531.7 575.9 598.5 625.1
832.9 842.6 849.5 853.4 852.5 844.4 831.4 814.5 795.5 770.8 745.5 719.5 693.5 672.8 651.3 628.2 608.1 591.7 575.9 559 547.6 536.2 527.8 519 528.6 541 552.9 569 587.4 607.6 632 650.8 665.2 669.5 674.9 675.7 673.5 675.4 673 666 655.1 642.3 631.6 617.7 600.2 588.5 573.2 554.2 540.2 516.6 490.9 466.1 450.6 435.8 420.1 398 376.2 359.3 344.2 328.4 316.4 308.8 299.4 295.8 291.7 299.8 322.3 347.6 367.8 389.3 417.5 448.1 477.9 533.9 582.1 604.8 624.1 644.8
829.2 840.7 848.6 853.5 852.2 844 829.1 812.2 791.6 764.3 733.9 706.4 684 666.8 647.5 624.8 604.6 588.2 572.9 555.5 542.8 532.9 520.8 514.6 529.2 540.8 553 569 588.6 610.4 635.6 651.7 656.7 662.8 665 662.1 659.7 660 664.1 656.5 644.6 633.4 622.4 608 592.5 578.2 554.6 531.6 513.1 488.2 468.5 448.3 434.9 416.8 398.1 380.7 361.6 343.2 328.7 315.9 307.8 296.3 291.1 296 310.2 318.7 347.3 369.9 393.5 418.3 443.2 477.6 518.3 572.9 604.9 622.3 640.9 660.3
821.7 835.2 845.6 851.1 848.2 839 823.7 804.1 781.7 754.9 724.6 699.7 677.9 658.5 640.2 620.3 600.8 583 569.1 550.8 539.7 529.9 515.8 510 529.2 541 553.7 570.5 591.2 611.5 635.2 650.6 653.6 655.8 654.3 652.7 644.2 641.2 646.9 647.3 636.7 620.9 610.6 596.7 582.3 560.6 535.4 507.4 484.8 463.8 448.5 432.8 416.7 393.8 376.9 361.3 345.3 331 316.9 307.2 298.3 290.5 299.7 307.9 321.7 342 359.7 394.1 419.3 444.6 476.7 505.8 550.4 600.6 616.7 635.5 656.2 680.4
810 827 838.8 843.4 840.7 832 817.2 796.8 771.6 745 718.5 693.4 671.3 650.1 632.4 612.5 594.5 579.4 564 544.5 533.8 523.7 508.9 517 530.5 542.1 554.4 572 591.8 610.8 636.2 648.1 650.2 648.9 644.3 639.9 633.2 627.7 628.2 630.7 624.1 609 595.7 575.4 558.3 533.7 505.8 481.5 460.5 443.9 428.2 409.9 392.4 372.9 354.1 339.4 326.9 315 304.3 300.5 289.6 301.2 306.5 320.3 336.9 363.4 391.9 415.8 442.2 470.2 512.1 548.2 579.3 604.4 623.1 648.9 672.5 688.5
796.4 815.3 828.3 833.5 829.8 821.7 809.3 790.1 766.2 738 710.6 684.8 661.7 644.7 626.1 607.8 589.2 575.8 557.5 539.6 528.1 518.4 503.1 517.2 529.2 539.9 554.3 573 592.3 611.8 636.9 644.7 645.2 641.9 636.6 630.9 622.8 614.8 612.9 613.9 607.6 592.3 579.4 558.9 532.1 504.7 480.5 458.5 439.4 423.1 406.5 385.7 367.1 350.2 332.7 318.9 309.2 299 297 295.1 288.7 303.8 315.2 334.6 356.8 385.5 412.1 438.3 465.4 491.7 536.5 561.1 583.7 602.2 626.2 651.2 674.4 689.4
784.7 801.2 815.1 820.9 819.8 812.7 802.6 784.5 759.8 733.7 706.4 680.9 657.6 639.5 618.5 600.3 582.9 570.1 550.7 534.7 521.2 509.9 500 518.2 530.2 540.4 554.3 574.4 593.5 616 637.1 640.9 638.2 634.8 629.3 622.5 611.5 603.1 596.9 591.7 586.6 564.4 554.1 534 504.8 477.5 455.4 436.2 419.3 400.8 380.3 364.7 344.1 327.7 314.7 305.9 295.8 295.4 295.6 292.1 300.6 320.4 328.5 333.5 377.4 404.5 430.6 457.6 489.2 522.9 539.2 558.7 577.8 600.2 622.7 649.3 674.4 691.8
770 788.7 801.3 808.7 809.7 805.5 795.7 779.8 755.2 729.5 702.5 677.4 653.6 632.8 610.5 592.8 575.3 561.1 542.4 525.6 512.1 504.5 496.2 520.1 530.5 540.6 554.3 573 594.4 617.1 637.6 637 632.1 626.8 618.6 608.4 592.9 584 579.4 571.3 554.5 533.9 515.6 497.6 477.1 453.8 436 418.4 398.9 377.7 358 339.4 323.3 311.4 301.4 295.5 294.7 294.7 293.9 288.2 310.3 333.5 349.6 371.5 381.4 413 440.1 467.2 501.3 525.5 545 564 583.5 600.9 626.8 652.8 674.1 690
755.2 773.4 787 796.8 800.7 798.9 790.7 775.5 749.9 724.7 697.8 674 648.3 628.8 604.6 585.5 568.9 552.9 533.4 517.5 505.8 497 495 519.2 529.3 539.2 554 572.6 593.7 613.1 627.4 625.9 623.4 613.7 598.2 586.4 570.4 565 564.8 561.5 541.2 518.4 494 470.4 451.5 432.2 414.7 394.3 373.4 351.9 334 319 308.6 299.9 293.4 293.3 293.6 293.5 287.5 312.8 331.7 353.2 370.7 390.2 412.1 422.5 435 452.4 503 529.1 550.5 569.5 586 605.2 630 653.4 670.7 687.4
741.8 760.6 774.1 784.7 791.3 791.5 785 771.3 745.7 719.8 692.4 667.2 641.5 618.7 597.2 576.9 561.9 544.6 523.1 508.5 496.9 488.8 505.6 516.8 526.7 538.4 553.5 571.2 593.8 607.3 615 611 600.8 585.6 576.4 570.2 551.6 539.5 542.3 536.5 523.4 491 464.5 445.1 429.3 412.9 393.3 375.3 351.7 330.4 313.3 303.1 295.1 289.9 288.4 286.2 286.2 299.4 319.4 338 357.1 376.4 397.3 414.4 435.9 455.8 475.1 501.7 526.2 535.8 556.5 573.4 587.7 608.6 631.1 652.2 669.3 684.6
728.2 745.6 761.6 773.1 781.2 784.6 780.7 765.2 739.7 714.7 686 659.3 634.3 611.9 588.9 570.8 555.5 538.3 516.2 501.1 485.7 489.1 503.7 512.4 524.5 537.8 553.7 572.2 591.7 601 602 597.5 583.2 570 558.4 547.5 526.6 508.4 503.2 493.5 479.7 456.3 438 423.8 409.7 390.6 371.8 349.5 328.7 312.1 297 290 285 290.5 292.5 301.1 313.7 329.2 347.3 365.1 379.2 402.6 422.4 442.4 462.7 481.6 501.5 535.7 554.8 540.9 565.4 578.7 595.5 613.6 633.9 649.1 667.5 683.7
714.3 733.1 749.3 762.8 771.5 778.1 773.6 759.8 735.1 707.3 679.7 652.8 626.1 601.8 581.2 563.8 548.9 532.3 510.6 495 480.8 493.2 500.3 511 523.3 539.1 555.8 574.5 588.2 595.3 591.7 583 568.7 553.3 542.3 527 501.7 489.3 474.3 462.2 448.4 432.1 417.4 403.8 388.4 369.3 349.2 327.8 308.5 294.2 284 287.3 291.5 294.6 305 320.4 336.2 354.3 376.1 396.3 411.5 425.5 449.8 471.8 488.8 506.4 527.5 556.4 577.4 574.3 562.8 577.5 598.7 616.6 633.6 647.7 664.8 682.3
699.4 718.5 737.3 751.6 762.4 770.6 767.6 752.4 727.6 700.3 672 643.3 615.7 594.3 571.2 555.1 540.3 521.7 502.9 488.8 478.1 492.9 499.9 510.7 524.5 542.1 557.4 575.7 585.4 588.6 583.2 571.9 554.9 538 524.3 505.1 484.4 469.9 455.6 442 425.8 412.2 396.3 384.5 369.3 348.2 327.6 307.4 291.7 288 291 291.4 294.8 303.3 319.5 339.7 358.3 381.6 402.1 418.5 434 454.9 475.4 496.2 512.4 528 551.8 578.9 594.1 597 594.6 597.2 604.7 612.5 625.7 644.5 662.9 679.6
688 706.6 724.9 741.2 752.8 762 759.8 743.2 716.6 690.7 663.5 634.1 607.8 585.5 564.3 546.6 530 512.8 495.4 482.8 476.4 490.2 499.2 512.2 528.3 544.1 560.6 576.9 580.3 579.9 574.2 559.8 542.4 519.6 499.9 486.2 471.4 454.1 437 415.7 401.4 390.6 379.1 366.5 346.1 329.2 307.9 295.2 281.3 286.6 292 295.4 300.5 317.7 337.1 357.6 380 403.1 421.4 433.3 456.3 478.3 497.5 515.1 533.1 552.2 578.7 600.3 615.7 615 611.7 608.9 617.8 624.7 638 651.9 667 685.1
673.1 694.4 711.8 728 742.1 751.3 750.2 730.4 708.7 685 654.1 624.3 598.2 574.9 557.3 538.2 520.9 504.8 490.1 477.4 476.3 488.4 500.3 516.2 532 548.5 565.3 578.6 577.6 566.2 559.8 547 526.5 504.2 486.1 471.9 455.2 435.2 412.8 396.5 383 369.2 360.1 345 327.7 307.4 293.3 285.1 280.3 290.8 296 296.5 310.6 334.2 354.9 375.9 399.6 422.7 433.1 454.1 474.4 491.9 510.2 528.5 547.8 572 601.3 622 634.3 636.1 633.9 629.8 632.5 639.6 648.3 662.7 676.1 693.4
663.7 681.9 699.8 716.1 728.4 736.9 735.8 721.4 699.3 673.7 645.7 617.6 593.3 568.8 549.6 531.3 515 499.2 481.6 470.4 477.8 490.9 504.5 519.4 534.8 553 567.9 576.4 571.6 561.2 545.3 528.8 513.6 491.8 473 454.5 438.8 417.2 396.5 377.4 363.4 351.7 343.3 326.3 305.5 291 284.8 283.8 280.3 290.3 299.8 309.4 318.7 324.2 368.3 391.8 413.8 430.2 449.2 473.2 489.2 502.6 518.8 542.2 563.6 592.5 619.6 641.9 650.4 656.1 656.2 653.8 652.4 657.3 665.1 679.5 694.5 711.6
658.1 671.1 687.5 701.7 712.3 721.9 723.7 709.7 687.5 661.8 636.7 609.2 584.6 560.8 542.5 523.1 508.6 490.3 474.7 463.4 479.7 494.1 507.3 522.1 538.4 559.2 568.1 569.6 563.8 554.5 538.8 511 493.3 476.7 456.2 438.7 416.7 395.9 378.3 361.9 348.5 332.9 325.6 308.9 290.7 283.6 282.9 282.8 279.7 294.2 310.1 327.7 336.3 366 368.1 404.3 422.9 438.4 461.1 479.2 492.5 507.3 525.7 550.9 575.1 608.5 633.8 652.3 666.6 672.6 673.6 672.4 673.4 678.8 688.5 699.7 715.7 731.6
651.3 662.3 676 689.7 696.6 704.6 712.5 698.5 676.7 651 625.8 600.3 578.9 554.9 535 516 496.9 483 470.4 466.5 482.6 493.8 508.6 526.3 544.7 564 568.6 565.8 554.8 544.4 530.1 504.8 476.7 452.9 434.1 417.5 399.9 376.1 359.5 346.2 331.6 318.6 302.4 290.4 281.7 281.7 282.1 282.1 288.6 305.3 324.8 348.3 366.9 390.2 396.1 402.9 425 444.9 463.8 477.2 492.7 509.8 533.8 556.3 582.2 614.2 637.6 658 675.2 687.9 686.3 686 691.2 698.4 710.2 724 737.6 755.9
643 655 665.7 677.4 686.3 688.5 697.9 690.5 667 642.9 614.9 592.2 569 544.5 524.3 506 490.6 477.8 462.3 469.7 482.9 495.9 510.4 530.3 548.9 565 566.7 561.5 544.1 530.7 507.6 480.8 457.1 434.8 415.7 393.4 376.7 359.2 342.8 327 313.2 303.7 292.9 284.1 281.5 281.6 280.7 283.6 308.6 326.6 348.1 370.3 391.9 414.1 422.3 423.9 410.7 437.4 461.1 477 494.3 512.3 535.5 556 581.2 611.3 636.3 664.8 685 697.6 694.1 696 703.8 715.4 732.3 746.3 760.5 780.4
634.5 646.1 655.8 664.3 672 677.5 682.8 681.4 656.9 630.1 604.7 582.6 558.8 534.3 514.8 498.6 485.5 470.8 453.2 469.9 482.3 494.2 511 534.2 551.4 564.9 558 543.9 523.5 514.4 486.8 458.2 434.1 412.5 392.7 372.8 355.2 339.1 325.8 311 298.9 290.8 284.3 280.7 279.6 277.9 287.1 305.1 327.1 349 372.4 395.9 422.5 433.2 437.2 445.8 439.2 424.4 457.7 474.6 493.9 511.8 530.6 553.4 578.4 606.1 631 664.7 685.3 702.1 700.8 703.5 711.3 723.7 746.6 766 780.9 800
624.7 635.7 644 648.4 648 665.9 668.4 665.9 644 616.9 596.5 571.4 547.4 528.5 507.8 493.6 484.2 467 450.7 470.3 480.9 494.4 512.8 535.6 549.2 558.7 547.9 525.1 505.9 492.1 465.1 437.2 413.4 392.7 371.9 352.4 334.1 320.2 308.8 301.1 291.3 284 280.1 276.9 282.7 289.3 309.2 327 348.4 373.1 396.2 423.9 443.1 453.4 454.5 460.7 464.5 459.3 455.2 452 485.1 507.4 528.2 550 575.2 600.8 626.9 657.5 681.4 696.9 704.4 705.3 710.3 727.1 758.5 779.3 795.7 815.8
615.4 624.5 632.5 632.6 632.4 652.5 652.4 646.7 630.4 606.5 584.2 559.7 537.6 519.5 501.9 491.2 480.9 461.6 451.5 470.9 481.5 496.5 519 533.5 544.3 547.5 533.6 505.7 483.6 461.9 439.1 416.3 391.6 369.9 350.4 334.4 319.2 307.4 298.9 290.4 282 279.8 280.8 286.2 290.2 308.5 331.5 349.8 373.5 397.8 424.4 447.2 466.4 471.3 478.7 482.5 487.3 488.9 484.2 479.4 463.7 495.3 523.4 546.9 571.4 595.8 620.9 651.8 674 691.6 703 706.1 710 729.6 762.2 785.6 804.1 827.2
