UK/data/sx/sx87_OST50GRID_20230518/SX87.asc
ncols 200
nrows 200
xllcorner 280000
yllcorner 70000
cellsize 50
[rows 38 to 75 of 200, columns 0 to 85 of 200]
82 77.9 74.3 70.4 65.5 60.2 55.7 53 50 48.6 45.1 42.8 42.7 41.7 40.2 39.1 38.1 36.9 35.4 34.4 32.9 32.3 33.3 32.1 31.7 30.9 31.5 29.7 28.6 27.3 26.7 26.8 26.7 25.7 24.9 26.5 26.5 26.3 25.7 25.8 25.1 26.6 26.4 26.4 26.6 26 26.6 27.8 28.1 30 31.7 30.5 29.3 29.3 31.2 35.1 39 41.4 41.9 43.8 44.2 42.6 41.3 40 37.9 41.4 46.1 46.8 47.2 47.3 46.9 47 47.1 47.2 47.1 46.8 45.8 43.8 41.9 41.3 40.7 39.5 37.5 34.7 39.3 41.3
76.5 72.5 68.8 65.2 60.8 58.4 55 52.1 49.1 47.3 44.8 42.9 41.6 39.8 38.6 37.6 37.3 35.7 34.6 34.3 33.3 33.4 33.7 32.5 31.9 32.7 34.1 32.4 31.2 27.6 26.9 26.8 26.5 26.4 26.2 26.2 24.8 25.7 25.4 25.6 24.8 24.6 24.6 24.6 25.8 25.7 25.8 27.5 27.7 26.9 29.9 29 28.1 28 29.9 33.2 35.8 35.5 38 39 38.5 37.4 37.6 37.8 38.8 41.4 45.2 45.4 45.8 45.9 45.8 45.9 46.1 46.4 46.3 47.1 46.5 45.8 44.5 41.5 39.8 37.5 35.1 33.9 35.1 38
76.8 71.2 67.2 63.6 65 63.5 56.4 53 50.6 47.6 46 44.4 42.6 40.4 39.5 38.3 37 35.9 36.2 35 33.9 34.2 34.3 33 33.3 35.5 36.1 36.5 35.9 34.1 28.5 26.7 26.3 26.2 25.8 25.6 25.3 24.9 25.2 25.4 25.2 25 24.8 24.7 25 24.7 24 24.4 25.2 26 26.6 26.8 26.8 27.1 26.7 28.8 29.5 30.6 32 33.1 33.8 34.5 38.1 38 39.9 42.5 43.8 44.1 44.3 44.5 44.7 45.1 45.6 45.8 46.1 46.7 47.6 47.4 46.8 45.9 43.6 40.9 38 34.5 32.7 35.7
76.4 72.1 69.3 67 67.2 65.1 61.2 55.7 52.6 50.6 49.3 47.9 46.1 44.3 43.1 41.5 40.1 37.5 37.1 35.4 34.5 35.3 35.2 33.9 34.6 36.5 38.1 38.2 39.3 39.1 34 28.2 26.6 25.8 25.4 25.4 25.4 24.4 25.3 24.8 24.6 24.5 24.6 24.2 23.3 23.5 23.3 23.7 24.4 25 25 25.9 26.2 26.9 25.7 25.7 27.3 27.1 28.9 30.1 30.9 32.1 34.7 37.2 39 41.6 42.6 42.6 42.7 42.9 43.6 44.6 44.8 45.7 46.1 46.8 47.8 48.4 47.8 47.7 45.8 43.1 40 36.8 32.4 32.2
78.2 73.7 71.1 69.3 67.4 65.4 62.5 58.4 55.4 53.3 51.9 50.3 48.8 47.2 45.8 44.3 42.3 39.8 36.4 36.1 35.1 35.7 35.9 35.1 35.7 37.6 40 40.2 40.6 40.9 39.1 34.8 30.7 27.1 25 25.3 25 24.8 24.6 23.8 24.6 24.3 23.8 23.5 23.2 23.2 23.1 23 23.7 23.9 24 25.1 25.2 25 24.3 27.8 28.8 28 27.4 28.5 30 31.5 38 37.6 39.1 40.9 41.1 41.1 41.3 41.8 42.4 43.6 45.1 46.2 46.8 47 47.8 48 48 47.4 46 43.9 41.4 38.8 35.1 30.3
79.9 74.7 71.4 69.1 67.1 65.1 63.2 59.6 56.4 54.4 52.8 51.6 50 48.7 47.2 45.8 44.3 41.3 38.1 37 36.8 36.2 36.7 36.8 36.9 39 41.8 42.1 41.3 41.5 41.4 39.2 36.2 33.3 26.6 24.8 24.6 24.2 24.1 24.6 23.5 23.9 23.7 23.6 23.3 22.8 22.8 22.7 22.9 22.9 23.5 24.1 24.1 23.5 23.4 26.9 28.5 28.9 28.1 28.7 29.5 33.5 35.3 38.6 39.4 40.1 40.2 40.3 40.6 41.7 43.2 44.7 45.7 46.7 47.3 47.7 47.8 47.7 46.9 45.8 44.8 43.5 41.1 38.8 36.2 32.6
76.3 74 70.7 67.6 65.7 63.4 62 59.4 56.7 54.6 53 51.8 50.3 48.7 47.7 46.4 44.8 42.5 38.9 38.2 37.6 37 37.8 38.6 39.7 42.3 43.4 43.6 42.5 42.3 42.3 41.5 40.3 37.8 35.5 25.4 24.8 24.4 24.6 24.2 23.4 23.6 23.5 22.6 22.5 23.1 23 22.6 22 22.2 23.2 23.4 23.1 22.8 23.5 23.8 28.5 28.3 29.3 29.8 31 31.5 32.2 38.1 38.8 38.6 38.7 38.9 40.5 42.2 44.2 45.2 45.9 46.4 46.6 46.9 47.2 46.4 45.2 43.9 42.7 41.2 39.7 38 35.9 32.3
74 71.1 65.4 62.1 61.3 60.7 59.7 58.2 56.1 53.8 52.4 50.8 49.4 48.1 47.1 45.8 44.2 42.7 40.1 38.7 38.4 38.3 38.6 40.8 42.1 43.4 44 43.4 42.7 42.8 43.1 42.5 41.9 40.8 38.4 32.3 25.8 24.8 24.2 23.8 23.3 23.6 23 23.7 22.2 21.8 22.2 22.6 22.4 22 22.1 21.9 22 22.3 23.9 23.8 24.1 29.1 32.3 33.6 34.5 35.6 37 37.6 37.6 38 38.6 39.9 41.1 42.5 44.2 44.9 45.2 45.8 46 46 45.6 44.7 43.5 42.5 41.2 39.3 37.5 36 34.4 31.9
67 65.7 63.3 61.4 59.6 58 57.6 56.1 54.4 52.4 50.9 49.6 48.1 47.2 46.9 44.5 43.4 41.9 40.6 39.7 39.4 39.9 40.8 42.6 43.7 44.7 44.8 44 42.8 42.8 43.6 43.5 42.7 41.6 40.6 38.5 34.1 33.4 29.8 26.8 25.9 25 23.3 23.2 22.9 23 21.3 22.1 22.1 21.9 21.6 21.4 21.4 23.8 22 23.8 21.3 30.4 33.4 35 35.4 36.3 36.8 36.8 36.6 37.3 39.2 40.3 41.3 42.1 43.2 43.6 44 44.2 44 43.8 43.5 42.2 42 41.2 39.8 38 35.8 34 32.2 30.7
66.9 64.9 62.9 62 59.7 58 56 54.5 53.2 51.7 50.5 49 47.9 46.4 45.4 44.3 43.6 42.3 40.3 41.2 41.3 41.5 42.3 43.9 45.1 45.5 44.6 43.6 43.1 43.2 43.4 44.1 43.2 42.3 41.3 40 38.3 36.8 35.3 33.5 32 29.9 27.2 24.2 22.4 22.4 21.7 22.4 21.7 21.6 21.3 21 21.1 23.6 26.3 23.9 21.9 30.9 33.3 35.2 35.9 35.9 35.8 35.4 35.7 37.7 39.4 40.4 41.3 42 42.2 42.3 42.1 42.6 42.3 41.8 42.2 41.7 41.5 39.2 38.3 36.9 35 33.2 31.5 28.9
70.3 68.4 66.5 65.2 62.8 59.9 56.5 54.9 53.5 51.4 49.9 48.7 48.1 46.5 46 44.5 42.8 43.2 42.9 43.3 43.6 43.8 44 45.9 45.4 45.3 44.7 44 43.4 43 39.3 44.2 43.7 42.8 41.8 40.6 39.6 38.3 36.8 35.2 33.4 31.6 29.3 27.6 25.7 22.1 22.4 22 21.7 21.4 21.1 20.8 20.9 20.4 25.7 24.1 21.2 28.5 33.1 34.8 35.1 35.4 35.4 35.2 35.5 37.5 38.9 39.8 40.6 40.9 41.1 40.8 41.1 40.8 40.4 40.1 39.4 38.7 37.8 36.6 35.8 34.9 34 32.2 30.9 28.6
73.9 72.2 70.4 68.9 67.2 64.2 61.7 58.2 55.3 52.9 50.6 49.6 47.9 47.4 46.8 46.6 45.4 45.4 46.1 45.7 45.3 45.4 45.3 45.4 41.3 45.1 43.8 43.1 42.9 39.3 39.3 44.1 44 43.1 42.1 41.2 40.1 39 37.8 36.5 35.4 33.5 31.5 29.3 27.3 25.2 20.6 20.8 21.5 21.3 20.9 20.6 20.6 20.5 20.1 20.5 20.3 25.6 32.7 34 34.4 34.5 34.5 34.3 35.5 36.9 38.1 39 39.5 39.8 40 39.3 39.1 39.4 39.1 38.2 37.4 36.3 35.2 33.9 33.1 32.7 31.7 31.3 30.2 28.1
79 76.3 74 72.5 71 68.8 66.4 63 59.4 55.3 53.3 51.1 50.2 48.7 48.7 48.5 48 47.5 48 47.6 47 47.1 46.5 45.6 45.1 41.2 42.9 42.4 41.6 42.5 39.3 42.3 43.7 43.4 42.6 41.7 40.7 39.7 38.4 37.2 36.4 34.8 33.4 31.1 28.7 25.9 23.6 21.8 20.3 21.1 20.9 20.7 19.9 20 19.8 19.7 20 22 30.9 33.3 33.2 33.1 33.1 34.2 35.5 36.2 36.9 37.7 38.1 38.4 38.6 38.3 37.9 37.9 37.4 36.7 35.9 34.6 33.3 32.4 30.6 30.2 29 29 28.7 27.7
83 80.6 77.9 75.7 74 72.6 70.1 67 63.3 59.5 55.8 53.3 51.5 50.8 50.3 50.3 50 49.9 49.4 48.8 48.6 47.7 46.6 45.5 44.7 43.4 40.4 41.7 40.3 39.3 40 41.8 42.3 43.3 42.3 41.5 40.8 39.9 38.8 37.7 36.6 35.3 33.9 31.7 30 27.1 24.6 23.7 21.9 20.4 21 20.7 20.3 19.5 19.3 19.7 19.6 19.8 22.7 32.5 32.3 31.7 31.6 33.7 34.5 35.1 35.7 36.1 36.5 36.8 36.9 37.2 37 36.9 36.5 36 35.4 35.7 41.6 36.6 32 28.6 27.1 26.3 25.9 24.9
86.4 84.4 81.6 78.7 76.4 74.4 72 68.6 65.2 61.6 57.8 55 54.9 53.6 53 51.9 51.1 50.9 50.3 49 48.5 47 45.3 44.8 44.4 42.3 41.6 39.9 37.8 37.7 39.3 41.1 40.5 41.6 41.5 40.9 40.1 39.5 38.6 37.4 36.3 34.3 32.4 31.2 29.4 28 25.6 24.9 23.3 21.6 20 19.6 20.1 19.6 19.3 19.2 19.3 19.4 20 29.7 31.4 30.3 31.3 32.6 33.4 33.6 33.9 34.3 34.7 35.2 35.4 35.6 35.6 35.9 36.4 35.5 35 36.4 45.3 44 41.9 38 35 32.3 26.6 23.9
88.7 86.8 84.2 81.2 78.2 75.4 72.7 70 66.1 63.5 60.1 58.8 57.7 56 54.9 53.6 52.5 52 50.5 49.2 48.2 46.6 44.4 44.7 43.7 42.1 41 38 36.9 35.8 36.8 38.3 39.5 38.6 37.9 36.4 36.2 37.4 36 35.2 34.9 33.2 33.3 30.8 29.7 27.8 27 25.2 24.1 22.4 20.8 19.1 20.3 19.9 19.4 19.3 19.2 19.2 20.9 28.5 29.4 28.6 30.5 31.7 32.1 32.2 32.7 32.9 33.2 33.7 34.1 34.4 34.7 35.3 35.1 34.8 33.8 33.4 35.1 36.9 33.7 26.8 28.4 34 38.2 30
90.1 88.6 85.5 82.5 79.4 76.2 73 69.9 67.7 65.3 63.1 62.5 59.6 57.7 56.5 55.1 53.1 52.1 51 49.9 48.6 47.8 46.9 43.6 43.7 42 40.2 37.8 36.9 36 34.2 36.2 35.7 35.4 34.9 34.6 34.3 34.3 34.2 32.9 32.5 31.7 30.3 29.5 27.2 26.4 24.8 23.6 23.6 22.6 20.8 20.6 18.7 19.3 19.6 19.4 19.3 19.1 23.3 26.8 26.2 27.6 29.9 30.4 31.5 31.4 31.7 32 32.2 32.3 32.6 33.1 33.5 34 34.4 34.2 33.2 30.3 15.8 17 19.8 15.9 13.9 18.7 32.7 33.9
90.9 89.4 86.6 83.3 80.1 77.2 73.9 71.4 69.1 66.4 64.2 62.6 60.9 59.4 57.4 56 54.9 53.2 52 50.7 50 48.7 46.8 44.3 43.1 41.5 39.4 39.5 39.4 35.4 32.6 32.5 32.2 32.5 32.1 31.3 31.4 31.4 31.2 30.2 29.5 28.7 28.1 26.8 25.4 24.6 23.5 21.8 21.7 21.4 21.2 20.5 20 18.5 19.5 19.7 19.5 19.4 22.3 23.2 24.8 27.4 28.9 29.7 30.5 30.6 30.5 30.5 30.5 30.8 31 31.4 31.9 32.3 32.7 33.2 32.7 26 15.4 13.3 12.1 9.8 9.8 13.5 30 34.3
91.9 89.5 87.5 83.7 80.5 77.9 75 72.3 69.5 66.9 64.7 62.7 60.6 59.5 57.6 56.2 55.2 54.1 53.7 52.1 51.1 49 47.8 46.1 43.8 42 41 39.8 36.9 35.1 31.9 31.6 31.1 32.8 30.7 29.5 29.2 28.3 27.9 27.9 27.2 26.6 25.9 24.7 23.6 23 22.5 22.3 21.8 21.1 21 20.4 20.1 19.7 18.9 19.1 19.3 19.3 20.9 22.1 25 27.4 28.8 29.5 29.9 29.4 29.1 28.8 29 29.3 29.4 29.8 30.3 30.7 31.1 31.5 32 27.7 19.8 17.1 11.6 11.4 20.7 21.1 26.9 27.1
91.9 90.1 87.2 84.3 80.1 78.1 75.2 73.2 70.4 67.6 65.3 63.1 60.1 58.1 55.4 54 54 53.5 53.1 51.7 50.9 49.4 47.9 45.5 43.2 42.5 41.7 40 37.2 33.9 32.4 33.2 30.2 29.7 29.9 28.9 28.3 26.6 25.5 25.9 25.6 25 24.4 24 23.1 23.8 23.6 23.6 22.6 21.6 20.6 19.7 19.6 19.6 19.6 18.8 18.5 18.5 20.8 22.6 25.1 27.5 28.5 30.4 29.7 28.3 28.3 28.2 27.3 27.9 28 28.3 28.9 29.3 29.8 30.1 30.6 29.5 23.6 21.3 19.5 25.6 25.2 24.7 26 29.6
91.8 89.3 86.3 83.4 80.7 78 75.2 72.7 70.3 67.9 65.4 63 59.7 56.8 54.9 52.5 50.4 49.3 48.5 47.7 46.9 46.2 45.6 44.5 44.1 36.4 35.6 36.2 36.6 33.7 32.4 32.9 31.1 29.7 28.7 27.3 26.4 29.2 24.1 24.5 24.2 24.9 24.6 24.5 25.7 24.6 24.7 24.4 23.8 23 22.1 20.5 19.8 18.5 19.4 17.8 18.3 18.1 18.3 20.4 25.5 27.5 27.4 29.3 29.3 28.3 27.3 26.8 26.8 25.9 26.4 27.3 27.4 27.9 28.4 28.8 29.3 32.8 29.1 28.3 29.4 29 26.2 26.7 27.6 29.5
93.2 87.4 83.9 80.9 79 77.3 75.1 72.4 70 67.6 65.2 62.5 58.9 55.6 54 52.1 49.4 47.3 45.7 44.7 45.1 32.9 33.3 33.3 33.3 33.3 37.7 35.8 36.6 35.4 34.8 32.1 29.7 28.5 27.7 27 26.5 25.1 26.4 28.9 27.8 27.1 27.1 28.5 29.2 28.5 28.3 26.7 25.5 24.9 22.8 21.1 20.9 18.8 19.1 17.8 18.7 18.1 18 18.1 24 26.2 27.3 27.2 28 28.4 27.3 25.9 25.6 25.5 25.2 25.9 26.2 27 27.8 27.6 28 28.5 33.6 29.1 31.4 29.9 29 27.5 27.8 27.8
93.4 86.1 82.1 79.3 76.8 75.1 73.6 71.5 69.1 66.6 64 61.5 58.5 55 51.6 49.9 48.2 46.1 44.4 42.5 39 33.3 33.3 33.3 33.3 37.4 38.7 38.4 36.5 35.3 31.5 30.1 29.3 28.2 27.3 26.5 25.9 24.9 27 29.1 30.1 32.2 32.7 32 32 31 29.1 28.6 27.4 25.8 23.3 21.8 20.4 19.7 18.2 17.6 18.6 18.3 17.4 17.5 21.4 23.5 25.3 25.7 25.7 26.4 26.1 25.5 24.1 23.9 24.7 24.5 25.2 25.9 26.2 27.5 27.4 27.2 31.6 37.2 28.8 29.2 29.7 28.7 28.4 24.1
92.4 85.7 82.3 79.3 75.9 73.5 71 69.6 66.6 63.9 61.1 57 54.2 52.3 50.3 48.3 46.3 44.2 43 41.3 40.7 33.3 33.3 32.6 38 38.8 38.8 38.8 35.7 35.2 32.2 29.4 29 28.5 27.7 26.5 25.6 26 28.2 30.7 34.6 32.9 37.2 35.3 33.4 33.3 32.8 32.2 29.6 27.3 24.2 22.5 19.8 19.4 18.5 17.6 18.5 18.3 16.5 17.8 17.1 21 22.4 23.4 23.2 22.8 23.2 23 23.2 23.1 24.1 24.8 25.2 25.3 26 25.9 26.6 26 26.8 30.2 35.6 34 33 30.1 24.4 26.6
91.5 84.1 81.1 77.9 74.3 70.7 68.2 66.5 63.7 60.5 57.4 54.5 52.2 49.7 48.7 46.9 45.2 43.6 41.3 38.8 37.4 35.2 34.9 34.6 36.7 38.8 38.8 38.6 38.4 35.2 34.5 31.7 28.7 27.1 25.8 26 25.5 26.6 30.8 34.4 39.8 39.9 39.9 39.1 38.4 33.1 32.2 31.2 28.6 26.4 24.9 23.1 21 19.6 19.4 18.2 17.6 17.7 17.7 16.4 17.7 17.3 18.4 20.8 20.7 20.6 20.7 21.2 21.1 22.2 23.7 24.7 25.1 25.7 25.6 25.8 25.5 25.4 25.8 26.9 27.3 29.4 29.1 26.4 26.3 30.8
91.5 83.4 79.4 75.6 72.2 68.3 63.1 61.2 59.7 56.8 54.6 53.2 51.6 49.7 47.3 44.6 42.3 41 38.8 37.5 37.7 35.7 34.8 35.3 35.7 37.7 38.2 38.2 38 38 34.8 29.3 28.8 28.8 28 26.9 25.6 26.5 31.9 33.5 42.4 40.3 41.6 40.9 40.6 35.9 31.4 30.8 30.1 27.6 26.1 23.9 22 19.7 19.1 19.4 18.4 17.9 17.2 17.3 17.1 17 17.2 16.9 17.6 18.8 19.3 19.4 19.3 21.2 23 24.3 24.6 25 25.2 25.3 25.2 25.4 25.4 25.2 25.5 29.1 30 24.3 30.6 27.1
89.3 85.1 78.7 74.3 70.7 68 65.1 63.1 62.9 61.5 59.2 57 54.6 51.1 46.1 42.3 41.1 40.1 39.4 37.9 37.7 37 35.8 34.3 34 37 37.8 38.1 37.9 37.9 30.6 30.8 30.4 30 28.9 27 26.2 26 28.6 32.7 37.5 35.6 36.7 38 40.3 39.1 37.3 32.2 29.4 29.3 29 24.8 22.8 21.3 20.8 19.4 18.8 18.6 18.2 16.9 17.1 15.8 17 16.6 16.8 16.6 17.8 17.3 18.3 19.4 21.3 22.5 23.7 24.4 24.4 24.6 24 25.1 25.4 24.7 24.7 24.7 23.6 30.5 28.3 26.2
87.7 84.1 79.1 73.1 68.3 65.8 63.7 62.3 62.1 60.3 59 57 54.8 51.9 48.8 44.6 45.4 45.8 44.7 42.9 42.1 40.4 38.1 36.4 35.5 35.6 35.7 34.1 34.2 33.2 32.7 32.2 31.5 30.6 29.2 27.9 26.5 26.1 26.9 30.3 32.9 33.7 35 36.8 40.9 40.1 38.3 34.2 29.8 29.5 27.8 26 23.4 22.7 20.7 21.1 19 19 18.1 17 16.6 16.5 15.6 17.2 16.7 16.5 16 16.5 16.9 18 19.4 20.8 22.1 23.6 24 24.2 23.2 23.3 24 23.7 23.3 26.3 25.8 29.2 28.8 26.2
85.2 81.9 75.1 70.3 66.9 64 61.5 59.9 58.9 58.5 56.9 55.6 53.9 52.1 50.5 48.7 48.1 47.4 46.6 45.5 43.7 41.5 39.7 39.1 37.6 37.9 38.1 36.9 36.6 35.2 34.2 33.5 32.4 31 29.5 28.7 26.8 27.1 26.9 29.7 31.6 32.9 36.3 36.2 42 40.5 39.6 37.2 32.7 28.6 27.9 27.2 26.5 23.7 22.1 21.5 20.8 20.2 18.1 17.1 16.5 16.3 16.6 15.4 16.2 16.2 14.6 15.8 15.7 15.5 15.3 17.1 20.4 22 22.6 23.1 22.5 22.4 22.3 21.9 21.4 21.9 25.2 22 24.1 23.5
87.1 81.2 73.3 69.2 65.5 62.8 60.3 57.6 55.8 55.5 54.4 53.3 51.1 50.7 49.6 48.9 48 47.1 46.6 45.6 44.6 43.3 42.2 40.8 40 39.3 38.6 37.7 36.7 35.7 34.9 33.9 31.9 31 30.2 28.9 27.5 27.4 27.7 29.4 30.9 31.6 32.2 35.5 35.6 36.2 38.3 37.9 34.1 30.8 28.2 27.4 26.5 25.3 23.1 21.7 21.3 20.4 19.8 17.4 17.7 16.8 16.4 15.8 15.7 15.6 15 14.9 14.8 14.1 15.3 15.4 18.5 19.5 20.9 21.7 21.7 21.2 20.6 19.9 20.6 21.6 20.7 8.8 6.8 6.1
100.3 87.5 75.2 70.2 65.7 61.9 59.1 56.9 54.4 52.5 50.6 50.1 49.4 48.6 48 47.5 46.6 46.3 45.7 44.9 43.9 43 42 40.8 39.6 38.7 37.8 36.8 35.8 34.9 33.7 32.7 31.8 31 30.1 28.8 27.5 27.6 27.8 29.4 30.4 31.3 31 33 33.5 32.9 34.6 36.2 36.2 32.1 32.9 29.9 26.6 25.6 25.2 22.9 21.8 21.1 20.4 18.4 18.8 16.7 16.2 15.8 15.6 15.6 15.5 15.4 15.4 15.2 14.1 16.3 14.6 14.5 17.6 19.9 20.1 19.6 19.9 19.1 19.9 18.4 4.8 -5.3 -5 -1.6
103.3 94.3 78.9 72.5 65.8 61.7 58.6 55.8 54.2 52.4 51.2 49 48.2 46.9 46.4 45.4 44.6 44.3 43.9 43.4 42.4 41.3 40.3 39.3 38.1 37.3 36.5 35.6 34.6 33.9 33.4 32.3 31.6 30.8 29.9 29.6 28 27.8 28 29.7 30.4 32.2 30.6 30.9 31.7 31.8 32 33 32.8 32.6 32.8 31.1 28.9 25.8 25.6 24.8 22.5 22.1 21.4 20 18.8 18.1 16.9 16 15.8 15.5 15.1 15 15 16.4 15 13.7 14.4 14.7 14.5 13.8 18.7 18.4 17.7 18.4 18.3 8.5 -10.5 -8.1 -0.3 2
104.1 96.2 80.5 70.5 65.8 62.9 59.5 56.7 54.4 51.8 51 49.5 48.3 46.9 45.4 44.4 43.5 42.7 41.4 41.1 40.9 39.4 38.5 37.5 36.7 36.2 35.5 34.4 34.1 33.6 33 31.7 31.2 30.6 30.5 29.1 28.3 28.1 28.4 30 32.1 31 30.1 30 31 30.8 30.4 29.1 29 30.6 31.7 31.3 29.4 28.1 25.9 24.7 24.1 23.1 22.4 20.4 20.2 19.1 18.1 17.5 16.5 15.9 15.3 15 14.7 14.6 14.4 14.7 14.6 14.4 14.1 12.2 13.1 17.2 16.7 21.8 11 -9.2 -17.5 -14.3 -21.8 -15.8
92.7 85 77.6 72.4 67.7 62.6 59.6 57.2 55.1 53 51.3 49.7 48 46.6 45.3 44.2 43.6 42.9 41.5 40.5 39.7 38.8 37.5 36.7 36.1 35.7 34.6 33.9 33.7 32.8 32.3 31.6 31.1 30.7 30.1 29 28.2 28.3 28.3 32 32.7 31.5 30 29.4 29.8 28.3 28.3 28.8 28.9 28.9 29.5 30.7 29.2 29.5 27.6 24.5 24.6 24.1 23.2 25 20.9 20.5 19.3 18.7 17.7 16.6 16.2 15.4 15.1 14.7 14.7 14.1 14.1 13.9 13.7 13.6 13.7 16 16.2 16.4 -4.4 -22.5 -28.7 -33 -42 -28.1
107 103.2 91.6 77.1 72 66 61.3 58.4 56 53.9 52.1 50.5 49.5 47.9 46.6 45.2 43.8 42.9 41.3 40.4 39.4 38.8 37.3 36.5 36.4 35.3 34.5 34.2 33.6 32.7 31.8 31.2 30.8 30.4 29.5 28.7 28.5 28.4 28.8 31.9 33.8 31.8 29.8 29.1 28.5 28.1 27.4 26 27.3 26.8 28.5 29.4 29.9 29.5 29.6 27.1 25.2 24.8 25.1 23.5 22.8 22 20.8 19.6 18.1 17.4 18.3 16.1 16 15.5 14.6 14 13.5 13.4 13.4 13.7 15.8 12.9 14.5 16.3 -8 -24.9 -35 -39.8 -41.3 -36.4
118.7 113 100.6 85.1 74.9 68.4 62.9 59.9 57.6 55.6 53.8 52.7 51 49.4 47.9 46.1 44.3 42.9 41.3 40.5 40 38.3 37.7 36.9 36.2 35.6 34.9 34.4 34 32.6 31.8 31.3 30.4 29.5 29.4 28.7 28.8 29.2 29.8 31.1 33.9 31.5 29.6 28.7 28 27.2 26.5 26.1 25.7 26.1 26.7 27.1 29.6 29.9 29.5 29.3 29.2 25.7 34.9 25.3 24.6 24 21.2 20.1 18.9 17.7 18.6 16.5 16.4 15.7 14.9 14.7 13.6 13.6 13.2 15.6 13.9 11.6 12.2 14.4 5.7 -8.9 -21.1 -23.9 -34.6 -41.1
125 117.1 107.3 94.5 80.3 69.7 64.4 61.2 59.5 57.4 55.6 53.4 52 50.2 48.3 46.6 44.8 43.5 41.9 40.8 40.1 38.8 38.6 37.9 37 36.3 35.7 35.1 34.2 32.9 32.5 31.8 30.4 29.8 29.3 29.3 30.4 33.5 33.9 32.9 33.2 30.8 29.4 28.3 27.2 27 24.8 25.6 25.2 25.3 25.3 26 25.3 28.3 29.4 29.8 30.4 29.9 36.9 27.1 25.7 24.9 22.8 21.1 19.8 19.5 19.5 16.4 16.5 16.2 15.6 15 14.8 13.8 14 13.4 13 13 12.6 10.6 14.9 12.4 -2.1 -9.7 -11.2 -29.5
127.7 119.4 110.6 100.1 87.7 73.6 66.9 63.6 61.7 59.1 56.8 54.4 52.5 50.6 48.7 47.1 45.3 43.4 42.5 41.4 39.5 39.7 39.4 39 38.3 37.9 37.1 36.4 35.5 34.5 33.1 32.9 32.2 31.9 32 32.1 33.6 34.9 35.7 35.6 34.4 31.1 30.7 29.9 28.5 27.1 25.9 25.1 25.1 24.7 25 25.3 24.5 27.3 27.8 28.9 31.5 31.5 30.3 26.3 26 25.7 25.4 23.6 22.2 21.5 20.7 18.6 17.6 18.4 15.8 15.3 15.2 17.6 17.3 13.9 20.9 23.8 19.3 18.8 12.6 11.7 13 11.3 2 -11.3
