WholeMapElevations/data/nn/nn53_OST50GRID_20230518/NN53.asc
ncols 200
nrows 200
xllcorner 250000
yllcorner 730000
cellsize 50
[rows 35 to 69 of 200, columns 0 to 77 of 200]
629.1 638.4 650.2 652.4 644.6 630 628.6 627.7 626.2 614.1 598.2 576.3 550.6 524.2 516.8 499.9 502.9 488.9 486.3 487.9 490 492.5 496.6 504 507.9 520.9 533.5 535.2 543.8 551.4 558.7 565.8 573.1 580.5 586.8 593.7 596.5 601.1 603.6 606.7 610.7 612.8 616 617.1 618.6 620.6 620.9 622.2 623.9 624.3 621.6 618 610.1 600.1 588 572.3 553.3 536.8 517.8 505.9 497.2 483.7 472.4 462.3 453.2 443.8 439.3 442.7 442.5 441.7 442.1 444.9 434.7 437.4 436 444.2 452.8 441.5
616.9 624.1 631 627.6 620.6 620.8 617.2 617.4 613.7 600.5 582 567.4 557.2 536.5 520 496.5 485.9 482.3 474.5 476.2 479.2 477.3 480.8 482.5 490.3 502.7 512.1 519.4 525.9 530.7 540 549.6 557.4 565.9 568.5 574.9 574.7 579.9 585.1 589.2 592.1 595.9 600 603.5 605.4 606.3 605.8 607.6 608.8 608.9 606.6 603.8 598.7 590 577.7 561.4 545.7 531.4 514.8 498.5 488 477 465.4 456.8 447.4 438.5 431.1 437.1 439.5 438.6 439.8 439.2 430.8 431.9 435.3 447.4 452.6 433.8
602.2 607.9 608.6 608.3 609.6 604.4 603.7 607.3 602.1 592.4 576.9 565.6 558 554.3 533.5 505 485.8 471.9 465.9 467.1 463.3 461.7 461.7 468.8 476.6 485.7 498.4 502.9 510.5 516.6 525.4 528.9 535.8 542.3 549.7 548.2 556.2 559.9 562.5 568.5 574 577.8 581.6 586.1 586.9 588.5 589.7 592.3 592.8 593 591.4 588.2 585 577.8 565.5 554.7 537.6 525.5 507.9 492.1 480.1 467.2 456.1 448.5 441.7 433.4 426.5 432.1 436.2 433.2 434.4 435 427.5 420.3 438.6 440.5 422.5 424.6
583.3 585.5 592.8 595 595.4 591.9 592.1 591.2 584.4 572.4 561.3 553.5 550.6 545.7 534.2 507.5 489.4 471.6 462.6 460.6 454.7 451 460.9 454.4 461.1 472.5 480.7 487.4 496.1 502.7 504.7 508.5 515.4 522.6 523.7 528.2 533.9 535.6 541 548.4 553.3 557.4 563.1 566.7 568.3 570.9 574.5 573.7 575.7 577.4 576.5 573 570.3 565 556 542.9 528.2 515.7 502.3 487.7 476.2 461.8 447.2 439.1 435 426.9 423.5 426 429.3 426.9 427.5 430.6 424.6 412.9 421.7 416.6 420.6 432
566.2 567.7 571.2 575.2 576.2 570 574.3 573.1 565.2 556.2 546 537.8 535.8 534.2 518.9 499.2 478.2 463.5 457.7 458.5 449.5 444.5 442.2 441.8 448 455.7 464 474.8 478.4 484.9 487.6 493.7 497.8 498.6 506.6 511.7 515.6 519.7 523.8 529.4 528.8 537.8 540.7 546.4 551 554.2 556.3 559.7 558.4 560.4 560 558.8 555.5 551.6 543.5 532.8 519.5 509.1 493 481.9 470.7 457.5 442.9 430.6 426.3 417.8 416.1 420.1 422.3 419.4 419.5 422 413.1 403.4 401.4 403.9 423.1 437.7
544.7 545.9 550.2 556.8 559 553.2 556.2 557.5 553.1 542.2 528.5 524.2 515.8 511.3 499.6 484.5 468.5 450.4 447.2 450.3 439 433.6 438.7 430.5 438 444.4 451 460.8 464.2 467.3 472.8 479.4 485.1 488 491.1 494.3 497.7 501.3 508.7 508.7 511.5 519 520.1 525.6 528.3 533 537.8 539.4 542.7 543 543.3 543.5 542 539.2 533.8 524.4 512.7 501.9 488.9 472.5 464.5 450.2 437.6 426.3 417.5 410.7 410.7 412.9 414 415.7 411.8 409.1 400.6 387.2 392.4 416.1 425.4 435.7
519.9 526.8 533.2 536.1 537.7 537.2 537.5 534.9 529.3 528.1 514.2 503.7 498.6 489.8 475.4 466.2 456.1 445.1 434.3 429.4 427.3 425.3 428.9 424.7 428.9 433.6 439.3 450.1 450.3 454.3 458.5 463.6 468.1 473.5 476.3 480.6 482.4 484.4 488 487.6 498.8 498.4 500.7 505.5 506.1 509.4 516.6 522 523.7 526.5 528.5 529.2 527.8 525.6 521.3 512.7 503.3 493.6 482.7 469.9 453.9 442.7 432.2 421.6 413.6 403.5 401.5 404.3 407.3 407.2 400.7 393.9 387.4 376.6 396.5 413.1 421.3 426.5
502.7 509.3 516.2 519.6 514.5 515.3 514 508.3 509 502.9 495.1 483.2 481.1 470.8 461.8 452.2 442 432.6 422.5 421.7 423.8 420.8 415.9 421.5 424.6 428.5 430.7 437 437.5 441.4 448.2 453.6 453.5 461 466.3 467.3 467 466.4 467.9 471.8 477.2 477.2 479 482.1 484.8 493.3 497.7 498.8 503 505.9 510.7 513.5 513 511.5 508 502.9 494.6 484.9 476.3 464.2 445.7 437.7 427.8 415.9 406.9 399.8 393.5 396.8 396.6 399.9 391.9 372.6 367.7 383.3 399.2 412.4 416.6 435.9
481.9 488.5 493.6 489.6 493 492.3 486.7 487.1 486.5 478.2 469.9 461.9 456.7 450.3 443.5 434.7 424.9 419.1 412.4 413.5 415.8 408.3 409.8 415.8 418.6 422 423 428.2 427.8 431.9 435 439 443.4 445.8 448.4 447.3 447.6 451.3 451.5 456.4 456 456.2 459.3 464.3 469.3 473.2 475 477.5 478.8 487.6 491 494.2 496.1 495.7 493.6 489.5 483.2 475.8 466.7 454.9 440.9 431.1 420.8 409.7 399.8 391.7 384.8 387.8 388.8 391 378.2 357.9 372.8 387.1 400.3 417.6 422.3 429.1
460.8 472.3 468.2 471.3 470.1 463.7 461.6 462.8 457.6 450.2 448.6 445.4 441.3 442.9 432.5 420.2 412.2 405.2 403.1 400 401 395 399.7 403 408.6 411.8 414.8 420.3 416.6 421.5 420.7 428.3 430.7 429.8 432.9 433 434.8 438 435.4 439.4 439.5 440.3 442.8 447.4 452.8 455 458.3 457.1 464.1 466.6 470.5 474.7 477.5 478.9 477.5 473.9 468 462.7 456.4 443.1 434.5 425.2 410.8 401 392.6 387.2 378.4 376.3 379.5 379.9 361.6 355.8 370.7 385.1 394.2 400.3 413.7 432.4
440.7 450.1 446.7 445.8 442.6 441.9 439.4 439 435.7 432.5 429.3 426.1 425.4 421.8 410.9 405.6 404.1 400.8 394.7 387.3 388.3 383 386.2 392.6 395.4 399.2 402.4 405.4 403.6 405.9 410.5 416 416.6 417.1 421.4 421.7 421.8 420.1 423.6 423.2 424.1 428.6 430.4 432.3 436.1 438.8 441.8 442 444.6 446.2 448.9 453.8 457.6 460 460.6 459 455 451.5 443.8 434.7 425.3 416.8 402.2 393.8 387.2 379.5 375.7 365.5 368.8 366 350.1 352.7 372.1 381.6 393.9 402.5 419.2 435.6
413.1 415.4 418.4 418.7 417.9 418.8 415.7 413.5 411.8 410.4 411.1 408.7 406.4 404 397 394.5 392.1 380 376.7 374.8 372.5 379.6 374 379.9 382.3 386.6 392.1 393.7 390.7 396.1 397.1 396.8 400.5 406.2 406.7 412.8 408.6 408.9 412.9 411.4 414.4 414.1 417.2 420.8 423.2 426.1 428.6 428.8 424.7 430.1 431.7 433.1 436.2 438.3 440.5 442.5 440.3 437.7 432.5 423.4 411.9 401.7 396.7 385.1 377.7 374.3 370.3 353.9 356.3 352.1 336.3 351.3 359.5 370.3 388.3 409 419.7 437.8
387.9 392.4 393.9 392.7 393.6 395.1 391.3 390 390.9 389 389.6 388.9 386.1 388 385.5 384.4 379.9 369.9 365.1 365.1 357.9 366.2 362.2 369.3 369.4 372.4 377.5 380.5 377.2 382.3 382.6 383.7 383.6 387.7 392.3 393.1 393.9 396 397.4 398.5 398.9 401.9 404.3 408.5 412.8 410.9 412.1 413.3 410.1 413.9 416.1 417.1 418.8 421.3 423.1 426.1 424.4 423.4 420.1 411.9 400.3 392.5 385 380.6 370.3 367.4 367 343.7 342.9 336.6 327.9 344 365.2 372.8 394 411.8 422 440.7
364.5 366.1 365.7 368.7 370.7 372.9 370.3 371.7 372.3 370.8 369.5 369.8 369.6 369.7 368.5 364.5 358.6 357.1 353.3 355.9 349.1 350.3 349.5 351.6 352.1 354.4 362 359.2 365.7 370.6 373.9 370.9 368.7 375.9 375.7 374.4 380 377.7 380.1 381.7 386.4 391.3 392.4 391.9 391.3 392.5 396.3 396.8 394 397.3 399.7 401.6 404.7 405.2 408.1 408.6 409.7 407.2 402.5 399 393.6 386.8 378.8 372.3 365.6 359.2 354.7 338.8 326 323.4 330.8 352.6 357.7 374 397.3 406.5 427.8 441.5
342.2 342.9 346.7 346.9 352.6 353.3 350.6 348.8 352.9 353.4 355.5 352.1 350.3 349.4 349 349.6 346.7 344.4 346 349.5 343.7 341.4 341.4 337 334.5 339.2 343.2 341.9 347.4 357.4 359.7 354.4 358.2 364.9 364.6 366.4 365.7 369.1 372.6 373.7 373.9 376.8 376.7 373 372.4 378.7 378.1 377.5 380.8 381.4 385.3 387.7 390.4 392.2 392.2 393.6 392 389.5 388.9 388.4 381.1 376 371.4 364.1 357.3 352.9 341.3 329.9 311 314.2 339.6 346.8 358.3 375.8 392.4 417.8 430.8 443.4
323.2 324.6 329.5 334.2 330.4 331.6 328.6 326.9 333.6 331.2 333.5 332.7 332.9 337.9 334.2 336.6 330.9 331.3 334.4 338.8 334.7 327.8 327.7 316.6 327.4 331.4 328.6 327.2 333.9 337.8 338.8 345 349.7 351.3 352.2 355.9 357.4 359.8 362.8 363.1 360.9 361.6 356.2 353.6 362.1 362.9 365.9 364.5 364 367.1 368 372.4 374.7 377.8 377.7 379.3 375.5 376.6 376.9 373.5 370.4 368.2 362.5 354.9 350.1 339.7 334.1 313 305.3 324.6 335.5 339.2 360.7 381.3 402.7 416.6 430.3 448.7
312.6 309.9 313.6 313.3 308.2 310.6 304.3 305.3 309.1 306.1 306 306 310.4 313.4 313.1 309.8 312.1 316.3 321.5 320.8 319.2 309.1 306.2 304.4 311.6 313.6 309.6 316.4 321.3 325.2 322.3 326.8 327.9 333.8 338.4 341.3 346.7 346.5 349.9 352.3 346.5 341.9 342.5 338.9 347.1 348.8 350.5 345.7 349.9 351.1 352.4 356.3 357 361.9 361.8 359.7 358.6 359.6 359.8 360.4 356.8 354.6 349.7 346.9 344.5 334.3 326.3 301.8 306.2 324 324.3 342.4 362.9 382.9 403.3 418.2 435.9 450.5
293.5 290.8 295.5 288.5 289 286.4 288.8 284.3 285.1 284.6 287.3 288.7 288.3 288.8 285.4 292.5 303.5 303.6 307.6 303.3 297.3 288.8 289.1 293.5 298.2 296.3 291.8 298 312.2 312.7 310.8 306.8 310.9 319.8 318.6 329.4 332.5 331.4 333.6 330.7 326.4 327.3 328.3 330 328.3 330.7 330.9 327.5 337.4 338.6 338.7 338.1 345.4 345.3 342.4 344.2 343.6 347 348.7 344.4 343.9 342 340.4 338.8 334.9 323.5 316.9 288.9 299.1 314.4 324.7 344.5 363.6 384.9 402.4 421.3 436.7 453.7
266.7 271.2 272.4 271.2 267.7 267.1 266.4 263.2 264.7 266.7 266 267.7 266 273.5 273.6 282.8 290.1 288.8 284.7 280.5 280.9 277.6 277 276.4 282.1 281.3 278.7 284.5 290.5 290.4 290.2 290.8 290.1 303.8 315.4 317.6 318 314.2 313.8 312.1 311.3 308.5 311.6 318.9 314.2 313.5 312 315.4 321.9 320.2 321.1 326.9 326.9 326.7 323.8 328.3 335 337.2 332.8 329.2 332.8 330.2 329.5 328.1 323.6 318.8 308 280.9 299 308.3 319.1 340.8 365.1 385.2 403 420.7 438.4 459.5
256.5 253.3 250.5 248.9 246.6 248.8 247.2 244.1 246.4 248.3 245.1 246.4 248.5 253.4 258.5 257.5 268.7 268.4 263.5 262 260 262.9 258.2 256.7 260.8 261 264.1 264.3 276.6 275 277.2 275 273.6 280.8 296.1 298.3 293.6 292.9 293.3 296.9 297.2 297.4 294.7 298.9 295.8 299.5 304.7 309 305.6 305.8 304.4 307.6 309.4 310 309.5 313.3 321.8 323.1 320.4 316.6 318.8 319.8 320.7 317.3 315.3 314.9 305.3 273.4 290.9 299.1 312.3 342.9 364.7 383.2 400.3 419.3 439.1 462.8
242.7 237.7 236.5 231.8 234.3 233.6 229.4 229.6 230.1 226.6 226.4 226.9 229.4 230.8 234.6 238 243.6 242.6 243.4 241.4 243.4 244.8 241.8 242.9 245.7 249.9 249.6 251.6 255.8 261.8 258.8 259 260.9 266.1 278.5 275.9 271.4 275.7 276.4 282.6 285.3 281.3 280.9 285 282.9 289.1 293.4 297.2 293 291.5 289.5 290.8 294 296 297.6 299.9 301.5 305.1 306.2 307.1 309.3 310.3 310.6 306.1 307.6 303.2 297.4 268.8 272.7 289 315.6 341.7 360.2 378.5 396.1 414 436.9 467.7
228.4 222.2 220.6 220.3 213.6 213.3 209.4 209.4 210.9 212.1 210.5 214.4 216.8 215.9 219 225.7 223 222.4 227 226.5 228.4 228 225.3 225.9 233.4 234.4 237.6 240.6 242.4 246.6 243.9 244.7 246.6 252.3 256.5 262 261.4 261.9 266 269 267.3 266.6 264.4 269.9 275.3 280 282.7 285.3 280.8 282.8 281.4 280.8 281.5 285.2 287.4 288.5 287.7 291.5 293.7 293.8 300.7 297.2 300.3 297.8 301.2 297.2 290.5 268.9 254.1 278.4 312.5 337.8 355.9 372.2 388.6 410.6 434 464.5
213.9 207.7 206.9 204.2 198.1 194.6 194 194 193.6 194.6 194.1 198.6 201.6 205 206.5 209.7 206.2 213.8 212.9 213.7 214 219 219.6 214.8 225.1 225.8 227.8 227.8 229.7 230.1 230.2 228.4 228 230.2 238.1 242.7 251.3 255.1 254.5 251.6 254.6 254.4 258.5 262.3 263.9 263.4 265.5 267.7 270.8 274.2 277.8 277.4 274.1 273 277.3 277.7 281.4 277.7 280.4 282.8 289.6 285.3 287.4 287.8 290.9 286.7 281.9 260.8 246.5 278.6 311.6 331.9 348.8 363.4 381.2 405.3 423.1 441.1
202.9 197.7 194.8 190.9 186.4 183.5 183 184.1 184.7 184.4 184 186.5 188.8 191.9 192.3 200.9 197.6 198.5 199.8 203.8 205 208 210.2 205.3 212.9 215 219.6 216 217 215.3 215.2 213.8 213.3 219 224.7 233.4 235.4 243.4 240.4 240.1 244.2 248 251.1 252.7 254 257 256.5 259.6 264.5 270.8 270.8 269.2 267.3 265.5 267.2 272.2 278 276.3 270.1 271.9 276.2 272.4 275.2 278.5 279.3 277.5 269.4 238.6 253.7 284.5 308.8 325.9 339.7 354.3 372.9 391.2 416.8 437.7
194.9 190.2 185.4 182.2 180.6 179.9 179.4 178.9 178.9 179.3 179.7 180.6 182.2 180.8 181.8 187.2 187.7 187.4 190.2 190.8 199.8 198.2 198.8 198.8 200.8 202.4 202.8 208.3 207.7 204.6 206.3 207.5 205.8 209.9 219 223.9 221.3 230.8 228.8 231.8 239.6 244.6 240.3 240.3 242.1 246.6 246.8 248.2 251.9 256.8 258.5 258.1 256.7 258.2 258.4 260.8 263.6 264.3 262 260.7 266.9 262.7 264.9 265 268 269.1 266.6 231 259.8 289.3 303.4 319.9 333.7 349.6 365 384.6 406.1 433.6
186.5 184.6 183 179.7 180.6 181.3 182.8 183 182.6 183.4 180.3 176.4 174.9 176.5 176.4 177.6 177 180.7 182.5 183.4 186.3 188.5 192.2 187.8 189.7 190.5 192 196.7 192.6 193.5 197.8 197.9 199.4 200.4 211.9 214.8 212.3 222.1 220.9 226 225.1 229.7 231.7 230.5 233.7 237.1 239.7 238.1 241.2 241.4 243.4 245.3 245.6 247 245.5 248.9 250.4 251.6 253.9 250.9 254.7 254.6 254.2 255.2 258 258.6 246.2 237 268.1 286.5 300.7 317.1 328.9 343.6 358.9 377.9 400.9 429.4
181.6 181 181.5 183.6 185.2 187.3 191.2 192.2 195 199.2 192.6 190 184.9 180.6 176.1 176.9 176.1 173.7 171 176.2 179.1 178.3 180 180 178.8 178.9 181 181.9 180.8 182.8 185 184.7 188.7 196.1 196.1 199 202.7 207.1 206.9 216.4 218.1 225 227.7 225 225.8 229.2 230.9 230.7 232.9 235.8 236.8 235.9 234.5 236.7 240.8 247.6 244 242.1 244.6 244.6 245.3 244.2 246.2 246.9 248.2 248.7 229.4 242.1 267.6 282.5 295.3 307.7 322.8 337.7 355 372.1 399.1 419.9
183.5 184.1 188.9 195.5 200.8 202.5 207 206.3 211.3 207.2 205.7 203.2 201.2 196.3 187.2 183.5 179.4 174.2 168.6 168.6 171.4 173.3 172.6 172.2 171.8 170.2 171.9 172.6 168.5 173.4 176 174.1 182.8 184.7 185.5 188.1 193.2 194.8 199.8 204.1 206 217.8 212.8 216 220.9 223.2 224.4 225.9 226.9 227.2 227.2 229.3 230.6 230.4 232.2 237.7 236.8 235.7 234.2 233.6 235.5 235.9 238.2 237.1 236.2 239.3 216.9 241.7 261 278.8 289.1 303.6 314.8 331.8 348.7 361.8 382.5 402.3
192.5 194.9 202.8 208.2 212.6 213.6 215.4 217.3 219.4 223.3 221.3 213.6 209.5 209.6 200.4 186.6 180.3 177.5 173.2 168.1 165.5 164.7 166.7 167.3 168.1 166.1 165.3 164.7 163.8 164.2 164.2 165.2 174.4 176.6 176.8 179.9 183.2 186 191.8 195 193.6 199.5 201.1 210.1 216.6 216.4 218.3 216.6 217.1 221.2 220.8 221.9 225.8 226.7 226.4 224.9 227.5 227.6 228.1 226.4 226 227.9 228.9 231.6 230.2 214.3 219.7 242.1 258.4 272.2 286 297.9 308.2 325.2 341.4 350.1 368.6 389
207.8 213.1 216.6 221.3 224.9 227 226.1 230 229.9 227.7 226.3 219.1 215.7 209 194.7 189 190.8 186.5 179.8 175.3 170 164.4 161.9 163 165.5 164.4 163.9 162.9 162.4 161.3 160.1 161.1 165.8 168.1 168.4 171.1 173.8 176.7 180.5 186.5 186 185.8 186.7 197.5 205 206.4 205.7 207.7 213.7 213 214.2 214.1 218.2 218.7 220.8 221.6 220 220.5 220.1 224.3 222.4 222.9 222.9 224.7 225.5 202.2 226.6 243.7 258 268.1 278.9 291.2 305 317.3 330.6 345.6 360.7 374.7
223.5 228.4 229.1 232.4 239 242.7 240.2 235.6 234.4 236 233.9 225.7 216.3 206.6 199.8 209.8 207.7 195.4 187.6 184 179.1 172.5 168.3 162.3 161.4 162.3 162.7 162.2 161.3 159.8 159.7 158.3 158.5 158.2 158.6 163.1 165.8 169.1 170.8 174.4 176.8 177.4 177.1 184.9 185 196.8 202.2 204.8 206.3 207.1 206.4 204.4 210.1 212.9 212.6 211.7 210.1 208.6 212.2 215.4 217 215.8 219.2 219.9 218.5 199.7 227.5 242.1 254.8 264.7 276 289.2 301 312.1 326.1 337.1 347.1 368.9
241.1 247.5 244.9 242.3 243 248.1 249.7 246.6 240.3 236.4 232.2 224.3 212.6 209.2 211.7 216 210 212 212.2 202.5 191.8 182.7 174.4 168.7 164.3 162.4 159.9 159.3 161.5 162 161.5 161.2 160.6 159.7 158.7 156.6 161.8 162.8 163.9 164.7 167.5 169.5 171.3 181.9 181.3 182.6 191.7 196.5 198.2 198.6 201.7 198.8 201.3 202.6 210.1 211.6 207.1 204.8 201.5 205.2 206.3 210.3 213.4 216 216 194.9 219.8 240 251.6 263.8 274.6 286.4 296.3 308.4 322.4 332.5 344.2 360.3
254.2 253.9 253 253.8 253.7 247.6 242.5 238.9 236.2 236.4 229.1 217.8 212.3 220.5 225.8 227.9 225.5 233.9 222.3 211.3 204 203.3 195 180.7 173.7 170.5 169.4 172.4 172.9 169.7 167.2 163.7 161.4 159.4 158.6 157.7 158 159 160.1 160.6 163 167.2 164.8 169 172.6 174.1 176.9 178.6 185.8 188.5 188.8 188.8 192 194.9 202.8 207.5 203.7 201.5 196.9 192.7 193.7 200 204.4 209.5 200.3 187.8 219.1 237.7 251 259.9 272.9 283 293.8 305.7 319.2 327.8 341.3 354.9
257.1 260.3 262.4 262 259.5 252.7 240.7 234.8 231.3 229.4 228.5 222.6 222.9 234 233.6 234.7 234.9 235.3 226.6 223.5 218.8 209.9 196.4 187.1 192 192.1 187.7 188.1 196.3 189.5 178.2 178 173.2 169.1 163.9 159.2 155.8 156.9 156.9 157 159.5 157.9 159 162 162.5 163.2 166 170.5 172.9 172.6 176 186.6 191.4 195 190.3 193.6 195.2 194.8 189.1 186.2 190.8 192.6 193.9 198 185.9 202.4 221.4 234.6 248.8 258.7 270.6 278.2 290 298.8 311.2 320.4 332.9 346.8
263.6 263.7 265.8 263.4 261.8 260.8 251.6 241.9 238.3 231.7 229.6 224.3 230.8 237.2 239.8 241.1 239.8 239.5 230.5 229.3 224.8 226.1 218.1 218.2 222.5 218.7 217.4 201.6 211.5 201 201.1 192.9 187.9 186.5 177.7 164 160.4 158 153.7 150 152.5 151 150 153.8 155.6 156 157.4 162.7 166.5 169.4 182.2 188.6 185.9 183.7 182.1 183.9 183.5 182.2 176.5 179.2 182.3 183.1 188.4 191.6 185.4 206.6 218.6 231.8 241.8 252.1 261.9 273.6 283.1 293.4 304.1 313.5 323.6 336.8
