UK/data/ht/ht93_OST50GRID_20230518/HT93.asc
ncols 200
nrows 200
xllcorner 390000
yllcorner 1130000
cellsize 50
[rows 0 to 37 of 200, columns 84 to 167 of 200]
285.4 255.2 230.1 208 191.5 177.2 171.4 169.6 169.4 169 169.6 168.6 166.9 165.5 165.5 166.8 165.4 161.3 149.1 132.7 115.3 101.5 95.5 92.7 92.7 95 93.4 90.3 86.4 82.6 80.6 76.1 67.4 64.9 63.8 64 60.5 61.1 62.9 63.8 56.5 48.2 46.4 41.2 38.5 37 33.5 30.7 27.8 30.7 34.4 39 41.5 42.9 43.4 42.7 41.8 41.5 40.7 40.2 39.9 40.7 42.8 46.1 48.7 40.1 11.4 -0.5 -0.5 -0.5 -0.5 -0.5 -0.5 -0.5 -0.5 -0.5 -0.5 -0.5 -0.5 -0.5 -0.5 -0.5 -0.5 -0.5
298.1 270.9 245.6 226.6 209.3 194.7 183.1 176.6 174.3 174.8 176.7 177.8 176.1 174.8 177.6 180.8 180.4 173.2 160.4 145.6 129.9 113.8 113.1 113.4 114.9 116.7 114.8 109.7 103.7 96.8 90.5 82.9 75.7 70.8 66.7 65.8 66 63.9 66.1 65.9 63.7 53.9 47.5 41.5 38.5 36.2 33.1 30.7 28 28.5 33.2 38.4 40.7 40.2 40.8 40.5 38.2 39.6 37.7 38.9 39.6 41.8 43.6 45.9 49.2 47.8 9.9 36.6 -0.5 -0.5 -0.5 -0.5 -0.5 -0.5 -0.5 -0.5 -0.5 -0.5 -0.5 -0.5 -0.5 -0.5 -0.5 -0.5
315.3 287.6 264.8 245.7 231.3 218.7 208.9 200.8 196.1 195.2 196 196.7 197.8 200.6 204.5 205.8 203.9 194.6 179.8 163.2 148.3 137.1 141.7 143.4 144.9 144.5 140.7 134.2 127.4 119.7 112 103 93.6 84.1 78.9 77.6 75.3 73.4 70.5 70.3 70.2 59.7 49.5 42.8 36.8 34.2 32 30.7 28.4 28.2 32.2 36.3 39.5 38.4 38 36.8 35.7 36.5 34 36.8 39 40.8 43.2 46.2 48.1 48.6 46.7 31.7 -0.5 -0.5 -0.5 -0.5 -0.5 -0.5 -0.5 -0.5 -0.5 -0.5 -0.5 -0.5 -0.5 -0.5 -0.5 -0.5
330.3 312.4 291 271.7 257.3 244.4 233.3 226.1 221.9 220.1 220.4 220.2 222.8 228.2 231.1 233.5 229.5 217.9 202.3 183.8 168 161.3 169.2 176.3 180.6 180.9 175.9 168.3 157.9 147.2 139.3 131.4 119.3 109 100.8 95.1 88.6 84 78.4 76.1 75.7 67 54.4 42.8 35.9 32.1 30.5 28.8 27.4 27.8 32 33.8 35.5 36.2 32.7 32.1 32.7 34.6 34 36 38.3 40.1 41.8 45.4 47 47.1 47.1 46.3 -0.5 -0.5 -0.5 -0.5 -0.5 -0.5 -0.5 -0.5 -0.5 -0.5 -0.5 -0.5 -0.5 -0.5 -0.5 -0.5
331.8 332.1 318.6 299.4 284.5 271.2 262.6 255.3 250.1 246.8 246 247.7 250.9 256.5 260.4 263.7 260.4 244.7 224.2 203.1 185.8 177.2 180.4 185.2 188.7 191.3 191.3 188.6 182.2 175.7 169.2 159.5 148 139.6 132.2 123 112.9 102 92.5 85.7 80.4 72.8 56.3 41.3 34.4 30 29.1 28 24.7 28.4 31.4 30.7 31.2 32.3 31.3 31.6 31.8 33.9 35.8 37.3 38.7 39.7 41 44.2 46.5 46.4 46.1 45.9 45.3 38 -0.5 -0.5 -0.5 -0.5 -0.5 -0.5 -0.5 -0.5 -0.5 -0.5 -0.5 -0.5 -0.5 -0.5
327.4 326.5 322.9 319.3 317.9 308 294.7 286.5 280.9 278.4 276 277.1 280.8 284.8 289.2 295.8 286.3 267.4 240 213.1 193.8 182.7 185.4 189.2 191.4 195 194.6 191.2 183.2 176 170.1 168.3 162.4 156.5 150.7 145.2 132.3 122.5 110.4 97.5 89 78.5 56.7 40.1 33 28 26.9 25.5 27.1 27.9 31.1 31.7 31 31.5 30.5 30.9 31.4 34 35.9 37.9 38.6 39.2 40 42.6 45.2 45.7 46.2 44.5 45.3 39.3 -0.5 -0.5 -0.5 -0.5 -0.5 -0.5 -0.5 -0.5 -0.5 -0.5 -0.5 -0.5 -0.5 -0.5
318.8 316.3 315.1 312.8 313.6 315.3 321 315.4 310.4 307.1 304.4 305.9 309.6 314.1 317.9 313.3 291.7 269.4 244.3 218.6 196 187.6 189.1 191.4 195 196.5 195.1 188.3 180.6 171.1 165.4 162.1 161.3 157.6 154.2 153.1 143.5 135.5 127.9 111.2 96.9 82.7 56.1 37.7 30.8 27.7 26.1 24.3 26.6 27.8 31.8 34.7 30.5 30.8 30.6 31.2 32.2 35.3 37 37.8 38.4 38.2 39.2 40.9 43.1 45.5 46 43.7 43.3 39.7 -0.5 -0.5 -0.5 -0.5 -0.5 -0.5 -0.5 -0.5 -0.5 -0.5 -0.5 -0.5 -0.5 -0.5
306.7 306.1 305.2 304.9 309.4 317.2 333.4 350.3 344.7 338.3 336.2 338.4 342.5 352.9 356.2 326.5 296.9 272.7 246.8 221.9 201.7 192.3 192.5 194.8 196.2 196 191.6 183.6 174.1 166.3 158 155.4 154.3 152.1 149.1 147.4 145.8 139.7 138.1 124.7 99.3 82.5 57 34.5 26.7 24.9 23.8 25.4 26.9 28.9 31.4 35.3 31.6 30.7 31 31.4 34.3 36.1 37.1 37.9 38.1 36.4 37.7 39.3 42.1 44.6 44.7 44.3 42.8 38.9 -0.5 -0.5 -0.5 -0.5 -0.5 -0.5 -0.5 -0.5 -0.5 -0.5 -0.5 -0.5 -0.5 -0.5
295.4 294.7 294.7 298.5 306.7 320.2 341.5 360.9 370 374 375.2 376.5 378.8 372.3 357.9 332.7 302.1 274.1 250.2 226.6 207.4 198.3 197.6 197.1 197.9 193 186.5 178.2 167.6 158.8 154.3 152.3 150 146.3 145.7 145 145 145 140 128.3 97.6 78 53.7 31.3 25.6 24 24.2 26.1 26.8 27.8 31.7 36.8 36.5 32.3 31.4 34.2 36.1 36.8 37.5 37.4 35.8 34 35.1 37.4 40.6 43 43.8 44.1 41.6 38 32.3 -0.5 -0.5 -0.5 -0.5 -0.5 -0.5 -0.5 -0.5 -0.5 -0.5 -0.5 -0.5 -0.5
284.4 283.9 285.8 294 306 324.3 344.2 359.1 369.5 383.6 398.9 408.1 401.3 378.4 358.4 337 308.2 279.5 254.2 230.8 212.9 206.5 203.4 201.7 198.9 190.8 180.2 170.3 161.5 154.4 151.9 152.3 149.5 146.9 145.8 145 145 145 141.7 122.1 90.7 67.9 47.1 29.1 24.2 22.7 26 25.7 25.7 26.8 31.1 36.6 42 38.5 35.8 35.4 37.3 38 38.2 37.7 36 34 34 35.6 38.3 40.6 42.4 42.5 40.5 36.9 30.9 25.5 -0.5 -0.5 -0.5 -0.5 -0.5 -0.5 -0.5 -0.5 -0.5 -0.5 -0.5 -0.5
273.9 273.7 280.4 292.3 308.1 326.5 343.7 357 375.1 397.6 409.5 411.9 408.5 385.6 360.6 337.1 312.9 283.1 255.8 233.2 215.7 210.9 206.4 202.1 194.8 185.4 175.3 166.4 159.2 154 151.3 151 154.4 155.4 153.9 153.8 148.7 145.7 137.8 110.8 82.4 60.7 44.5 31.7 24 23.8 25.4 25.1 24.8 26.9 30.8 36.5 42.1 43 39 36.4 38.4 38.8 38.9 38.1 37.2 35.2 34.1 34.1 35.9 39.1 40.5 40 37.7 35.9 31.1 24.5 16.3 -0.5 -0.5 -0.5 -0.5 -0.5 -0.5 -0.5 -0.5 -0.5 -0.5 -0.5
263.3 267.3 276.6 292 308.9 327.6 343.8 362.4 383.8 398.2 402.4 401.3 399.5 394.5 364.3 338.6 314 287.1 258.5 234.1 218.6 210.7 203.2 197 189.9 181.3 172.7 166.7 163.7 163 160.2 165.6 176.5 180.4 179.7 175.4 166.6 151.6 134.9 105.9 81.7 62.5 46.2 34.2 26.6 25 23.2 24.2 24.4 26.2 30.4 35.7 39.1 44.4 41.8 38.5 38.4 40.6 39.9 38 37.4 35.8 34.7 32.5 33.6 34.4 36.5 37.9 37.2 34.6 30.5 23.9 -0.5 -0.5 -0.5 -0.5 -0.5 -0.5 -0.5 -0.5 -0.5 -0.5 -0.5 -0.5
254.1 261.9 275.9 293 309.2 326.3 345.4 367.3 384.2 391.5 391.6 388.8 387.8 387.7 369 340.6 315.8 289.2 261.4 234.1 217.8 208.7 205.6 203.2 197.7 190.9 183 178 177.1 179.4 183.9 193.7 203.1 208.4 209.6 205.7 193.4 170.6 146.6 123.7 96.6 72.5 53 37.1 29.4 23.9 24.4 22.4 23.8 25 29.3 32.9 36.7 38.8 42.3 40.2 39.9 40.4 39.6 38.1 36.9 35.4 33.7 30.4 29.5 31.5 32.7 34.9 34.6 32.4 28.3 21.7 -0.5 -0.5 -0.5 -0.5 -0.5 -0.5 -0.5 -0.5 -0.5 -0.5 -0.5 -0.5
247.5 261.5 275.5 291.7 308.8 327.3 350.3 371 378.1 380.7 378.3 376.1 374.5 376.2 373.7 344.5 318.1 291.4 263.5 238.7 222.6 220.5 220.9 218 213.6 206.6 199.1 197.3 198.8 203.8 211.6 221.8 232.5 240.4 244.2 241.3 221 193.7 165.5 140.6 114.4 87.1 64.2 45.6 33.6 28.1 21.2 23.3 24.1 25 27.8 31 32.5 34.3 38.3 39.9 39.1 39.1 36.5 36.1 35.6 34.9 32.5 30.5 27.1 27.4 29.1 30.8 31.8 30.3 26.1 19.4 -0.5 -0.5 -0.5 -0.5 -0.5 -0.5 -0.5 -0.5 -0.5 -0.5 -0.5 -0.5
244.5 260.5 275.5 292 309.3 331.7 356.8 366.7 369.7 369.7 365.6 363.4 363.1 364.3 365.2 352.6 322.2 296.2 271.3 248.4 241.3 242.1 243.1 240.2 232.8 226 222.4 222.7 226.4 233.5 242.2 253 263.9 272.5 279.3 271.6 244.5 215.6 186.8 157.8 132.3 105.4 78.5 55.1 36.2 31.8 25.1 22.1 23.7 23.6 26.3 27.9 29 31.4 35.2 37.9 37.1 36.3 35.8 34.1 33 33.7 32.4 30.2 28.1 23.5 24.9 27.1 27.1 25.6 23.4 16.6 -0.5 -0.5 -0.5 -0.5 -0.5 -0.5 -0.5 -0.5 -0.5 -0.5 -0.5 -0.5
245.6 260.9 276.6 293.8 312.9 340.7 356.8 359.3 358.9 356.5 352.1 350.7 349.4 350.4 353.9 353.2 331.6 305 285.1 271 268.7 272.5 276.1 272.5 264.3 258.2 256.1 256.9 260.6 267.3 276.7 286.5 297.6 308.7 316.3 295.2 264.2 235.7 206.6 177.8 149.9 122.3 94.5 66.8 42.2 32.8 28 23.1 20.7 23.7 23.8 24.6 24.8 28.5 32 35.8 36.2 34.7 32 30.2 29.7 30.5 30.7 29.3 27.2 24.8 20.2 22.2 22.4 23.5 20.6 14.6 -0.5 -0.5 -0.5 -0.5 -0.5 -0.5 -0.5 -0.5 -0.5 -0.5 -0.5 -0.5
245.8 262.7 280.1 297.5 322.9 345.3 350 349.7 347.5 343 338.9 336.7 336 339.3 343.1 345.5 345.2 322 304.2 295.4 294.8 297.7 303.3 305.6 301.1 296.7 295.1 295.7 299 307.5 318.6 326.9 333.9 339.5 340.9 315.6 283.5 254.4 226.4 196.8 167.3 139.7 109.8 79.9 51.2 33 29.6 24.1 21.2 23.5 23.5 23.9 22 24.6 28.8 33.5 33.1 32.7 29.7 28.4 25.8 26.5 29.2 26.8 25.4 23.7 21.9 15.7 17.1 18.4 16.5 7.1 -0.5 -0.5 -0.5 -0.5 -0.5 -0.5 -0.5 -0.5 -0.5 -0.5 -0.5 -0.5
246.1 265.5 282.8 305.2 332.8 339.4 341 338.4 335.3 330.7 326.6 323.8 323.7 325.5 331 335.8 337.3 337.6 330.8 321.9 319.2 321.8 325.6 328.7 327.9 325.1 322.9 320.6 316.7 317 319.3 321.1 323.7 327.5 331.5 329.1 305.3 272.2 243.3 213.4 183.3 154.1 124.8 94.3 62.3 38.4 27.1 23.7 19.6 21.8 21.7 20.7 19.6 21.1 25.8 30.5 30.4 30.2 29.1 25.3 24.8 24 26.4 25.6 23.6 21.1 18.8 15.8 7.8 12.1 11.3 3.1 -0.5 -0.5 -0.5 -0.5 -0.5 -0.5 -0.5 -0.5 -0.5 -0.5 -0.5 -0.5
249.4 266.7 287.3 314.6 328.9 331.2 329.4 327.3 323.4 319.4 314.3 311 309.4 312.3 318.5 323.5 326.7 328.9 328.7 328.6 329.7 334.1 336.5 338.8 339.4 337.2 328 323.3 312.7 308.8 310.6 312.4 313.2 317 320.4 321.6 321.3 291 259 228.9 197.9 167.3 136.9 105 74.6 47.2 27.3 21.3 19.6 17.3 19.4 18.1 17.5 19.1 22.2 27.1 28.3 28.3 26.4 24.1 22.3 22 22.6 23.1 22.5 20 17.1 12.5 8.8 2.6 1.8 -0.5 -0.5 -0.5 -0.5 -0.5 -0.5 -0.5 -0.5 -0.5 -0.5 -0.5 -0.5 -0.5
249.2 268.1 291.2 318.1 322 321.9 319.2 315.8 311.3 306.6 302.2 298.3 297.2 300.4 305.7 312 315.3 317.9 318.5 319.7 322.5 326.3 329.8 331 329.6 323.6 315.7 313.1 302.4 298.4 299.3 300.8 301.5 304.7 306.8 307.6 312.6 308.1 274.2 241.3 209.7 177.8 147.3 115.3 84 54 31.6 23.7 19 16.2 17.6 15.6 16.8 15.8 18.7 21.7 26.3 25.3 24.2 22.9 21.4 20.7 20.3 20.7 19.8 16.8 13.2 8.2 -0.5 -0.5 -0.5 -0.5 -0.5 -0.5 -0.5 -0.5 -0.5 -0.5 -0.5 -0.5 -0.5 -0.5 -0.5 -0.5
247.3 267.9 297.1 311.1 312.7 310.2 308.8 304.8 299.2 293.4 289.7 285.6 284.7 288.2 293.4 299.1 302.9 306.4 307.7 309.4 313.4 316.7 319.3 319.6 315.6 307.7 303.5 297.9 288.4 286.2 286.2 287.4 287.7 289.2 291.7 293.7 298.6 303.6 286.3 251.8 219.7 187.7 155.4 124.6 91.5 62.8 38.6 22.1 17.3 16.6 16.2 13.5 15 13.6 15.6 18 21.7 21.9 21.4 20.8 19.2 17.6 18.4 18.3 16.6 14.1 9.1 -0.5 -0.5 -0.5 -0.5 -0.5 -0.5 -0.5 -0.5 -0.5 -0.5 -0.5 -0.5 -0.5 -0.5 -0.5 -0.5 -0.5
242.7 266.2 294.8 300.6 301.1 298.2 296.6 292.6 286.5 280.8 275.8 272.4 272.1 274 280.5 287 291.2 293.6 294.8 297.4 300.7 303 304.2 303.6 297.3 292.7 286.7 280.4 274.3 273.4 275.1 274.5 274.2 275.5 276.9 279.2 284.9 292.3 294.2 261.4 227.6 195.2 163 132.9 98.3 69.5 44.1 24.8 20 17.5 14.7 11.3 11.2 10.8 12.9 11.8 12.4 14.3 17 17.9 16.4 15.3 15.2 15 13.5 10.8 -0.5 -0.5 -0.5 -0.5 -0.5 -0.5 -0.5 -0.5 -0.5 -0.5 -0.5 -0.5 -0.5 -0.5 -0.5 -0.5 -0.5 -0.5
235.1 262 285.9 289.9 289.9 286.5 283.5 280.2 274.3 267.9 262.7 259.7 258.6 261.9 267.4 274 278.2 280.4 281.5 283.1 284.6 286.1 287.3 284.4 280 272.2 266.8 262.4 261.1 261.1 260.7 262.2 261.4 262.9 264 265.5 273.4 281 283.6 266.8 234.5 202.2 170.5 139.7 106 75.8 50.6 28 20.7 18.9 16.2 12.3 12.3 10.5 10.4 8.5 7.5 9.4 5.7 7.3 9.2 10.4 11.3 11.5 9.6 -0.5 -0.5 -0.5 -0.5 -0.5 -0.5 -0.5 -0.5 -0.5 -0.5 -0.5 -0.5 -0.5 -0.5 -0.5 -0.5 -0.5 -0.5 -0.5
227.1 251.7 273.9 277.9 278 275.7 271.7 266.6 260.9 254.2 248.4 244.3 244.7 247.6 252.4 258.7 263.8 265.3 264.6 265.4 264.9 264.9 265.6 264.9 260.7 254.6 249.4 248.2 247.8 247.7 248.7 249.3 249.5 248 250.4 253.1 261.2 267.4 271.6 265.9 240.4 207.7 175.5 146.6 114.2 82.9 58 32.6 20.7 17.2 15 14.5 14.7 14.7 15.8 17.9 22.2 22 18.7 16 7.6 0.8 -0.5 -0.5 -0.5 -0.5 -0.5 -0.5 -0.5 -0.5 -0.5 -0.5 -0.5 -0.5 -0.5 -0.5 -0.5 -0.5 -0.5 -0.5 -0.5 -0.5 -0.5 -0.5
213.3 237 259.2 264.8 264.8 264.1 259.9 254.8 248.8 241.2 233.5 230.5 231.8 234 236.6 240.9 245.5 247 245.7 245 244 245.1 245.3 244.4 240.8 238.7 235.5 234.9 235.2 235.2 236.6 237.6 236.1 234.4 234.7 239 247.2 253.8 259.5 260.6 246.8 215 183.5 153.3 121.9 91.1 66.7 38.1 22.8 17.3 15 17.2 16.8 17.3 19.5 23.7 26.9 27.4 22.7 19.2 16.7 15.1 -0.5 -0.5 -0.5 -0.5 -0.5 -0.5 -0.5 -0.5 -0.5 -0.5 -0.5 -0.5 -0.5 -0.5 -0.5 -0.5 -0.5 -0.5 -0.5 -0.5 -0.5 -0.5
198.3 217.2 238 247.3 250.6 251.5 249.5 245.5 236.9 229 221 218.5 218.3 221.1 220.4 223.1 223.7 226.8 226.6 223.9 223.3 225 225 227.7 226.7 224.7 224.2 223.7 223.2 223.8 224.7 224.9 224.4 222.8 222.4 224.3 231.9 239.7 247.3 253.7 248.7 223.8 191.4 161.2 131.2 101.6 72.7 43.3 24.5 17.7 15 15.6 17.9 19.5 23.7 26.2 31.4 30.3 24.9 20.3 17.1 15.5 13.3 11.9 -0.5 -0.5 -0.5 -0.5 -0.5 -0.5 -0.5 -0.5 -0.5 -0.5 -0.5 -0.5 -0.5 -0.5 -0.5 -0.5 -0.5 -0.5 -0.5 -0.5
96.4 135.8 199.6 201.9 208.8 215.4 229.9 233.4 228.4 219.8 211 206.2 205.6 207.2 206.2 204.8 207.4 206.8 206.1 205.9 206 207.5 211.8 213.4 213.6 211.7 211.4 211.1 211.8 212.5 212.8 212.4 211.2 209.7 208.4 210.9 218.4 226.7 238.1 247.4 247.9 232.8 201.8 171 141.2 113.4 84.2 53.2 28.7 18.9 15 15 17.4 21.7 25.9 29 35.4 33.7 27.5 22.6 17.9 16.4 15.1 13.8 13.4 13.2 7.4 -0.5 -0.5 -0.5 -0.5 -0.5 -0.5 -0.5 -0.5 -0.5 -0.5 -0.5 -0.5 -0.5 -0.5 -0.5 -0.5 -0.5
29.8 49.9 67 74.5 156.1 170.1 172.7 179.3 187.2 197.5 200.5 194.8 193.6 191.5 191.4 185.3 186.5 186.5 187 189.6 192.7 194.8 199.2 200.5 200.8 199 198.5 198.2 199.6 200.6 199.9 198.2 197 196.1 195.4 198.3 205.4 214 227.6 243.4 247.7 235.1 216.5 182.8 152.7 123.9 96.8 64 34.8 19.8 15 15 16.9 21.4 26.7 30.5 37 37.1 31.9 25.3 20.5 17.2 16.3 15.4 14.6 14.2 10.1 -0.5 -0.5 -0.5 -0.5 -0.5 -0.5 -0.5 -0.5 -0.5 -0.5 -0.5 -0.5 -0.5 -0.5 -0.5 -0.5 -0.5
-0.5 2 15.1 11.3 40 52.9 94.7 141.3 151.6 160 163 163.8 165.2 167.7 166.9 163.9 165.8 168.3 173.2 177.9 179.9 183.8 185.4 186.2 186.7 185 184.8 185.8 186.8 186.5 184.8 184.2 184.3 183.1 181.6 185.1 192.9 202.8 218.4 235 242.8 234.1 222.7 195.9 166.1 136.8 109.2 77.1 43 23.9 16 15 15.5 20.3 26.2 31.3 37.7 39.5 34.9 28.5 23.1 18.1 16.8 15.9 15.4 15 8.4 -0.5 -0.5 -0.5 -0.5 -0.5 -0.5 -0.5 -0.5 -0.5 -0.5 -0.5 -0.5 -0.5 -0.5 -0.5 -0.5 -0.5
-0.5 -0.5 -0.5 -0.5 -0.5 8.3 47.1 58.1 117.3 124.8 129.7 132 135.1 145 150.4 148.2 147.6 153.8 157.6 162.3 165.7 167.9 170.8 171.9 171.8 170.4 170.1 169.8 170.9 171 171 171.6 171.2 171 168.4 171.8 179.1 191.5 206.5 222.1 234 230.2 220.9 206.5 179.4 151.2 122.8 88.7 53.9 30 18.8 15.1 15.2 17.3 23.7 31.2 37.8 41 36.7 31.2 25.8 21.5 17.5 16.5 -0.5 -0.5 4.6 -0.5 -0.5 -0.5 -0.5 -0.5 -0.5 -0.5 -0.5 -0.5 -0.5 -0.5 -0.5 -0.5 -0.5 -0.5 -0.5 -0.5
-0.5 -0.5 -0.5 -0.5 -0.5 -0.5 -0.5 12 21.9 30.2 92.4 100.2 99.5 108.3 120.6 123.2 131.3 135.7 139.1 141.9 147.4 150 152.8 154.1 154.4 153.3 152.2 151.2 153.9 155 155.9 156.6 157.3 156.2 154.8 157.6 165.4 178 192.2 206.9 221.3 220.6 214.1 206.5 191.9 164.7 134.6 100.1 64.9 37.7 23.2 17.2 16.1 16.8 20.2 30.1 36.5 40.9 39 33.6 29.5 24.5 18.5 -0.5 -0.5 -0.5 0.8 -0.5 -0.5 -0.5 -0.5 -0.5 -0.5 -0.5 -0.5 -0.5 -0.5 -0.5 -0.5 -0.5 -0.5 -0.5 -0.5 -0.5
-0.5 -0.5 -0.5 -0.5 -0.5 -0.5 -0.5 -0.5 -0.5 -0.5 -0.5 32.5 73.7 75.2 82.4 92.7 106.2 113.8 117.6 120.1 124.1 127.1 130.7 133.3 134 133.5 133 130.2 132.3 135.6 136.3 139 140.4 139.4 138.8 143.4 150.8 163.7 176.5 189.7 204.5 207.6 205.1 200.3 193.1 177.7 150 117.8 77.5 48.2 28.9 20 17.6 17.2 18.5 26.6 34.1 40.9 39.7 35.4 31.5 27 22.4 -0.5 -0.5 -0.5 -0.5 -0.5 -0.5 -0.5 -0.5 -0.5 -0.5 -0.5 -0.5 -0.5 -0.5 -0.5 -0.5 -0.5 -0.5 -0.5 -0.5 -0.5
-0.5 -0.5 -0.5 -0.5 -0.5 -0.5 -0.5 -0.5 -0.5 -0.5 -0.5 -0.5 8.6 61.2 67.9 70.3 80.4 92.3 97.2 99.3 103.1 104.2 105.7 107.5 108.9 110.4 108.2 106.7 108.7 111.7 114.9 117 118.9 121.6 122.7 128.2 137.1 148 158.4 171.4 183.3 189 190.1 192.3 190.8 183.4 162.6 127.7 90.7 58.5 35.8 24.3 19.2 18.6 19.1 24.2 31.9 39.9 39.5 37.7 34.2 30.5 25.3 22.5 -0.5 -0.5 -0.5 -0.5 -0.5 -0.5 -0.5 -0.5 -0.5 -0.5 -0.5 -0.5 -0.5 -0.5 -0.5 -0.5 -0.5 -0.5 -0.5 -0.5
-0.5 -0.5 -0.5 -0.5 -0.5 -0.5 -0.5 -0.5 -0.5 -0.5 -0.5 -0.5 -0.5 -0.5 15.2 66.5 71.7 78.2 82.3 83.6 86.5 87.9 85.8 88.8 91.9 92 89.7 89.5 89.5 90.7 93.5 96.2 99 101.5 104.3 109.9 118.6 129 137.6 148.8 157.6 166.6 171 179.2 182.1 180.7 168.2 138.4 100.7 70.1 45.8 29.8 22.3 20.4 22.3 23.4 31.3 39 38.8 40.4 37.6 35 31.4 28 -0.5 -0.5 -0.5 -0.5 -0.5 -0.5 -0.5 -0.5 -0.5 -0.5 -0.5 -0.5 -0.5 -0.5 -0.5 -0.5 -0.5 -0.5 -0.5 -0.5
-0.5 -0.5 -0.5 -0.5 -0.5 -0.5 -0.5 -0.5 -0.5 -0.5 -0.5 -0.5 -0.5 -0.5 -0.5 15.6 70.4 71.7 77.4 76.6 78.2 79.7 75.9 78.5 81.9 79.7 77.1 75.9 74.2 73 77.5 78.6 81.2 82.9 86.6 93.9 98.7 107.3 116.4 127.5 136.5 144.4 152.2 159.2 168.2 170.4 164 148.5 113.7 81.3 55.6 38.9 27.4 23.7 23.6 24.8 27.9 37.1 41 42.1 40.3 38.1 36.7 34 31.8 32.2 33 31.2 -0.5 -0.5 -0.5 -0.5 -0.5 -0.5 -0.5 -0.5 -0.5 -0.5 -0.5 -0.5 -0.5 -0.5 -0.5 -0.5
-0.5 -0.5 -0.5 -0.5 -0.5 -0.5 -0.5 -0.5 -0.5 -0.5 -0.5 -0.5 -0.5 -0.5 -0.5 -0.5 31.7 62.7 72.9 72.7 71.7 73.5 71.3 72.1 72.5 71.1 67.8 66.7 65.7 64.1 64.8 66.1 68.8 71.3 72.3 75.5 79.7 87.4 97.6 108.4 117.5 124.9 133.2 140.5 149.5 155.1 153.3 146 126.4 94.6 66.9 47.9 34.6 27.7 26.3 27.1 28 32.9 39.3 42.4 41 39.3 39.7 37.3 35.3 36.6 36 -0.5 -0.5 -0.5 -0.5 -0.5 -0.5 -0.5 -0.5 -0.5 -0.5 -0.5 -0.5 -0.5 -0.5 -0.5 -0.5 -0.5
-0.5 -0.5 -0.5 -0.5 -0.5 -0.5 -0.5 -0.5 -0.5 -0.5 -0.5 -0.5 -0.5 -0.5 -0.5 -0.5 -0.5 20.2 70.5 69.8 69.1 66.3 66.1 66.2 65.9 62.9 61.3 60.3 59.5 58.8 58.4 59 62.2 63.1 64.7 63.6 65.3 70.4 79.8 89.1 97.9 104.8 115.2 123.6 131.3 138.7 140.8 138.2 131.6 105.2 78.1 57.8 41.3 33 29.9 28.5 28.9 31.4 37.3 40.6 41.2 40.3 40.1 39.4 38.6 38.6 37.6 -0.5 -0.5 -0.5 -0.5 -0.5 -0.5 -0.5 -0.5 -0.5 -0.5 -0.5 -0.5 -0.5 -0.5 -0.5 -0.5 -0.5
-0.5 -0.5 -0.5 -0.5 -0.5 -0.5 -0.5 -0.5 -0.5 -0.5 -0.5 -0.5 -0.5 -0.5 -0.5 -0.5 -0.5 5 69.6 67.6 66.2 64.7 64.1 63.5 61.2 59.4 58.4 57.4 56.4 55.9 55.7 56.6 58.1 58.5 57.3 57 57.7 59.1 65.3 74.6 83.2 90.2 97.2 105.9 114.2 123.4 128.2 128 125.6 113.2 88.9 67.9 51.4 40.6 34.3 32.3 30.7 31.6 34.5 37.7 38.6 37.9 39 -0.5 -0.5 37.3 -0.5 -0.5 -0.5 -0.5 -0.5 -0.5 -0.5 -0.5 -0.5 -0.5 -0.5 -0.5 -0.5 -0.5 -0.5 -0.5 -0.5 -0.5
