WholeMapElevations/data/nn/nn51_OST50GRID_20230518/NN51.asc
ncols 200
nrows 200
xllcorner 250000
yllcorner 710000
cellsize 50
[rows 105 to 139 of 200, columns 78 to 155 of 200]
402.8 393.8 388.5 383.4 378.8 374.7 370.8 365.3 359.2 357.3 352.8 350.5 343.7 336.9 332.4 327.9 323.2 318.6 312.4 307.9 301.8 297.6 293.3 286.3 277.3 269.2 260.4 254.7 247 236.2 225.6 218 207.6 194.6 182.9 175.2 167.3 163.4 152.3 143.9 136.3 129.2 126.8 125.7 123.5 119.7 117.2 117.2 117.2 117.2 117.2 117.2 117.2 117.2 117.2 117.2 136.5 150.6 152.7 161.7 173.9 182.4 190.5 199.9 215.5 228.2 243.7 259.2 274.2 287.7 300.3 309.3 319.1 335.5 351.8 367.4 381.8 391.3
410.1 406.9 403.1 397 390.5 386.6 380.9 377 372.3 370.1 365.5 363.1 356.5 349.6 343.5 340.9 336.2 330.7 325 319.7 313.3 310.3 305.4 299.6 291.7 279.2 265.8 258.5 251.2 245.3 236.3 229.7 220.1 209.5 198.1 186.8 180.4 170.3 160.4 151.5 141.6 133.9 130.3 125.7 123.8 122.6 117.6 117.2 117.2 117.2 117.2 117.2 117.2 117.2 117.2 117.2 120.7 133.8 139.8 147.2 152.2 160.8 169.2 183.1 197.9 213.3 226.8 241.2 255.5 271.2 284.9 297.5 302.7 317.3 334.8 351 363.1 369.2
424 420.1 415.3 409 402.3 397.5 391.8 388.2 385.6 383.1 377.2 374.1 367.8 359.7 357.4 353.9 348.7 343.4 336.9 330.1 324.6 319.6 314.4 309.4 302.7 285.3 271.5 263.5 256.9 250.3 245.7 238.6 230.6 225.1 213.6 201.2 187.6 175.5 166.6 157.8 151.5 146.8 133.5 128.3 125.6 123.4 120.2 117.9 117.2 117.2 117.2 117.2 117.2 117.2 117.2 117.2 117.2 117.2 120.3 130.8 137.2 141.4 146.6 162 176.3 192.3 208.2 223.7 235.6 252.9 268.1 280.6 290.6 298.8 316.3 333.6 345.1 352.8
435.5 429.1 425.2 419.9 413.6 406.9 403.2 399 396.1 394.3 389.6 382.9 379.1 371.1 370.5 366.6 360.9 354.3 347.5 340 334.3 327.3 321.2 313.7 301.2 289.7 278.6 272.5 265.3 258.7 254.1 245.1 238.1 235.4 225 211.8 198.1 183.4 170.9 163 159.6 149.8 141 131.1 126.5 124.7 123.6 122.8 120.9 122.6 117.5 117.2 117.2 117.2 117.2 117.2 117.2 117.2 117.2 124.7 127.4 130.3 135.1 143.3 155.2 168.1 186.2 205.3 220.5 234.7 248.1 264.2 276.5 287.2 300.5 315.3 328 337.4
449.9 443.2 434.5 428.7 423.7 416.4 413.2 408.1 406.2 403.3 400.1 393.5 387.5 383.9 382.4 377.3 371.9 363.3 356.9 350 342.6 333.4 323.5 312.6 301.3 295.6 285 279.3 270.9 267.8 262.1 256.4 249.4 239.6 230.3 221.3 205.9 189.8 178.6 172.4 166.2 158.4 149.1 139.3 130.5 126.4 125.5 125.4 124 121.3 118.5 117.2 117.2 117.2 117.2 117.2 117.2 117.2 117.2 117.2 123.1 126 127.8 130.5 137.4 144.8 162.5 184.7 204.7 220.5 233 248.5 260.1 275 287.5 300.8 311.1 320.4
464.1 456.2 448.2 440.7 432.1 426.2 422.5 417.2 415.8 413.2 410.7 402.9 395.8 396.1 392.8 387.9 383.1 374 366.6 357.3 348.3 337.7 327.7 317.8 309.6 303 291 284.5 279.2 273.4 267.9 265.8 260 248.3 235.7 223.7 209.6 196.8 186 179.3 173.7 167.3 157.4 142.7 135.6 128.6 128.1 128 125.4 122.6 120.4 117.3 117.2 117.2 117.2 117.2 117.2 117.2 117.2 117.2 117.2 123 123.7 124.5 127.3 131.3 142.5 160.4 184.5 204.5 220.1 234.6 248.9 259.9 272.8 286.5 299.6 311
476.4 468.7 462.1 455.1 446 438.1 433.1 429.5 426.4 424 420.2 411.9 408.4 408.2 402.4 398.4 393.4 387.5 381.8 366.8 356.4 342.6 333 327 321.7 309.2 297.4 290.1 284.4 278.2 274.6 272.7 265.8 254.5 239.9 225.5 211.3 200.6 192.3 182.5 177 172 164.6 154.9 144.7 136.9 131.5 129.7 126.9 125.6 124.1 120.3 117.2 117.2 117.2 117.2 117.2 117.2 117.2 117.2 117.2 118.1 118.8 122.7 121.7 126.5 131.8 144.8 167.5 187.7 204.4 220 234.8 246.6 259.2 273.5 286.6 299.6
487.2 480.2 473.9 467.2 459.6 451 443.6 443.1 440.7 436.7 430.2 421.3 421.9 421 415.5 410.1 403.3 397.6 384.6 370 358.2 352.1 340.8 332.5 324 314.4 305 296.9 290.9 284 279.4 274.1 271.3 258.9 242.7 229.2 216.5 208.6 201.3 191.5 184.7 179.1 174.8 166.7 156.5 149.1 140.8 133.3 128.3 126.3 124.6 120 117.2 117.2 117.2 117.2 117.2 117.2 117.2 117.2 117.2 117.2 117.2 117.2 117.2 117.2 124.1 131.8 150.5 170 188.3 203.9 220 232.5 243.8 259.5 271.7 287.5
497.4 490.4 484.2 475.2 468.8 461.6 457.1 454.2 452.7 447.4 440.1 433.4 434.6 433.7 427.7 422.6 418.4 401.3 389.9 380.8 372.3 363.2 349.9 339 328.1 317.6 305.7 300.5 293.8 288 282.1 274.5 268.3 256.3 245.3 234.7 223.3 216.2 209.1 199 190.8 185.6 182 174.2 164.1 152.8 151.2 143.6 132.1 126.3 124.3 119.5 117.2 117.2 117.2 117.2 117.2 117.2 117.2 117.2 117.2 117.2 117.2 117.2 117.2 117.2 117.2 122.8 128.9 150.1 170.1 187.7 203.8 217.7 230.8 242.4 260.8 276.1
507.9 502.2 494.6 486.1 479.8 473.5 470.1 467.2 463 456.2 450.3 448.3 448 446.1 441.2 435.6 428.2 417.1 406.8 398.2 386.8 375.1 360.5 350.6 339.2 325.9 315.7 307.8 297.6 288.7 281.8 275.3 267.2 259.7 249.9 241.3 232.3 225.2 217.6 208.1 197.9 193.2 186.8 178.8 167.3 165.7 162 156.6 143.5 130.5 124.4 122.2 117.2 117.2 117.2 117.2 117.2 117.2 117.2 117.2 117.2 117.2 117.2 117.2 117.2 117.2 117.2 117.2 120.5 130.5 149.2 164.6 185.8 201.1 214.6 228.9 247.2 262.2
518.9 513.7 506.1 496.6 492 486.7 483.2 478.4 472.7 467.6 462.9 461 460.3 457.2 454.2 450 443.1 433.6 421.9 410.1 398.3 383 368.7 360.9 351.3 340.7 329.4 317.2 304.5 294.5 286.2 276.7 270.8 264.2 256.2 246.4 240.8 234.7 226.1 216.1 206.7 197.3 188.6 178.6 178.7 179.9 177.7 171.2 160.2 143.2 135.6 125.5 121.5 117.2 117.2 117.2 117.2 117.2 117.2 117.2 117.2 117.2 117.2 117.2 117.2 117.2 117.2 117.2 117.2 125 130.8 148.9 167.3 182 198.2 213.1 230.5 248.4
531.9 524.8 517.3 509.9 502.5 499 493.9 487.7 485.3 481.4 476.3 473.1 469.9 466.6 465 461.9 455.6 446.6 434.3 419.6 407.2 393.6 380.6 370.8 360.5 350.2 338.2 325.7 314.8 304.8 294.3 282.1 274 268 260.1 251.5 246 241 234 224.7 210 197.2 190.5 191 190.9 192.1 190.5 185.5 177.3 165.6 153.2 139 130 118.2 117.2 117.2 117.2 117.2 117.2 117.2 117.2 117.2 117.2 117.2 117.2 117.2 117.2 117.2 117.2 118.4 124 130.4 147.8 167.3 182.1 196.6 213.9 231.5
545.5 537.4 528.5 523.5 516.1 510 502.6 497.6 498.8 497 492 485.7 477.9 477.5 474.3 469.7 465 456.7 445.3 432.7 419.5 410.3 396.2 382.5 369.9 358 346.2 332.8 323.2 313.4 302.4 291 280.2 269 261.5 258.1 252.6 246.2 240.7 230.3 215.3 196.2 200.3 203.2 202.3 201.8 201.2 198.2 191.6 182.2 170.7 158.6 146.6 136.3 118.4 117.2 117.2 117.2 117.2 117.2 117.2 117.2 117.2 117.2 117.2 117.2 117.2 117.2 117.2 117.2 118.2 124.7 133.8 152.6 167.4 183.6 197.7 213
554.8 547.2 541.2 535.5 527.8 520.7 513.7 507.4 512.1 510.9 506.5 499.1 491.5 488.6 482.6 476.9 472.6 465.1 454.6 441.3 430.5 419 409 394.9 378.7 366.3 353.9 342.4 331.4 321.3 310.4 298 284.8 274.9 269.6 264.4 259.4 251.9 245.7 234.2 221.3 208.6 212.3 215.5 214.7 212.5 208.5 207.4 203.4 196.2 186.6 175.3 163.3 151.1 137.9 128 117.2 117.2 117.2 117.2 117.2 117.2 117.2 117.2 117.2 117.2 117.2 117.2 117.2 117.2 117.2 119.7 124.5 138.3 155.8 169.1 181.9 193.7
566 556.9 551.9 546.4 537.9 531.3 524.9 521.1 524.5 524.7 519.9 513.9 507 499.9 491.5 485.4 480.2 472.7 461.9 450 437.6 425.9 419.3 410.8 390.2 374.6 361.6 350.3 337.7 327.7 317.3 307.2 294.9 283.5 274.4 268.2 263.1 257.2 248.8 237.5 223.6 217.6 225.7 228.7 226.8 221.9 220.4 215.8 212.1 207.2 199.3 187.5 177.1 165.8 154.6 143.3 132.1 122.5 117.2 117.2 117.2 117.2 117.2 117.2 117.2 117.2 117.2 117.2 117.2 117.2 117.2 117.2 120.2 125.5 142.1 154.3 163.1 173.8
574.5 567.9 563.8 558.6 550.6 543 535.5 538.2 538.5 538.2 534.8 529.8 530.1 517.6 503.7 496.9 489.6 479.9 468.5 457.8 447.1 436 427.6 417.5 403.2 383.8 367.5 359.1 347 336.5 327.3 316.7 305.4 293.3 283.3 274.9 266.2 259.6 250.8 239.4 222.8 231.9 238.6 240.2 238.7 234.8 231.2 227.1 221.2 216.7 210.4 203.1 192.7 181 171.2 158.1 148 139.2 128.4 117.2 117.2 117.2 117.2 117.2 117.2 117.2 117.2 117.2 117.2 117.2 117.2 117.2 117.2 117.2 127.3 139.1 147.7 152.7
581.9 577.7 575.6 570.8 563.4 553.9 549 552.6 552.2 549.9 547.7 547.2 545.1 530.2 511.9 506.5 497.9 487.3 476.2 464.3 453.9 443.2 434.6 422.6 406.3 386.5 378.3 370.6 359.4 346.8 334.6 324 313.4 301.5 291.5 282.8 272.6 263.1 253 240.2 232.9 251 251 251.3 249 244.8 242.6 239.9 236.1 230.7 223.8 217.1 207.5 195.8 186.7 175.2 164.4 155.6 144.6 135.2 123.8 117.2 117.9 117.2 117.2 117.2 117.2 117.2 117.2 117.2 117.2 117.2 117.2 117.2 117.2 124.4 131.6 130.8
595.3 588.9 588.2 583.8 575.8 561.2 569.2 568.4 565.5 563.2 562.6 564.2 556.9 545.8 519.2 511.4 504.3 497.2 488.8 472.8 456.3 444.6 429.1 419 405.1 395.3 390.7 381.4 365.2 352.1 340.2 329.7 319 308.7 299.2 290.3 279.1 268.5 253.9 241.8 259.3 263 262.9 261.4 258.5 255.5 253.9 251.6 247.6 243.1 237.2 230.7 220.6 212.4 202.5 190.1 180.5 172.6 163 153 141.8 131.7 123.7 122.5 121.3 119.5 118.4 117.2 117.2 117.2 117.2 117.2 117.2 117.2 117.2 117.2 117.2 117.2
605.1 601.7 599.5 595.9 588.1 578.5 585.4 581.2 578.3 580.5 582.2 582.2 572.8 553.2 530.8 519.4 513.9 508.8 499.2 488.4 473.1 452.6 436.2 421.7 411 408.7 403.8 381.5 367.6 356.3 344.7 334.2 324.2 315.3 306.9 296.7 284.7 270.2 251.8 270.3 273.7 274.9 274.2 273.2 271.2 268.4 267 263.1 260.6 256.7 251.9 244.2 235.3 226.8 216.5 204 194.5 187.8 179.7 169.5 158.1 147 138.9 131.3 126.8 123.9 120.7 117.2 117.2 117.2 117.2 117.2 117.2 117.2 117.2 117.2 117.2 117.2
627.5 612.8 610.2 606.8 599.6 593.9 595.6 592.8 593.2 602.5 606.1 598.2 582.8 567 545.9 533.7 522.2 516.5 498.5 482.8 466.4 455 443.6 431.4 422.3 413.8 397.6 384.7 370.8 358 347.2 337.8 328.2 319.7 311.1 301.3 288.3 269.6 271.6 284.6 283.5 284.3 284.7 284.6 284.2 282.2 279.7 275.5 272.9 268.5 264.5 257.1 248.9 239.2 229.7 219.1 208.6 199.8 193.1 184.7 174.5 163.4 152.2 141 132 125.6 121.6 117.2 117.2 117.2 117.2 117.2 117.2 117.2 117.2 117.2 117.2 117.2
650.1 633.9 622.3 618.9 603.5 607.2 608.8 611.1 618.6 630 630.3 624.9 614.3 595.7 565.1 554 544.2 523.5 498.4 480.3 467.7 456.4 446.5 435.3 426.5 416.4 404 386.1 373.4 360.7 349.7 337.3 328.7 319 310.7 303.7 292.5 274.9 296 295.7 293.4 294.2 293.7 293.7 293 292.2 290.7 288.6 284.7 280.6 274.9 270.8 262.5 251.9 244.2 234.7 224.3 213.3 202.9 194.3 185.7 175.2 163.1 150.1 143.6 132.5 124.3 117.2 117.2 117.2 117.2 117.2 117.2 117.2 117.2 117.2 117.2 117.2
667.7 656 638.4 628.7 622.4 626.7 633.6 637.6 647.4 658.7 657.9 651 635.1 615.3 588.5 564 543.7 524.9 502.4 481.6 467.6 457.3 445.7 434.3 423.3 410.6 398.6 386.3 372.5 356.6 346.5 336 329 318.3 314.4 309.1 298.8 292.1 308.4 306.7 307.2 305.9 306.7 304.7 305.3 305.5 304.3 303.1 299.8 294.6 289.1 283.6 274.1 266.1 258.3 249.7 239.8 228.1 215 201.5 191.7 182.1 169.7 161.2 155 146.9 137.3 125.4 117.2 117.2 117.2 117.2 117.2 117.2 117.2 117.2 117.2 117.2
696.4 682.7 658.6 653.8 656.8 660.9 660.3 664.5 669.1 677.2 678.1 670 661.4 626.3 601.1 571.3 543.9 521.3 509.7 489.7 469.7 456 445.6 434.3 422.1 408.9 401.1 389.7 378.3 366.3 355.2 342.2 334.3 326.7 321 315.1 310 317 321.1 322.8 320.1 320 320.7 320.7 319.7 319.9 318.1 318 314.2 307.6 302.3 295.8 287.4 280.6 270.8 262.4 253.7 242.1 227.8 212.7 197.3 184.1 174.2 171.8 165.2 154.8 145 135.1 126.3 117.2 117.2 117.2 117.2 117.2 117.2 117.2 117.2 117.2
704.9 688.3 674.6 673.7 673.2 674.5 687.8 691.9 692.4 693.2 693.9 694.4 680 641.7 621.2 596.7 561 528.8 512.2 500.7 478.6 460.3 450.7 438.7 425.8 418.3 412.2 400 389.6 379.8 368.8 355.8 344.8 328.6 328.4 322.1 335.4 332.3 336.4 337.4 336.7 338.7 338.7 338.9 335.3 335.8 335.3 333.6 329.1 325.8 320.1 311.8 301.5 296 285 273.3 263.6 251.8 239.2 224.1 205.8 195.1 189.9 181 173.4 161.8 152.4 143.6 135.8 126.7 117.2 117.2 117.2 117.2 117.2 117.2 117.2 117.2
704.1 688.1 682.8 689.5 688 691.6 699.9 699.8 702.8 704.8 703.4 703.1 696.7 661.5 640.3 610.9 576.8 549.7 520.9 507.6 489.7 469.7 459.9 448.3 438 429.1 422.9 413.7 399.8 387.9 375.8 365.1 354.6 344.9 337.1 337.6 348.6 345 349.7 351.2 354.2 354.4 353.4 354.2 351.8 352.4 351.8 348.1 343.7 342.4 338.2 330.3 320 309.9 299.1 285 270.9 259.2 247.4 235.8 224.8 214.9 203.4 193 180.8 168.9 155.9 147.5 143.5 136.5 122 117.2 117.2 117.2 117.2 117.2 117.2 117.2
700 691 694 695.8 692.7 699.8 702.7 700.5 704.3 708.5 706.1 706.7 704.3 673.3 657.4 625.4 589.5 565.5 536.2 508.4 490.5 479.5 472.5 464.6 451.6 437 423.9 414.8 403.9 393.1 381.5 368.1 359.1 353.1 344.2 356.2 361.7 355.5 362.7 365.9 370.1 371.1 373.1 373.6 374.2 371.5 370.1 366.6 362.3 360.6 357.3 350.2 340.5 328.8 315.8 299.5 281 266.4 258.6 248.7 241.9 233.8 218.7 208.2 194.8 184.6 171.2 160.4 152.7 145.3 136.1 128.9 120.1 117.2 117.2 117.2 117.2 117.2
695.8 697.4 699.2 702.1 699.2 701.9 700.9 696.9 696.9 702.8 702.6 697.3 708.7 695.1 666.8 636.9 612.6 584 541.8 524.4 504.7 489.9 481.9 470.8 457.5 443.2 430.1 421.9 410.6 394 381.5 368.9 362.9 360.8 356.8 367.7 373.7 369 376.8 380.6 384.8 388 391.5 395.2 397.5 397.8 397 391.5 383.8 379.9 376.8 370.7 360.1 346.9 332.7 315.9 298.9 279.4 270.5 261.7 257.1 250.5 241 228.8 214.8 199.2 184.5 174.9 165 153.9 146.9 139.4 130.6 122 117.2 117.2 117.2 117.2
698.1 697.3 702 705.4 704.1 705.9 702.5 696.6 692.1 695.3 694.2 678.7 697.1 695.9 682.9 655 622.9 589.8 557.1 530.6 510.2 492.8 481 469.6 458.5 445.4 433.5 421.8 405.1 390.1 377.3 371.8 370.8 372.4 372.4 373.1 381.1 376.6 390.6 397.7 401.7 406.2 412.1 413.7 421.4 420.3 419.4 408.7 398.5 399.9 395.4 387.4 377 363.6 348.8 332.3 315.6 299.8 285.7 274.9 269.4 264.1 259.1 247.6 232.5 215.1 200.1 186.9 176.7 168.1 162.4 153.8 144 136 127.5 124.4 117.2 117.2
704 700.7 707.3 708.7 703.3 699.4 697.5 692.2 685 686.8 680.1 661.8 680.5 681.3 672.3 663.9 639.6 611.5 576.9 546.5 518.5 507.5 489.6 475.3 463 448.4 434.2 420.7 407.6 398.8 388.3 378.2 382.5 386 386.6 383.4 389.1 391.2 401.7 410.1 416.3 425.8 433.5 439.8 440.2 442.4 439.4 432.3 423.5 417.5 410.6 400.7 389.2 376.5 360.9 343.2 326.9 313 304.8 296.9 289.3 283.2 275.5 263.5 245.8 225.8 210.6 199.1 188 182.8 176.9 168.8 158.8 147.7 140.1 135.5 126.4 124.5
714.5 706.8 712.1 712.7 703.2 692.6 687.3 682.5 671.4 670.5 664.4 651.7 651.5 656 664.3 661.3 657.9 642.8 605.4 568.8 538 520.7 505 484.4 466.9 449.6 436.3 423.5 416 406.7 396.7 389.3 396.6 401.8 401.3 398.8 404.1 405.4 410.5 421.7 429.3 440.2 449.4 459.5 461.7 461.1 460.1 454.2 444.6 432.4 422.4 411.1 398.6 384.6 369.2 348.7 330.3 324.2 320 316.9 310 303.9 293.6 278.3 259.4 238.5 221.3 210.7 203.5 198.3 192.6 182.5 172 159.9 154.4 148 142.7 136.2
721.7 714.6 715.5 713.7 704.2 686.2 677.2 667.4 655.5 651.4 646.9 635.1 636.6 646.8 651.4 656.8 667.7 663.8 630.3 588.9 564.3 534.5 516 486.5 464.5 452.7 439.5 430.5 421.4 413.8 404.9 407.2 413.4 418 417.2 412.9 419.6 420.2 421.1 435 442.4 454.6 465.6 476 484.9 480.2 482.2 474.3 464.4 446.8 431.5 416.5 403.8 390.7 376 356.2 342.8 342.7 340.5 336.2 329.9 322 310.3 293.7 272.2 255.2 243 234.3 225.2 217.6 210.8 202.2 188 174.1 164.4 161.9 156.2 150.6
722.2 714.4 714 712.6 701.3 683.7 669.4 658.7 646.7 633.9 626.2 618.8 621.6 633.2 636.5 646.7 660.3 664.6 633.7 599.3 581.2 554.4 536.5 504.4 485.8 466.3 448.1 435.8 431 422.9 421.4 422.8 430.8 434.1 434.2 430.2 434.9 437.4 436.6 447.5 457.2 467.7 484.5 498.9 494.9 494.2 499.3 494.8 478.4 459.6 437 417.9 402.9 395 381.3 365.1 362.6 359.1 356.8 353.8 347.5 338.7 324.9 308 290.1 274.8 260.2 254.5 245.2 235.2 229.3 220.9 207.9 193.1 183.3 174.6 168.9 161.9
719.9 710.1 709.4 709.2 697.8 677.4 661.1 652.8 640.4 626.8 614 605.8 608 613.1 625.6 639.5 644.3 648.8 636 628.7 605.2 580.4 561.1 521.9 497.9 486.6 465.6 448.3 442 440.2 437.7 437.4 445.3 450.1 450.5 447.6 449.7 453.9 454.9 459.6 472.7 484.9 505.9 515.1 515.3 514.2 511.8 511.9 494.9 468.9 441.2 430.6 412.8 401.8 392.6 385 382.8 378.8 377.1 374.2 366.2 353.9 341.5 325.9 307.9 288.2 279.5 274.1 264.7 254.6 248 239.6 226.7 212.4 202.1 190.5 180.4 171.1
718.2 706.3 704.5 701.8 693.7 668.2 651.8 644.8 629 616.2 603.3 594.9 595.3 595.6 612.3 630.1 631.8 636.9 627.6 624.5 610.4 594.7 566.9 541.9 514.1 499.8 485.2 462 455.2 454.7 453.3 448.3 458.8 464.9 467.2 464.8 464 469.1 471.7 473.5 485 504.4 522.6 531.8 531.2 529.9 523.4 513.3 492.6 481 461.6 447.7 430.5 419.3 416.7 410.4 407.3 404 412.3 408 388.2 372.7 359.1 343.9 326.2 306.9 304.3 295.1 282 271.8 265.3 257.3 244.2 230.1 216.7 203.7 192.6 179.8
716.4 704.3 699.6 696.1 684.5 655.2 636.6 631.4 616.9 606.7 596.9 584.7 581.4 584.7 591.5 606.9 611.9 617 612.3 614.2 608.6 602.9 589 560.8 534.9 510.5 494.6 475 468.7 469.2 467.8 462.8 469.6 477.9 485.7 484.9 477.5 482.5 488.7 489.9 494.7 507.8 527.1 541.5 546.1 535.1 534.3 524.2 509.8 500.5 480.4 460 444.4 436.7 432.1 433.9 440.7 435 450.3 433.3 410.9 397.1 380.4 369.6 356.4 347.9 346.6 330.6 308.1 294.4 285 275.7 261 246.8 231.5 217.5 208.1 194.1
