WholeMapElevations/data/sd/sd69_OST50GRID_20230518/SD69.asc
ncols 200
nrows 200
xllcorner 360000
yllcorner 490000
cellsize 50
[rows 140 to 174 of 200, columns 0 to 77 of 200]
264.3 265.3 262.3 258 257.1 260.9 264 267.1 270.5 273.3 277.1 283.2 285.2 285.3 286.4 291.5 290.6 290.1 290.5 286.4 278.1 270.3 269.4 273.2 272.5 268.8 263.9 254.7 247.2 242.9 236.9 232.7 232.2 229.4 226.6 227.5 230.6 232.8 230.9 230.5 232.1 233.5 234.7 235.8 236.3 238.4 235.8 236 233.6 231.1 228.8 220.2 209.5 197.6 185.9 174.9 166.3 152.3 133.5 111.7 100.3 105.3 122.8 117.8 114.1 124.7 128.9 132.1 131.5 133.4 141.7 143.7 151.2 160.1 166.7 176 180 183.8
263.9 262.6 259.1 255.4 255.3 258.2 261.2 263.9 266.9 269.4 274.6 279.5 280.8 280.9 281.5 284.4 284.8 283.5 281.3 278.4 273.2 268.4 264.4 267.4 266.6 263.5 260 249.3 241.2 236.9 234.6 232.7 228 225.9 225.9 226.6 229.5 230.7 230.2 229.5 225.9 228.6 231.2 231 230.7 232.5 231.6 232.5 233.4 232.7 229.4 220.4 209.6 194.1 180.8 170.4 158.2 144.9 134 112.4 100 105 111.3 118.1 120.4 124.1 126.3 128.7 127.5 130.8 137.5 142.6 151.5 158.7 164 168.8 169.4 172.1
261.6 258.7 255.2 251.4 253.4 255.8 257.5 260.9 265.3 266.7 271.3 275.6 276.9 277.8 277.9 279 278.7 276 273.2 270.7 266.6 264.6 262.2 261.9 261.4 259.2 254.9 246.8 236.9 234.9 234.8 232.8 226.3 224.1 226 227 226.6 226.6 224.5 226 221.7 223 225.5 225.4 224.5 224.8 227.2 232.5 235.1 236.1 230.7 220.3 208.5 192.8 178 161.4 149.4 140.2 125.9 112.4 101.2 102.4 104.6 111.4 119.7 122.8 124.1 125.6 125.1 130.9 133.3 142.3 154.2 156.7 157.8 160.2 162.6 166.1
255.7 252.2 248.6 248.7 250.5 252.2 254.4 258.6 264.3 268 271.4 274.9 277.7 278.6 279.1 278.5 275.8 268.1 265.9 265 262.1 261 259.5 256.8 254.7 253.4 249.1 241.1 235 233.5 233.6 231.7 224.9 222.5 226.6 227.1 224.1 221.8 218.1 216.8 216.4 217.2 220.1 219.7 219.2 218.9 226.2 233.3 239.2 245.1 232.5 215.7 205.9 191.7 171.7 153.6 140.4 129 118.2 108.6 102.5 103.6 104.4 110.3 116 119.3 122.4 122.8 123.5 127.7 137.1 147.4 151.5 151.7 149.4 150.2 154.2 161
249.2 246.4 246.7 248 249 250.6 255.1 260.9 268.5 272.2 275.3 278.3 281 282.8 284.1 282.3 276.5 268.2 262.9 260.5 259.8 256.4 255 251.5 252.2 246.7 239 238.2 234.5 234 231.3 228.2 222.4 223.4 226.4 225.6 220.8 217.2 214.9 213.5 214.4 213.7 213 214.7 213.6 215.2 224.3 231.1 238.1 242.7 226.4 214.8 204.9 188.9 165.7 147.4 133.2 122.3 113.5 106.2 104.3 102.3 103.7 106.4 109.1 108.3 113.9 120.6 125.9 133.3 141.8 148.8 146 147 143.1 146.5 148.9 156.2
249.4 251 249.4 248.6 248.6 249.5 255 265.4 272.4 277 281.5 284.2 285.1 286.8 287.6 281.9 275.3 268.9 264.5 260.7 254.8 251.5 248.2 244.5 242.7 237.1 236.1 233.2 232.8 231.7 228.9 224.8 220.3 222.7 224.5 222.5 217.3 212.8 211.6 210.1 210.9 212 209.6 210.2 209.4 209.8 218.4 226.2 228.5 223.6 217.1 212.2 201 184.7 165.7 148 133.4 118.4 108.7 105.3 104.4 99.7 103.5 104.8 112.6 110.7 117 130 125.3 136 142.6 142.1 137.6 139.8 142.2 143.2 143.2 148.8
252.8 254.2 253.5 251.7 249.5 249.4 255.8 269.8 277 281.2 284.2 284 282.8 284.2 286.3 279.5 272.5 266.8 263.1 259 253.6 251.6 242.9 238.8 234.6 231.6 229.7 231.6 234.5 232.1 227.9 221.3 219.9 221.6 221.6 218.8 213.2 208.1 207.4 207.1 209.4 210.9 208.6 208.9 208.2 209.4 212.7 217.3 215.8 208 203.1 196.7 186.4 174 156.9 141.2 126.3 114.3 107.7 104.8 104.6 100.6 102.6 105.8 118.9 121.4 127.5 132.9 128.7 127.5 136.8 133.9 130.4 139.9 142.3 139.5 138.6 144.7
256 256.5 255.5 253.8 251.1 251 259.2 268.8 274.6 278.8 279 276.4 276.6 276.6 277.3 272.4 267.8 263.2 260.1 255.1 252.7 249.1 241.6 234.4 230.4 227.1 227.7 233.9 233.9 229.6 225.3 218 218.2 217.8 217.8 214.5 209.5 206.9 206.6 207.3 210 208.9 207.8 208.2 206.6 205.4 205.9 204.9 202 196.7 188.2 178.1 169.1 156.1 144 130.5 119.2 108.8 109 104.7 104.5 103.8 99.4 105.2 111.8 118.7 123.8 127.2 127.1 130 124 127 136.7 140.3 136.6 133.2 137.4 144.3
260.5 259.6 256.9 254.7 251.4 251.7 258.1 263.3 267.7 267.4 264.1 260.3 263.6 266.1 266.7 266 262.1 258 255.8 251.4 249.9 245.7 238.9 231.6 227.9 225.4 229.6 233.4 231.5 226.1 221.9 216.8 214.4 213.7 213.5 211 207.5 206.4 207 207.5 209.2 207.9 207.8 207.2 201.2 196.5 196.1 191.3 186.7 178.4 168.6 158.3 150.8 140.6 131.9 120 112.5 108 109.8 105 103.7 103.4 98.6 104.7 111.9 115.6 120 121.9 122.4 122.8 122.2 122.1 133.1 131.2 128.4 131 136 138
261.8 260.2 256.8 253.9 250.9 250.1 252.2 253 254 254.5 254.4 253.4 254.8 255.7 257 256 253.7 251.8 250.6 247.5 246.1 240.5 236.2 229 225.4 223.3 228.6 230.4 227.5 222.1 219.3 215.6 211.2 207.2 207.2 205.6 206.5 207.4 207.8 207.8 207.8 207.5 206.1 203.2 194.5 186.4 183.9 178.6 170.9 159.7 150.8 143.8 136.3 129 123.1 114.3 110.9 107.2 106.3 105.3 102.8 103.1 98.6 104.9 114.1 117.1 118.7 118.9 117.6 117.4 122.2 124.8 122.4 119.6 124.1 130.1 130.4 129.8
258.7 256.3 254.4 251.9 249.3 246.6 245.3 245.2 244.9 246.5 248.4 248.3 248.5 248.7 247.1 246.8 246.5 245.6 245.3 243.3 241.2 235.4 231.4 227.7 221.8 223.2 225.6 225.2 221.6 217.9 215.2 210.9 207.9 202 202.1 203.3 206.1 207.8 206.4 205.3 205.6 206.2 203.1 196.9 186.5 175 167.8 160.3 153.2 147.6 141.5 134.7 130.2 123 119.9 112.2 109.8 107.1 105.9 111 110.6 106.3 100 104.2 114.6 115.4 116.7 116.2 112.7 117.3 118.5 113.9 113.7 115.7 120.6 124.2 123.9 123.5
254.1 252.1 250.5 249 247.2 243.6 239.2 238.1 237.9 238.1 241.5 243.2 243.4 242.7 241.5 240.7 239.5 239.6 237 237.7 234.8 229.5 225.4 221.7 219.1 220.2 221 219.7 216.4 212.2 209.2 204.9 203.9 199.6 197.6 202.6 205.9 207 205.9 203.8 204.8 206.1 199.5 190.1 175.8 163 152 148 143.1 139.9 134.6 131.3 125.9 118.4 113.8 112.2 111.3 109 112.2 119.5 121.3 117.2 109.7 98.6 108.1 108.7 107.1 106.9 110.5 110.8 107.5 106.5 109.2 117 122.6 121.6 120.5 120.3
245.9 246.6 246 245.7 246 246.6 241.7 232.5 231 231.7 234.3 237.6 238.4 237.7 236.7 234.5 233.2 233.2 232 232.4 229.4 224.6 220.3 218.2 216.7 217.6 217.5 215.9 213 208.5 205.9 201.1 198.1 194.2 197.6 202.7 205.7 205.9 205 203.8 204.1 202.1 194.6 181.5 160.4 149.8 140.8 136.4 130.4 129.9 126.5 126.2 122.9 116.3 113.1 112.3 112.5 111.5 115.4 119.8 117 113.1 106.9 97.8 102.9 105.7 107.8 111.1 107.2 104.6 104.9 105.4 106.9 114.3 118.8 119.3 117.7 116.9
237.9 240.9 242.1 244.6 247.9 245.3 238.6 232.2 226.8 228.6 229.5 232 232.6 232.9 232.8 233.1 233 229.9 228 226.9 223.5 219.3 215.8 214.3 214.9 217.4 218.3 216.2 211.8 206.7 202.6 197 190.5 191.5 196.1 199.9 202.7 202.3 201.5 200.7 199.3 194.3 185 171.2 151.7 140.2 131.1 127.5 122.4 119 118.3 122.6 122.7 119.8 112.6 111.4 111.8 112.5 116.3 116.5 111.5 106.6 102.2 97.4 101.4 104.6 108.8 104.3 104 106.4 108.5 108.6 110 111.3 112.6 112.1 113.6 116
234.6 236.6 239.3 243.7 248.9 243.6 236.7 230.5 226.2 224.9 224.3 225.8 225.9 229.1 234.8 238.2 234.2 228.1 223.9 222.1 219.2 215.7 212.6 212.4 214.7 217.3 217.2 214.4 209.9 204.4 199.5 190.1 181.4 187.4 191.5 194.9 197.8 197.3 196.3 195.4 193.3 187.7 176 161.5 144.3 131.9 121 118.5 118.1 116.2 119 126.8 128.2 124.1 114 111.4 115.4 118.6 111.8 110.2 105 102.2 102.3 97.2 101.2 105 108.8 104.6 106.9 109.6 108.1 107.9 107.7 107.1 108.1 110 112 122.3
233.4 233.2 236.7 243.5 247.1 242.2 233.3 227 224.4 224.1 222 221.4 223.2 231.3 239.2 239.6 232.7 226.2 219.8 218.8 216.7 213.4 210.6 212.3 215.3 217.3 215.1 211 206.9 201.9 196.5 185.5 173.2 177.3 181.7 186.6 189.6 191 190.2 189.5 185.9 179.4 166.4 152.5 139 125.4 117.4 114.1 112.1 112.2 120.4 129.1 128.4 122.2 112 112.9 113.2 111.5 108.6 102.7 102.1 101.8 101.1 97 101.8 106.1 110.7 109.3 109.1 109.1 108.3 108.2 108.9 107.9 108 108.7 112 124.2
231 230.1 234.7 239.9 241.7 236.3 226.7 222.6 222 224 221.3 220.2 222.4 231.6 238.1 236 229.8 221.6 219.1 218.7 214 210.5 208.5 213.1 217.5 217.1 212.6 207 203 199.6 193.3 181.3 171.5 165.8 169.9 174.2 178.3 183 183.4 182.7 178.2 168.9 159.1 144.8 136.4 121.9 114.3 111.5 109.7 113.6 123.3 128.3 125.5 117.7 112.6 108.9 104.1 102.3 101.2 101.2 101.4 96.2 96.8 100.7 107.4 109.9 110.5 110.5 110.5 117.2 119.8 113.5 108.9 106.9 107.1 107.5 110.6 124.6
227.3 229.2 232.5 236.1 235.7 229 221.7 221 220.8 223.4 222.4 219.4 221.8 230.3 231.7 229.8 223.3 221.4 224 222.6 215 208.9 207.3 214.7 218.6 216.7 210.9 203.1 200.8 198.2 189.5 177.6 168.4 162.1 161.7 162.4 165.7 174.2 175.9 175 170.8 161.8 155.3 142 134 118.7 110.8 109.1 110.2 117.1 120.8 124.3 120.5 112.8 111.4 109.8 101.6 100.8 101.2 98.8 96.2 97.6 109.6 112.6 110.5 109.3 109.7 110.2 117 121.3 122 117.9 111.8 106.2 106.1 106.4 111.4 123.1
222.8 225.5 229.9 230.3 227.6 222.6 221.4 221.1 220.4 221 219.6 218.5 220.7 223.7 221.4 219.9 219.5 225.6 228.5 224.4 217 207.6 208.2 215.6 213.8 211.8 206.7 200.9 201.1 196.8 189.4 179.6 170.8 160.4 159.2 157.9 157.6 165.1 168.6 168 164.5 157.1 149.6 137.5 129.3 113.8 108.3 110.3 113.4 120.4 120.4 111.6 108.2 107.4 106.1 102.1 100.3 100.4 96.2 98.1 99.5 107.4 112.4 109.2 106.6 107.6 109.1 116.4 125.7 129.1 123.8 119.9 111.9 105.7 104.9 105.6 112.3 123.2
220 222.9 225.6 225.4 222.4 220.7 221.4 224.2 225.5 224.5 223.3 219 217.8 217.2 215.9 215.2 221.6 228.6 231.1 224.7 217.1 207.9 206.8 210.9 207.3 203.6 200.4 198.1 200.7 195.6 188.6 180.5 170.4 159.8 158.2 156.6 155.6 156.7 161.8 163.2 159.2 152.3 141.9 128.7 121 108.2 107.6 110.1 114 116.9 110.6 106.2 102.9 101.7 101.8 100.2 99.8 95.6 98.9 99.6 105.2 110.4 108.6 110.6 112.2 110.1 114.6 124 130.9 130.1 123.8 115.7 107.3 105 103.8 105 112.4 120.2
217.3 218.1 220.1 220.9 219.6 220.7 224.8 228.4 231.1 231.4 224.7 217.3 213.9 212.5 213 217.2 222.8 229.3 231.3 224.6 216.1 209.1 198.9 204.6 200.6 196.2 192.8 195.7 199.9 194.7 185.5 177.8 169.6 161.5 157.7 157.1 154.5 154.4 156.2 159.5 155 147.1 136 120.1 113.4 107.9 107.2 107.6 111.2 109.1 104.2 101.5 99.3 99.3 99.5 97.8 94.9 98.2 99.2 101.1 107.8 107.6 110 111.7 112.5 111.9 119.7 126.5 126.9 123.6 119 111.9 105.9 103.7 102.4 105 110.6 118.3
215.8 216.8 216.8 217.3 220 223.7 229.2 233.3 235.6 232 224 216.5 212 212.2 214.3 218.3 222.8 228.4 231 224.8 215.4 206.5 196.9 196 190.9 189.8 186.8 193 198 193.5 183.3 175.7 168 162.9 161 160.2 155.8 153.5 156.5 158.3 151.2 141.3 129 112.1 108.7 108.7 107.7 109.4 105.5 104.1 102.6 110.5 110.2 102.4 99 98.8 95.1 98.6 99.7 104.8 106.3 108.6 109.8 110.5 109.3 113 121.1 123.3 122.6 121 116.2 106 103.9 101.2 102.9 104.8 107.8 115.2
214.3 214.6 215.5 216.3 220.8 226.9 233.1 239.3 236 231 221.8 216.1 211.4 211.8 213.7 220.5 223.2 226.9 229.6 224.9 211.6 206.5 201.8 192.5 185.8 184.5 183.8 188.7 191.2 189 182.1 171.1 163.5 160 160.6 160.1 153 156.9 159.3 156.8 147.4 134.2 119.4 110.6 110.2 108.9 107.7 105.9 104.8 104.3 107.9 111.6 110.1 107.4 98.2 98.2 94 98.7 101.1 106.1 105.5 105.7 109 106.4 108 114.8 118.1 118.9 121.7 119.1 109.6 103.1 102.5 100.1 100.6 103.1 106.3 114.6
212.4 216.7 219.1 219.2 219.9 229.8 238.8 240.3 235.5 227.4 218.8 212.8 211 211.3 213 219.8 221.7 225.5 228.1 225.3 220.7 213.2 206 200.8 189.4 185.1 182.7 179.2 182.7 181.3 173.5 161.5 157.3 155 157.3 156.9 146.9 157.2 157.1 149.9 141.1 128 115.5 112 110.7 109.6 107.8 106.6 105.5 105.1 109.7 111.2 112 109.7 97 94.4 97.8 99.3 104.2 104.8 104.2 104.4 105.5 103.6 109.2 114.7 117.7 119.9 119.5 112.3 104.8 104.7 103.2 99.4 97 100.1 106.2 112.8
217 223.3 222.5 220 220.8 228.3 233.6 235.5 229.5 220 214.3 211 211 211 214.9 221.9 225.3 229 230.3 226 222.4 216 209.6 203.6 196.8 189.3 185.6 186.6 177.1 169.1 162.9 158.6 155 148.5 152.2 146 146.2 154.8 150.3 144.1 133 121.2 113.4 112.4 112.1 110.5 108.3 107.4 106.3 105.8 107.8 112.3 111.5 100.2 94 95.3 98.9 105.3 110.7 105.7 103.4 103.4 102.4 103.5 110.3 113.1 115.7 115.6 111.4 105.9 111.3 113.9 108 98.2 96.4 97.6 109.2 116
221.6 224.6 221.3 218.4 218.9 224.1 227.2 223.4 219.8 213.5 211 211 211 211 217 224.1 229.8 232.7 234.2 227.6 226.3 220.1 215.8 207.3 201.2 193.4 190.3 192.2 185 176.1 168.5 162.9 160.4 150.3 143.9 136.7 140.6 147.2 143.1 131.6 119.8 115.9 114.7 112.9 111.6 110 113.6 111.6 108.2 106.6 106.5 111.7 104.9 92.5 93.8 98.9 106.4 114.4 109.3 105.1 103 102.1 102.7 106.8 112.5 112.2 111.5 109.8 103.9 108.7 116 110.4 100.4 94 95.1 98.9 110.3 119.6
222.4 221.9 217.2 213.7 211.2 216.3 216.7 212.1 211 211 211 211 211 211.4 218.4 225.8 232.4 234.2 234.3 229.1 226.5 224 218.9 212.4 204.9 196.2 197.8 196.7 189.4 182.5 176.1 167.7 161.9 154.3 146.7 142.1 133.1 136.9 130.2 120.7 117.1 119.2 114.4 113 111.7 113.5 118.8 111 107.7 107.5 109.5 106.2 94.1 93.6 98.7 112.9 119.4 111.5 104.9 105.2 104.5 102.9 105.1 107.5 106.6 107.9 102.7 99.7 102.4 112.3 116.8 106.2 94.5 93.2 93.4 99.1 108.5 118.8
222.9 217.5 213.3 211 211 211 211 211 211 211 211 211.4 214 215.6 220.9 227.6 232.9 234.6 232.5 229.8 226.4 226 221.5 218.7 214.1 206.3 206.5 202 194.4 190.4 183.1 175.7 169.4 161.8 155.8 151 141.3 129.7 122.7 123.7 126.4 121.6 113.8 112.3 112.3 116.3 114.2 107.2 106.9 110.3 102.3 96.6 93 97.5 108.5 118.6 114.2 105.7 103.4 104.1 103.7 103.3 101.5 100.6 100.4 101.7 99.8 99.9 107.4 111.4 108 100 92.9 92.7 93 98.3 109 116.9
220 211.6 209.4 211.4 212 211 211 211 211 211 211 211 214.9 219.1 223.4 229.1 232.8 231.8 233.9 234.5 231.5 228.3 224.7 222.6 219.3 216.4 213.1 205.8 198.1 194.6 191.7 185 178.8 172.2 166.1 160.4 146.4 136.4 131.6 132 127.1 118.3 113 112.3 111.5 112.8 112.1 105.9 101.5 97.9 96.8 89.4 96.6 102.8 112.1 112.4 105.5 102.7 102.2 101.6 101.7 103.2 103.4 104.2 98.9 97.7 99 101.7 105.3 104.2 100.5 95.1 92.6 92.4 92.7 98.7 109.8 116.5
211 208.1 211.6 217.1 218 214.4 211 211 211 211 211 211.6 214.8 219.1 224.1 227.7 229.2 230.7 235.9 236.8 236.2 237.9 233.7 232.8 230.7 226 218.4 211 205.8 207.9 202.8 195.2 189.2 183.4 177.7 169.9 150.4 138.9 135.9 130.6 122.2 114.6 113.7 112.9 112.1 107.1 105 105 96.9 96.8 89.4 96.1 97.3 109.7 109.4 103.5 102.4 101.7 102.2 102.5 102.9 103.9 110.1 108.8 98.8 98 100.2 100.5 101.5 100.7 98.9 94.2 92.3 92.5 93 99.4 107.2 112.8
207.6 209.7 211.8 220 220.8 212.5 211 211 211 211 211 213.7 218.2 220.5 223.3 224.8 229.4 236.2 241.9 244.5 248 244.4 243.5 240.3 236.9 231 223.2 218.8 216.5 217.5 210 202.5 200.4 195.9 187.6 174.2 154.1 143.4 135.8 128.9 120.5 114.2 116.3 118.8 112.4 107.3 99.8 96.5 96.3 91.7 93.9 96.3 105.6 107.7 104.4 102.1 103.3 107 109.5 107.5 104.8 108.2 108.5 104.7 97.4 99.2 99.6 98.2 100.3 96.1 92.3 92.1 92.4 92.6 93 95.8 100.4 98.9
212.9 215.5 215.3 222.3 219.8 211 211 211 211 210.8 212.6 215.3 217.3 219.7 220.3 222.2 229.8 236.6 241 245.7 248.9 249.7 247.6 243.5 238.4 232.6 225.9 226.3 228.3 226.8 216.4 211.8 211.7 202.5 191.7 173.6 156.1 146.9 136.5 128.4 121.2 116.8 118.4 118.2 111.1 106.9 98.1 96 95.7 91.9 95.6 102.3 102.1 101.6 101.7 103 108.8 113.2 111.5 107.2 104.9 102.4 98.4 94.6 93.6 95.5 93 94.2 95.9 91.9 92.1 92.3 92.4 92.8 93.1 93.4 93.8 93.7
214.2 214.9 217.1 221 216.7 211 211 211 211 211.1 212.1 213.2 215.7 217.9 219.5 222.7 232.1 235.8 240.9 245.2 249.2 252.1 253.6 249.6 240.4 235.4 230.3 232.3 232.1 227.1 222.2 219.3 216.5 203.2 190.1 169.3 151.8 143.5 134 125.4 116.9 115.6 117 114 106.8 101.5 96.1 95.3 88.1 94.6 95.6 100.5 100.2 101.8 106.2 108.9 110.5 107.4 101.8 99 98.1 96.9 95.6 95 92.7 97.4 92.5 91.3 91.5 91.8 92.4 92.5 92.5 92.8 93.1 93.6 93.6 93.8
214.1 214.9 215.9 216.3 211 211 211 211 211 211 211.2 212.1 214.6 217.9 220 225.8 230.6 234.8 239 242.8 246.7 249.5 249.5 244.6 240.2 236.2 233 233.6 231.2 228.5 226 219.2 214.5 203.9 187.1 164.7 149 140.2 131.6 122.5 115.2 113.5 114 107.6 101.9 97.7 95.1 95 91.3 95.8 95.4 98.4 97.8 104.9 107.9 109.5 106.4 98.3 97.7 97.5 94.3 90.9 92.3 93.2 93 92.5 90.6 90.9 90.2 92 92.2 92.3 92.5 92.7 92.9 93.3 93.6 93.9
214.7 214.4 213.6 211 211 211 211.3 211.3 211 210.4 210.5 210.6 213.3 215.3 217.1 222.1 227.1 232.2 237.1 240.9 244.2 245.5 244.7 242.3 238.8 235.3 233.1 231.6 230.8 231.2 230.8 223.5 217.1 202.2 180.8 158.6 146.9 136.2 127.9 122.2 118.4 116 110 103.5 99.7 97.7 99.6 86.8 94.9 95.1 95.6 96.8 100.1 104.3 103.8 103.4 100.4 97.5 98 96 93.1 90.9 92 91.8 89.4 89.1 89.1 89 89.3 91.5 91.9 92.2 92.5 92.7 92.9 93.8 93.8 94.2
