WholeMapElevations/data/nt/nt31_OST50GRID_20230518/NT31.asc
ncols 200
nrows 200
xllcorner 330000
yllcorner 610000
cellsize 50
[rows 140 to 174 of 200, columns 78 to 155 of 200]
358.3 358.7 358.5 358.4 358.7 359 356.9 355.3 356.2 356.5 356.8 356.6 354.6 352.5 349.9 348.1 348.2 346.4 341.9 338.9 336.1 335.8 335.7 334.8 335.8 338.3 341.7 343.7 345.8 348.2 352.5 354.5 353.3 351.8 350.9 349.8 348.5 346.5 344.6 343.4 341.9 340.5 340 338.9 336.5 333.9 329.7 326.2 321.7 318.9 316.3 314.5 313.8 312.8 311.5 310 307.8 304.8 301 307.8 310 310.4 311.4 313.7 315.3 316.3 317.7 318.8 320.9 323.1 327.6 329.3 332.3 328.5 322.2 314.7 308.9 302.4
359.9 359.5 357.9 357.7 359 358.7 355.4 353.6 355 351.9 348.9 351.2 346.4 343.1 343.4 342.2 342.5 341.3 338.2 335.9 336 336 335.9 335.9 337.6 340.3 343.9 347.2 348.4 350.2 354.9 355.3 353.8 352 350 347.4 344.5 342.6 340.9 339.5 338 336.5 335.5 333.4 331 328.6 324.3 321.8 319.4 316.4 313.6 311.7 310.3 309.9 309.2 307.1 302.3 310.2 314.2 317.4 317.1 316.1 316 318.1 319.3 320.2 321.2 321.7 322.3 324.5 328.3 327.7 327.8 324.7 317.6 310.9 303.7 297.8
361.7 358.3 353.4 349.8 355.1 353.7 350 349.4 348.8 344.1 340.3 338 336.8 337.2 339.7 338.6 337.4 336.6 336.4 336.4 336.4 336.5 336.2 336 338.9 343.1 346.6 349.9 352.2 354.6 356.2 355.3 352.9 349.9 346.4 343.3 340.6 338.5 337.2 335.7 334.2 332.7 331 328.8 326.5 324.6 321.5 319 317.7 315.1 312.2 311 309.8 309 306.5 306.2 311.2 320.2 324.1 324.8 323.5 322.1 321.5 322.2 322.3 323.9 325.3 325.9 325.3 323.6 324.2 324 322.4 318.4 312 307.5 301.4 296.2
360.8 356.1 350.9 348.6 346 345.3 343.8 343.9 342.1 338.1 336.8 336.3 335.6 335.4 337.6 338.1 336.6 336.4 337.5 337.1 336.8 336.9 336.5 337.1 341.6 346.1 349.4 352.5 355 355.9 355.9 353.7 349.3 344.8 341.4 337.3 335.8 334.3 333.7 332 330.5 328.8 326.7 324.9 323 321.1 319.4 317.1 315 313.3 311.7 312.8 314.3 315.3 315.5 314.2 321.6 329.5 331.5 330.8 329.2 327.4 326.4 325.6 326.3 327.2 328.4 328.7 327.1 323.2 320 319.8 319.4 313.4 308.2 304.8 300.1 295.3
359.4 356.5 354.1 351.8 348.5 345.3 342.1 339.6 338.5 337.9 337.3 336.7 336.3 336.3 337.6 339.1 338.8 339.2 339.9 339.6 338.5 338.3 339.6 341 344.2 347.9 351.4 354.7 355.4 353.5 352.4 348.7 343.4 339.8 335.9 332 330.4 330 329.7 328.5 326.8 325.3 323.5 321.9 319.8 317.9 316.8 315.9 312.9 314.3 315.4 316 317.4 318.6 319.8 322.8 328.5 334.4 336 335.4 334 331.5 329.4 328.5 328.9 329.6 329.2 328.3 327.2 323.3 319.4 314.6 312 308 305.9 303.3 297.7 291.4
362.1 359.9 357.6 355.1 351.6 348.5 344.8 342 339.3 338.6 338 337.4 336.9 337.6 338.8 339.7 340.6 341.9 342.6 342.4 340.3 339.7 342.1 344.6 347.3 350.1 352.8 354.2 353.4 350.6 348 344.9 339.6 335.8 332.7 329.5 325.6 325.5 323.3 324.4 322.6 322.2 319.3 318.9 317 316.2 315.5 314 315.5 317.5 318.6 319.6 320.5 321.7 323.5 327.6 332.7 338.3 339.2 339.3 337.4 334.3 332 331.4 331.5 331.3 330.5 329.4 327.2 323.3 319.5 314.5 307.7 303.6 301.2 294.6 290.1 284.4
365.7 363.4 361.1 358.1 354.7 351.2 347.5 344.3 341.7 339.3 338.7 338 337.6 338.9 340.3 341.4 343.3 345 345.8 343.1 340.9 341.4 344.1 346.2 348.8 350.5 351 351.6 348.9 346.2 344 341.3 338 334.8 330.8 326.9 326.9 327.1 326.1 324.1 323.5 322.1 320.8 318.9 318.4 319.6 319.7 318.8 320.2 320.6 321.7 322.8 323.8 325.1 327.1 330 336 339.5 340.3 340.6 340.4 337.9 335.5 334.3 334.7 332.8 331.6 329.4 327.2 323.4 319.7 314.8 310.5 302.8 293.9 287.6 278 271.7
369.4 366.3 363.1 360.1 356.7 353 349.2 345.7 343.1 340.5 338.7 338 338.3 340.3 341.8 344 345.5 345.7 345.3 343 343.1 345 346.2 346.4 348.1 348.9 349.4 348 345.6 343.7 342.1 340 337.2 334.1 329.9 329 328.5 328.5 328.4 327 325.9 324.7 323.3 323.7 323.9 324.3 324.5 323.4 323.9 323.7 324.6 325.7 326.8 327 328.9 330.1 335.6 341.1 344.1 344.5 344.8 342.6 340.2 338 336.8 334.4 331.2 328.8 326.5 323.6 319.7 316.3 307.6 298.2 291 279.9 273.9 264.7
371.5 368.3 365.1 361.7 358 354.3 350 346.3 344 341.4 340.3 337.7 338.7 340.2 342.7 345.1 345.6 346.4 345.7 345 346.8 347.6 348 348.1 346.7 347.5 345.7 344.1 343.6 342.4 340.6 338.3 334.8 332 332.3 331.9 330.8 330.7 330.6 329.6 329.1 328.9 328.6 328.6 328.7 328.1 328.1 328 327 326.9 327 328 328.3 328.4 328.5 331.2 336.8 344.6 348.3 349.3 348.2 346.1 343.7 340.6 337 334.5 330.6 328 324.8 320.2 315.8 309.3 301.4 294.5 282.1 274.4 268 262.2
373.9 370.4 366.7 363 359.3 355 350.7 346.9 344.9 342.4 340.5 337.9 340.5 341.9 342.6 344.9 346.7 348.2 347.5 348.6 350.3 349.5 348 346.5 344.9 343.5 342.1 341.3 340.6 339.6 337.7 334.6 335.5 335.1 334.6 334 333.3 333 333.2 333.1 332.9 332.7 332.2 332.4 332 331.6 330.7 331.2 329.8 328.6 328.2 328 328 327.5 326.3 331 337.8 347.1 351.6 352.6 351.1 349 345.7 342.7 337.9 333.8 327.5 326.1 322.4 317 310.8 304.7 298.8 289.7 278.5 271.3 265.1 259.9
376.4 372.2 368.1 364.3 359.3 355.7 351.5 347.5 345.5 343.4 340.7 340.3 342.6 344.8 345.7 347.6 348.9 349.9 350.1 351.4 350.3 348.3 346.4 344.5 342.3 338.7 337.3 337.5 337 336.4 337.9 337.7 337.8 337.5 337 336.2 335.3 335.5 336.4 336.6 336.4 335.9 335.4 335 333.8 332.6 331.7 330.6 329.5 328.5 328.1 326.7 324.9 324.6 326.6 329.9 336.6 346.6 350.5 352.7 353.3 351.1 348.2 343.5 337.9 331.8 325 321.8 317.1 312.2 306.8 301.3 296 289.3 280.5 273.1 265.7 259.3
378.2 373.6 369.4 364.6 359.3 355.3 352.2 348.1 346 343.9 343.5 344.3 345.5 346.7 348.8 350.2 351 351.2 350.4 349.4 348 346.1 344.2 341 338.4 336.3 336.7 337.2 338.2 339 340 339.7 339.9 339.9 339 338 337.1 337.8 338.9 339.1 338.8 338.2 336.9 335.4 333.6 332.1 331 329.8 328.7 326.7 326 324.8 323.6 324.4 327.4 330.3 335.6 342.4 348.2 352.5 353.3 350.5 346.5 339.9 334.2 328.2 323.7 319.8 314.6 310.1 305.9 298.5 293.1 289 282.6 274.7 268.2 264.8
379.5 374.8 369.7 364.9 359.3 354.9 352 348.5 346 347.4 348.2 348.9 349.4 349.8 350.2 349.9 349.6 348.8 348.1 347.2 345.4 343.7 341.8 338.8 336.9 338.4 339.3 340.5 341.5 342.4 342.3 341.8 340.7 340.8 340.4 339.8 338.9 339.8 339 338.9 339.1 338 336.2 334.1 332.4 331.3 330.2 329 327.6 325.5 323.6 322.3 322.4 324.6 328 330.8 334 339 347 351.5 350.8 347.3 341.3 335.5 332.1 328.6 324.2 318.7 313.8 310.1 305.6 299.4 294.2 287.6 281.5 272.8 266.1 263.4
380.5 375.4 370.2 364.4 358.8 353.6 350.6 345.4 347.3 348.4 348.3 348.7 349.1 349.6 348.7 348.5 347.2 346.5 345.7 344.8 342.8 340.8 338.5 337.5 339.8 341.3 342.6 343.5 344.7 345.7 344.7 342.9 341.1 341.5 341.1 340.6 340 340.3 339.3 338.3 337.6 336.4 334.6 332.7 331.6 330.5 329.4 328.3 326.3 324.2 322.3 320.9 321.3 323.9 327.4 331.3 334.8 341.4 347.3 350.2 346.7 343 340 335.8 332.8 328.1 323.1 318 314.1 309.8 304.6 300.7 295.4 288.8 282.9 276.4 270.5 267.3
380.4 375 369.5 363.7 356.9 351.3 346.7 347.9 349.6 348.5 348.4 348.5 348.9 348.7 347.3 346 344.9 344.4 343.4 342.1 340.3 340.8 340.2 340.7 342.5 343.6 346.1 348.3 348.3 348.2 347.1 345.3 344.5 342.2 341 340.1 338.8 337.8 336.1 334.9 334.6 333.9 332.2 331.9 330.8 329.7 328.6 327.5 325 323 321.2 320.9 320.9 324.6 328.6 333.1 338.2 344.3 349.1 350.4 347.5 345.3 340.4 335.7 332.1 328.1 323.2 318.7 314.2 309.9 305.5 301.1 296.4 291.4 283.1 278.2 273.7 270.3
379.8 374.3 368.6 362.9 355.6 347.5 348.1 350.8 348.9 348.7 348.6 348.5 348.6 347 345.2 343.6 342.6 342.2 341.1 341.3 344.1 343.1 341.4 343.4 344.6 345.9 349.1 350.1 349.8 350.2 349 346.2 343.4 341.6 340.2 339 337.7 335.6 333.1 331.8 331.6 331.4 331 330.8 330.2 329 327.9 326.5 323.9 322.6 321.4 320.9 322.5 325.9 330.3 336 342.8 348.6 352.6 351.2 350.6 348.4 343.1 336.6 333.8 329.1 323.8 319.3 313.9 308.8 304.9 301.5 297.2 291.4 286.4 279.7 275 271.2
379.1 373.4 367.8 362.1 354.3 349.2 350.6 348.7 348.7 348.9 348.8 348.7 346.6 344.7 342.9 341.7 343.7 343.5 344 346.4 345.6 342.1 343.7 345.2 346.7 348.4 351.1 352.5 351.5 350.8 348.2 344.9 341.8 340.1 338.3 336.5 334.4 331.5 330.3 329.5 330 329.9 329.8 329.6 329.2 328.4 327 325.2 323.2 321.9 322.2 322.7 325.2 328.5 333.2 341.6 348.6 352.2 355.7 356 355.8 353.1 349.1 342.2 336.2 330.7 324.4 319.3 313.8 308.3 304.5 300.8 296.4 292.2 287.6 282.2 277.3 273.6
378 372.5 367 361.6 355.6 351 348.8 347.7 348.4 348.9 348.5 346.3 344.2 342.9 341.7 344.1 346 347.6 347.6 346.6 343 344.3 346.2 347.5 348.8 350.7 352.9 354.1 352.8 349.2 344.4 341.6 339 336.4 334.4 332.8 330.6 328.9 328.4 327.3 327.8 328.6 328.8 328.6 328.1 327.3 325.9 324.1 322.3 322.1 323.3 325 327.2 331.2 339.1 346.2 352.9 358.4 361.4 361.2 361 358.2 353.9 348 340.2 332.7 326.3 319.6 313.1 307.9 304.1 300.3 295.8 291.9 286.3 282.5 278.5 274.7
375.7 370.7 366.1 361 355.2 351.5 348.8 348 347.3 347 345.2 343.1 341.2 343.3 346.2 347.5 347.9 347.5 346.5 343.8 344.2 346 348 349.4 349.9 350 350.8 353.3 349.9 345.9 341.3 337.4 334.8 332.2 330.6 329.1 327.3 326.3 326 325.4 325.3 326.1 326.8 327.1 327 325.6 325 323.3 321.2 322.6 324.1 326.5 329 334.9 342.6 349.3 356.1 362.3 365.7 367.4 365.3 361 357 352.7 346.8 337.9 330.1 320.7 313.4 307.5 304.3 300 294.6 290.5 286.2 282.9 279.2 274.3
374.2 368.8 364 359.5 354.9 351.3 347.9 345.9 345.1 343.7 343.7 343.4 345.4 347.2 346.6 345.7 345.4 345.1 344.4 344.8 346.4 348.1 349.9 349.9 349.5 349.6 349.9 350.9 345.4 342.2 337.7 333.3 330.9 328.7 327.1 325.5 324.1 323.6 323.3 323 322.8 323.5 324.2 324.6 324.4 323.9 323.3 322.4 321.2 323 324.9 327.8 330.9 338.3 345.3 352.3 357.7 362 364.6 366.1 366.4 365 361.6 357.6 350.5 341.2 333.7 325.9 316.7 310.4 303.5 298.3 294.4 291.2 288.2 282.8 280.5 278.8
372.2 366.8 362 357.5 354 351.4 348.1 345.5 345.2 345.5 346 346.9 345.9 345.2 344.7 343.4 344.2 345.3 346.1 347.9 348.6 350 350.4 350 349.1 349 348.7 343.9 341.4 337.8 333.6 329.5 327.2 325.3 324.1 322.1 321.1 320.7 320.4 321.2 320.7 321 321.7 321.9 322.4 321.7 321 319.1 321.6 323.7 325.5 329.7 334.8 342.2 349.1 355.2 359 361.3 362.7 362.6 363.5 364.5 363.3 357.8 349.9 343.7 336.8 327.7 318.3 310.3 302.2 297.4 293.1 291 287.9 290.7 288.3 285.9
370.2 364.8 359.9 356.1 353.3 351 350.3 348.3 348.1 348.1 345.9 345.3 344.5 345.4 345.8 346.7 349.7 347.9 348.8 351.2 351.9 351.9 350.8 349.6 347.6 347.5 346.1 341.5 338.2 333.8 330.3 326.1 324.3 322.9 321.8 322.3 321.9 320.1 320 319.8 319 318.7 319.4 321.1 320.7 319.4 318.5 319.2 321.6 324 326.1 331.2 338 345.7 352.2 357.3 358.5 358.5 359.3 359 358.9 359.6 356.5 351.7 348 341.8 334.8 323.7 314.4 309.3 302.4 295.4 291.2 290.3 298.4 295.7 292.3 290.6
366.6 362 358.2 355.1 352.8 351.8 351.1 351.4 348.3 345.7 345 345.8 346.7 347.8 350.5 353.1 353.3 351.4 351.6 354 354.8 354.1 351.8 349.1 346.7 345.9 343 339.1 334.7 330.4 326.2 324.7 323.4 325.8 326.2 325.7 324.6 323 322.4 321.6 320.4 319.6 319.7 318.2 317.4 317.5 317.9 319.3 321.7 324.1 326.3 332.7 341.6 348 354.3 357.1 356.2 356.2 355.3 354.1 354.3 351.7 346.9 343.2 342.7 335.6 326 319.8 315.2 309.4 301.1 296.1 291.9 295.7 296.5 297.3 293.7 294
362.9 358.2 354.9 352.5 351.9 351.7 351.3 348.3 345.5 344.9 346.5 347.4 348.6 357.9 356.5 356 355.9 355.1 355.7 356.1 355.4 354.1 351.4 349.2 346.9 343.5 338.3 335.2 331.4 327.5 324.1 325.7 326.9 327.6 328.1 327.7 326.2 325.9 325.3 324.6 322.1 321.2 320.5 318 316.2 316.5 320.5 317.4 320 322.5 326.3 334.8 340.7 348.8 353.5 353.9 354.9 354 350.8 348.6 347.2 342.3 341.5 340 334.5 326.5 323.2 318.3 312.6 305.6 300.9 297.3 295.3 295.3 296.1 297.1 298.3 298.8
359.5 355.4 351.7 351.1 350.9 351.2 350.4 346.1 345.3 346.8 348.2 349 352.7 357.3 357.5 357.9 357.8 356.8 355.7 354.3 353.5 351.6 349 345.6 342.1 339 333.9 330.3 327.2 324.1 327.4 328.2 328.7 329.1 329.5 329.4 329.1 328.9 328.3 326.4 323.9 322.3 321.1 318.3 316 319.7 320.2 316.7 318.4 321 325.8 330.7 341.6 346.2 350.1 350.1 351.4 350.3 346.7 344.8 341.6 343.1 335.6 331.7 327.1 323 319.3 314.6 309.9 304.6 300.4 297.1 295.4 295.4 297.1 298.9 299 299
357 353.4 350.8 348.9 349.1 348.9 348.8 345.9 346.8 348.1 349.7 352 354.8 357.9 358.6 358.7 358.8 356.8 355.4 352.3 349.8 347.1 343 339.4 336.4 334 329.6 325.8 324.4 324.7 328.9 329.5 330.2 330.7 331.3 332.2 332 331.8 330.7 328.2 325.7 323.3 321.6 319.1 314.8 319.9 319.2 316.8 316.9 318.2 321.8 329.5 335.4 343.6 343.2 346.8 344.9 344.5 346.7 342.1 340.9 339.9 332.1 326.4 322.1 318.4 315.3 312.5 309.1 305 298.6 295.4 293.9 293.3 294.2 294.4 295 295.2
354.5 352.1 352 349.2 346.9 346.5 346.8 347.4 348.4 349.4 351.3 353.4 355.5 359 359.2 358.8 357.6 354.8 351.8 348.9 345.2 340.8 336.8 333.1 331.4 328.7 326.7 324.4 324.6 327.6 330.9 331.5 332.1 333 334.1 334.9 334.8 334.5 332.8 330.4 327.9 325 321.3 319.4 314.8 314.5 315 315.2 315 315.2 324.4 328.7 333.8 333.3 340 340.2 340.7 341.4 340.4 340.6 341.6 338.4 328.7 322 314.6 311.9 310.4 308.9 305.8 301.2 296.7 291.6 291.2 289.6 288.8 289 289.1 288.2
354.6 353.8 353.5 350.5 349.4 348.3 348.1 348.5 349.6 350.7 351.7 353.2 355.1 356.4 356 354.9 353.3 351 348.2 344.3 339.1 333.4 329.2 328.4 327 325.5 324 325.7 328.6 331.5 333 334.1 335 335.9 336.8 337.7 337.4 336.4 334.6 332.5 330.2 326.8 323.4 319.6 315.6 313.7 313.7 314 315 319.6 321.3 329.8 329.4 334.4 336.6 336.7 340.8 339.7 338 338.6 337.4 330.6 325.8 320.4 312.3 305.3 304.1 302.6 299.7 294.9 289.5 287.2 285.7 284.7 283.5 283.1 282.3 280.9
356 355.4 355.1 353.5 351.9 350.6 349.8 349.6 350.5 350.5 350.3 350.8 351.5 351.5 350.6 349.1 347.4 344.9 340.6 336.7 332.5 327.5 327 325.9 325.3 327.1 328.2 330.2 333.8 335.3 336.3 338.8 339 339.5 339.9 340.3 339.7 339.1 337.1 334.5 331.9 328.1 324.3 320.5 316.6 313.9 312.3 313.7 317.4 317.1 327.2 326.3 330.8 333.8 333.5 337.1 337.6 336.7 334.7 331.2 327.8 324.1 321.6 316.7 308.6 302.3 295.2 292.3 290.4 287.5 284.8 283.3 281.6 278.5 278.3 277 274.3 272
357.9 357.2 357.6 356.4 355.1 353.5 352.1 351.2 350.5 349.9 348.4 347.4 347.3 345.7 344.4 342.5 340.3 337 332.9 329.1 327.4 327.7 328 328.9 329.1 330.9 332.3 334.9 337.5 339.9 344.2 344.2 344.5 344.9 344.8 344.2 343 341.8 339.8 336.7 332.3 328.7 325 321.2 317.7 314.2 312.6 317 320.2 320.2 324.7 328.7 330.4 330.2 331.4 332.1 332.4 331.3 325.2 321.2 320.9 319.2 313.1 306.1 302.8 298.1 292.3 286.3 284.2 282.7 281.1 279.6 277.3 274.4 270.7 266.2 264.7 262.5
363.1 362.9 362.1 360.8 358.8 357.2 356.3 352.9 350.2 347.4 345.8 344.1 342.1 340.1 338.7 336.6 333 329.3 327.7 328.8 329.6 330.4 331.5 333.2 333.3 336.3 339.8 342.1 344.6 347.7 348.8 349.7 349.9 349.5 348.5 348.1 348 344.9 341.4 337 332.7 329 325.4 321.8 318.5 315.9 310.4 319.3 321.2 322 324.1 325.5 326.4 326.4 325.9 324.5 320.5 316.9 312.2 313.1 314.1 311.9 306.7 303.2 299.3 292.5 285.4 282.1 277.5 277.3 274.3 273.7 269.9 267.1 262.8 259.7 257.7 257
369.5 368.3 367.3 365.6 364.1 362.2 360.6 355.3 350.4 347.5 344.4 340.5 337.8 335.4 334.1 331.5 328.1 329.3 331.2 332.7 333.4 334 335.1 336.1 339.3 344.5 347.3 349.7 352.3 354.1 354.6 355.3 354.4 353.2 352.2 351.9 348.9 345.9 342.1 337.4 333.1 329.4 326 322.8 319.3 314.9 315.6 318.3 321.1 320.9 319.5 319.5 321 319.3 316.7 314.8 308.7 305.2 304.7 307.1 306.1 303.8 300.7 296.5 290.2 283.9 278 275.9 274.2 269.7 269 266.6 263.8 260.7 257.6 255.4 253.6 251.5
374.7 373.6 370.1 368.7 367.4 365 360.8 355.7 350.3 346.4 342.2 337.9 334.3 332.5 331.1 329.2 330.4 332.1 334 335.9 337.9 338.4 338.8 341.6 345.8 351.9 355.9 358.5 361.1 363 362.7 361.1 360.2 357.9 355.5 352.1 348.5 344.8 341 337.2 333.5 330 326.5 323.1 319.6 316.1 304.7 305.7 312.3 310.6 310.9 312.5 311.2 308.1 308 301.5 296.9 295.7 295.5 298.2 297.1 296.4 293.2 286.8 280.1 273.5 272.3 272 270.5 266 263.4 259.6 258.2 255.1 252.7 249.1 248.4 245.6
378.8 373.6 371.2 369.9 368.6 365.1 360.7 355.1 348.4 344.2 340.2 336.1 332.4 331 330.7 331.5 333.2 334.9 336.8 338.8 340.8 342.7 343.1 346.6 353.2 359.4 364.6 367.1 369.4 370.3 369.2 367.4 363.3 358.4 355.1 351.2 347.6 343.8 340 336.5 332.9 329.7 326.5 323.4 320.3 316.8 312.7 308.7 304.5 303 302.3 300.5 300.9 297.9 295.1 289 285.3 285.7 285.8 287 288.4 287.9 282.4 276.6 272 267.6 269.7 267.1 262.5 261 256.3 255.1 251.6 249.1 243.8 243.5 241.2 239.9
377.1 373.9 372.8 371 368.2 365.4 361.2 352.1 346.5 341.7 338 334.3 331.2 331.4 331.5 334.2 336 337.7 339.6 341.7 343.8 345.9 347.4 352.7 359 366.4 371.9 374.4 375.4 375.4 373.1 369.7 364.1 358.6 354.3 350.3 346.5 343 339.5 335.9 332.4 329.1 325.9 322.8 319.6 316.4 311.6 307.3 293.8 296 293.7 292.7 290.3 287.9 283.9 280.4 279.3 279.9 278.7 279.2 280.2 277.1 273.6 271.1 268.7 263.5 260.7 258.6 256.4 254.9 251.8 247.3 247.8 243.5 238.2 236.8 235.1 232.4
