WholeMapElevations/data/nh/nh42_OST50GRID_20230518/NH42.asc
ncols 200
nrows 200
xllcorner 240000
yllcorner 820000
cellsize 50
[rows 35 to 69 of 200, columns 78 to 155 of 200]
466.9 469.7 469.3 465.2 461.4 459.2 459.6 464.4 463.4 462.2 465.3 463.4 461.8 462.8 464.8 463.7 460.1 461.5 464.4 464.1 460.3 458.1 458.3 458.3 454.8 451.3 446.6 450.7 454.6 457.6 461.7 458 453.5 450.2 444.4 438 433 429 425.2 422.4 422.1 425.1 422.9 416.5 412 409.3 406.3 409 404.4 402.6 395.1 393.3 394.8 398.2 400.4 397.8 387.4 381.9 377.5 378 383.4 386.2 384.4 379.9 379.1 378.3 376.9 375.8 380.2 378.1 372.6 372.2 378.4 380.5 378.9 381.1 376.6 367.8
468.8 469.8 469 465 462.6 460.7 461.8 466 467 468.2 470.5 469 472.3 478 475.2 471.4 474.2 471.4 470.6 469.3 467.9 468 472.5 468.2 464.5 459.3 456.2 456.5 458.1 464.5 466.3 462.2 459.7 456.8 451.8 445.6 438 430.3 429.7 424 423.2 429 425.3 417.8 415.1 415.3 416.6 414.8 405.7 397.7 395.9 393.7 394.7 399 397.2 391.7 386.3 381.8 378 377.8 379.5 382.9 380.2 379.8 379.3 378.7 378.2 385.5 387.4 378 371.7 373.4 378.7 379.6 382.2 377.6 369.4 359.8
467 467.1 466.4 465.2 463.9 461.6 467 469.4 470.4 475.3 474.6 477.5 485.5 486.2 482.5 482.8 479.9 475.1 474.6 473.8 471.9 475.3 478.4 476.3 472 463.8 460.6 461.4 465.3 472.3 470.4 469.8 468.4 466.1 460 449.7 436.8 436.6 430.7 422.9 424 428.5 425 418.4 417.3 418.6 417.8 408.4 400.5 395.7 396.2 392.3 392.9 397.5 390.6 387.6 387.1 382.3 378.8 377.1 379.6 380.8 380.7 380.2 379.7 380.1 388.3 391.9 386.1 374.8 370.8 372.5 377.4 381.4 376.4 367 357.6 350.6
469.1 468.2 467.9 468.5 466.2 463 466.1 469.5 471.1 476.2 479.3 491.6 492.6 489 486.1 484.3 480.2 477.2 476.7 476.9 478.8 484.1 487.2 481.8 473.6 470.2 469.3 469.8 469.8 478.5 485.2 484.6 477.3 472.2 460.3 446.7 435.3 432.9 426 420.1 421.7 420.7 420.8 417.6 416 414.6 412.1 406.7 394.4 396.1 394.9 389.1 389.1 390 390.3 388.8 386.8 384.3 380.6 379.5 380.3 381.7 381.2 380.9 384.9 388.3 389.7 389.2 379.7 369.2 369.2 370.6 372.8 371.9 362.8 354.3 347.9 342.3
469.7 470.7 471.7 470.8 469.9 467.2 468.2 471 472.7 476.4 487.1 491.7 492.4 488.9 486.3 483.8 480.9 481.4 482.3 484.3 489.9 493.4 489.3 483.9 479.3 481.9 486.2 489.2 496.6 501.8 497.5 487.8 478.7 464 452.8 444.4 427.6 423.3 418.6 416.8 416.3 421.8 417 420.3 413.6 412.2 408.8 397.6 394.3 389.8 389.1 389.1 389.1 392.6 392.1 390.6 390 388.5 383.3 381.9 382 382.5 381.8 387.4 388.5 387.2 388.9 383.4 368 367.2 367.8 365.5 363.8 357.9 351.8 345 339.3 334
473.8 472.6 472.1 471.3 471.2 471.7 473.6 473.9 478.6 483.4 487.7 491.4 491.8 487.8 486.6 484.6 484.8 486.1 489.7 493.7 497.4 497.5 494.8 490.2 491.6 497.9 496.4 504.6 509.3 506.7 496.5 482.7 470.9 455.8 443 431.8 426.8 423.8 424.1 421.5 417.8 413.9 405.6 408.8 405.5 404.5 399.6 391.1 389.1 390.7 389.2 389.1 390.1 392.2 392.8 393.8 393.2 390 383.7 382.9 382.8 383.2 386 381.6 382.6 384.9 382.6 366.6 360 364.7 364.6 360 353.5 348.1 342.8 336.9 331.1 326.5
472.1 471.4 471.5 471.1 470.5 472 473.5 475.5 478.8 481.1 484.9 487.2 487.3 487 485.6 487 488.4 491.5 494.7 500.3 504.9 505.6 501.5 504.5 504.5 502.9 507.7 507 511.8 500.1 488.1 478.2 459.5 441.5 438.9 434 434.2 431 433.2 429.6 421.7 415.1 399.9 397.1 396.1 393.1 390.7 389.2 389.6 389.8 389.9 389.9 389.7 389.4 395.3 394.7 391 388.7 384.6 383.8 384.2 388.5 384.1 380.5 378 376.5 366.7 357.7 355.5 359.8 354.9 349.7 343.7 338.8 334.7 329 324.2 321.3
471.6 470.5 471.1 471.8 472.9 474.9 475 475.9 478.2 480.3 482.5 484.6 486.3 486.9 487.2 488.7 493 496 499.6 505.6 516.4 517.9 506 510 501.1 499.3 501.8 504.3 497.6 490 482.8 458.6 447.1 444.9 444.6 434 432.2 429.7 431 423.3 420.1 406 396.5 394.2 392 391 392 397.8 399.3 398.3 394.8 393.9 394.4 394.4 394.7 392.6 389.7 387.6 387.6 387.2 389.4 385.8 384 380.6 379.6 373.9 362 350 349.1 350.2 346.1 342 336.5 331.4 326.1 321.3 318.7 313.2
471.3 471.5 471.6 471.8 473.3 474.7 475.2 475.5 477.1 479.2 481.2 482.7 485.1 487.1 488.1 492.3 496.4 500 505.6 520.3 523.5 510.7 502.9 502.2 491.5 482.6 492.3 492.3 483.7 475.8 454.8 451.7 449 448.5 434.8 432.6 429.5 426.5 424.1 419.7 403.7 399.5 395.8 397.7 400.3 399 392.4 396.2 398.4 396.9 396.2 395.5 398.6 400.3 398.8 390.2 389 391.5 391.5 388.6 385.9 384.3 380.5 379.1 377.4 365.7 353.8 344.4 343.6 344.9 341.5 337 330.7 324.5 318.8 314.7 308.5 299.9
471 471.6 471.5 470.9 472.7 472.8 473.9 474.7 475.9 478.3 479.9 481.4 483.7 486.1 490.1 494.1 498.7 503.4 513 519.6 512 499.3 490.7 480.3 474.9 472.7 469.1 463 458 455.6 450.5 446.6 445.8 442.4 433.7 428.9 430.5 426.8 423.2 408 401.5 401.1 405.8 408.6 408 395.5 392.4 392.4 397.1 397.2 395.1 398.7 400.1 399.1 392.2 388.8 389.1 392.6 388.4 386.4 385.1 381.8 375.5 371.2 366.1 357.2 346.4 341.2 340.4 341.6 337 330.4 324.7 318.5 310.2 303.6 296.9 288.9
471.6 471.7 471.1 470.2 471 471.2 472.1 473.5 475.1 477.4 478.8 480.2 482.4 484.9 488.5 492.1 497.6 504.4 508.1 508.9 497.5 485.5 482.8 473.7 469.8 465.9 462.6 457.6 453.1 452.2 447.9 443 441.6 436.5 434.4 433.7 434.9 426.5 413.2 405.2 404.9 409.5 408.1 405.6 399.7 392.4 392.4 397.9 398.2 393.6 394.7 397.5 396.2 390.7 389.7 385.6 388.4 387.3 383.4 381.9 379.4 375.4 370.2 364.7 355.8 347.3 341.1 337.9 334.8 334.3 329.2 325.5 318.5 309.4 299.9 293.4 286.1 277.7
471.4 469.7 467.6 468.2 468.8 469.3 471.2 473.3 474.8 475.9 477.6 479.1 481.1 483.7 485.8 490.1 493.8 495.3 495.2 488.3 480.7 474.6 470.9 465 462.7 459.8 455.5 450.8 451.1 453.2 444.2 440.9 438.3 439.2 436.4 433.5 430.5 418.5 412.5 411.3 413.5 416.7 410.2 404 396.1 392.4 397.2 401 391.7 391 393 392.3 389.6 387 385.8 383.3 383 381.1 377.5 371.4 364.5 365.3 363.1 354.1 348.3 339 334.5 331.5 325.6 325.9 322 316.6 308 298.9 291 282.1 273.5 262.6
468.3 465.7 465.9 466.4 466.5 467.9 468.8 470.4 472.8 473.8 475.8 477.4 479.8 481.3 481.2 482.2 482.1 482.6 478.4 474.1 465.9 463.5 461 461 461.2 458.1 454.7 452.8 452.2 447.9 442.7 440.8 440.1 440.5 436 431.2 426.2 420.7 420.2 420.8 420.4 414.6 408.3 399.3 394.6 393.1 396.6 393.1 386.3 381.7 379.3 379.4 380.2 380.6 377.8 373.3 368.2 363.3 363.1 362.5 361.4 359.8 353.2 344 336.9 329.9 326.9 323.8 318.6 317.2 312.9 305.7 297 286.9 277.7 268.3 258.1 248.3
465 463.3 463.7 464.3 463.9 464.1 465.5 466.3 468.8 471.9 473.8 475.6 477.8 476.9 475.1 472.3 469.4 465.5 463.7 460.7 460.5 459.5 460.8 460.3 460.5 460.7 457.5 452.4 453.4 443.5 441.4 442.7 443 442.6 442.1 435.9 432.3 427.6 427.3 426.1 418.7 411.3 402.4 396.7 391.8 390.1 392.4 383.7 374.9 368.4 367.9 368.1 368.3 368.8 362.4 358.9 359 361.5 362.7 360.6 358.5 353.3 341.6 332.7 327.5 323.9 320.2 316.5 311.1 305.1 301.6 293.3 283.7 274.7 265.1 255.4 244.2 235.6
462.4 461.2 459.3 460 459.6 459.8 460.4 462.1 464.8 469.2 471.7 472.6 471.8 469.2 467.6 464.1 459.1 457.5 457.5 456.8 458 460.5 462.2 462.6 463.4 458.9 452.3 449.3 444.8 443.8 445.5 452.5 455.2 457 449.9 444.1 435.2 432.8 432.4 424.2 413.6 402 398.9 391 384.7 384.1 379.3 370.2 358.8 356.4 353.6 357.5 359.2 357.5 358.6 358.2 357.1 359.5 357.3 353.9 351.1 338.9 329.3 324.8 321.2 317.6 313.6 308.3 301.7 296.4 289.5 280.5 268.9 260.2 253.1 240.3 231 224.1
458.7 456.6 455.1 454.1 454 454.6 454.8 456.2 460 462.7 463.7 463.2 461.7 460.9 458.6 456.7 453.2 451.4 452.4 456.3 457.5 461.3 460.6 460.6 457.9 455.3 448.1 446.5 447 455.5 462.5 461 460 456.6 450.6 441.3 430.1 433.4 421.6 411.7 399.9 398.1 389 383.2 375.3 371.9 365.9 362.4 351 348.6 350.7 353.4 354.2 355 354.9 347.5 349.8 349.8 346.3 346.1 339.3 325.4 319.5 316.7 313.3 309.8 303.3 296 289.4 282.5 277.2 268.7 259.3 247.3 237.9 229.4 224 219
451.9 449.2 448.5 448.2 448.3 449.2 449.5 450 452.4 453.4 455.1 454.1 453.2 453.9 454.2 452.3 447.6 448.9 453.5 453.2 449.1 452.5 451.1 451.8 450 449.5 452.7 455.8 467.7 468 462 459.1 457.9 451.7 444.7 433.5 425.7 421.1 407.8 396.6 386.4 382.4 376.9 369.7 361 359.3 355.7 351 347.4 345.8 346.7 347.3 346.8 350.5 347.1 338.6 341.7 341.3 335.3 336.1 325.2 316.2 313 309.7 304.2 295.4 288 281.9 275.7 270 264 255.8 245.2 234.5 224.4 215.5 210.9 202.1
443.9 441.6 440.8 441.4 440.8 440.9 440.8 443.8 444.4 446.3 447.4 445.8 446.2 447.9 450.2 446.6 442.8 446.5 449.9 443.8 440.8 442.3 445.3 449.5 456.2 453 456.9 458.7 467.1 462 456.4 453.7 449.7 439.5 431.8 422.1 411.4 400.4 390.5 384.5 378.5 373.9 372.5 366.3 358.3 355.6 352.3 346.4 344.7 342.5 343.4 338.7 339.2 339.2 332.5 328.2 327.5 323.7 320.6 316.7 312.3 307 302.8 296.9 287.9 279.7 272.9 268.3 263.9 257.3 250.7 241 230.5 218.7 204.4 187.7 182.6 174.4
436 434.7 432.9 434.4 434 434.1 433.9 434 438.5 439.5 439.2 437.7 440 444.5 442.3 434.8 433.2 436.5 436.7 436.8 438.2 454.2 452.5 454.1 450.5 450 453.7 460.4 457.4 449.3 443.1 440.2 433.1 427.2 407.8 403.4 397.6 389.7 384.9 379.6 377 370.9 365.9 359.8 357.9 354.1 347.1 345.2 343.3 340.5 334.1 329.7 327.8 325.7 318.9 318.2 314.9 312.3 309.4 306.7 302.5 296.9 292.4 282.1 273.6 264.9 261.7 255.2 249.8 244 236.2 226.4 216.3 201.3 180.4 192.6 194.8 197
429.7 428.2 427.6 426.7 427.2 427 427.5 428.5 430 430.4 430.3 430.3 435.5 434 428.3 424.6 425.3 428 431.8 436 447.8 444.3 444.2 445.5 445.4 446.3 451.3 450.3 446 439.6 433.2 421.5 415.1 404.8 397.6 394.5 386.5 380.9 377.5 375.4 370.6 367 360.1 354.6 352.1 346.8 345.1 345.8 341.6 337.6 333.5 327.5 324.5 316.2 311.5 308.7 305.1 302.3 300 297.7 294.4 288.7 277 268 261.8 254.1 250.5 244 237.6 231 226.2 216.2 200.4 182.5 196.7 212.5 218.4 219.1
422.4 420.2 419.9 418.8 417.9 417.6 417.6 418.4 418.3 419 418.3 422.4 425.2 422.8 419.7 420.1 423.6 422 430 437.6 430.4 433.3 437.7 437.6 437.7 438.6 440.5 438.4 433.2 422.7 413.6 406.4 399.2 392.7 387.9 380.7 375.5 373.2 372.2 368.6 364 360.8 357.8 352 348.4 347.4 346.9 347.3 341.6 336.7 331.3 323.7 317.3 310 303.6 301.5 299.2 296.5 294.5 291.1 286 277.1 265.2 257 249.6 244.2 238.3 232.3 228.3 222 212.7 200.6 182.4 191.6 212.9 226.3 229.8 231.7
416.3 414.2 409.7 407.9 404.9 401.8 400.3 399.4 405.1 407.6 405.9 409.9 415 416.3 413.2 418.2 419.1 414.3 428.8 426.9 423.7 425.6 430 432.3 427.5 427.6 427.4 426 414.3 405.6 400 392.6 388.2 381.7 377.6 373.9 370.6 369.5 367.5 365.9 361.9 360.8 357 354 353.4 347.9 352.4 346.6 340.4 334.3 324.9 317.9 311.9 305.5 298.4 295.2 294.1 290.9 287.8 281.5 272.6 263.1 252.3 246.4 241.8 233.1 223.2 222.2 215.2 206.8 185.7 189.1 210.9 215.7 230.6 235.3 240.1 246.1
411.5 407.9 408.7 408.3 406.5 407.3 403.9 396.4 392.4 395.1 387.7 396.3 405 404.1 403.3 411.7 410.4 405.9 412.1 413.9 420.7 415.1 419 413.6 412.4 412.9 413.9 406 398.8 393.8 390 386.9 382 378.4 375.4 371.2 370.6 374.5 369.1 366 366.4 362.5 358.8 357.6 351.9 348.2 348.6 344.1 336.4 328.5 319.9 315.8 307.2 301.2 294.4 292.1 289 284.3 279.3 271.4 262.3 251.5 241.5 233.7 225.2 215.5 195.2 204.3 196.9 208.2 216 221.2 229.6 235.3 236.5 245.3 252.5 256.3
406.1 403.3 402.4 400.7 400.1 398.9 395.7 387.3 382.7 384.9 389.4 388.2 390.7 389.5 393.2 395.3 398.4 393.5 395.5 397.7 398.1 405.3 407.6 396 394.8 395.4 393.9 391.3 390.4 389.4 386.7 382.5 379.7 379.2 375.1 373 373.5 371.6 368.2 367.7 368.1 363.2 360.7 358.2 345.8 350.6 350.7 341.3 333.2 321.7 315.2 308.5 298 294.2 288.9 285.8 281.6 275 269.1 262.5 253.2 240.4 227.8 219.4 210 199.6 215.3 219.6 223.9 228.4 235.7 237.5 239.9 242.6 245.2 254.7 260.2 262.5
400.3 397.8 396.1 390.6 387.5 386.4 389.6 393.6 398.8 399.5 384.1 374.9 379.1 380.3 382.8 383.7 382.5 385.8 382.6 384.1 388.4 392.2 386.6 382.2 385 385.4 385.3 386.6 388.6 388.6 382.8 380.3 377.2 375.1 374.7 373.1 372.3 370.9 368.5 369.2 365.6 364 359.4 349.2 342.6 348.8 343.2 335.6 324.1 314.6 309.3 301.6 292.5 288.7 282 278.5 271.7 264.3 258 251.2 242.4 232.2 219.8 204.6 207.3 218.8 227.1 233.2 237 244.3 247.3 250.1 250.1 251.1 254.3 263 266.4 266.2
404.3 403.5 396.6 400 402.7 404.1 404.2 403.8 402.9 401.8 392.2 380.6 377.9 374.4 366 375 373.7 372.7 373.2 373.2 374.9 377.9 375.9 376.3 377.6 379.4 381.1 384.4 387.5 382.8 378.5 375.7 374.3 374.1 373.8 372.6 369.2 368.9 368.6 366 364.6 360.6 356.6 337.4 336.7 341.9 337.3 326.9 314.2 304.8 300.1 290.7 287.5 279.2 272.6 267.6 258.4 254.9 248.2 240.1 231 222.6 214.1 210.2 222 232.6 241.9 247.8 254.8 257.9 261.1 261.4 260 263.1 267.7 273 272.6 269.4
410.3 410.6 411.4 410.4 410.9 413.4 410.7 409.9 408.8 408.5 404.7 400.3 398.9 395.4 376.6 361.8 367.6 366.9 367.4 365.8 367.2 366.9 367.3 368.6 369.1 373.1 375.9 380.3 379.5 376.2 373.3 373 372.1 371.6 370.9 368.2 367.6 367.3 367.2 367.4 363.1 357.8 344.1 332 333.4 333.2 324 314.7 300 300.7 289.4 285.3 278.8 271.9 263 255.1 245.1 242.4 236.2 226.8 218.5 211.8 208.5 219.9 232.7 247.1 257.7 261.6 268.4 275.7 272.9 273.1 271.9 276.7 280.5 281.2 277.7 274.4
417.6 417.9 417.6 416.5 420.4 419.8 417.7 417.1 415.1 412.6 410.9 409.7 407.8 391 374.9 354.1 360.3 359.3 357.4 357.1 360.2 360.3 361 361 362.1 366.8 370.1 373.9 375.9 368.8 368.3 368.2 368.4 367.4 364.9 366.3 366.6 364.7 365.8 361.2 352.4 346.5 331.8 327 326.6 321.3 308.4 298.9 288.1 285.9 281.8 273.3 268 262.4 252.3 244.3 235.4 225.7 217.6 207.7 212.5 215.8 223.6 231.5 247.3 260.6 270.6 274.9 277.6 283.5 285.3 286 289.4 290.5 290.2 288.4 285.4 285
424.2 424 423.5 424.6 427.2 427.8 427.6 424.8 420.6 418.1 417.8 415.1 412.3 401.1 377.3 361.6 353.5 347 350 352.4 351.5 351.9 353.3 354.4 358.4 358.2 363.1 370.9 364.7 361.2 360.8 358.7 359.9 362.9 359.6 361.4 361.2 358.8 355.2 347.4 343.8 329.1 322.7 318.5 317.6 305.4 296.3 286.7 281.8 275.1 269.4 262.3 257.2 250.3 247 245.8 242.2 237.2 210.7 225.4 225 230.2 238.8 250.3 261.2 271.1 278.8 282.6 289.7 297.2 300.9 303.2 306.9 305.2 300.6 298.4 301.6 304.1
431.2 430.6 430.3 435.1 438.3 440.1 434 427.7 425.9 424.7 424.2 421 414.1 405.6 384.6 375.5 369.9 362 342.5 342.9 344.7 344.6 342.3 347.6 349.1 348.6 351.1 355.5 353.7 351.7 351.6 354.1 355.4 355.4 349.9 351.4 352.3 349.6 343.3 333.9 325.7 318.8 310.6 306.2 301.4 291.6 279.8 273.4 268 258.5 252.9 251 247.8 249 248.8 244 241 231.7 223.3 227.9 236.6 245 254 266.5 276 283 288.9 296.2 306.7 316.4 318.6 323.7 320.5 312.8 314 316.2 319.7 323.1
437.5 436.4 438.5 444.6 443.3 442.2 435.6 432.3 433 433.1 431.4 420.5 410.7 400.9 391.6 382.6 376.2 365.7 351.4 337.2 336.3 334.8 334.2 339.5 338.6 340.2 340.1 341 342.9 342.7 342.8 343.1 342.9 340.9 338 338.6 336.3 333.6 329 320.8 314.5 304.5 295.6 291.9 284 271.6 250.8 244.9 249.3 246.1 253 238.8 243.9 248.9 246.3 242.8 236.2 220.3 229.7 238.9 247.8 258 268 276.7 287.5 296.4 304.3 311 317.7 321.2 328.3 331 327.1 325.2 329.3 333.5 334.3 341.5
442.7 440.7 447 450.8 446.3 441.5 439.6 441.2 443.2 443 429 415.4 404.8 395.5 387.8 379.6 371.8 364 356.9 347.6 339.1 328.4 329 329.6 329.6 326.6 323.2 322.6 324 325.4 325 327.1 326.8 325.2 324.9 324.4 324.6 320.9 315.3 309 300 290.4 281.7 274.7 257.9 250.3 262.8 260.3 253.9 249.2 246.1 243.9 234.2 241.9 241.6 233.3 228.4 227 240.7 249.2 260.3 273 279.8 290 298.8 307.6 319.3 326.6 326.7 331.5 339.3 340.3 337.2 339.2 340.8 343.1 347.5 359.4
444.8 448.9 455 448.7 446.3 447.6 442.7 454.3 457.8 440.5 423.6 408.2 398.2 389.4 382.6 373.8 365.8 359.2 354.8 351.7 347 334.9 324.4 324.6 322 313.6 306 305.2 300 306.7 306.9 308.1 308.7 308.5 309.3 306.2 306.7 305 298.8 291.4 279.9 269.7 256.9 253.4 264.1 272.9 268.3 265.5 259.5 254.3 250.1 247.7 247.4 231.7 227.9 224.8 230.4 241.9 249.2 256.9 270.1 283.4 293 301.6 306.2 313.2 320 330.1 332.3 338.8 347.1 349.4 348.3 349.2 352.4 358 362.9 371.6
448.8 457.9 453.7 448.8 446.9 442.6 451.5 456.4 450 427.1 412.5 399.6 392.6 384.7 375.5 366.5 358.8 353.3 349.2 345.8 343 340.9 335 320.5 315 321.8 323.6 310.2 294 291 291.4 293.6 292 290.5 289 290.4 288.3 287.2 276.8 264 256.6 262.9 268.3 275.1 277.6 273.9 267.6 263.1 257.9 252.1 252.9 249.1 245.9 240.5 230.3 238 244.1 252.4 257.1 268 279.5 292.3 304.4 314 319.3 326.8 329.5 332.2 338.4 344.4 349.7 360 360.5 360.7 367.4 368.1 377 385.4
458.1 456.4 449.9 448.8 445.5 438.5 451.4 455.3 432.8 414.6 402.1 390 386.9 374.3 366.5 358.4 352 347 344 341.6 338.1 335.8 333.5 329.9 325.5 319.1 313.4 306.8 291 285.1 282.8 281.4 277.2 272.5 269 265.5 265.9 274.1 275.2 284.5 281.2 278.9 274.3 275.7 276.9 271.9 268.3 263.5 253.3 246.9 251.3 241.1 238.5 234.8 239.3 244.4 250.6 259 266.8 278.8 290.6 303.4 312.2 322.5 331.5 336.6 337.4 341.5 349.8 352.2 356.8 364.2 368.9 372.8 382.2 384 386.6 393.6
