UK/data/nx/nx48_OST50GRID_20230518/NX48.asc
ncols 200
nrows 200
xllcorner 240000
yllcorner 580000
cellsize 50
[rows 0 to 34 of 200, columns 78 to 155 of 200]
468 447.5 440.1 440.2 426.8 417.4 406.5 400.3 391.3 378.3 355.2 344.4 336.8 332 327.5 326.4 323.5 317 315 309.7 304.6 303.1 303.3 301.9 302.1 308 316.4 329.6 345.1 365.6 377.6 394.1 402.1 409.9 416.6 357.2 327.3 303.2 286.1 270.8 261.9 256.2 254.7 255.3 252.9 250 249.4 248.9 248.6 248.1 247.7 248.4 249 248.8 247.1 247.1 247 246.3 248.6 252 253.7 256.3 259.8 263.7 266.9 269.7 270.2 268.3 264.3 260.2 263.2 264.9 261.7 260.2 259.1 259.7 259.8 259.5
464.9 449.9 441.3 443.7 424.2 418.2 405.6 396.9 389.7 379.4 361.4 344.7 338.1 334.1 329.2 325.7 324.1 318.1 312.7 307.1 301.5 300.3 301.9 300.9 304.7 308.3 316.8 328.4 345.4 367.4 382.1 397.1 410.8 420.5 423.5 384.2 334 306 285.2 269.7 262.9 257 254.4 254 252.6 250.6 248.9 248.4 248 247.7 248.2 248.9 249.5 249.3 248.9 248.2 245.8 248.3 250.2 253.4 255.2 258.7 261.9 266.3 269.4 271.3 271.4 269.1 266 263.2 264.9 266 261.1 261.3 262.1 261.3 261.8 262
468.4 447.6 441.9 442.3 423.9 412.9 403.5 397.8 385.4 378.2 360.7 343.7 339.1 335.9 327.8 323.2 320.4 316.2 309.3 304.2 300.2 300.7 303.4 304.2 305.5 308.5 318.3 329.7 349.1 366.6 380.4 394.1 414.1 428.5 427.4 386.4 346.2 312.6 287.9 270.7 263.5 258.4 255.1 254.6 254.8 252.3 250.3 248.9 248.3 248.4 248.7 248.9 249.6 249.9 249.2 246.6 247.5 249.8 252.1 254.7 257.1 261.1 264.3 267.6 270.8 272.4 272.1 270.9 266.8 266.4 267.2 268 264.5 265.1 265.3 264.4 264.6 264.7
476.1 450.4 440.6 437.1 424.2 410.7 400.6 394.6 381.7 374.1 363.2 344.6 337.6 331.8 325.9 320.6 316.8 314 307.3 303.2 300.9 301.8 303.3 306.3 307.9 310.5 319.3 328.9 347.9 361.5 374.5 387 403.4 424.1 431.7 402.5 358.8 321.1 291.7 272.4 264.5 259.8 257 255.3 255.5 253.5 251.2 249.7 249.9 249.2 249.1 249.7 250.1 249.6 249 245.8 248.5 251.7 254 256.6 259.8 263.2 266.5 268.9 272 273.6 274.2 272.9 266.6 269.1 270.6 270.4 266.6 268.5 268 267.3 267.2 267.2
477.2 449.3 444.2 438.1 422.9 405.3 397 393.6 380.2 370.6 362.4 348 336.1 331.1 324.1 318.4 313.8 306.6 304.6 303.5 301.5 300.4 302.6 304.2 309 312.4 319.3 329.8 341.7 358.3 373.8 385.7 400.5 423.5 434.6 413.4 375.7 328.3 294.8 276.8 267.1 261.2 259.1 257.9 257.8 255.2 253.5 251.9 250.9 250.5 250.2 250.3 249.9 249.4 249.2 246 248.6 252.8 257.8 258.8 261.8 265.5 269.3 271.3 272 273.2 274.5 272.1 268.7 271.3 272.4 274.1 269.8 270.4 271.1 270.8 269.4 270.3
475.7 453.2 443.6 438 418.3 402 392.5 386.7 377.1 368.7 361.9 351 336.3 330.3 321.2 314.1 307 305.6 303.9 303.3 303.2 302.4 301.3 304.1 311.4 316 323.1 330.4 340.2 359.1 375.5 386.3 402.6 425.9 438.4 422.5 372.7 331.1 301.1 280.9 272.1 266.1 263.9 262.8 262.5 259.5 256.2 255.2 253.1 252.6 252.3 251.6 250 249.6 248.3 246.4 249.1 253.1 256.1 260.7 263 266 270 271.8 272.5 274.4 275.5 273.1 271 274.7 275.3 276.1 271.7 273.8 274.4 273.2 272.4 271.4
474 457.8 444.8 437.1 413.9 398.5 390.1 383.5 373.1 367.9 363.3 357.6 336.2 326.9 319.3 311.1 306.6 303.6 302.8 302.3 302.8 302.6 301 308 312.5 319.2 324.5 332.3 345.4 363.1 380.7 396.5 418 438.7 446.8 423.3 368.9 335.5 303.9 285.7 276.1 273.3 268.9 268.4 266.6 263.7 260.7 257.9 256.8 254.6 253.4 250.6 249.7 249 248.8 247.3 248.7 252.9 259.3 263.2 264.9 267.3 270.5 274 274.3 274.4 274.2 272 274.2 277.2 279.2 276.2 274.4 274.9 275.5 275 275.3 273.5
470.5 460.2 446.8 433.4 410.4 396.3 389.9 381.4 373.2 364.8 359.6 356.7 337.3 325.4 316.4 310.3 306.5 304.3 303.9 304 303.6 303.1 301.7 308.1 315.7 322.3 328.5 339.6 352.8 371.1 390.4 413.7 441.1 463.2 453.1 422.6 367.5 334.2 307.1 292.9 282.5 278.1 275.8 274.5 272.3 268.2 263.7 259.4 258.1 256.5 254.8 251.3 249.2 248.1 246.3 245.9 248.9 253.4 257.9 263 265.8 268.6 272.4 274.6 275.6 275.9 274.9 272.7 276.9 279 281.1 277 274.1 275.1 275.3 276 276.9 276.3
460.2 459.4 439.8 424 408.7 395.7 385.3 380.4 372.6 361.3 357.2 348.2 339.3 323 314.2 308.5 304.8 304.2 303.9 303.7 303.7 302.1 302.2 309 316 323.3 337.5 350 367.3 386.2 409.9 431.3 463.3 484.3 458.2 424.7 377.6 340 314.4 299.5 289.6 286 284.5 278.5 273.7 270.6 265.3 261.1 259 257.3 254.9 252.6 249.2 248 246 247.8 249.4 254.3 258.6 263.1 266.2 270.4 272.7 275.6 276.9 276.7 275.2 274 277.6 280.8 280.1 277.6 276.4 274.9 276.1 277.8 280.6 279.6
450.6 445.4 431.5 425.7 414.4 394.6 384.2 373.3 367 357.5 350.6 342.6 330.6 320.7 313.1 307.2 303.8 302.7 302.3 302.7 302.7 300.6 306.2 312.8 323.2 332.9 346.4 364.4 381.8 405.9 430.6 457 483.1 500.5 466.7 434.1 385.4 349 323 307.5 297 293.4 290.4 289.7 283.9 276.4 268.2 263.7 261.2 258.4 255.4 252.9 248.6 247 245.9 249.1 250.1 255.3 260.3 264.2 268.1 271.2 273.4 276.6 277.7 277.4 276.3 275.5 278.4 280.2 280.3 279.1 278.8 277.3 278.3 279.6 281.7 281.7
437.6 429.8 422.8 417.8 409.1 391.4 378.8 370.1 363.8 355.4 348.7 341.7 328.2 321 312.5 305.6 304.7 304.1 303.5 302.7 301.4 301.9 308.1 317.6 331.6 342.3 353.7 378.9 400.6 425.1 451.2 480.9 501.3 515.4 491.8 443.3 399.5 369.3 337.5 319.5 308.6 306.7 303.2 302.8 292.7 280.7 271.2 267 262.2 259.5 256.2 252.7 249.2 246.9 246.6 247.5 249.8 255.2 261.6 265.7 268.8 272 274 275.3 278.3 279.9 277.2 276.9 279.8 281.1 280.1 280.7 279.3 278.7 278.9 278.3 281.7 281.6
429.6 422.9 414.2 411.6 398.9 388.1 376 364.5 361.9 353.7 346.5 334.2 327.2 318.9 308.3 305.5 305 304.4 303.5 301.1 301.5 304.1 312.4 324.7 338.9 348.7 365.8 399.3 427.3 449.5 473.9 498.5 518.5 528.8 514.4 474.3 456.3 430.4 379.5 345.6 333.4 329 320.5 313.8 300.4 288.6 276.1 270.4 264.7 261.6 259 256.9 250.4 248.8 246.9 247.5 249.3 255.1 261.3 265.7 268.3 271.1 274.6 275.5 279 279.8 277.3 276.7 279.7 282.4 281.4 279.7 279.6 280.4 281.2 280.6 280 281.5
431.6 416.7 406.8 399 393.7 389.1 374.4 364.1 357.7 349.7 339.9 330.8 322.1 314.2 306.3 305.3 304.9 303.9 300.1 301.8 303.1 307.4 317.3 328.4 343.4 358.9 381.7 419.5 448 474.4 492.4 512.6 527.2 537.2 528.7 507 483.5 474.7 454.7 428.5 395.8 372.9 355.4 329 310.4 294.8 280.4 274.6 269.8 266.7 265.5 260.1 250.6 248.4 246.7 247.5 249.5 253.9 260.8 264.2 267.9 270.8 273.8 276.3 277.7 278.4 277.5 277.5 280.5 281.7 282.4 280.5 281 282.8 283.3 283.4 281 281.4
426.5 413 407.1 397.2 387.9 381.8 374.9 359.7 354.1 344.2 334.9 325.9 315.9 308.8 305.2 305.1 304.7 304.4 301.7 302.7 303.8 308.9 318.5 331.6 349.1 368.5 398.1 431.7 464.8 486.9 507.1 529.1 542 540.9 530 513.6 485 481.7 469.4 453 434.8 409.2 368.3 333.6 316.7 301.5 284.7 278.6 277.4 274.6 268.2 261.6 250.1 247.6 247.1 248.1 252.4 255.4 259.8 263.9 267.9 271.3 273.9 275.7 277.3 277.6 277.3 279.1 279.7 281.1 283.2 282.5 283.7 284.3 285.6 285 283.1 281.7
422.5 418 402.9 395 385.9 372.4 361.6 355.6 345.3 336.6 328.3 318.5 311.4 305.1 303.1 304.8 304.5 303.6 300.2 303.1 304.6 310.9 323.2 340.2 357.4 378.7 407.4 437.1 472 500.1 522.1 540.2 544.7 539.6 524 504.5 481.6 472.7 464.8 450 432.8 407.2 365.7 338.1 323.5 306.2 292.3 285.3 280.9 276.3 270.2 259.1 249.4 247.8 247.8 247.8 249.4 251.4 256.8 263.1 267.5 271 273.4 274.6 276.6 276.7 276.9 277.8 280.8 281.6 283.9 284.5 286 286.5 289.9 287.9 284.6 282.8
423.4 411.8 402.5 390.8 380.8 370 358.6 350.4 338 330.4 321.8 312.7 307.5 303.3 303.5 303.4 302.9 300.9 301.8 302.5 308.2 315.7 333.2 350.9 366.3 388 413.9 445.9 483.5 511.1 531 543.2 543.8 529.5 511.5 492.4 476.2 467.3 457.7 444.1 428.5 404.8 371.6 346.2 330.3 315 300 290.8 283.8 273.1 265.1 254.3 248.6 247.9 247.9 247.3 248.9 251.4 255.4 262.1 266.3 270 273 274.7 274.8 275.2 275.5 277 280.6 284 286.6 288 290 291.4 292.6 289 285.8 284.4
422.7 409.1 400.1 391.3 381.8 368.2 355.6 341.9 335.9 323.8 315.9 308.3 304.8 302.1 302.3 301 301.7 302.6 304.2 306.2 307.8 321.6 339.5 356.8 374.1 399.4 435.3 467.2 497.2 526.5 544.8 551.3 541.5 519.8 498.4 479.8 464 454 444.8 436.3 424.6 408.5 383.7 350.4 332.4 322 306.9 292.1 278.2 268.1 261.8 254.8 248.2 247.9 247.6 249.9 249.3 252.2 255.9 261.5 265.5 269.4 271.9 273.8 273.9 273.6 275.4 278 280.6 285.8 288.7 290.5 292.5 295.3 295 291.7 288.3 286.2
422.1 409.8 402 394.6 383 367.2 350.1 341 328.9 317.7 312.4 305.6 303.2 302.3 300.3 302.6 303.6 304.8 307.4 312.4 319.5 329.1 345.9 366.8 391.2 415.5 451 483.1 513.1 536.5 549.4 548.8 530.2 510.4 490.2 469.1 454.2 443 436.2 429.5 414.8 399.4 378 351.8 334.6 322.9 310.3 288.9 279.7 270.6 261.7 252.7 248.2 247.9 246.7 248.5 249.3 252.2 255.4 259.7 264.6 268.3 271.3 272.4 271.4 272.9 275.9 280 282.7 286.7 289.4 294.1 296.4 297.3 296.1 292 291.5 290.4
420.2 408.2 401.2 389.8 387.3 365.2 349.4 340.5 325.8 316.3 308.8 304.2 303.6 301.6 301.8 302.4 303.7 307.6 314.3 322 333.8 344.4 365.2 379.3 402.5 434.6 465.6 494.8 530.6 549.6 548.4 539.1 519 499.9 476 457.7 444.3 436.7 430.9 421.9 409.3 394.4 375.6 350.3 336 320 303.4 292.2 282 270.4 259.4 249.7 248.3 247.4 247.5 248.2 249.2 251.7 254.8 258.1 262.9 267.1 270.1 272.2 270.1 272.4 277.6 280.7 285.4 287 292.8 298.1 299.7 299.7 298.2 294.8 294.1 292.1
423.6 410.6 397.3 386.7 380.7 365.8 346.6 338.5 322.7 313.5 306.2 302.1 302.5 300.6 302.9 303.4 304.6 311.2 318.6 330.3 349.8 371.5 385.9 395.1 416.8 451.9 478.6 508.9 541.2 552.2 546.6 529.5 507.8 487 463.8 448.7 436.5 430.5 423.9 417.1 405.6 391.9 372.7 350.3 326.8 321.7 308 292.4 279.8 266.7 258.6 249.7 248.4 247.7 248.6 248.3 249.2 253.3 255.2 258.5 262.4 266.4 271.6 272 269.4 273.1 278.9 282.4 285 290 296.4 301.6 302.2 301.9 301.6 297.6 298.4 297
418.3 408.1 396.5 384.9 373.4 359.2 349.7 336.5 320 310.2 303.2 301.1 301.5 301.6 303.3 303.8 309 316.3 325.9 338.2 362.5 385.6 408.7 421.5 440 471.4 497.3 530.9 546.3 555.5 543.8 521.5 496.6 471.3 452.4 442.6 430.5 425.2 420.7 410.4 400.5 384.8 368.4 348 339.8 330.2 307.6 293.6 282.1 268.5 256 249 248.2 246.9 248.1 248.7 251 252.6 255.4 259.1 262.4 266.3 270.8 270.8 269.3 273.4 278.7 282.3 285.8 290.4 296.6 302.1 304.5 304.7 306.8 302.7 301 300.3
417.9 411.8 394.1 384.2 370.6 359.5 349.9 332.7 317.9 308.3 302.9 303.2 304.4 304.5 304.1 306.2 313.8 323.8 334.3 350.2 372.8 395.6 413.4 434.5 463.6 495.2 520.1 545.8 553.8 552.8 535.2 510.6 484.8 464.6 447.4 436.3 428.2 423.1 416.1 409.2 395.9 377.8 364.9 352.7 345.4 326.6 305.5 290.4 281.6 267.4 256.3 249.3 248.5 247.6 248.4 249.9 251.2 254.2 255.6 257.6 262.2 266.2 268.6 268.3 268.6 272.9 279.2 282.7 285.2 290 296.7 300.9 305.3 307.6 312.5 305.8 304.3 304.1
415 418 397.6 389.4 373.4 358 351 332.3 319.6 308.2 302.8 304.5 306.1 306.3 306.1 308.5 318.9 329.4 344.1 361.3 384.6 408.6 431.8 456.1 483.2 506.1 533.8 554.6 557 547.9 528.6 503.6 478.9 460.2 446.3 434.5 426.6 422.1 418 403.7 390.7 376.3 365.4 360.3 350.5 324.6 303.3 290.7 277.5 263.2 252.7 249.1 248 247.6 248.5 249.7 250.8 253.1 256 258.4 260.8 264.3 267.5 266.9 270.6 272.2 277.6 281.3 285.3 290.6 297.5 301.5 305.5 308.4 312.3 308.3 307.1 307.1
411.3 409.7 400 391.3 375.8 358.4 346.3 330.3 315.8 306.7 304.4 305.5 306.2 307.2 308.6 311.8 320.5 333 353.6 374.4 406.2 424.4 446.4 467.4 499.1 518.5 544.5 560.7 559 544.2 519.7 490.1 469.4 454.3 443.1 434 427.5 420 408.3 400.4 393 383.2 376.9 370 351.3 330.6 310.4 291.1 276 259.1 250.3 249.1 247.6 248.6 248.9 248.9 251.7 254.1 256.5 259.6 260.7 263.4 265.8 266.1 271.3 272.7 277 282.8 286.2 290.2 296.2 302 305.8 308.1 310.5 310.7 311.1 310.5
409 404.6 397.3 390.2 377.4 357.2 341.1 326.2 313.3 306.3 308.2 304.8 305 308.1 311.3 317.3 324.8 338.9 361.4 385.7 417.7 436.4 462.4 484.8 513.1 530 547.9 555.8 556.2 542.6 517 489.3 472.9 456.7 444 433.9 427.6 418.1 416.7 409.8 402.8 395.4 390.9 380.5 357.5 333.4 308.3 286.3 271.1 255.2 248.7 248 248.1 249.2 249.3 248.8 250.3 254 257.8 261.1 262.9 263.8 265.2 266 269.6 273.7 277.2 282.8 287.3 292.4 299.8 302.8 306 309.1 311.3 312.3 315.3 313.9
408 401.9 393.6 385.8 376 355.7 336.3 320.4 312.8 308 307.4 306.5 305.9 309.1 314.3 322.6 331.9 345.7 367.2 392.7 423.8 449.2 477.9 502.6 527.3 539.3 552.3 557.5 552.9 538.7 511 488.9 476 459.7 446.5 436.9 425.9 423.2 427.2 425.7 416.7 410 410.1 390.4 375.8 333 306.4 282.5 267.3 253.5 248.1 246.8 248.9 249.6 249.6 250.1 251 255.8 259.1 262.3 264.3 265 265.5 265.8 269.5 272.3 276.2 281.6 287.2 293.4 298.8 303.6 306.4 309.6 311.3 313.8 317.3 316.4
405.4 399.1 392 384.7 376 353.3 336 321.7 313.9 310.4 309.7 308 308.1 312.9 319.7 330.1 338.1 352.7 374.5 400.2 430.3 458.2 487.3 515.2 541 549.2 556.5 559.2 551.7 536.3 511.7 496 484.6 466 448.4 436.6 433 430.4 438.2 442.1 434.5 426.7 420.4 409.6 371.4 329.1 302 280.6 264 251.2 247.9 248.6 249.3 249.6 249.9 251 253.4 256.9 260.3 262.9 265.4 266.9 266.6 267.4 269.6 273.4 275.8 280.4 286.8 294.2 299.1 301.9 305.4 309.8 311.7 314.2 316.4 317.5
405.2 398.2 390.9 379.4 368.5 353.6 335 322.7 314.1 310.4 314.3 310.5 312.7 316.7 325.1 333.6 342.6 358.6 381.2 407.3 440.1 470.8 505.1 534.3 551.6 557.7 561.5 559.1 551.6 536.3 513.9 502.2 489.5 468.3 451.3 453.4 452 445.6 456.3 459.3 451 446.4 437.7 410.7 361.3 326.4 297.8 276.3 261.9 250.1 248.3 249.6 249.4 249.7 250.2 252.3 255.3 259 262.3 264.2 266.9 269.7 269.1 268 269.7 271.6 274.7 280.2 286.9 291.8 298 300 303.7 309.1 310.9 313.1 315.8 317
404.1 398 388 375.7 362.7 352.5 339.7 321.3 315 312.5 315.7 311.7 316.6 320.2 328.6 335.8 345.3 363.5 387.5 417.5 448 482.3 517.8 544.1 555.7 563.1 563.5 563.1 551.4 536 519.1 504.4 487.1 472.2 464.6 472.7 467.2 460.6 465.7 472.9 474.5 465.5 446 424.4 363.3 322 294.6 275.3 259.8 249.4 248.2 248.8 249.6 249.9 250.5 253.7 257.9 261.5 264 265.9 267.8 270.4 271.1 269.8 269.1 271.1 274.2 280 287.2 294.1 297 298.4 303.6 308.4 311.3 314 316.1 317.2
402 392.5 384.9 376.2 362.2 353.3 336.2 321.5 317.4 315.3 314.7 315.5 317.8 324 328.1 337.4 349.5 369.5 394.1 426.2 460.2 499.4 522.5 545.1 559.8 564.4 567.2 563.5 553.3 536.7 520.4 504.4 498.7 493.8 480.7 490.9 484.3 478.3 487.9 495.9 492.6 479.7 464.1 427.7 358.4 323.2 293 273.5 258.4 249 247.8 247.9 249.6 250 251.4 256.4 260 262.5 264.8 266.9 268.9 271.5 272.5 271.7 269.1 271.7 273.9 279.3 286.9 292.1 295.1 298.7 303.4 307.2 311.4 313.9 316.3 317.9
402.6 390 381.2 371.7 359.1 345.7 334.6 318.6 316.6 315.2 315.6 318.4 320.7 325.5 331.2 342.4 358.1 376.6 402 438.1 472.5 506.3 529.6 548.3 561.8 565.6 566.5 563.5 550 531.5 522.8 522.2 517.8 501.1 498.2 504.5 500.5 495.3 501.3 512.8 509.3 491 468.3 422.9 359.5 325.1 295.7 273.9 259.1 250 248 247.6 249.2 249.7 252 258.1 261.5 263.3 265.6 267.8 270.2 273.2 274 273.2 272.6 271.7 274.8 279.1 286.4 293.7 296.8 299.7 304.6 306.1 309.3 313.4 315 317.1
399.8 388.8 380.9 368.9 356.6 343.6 341.9 323.3 317.2 317.4 319.7 323.2 325.1 330.5 336.4 351.8 366.4 385.5 411.7 448.1 479.7 511.7 536.4 555.1 559.6 559 563.3 559.6 546.9 539.5 534.8 536.5 519 517.6 512.5 517.6 509.2 506.5 515.7 522.1 514.6 495 452.1 407.5 364.9 327.1 298.4 277 260 250.3 247.3 248.8 247.1 249 251.8 256.4 260.8 263.4 266.5 268.7 272 273.4 274.6 275.5 274.9 274.5 275.6 279.5 284.4 289.3 293.7 298.9 302.5 305.6 308.7 312.8 313.7 316.7
397.7 386.3 376.7 361.4 350.7 344.1 332.8 323.9 319.4 321.7 324.6 327 330.9 336.3 345.7 363.9 381.6 399.6 422.6 454.5 488.5 515.6 539 552.6 554 557.8 553.6 551.9 552.4 548.7 546.2 537.3 534.7 538.4 534.3 528 526.2 517.3 531.8 533.9 522.7 494 450.2 401 361.7 327.2 298 276.6 260.6 250.4 248.6 247.8 246.8 248.5 250.3 254.7 259.2 262.8 267 270.1 272 273.8 275.2 276.9 277.2 277.5 276.9 279.7 281.9 288.4 295.2 297.5 299.6 306.7 310.5 308.9 313.7 316.1
393.8 383.8 373.9 358.4 350.2 337.7 329 325.9 327 329.8 333.1 335.7 339.6 344.8 359.3 378.8 398.5 416.3 440.9 466.2 498.3 518.4 534.4 543.2 549 549.6 545.4 546.3 548.3 543.7 542.5 541.7 541.7 540.8 537.8 536.7 536.9 535.2 537.4 529.1 517.1 491 440.4 398.4 353.8 321.2 293.5 270.8 259.6 252.2 248.1 246.8 249.4 250.3 252.3 255.4 258.8 262.8 267.4 270.8 272.7 274.2 275.9 278.5 278.7 278.8 280.1 280 281.1 285.8 291.3 295.3 298.3 303.2 306.6 309.1 314.5 317.3
391.2 382.4 369.7 357.1 348.6 336.1 328.6 332 336.1 341.6 344.6 345.9 354.7 358 378.3 403 431.9 440.9 460.3 481.7 503.4 517.7 528.4 533.5 533.4 534.7 538.7 538.6 537.2 535.5 534.8 528.9 529.6 529.3 530.3 529.4 524.7 524.4 523.2 515.4 496.5 470.8 430.5 388.5 346.2 314.2 289.2 269 258.2 251.9 249.1 248.7 249.5 251 252.5 255.4 261 264.7 267.7 271.2 273.4 273.4 278.9 281.3 281.2 281.8 281.6 282.2 280.9 283.6 287.5 291.9 297.8 299.8 302.8 308.3 313.5 318.3
