WholeMapElevations/data/nn/nn47_OST50GRID_20230518/NN47.asc
ncols 200
nrows 200
xllcorner 240000
yllcorner 770000
cellsize 50
[rows 0 to 34 of 200, columns 0 to 76 of 200]
308.6 307.5 305.2 304 303.8 302.4 302 302.7 303.7 305.1 307.3 313.4 316.3 321 325.2 328.7 332 336.8 342.8 347.8 353.3 361.9 365.4 371.1 377.1 382.8 389.8 401.8 410.3 414.5 424.1 432.1 445.2 456.4 463 474.2 473.4 478.4 484.3 485.5 487.3 489.6 465.8 437.4 405.1 382.2 368.6 357.6 347.2 342.6 337.1 332.2 333.1 331.7 331.4 328.5 327.2 324.2 318.8 319.2 317.9 314.4 310.3 307.6 306.2 318.1 325.6 330.8 336 344.4 357.1 366.6 377.6 389.8 401.2 409.8 416.8
308.1 305.2 303.9 303.6 303.8 303.2 302.4 303.7 304.3 305.2 309 315.8 320.9 325.3 328.6 332.4 337.2 341.6 347.4 353 359.3 365.7 370.9 375.3 382.2 389.4 396.5 405.6 411.8 419.1 432.9 443.2 455.4 470.3 477.7 481 480.2 484 485.5 482.2 478 478.8 454.3 419.5 395.5 379.5 366.6 355.8 347.4 343.2 338.3 336.3 330.2 329 330.2 328.9 325.7 322.7 320.3 318.4 315.9 313.9 312.1 300.8 315.2 317.3 328.6 336.2 340.8 349 360.1 370.6 380.8 392.7 406.2 415.3 420.1
305.8 303.8 303.5 304.2 304.5 304.1 305.2 308.1 309.1 313.3 317.1 316.6 322.9 327.9 333.1 337.8 341.8 346.7 351.8 357.4 361.9 371.3 376.3 380.7 386.8 394.7 401.3 410 421 429.2 442.6 454.3 464.9 473.1 484.6 489.4 494.6 493.4 494.7 484.1 460.8 450.5 433.4 409.3 396.6 377.4 364.3 354.6 351.3 345.8 340.3 337.1 331.3 327.4 324.6 324.6 322.5 321.6 320 318.4 313.4 311.4 302.1 316.6 320.9 327.3 329.4 335.5 342.2 353 363.8 377.1 385.6 394.2 404.3 413.9 422.1
307.2 304.7 304.2 304.4 305.2 307 309.7 310.8 315.1 315.4 322.4 324.9 327 333.7 336.8 342.4 345.4 350.2 355.4 360.7 367.7 375.3 380.4 388.5 395.1 401.8 410.8 421.8 435 450.7 464.6 475.7 483.1 487.8 494.3 497.7 498.1 497.8 490.7 481.2 455.4 428.9 414 405.1 392.6 374.4 361.6 355.5 352.7 349.4 343 337.4 332.7 329.5 325.6 323.1 322 319.3 317 315.2 311.4 304.8 308.9 318.2 323.5 334 339.6 339.8 345.9 354.2 363.9 375.5 386 398.7 408.9 416.2 421.5
306.2 306.2 307.9 308.2 307.8 308.1 309.4 311.7 315.4 318.9 324.1 327.8 333.2 337.1 341.2 345 351.1 356.7 362 367.2 371.1 378.1 386.3 397.1 402.7 410.2 420.6 432.9 447 469.9 484.6 494.2 496.7 504.5 505.8 498.8 494.4 491.2 477.9 462.7 435.5 412 401.2 390.7 381.7 368.1 359.6 355 351.3 348.3 343.8 339.4 334.9 332.8 328.9 323.6 321.1 318.9 314.2 310.5 305.3 309.3 314.8 319 323.3 333.7 341.7 343.2 348.2 355.8 363.7 375.8 385.4 396.4 404.5 410.8 416.9
308.2 309.7 310.8 312.1 313.7 313.7 315.3 318.3 318.3 323.3 329.2 331.2 336.9 342.3 347 351.6 356.7 362 368.5 374.4 378.5 383.8 392.8 401.5 409.1 419.3 429.1 438.8 454.5 473.1 489.6 497.5 507 509.9 510.3 503.6 490.5 474.2 467.6 440 414.1 404.8 395.2 385.7 374.6 366.7 361.7 356.2 351.8 347.9 343.5 340.6 335.4 332.5 329.3 324.7 319.1 316 312.2 311 310.3 314.8 320.9 321.6 327.4 332.1 338.2 343.8 350 357.6 367.4 377.4 385.4 394.4 402.6 408.4 411.9
311.3 311.5 313.8 315.1 317.2 317.8 322.3 325.1 323.5 327.6 334 337 343 347.7 353.6 358.5 364 369.5 376.5 383 389.3 393.3 399.4 410.5 424.1 430.7 437.4 446.3 456.6 472.9 487.4 502 506.3 508.7 503.7 487.7 470.2 448.8 436 414.9 406 396.5 388.4 379.8 374 368.4 363.9 358.7 354.4 351.2 346.8 340.1 333.2 330.1 326.7 322.7 319.2 313.8 311 309.3 310 319.3 323.3 323.6 331.1 336 340.2 345.5 351.1 359 368.7 378.4 386.1 394.4 401.5 408.3 414
313.6 313.5 316.5 318.2 319.3 319.9 322.9 329.7 330.9 331.1 336.4 343.2 348.3 353.8 359.1 365.2 369.7 377.4 383.8 389.6 395.9 400.1 412.3 419.1 428.2 436.1 443.4 451.7 462.2 471.2 486.2 493.4 501.9 489.6 489.5 473.3 445 429.7 412.5 405.7 398.5 390.7 382.3 376.2 371.9 367.9 364.6 359.5 356.8 355.1 346.6 341.9 335.3 328.4 324.1 324.5 319 314.1 311.1 311.8 312.3 314.3 318.9 323.5 331.5 337.3 340.3 345.4 352.7 358 368.3 377 384.9 392 399.2 407.5 413.8
316.3 315.9 319.4 319.7 319.8 322.1 324.8 332.7 339.1 342.4 344.9 349.3 353.1 359.6 365.5 371.4 378.3 382.9 388.3 394.9 402.4 409.3 418.2 425.4 433.5 438.8 444.8 455.5 463 469.5 475.1 479.2 471.6 466.9 454.3 439.4 420.6 411.6 404.3 397.3 391.8 384.2 377.7 373.1 368 365.9 362 360 357 352.5 348.8 341.8 335.6 329 323.3 321 316.4 312.5 313.4 314.4 311.5 316.3 319.6 325.7 332.5 336.3 342.1 348.1 354.4 360.7 368.3 375.5 382.6 388.4 395.2 399 401.6
319.4 318.7 321.6 324.7 325.3 323.9 328.7 335.2 341.4 346.1 349.2 353.6 358.7 364.3 370.2 377.4 383.1 388.2 392 398.9 405.8 414.2 422.6 427.8 434.1 438.5 445 449.3 452.7 457.1 457.3 452.8 446 438.8 430.1 418.1 410.5 403.3 396.6 391.1 385 379.5 374.4 370.5 366.6 363.4 359.4 356.5 353.8 352.1 348.2 340.5 333.9 329.4 323.7 318.2 309.5 315.8 316.2 315.3 316.2 313.2 320.8 331 335.4 335.9 340.8 346.4 354.8 361.2 367.1 373.8 378.7 383.8 387.7 390.9 392.7
322.3 321.6 324.4 331.6 330.8 327.4 335.6 340 343.8 347.9 352.4 357.2 362.4 369.2 375.2 381 386.1 391.2 396.2 402 409.3 416.4 423 428.1 429.9 436.5 439.5 438.7 438.2 440.6 438.2 432.8 429.2 423.1 415.5 408.5 402.7 396.9 391.4 385.9 380.3 375.7 372.3 368.5 370.5 362 359.4 354.5 350.1 346.4 343.8 336.6 331.2 329.8 322 316 314.7 316.9 317.2 317.5 319.3 323.6 319.1 328 331.3 335.1 339.4 350.3 357.3 361.6 365.7 370.9 376 380.2 382.5 384.4 386.4
324.4 323.7 326.4 335.1 335.6 338.3 341 345.4 350.8 354.5 359.3 362.4 368 372.6 379.1 382.4 389.7 394.4 399.2 405.7 410.4 416.8 423 426.3 428.2 428 428.4 428.7 427.8 427 423.7 420.4 417.1 411.9 407.8 401.8 396.3 391.1 386.4 381.5 376.9 373.2 371 368.7 366.9 367.5 359.2 353.3 348.8 342.9 336.1 332.1 331 326.1 318.3 311.9 317.8 318.7 318.6 319.2 324.5 327 324.4 327.2 333.7 339.2 342 348.4 355.5 360.8 365.1 368.8 372.7 374.8 377.8 378.9 380.4
324.7 326.6 328.4 337.3 339 342.2 346.5 350.6 355.3 358.9 364 369.6 372.4 377.2 381.5 385.3 390.4 395.5 400.5 406.4 411.1 416.3 419.6 422.5 422.4 422 421.6 420.1 419.4 418 414.9 412 408.5 405 401.8 396 391.7 385.4 382.1 378.1 374.1 370.8 368.4 366.5 364.8 362.8 360.8 354.8 348.1 342.3 335.6 329.2 323.9 321.3 317 314.4 318.7 319.7 320.7 322.3 324.5 327.3 326.1 332.3 335.9 340 344.9 351.2 357.6 361.3 363.3 367 368.9 370.2 372.3 374.4 376
328.1 329.9 331.4 340.3 341.7 346.5 350.6 354.3 358.9 363.2 367.6 373.2 377.6 379.9 383.8 388.1 392.2 397.4 401.9 406 410.2 414.4 415.9 415.9 415.6 414 414 414.2 412.7 409.6 407.7 405.1 401.3 397.6 394.2 390.8 386 381.9 378.1 375 371.1 368.5 365.5 362.7 361 359.3 357.5 354 349.5 339.9 334.1 326 321.1 318.2 314.4 317.9 320.3 320.6 321.7 324.1 325.6 331.4 328.9 332.4 338.2 340.7 346.2 351.2 356.2 358.1 360.1 363.4 364.7 366.7 367.7 369.8 370.7
331.3 337.9 336.9 342.6 345 348.9 353 357.3 361.6 366.2 370.7 374.9 378.8 383.3 387 390.3 394.3 398.3 402.3 405.9 408.6 410.3 412.7 410.4 410 409.8 409.5 408.4 406.1 404.8 402.1 399.2 394.9 392.7 389.1 385.7 382.1 378.3 375.1 371.3 367.2 365.1 362.6 358.9 356.7 354.3 352.1 349.5 348 337.2 327.2 320.3 318.7 314.9 319.3 320.3 320.5 321.5 322.5 324.8 327.1 328.4 330.9 332.6 336.7 340.1 343.3 347.7 349 353.8 356.4 358.1 361 363 364.9 366.5 367.7
333.1 343.3 344.5 344.1 348.6 354.1 356.8 360.8 364.6 368.7 373.3 378.5 381.2 385 387.5 390.8 394.2 397.7 401.3 402.3 404.7 406 405.6 404.4 403.5 402.8 402.8 401.9 400.7 398.2 396.4 392.9 390.3 387.6 384.4 381.1 376.9 374.6 371.7 368.3 363.3 360 357.9 355.2 352.6 350.2 345.3 343.7 341.8 330.2 321.8 319.6 316 320.2 320.9 321.4 321.4 321.9 324.2 326.7 328.8 330.8 333.1 335.9 336.4 337.5 339.4 340.5 343 344.1 349.1 349 348.2 356.7 361.8 364.9 366
341.3 343.6 347.9 350 352.8 356.7 359.2 362.9 366.4 369.5 374.6 378.7 381.5 384.2 388.3 390.4 393.9 396 398.5 399.1 400.4 400.2 400.2 399.8 398.8 398.1 397.6 396.8 395.1 393.4 391.2 386.8 385.8 382.8 379.9 376.7 373.9 371.9 367.5 363.2 358.8 356.6 352.8 350.7 348 343.2 339.7 334.8 330.4 320.7 317 321.9 324.1 324.3 323 322.3 322.6 322.6 326.2 329.2 331 333.2 336.1 337.2 339.1 340.4 341.9 346.9 348.6 352.7 354.9 355.8 357.1 358.9 354.4 361.5 365.3
346.4 341.1 348.9 352.7 355.2 360.7 360.2 365.6 368.6 372.5 375.4 378.9 381.4 384 386.6 389.6 392.2 393.9 394.8 395.5 397.1 397 396.1 395.9 394.9 394.2 392.7 392.1 390.8 388.5 385.8 383.7 381.8 379.9 376.7 373.5 370.3 366.9 363.2 358.6 355.9 353.4 349.9 346.8 341.2 335.3 329.3 326.1 323.1 320.7 327.3 325 324 324 323.2 323.2 323.1 322.7 325.9 330.1 332.9 336.2 338 341.7 345.1 346.4 344 351.7 352.6 355 359.8 359.3 359.8 361 365.9 361.1 361.1
348.3 347.9 344 352.4 357.5 359.8 362.7 365.4 367 372.1 375.6 378.5 381 383.6 386.4 387.9 389.4 390.6 390.9 391.8 392.7 393 393.3 391.2 390.9 391 389.6 388.1 386.2 384.4 383.8 383.3 379 375.6 372.5 369.1 366.4 360.5 356.8 355.3 351.9 350.4 347.8 342.4 337.6 332.4 327.7 324.7 321.9 320.7 320.7 326.4 327 325.5 325.3 324.3 323.4 323.4 325 330.6 333.8 336.7 340.9 344 348.8 351.1 349.6 353.8 356.5 358.4 359.7 360.4 361.6 364.9 367.7 366.1 365.4
350.2 350.8 351.9 349.1 359 362.4 366 368.9 370.7 372.5 374 376.9 379.7 381.9 383.9 386 386.6 386.8 388.5 388.9 389.7 389.4 389.4 389.1 388 386.8 385.8 384 383.2 382.8 381.1 374.7 373.1 369.2 367.4 365.7 362.5 359 357.2 353.3 349.2 344.9 342 337.6 334.4 330.6 326.9 323.8 323.4 320.7 320.7 329.1 328.9 328.6 328.8 325.8 324.8 324.4 327 332.7 336.3 340.6 345.4 349 353.5 355.5 353.5 357.8 359.6 360.7 361.2 363.1 365.2 367.1 368 368.6 369.8
351.8 353.8 352.1 351 356 362.3 366 368.6 371.5 373.2 375.6 376.9 378.3 380.4 382.2 383.4 383.7 384 384.8 385 386.7 386.3 385.6 385.9 384.6 384.3 382.1 381.9 380.1 376 373.7 372.1 371.1 369.2 366.2 362.8 360.4 357.7 354.9 350.4 346 338.1 332.8 330.9 329.6 327.1 324.4 325 324.9 321.6 322.3 330.1 329 328.8 328.8 327.8 327.4 325.9 328.4 333.4 339.5 344 352.6 357.6 359.6 360.7 357.2 359.7 360.4 361.8 364.3 365.5 365.8 366.6 368.3 370.1 371.7
353.6 355.2 351.2 354.3 361.2 363 365.6 368.7 370.3 371.7 375.9 377.9 379.3 380.8 381 380.6 381.8 382.7 382.1 382 383.5 383.5 383.6 382.7 382.2 380.8 379.9 376.8 375.2 374 372.7 369.9 368.3 365 361.5 358.7 355.9 350.8 347.4 343.9 341 334 330.9 328 328 326.3 326.9 324.6 324.8 322.9 325.1 326.6 327.9 328.3 328.9 328.6 328.2 330.4 333.1 335.3 339.4 345.9 359.9 362.9 364.6 359.3 362.3 362.5 363.5 366.4 365.8 366 366.9 367 368.6 372.5 375.1
355 354.2 354.2 355.7 360.5 363.8 366.6 369.8 371.1 373 374.1 375.8 376.9 377.4 378.7 379.1 380 379.3 379.9 380.9 381.1 380.5 380.8 380.7 379.6 379.1 377.4 374.8 373.1 371.5 369.4 366.4 364.9 360.4 354.7 350.4 347.4 344.5 341.4 337.9 335.5 331 329.5 329.7 329.7 329.4 328.5 325.4 326.8 323.7 324.8 326.5 327.2 328.5 329.1 329.3 330.4 337 339.7 343.3 348.4 355.2 366.2 367.3 363.2 365.2 365.4 367.3 367.2 366.9 367.5 367.8 368.6 369.9 372.8 377.3 381.6
357.3 357.8 354.2 359.7 363.2 363.8 365.7 367.8 370.1 371.8 372.7 374.3 375.2 374.3 374.9 377.1 377.6 377.9 377.6 378.2 379.1 379.5 378.6 378.4 377.7 376.3 375.5 371.6 370.9 367 365.6 360.1 355.4 352.1 348.8 346.3 343.8 340.4 336.3 334.1 332.4 330.4 331.3 331.1 330.6 330.7 328.7 326.1 325.7 324.5 325.5 326.7 326.8 327.9 329.7 330.8 334.5 339.8 346.7 352.1 359.7 361.7 368.3 365.3 364.3 365.8 369.5 369.4 368 368 368.4 369.4 371.9 374.4 378.6 382.4 386.1
359.4 359.7 361 354.5 360.3 363.8 365.4 367.7 369.3 370.4 372.2 372.4 372.7 373.2 374.2 374.1 375.9 376.1 376.4 376.3 376.4 376.4 375.5 375.6 375.4 374.3 372.3 369.4 366.2 361.4 355.2 352.5 349.9 348 345.4 343.3 340.5 337.4 334.1 332.8 332.6 332.7 332.3 332 331.2 331.1 330.6 328.4 328.7 323.2 326.3 327.1 327.9 328.5 330.7 334.2 344.6 347.8 357.7 362.4 365.6 366.5 367.4 366.1 365.8 368.3 371.2 368.8 368.7 368.9 369.6 371.7 375.9 379.6 384.4 386.8 388.3
360 360.2 359.9 354.8 361.3 364.3 364.5 367.2 367.6 367.7 368.9 370.6 371.4 372.3 373.2 373.2 373.8 374.3 375.5 374.7 373.8 373.7 372.7 371.4 371.6 371 366.6 360.7 357.6 354.5 352.6 350.9 347.3 344 341.6 339.5 337.7 335.6 334.4 333.5 332.8 332.4 332.4 332 331.8 330 329.5 327.9 326.6 323.3 326.8 328.3 328.6 332.2 333.4 337.5 345.4 360.6 369.9 368.8 368.9 369.9 369.1 366.9 367.9 369.2 370.2 369.5 370 371.1 372.5 376.8 381.5 385 389.7 393.6 394.9
360.1 360.9 360 359.3 358.8 362.5 365 366 367.1 368.3 368.9 369.7 370.5 371.8 372.9 372.5 372.5 373.2 372.8 372.1 372.4 372.1 370.4 368.4 368.1 363.2 358.6 356.3 353.9 352.6 350.7 348.5 346.9 345.8 344 342.4 340.9 339.2 337.7 336.5 334.9 334 333.2 332.8 334.4 329.1 328.3 327.6 327 326.6 325.6 328 329.8 334 338 341.1 348.9 360.3 374.3 374.4 370.8 370.3 369 369.5 371.7 370.3 370.1 370.2 371.5 375.4 377.8 382.7 387.3 390.7 396.5 400.3 404.5
359.1 359.8 362 361.9 359.5 360.4 363.6 365.6 367.2 368.2 369.5 370.3 371.2 371.6 371.1 370.2 369.9 369.6 369.9 370.1 368 367.9 366.6 364.3 360.4 358.1 355.5 354 352.2 352.5 351.6 350.5 349.2 347.6 346 344.8 344 342.7 340.5 338.7 336.8 335.4 333.6 332.7 334.1 328.5 328.3 328 327.5 327.4 326.9 328.3 331.2 337.8 342.3 346.5 356.1 369.1 369.6 373 371.6 370.9 369.8 370.1 370.3 371 371.1 372 375.2 379.4 384.4 389.1 392.9 399.9 406.5 407.4 410.8
353.8 358.6 360.1 360.4 360 362.6 363.5 367.1 368.8 369.6 370.1 370.2 369.3 367.9 368 367.7 368 367 366 366.7 366 365.3 363.6 360.3 357.3 356.6 354.4 353.2 354.1 353.7 353.4 352.6 351.2 349.5 347.9 346.3 345.3 343.9 341.7 339.8 337.8 334.8 333.7 333 330.7 329.1 328.9 328.8 327.9 327.7 324.8 331.3 333.5 340.9 348.8 354.8 363.7 364.3 368.6 371.9 371.7 371.4 371 370.6 371.1 371.5 373.1 376.7 381.2 386.9 391.9 398 402.4 411.7 418.6 420 421
351.2 352.3 356.9 360.5 362.6 362.2 362.9 364 364.6 365 365.8 365.6 365.9 365.8 365.6 366.2 364.8 364.8 365.4 365.6 363.9 361.3 359.7 357.8 356.3 356.3 355.8 355.4 355.3 355.2 354.7 354.1 352.7 351.3 349.3 347.6 346.1 344.9 343 340.9 339.9 336.7 333 333.3 330.9 330.7 330.7 326.6 326 325.5 329 331.5 334.4 349.6 359.6 360.8 363.1 367.4 367.7 370.3 370.8 370.6 370.9 370.7 372.3 374.9 379.2 383.9 389.1 395 401.1 406.1 413.7 422.2 431.2 430.9 429.4
351.4 353.3 356.2 357.2 358.6 361.4 363.7 364.4 364.7 364.3 364.3 364.5 364.7 365 364.3 364.2 366 365 364.5 364.6 361.5 359.1 357.9 357.6 357.9 358.1 357.1 356.7 357.1 356.5 356.2 355.1 353.6 352.3 351.1 349.6 347.6 346 343.4 341.3 339.1 339 333.4 335.4 330.1 326.6 327.7 328.2 329.9 328.9 330.7 331.2 342.5 355.9 363.2 371.4 369.3 369 369 369.5 370.1 371.4 371.5 372.3 375.5 380.7 386.2 394.3 398.4 406.7 414.7 425.3 432.7 437.9 442.5 442.3 439.1
354.1 355.1 354.4 355 356.1 358.7 360 361.3 363.9 362.9 363.3 363.3 363.6 362.8 363.9 363.5 365.2 363.7 362.6 360.7 359.2 359.3 360.3 360.7 360.4 361 359.6 358.7 358 357.7 357.3 355.9 354.6 353.7 352.8 351.8 349.8 346.3 343.4 341 338.1 336.1 336.3 332 327.3 328.3 329.1 329.2 330.8 330.1 331 331.5 339.5 356.3 369.6 375.4 376.4 372.2 368.9 371.5 371.4 372.2 373.7 376.3 383.1 388.4 396.2 403.6 414.2 426.8 437.4 442.1 450.8 453.6 457.7 460.9 458.8
357.8 358.6 358 358.2 358.2 359.2 360 360.1 360.1 361.2 361.8 361.2 362.1 361.9 363.6 362.9 364.3 362.9 363 360.6 359.6 360.3 361.5 363 363.8 363 361.3 361.1 358.9 359.8 358.9 358.3 356.7 355.4 354.3 353 350.5 346.6 343.2 340.7 337.6 336.1 337.8 332.7 327.3 328.5 329.9 333.5 331.4 331.2 331.7 332.1 339.1 350.8 363.6 369.6 368.1 365.4 368.7 373.2 372.1 374.6 375.8 380.4 388.6 394.9 406.4 416.3 430 452.1 457.6 465.6 473.8 478.7 482.3 481.8 483.2
357.5 359.8 358 360 361.2 362.1 360.1 359.9 360.3 360.5 360.6 360.8 361 360.9 362.1 361.8 363.1 362.9 363.2 362 361.6 362.5 363.3 365.9 365.9 365.5 363.8 362.8 362.8 361.9 362.2 359.5 357.2 356.8 355.1 354.6 351.8 347.6 343.4 339.8 336.7 335.2 335 332.1 327.3 329.5 331.2 332.6 331.9 331.5 332.4 333.5 337.3 346.6 353.3 360.9 363.1 364.9 368.1 374.1 375.5 376.5 379.1 386.2 396.9 406.2 420.9 433 449.4 470.4 486.7 491.2 496.6 506.8 508.8 495.7 488.9
358.1 358 358.7 359.9 362.4 363.6 361.2 360.6 360.1 361 361.3 360.9 362.3 362.4 362.4 363 363.2 363.4 363.1 364.1 364.1 365.2 365.3 366.9 368.2 367.8 367 367.5 367.7 365.6 364.3 360.9 358.4 357 355.8 354.9 352.5 348.2 344.4 340.3 336.8 334.8 333.8 331.8 327.6 330.2 331.2 331.1 331.8 331.9 332.5 334.2 337.8 344.2 347.9 354.8 361.2 365.5 369.4 374.2 378.4 379.4 385.6 397.4 409.1 424.4 449.9 469.6 483.7 502.8 510.6 520.9 534.6 533 526.1 503.5 496.3
