UK/data/sn/sn93_OST50GRID_20230518/SN93.asc
ncols 200
nrows 200
xllcorner 290000
yllcorner 230000
cellsize 50
[rows 105 to 139 of 200, columns 0 to 77 of 200]
344.5 353.2 356.7 357.9 356.3 351.9 345.2 336.3 324.5 307.4 289.1 279.8 273.3 267.5 262 257.8 253.3 246.2 249.8 256.2 265.1 273.1 276.5 276.7 276.4 276.7 269 278 284.1 290.5 297.8 311.7 326.6 341.5 356.3 366.5 373.6 378.4 382.7 387 390.1 392.4 395.6 398.8 400 401 402.6 403.9 405.3 405.3 405.1 405.3 405.6 403.9 399 394.3 391 388 385.8 385.7 384.3 381.7 379.8 376.8 372.6 366.6 359.5 352.9 343.2 329.7 316.4 295.4 278.7 264.2 254.7 249.2 246.9 241.8
350.9 359 362.9 364.1 361.4 356.5 349.5 341 329.8 314.5 296.9 283.2 275.7 268.8 263.1 258.1 252.7 247.2 248 254.6 261.9 268 269.2 268.3 267.7 264.4 274.2 281.3 288 295.3 305.4 321.6 335.8 348.9 361.4 370.2 376.4 381.4 385.3 389.2 391.2 393.4 395.3 396.8 397.1 397 397.3 398.2 398.6 400.1 400.3 400.3 399.7 397.4 393.4 390.7 387.8 386.4 387.1 388.4 387.5 386.1 384.4 381.9 378.6 373.7 367.9 362 355.6 344.1 330.2 304.6 289 279.6 270.3 264.2 257.7 248.5
353.7 362.6 365.1 365.1 362.8 359 352.9 345.8 337 325 308 291.2 280.7 271.5 264.5 258.3 253 247.7 245.6 254.3 258 258.3 259.7 258.6 261 268.3 277.5 285.2 292.9 303 315.9 331.1 343.9 356.1 366 373.2 379.6 384.3 387.6 390 391.3 392.7 393.3 393.2 392.4 390.9 390.4 391 392.2 394 393 392 391.5 388.9 387.3 385.3 385.2 385.8 388.1 388.9 389.4 389 388.2 386.2 383.3 379.5 374.9 368.8 361.9 351.9 340.9 328.5 311.5 299.8 286.3 275.2 264.4 254.4
350.9 361 363.4 363.5 362.8 359.6 355.5 350 343.1 333.5 320.8 303.9 288.9 276.8 267 259.6 253.7 248.4 246.4 249.8 254 253 256.3 260.9 268.4 276.7 283.9 291 301 313 326.8 339.4 351 361.9 369.5 375 381.6 386.8 388.9 390.4 391.3 391.2 389.9 388.6 386.1 384.2 383.4 383 384.3 385.8 385.2 384.4 383.7 381.3 381.2 381.8 382.6 386.1 388.5 390.2 391.2 391.6 391.1 389.6 387.6 384.1 380.2 374.6 367.7 358.7 348.2 336.9 322.1 309.3 293.6 282.2 270.2 258.5
345.1 355.9 358.1 361.7 361.4 360.9 358 353.2 347.7 340 330.7 317.1 300.3 284.5 271.9 262.2 254.5 247.7 245.9 247.2 250.1 253.3 256.8 263.4 271.2 278.7 287.8 296.9 308.6 321.3 333.6 345.7 357.1 365.4 371.5 378 383.6 388 389.5 390.1 389.2 387.3 385.4 382.9 380.3 378 376.8 376.4 377.7 378 377.2 376.8 375.9 376.7 376.6 378.6 382.7 385.9 388.3 390.2 391.6 393.1 393.2 392.7 390.8 388 384.9 379.4 373.3 365.1 355.4 343 329.8 314.7 298 286.1 273.6 260.6
335 346.9 349.2 355.2 358.2 360.9 359.2 356 351.4 345.3 337.8 328.7 313.6 296.7 279.6 266.3 257.9 248.9 245.7 246 251 254.5 257.9 264.1 271.2 278.5 288.7 300.1 313.4 326.1 337.7 350.4 362 367.7 373.4 380.8 386.8 389 389.2 388 385.2 382.3 380.3 378 375.2 373.1 372.1 371.2 371.2 371.5 370.8 370.2 370.5 371.1 372.8 377.5 381.7 383.8 387.2 389.9 392.2 393.8 394.5 394.5 393.3 391.9 388.6 383.9 378.1 370.3 361.6 351.2 337.1 322.1 304.5 288 274 260.8
320.8 332 338.3 345.3 350.8 357.3 358 356.7 354.1 349.1 342.5 335 325.1 310.9 290.1 273.7 261.9 252.5 243 245.6 249.8 253.7 257.4 263.1 269.5 276.8 288 301.6 315 328.7 340.2 353.2 365.1 370.1 374.9 382.3 387.3 388.1 387.6 384.2 379.8 377.3 375.2 373.2 370.9 368.9 368 366.8 366.2 367 366.1 365.4 365.3 367.7 371.8 376.8 379.1 381.1 385.4 389.5 392.3 394.2 395.7 395.9 395.7 394.6 391.6 387.8 381.6 374.9 366.4 356.6 345.4 330.6 311.2 292.6 274 262.6
302.1 313.6 325.3 333.9 340.8 350.7 354.4 354.2 353.3 350.5 346 340.1 332.2 321.5 301.6 281 266.6 256.4 247.9 243.9 246.1 249.7 254 260.8 267.3 273.2 283.8 297.5 313 327.6 341 354.5 365.2 371.5 376.1 381.8 385.3 384.9 381.6 376.1 372.8 369.8 368.6 367.8 367.4 365.2 363.6 362.2 362.1 362.4 361.7 361.4 363.6 367 371.6 374.2 376.2 378.7 383.9 388.2 391.6 393.8 395.3 397.2 397.4 396.8 394.6 391.3 386.7 380.4 372.1 362.6 351.9 338.8 319.5 302.5 286.3 274.7
288.1 294.5 306.5 321.2 331.8 343.2 351.2 353.4 352 350.3 347.6 344.3 337.2 327.3 312.5 288.6 271.5 258.3 250.6 244.7 242.7 247 251 256.4 262.6 269.2 278.7 292.9 310.4 325 338.6 353.5 363.1 370.7 375.5 378.6 379.3 376 371 366.9 362.9 362.5 362.5 362.6 362.5 361.8 360.6 358.3 358 358.7 359.7 360.7 363.1 365.9 369.3 371.6 373.1 376.3 381.1 385.6 388.5 392.4 395.1 397.8 399 398.8 397.4 395.3 391.6 384.7 375.6 365.9 355 341.4 322.1 304.7 294.9 286.7
279.5 283.4 291.9 304.5 318.7 333.1 345.9 350.2 351.2 350.1 348 345.7 341.2 332.3 319.7 297.4 275.9 262.5 252.6 245.8 242.5 245.2 249.7 254.9 260.3 267.3 275.1 287.2 307.3 322.2 334.4 349.2 361.4 367.5 370.7 370.6 368.4 362.9 357.2 354.7 354.8 355.6 357.5 358.9 359.4 358.9 357.7 355.2 353.2 355.5 357.3 359.3 359 363.2 367.4 368.5 370 375.1 380 384.7 389.2 393.1 396.4 399.6 401.2 401.9 402.1 400 395.1 387.9 378.6 367.8 355.7 338.5 319.1 305.4 299.9 294.8
271.6 274.6 278.8 287.2 302.6 318 333.1 341.6 345.7 347.2 347.5 347 343.7 335.5 323.2 304.6 280.2 265.2 254.9 247.4 241.8 243.5 247.1 253.3 259.1 265.6 273.2 282.3 300.7 319.4 331.2 343.1 353.4 359.3 360.9 358.8 353.7 347.8 344.4 344.9 347.5 351.2 354.1 356.7 358.5 358.3 357.3 354.9 349.7 350.5 353.6 353 355.8 360.9 363.2 365.5 370.7 377.7 382.3 387.6 392.4 396.8 400.1 402.7 404.5 406.1 405.4 402.2 397.7 390.1 379.8 368.4 354.5 335.8 318.6 310 307.3 303
264.3 266.5 269.9 274.3 285.7 303.4 317.7 328.9 337.5 342.5 344.4 346.5 344.9 337.2 324.7 306.7 283 266.9 256.9 249.7 241.8 242.9 244.2 251.3 257.6 263.8 270.3 278.3 295.4 312.7 326.7 337.8 345.1 349 348 341.2 336.1 332.9 333.6 336.7 342.4 349.3 354.3 357.8 359 358.6 357.8 354.6 349 343.5 341.5 349.9 354.8 357.8 360.5 365.9 372.8 379 385.6 391.7 396.3 400.9 404.5 406.9 408.1 408.2 407.5 404.7 399.9 392.1 381.5 368.4 352 335.8 325.4 320.4 316.7 309.8
257.5 258.3 262.1 265 273.1 288.3 306.7 317.7 325.4 334.3 341.4 345.4 344.8 338.9 326.2 305.4 283.7 269.1 259 250.9 242.4 242.5 243.8 248.7 254.9 261.2 267.9 273.5 289.6 304.2 317.9 329 335.5 335.7 328.4 322.1 320.1 318.5 327.1 336.1 343.6 350.2 354.8 357.7 358.9 358.4 356.2 352.5 346.2 338.4 337.3 344.6 350 355 361.3 368.3 375.5 382.3 388.9 395.2 401.1 405.7 408 409.7 410.5 410.4 409.1 406 400.6 393.7 384.3 372.4 359 345.1 332.8 326.1 316.3 303.9
258.1 254.7 255.9 260.6 266.1 277.5 297.7 310.3 316.3 325.7 336.4 342.8 342.9 338.5 327.1 308.3 286.1 271.5 261.5 252.4 242.3 241.9 242.9 245.7 253 259 264.3 271.7 284.5 298.5 309.7 319.6 323 317 309.9 307.4 306.9 317.5 328 336.7 344 350.9 355.4 358.9 360.1 356.6 353.7 348.1 341.9 333.8 338.9 346.9 352.7 358.8 366 372.8 379 385.6 391.5 397.8 403.9 407.7 410.1 411.8 412.2 411.8 409.4 405.3 399.7 392.6 383.9 373.4 357.5 339.4 324.8 312.8 299.5 287.5
259.4 251.3 253.5 252.9 257.5 269.7 288.7 303.7 310.6 319 329.3 337.8 340.3 337.8 328.5 310.2 288.3 273.1 263.2 254.3 246.2 240.7 241.8 243.7 250.7 256.2 261.6 269.5 280.4 293 303.1 308.8 307.6 302.5 295 297.7 307.7 317 327 336.4 344.9 351 356.2 359.7 358.1 354 351.5 346.4 333.2 333.5 343 349.7 356.3 362.9 370.2 376.8 383.5 389.5 395.4 400.8 405.4 408.9 412.1 413.5 413.1 411 407.6 403 397.2 389.6 379.4 360.6 339 323.8 308.1 292.3 280 268.6
262.6 258.7 253.5 252.2 253 263.3 276.4 292.4 307 315.1 323.2 332.4 337 335.9 329.1 311.4 291.8 275.2 265.3 256.6 248.7 239.6 241.2 242.3 249 254.2 259.4 267.2 277.3 288.3 296.3 298.4 295.6 288.5 296.6 305.1 314.3 323.5 332.6 340.9 347.7 353.5 357.4 358.3 355.5 353.5 349.7 337.8 326.8 333.2 342.6 350.5 358.5 366 373.1 379.9 386.2 392.3 397.7 402.7 407.3 410.4 412.3 413.2 411.8 409 404.9 399.7 392.8 382.8 365.4 342.3 323.5 305.7 290 277.3 267.7 259.8
266.5 261.5 256.7 253.1 251.4 249.5 266.2 280.5 297.8 311.3 318.9 325.7 333.3 335.4 329.3 314.1 291.8 277.7 267.6 258.6 250.2 243.7 240.7 241.8 248 253.1 258.6 266.2 275.2 284.2 289.4 289.1 282.9 291.1 301.3 311.5 321.6 330.7 339.5 345.4 351.3 356.4 357.8 356.5 355 354.5 349.5 335.1 324.7 335.7 344.1 352 360.5 368.5 375.6 382.1 388.4 393.3 398.4 402.6 406.2 409.2 410.8 410.7 408.8 405.1 400.3 393.6 384.3 368.4 347 327.7 307.2 292.3 281.5 271.8 264.7 256.3
271.2 265.3 259.4 255.6 251.7 250.2 256.9 267.7 287.5 305.6 315.5 319.6 328.6 335.1 330.8 317.5 296.1 279.3 270 261.6 252.7 244.2 240.3 241.3 247.6 252.8 258.3 265.3 273.3 279.6 282.4 279.5 284 297.2 307.5 317.1 327.7 337.2 344.2 350.2 355.3 357 357.6 358.5 355.8 354.4 349.2 335.7 322.7 335.9 345.2 352.5 361.4 370.1 375.8 383 388.6 393.3 395.7 399.3 403.7 407.1 408 407.2 404.5 399.8 393.6 384.3 372.1 353.4 330.3 309.9 296.1 285.8 278.4 270.8 261.2 256.7
283.5 272.7 263.4 257.3 253.4 249.6 251.5 260.1 277.4 299.2 311.7 316.7 325 334 331 320.4 302.2 282.4 272.3 263.8 255.2 244.8 240.4 241 247.4 253.6 258.2 264.4 271.2 275.2 276.3 275.4 288.8 301.2 312.9 323.4 333 340.9 347.4 352.6 356.4 358.6 358.2 355.8 353.7 351.1 343.1 333.6 323.9 332.8 344.5 352.1 361.4 369.5 375.1 380.9 385.6 388.5 392.3 396.4 400.3 403.2 404.1 402.5 399.1 393.3 385.1 374.4 357.8 332.8 313 301.8 291.7 283.9 275.9 264.7 263 267.3
298.7 285.8 273 262.7 254.5 249.3 249.3 255.9 268.8 293.4 308.8 314.4 322.2 330 328.8 322.2 308.6 288 274 265.5 256.8 247.1 240.2 240.7 245.7 253.8 258.5 264.2 267.3 268.6 266.2 278.9 295.2 305.4 316 326.5 335.3 342.3 348.8 353.2 355.5 355.3 354.9 354.5 353 346.5 336.4 328.7 319.1 335.6 345.3 352.9 360.9 368.2 375.7 379.4 382 385.7 388.2 390.8 394.3 397.8 398.1 396.4 393 386.9 378 364 337.6 318.6 306.4 298.1 290.4 282 271.4 272.9 274.8 275.6
308 298.7 283.3 267.4 256 250.9 248.1 252.8 264.7 289.5 306.4 314 320 323.8 323.7 321.5 313.8 295.2 277.8 267.6 258.2 248.4 238.7 241.1 244.4 248.7 252.8 256.3 258.1 263.9 272.7 284.3 296.7 308.4 318.3 328 335.2 341.5 348.2 352 355.5 355.9 353.1 352.8 347.8 335 328.2 321.5 318.6 335.5 345.8 353.4 360 367.1 373.8 373.9 374.5 379.7 382.1 385.1 389 392.7 392 390.6 387.9 381.1 368.4 345.3 323.8 312 303.9 296.4 289.1 280.1 281.3 283.7 285.7 287
308.1 300.7 287.9 269.8 257.2 251.4 247.8 252.7 266.7 287.7 304.8 312.9 318.7 320.9 321.5 321.6 316.7 302.9 284.9 271.1 260.5 248.9 240.8 240.5 243.4 247.1 250.3 255.3 261.8 271 281.3 290.4 300.5 310.1 319.7 328.5 335.8 342.5 348.7 352.6 353.5 350.6 347.5 345.6 335 326.3 320.7 313 318.5 333.8 344.5 350.1 356.2 363.5 367.3 367 367.9 372.5 378 381.6 385 388.4 388.1 386.3 382.6 372.8 354.5 327.1 317 309.1 301.8 295.3 287.7 288.6 291.4 294.4 295.8 297.7
302.8 296 283.9 270.8 257.6 250.6 247.2 256.4 269.7 286.8 302 310 316.6 318.2 319.8 319.4 314.4 306.2 292.2 277.1 264.8 251.6 241 239.8 243 246.2 251.8 257 266.1 276.2 285.7 294.1 303.2 312 320.7 328.8 336.4 342.7 347.2 349.2 348.6 346.8 343.1 335.2 324.2 317.5 312.7 311.1 323.4 332.4 337.2 344 351.4 356.9 359.4 360.4 365.1 370.1 376.3 380.1 383.1 384.6 382.7 380.2 372.9 354.7 335.5 324.1 315.3 307.3 299.9 294.3 297.9 299.6 301.7 304.3 306.5 308.4
292.3 283.9 275.7 267.5 257.4 249.2 243.1 255.6 266.9 282.3 297 304.9 309.7 311.6 313 311.6 310.1 304.2 293.7 283.1 270.2 256.9 243.9 238.9 240.4 245.7 252.4 258.5 267.7 277.2 286 294.7 303.2 311.8 319 327.5 333.8 339.1 342.9 344.9 345.5 343.2 332.3 322.4 313.7 307.6 309.5 318.1 319.7 326.7 330.7 335.1 344.2 347.6 353.1 357.3 365.4 372.2 377.1 379.8 380.9 380.4 375.5 368 356.5 338.7 329.8 322 313.9 306.4 304.2 306.2 309.3 310.5 311.5 314.5 317.5 322.2
278.4 270.1 265.5 261.7 257.1 248.6 244.8 252.7 261.9 272.1 287.4 298.2 302 303.4 304 303.8 302.3 297.3 290.4 284 275.6 263.9 250 240 238.5 242.7 249.6 258 266.8 274.7 283.9 292.2 300.5 309.2 316.4 323.7 330 335.4 339.9 342.6 342.1 332.8 318.4 310.6 304.3 306.8 317.3 326.4 331.3 335.6 335.2 339.8 348.4 352.8 357.6 363.8 368.4 374.3 378.1 379.4 378.7 375 366.4 353.5 342.2 332.7 326 319.9 312.7 313 316.7 319.6 320.9 321.5 323.2 326.4 332 339.3
269.2 261.7 256.1 251.8 247.9 244.4 243.4 248.4 255.6 261.6 272.5 284.5 289 291.3 290.8 291.1 291.2 288.8 287.5 283.8 278.9 268.7 256.2 243.3 238.5 237.6 247 256.6 264.7 272.4 280.4 288.8 297.2 305.9 313.3 320 327 333.4 337.3 336.9 333.2 319.1 310 302.2 306.3 315.4 323.6 335 345.4 349 353.3 359.7 366.3 366.7 371.2 373.1 375.1 376.5 377.7 378.4 376.3 370.2 357.8 346.6 338.3 329.3 325 322 322.7 325.9 329.5 332.4 333.2 334.5 336.9 341.6 347.9 355
267.7 264.3 262 258.4 254.2 249.3 242.4 239.6 250.8 254.5 259.3 267.9 272.7 273.6 275.4 279.4 282.2 283.1 284.1 282.5 278.7 271.6 261.3 250.1 239.2 236.3 243.6 253.6 261.9 269.5 277.3 285.1 293.6 302.1 309.8 318.4 325.8 331.6 334.2 332.2 322 309.7 301.6 300.5 310.2 318.1 330.8 340.6 346.7 353.6 360.5 367.6 372.5 373.3 376.8 378.5 380.5 380.4 379.3 378.2 373.9 366.8 360.2 345.8 340.9 332.5 330.9 332 336.2 340.6 344.4 346 348.4 350.6 352.5 357.1 362.9 367.8
282.2 277.4 269.1 260.5 254 248.4 243.9 241 245.9 248.7 249.5 253.9 257.2 259.4 263.8 269.1 274.1 277.6 279 278.4 276.6 271.8 264.7 255.2 244.5 235.7 239.4 248.9 257.7 266.9 275.3 282.7 290.6 300.2 308.8 318 325 330.4 331.1 323.1 310 301.3 295.5 304.9 313.9 325.1 335.3 343.1 352.7 359.7 367.2 374.3 378.4 380.6 383.1 385 385.1 383.1 381.1 378.9 373.6 367.7 362.6 351.9 343 342.3 342.6 347.5 352.6 356.9 358.9 360.6 363.9 365.2 367.1 370.7 375.3 380.1
291.6 285.1 273.8 257.9 253.4 247.2 244.3 241.7 240.1 243 242.5 243.6 245.6 248.5 251.7 259.2 265.1 269.5 270.8 272.3 271.8 268.5 262.4 254 245.8 235.9 239.4 249.9 258.3 266.4 274.2 282.2 290.6 300.1 310 318.4 324.6 326.8 321 309 300.8 293.7 300.3 308.7 320.5 332.1 341.7 352.5 360.3 366.9 373.9 380 382 384.6 387.1 388.3 387.1 385 382.7 379.7 376.7 374.7 366.9 359.8 354.1 351.8 356.1 363.1 368.3 370.8 372.3 374 375 376.5 379 381.8 385.7 388.9
291.4 276.3 264.9 255.6 251.3 251.5 250.2 246.1 241.7 239.7 238.7 239.9 240 240.9 242.8 250.4 254.6 258.6 262.4 264.3 264.8 262.8 259.1 250.1 241.3 236.2 238.7 248.5 258.1 266.3 274.2 282.9 292.1 301.7 311.1 318.4 322.1 318.3 307.7 299.7 291.4 296.7 303.8 313.5 327.6 338.7 347.7 357.3 365.3 372.4 376.4 379.6 383 386.7 389.2 389.1 387.7 386 384.3 382 381.2 377.2 372.3 367.7 365.3 367.8 373.2 376.7 379.1 380.5 381.5 383.9 384.4 386.5 388.9 391 392.4 393.6
279.8 267.5 260.8 262.1 262.1 261 257.2 252.8 248.7 244.1 239.3 238 237.1 237.5 237.7 241.6 247 250.3 254.8 255.2 256 255.6 252.6 245.2 238.1 236.2 240 251.2 260.3 267.5 275.7 284.2 293.6 303 311.2 316.1 314.9 306.2 297.8 290 291.1 298.4 305.3 318.4 330.2 340.4 349.6 359.6 368.3 372.5 375.3 380.3 384.8 386.9 387.7 387.3 386.8 385.9 384.8 383.9 382.9 381.2 379.1 378.4 380.1 381.4 384.2 385.8 386.7 387.8 389.9 391.7 393.3 395.5 396.9 397.1 396.6 396.7
270.9 270.5 273.1 276.4 276.1 274.1 269.4 263.9 258.6 253.1 245.8 240.6 237.9 234.2 237 236.4 241.1 244.9 246.7 246.8 248.7 249.4 242.9 238.2 236.2 235.6 243.4 254.7 262.6 269.9 277.8 285.7 294.4 303.3 309.2 309.3 303.5 296.8 289.8 289 294.4 300.7 309.2 319.7 332.3 343.1 354 362.5 368.9 373.7 378 382.2 384.7 385.4 385.3 384.2 384 383.8 384.1 384.4 384.1 384.1 384.9 385.7 387.4 389.5 390.7 391.9 392.9 394.7 396.7 399.4 402.1 402.9 402.6 401.2 398.9 396.1
286.4 289.3 292.2 293.4 294.9 293.6 287.9 279.6 271.8 265.9 258 250.7 243.5 237.5 235.3 233.8 235.4 239.7 241.6 241.3 243 238.2 235.1 233.7 232.2 239.6 251.3 258.1 264.9 272.6 279.8 286.9 294.5 300.6 302.8 300 294.3 287.9 283.2 291.1 296.7 307 318.4 329.5 340.1 349.6 357.4 364.7 371.1 375.7 379 381.5 382.5 383 382 381 380.7 381.4 382.4 383.7 385.2 386.7 388.2 390.4 392.5 393.7 394.2 395.2 396.9 399.1 402.5 405.4 407.2 407.1 404.6 401.5 397.2 391.7
298.5 302.5 307.7 310.1 311.7 310.9 306.4 298.9 289.1 275.5 271.3 260.1 251.3 241.9 236.2 234.1 233.3 234.8 235.9 234.9 234.7 233.9 233.7 237.3 241.9 249.9 258.2 264.1 270.4 276 281.4 288.1 293.7 296.4 294.6 289.5 284.9 279.6 284.4 293.6 305.5 318.1 330.8 340.1 349.3 357 363.6 369 373.5 376.4 379.1 379.9 379.4 378.5 376.8 376.2 376.8 378.5 380.4 383.5 386.7 388.9 392.1 394.4 394.9 394.1 394.6 396 398.5 402.4 405.4 408.3 408.7 407 403 398 389.2 377.6
309.2 314.3 320 321.8 322.9 322.6 319.6 311.9 302.6 292.8 282.7 269.7 258.7 248.3 240 234.3 231.9 231.8 233.1 232.9 232.3 236.7 238.9 242.7 250.4 258.6 265.4 271.5 276.5 280.2 284.5 288.1 289.2 289 284.4 281.5 276.5 282.9 291.8 302.3 314.3 327.3 337.8 347.7 356 362.7 368 371.6 375.1 377.3 378.2 376.8 374.8 372 370.5 371.5 373.7 375.6 379 383.4 387.5 391.9 396 396.1 394 392.5 392.3 394.9 397.8 401.5 405.1 407.6 406 403.5 398.5 387.8 371.7 357.6
