UK/data/ng/ng20_OST50GRID_20230518/NG20.asc
ncols 200
nrows 200
xllcorner 120000
yllcorner 800000
cellsize 50
[rows 74 to 110 of 200, columns 84 to 167 of 200]
65.5 68.9 69.9 78.8 79.9 76.8 73.2 78.1 85.7 93.2 103.8 114.4 120.7 124.7 127.6 140.2 149.8 154.4 157.6 159.7 170.2 175.2 177.2 177.9 176.8 167.5 165.9 159.6 157.9 155.5 158.6 168.2 176.1 182.3 181.8 183.3 189.6 193.4 191.3 197.6 199.3 201.9 203.6 199.7 199 193 188.2 179.9 189.6 181.9 169.7 173.5 178.6 174.9 170.7 161.1 159.5 151 145.9 132.9 133.3 125.3 126.6 128.8 124.1 128.2 123.4 120 126.6 128.6 119.3 115.5 114.8 120.1 124.3 102.6 76 39.4 4.5 -1.8 -1.8 -1.8 -1.8 -1.8
62.9 65.8 65.6 73.7 71.3 71.2 73 75.4 82.3 88.2 99.9 108.2 112.8 124.1 135.6 151.8 156.8 159.6 163.1 171 174.2 178.3 178.3 177.9 180.7 161.3 162.1 162.8 159.1 158.5 161.7 166.2 172.8 178.9 183.3 184.4 185.6 187.9 188.4 192.2 199.1 200.1 199.5 196.8 194.6 192.4 188.5 181.2 184.3 179.3 175.6 179.7 179.8 174 163.5 162.3 151.1 148.5 128.7 133 132.7 125 126.1 126.5 126.3 125.3 127.3 111.2 125.6 130.1 121 115.2 116.5 118.9 129.4 126.2 136 48.1 20.6 2.5 -1.8 -1.8 -1.8 -1.8
70 69.1 65.2 67.5 65.9 73.1 73 76.5 82.4 87.7 100.3 110.7 129.3 138.4 146.4 154.3 158.7 167.3 168.3 178.6 175 177.9 179.2 177.5 175.7 161.2 164.8 166.7 158.4 160.4 166.4 166.6 175.5 185.2 185.9 186.5 185.9 186.7 188.2 193.1 194.3 193.8 193.6 193.1 193.9 193.4 175.6 179.9 185.3 176.2 180.2 178.2 174.8 164.3 162.4 159.2 138.8 125.2 128.1 135.3 131 126.4 127 127.3 127.8 127.5 121.4 109.3 121.4 126.7 117.7 114.3 111.5 114.4 124.8 122.7 103 39.2 15.8 4.7 0.1 -1.8 -1.8 -1.8
60.7 61.1 62.6 63.2 65.2 71.1 72.3 77 83.4 89.9 100.2 112.1 127.8 139.3 151.4 155.1 158.7 162.3 171.9 177.2 173.9 176.1 176.3 172.7 168.1 161.3 165.9 166.5 161 159.9 168.1 166.7 174.7 179.8 183.4 186.4 183.2 181.5 188.2 194.9 195.5 193.7 193.6 194.1 193 179.1 163.8 169.5 169.1 176.6 175.6 174.4 167.1 164.5 159.9 152.3 124.2 122.4 123.8 125.9 129.6 128.9 126.6 126.3 131.5 133.9 124.7 111.8 101.6 110.5 109.3 111.1 112 110.6 118 122.8 133 43.9 23.1 8.6 -1.8 -1.8 -1.8 -1.8
59.3 60.2 64.8 62.7 64.8 69.2 73.7 78.3 86.5 99.4 109.4 114.3 118.4 132.3 144 152.1 154 158.6 162.7 164.4 168.4 168.7 168.5 167 163.3 163.5 165 164 159.1 158.5 165.5 168.3 165 174.5 178.2 177.7 175.7 175.8 184.3 190.7 185.3 185.2 185.7 185.8 178.7 170.3 155.3 160.4 163.1 165.7 166 166.4 164.3 154.4 137.3 123.1 120.9 110.4 112.7 124.5 132.9 126.4 126.6 128.4 131.6 133.6 131 118.7 99.3 103.6 102.8 110.5 109.4 110.8 126.8 130.4 137 75.9 36.3 11 -1.8 -1.8 -1.8 -1.8
60.4 59.1 60.3 61.7 69.3 77.7 79.7 79.9 90.6 103.8 110.9 115.2 118.5 123.5 141.9 149.5 151.2 158.8 162 163.7 164.8 165.6 164.8 164.1 153 164.3 158.1 152.3 149.1 152.8 158.3 160.5 159.1 167 170.1 168.3 168.2 169.4 178.6 176.7 177.8 181.8 181.3 177.8 176 163.5 151.4 149.5 162.4 163.7 165.3 165.2 160.2 136.9 122.7 114.7 108 108.2 114 118.5 117.2 125.5 128.7 130.6 132.4 136.1 134.1 126.2 104.6 85.8 103.4 107.8 104.7 111.6 126.4 134.5 123.4 105.7 44.3 5.9 -1.8 -1.8 -1.8 -1.8
64.1 58.5 58.7 61.9 70.5 73.9 79.9 86.9 93.3 108.3 112.2 114.7 117.8 120.6 129.2 129.6 128.2 133.8 145.1 158.2 162.8 161.7 152.4 146.4 149.3 155.6 152.3 148.2 140.5 147.2 152.3 158.4 158.7 154.4 158.5 158.8 159.2 159.7 171.4 175.8 176.4 179.2 179.3 178.1 165.5 159.7 143.8 161.4 163.4 157.2 165.1 158.6 139.4 122.2 114.1 100.9 97 110.1 116.8 112.6 111.6 123.9 126.9 132.5 134.6 137.4 133.8 112.6 99.6 76 81.3 86.9 97.1 103.5 124.5 111.1 105.4 91.1 30 2.6 -1.8 -1.8 -1.8 -1.8
65.7 59 59.1 64.2 69.9 76.6 80.4 91.8 91.5 102.7 111.2 116.1 119.6 120.9 122.4 124.7 125.9 127.1 128.7 130.6 137.1 140.3 136.3 126.9 134.8 140.8 146.8 148.1 136.3 133.9 152.6 155.2 158.4 151 154.2 156.2 156.7 157 167 172.3 174.1 173.9 171.5 165.5 163.2 144.3 143 163.8 165 160 154.1 138.2 124.3 117.9 105.3 89 87 105.3 112.2 111.9 115.1 121.1 128.2 134.1 132.6 134.4 112.4 93.5 85.6 71.9 66.1 81.4 93 98 100.9 97.9 87.6 83.4 13.5 -1.8 -1.8 -1.8 -1.8 -1.8
69.7 60.6 54.9 67.1 74.6 83.4 82.3 86.2 91.5 110.3 114.8 118.2 119.7 121.8 122.8 125.9 127.3 127.5 129.2 127.8 127.8 127.4 127.7 122.5 121.3 124.9 134.5 139.3 128.3 128.2 140.8 155.4 153.8 153.9 148.2 156.8 156 156.8 159.7 161 164.3 164.3 160 163.4 156.5 133.5 144.5 151.3 143.8 133.7 127.9 121.7 117 107.9 97.1 69 82.2 92.8 95.2 96.1 103 119.4 139.8 141.2 121.5 103.7 94 85.2 68.3 59.5 50.3 66.3 84 95 94.6 81.3 80.6 52.3 5.7 -1.8 -1.8 -1.8 -1.8 -1.8
62.3 56.6 53.9 78.8 79.2 80.1 81.1 83.7 92.7 107.7 117.8 119.3 121.5 122.9 124.8 125.4 126.2 127.8 128.2 126.9 126.4 125.8 126.3 117.3 119.7 120.1 121.4 124.4 123.4 119.5 138.6 145.9 147.7 157.9 146.2 144.6 151 151.2 159.4 162 162.5 156.7 153.3 151.1 130.5 120.4 124.4 126.1 123.9 118.6 116.7 113 109.1 106.7 69.8 62.9 67.3 73.2 84.7 96.3 101.8 108.7 116.1 107.7 106.7 93.5 86 74.8 59.5 49.6 43.4 54.3 66.5 72.5 71.1 74.7 39.1 15.6 -1.8 -1.8 -1.8 -1.8 -1.8 -1.8
52.2 48.2 54.9 67.8 69.5 74.7 86.4 83.8 88.8 104 116 118.8 120.6 121.4 123.6 122.5 124.8 127.2 126.8 126.3 124.5 124 115.5 116.7 120.3 120 120.8 118.4 116.2 114.1 136.5 142.8 147.8 153.9 149.7 145.4 139.5 150.9 151.6 157.4 155.7 150.3 143.1 122.2 113.2 110.2 111.3 112.3 113.6 110.9 109 107.9 94.3 71.6 54.4 51.2 52.3 56.7 80.7 87.2 98.6 94.6 107.3 109.8 96.3 89.1 70.4 57.6 52.3 39.3 26.8 34.5 46.7 51 64.3 40 9.1 -1.8 -1.8 -1.8 -1.8 -1.8 -1.8 -1.8
53.3 42.6 53.3 66.9 63.5 73.4 81.8 77.3 85.9 94.4 105.9 116.7 118.1 121.1 121.3 122.1 123 125 124.3 123.4 113.9 107.2 104.4 118.5 120.5 118.7 118.5 110.9 107.8 108 128.2 144.2 145.1 146 147.1 146.3 137 142.4 142.5 147 145.5 139.7 120.9 115.9 108.9 105.2 106.4 102.9 107.4 104.8 95.4 80 67.3 57.7 39.4 40.8 45.8 51.9 67.7 71.8 73.2 84.8 98.9 84.3 70.8 62.8 54.8 50.5 43.5 25.4 17.1 20.4 35.1 43.5 51.7 19.6 2 -1.8 -1.8 -1.8 -1.8 -1.8 -1.8 -1.8
50.4 36.8 49.7 57.4 61.1 66.7 77.8 75.4 76.5 84.8 94.8 102.6 108 112.4 115.3 112.1 115.1 110.9 108 107.5 102.9 100.3 96.9 114.6 117.7 119.1 118.4 112.9 98 97 116.3 126.6 139.1 143 139 147.1 133.3 124.8 124 125.4 125 121.2 114.4 102.9 94.4 91.1 87.9 91.5 88.3 74.9 70.5 66.9 56.2 36.6 27.4 28.8 34.5 45.6 53.1 60.2 66.4 74.6 75 66.6 56.7 53.8 51.1 39.7 21.2 13.1 13.8 14.6 26.3 33.4 53 10.1 -1.8 -1.8 -1.8 -1.8 -1.8 -1.8 -1.8 -1.8
45.7 20.6 46.1 50.2 56.3 58.4 65.7 78.9 69.6 75.4 80.2 86.2 101.2 106.4 104 103.7 103.6 103.8 104.3 103.6 100.4 92.1 95.5 106.7 115.5 118.2 108.7 101.6 92.2 87.2 104.5 112.5 117.8 119.5 124.1 126.9 122.5 111.8 108.6 109.6 118 103.1 92.6 84 89.5 72.7 71.1 72 72.3 70.6 63.6 55 38.2 23.9 23.8 24.2 28.9 32.6 41 54.5 57.7 67.9 61 47.9 50.4 41.5 30.5 13.2 10.6 10.2 11.3 12 15.4 21.5 36.8 4 -1.8 -1.8 -1.8 -1.8 -1.8 -1.8 -1.8 -1.8
16.1 9.8 19.2 17.1 43.2 30.9 53.1 66.2 48.1 71.1 63.8 75.6 90.9 98.1 101.6 95.6 99.7 101.4 102.2 97.7 86.3 77.6 96.5 97.5 100 101.5 97.5 90.6 86.1 79.5 83 96.3 103 106.3 113.3 115.5 112.2 102.5 95.5 94.3 92 90.6 93.3 76.1 71.9 62.7 59 69.3 70.5 68.5 61.8 38.1 26.6 21.8 21.6 20.2 20 24.5 27.8 34.7 36.2 44.1 39.5 42.6 36.6 19.8 11.8 9.8 7.5 8.9 11 11.4 11.5 9.7 9.9 2.9 -1.8 -1.8 -1.8 -1.8 -1.8 -1.8 -1.8 -1.8
4.2 2.5 3.2 2.2 2.4 4.1 19.4 22.6 20.6 24.5 31.9 42.5 70.8 68.1 91 72.8 89.8 91.7 90.2 82 72.8 71.4 94.8 95.3 88 95.3 87.4 77.1 74.2 76 75.1 75.7 79.9 98.4 100.9 98.2 96.5 93.1 76.5 76.3 83.7 81.1 72.5 73.7 65.8 47.8 43.5 63.3 65.8 54.1 40.7 34.1 23.6 21.4 23 20.2 18 22.9 25.8 30.8 23.3 28.6 28.4 26.6 14.9 11.2 8.5 4.7 5.9 9 11.2 11.2 8.8 11 4.7 2.5 -1.8 -1.8 -1.8 -1.8 -1.8 -1.8 -1.8 -1.8
3.1 0.9 1.7 -1.8 -1.8 -1.8 4.5 -1.8 -1.8 14 16.7 19.1 24.8 31.7 38.7 42.3 56.4 77.5 78 57.7 41.8 64.2 89.9 90 79 90.9 91.3 77.2 75.8 78.2 74.7 73.3 71.7 74.9 84.6 85 82.6 77.6 71 59 64.8 69.2 61.4 57.9 51.4 35.2 32.6 44.2 42.8 29.4 24.3 27.1 16.3 16.8 22.1 23.6 17.1 20.5 19.5 27.6 17.6 17.3 15.3 12.5 10.3 5.4 2.6 2.5 4.3 10 11.7 11 2.7 0.9 -1.8 -1.8 -1.8 -1.8 -1.8 -1.8 -1.8 -1.8 -1.8 -1.8
-1.8 -1.8 -1.8 -1.8 -1.8 -1.8 -1.8 -1.8 -1.8 2.7 8.2 14.3 15.5 15.4 16.2 18.3 24.9 32.6 35.6 24.9 20.5 40.7 65.9 70.7 70.7 86.4 85.2 66.4 85.5 86.3 80.6 75.3 70.9 70.6 76.2 73.4 70.4 65 60.6 52.5 45.7 57.7 49.4 46.9 44.1 30.7 27.5 36.4 37.8 18 14.1 12.3 11.5 12.3 17.2 21.2 16.2 19.9 13.8 23.4 14.8 12.9 10.9 9.7 4.8 2.5 2.5 2.5 2.6 11.7 13.7 12.3 -1.8 -1.8 -1.8 -1.8 13.9 -1.8 -1.8 -1.8 -1.8 -1.8 -1.8 -1.8
-1.8 -1.8 -1.8 -1.8 -1.8 -1.8 -1.8 -1.8 -1.8 -1.8 -1.8 2.6 -1.8 2.5 7.3 10 13.2 18.1 12.5 8.3 12.6 16.2 27.6 38.6 63 70.4 45.3 49.2 84.3 68.2 77.5 75.2 71.8 69.5 75.8 67 59.5 53.2 49.7 45.6 21.4 44.9 40.8 41.8 38.6 29.1 22.5 33.2 32.9 15.7 11.7 9.7 9.7 10.8 24.2 20.6 16.7 15.1 13.4 21.6 14 10.7 7.9 4.5 2.3 2.4 2.5 2.5 5.3 8.8 13.7 13.4 -1.8 -1.8 -1.8 -1.8 -1.8 -1.8 -1.8 -1.8 -1.8 -1.8 -1.8 -1.8
-1.8 -1.8 -1.8 -1.8 -1.8 -1.8 -1.8 -1.8 -1.8 -1.8 -1.8 -0.7 -1.8 2.5 4.3 8.7 10.3 7.3 4.3 2.3 2.6 12.5 14.6 16.6 17.4 16.5 10.5 16.2 22.6 21.2 26.1 60.4 69.4 70.5 57.6 54.3 48.6 45.5 25 17.6 9.3 10.5 14.2 23.5 19.9 18 15.7 18 21.8 13.9 9.9 8.2 10.5 9.9 11.7 17.7 15.4 20.2 11.6 17.9 12.6 5.4 2.5 2.2 1.5 0.6 0.8 1.3 2 5.2 9.4 11.4 13.6 -1.8 -1.8 -1.8 -1.8 -1.8 -1.8 -1.8 -1.8 -1.8 -1.8 -1.8
-1.8 -1.8 -1.8 -1.8 -1.8 -1.8 -1.8 -1.8 -1.8 -1.8 -1.8 -1.8 -1.8 -1.8 4.9 7.7 10.1 7.6 2.5 -1.8 -1.8 2.8 14.3 14.1 10.3 3.7 2.5 6.3 8.7 11.5 13.1 18.2 26.4 24.2 28.7 26.8 25.3 16.8 8.8 3.1 -1.8 -1.8 -1.8 10.9 13.9 13.5 11.5 12 12.9 10.9 9.7 6.6 9.1 8 8.8 11.3 17.8 20.6 12.1 18.5 2.9 2.1 1.6 1.1 0.6 -0.3 -1 -1.8 0 1.6 3.8 8 14.1 14.6 -1.8 -1.8 -1.8 -1.8 -1.8 -1.8 -1.8 -1.8 -1.8 -1.8
-1.8 -1.8 -1.8 -1.8 -1.8 -1.8 -1.8 -1.8 -1.8 -1.8 -1.8 -1.8 -1.8 -1.8 -1.8 7 6.3 7.5 0.8 -1.8 -1.8 -1.8 1.1 -1.8 -1.8 -1.8 2.5 2.5 4.9 8.7 7 7.6 10.2 10.1 10.7 14.4 16.1 6.3 3.3 -1.8 -1.8 -1.8 -1.8 -1.8 2 6.9 8 8.9 10.8 8.9 3.1 3.1 4.8 6.1 4.8 5.7 6.3 5.2 13.1 2.8 1.9 1.1 0.6 0.1 -0.5 -1.8 -1.8 -1.8 -1.8 -1.8 1.3 7.8 16.3 17.8 -1.8 -1.8 -1.8 -1.8 -1.8 -1.8 -1.8 -1.8 -1.8 -1.8
-1.8 -1.8 -1.8 -1.8 -1.8 -1.8 -1.8 -1.8 -1.8 -1.8 -1.8 -1.8 -1.8 -1.8 -1.8 2.5 1.7 -1.8 -1.8 -1.8 -1.8 -1.8 -1.8 -1.8 -1.8 -1.8 -1.8 -1.8 3 6.2 2.5 3.4 2.8 3.4 5 4.3 4.2 3.6 2.2 -1.8 -1.8 -1.8 -1.8 -1.8 -1.8 6 4.3 3.2 5.5 3.6 2.5 2.5 2.8 3.3 2.5 2.5 2.6 2.5 2.5 2.1 1.2 0.3 -0.4 -0.9 -1.5 -1.8 -1.8 -1.8 -1.8 -1.8 -1.8 6.3 19.3 19.9 18.2 -1.8 -1.8 -1.8 -1.8 -1.8 -1.8 -1.8 -1.8 -1.8
-1.8 -1.8 -1.8 -1.8 -1.8 -1.8 -1.8 -1.8 -1.8 -1.8 -1.8 -1.8 -1.8 -1.8 -1.8 2 -1.8 -1.8 -1.8 -1.8 -1.8 -1.8 -1.8 -1.8 -1.8 -1.8 -1.8 -1.8 2.7 2.8 2 1.6 1.1 2.5 2.8 2.5 2.8 -1.8 -1.8 -1.8 -1.8 -1.8 -1.8 -1.8 -1.8 4.8 4.5 3.3 2.5 2.5 2.5 2.5 2.5 2.5 2.5 2.5 2.5 2.5 2.5 1.6 0.7 -0.3 -1.8 -1.8 -1.8 -1.8 -1.8 -1.8 -1.8 -1.8 -1.8 5.3 19.4 21.9 26.4 -1.8 -1.8 -1.8 -1.8 -1.8 -1.8 -1.8 -1.8 -1.8
-1.8 -1.8 -1.8 -1.8 -1.8 -1.8 -1.8 -1.8 -1.8 -1.8 -1.8 -1.8 -1.8 -1.8 -1.8 -1.3 -1.8 -1.8 -1.8 -1.8 -1.8 -1.8 -1.8 -1.8 -1.8 -1.8 -1.8 -1.8 -1.8 -1.8 0.7 -1.8 -1.8 -1.8 -1.8 -1.8 -1.8 -1.8 -1.8 -1.8 -1.8 -1.8 -1.8 -1.8 -1.8 3.8 11.9 5.8 6.8 2.5 2.5 4.2 2.5 2.5 2.5 2.8 2.5 2.5 2.2 1.2 0.2 -0.6 -1.8 -1.8 -1.8 -1.8 -1.8 -1.8 -1.8 -1.8 -1.8 -1.8 -1.8 20.4 25.2 -1.8 -1.8 -1.8 -1.8 -1.8 -1.8 -1.8 -1.8 -1.8
-1.8 -1.8 -1.8 -1.8 -1.8 -1.8 -1.8 -1.8 -1.8 -1.8 -1.8 -1.8 -1.8 -1.8 -1.8 -1.8 -1.8 -1.8 -1.8 -1.8 -1.8 -1.8 -1.8 -1.8 -1.8 -1.8 -1.8 -1.8 -1.8 -1.8 -1.8 -1.8 -1.8 -1.8 -1.8 -1.8 -1.8 -1.8 -1.8 -1.8 -1.8 -1.8 -1.8 -1.8 -1.8 -1.8 2.5 9.1 5.6 2.5 2.5 2.5 2.5 2.5 2.5 4.3 5.7 9.1 2.1 1.8 1.5 1.2 1 1.9 -1.8 -1.8 -1.8 -1.8 -1.8 -1.8 -1.8 -1.8 -1.8 2.3 14.3 -1.8 -1.8 -1.8 -1.8 -1.8 -1.8 -1.8 -1.8 -1.8
-1.8 -1.8 -1.8 -1.8 -1.8 -1.8 -1.8 -1.8 -1.8 -1.8 -1.8 -1.8 -1.8 -1.8 -1.8 -1.8 -1.8 -1.8 -1.8 -1.8 -1.8 -1.8 -1.8 -1.8 -1.8 -1.8 -1.8 -1.8 -1.8 -1.8 -1.8 -1.8 -1.8 -1.8 -1.8 -1.8 -1.8 -1.8 -1.8 -1.8 -1.8 -1.8 -1.8 -1.8 -1.8 -1.8 -1.8 6.7 2.5 2.5 2.5 2.5 2.5 2.5 2.5 2.7 4.5 2.5 2.5 2.5 2.5 2.5 2.5 4.4 8.8 -1.8 -1.8 -1.8 -1.8 -1.8 -1.8 -1.8 -1.8 -1.8 -1.8 -1.8 -1.8 -1.8 -1.8 -1.8 -1.8 -1.8 -1.8 -1.8
-1.8 -1.8 -1.8 -1.8 -1.8 -1.8 -1.8 -1.8 -1.8 -1.8 -1.8 -1.8 -1.8 -1.8 -1.8 -0.8 -1.8 -1.8 -1.8 -1.8 -1.8 -1.8 -1.8 -1.8 -1.8 -1.8 -1.8 -1.8 -1.8 -1.8 -1.8 -1.8 -1.8 -1.8 -1.8 -1.8 -1.8 -1.8 -1.8 -1.8 -1.8 -1.8 -1.8 -1.8 -1.8 -1.8 -1.8 -1.8 2.5 2.5 8.4 10.4 3.8 2.5 2.5 2.5 2.5 2.5 2.5 2.5 2.5 2.5 2.5 3.8 7 -1.8 -1.8 -1.8 -1.8 -1.8 -1.8 -1.8 -1.8 -1.8 -1.8 -1.8 -1.8 -1.8 -1.8 -1.8 -1.8 -1.8 -1.8 -1.8
-1.8 -1.8 -1.8 -1.8 -1.8 -1.8 -1.8 -1.8 -1.8 -1.8 -1.8 -1.8 -1.8 -1.8 -1.8 2.6 -1.8 -1.8 -1.8 -1.8 -1.8 -1.8 -1.8 -1.8 -1.8 -1.8 -1.8 -1.8 -1.8 -1.8 -1.8 -1.8 -1.8 -1.8 -1.8 -1.8 -1.8 -1.8 -1.8 -1.8 -1.8 -1.8 -1.8 -1.8 -1.8 -1.8 -1.8 -1.8 2.2 4.3 13.4 20.1 17.6 3.6 2.5 2.5 2.5 2.5 2.5 2.5 2.5 2.5 3.1 6.2 7.4 7.6 -1.8 -1.8 -1.8 -1.8 -1.8 -1.8 -1.8 -1.8 -1.8 -1.8 -1.8 -1.8 -1.8 -1.8 -1.8 -1.8 -1.8 -1.8
-1.8 -1.8 -1.8 -1.8 -1.8 -1.8 -1.8 -1.8 -1.8 -1.8 -1.8 -1.8 -1.8 -1.8 -1.8 -1.8 -1.8 -1.8 -1.8 -1.8 -1.8 -1.8 -1.8 -1.8 -1.8 -1.8 -1.8 -1.8 -1.8 -1.8 -1.8 -1.8 -1.8 -1.8 -1.8 -1.8 -1.8 -1.8 -1.8 -1.8 -1.8 -1.8 -1.8 -1.8 -1.8 -1.8 -1.8 -1.8 3.6 12.7 13.8 19.3 17.5 2.5 2.5 2.5 2.5 2.5 2.5 2.5 2.5 3.8 8.3 10.9 9.8 10.3 12.2 5.1 2.5 -1.8 -1.8 -1.8 -1.8 -1.8 -1.8 -1.8 -1.8 -1.8 -1.8 -1.8 -1.8 -1.8 -1.8 -1.8
-1.8 -1.8 -1.8 -1.8 -1.8 -1.8 -1.8 -1.8 -1.8 -1.8 -1.8 -1.8 -1.8 -1.8 -1.8 -1.8 -1.8 -1.8 -1.8 -1.8 -1.8 -1.8 -1.8 -1.8 -1.8 -1.8 -1.8 -1.8 -1.8 -1.8 -1.8 -1.8 -1.8 -1.8 -1.8 -1.8 -1.8 -1.8 -1.8 -1.8 -1.8 -1.8 -1.8 -1.8 -1.8 -1.8 -1.8 -1.8 3.5 16 20.5 23.7 12.4 2.5 2.5 2.5 2.5 2.5 2.5 2.5 2.5 11.4 12.4 15.5 11.8 11.3 12.3 12.7 11.6 9.5 -1.8 -1.8 -1.8 -1.8 -1.8 -1.8 -1.8 -1.8 -1.8 -1.8 -1.8 -1.8 -1.8 -1.8
-1.8 -1.8 -1.8 -1.8 -1.8 -1.8 -1.8 -1.8 -1.8 -1.8 -1.8 -1.8 -1.8 -1.8 -1.8 -1.8 -1.8 -1.8 -1.8 -1.8 -1.8 -1.8 -1.8 -1.8 -1.8 -1.8 -1.8 -1.8 -1.8 -1.8 -1.8 -1.8 -1.8 -1.8 -1.8 -1.8 -1.8 -1.8 -1.8 -1.8 -1.8 2.5 -1.8 2.4 6.8 6.3 3.4 3 9.9 13.5 17.1 17.6 7 2.5 2.5 2.5 2.5 2.5 2.5 2.5 8 14.1 15.1 17.9 13.5 12.5 14 14.5 14.5 10.5 5.2 -1.8 -1.8 -1.8 -1.8 -1.8 -1.8 -1.8 -1.8 -1.8 -1.8 -1.8 -1.8 -1.8
-1.8 -1.8 -1.8 -1.8 -1.8 -1.8 -1.8 -1.8 -1.8 -1.8 -1.8 -1.8 -1.8 -1.8 -1.8 9.3 -1.8 -1.8 -1.8 -1.8 -1.8 -1.8 -1.8 -1.8 -1.8 -1.8 -1.8 -1.8 -1.8 -1.8 -1.8 -1.8 -1.8 -1.8 -1.8 -1.8 -1.8 -1.8 -1.8 -1.8 -1.8 -1.8 -1.8 9.2 11.9 12.5 9.9 11.6 12.6 11.7 16.2 11.6 4.8 2.5 2.5 2.5 2.5 2.5 2.5 3.1 8.8 14.6 14.4 17.2 14.5 17.1 18.2 14.7 15.3 13.9 9.7 5.4 -1.8 -1.8 -1.8 -1.8 -1.8 -1.8 -1.8 -1.8 -1.8 -1.8 -1.8 -1.8
-1.8 -1.8 -1.8 -1.8 -1.8 -1.8 -1.8 -1.8 -1.8 -1.8 -1.8 -1.8 -1.8 -1.8 -1.8 5.3 -1.8 -1.8 -1.8 -1.8 -1.8 -1.8 -1.8 -1.8 -1.8 -1.8 -1.8 -1.8 -1.8 -1.8 -1.8 -1.8 -1.8 -1.8 -1.8 -1.8 -1.8 -1.8 -1.8 -1.8 -1.8 -1.8 -1.8 9.7 12.2 14 14.8 17 20.9 13 11.1 8.8 7 6.8 2.5 2.5 2.5 2.5 2.5 8.8 8.1 10.4 11.9 13.5 14.7 23.1 14.5 13.5 15.7 16.8 14.3 7.3 2.9 -1.8 -1.8 -1.8 -1.8 -1.8 -1.8 -1.8 -1.8 -1.8 -1.8 -1.8
-1.8 -1.8 -1.8 -1.8 -1.8 -1.8 -1.8 -1.8 -1.8 -1.8 -1.8 -1.8 -1.8 -1.8 -1.8 -1.8 -1.8 -1.8 -1.8 -1.8 -1.8 -1.8 -1.8 -1.8 -1.8 -1.8 -1.8 -1.8 -1.8 -1.8 -1.8 -1.8 -1.8 -1.8 -1.8 -1.8 -1.8 -1.8 -1.8 -1.8 -1.8 -1.8 -1.8 11.3 13.2 14 17.2 19.7 20.9 14.5 10.4 11.4 9 5.1 2.5 4 2.5 2.5 3.5 7.7 7.6 9.3 10.8 13.5 20.4 13.9 13.7 15.2 16.2 17.6 19.6 11.6 12 3.1 9.3 -1.8 -1.8 -1.8 -1.8 -1.8 -1.8 -1.8 -1.8 -1.8
-1.8 -1.8 -1.8 -1.8 -1.8 -1.8 -1.8 -1.8 -1.8 -1.8 -1.8 -1.8 -1.8 -1.8 -1.8 -1.8 -1.8 -1.8 -1.8 -1.8 -1.8 -1.8 -1.8 -1.8 -1.8 -1.8 -1.8 -1.8 -1.8 -1.8 -1.8 -1.8 -1.8 -1.8 -1.8 -1.8 -1.8 -1.8 -1.8 -1.8 -1.8 -1.8 2.5 12.3 13.3 17.7 19.7 20.3 16.6 13 11.3 9.4 10.7 9.7 4.4 5.2 6.6 7 5.1 7.6 9.3 9.3 10.9 12.3 12.2 12.1 13.1 14.9 15.8 16.1 17.3 13 13.4 13.3 11.3 10.3 11.8 -1.8 -1.8 -1.8 -1.8 -1.8 -1.8 -1.8
-1.8 -1.8 -1.8 -1.8 -1.8 -1.8 -1.8 -1.8 -1.8 -1.8 -1.8 -1.8 -1.8 -1.8 -1.8 -1.8 -1.8 -1.8 -1.8 -1.8 -1.8 -1.8 -1.8 -1.8 -1.8 -1.8 -1.8 -1.8 -1.8 -1.8 -1.8 -1.8 -1.8 -1.8 -1.8 -1.8 -1.8 -1.8 -1.8 -1.8 -1.8 -1.8 -1.8 11.6 15.8 21.9 20.9 16.8 14.7 13.7 13 9 9.4 10.1 9.4 6.5 6.8 7.3 9.7 12.6 11 10.6 11.5 14.3 12.6 11.4 13.3 14.4 15 14.9 15 12.2 13.5 13.3 12.2 10.5 10.2 -1.8 -1.8 -1.8 -1.8 -1.8 -1.8 -1.8
