WholeMapElevations/data/nm/nm90_OST50GRID_20230518/NM90.asc
ncols 200
nrows 200
xllcorner 190000
yllcorner 700000
cellsize 50
[rows 0 to 34 of 200, columns 0 to 78 of 200]
307.5 300.6 294.5 284.9 273.4 264.8 260.2 259.5 256 249.5 242.7 235 225.9 223.3 212 221.9 224.4 221.9 223.8 222.8 220.8 218.3 215.7 219.5 217.9 207.4 210.1 193.3 188.8 201.1 198.5 187.6 184.9 203.1 215.1 235.8 248.2 256.5 256.9 270.9 278.8 286.6 290.3 288.7 293.3 300.5 302.7 304.2 310.7 318.9 330.3 335 337.6 336.5 326.2 316.2 308.5 307.6 302.9 301.9 293.5 294.6 292.1 283.2 294 287.4 291.4 294 299.5 301.8 297.1 298.1 305.8 299.4 284.4 276.9 270.6 265.8 257.4
300.6 293.7 285.9 277.7 269 262 260.2 258.2 252 244 236.7 228.4 222 211.4 213.1 221 221 220.8 224.4 223 216.3 216.5 214.7 221.4 214.3 214.3 204.8 193 187.5 197.2 183.2 182.9 193.8 211.9 227.4 247.2 255.6 254.7 267.1 275.1 281.7 286.4 288.5 299.6 291.6 296.6 301.5 307 314.2 323.2 328.4 334.3 336.8 333.5 325.3 320.3 304.9 297 300 299.9 289.7 289.5 284.9 282.1 285.1 286.9 292.9 297.4 302.1 301.5 297 292.4 302.2 293.7 280 274.3 270.2 263.7 257.5
296.3 288.7 281.1 273.2 265.3 261.3 260 257.1 249.9 239.5 230 221.3 212.2 210.3 218.3 216.4 213.8 218.2 226.6 219.2 215.5 214.1 214 221.2 215.4 213.5 206 193.4 184.8 184.4 181.3 183.4 202.3 217.4 237.1 249.8 252.2 256.5 273.1 284 287.4 287.7 296.2 290.6 292.6 298.2 304.1 309.5 316.1 322.7 325.3 328 329 328.9 322.9 317.9 298.8 288.8 287 278.9 277.4 275.6 275.5 276.9 280.6 286.8 291.9 299.1 301 300 296.9 292.7 286.2 284.6 283.4 276.3 267.3 262.4 257.4
292.5 284.2 277.2 270.6 262.6 257.9 256.4 255.2 249.4 236.9 223.9 214.3 204.5 217.3 219.1 213.5 209.8 217.4 227.2 214.3 213.3 210 218.8 218.6 222.7 213.6 210.3 194.5 181.2 179.4 181.1 189.6 211.7 227.6 235.6 243.5 248.2 267 277.2 286.6 294.8 296.5 289.2 287 293.4 299.7 305.7 311.6 316.8 321.3 325.1 324 323.2 321.2 316.4 307.3 293.1 287.2 278.2 276.9 274.5 273.3 275.1 280 281.3 285 290.2 295.2 298.7 297.9 295.1 290.3 279.9 282.3 279.8 270.9 261.9 260.9 256.9
290.2 280 272.4 266.3 257.8 253.8 250.9 249.2 240.5 225.7 215.4 207.1 208.9 218.9 215.9 208.8 204.9 217.8 222.3 208.3 209.3 209.8 219.7 220.8 219.8 216.6 210.3 194.4 180 178.7 182 196.8 217.6 233.4 230.4 237.7 252.9 272.3 281.9 295.1 293.9 289.3 282.7 287.6 293 298.8 304.9 310.5 315.8 319.6 322.5 323.9 320.1 317.3 311.8 300.1 288.9 284.8 277.9 274.1 275.1 272.8 283 281.3 281.5 285.2 286 289.5 291.3 291.6 289.6 284.7 275.4 269.3 267 262 259.8 259.5 259.9
284.8 280.2 269 259.8 249.2 247 243.3 236.1 224.1 214.5 209.9 204.3 214.6 216.8 213.1 206 205.2 221.1 210.7 206.4 205.6 213.7 222.7 229.7 228 218.1 209.6 190.4 179.4 180.5 185 198.4 211.2 220.3 225.2 242.7 258 269.1 290.5 293.1 289.5 282.6 283.2 288.2 293.5 298.1 304.5 309.5 314.2 317.6 320.1 322.4 320.2 315 303.8 291.4 287.2 279.5 274.1 278 273.2 277.6 281.5 280.3 281.3 284.4 283.9 279.9 279.7 279.1 277.1 273 265.9 260.8 259.1 258.3 257.6 259.2 265.6
284.1 271.6 262.4 249.3 243.6 241.9 237.5 226.8 214.1 207.8 203.2 210.8 214.3 210.7 207.9 205.6 211.1 215.9 204.4 205.2 206.6 220.5 227.7 232.5 228 218.8 206.8 187 178.5 179.3 183.7 192.9 202.6 215.1 234.4 245.7 259.2 275.9 288.7 290.8 288.4 280 284.2 289.9 297.6 302.2 305.2 308.8 312.8 316.3 319 322 318.1 308.2 292.3 280.3 278.1 274.7 274.3 273 273.4 281.7 280 279.7 281.5 284.7 286.8 286.6 284.3 278.2 273.1 268.6 264.1 260.1 257.9 256 256.6 260.4 269.6
281.8 265.4 255.9 239.8 235.7 234.9 228.2 215.6 207 201.6 206.8 210.4 214.8 207.9 203.7 204.2 223.2 210.1 204.7 201.9 211.9 224.4 232.2 232.5 225 214.6 200.3 184.4 178 180.8 183.8 187 203.1 220.5 236.7 248.6 263.5 266.3 283.4 285.8 277.2 280 285.9 293.2 300.8 306.8 308.7 310.5 311.7 315.1 316.9 317.3 310.2 292.9 287 268.9 268.9 268.9 275 271.8 280.4 280.1 280.9 280.6 282.9 286 288.5 290.8 292.6 285.2 278.2 271.9 265.7 259.8 257.4 255.7 255.9 260.2 259.1
272.1 261.1 246.6 237.4 227.2 225 214.5 206.6 198.5 202.9 203.8 207.8 209.3 202.5 203 214 215.5 205 201.4 201.3 218.8 227.1 230.1 224.2 216.6 206.9 191.9 183.7 178.5 184.6 187.8 186.3 198.2 219.3 233.4 254 258.6 267.9 272.8 268.5 270.5 277.9 288.9 297.6 305.1 311.9 314.1 313 312.6 313.7 313.9 310.7 292 288.8 278.9 268.9 268.9 270.5 270.8 276 279.8 279.1 279.6 280.3 283.5 286.7 289.3 291.5 289.7 284.2 278.1 271.2 265.5 259 256.8 256.5 254.8 254.4 248.4
267.6 252.6 240.9 235.2 221.4 217.5 206.8 198.5 198.5 198.5 201.7 204.4 203.3 202.7 206.9 213.6 208.8 204.9 198.5 207.7 229.1 225.1 221.3 214.3 207.2 199.7 184.7 182.2 183.8 195.3 200.3 196.9 197.7 220.2 233 253.4 249.5 256.2 259.3 259.4 268.2 277.6 288.5 300.7 310.3 316 317 314.6 312.6 312.5 301.8 290 284.1 283.9 268.9 268.9 271.3 271.2 271.7 281.3 280.6 280.9 278.8 280.1 283.3 286.8 289.7 291.2 288.4 281.5 274.8 267.9 262.8 257.7 258.1 261.8 252.5 247 236.9
260.4 251.6 240.5 227.4 221.6 215.6 201.9 198.5 198.5 198.5 198.5 198.5 198.5 206.3 211.6 208.9 204.3 199.7 198.5 212.6 219.3 220.7 210.8 205.2 200 190.5 180.8 178 193.8 202.7 209.9 201 201.8 213 228.6 239.8 240.9 243.8 240.8 253.3 265.3 277.5 295.2 307 311.9 315.5 316.1 314.5 307.7 298.3 285.9 278.6 280.9 279.3 269 268.9 273.5 271.7 275.7 280.9 281.6 286.8 280.3 280 283.2 285.6 287.4 287.4 286.5 278.2 270.1 263 260.4 260.7 268.8 262.2 254 250 241.6
251.6 245.5 231.5 228.7 221.9 207.4 198.5 198.5 198.5 198.5 198.5 198.5 198.5 205.7 199.5 202.8 200.5 198.5 200.2 213.5 215.5 216.4 204.9 198.8 192.6 184.8 178.5 188.3 207 205.5 200.7 206.9 213 206.7 221.4 229.4 229.4 227.9 234.9 246.5 261.2 284.4 300.2 308.1 311 313.2 311.7 302.8 299.5 289.1 277.5 276.3 278.9 275.6 268.9 270.7 271.7 278.7 276.9 280 293.7 284.3 278.2 278.8 284.9 284 282.7 281.9 282.3 273 262.5 259 262.8 272.4 267.3 258.6 260.8 248.3 239.8
246.5 238.5 227.6 226.2 217.1 201.9 198.5 198.5 198.5 198.5 204.7 198.5 198.5 198.5 198.5 198.5 198.5 198.5 199 206.2 209.2 204.5 197.9 193.2 192.7 176.9 177.7 189.4 204 197.5 211 223.3 220.6 211.9 218.4 225.2 223.8 225.2 229.5 241.5 266.1 291.8 300.9 306.4 309.2 311.1 313.4 300 294 281.9 272 274 277 270.5 268.9 275 273.2 281.9 276.9 284 291.2 275.1 276.8 281.9 290.5 279.6 278.9 278.1 274.9 265.5 259.5 263.3 270.6 278.3 266 269.6 256.9 243.8 249.4
245.2 231.7 220.1 215.2 206.4 201.1 198.5 198.5 201.3 206 202.7 198.5 198.5 198.5 198.5 198.5 198.5 198.5 198.9 203.3 203.3 198.2 195.1 187.9 181.9 176.2 184.2 196.7 194.8 205.1 224.5 231.2 225.4 223 220.8 219.8 221.5 224.5 230.1 245 270.6 289.1 296.9 302.1 306.6 309 304.3 297.8 286.4 275.6 272.1 274.1 274.1 268.9 275 273.2 276.8 279.5 277.5 278.4 274 273.9 282.4 284.2 278.5 274.9 272.9 271.2 267 260.1 262.5 268 278.2 278.9 272.8 270 248.1 247.7 247.7
238.5 225.3 219 211.2 203.3 200.9 199.8 198.8 206.7 204.1 202.4 198.9 199.2 203.6 205.6 204 198.5 198.5 203.8 206.3 203.4 200.6 194.3 180.8 175.3 181.2 188.4 192.3 208.3 223.1 230.4 234.5 231.9 231 217.3 217.4 221.5 225.3 236.3 257.5 272.7 286.3 292.6 296.2 301.9 299.3 300 291.7 280.6 270.9 272.3 274.2 270.7 280.5 275.8 274.6 276.9 277.1 275.9 273.5 272 279.9 285.7 278.9 271.9 268.6 266.2 264.2 261.8 263.6 268.2 275.9 281 280 275 258.3 251.1 249.8 247.5
233.5 220.6 212.7 207.2 202.9 203.9 207.1 212.1 212.3 207.4 204.9 204.1 208.4 209.4 208 198.5 202.8 207.1 206.8 206.2 201.6 195.8 187.2 175.2 178.9 190.6 196.6 206 231 240.8 237.7 241.3 232.7 217.3 217.3 217.3 220.7 226.8 243.8 263.4 275.6 284.7 287.9 287.4 291 292.4 297.2 286.6 274 270.7 271.8 270.9 276.7 280.8 274 274.9 276 276.2 274 270.1 275.1 288.7 285.2 273.7 266.2 261.7 261.3 262.4 264.8 264.9 267.5 274.9 279.8 279.1 271.8 258 252.8 248.3 245.1
224.9 212.1 206.4 204.1 203.5 208.5 215.1 216.4 214.3 213.4 209.2 211.2 210 203.4 200.3 203.8 206.9 206.4 206.5 204 199.2 191.2 181.5 174.9 181.7 190.5 200.6 219.8 234.8 238 244.8 243.9 217.3 217.3 217.3 217.5 223.4 230.4 249.8 269.2 276.9 282.8 282.2 278.6 283.9 292.8 290.1 278.5 271.3 276.2 278.3 271.5 281.3 277 274.5 275.3 278.5 278.7 271.8 268.2 276.6 277.3 270 264.3 260.4 260.3 261.3 261.4 262.1 264.7 266.8 271.3 275.1 269.4 264.7 259.3 251.8 246.6 236.8
218.4 204.1 202.8 202.8 207.5 211.2 219.1 218.4 217.2 215.7 215 214.2 204.9 201.4 205.3 206.2 205.9 206.2 204.8 201.7 194.1 187 179.1 174.1 180.3 189.2 203.4 216.7 229.3 236.9 250.3 236.8 217.3 217.3 217.3 217.3 224 235.5 255.1 270.2 275.3 278.8 276.5 273.3 278.6 285.1 277.4 273.9 271.1 279.4 278.9 273.5 284.6 274.9 277.3 278.2 282.3 275.5 270.9 271.5 283.9 274.7 264.4 261.3 263.7 271.3 268 261.5 263.5 266 265.8 263.4 267 262.2 259.3 255.3 251.2 243.9 231.9
212.2 200.8 200.7 202.2 211.2 222 218.7 218.5 222.2 219.9 216.3 206.2 201.9 204.2 202.2 202.5 203.9 203.7 202 198.8 189.3 182 175 175.9 192.1 205.2 216.5 227.9 235.2 242.5 249.8 222.5 217.3 217.3 217.3 217.3 228.7 243 253.9 262.3 266.3 269.3 266.1 273.9 280.2 276.4 271.8 274.4 273.4 280.6 277 277.4 279.6 281.7 286.1 281.3 272.5 269 272.7 278.4 284.1 269.1 263.2 258.4 273.3 266.8 263.8 278.5 270.9 266.2 265 260.3 257.5 256.5 254.9 253.5 249.2 239.5 233.5
207.1 198.8 196.5 204.1 216.7 218.2 217.9 218.6 218.2 221.6 211.9 200.6 199 199.9 201.1 202 201 199.2 197.4 194 186.6 177.8 172.5 186.4 204 216.7 226.9 237.2 246.3 249.8 242.9 217.3 217.3 217.3 217.3 221.7 237.2 249.6 257.4 260.8 258.9 257 262.5 273.7 280.6 267 273.3 267.2 278.5 279.2 274.9 278.6 280.1 283 283.1 271.6 267.9 270.5 274.3 283.9 271.9 266 259.1 262.7 270.3 267.7 276.2 282.7 269.4 274.4 267.6 263 257.3 253.5 252.1 250 245.1 235 234.2
204.3 198.4 195 203.7 218.6 216.7 216.9 212.3 217.4 211.3 204.4 199.8 196.8 198.6 200.3 201 199.2 196.5 193.6 190 182.1 172.6 181.4 197.9 213.3 226.7 236.8 244.3 252.2 253.8 237.1 217.3 217.3 217.3 228.1 239.4 253.8 256.6 257.7 257.2 257 257 264 277.3 272.6 264.7 266.5 271.6 278.3 276.1 274.6 278.7 282.7 280 274 269.3 266.8 270.5 278.3 274.3 266.5 262.4 256.7 260.1 264.6 275.7 283.5 272.9 283.8 280.4 267.6 263.1 255 251.6 250.8 246.8 241 236.9 234
201.9 195.2 193.7 210.8 212.4 213.2 210 208.7 209.1 205 201.7 199.7 196.1 198.6 200 199.6 197.7 195.5 190.5 184 176.8 178.4 191.5 207.5 220.1 233.1 242 250.2 254.4 254.7 244.9 230.4 235.9 238.7 246.6 256.6 264 262.3 265.3 257 257 257 270.4 274.7 269.6 263 262.9 270.5 277.5 270.9 275 278.6 281.5 274.8 271.5 267.7 267.3 270.4 273.4 265.2 262.4 255.8 266.8 262.3 264.7 273.2 276.7 275 284.2 276.8 266.8 258 252.7 251.6 251.6 247.2 237.9 235.9 234
196.9 191.8 198.1 208.3 208.5 208 203.3 208.2 203.5 199.1 198.6 193.5 196.3 198.2 199.8 198.2 197 191.1 185.1 178.3 170.6 185.5 200 214.9 227.3 238 246.6 252.2 255.9 257.1 255.6 254.9 255 256.1 263.4 275.1 270.5 270.1 268.6 259.1 257 260.4 264.5 263.2 261.4 260.9 261.3 269 266.4 269.8 275.7 278.8 277 272.3 268.6 267.6 269.2 267.8 262.4 259.1 254.8 266.3 272.2 266.2 267.1 272.7 274.2 279.1 279 275.2 271.9 254.4 254.4 255.9 251.5 245.4 237.3 235.7 234.1
194.4 191.6 198.2 202.4 204.2 199.8 201.2 204.6 194 195.6 191.2 190.5 196.3 197.1 198.3 196.5 193.6 187 179.6 173.2 175.6 190.4 205.7 220.1 234.4 245 251.4 258.1 257.6 258.5 260.2 261.1 264.1 269 273.7 278 275.1 273.8 268.8 260.5 266.9 270 267.3 264.1 261.4 260 259.9 263.6 270.1 273.1 276.4 275.7 274.9 268.1 265.5 269.9 266.6 260.6 256 254.8 268.6 272.9 267 271.1 271.7 271.1 272.6 272.3 271.5 272.2 258.3 256.1 257.3 258 253 251 237.6 236.2 234.4
190.4 192.3 192.8 197.7 196 196.4 194.9 191.1 193.1 191 183.7 188.6 191.9 192.8 193.7 193.1 189.5 183.3 173.7 169.6 179.9 195.7 209.1 222.1 236.5 248.5 253.9 257.3 258.5 258.4 259.7 261 271.5 275.2 278.4 276.7 276.1 269.7 264.4 268.1 274.7 275.4 274.8 264.6 261.8 260.6 260.7 263 266 268 270.6 272.9 273.3 268.6 265.3 264.8 259.3 257.2 254.3 260.3 257.3 259.9 263.6 269.4 268.6 269.6 270.4 270.1 270.7 262.4 257.6 256.8 255.8 252.3 252.1 244.3 236.7 237.4 236
188.5 189.6 189.5 192.8 192.3 192.9 184.9 183.2 188.2 178.3 182.9 181.3 185.4 188.8 190 188.8 184.4 177.4 168.3 171.8 181.8 197.9 212.8 224.9 236.3 249.1 251.8 253.4 255.6 256.2 259.3 261 272.6 275 278.6 276 271.5 268 262.8 265.8 273.7 272.7 268.1 261.1 260.6 260.5 260.9 262 263 263.8 264.5 270.3 274.8 257.3 262.3 255.4 253.6 253.4 258 253.9 256.1 263.4 265.9 266.1 267.5 267.7 266.8 266.2 262.8 258.4 257.7 258 249.8 245.6 244.9 240.6 238.9 239.8 237.6
187.8 188.7 187.1 189.4 185.6 183 179.5 176.4 170.8 177.6 176.5 177.2 183 187.3 186.6 179.5 176.1 170.3 165.5 174.9 185.2 195.9 212.1 225.5 234.2 244.7 244.7 246.5 250.5 252.8 256 261.5 268.1 275.2 279.7 281 270.8 268.2 266.1 267.8 269.7 268.8 267.9 260.7 261.3 261.7 261.2 260.1 262.9 263.8 263.2 263.8 267.7 255 255.8 254.5 253.1 260.6 254.6 255.5 267 271.4 267.8 267.9 269 267.4 263.8 263.6 264.1 268.9 265.4 260.1 250.8 245.1 241.5 240.3 241.6 241 236.7
183.1 183.9 183.3 183.7 178.2 177 173.8 169.8 165.8 171.2 172 177.4 188.4 190.4 181.8 170.6 168.1 167.1 169.9 176.6 186.1 194.9 208.5 217.9 226.6 233.9 238.6 244.6 248 251.4 256.2 261.8 267.6 273.5 277.4 277.2 271.9 271.2 270 268.4 269.1 268.7 268.3 261.4 264.1 265.1 263.7 264.9 268.7 264.8 263 260.3 253.3 252.6 254 251.4 262.1 255.2 256.3 273.6 276.9 270.2 269.5 270.4 270.8 270.1 267.2 266.1 267.8 272.3 270 265.9 256.2 251.9 247.6 245.9 246.5 246.5 240.5
187.8 179.3 177.4 177.5 176 174.3 172.8 171.9 164 168.1 170.9 185.3 192.2 188.6 175.4 167.1 165 173.9 182.9 183.2 190.7 205.8 220.8 230.8 234.3 236.9 246.1 250.4 253.8 256.6 264.3 267 271.6 274.3 275.3 276.8 275.3 275.5 274 272.9 269 267 265.2 261.7 268.8 268.3 266 265.8 265.9 263.7 261.2 255.2 248.3 250.2 250.1 256.3 255.7 256.4 275 279.7 270.9 268.2 269.1 274.7 273.7 275.8 271.2 268.1 268.9 270.4 271.2 266 261.7 259.5 256.1 252.1 251 251.7 244.4
191.8 183.6 179 173.6 171.3 168.9 169.5 166.3 161.9 163.5 172.3 183.4 187.9 182.2 167.4 161.3 173.1 181.3 185.9 198.1 212.3 229.2 240.4 238.6 239.1 246.7 255.3 256.4 256.9 263.4 268.3 271.3 275.6 276.5 276.7 277.8 278 278.4 280.4 279.6 272.5 265.3 261.3 265.5 269.5 266.2 263.5 262.5 258.4 254.5 248.4 250.6 250.5 249.8 257.2 255.5 255.4 265.3 275.5 266.5 264.1 262.8 271.7 274.1 282.1 280.5 270.7 268.4 268.6 269.6 268.6 265.6 266.7 266.6 259.7 253.3 255.6 253.2 235.7
191.6 182 179 174.2 166.3 164.2 165.8 156.9 158.8 174 185.3 187 184.3 174.4 161.7 168.7 181.4 187.7 204.2 221 232.6 245.8 248.1 242.4 251.6 262.5 267.8 265.1 265.6 270.3 272.9 275.6 278.2 278.3 278.5 279.3 280.1 285.7 289.1 282.1 273.9 265.4 261.7 261.6 263 263.4 262.7 247.4 247 247.4 252.6 257.5 255.9 254.3 252 247.8 262.8 267.5 257.6 252.6 263.7 266 272.6 278.3 286 275.8 270 268.3 268.5 268 264.9 266.5 267 266.4 259.1 253.8 252.6 241.5 219.7
189.7 183.2 180.2 177.4 167.7 161.2 155.8 153.3 172 185.7 188.2 181 173.3 166.3 156.9 176.8 190.8 209.6 230 235.8 245 256.3 255.1 257.9 267.5 268.7 268.5 275 274.5 275.6 278.1 280 280.4 280.4 280.4 280.6 285.6 292.1 286.6 281.1 272.7 266.4 256.5 252.1 256 259.1 247.8 245.3 246.3 250.1 255.5 258.6 257.6 255.7 242.3 254.3 257.6 249.1 243 253.4 260.2 267.7 277 278.4 276.2 271.1 265.6 269.6 267.4 264.1 266 267.5 267.5 264.9 259.6 252.6 240.4 221.1 204
186.9 183.3 181.1 179.1 168.9 160.5 153.6 159.7 183.8 185.4 184.2 175.4 170.9 155 163.4 184.4 211.8 225.4 240.2 245 253 259 265.9 273.1 271.3 272.2 273 278.5 280.7 281.1 282.4 283.3 283.2 283.1 282.3 283.5 287.7 289.1 282.2 275.4 273.3 259.6 246.6 251.9 253.2 253.7 247 246 250.9 253.1 253.2 256.5 261.9 243.8 238.1 246 243.1 238.3 240.3 247.7 258.7 273 276.6 278.9 269.4 263.9 269.8 277.4 265.1 260.7 265.6 268 267.7 263.7 258.1 248.8 223.8 204.3 184.8
182.8 182.5 181 178.2 164.9 155.2 150.6 168.1 176.4 176.2 172.1 171.5 162.5 156.6 169 189.2 212.4 231.8 241.1 243.4 247.2 264.5 267.3 273.7 279.3 274.3 277.4 281.1 283.9 286.2 286 285.4 285.3 284.7 284.9 285.5 285.4 283.2 276.9 273.8 268.5 248.4 243.1 247.3 252 252.5 243.3 249.6 258.8 251.8 249 254.1 245.9 246.5 236.5 228.3 228.3 238.8 240.6 243.3 257.6 269.6 274.4 260.6 260.3 265.2 276.8 275.7 260.5 263.4 266.7 268.9 264.5 257.4 249.9 229.1 207.1 183.2 166.7
182.9 182.1 183.7 171 160.1 150.7 153.8 159.8 166.3 169.7 168.3 167.8 151.9 163.5 176.7 184 203.1 225.9 234.4 240.6 250.6 259.2 268.2 272 276 277 280.3 283.5 288 290.7 289.1 287 287.3 288 284.2 282.3 280.3 276.5 272.5 268 256.3 241.7 236.7 241.7 248 245.2 240.6 253.4 253.5 243.1 243.8 242.7 247.2 242.2 232.3 227.2 229.2 235.5 237.4 238.8 253.4 269.6 267.2 256.2 258.6 272.8 279.5 263.8 259.5 266 268 265.8 254.7 243.9 236.8 207.4 183.2 165.6 151.5
