UK/data/no/no37_OST50GRID_20230518/NO37.asc
ncols 200
nrows 200
xllcorner 330000
yllcorner 770000
cellsize 50
[rows 140 to 174 of 200, columns 78 to 155 of 200]
321.6 328 336.8 342.7 349.4 356.5 362.3 368.9 376.9 383.4 391.7 395 398.9 397.2 416.2 431.2 443 452.7 469.4 483.3 495.1 507.2 514.5 514.2 509.1 496.4 481.6 470.1 460.2 450.9 445 441.6 439.9 439.9 440.4 441.9 445.4 450.6 457.1 461.5 465.3 468.8 468.9 468.4 463.2 469.4 474.4 485.1 498.7 512.8 530.1 547.2 566.2 581.6 596.2 609.6 625.1 635.3 643.4 656.9 667.1 676.9 685.6 690.9 692.7 690.8 684.7 675.2 663.5 647.6 631.7 614.8 590.6 567.8 548.7 533.1 522.4 515.3
311.9 317.8 324 330 334.5 341.7 350.2 359 365.5 372.4 378.3 382 378.2 393 405.8 419.8 430.6 439.7 455 467.7 481.4 497.1 505.4 506.5 501.5 496.2 484.5 471.7 458.6 449.4 442.4 439.4 434.9 434.4 435.4 437.2 439.3 442.1 446.6 451.9 455.6 458.2 459.5 459.2 454.8 460.4 474 485.5 498.8 512.8 527.5 539.9 554.8 569.1 583.2 596.9 605.9 615.4 625 637.6 652.3 663.1 672.5 678 679.6 677 671.8 662.9 651.8 637.1 623 603.5 580.9 559.6 542.9 528 517.1 509.6
302 305.7 310.9 316.2 323.1 329.9 338.4 347.8 354.5 359.9 364 368.1 364.6 385.2 395.6 407.3 415.1 422.6 435.9 445.7 458.7 473.7 482.3 484.9 488.4 486.9 483 468.8 457.7 445.4 438.2 435.6 434.4 430.1 429.7 432.4 434.9 436.6 437.6 443.1 446.4 449 449.3 448.2 447.4 459.1 469 481.6 496.2 506 518 529.4 538.9 553 567.2 579.3 588 596.3 607.6 619.7 634.7 648.5 658.8 664.4 665.6 665.4 660.6 652.6 640.9 627.2 610.4 591.5 573.1 554.9 536.6 522.5 512.1 504.1
282.9 290.5 299.2 305.6 312.8 318.4 324 331.9 339.9 346.4 350.7 351.7 359.9 372.9 383.3 393 400.6 406.4 415.7 425.9 434.7 446.3 459.6 463.1 467.2 469.2 473.3 468.5 456.6 444.4 437.1 434.3 433.4 430.5 422.6 426 429.8 431.2 432.6 435.3 438 439.8 439.7 436.5 443.9 453.5 461.9 474.7 486.6 496.2 507.4 518.4 528.3 537.8 549.4 560.2 571.9 581.3 592 604.2 618.9 632.2 643.8 649.1 652.1 652.9 649.2 640.1 626.5 612.3 596.9 580.8 564.2 547 530.7 516.7 505.4 496.9
274.7 280.2 288.3 295.8 300.1 307.2 311.9 317.7 327.9 334.7 338.5 341.3 351.8 359.1 366.8 375.7 384.7 391 395.7 402.6 411.2 421.6 433.7 441.6 443.1 448.1 456.5 457.7 449.5 441.9 437.4 434.8 430.9 428.5 425 419.2 424.4 426 426.9 429.1 430.2 431.1 431.4 429.6 437.8 445.5 453.8 464.8 475.1 484.6 495.8 506.2 517.5 526.3 534.5 544.6 554.1 564.9 577.6 591.6 607 617.4 627.2 634.2 639 638.5 629.2 617.7 607.4 596.8 583.6 568.3 554.5 539.5 524.9 510.4 498.1 489.4
269.1 272.7 280 283 292.5 299.3 303 309 314.8 321.6 321.9 332 341.8 350.9 357.1 362.4 370.1 378.7 382.3 387.6 395.4 404.1 408.3 417.6 423.6 429.5 436.8 439.8 442.3 439.8 432.8 427.1 424.1 422 423 416.7 417.8 422.2 422.4 423.8 424 423.8 423.9 422.5 431.6 437.5 446.8 456 464.9 473.5 481.7 492.1 502.3 511.6 518.8 529.3 538.8 552.6 566.7 581.3 593.2 602.9 613.1 621.7 622 615.1 609.2 601.7 593.8 584 571.2 558.3 546.3 532 517.6 502.2 489.6 482.9
263.1 266.5 271.2 277 284 289.8 295.7 297.3 303.7 308.9 312.5 320.9 328.1 336.3 345.7 353.3 357.8 362.2 371.6 378.4 379.7 385.6 395.2 400.7 405.5 409.6 414.1 419.9 425.4 431.7 430.2 422.7 417.1 414.6 414.9 413.6 409 415.8 417.2 417.4 418.1 417.6 415.5 419.8 427.2 431.6 438.8 446.9 454.6 462.8 470.3 480.1 489.8 498.4 505.2 513.9 524.8 540.6 556.2 569.5 582.5 592.1 600.8 604.1 600.1 597.6 592.5 587.3 580.6 570.1 559.2 548.6 537.1 524.1 507.2 490.8 481.4 476.8
257.8 262.7 265.8 269 274.5 277.3 283.6 286.3 292.5 296.2 303.2 312.1 318.5 323.4 331.7 339.6 345.2 346 351.6 362.2 363.2 371.9 378.7 385.3 388.9 391.8 394.5 401 409.6 416.5 423.5 417.6 407.3 407.1 405.9 405.4 402.8 405.7 408.9 410.9 411.7 411.1 405.8 417.2 422.2 425.1 432.2 439.4 446.5 453.3 459 468.3 477.3 486.7 494.7 502.9 517.4 531 545.4 557.8 568.3 576.7 582 584 583.6 581.1 576.5 570.3 564.5 556.7 547.4 538 527.2 511.6 494.7 481.5 473.8 469.6
248.4 255.4 258.1 263.1 269.1 269.8 275 277.4 282.4 284.6 294.5 302.4 307.6 314 320.6 326.4 331.6 337.5 339.9 343.8 350.4 360 364.5 367 374.6 376.5 380.4 385.1 393.8 400.9 408.1 412.1 405.3 403.5 399.7 398.1 395.1 398.8 400.6 404.8 405 404.3 400.5 412.8 416.7 420.9 426.6 432.6 438.6 444.6 450.5 455.7 463.2 472.5 482.4 496.6 509.1 523.4 534.9 543.7 551.9 560.9 568.3 569.8 567.2 564.5 557.8 554.8 549.8 542.4 532.8 522.9 510.7 493.7 480.6 472.2 466.1 463.5
242.1 252.5 248.8 256.6 261.2 265.4 268.5 272.5 274.7 278.5 284.8 291.7 297.1 304.3 310.9 316.7 320.8 322 327.7 333.1 338.9 346.2 351.4 355.2 361.1 364.6 368.3 372 376.7 384.5 391.1 398.1 402.9 401.9 398.2 391.7 388.2 391.6 395.9 398 396.8 391.7 401.5 407 410.7 415 420.5 424.4 430.5 436.8 443 447.8 452.5 461.6 473.2 486.9 499.8 513.9 525.1 533.1 537.2 543.2 546.8 544 544 542.3 539 536.4 533 524.1 517.2 507.7 492.9 478.5 469 463.9 459 456.8
238.8 250.3 250.2 251.8 254.7 258.3 260.1 262.1 264.8 274 276.4 280.2 285.6 293.5 302.1 306.3 310 311.3 317.1 322.8 329.5 334.7 338.7 342 346.8 352.2 357.7 361.1 364.7 369.1 375 380.6 384.2 391.7 390.4 389 380.9 383.9 387.2 390.1 388.6 390.4 396.1 400.4 403.8 407.6 411.1 416.1 421.4 427.6 433.7 438.4 444.2 451.9 465.4 477.9 489.7 500.6 510.9 517.2 520.7 521.2 521 521.7 522.4 522.6 518.4 515.9 509.2 505.1 499.1 488.8 476.3 465.5 459.9 455.4 453.3 450.5
247.1 248 242.9 243.4 247.7 251.7 253.7 255.7 263.9 271 271.3 274.9 276.2 280.4 292.2 297.5 303.1 306.2 306.2 312.3 318.6 324 328.8 332.4 336.8 341.7 345.4 351.2 354.9 358.8 363.2 366.3 369.3 376 380.4 380.1 377 376.3 378.6 381 375.9 384.2 389.6 394.3 397.8 400.6 402.3 404.8 411.2 417.8 423.5 429.6 435.5 443.3 453.7 465.3 476.8 486 493.6 497.1 498.9 499.6 501.5 505.7 504.8 502.6 499.4 494.6 489.8 484.4 482.2 473.3 463.1 457.9 455.6 449.9 446.1 444
252 245.8 241.7 239.6 243 248.5 251 251.7 259.6 263.5 265.9 268.2 273.8 271.1 278.6 288.5 294.1 295.9 294.2 301.7 308.1 312.9 317.4 322.9 327.4 331.5 336.7 340.4 343.2 349 353.4 357 361.6 365.6 370.4 371.9 368.7 365.4 369.6 372.4 370.5 377.4 380.9 386.7 390.4 392.9 396.3 398 402.6 408.4 412.6 420 426.3 431.4 441.1 452 459.7 468.7 475.5 479.3 481.3 481.9 482.2 485 491.1 487.4 487 480 477.1 470.6 467.3 459.5 453.1 450.7 448.1 441.5 438.9 439
237.3 242.8 241.8 242.2 244 249.1 246.7 248.2 252.1 251.6 258.9 265.8 268.7 269.3 269.3 273.5 279.7 284.6 287.2 292.1 299 303.7 307.8 312.9 316.9 322 326.6 331.2 334.5 338 343.9 348 352.4 357.1 361.1 363.4 362.7 360.8 361.3 362.5 366.7 371.1 374.3 379.5 383.3 386.6 389.6 391.5 394.4 399.2 404.7 409.3 415.9 421.7 426.7 437.6 444.6 451.6 457.7 462.7 465.5 466.5 469.4 469.9 473.1 474.5 468.5 466.2 464.4 458.8 455.8 450 444.9 442.6 439.9 437.6 435.8 434.9
230.1 234.2 233.3 237 241.2 242.9 241.9 246.9 246 249.5 255.1 260.8 266.5 266.4 267.9 267.7 269.4 274.9 276.8 285.7 290.6 294.9 299.6 305 308.7 312 317.4 322 324.8 327 332.1 339.9 344.3 347.4 351.7 354 355.2 357.9 352.9 355.7 360.3 363.6 367.9 371.5 375.4 379.1 381.8 384.9 387.6 391.4 395.4 400.5 405.4 410.8 417.9 425.3 433 439.9 445.4 446.9 453.2 450.5 454.3 456 455.3 456.5 455.1 452.5 455 455 449.5 442.4 439.5 437.8 435.5 435.9 432.2 430.4
230.3 232.1 234.3 236.7 238.5 239.9 242.2 245.7 242.5 242.5 252.1 257.9 260.8 265.4 265.8 265.8 264 267.7 271.3 276.6 284.1 286.5 290.9 296.6 300 301.6 308.1 313.3 316.7 319.5 324 329.5 334.1 340.9 346.1 347.3 347.9 350.7 347.6 350.4 353.9 355.9 359.6 364.2 368.1 371.7 374.6 378.3 380.9 384.4 388.4 392.5 395.5 399.4 408.1 414.5 421.9 427.8 431.2 436.9 441.3 442.9 442.2 442.5 444.7 444.7 444.9 445.1 443.7 447.8 446.8 437.9 432.9 431.3 430.8 429.9 427.1 425.8
239.2 233.7 234.4 235.7 237.2 238.2 239.8 240.2 239.4 242 239.4 243.5 243.1 251 262.2 259.2 260 267.2 268.2 270 272.7 274.6 278.8 285.6 291.3 294.9 301.9 305.9 308 312.7 315.3 322 325.9 331.7 337.7 338.9 342.1 342 342.3 344.1 346 346.9 349.5 350 358.2 362.4 367.6 371.7 375 377.8 381.6 385.6 389.1 391.9 398.1 403.6 410.4 416.6 419.9 426.8 430.3 430.6 432 434.5 434.7 435.6 437.4 435.9 434.3 439.1 439.9 434.3 428 425.6 425 425.1 423.4 422.9
237.4 233.3 233.6 234.7 234.4 238.4 233.9 235.3 233.6 240.8 239.4 239.3 239.4 243.6 250 253.8 253.7 261 264 267.3 267.7 267.8 272.4 278.3 282.3 286.4 294.1 297.7 300.3 303.3 305.2 313.1 318 322.3 327.2 330.7 335.6 333.1 336.9 339.1 338.8 336.8 340.5 342.9 350.5 356 360.8 363.9 368.2 371.9 374.6 377.7 380.3 383.9 389.7 393.5 397.6 403.1 409.4 417.7 418.2 421 422.8 426.8 427.7 429.2 428.8 428.4 427.6 431.6 431.9 429.6 422.7 418.6 418.4 419.6 419.8 420
235.6 237.8 233.1 232.5 233.2 233.9 230.2 230.8 231 238.4 241.4 239.4 239.4 241.6 254.1 254.5 246.3 251.7 257.9 261.2 260.5 265.6 266.8 271.3 274.7 279.4 285.6 290.9 293.9 297.1 299.4 304.8 309.3 315.4 319.2 324.3 327.8 323.3 331.5 332.2 333.2 331.9 328.6 334.1 341.8 346.8 352.6 356.5 361 365.4 368.7 372.1 373.8 377.2 381.2 384.7 388.6 393.1 396.8 403.4 405.2 410 415.1 418.9 420.8 423.4 424.8 425 422.2 427.9 428.6 423.1 417.3 413.9 415 415.4 415.8 416.5
227.2 228.8 230.4 230.5 230.7 230.4 228 227.9 227.3 229.4 236.4 237.7 239.4 237.5 243.9 243.8 242.9 247.9 246.1 249.7 250.8 258 257.6 265 270.9 273.6 278 282.4 286.9 289.6 291.2 297.2 300.8 303.3 309.8 317.4 318.8 319.8 322.8 327 325.8 331.1 329.6 325.8 331.9 340.1 344.2 350.5 355.1 358.6 362.2 366.1 368.7 370.8 373.4 376.4 380.7 384 388.4 392.4 397.5 401.1 407.4 410.6 414.9 418 419.4 419.9 420.1 419.7 424.8 419.1 411.7 408.9 409.9 411.8 412.2 413.1
233.5 226.5 228.4 227.9 231.5 228.1 227 226.1 226.7 227.7 230.8 232.4 235.1 236.3 238.9 253.3 245.8 238.8 241.7 241.6 250.3 249.9 253.2 258.7 264.5 271.3 272.5 275.1 279.7 282.4 282.2 289.8 293.1 296.4 303.6 308.9 307.6 311.8 318.8 321.9 321.6 324.8 328.5 324.2 325.9 331.7 336.9 340.6 347.3 352.4 357 360.7 363.2 365.3 367.4 370.3 373.3 377.6 380.9 384.6 387.6 394.2 400.4 404.3 408.7 412 415.3 416.4 416.6 416 419.2 416.5 407.6 403.6 405.9 408 408.2 408.9
229.2 228.5 227 224.1 227.1 226.3 226.2 225.6 223.3 228.8 225 226.3 236.7 238.7 231.7 236 243.7 235.6 237.4 247.3 243 242.9 245.7 251.4 261.1 263.8 270.2 269.7 271.2 275.3 278.1 283.5 285.2 289 294 300.5 299.5 307.5 313.4 316.4 318.2 317.5 320.9 322.6 319.4 324.9 329.5 333.9 339 344.8 350.7 355.6 357.5 360.2 362.9 365.6 367.8 372.1 376.6 378.8 382.3 387.3 392.8 397.6 402.8 407.3 410.8 412.3 412.2 411.5 414.8 411.6 402.9 398.5 400.6 402.3 404.3 404.9
230 234.4 226.5 226.3 225.4 223.3 224.6 223.2 226 225.6 224.6 225.2 230.9 233.8 240.4 237.8 236.8 236 242.7 251.2 244.2 242.7 243.1 245.8 255.1 256.7 267.6 267.2 267.6 270.3 275.2 277.2 279.9 282.5 286.8 286.8 294.8 302.4 308.1 311 313.2 314.1 312 316.4 314.9 317.3 321.1 325.3 330 336.1 342.8 349.3 353.1 355.5 358.5 361.3 364.2 366.5 370.9 374.1 376.9 381.2 387.5 393.1 396.9 402.4 406.1 408.2 408.7 407.6 409.2 406.4 398.7 393 393.6 395.8 397.9 401
230.8 233 233.8 229.3 231.3 229.3 232.9 225.7 225.2 225.3 223.6 224.4 221.1 221.1 235 235 228.2 236.4 232.2 239.6 238.7 239.6 238.9 243.6 247 251.6 256.1 263.9 265.7 267.4 272.6 272.7 274.5 277 280.5 277 289.5 296.6 300.9 305.6 307.1 309.4 308.3 308.1 312.1 310.8 309 318.8 324.2 329.8 336.1 342.2 347.2 351.4 354.6 357.2 360 363.2 365.9 369.7 372.4 375.5 380.9 387.7 393 397.6 400.6 403.9 403 402.6 403.5 402.3 392.7 387.7 388 387.8 392 396.5
232.1 233.1 235.7 244.9 237.9 236.1 232.1 224.8 224.7 225 227.3 223.8 224 223.7 221.6 228.6 232.8 229 235.5 236.2 233.1 232.4 232.6 244.6 241 238.5 249.2 254.3 259.6 265.7 268.4 266.5 269.5 271.8 271.3 277.2 284.4 289.4 294.6 299 303.3 303.6 303 303.4 304.7 307.4 304.8 314.1 320 324.7 328.9 335 341.3 345.9 350 353.7 357 359.9 362.7 365.7 368.9 372.1 375.9 382.8 387.9 393 395.2 397.8 397.3 397.8 401.4 393.6 386.7 381.7 381.7 381.8 388.1 392.2
232.5 234.4 237.8 238.8 241.4 238.8 235.4 225.4 223.9 222.6 224.8 224.2 223.9 223.5 223.5 220.8 233.2 231.1 228.7 224.9 228 230.9 226.1 236.1 238.2 237.8 240.7 251.3 253 263.1 259.4 260.8 264.4 267 264.8 273.5 277.2 283.2 287.7 292.5 297.6 300.7 299 299.6 300.9 301.3 301.9 308.3 314.7 321.8 323.6 327.6 334.7 340.1 345.2 348.3 353.1 355.9 359.8 362.3 365.6 368.8 372.9 376.4 383.6 387.4 388.6 391.2 392 392.5 395.2 393.1 381.1 376.5 374.8 376.2 383.8 387.4
236 237.1 240.1 240.5 242.6 240.4 236.7 226.9 224.8 225.1 224.5 223.9 224.4 223.8 223.2 222 228.7 230.4 224.3 224.8 225.8 229.2 226.6 229 234.2 232.8 239.2 242.3 248.2 249 250.8 256.6 259.5 259.7 257.9 269.4 271.6 277.8 281.9 285.7 289.8 294.5 296.2 294 297.6 295.9 295.7 301.8 308.2 316.3 319.4 320.8 327.8 334.6 340.4 344.1 347.3 351.8 355.8 359.3 361.9 365.7 369.1 373.1 376.7 382.4 384.5 386.5 387.1 387.1 388.9 385.1 378.3 371.4 366.8 371.3 378.4 372.7
244.4 241.3 241.9 245.4 239.7 239.5 229.4 227.2 225.2 223.8 224.9 222.2 225.7 223.2 223.4 222.4 224.7 229.2 224.7 225 223.8 224.8 225.9 226.2 230.9 229.9 231.2 238.5 236.5 244.1 245.2 251 251.3 250.9 264 265.6 266.6 271.8 276.2 279.6 283.9 287.1 290.8 290.8 292 293.1 291.1 295.8 300.7 309.1 316.2 316.3 321.6 328.7 335.5 340.4 342.9 346.5 350.1 355.4 357.3 361.3 364.9 368.7 372.1 377.1 379.6 380.6 381.9 378.5 380.9 380 375.3 368.1 360.8 366 361.9 363.7
255.1 249 245.3 245.1 241.7 234.6 234.4 230.2 229.1 229.9 224.1 225.2 222.8 223.1 223.1 223.2 221.9 222.6 223 224.1 223.7 224.2 223.5 232.8 228.9 228.9 231.5 233.5 235.9 239.1 241.6 244.9 251.7 256.6 260.1 262.2 263.3 266 270 273.9 278.6 282.7 284.1 287.7 287.6 287.4 291.1 289.2 296.2 302.2 309.5 312.9 313.1 323.5 330.6 335 339.4 343 346.7 351.6 354.7 356.2 360.1 365.2 368 371.1 374.7 375.2 375.7 374.5 374.2 374.6 367.3 364.1 355 360.7 356.2 370.9
263.2 257 250.8 246.7 247.1 242 236.6 232.5 229.2 237.8 237.5 227.3 223.4 222.4 223.1 228.2 220.8 221.8 223.3 222.6 222.7 224.2 223 225.7 236.9 237.3 231.3 234 236 237 237.7 240.7 247 254.9 255 257.9 261.3 262.5 264.8 268.7 273.2 278 279.1 283.6 284.9 281.8 284.5 284.7 290.4 296.1 301 303.5 311.7 318.5 326.5 330.8 335.2 339.3 342.6 347.5 351.4 352.5 353.6 359.7 362.9 365.8 370.7 370.3 371.6 370 366.6 368.3 362.4 359.7 350.1 348.2 356.3 368.3
272.4 265.5 258.7 255.2 251.1 249.4 242.7 236.3 233 238.5 238.4 227.1 227.9 237.4 236.5 229.3 225.9 220.8 223.2 222.7 222.8 221.7 222 223.3 228.9 236.9 234.4 233.7 234.7 235.3 236.3 240.1 242.8 249.3 251.4 254.4 259.5 261 262.5 263.8 268.3 273.3 276.1 277.2 280.8 279.3 279.7 281.4 283.2 289.2 295.5 303.9 307.6 314.3 320.5 325.8 330 334.3 338 340.9 345.7 347.4 349.7 353.8 357.1 361.5 363.8 366.3 366.3 366.1 361.6 361.3 358 353.8 346.1 343.5 353.5 363.1
283.6 276.1 270.4 262.1 260.7 258.1 252.5 246.1 240.4 240.3 238.9 234.5 236.9 234.8 228.5 227.1 226.8 225.3 223.5 223.3 221.2 220.7 222.6 223.1 224.5 224.5 226.7 231.5 232.5 232.9 235 238.6 241.9 244.1 244.4 248.5 260.1 259.8 260.8 262.8 264.3 269 272.8 273.3 275.8 276 273.9 278 277.6 284.2 290.8 299.3 303.6 308.6 314.6 320.4 325.1 330.1 333.2 336.8 338.9 341.7 343.3 348.1 349.1 353.9 357 359 359.7 359.3 357.3 357.9 349.4 347.8 342.9 339.4 348.5 356.9
293.4 285.3 277.8 271.6 268.1 267.9 266.2 255.5 250.1 246 241.6 236.5 232.5 229.2 228.6 227.7 226.6 225.2 223 222.7 222.5 223 220.5 223.4 224 225.6 228.3 229.8 230.1 231.5 233.3 235.2 239.1 242.9 239.1 241.6 253.5 256.4 258.3 258.7 259.5 264.1 267.8 270.2 270 271.5 270.5 274.2 275.6 280.4 286.3 294.3 300 303.2 308.9 314.6 320.7 325 329.5 332.1 334.6 336.2 337.9 340.6 341.5 346.5 350 351.2 352 353.5 355.9 355.2 350.1 346.1 339.2 334.6 343.3 351.8
297.3 294.4 287.8 281.2 274.9 273.1 271.8 265.1 258.7 250.9 243.7 241.4 235.2 231.8 230 228.8 227.8 226.6 222.4 222.2 222.2 222.5 223.1 225.9 229.7 228 227.4 227.5 228 228.8 231.6 235.2 234.6 237.7 238.1 240.1 246.3 255.4 258 257.7 258.7 259.6 263.5 265.8 266.6 266.7 267.5 268.3 271.7 276.7 280.8 288 295 299.8 302.8 309.5 316.1 319.5 324.2 327.2 329.7 330.7 332.2 333.1 336.6 340.4 343.2 346.9 347.4 350.2 351.2 347 346.5 342.9 336.5 331 338.2 347
306.1 302 297.3 290.1 283.6 278.4 276.3 272.1 264 259 253.4 247.5 240.4 235.1 232.3 231.5 227.8 225.1 222.2 222.3 221.9 220.6 222.8 222.7 221.9 221.8 225.2 225.4 226 226.8 228.9 228.8 234.4 231 231 237.5 240.5 247.9 250.8 256.9 257 257.7 259.6 261.4 263 262 264.1 264.3 267.9 272.8 277.7 281.1 293.3 296.1 298.8 305.5 310.6 314.2 318.5 322.5 324.9 326.6 325.6 328.7 329.4 332.3 336.9 339.5 342.2 344.4 345.5 343.8 339.9 338.2 325.5 326.9 331.5 341.6
