WholeMapElevations/data/ng/ng84_OST50GRID_20230518/NG84.asc
ncols 200
nrows 200
xllcorner 180000
yllcorner 840000
cellsize 50
[rows 0 to 35 of 200, columns 0 to 79 of 200]
225.1 225.1 225.1 225.1 230.1 237.4 249.8 255.7 256 262 265.1 273.9 294.3 306.2 314.2 319 327.1 332.5 335.3 339.6 341.5 348.6 357.3 382.1 389.9 396 396.4 399.2 398.1 391.4 386.3 381.1 365.6 353.4 349 340.5 329.7 312.9 301.5 295.2 303.2 308.6 312.1 313.9 314.8 313.4 314 313 306.4 298.4 291.8 276.2 261.4 242.5 226.5 227.6 222.5 213.1 196.4 181.3 166.8 155.7 141.5 133 120.1 112.8 108.2 97.9 89.1 75.7 54.2 50.7 49 41.5 36.8 35.7 37.7 47.1 66.7 81.1
225.1 225.5 225.1 225.1 225.8 228.9 239 247.6 251 258.1 261.4 271 284.9 297.1 306.9 312.5 317.4 323.5 327.9 332.6 335 343.5 363.7 377.3 383 386.5 390.9 397 403 400 386.8 379.3 367.4 359 351.2 346.9 341 320 301.8 294.9 301.9 306.3 304.6 308.2 312.5 313.6 315.4 318 307.4 297.6 290.5 275.2 260.6 241.8 236.6 240.4 228.6 213.8 200.4 179.8 170.2 161 147.3 136.6 131.3 122.2 108.6 98.7 90.7 79.2 59.3 51.1 50.6 49.1 39.2 36.1 37.5 40.6 54.9 73.6
225.1 225.1 225.1 225.1 224.7 225.1 229.5 237.9 243.5 251 256 268.9 279.2 283.3 291.5 301.7 308.4 311.4 316.9 323.3 327.9 335.2 357.6 369.3 375.7 379.5 382.1 391 397.4 400.6 392.1 377.2 370.2 362.7 357.1 350.7 349.1 329 310.9 297.1 302.9 313.5 304.4 304.4 310.1 314 313 311.9 307.6 294.8 283.6 270 255.6 241.8 248.5 246.9 233.9 216 199.5 181.5 169 159.2 153.4 147.9 141.1 128.7 107.6 98.3 90.6 82.4 65.2 52.8 52.5 53 48.5 37.6 37.3 38.1 49.3 71
225.1 225.1 225.1 225.1 225.1 225.1 225.1 231.9 236.2 242.3 247.8 257.8 264.9 274.2 281.5 289.4 298.8 303.1 305.2 310.7 319.8 324.6 349.6 359.7 363.4 370.2 374.6 380.9 388.2 394.4 394.6 382 367.5 361.3 362.5 350.7 349 346.9 324.4 306 312.8 316.5 316.4 312.1 310.4 311.8 309.5 306.2 302.3 290.2 278.8 273.6 257.8 246.3 248.9 250.1 240.6 217.8 199.6 181.7 168.5 162.7 155.2 147.9 137.9 125.7 109.4 98.7 96.9 90.2 75.1 58.5 53.8 55.5 52.8 43.2 38.6 39.3 41.5 59.6
225.1 225.1 225.1 225.1 225.1 225.1 225.1 225.1 231.1 237.1 236.6 250.9 258.9 266.9 272.9 280.5 289.2 298.9 303.9 305.9 311.2 322.5 336.5 348.7 352.9 357 365.2 371.5 378.8 383.3 386.3 382.1 365.8 362 362.6 354.9 348 347.2 333.3 314.3 315.5 313.1 313.4 313.7 311.7 309.6 304.5 297.3 290.7 286.5 276.8 269.8 259.6 258.4 255.1 250.4 240.2 220 198.8 183 174.4 169.4 157.9 147.6 138.1 128.8 111.2 98.8 93.9 91.8 82.9 67.2 55.4 56.6 57.7 50.9 43.3 41.5 41.9 48.6
225.1 225.1 225.1 225.1 225.1 225.1 225.1 225.1 225.1 225.1 225.1 239.1 251.3 258.5 262.7 267.4 272.4 279.2 295.3 304.2 306.6 317.3 325.9 334.5 344.4 348.5 353.2 360.2 366.4 373.2 372.3 373.3 371.1 362.2 365.2 359.2 349.5 346.2 338.4 323.2 320.4 313.2 311.8 311.5 309.7 307.2 307.6 301.1 289 285.2 284.3 276.3 264.2 263.4 256.4 251.9 241.7 221.5 200.6 186.9 179 170.5 159.8 150.5 138.4 127.9 114.7 102.7 99.3 96.1 91.7 75.9 60.4 59.4 61.8 59.6 50.9 44.5 50.1 43.3
225.1 225.1 225.1 225.1 225.1 225.1 225.1 225.1 225.1 225.1 225.1 226.5 237.5 244.7 249.5 251.4 256.9 261.4 280.8 300.4 301.2 313.5 323.2 324.4 332.6 340.9 345.5 351.9 355.5 361.1 366 366.5 365.2 361.7 368.9 365 358.7 352.8 342.1 331.4 328.4 316.8 310 304.4 307 306.7 302.5 299.4 290.1 285.5 284.4 285.2 272.6 271.8 268.7 259.9 240.2 222.5 210.5 194.7 178.9 172.8 163.2 151.7 138.1 127.1 116.5 108.9 105 98.1 95.6 85.5 65.4 62.3 65.1 61.1 56.6 51.2 50.5 50.3
225.1 225.1 225.1 225.1 225.1 225.1 225.1 225.1 225.1 225.1 225.1 225.1 225.1 226.1 232.8 235.9 238.3 247 263.9 284.8 294.8 306.1 313.9 320.7 323.7 329.9 336 343.3 349.4 352.2 355.3 358.7 356.6 355.2 358.9 364.7 364.8 364.3 348.5 331.9 330.9 325.3 314 304.1 304.1 308.9 302.3 297 290.9 287.5 283.3 281.5 275.6 279 276.4 264.2 247.2 230.2 217.9 199.8 181.6 167.5 162.1 155.4 141.8 133.5 121.3 115.1 105.7 97 94 86.1 71.6 64 69.8 69 68 65.2 56.6 52.3
225.1 225.1 225.1 225.1 225.1 225.1 225.1 225.1 225.1 225.1 225.1 225.1 225.1 225.1 225.1 225.1 225.1 236.9 254.7 266.3 280.6 297.2 304.8 313.5 320.9 324.5 328.1 333.7 340.1 344.2 346.6 347.7 348.7 351.7 355.9 357.5 360.8 363.7 355.3 335.1 331.7 327.3 321.4 310.2 304.1 305.8 305.5 297.6 292.6 288.4 285 279.5 276.3 279 278 266.2 253.9 243.8 227.5 204.1 185.3 167.3 163.1 161.1 148.6 140.4 130.1 118.8 109.2 99.3 94.9 89.8 76 68.7 75.2 78.6 82.2 79.2 69.5 59.9
225.1 225.1 225.1 225.1 225.1 225.1 225.1 225.1 225.1 225.1 225.1 225.1 225.1 225.1 225.1 225.1 225.1 225.1 236.2 249.1 262.9 288.4 294.6 300.7 307.1 315 323 328.1 333.3 337 338.4 342.2 344.8 346.2 351.5 352.1 352.2 355.8 357.7 334.2 330 326.2 324.6 314.9 304.1 304.1 304.1 303.7 301.1 296.3 289.6 281.5 277.8 277.5 275.2 268 255.7 244 236.5 216 195 174.1 162.8 158.1 150.5 143.2 133.2 122 111.9 103.1 99.2 91.5 78.8 76.6 80.3 89.5 100.3 105 96.8 84.9
225.1 225.1 225.1 225.1 225.1 225.1 225.1 225.1 225.1 225.1 225.1 225.1 225.1 225.1 225.1 225.1 225.1 225.1 225.6 235.8 247.9 266.1 284.8 290.4 293.8 302.3 318.3 323.7 328.2 331 330.8 338.8 341.3 342 354.1 357.8 351.8 351.4 350 336 335.6 330.1 320.1 318.3 314 308.6 310.3 309.3 307.4 303.6 292.2 280.9 277.7 278.3 272.8 263.1 252.9 247.9 241.8 227.7 204 183.2 169.4 158.8 150.7 144.4 136 128.5 118.6 103.2 95.1 90.3 91.3 85.5 88.3 100.2 106.4 114.2 112.8 110.5
225.1 225.1 225.1 225.1 225.1 225.1 225.1 225.1 225.1 225.1 225.1 225.1 225.1 225.1 225.1 225.1 225.1 225.1 231.4 237.9 247.4 254.5 272.1 282.8 288.1 293.7 309.6 316.5 321.6 323.4 325.2 330.5 335.3 340.3 347.1 356.2 361.4 357.3 349.5 334.9 331.8 332.3 320.2 320.1 318.1 319.4 321.4 321.1 314.9 305.3 295.4 280.4 273.2 270.5 267.1 256.6 252.9 250.9 246 233.3 214.2 188.6 174.7 164.8 154.1 141.1 136.1 129.8 120.8 106.5 98.1 95.4 95 90.5 95.4 108.1 112.4 114.3 116.4 112.8
227.4 230.9 231.2 227.6 225.1 225.1 225.1 225.1 225.1 225.1 225.1 225.1 225.1 225.1 225.1 225.1 225.1 225.1 225.1 233.4 244.9 252.9 264.4 270.4 277.5 284.9 293.3 305.4 309.5 316.3 318.2 320.8 326.1 335.3 343.6 353.5 359.2 358 344.9 333.9 329 326.5 321.7 320.6 318.8 318.6 319.4 320.3 321.1 306.4 291.2 276.4 268.6 262.4 259.4 255.1 258.6 253.5 245.3 235.2 218.5 193.5 175.2 166.1 154.4 138.5 133.8 129.6 121.4 111.4 110.4 108.8 103.2 97.5 99.7 118.7 134.5 135.4 137.4 129.3
239.6 240.3 233.5 227.8 225.1 225.1 225.1 225.1 225.1 225.1 225.1 225.1 225.1 225.1 225.1 225.1 225.1 225.1 225.1 225.1 245.6 250.1 259.7 266.5 270.5 284.6 292.3 296.7 301.6 307.1 310.7 311 314.8 327.5 336.7 347.8 353 353.5 349.3 344 339.5 339 327.6 325.4 327.7 325 317.2 317.5 319.9 303.4 292.2 273.9 268.4 261.8 257.6 258.6 259.5 254.8 245.9 235.8 213.9 193.1 178.7 161.7 151.5 144.5 134.7 127.1 119.5 121.1 120.6 121.6 121.6 113.4 102.5 129 141.2 138.9 137.3 133
246.8 243.5 236.8 226.8 225.1 224.8 225.1 225.1 225.1 225.1 225.1 225.1 225.1 225.1 225.1 225.1 225.1 225.1 225.1 225.1 238.6 244.4 253.6 263.2 270.5 280.5 287 291 296.5 303.9 314.3 313.9 311 316.9 328.3 338.8 346 353.5 351.9 350.6 343.9 342.6 334.7 327.9 331 334.5 332.8 330.2 315.7 301.5 290.8 279.6 271.6 272.5 268.7 267.8 262.5 254.4 245.8 236.5 212.9 191 174.7 163.2 155.4 144.8 136.1 128.6 127.9 126.8 128.2 125.7 123.9 121.3 107.7 135.8 143.2 141.3 137.3 133.7
251.6 247.5 243.5 234.7 225.1 225.1 225.1 225.1 225.1 225.1 225.1 225.1 225.1 225.1 225.1 225.1 225.1 225.1 225.1 225.1 228.4 238.6 248 256.1 262.7 273.9 281.2 286.6 289.9 301.5 310.6 317 317 320.7 328 333.5 336.9 346.5 346.5 349.5 343.5 341.4 338.4 333.8 337.7 341.5 337.8 331.6 318.3 302.1 287.8 277.9 268.7 261.8 262.5 266.4 265.7 253.5 241.6 227.2 211.7 191.4 179.1 172.8 163.7 146.1 137.4 137.9 135.6 134.3 137.9 138.5 132.8 128.8 116.2 131.1 144 144.3 139.2 137.9
253 248.4 247.6 244.3 233.6 225.1 225.1 225.1 225.1 225.1 225.1 225.1 225.1 225.1 225.1 225.1 225.1 225.1 225.1 225.1 225.1 225.6 238.3 249.4 255.4 269.5 281.8 283.3 290.7 300.1 309.8 321.5 325.3 332.9 342.2 344.8 342.9 341.6 345 344.8 340.4 338.2 342.7 335.8 340.7 343.4 343.2 330.9 322 300.8 283.7 275.3 266.7 259.1 254.7 255.9 259.3 258.5 240.8 225 215.3 203 194.1 179.8 162.2 151.4 147.2 146.5 144.9 139.8 141.8 143.5 139.9 136.5 128 140.2 144.1 147 142.8 144
254.4 248.8 245.2 242 237.3 225.1 225.1 225.1 225.1 225.1 225.1 225.1 225.1 225.1 225.1 225.1 225.1 225.1 225.1 225.1 225.1 225.1 228.4 237.8 252.2 272.9 278.1 278.9 287.9 304 312.3 318.9 324.1 334.6 343.6 349.6 350.4 346.8 350.2 347.7 336.1 332.3 335.7 333.7 335.5 335.2 333.9 323.3 309.8 297 280.2 268.9 266 264.7 268.4 264.4 252.4 244 235.3 226.8 218 209.9 204.2 184.3 169.6 164.5 159.9 155.5 151.5 147.1 141.6 145.2 142.6 145.2 136.8 132.6 148 146.7 144.4 148.1
272.2 266.3 258.7 249.6 243 232 225.1 225.1 225.1 225.1 225.1 225.1 225.1 225.1 225.1 225.1 225.1 225.1 225.1 225.1 225.1 225.1 225.1 229 248.6 265.2 270.9 275.8 286.1 303.9 315.4 317.8 321.5 334.4 341.1 347.2 350.1 351.2 354 353.1 337.1 325.3 320.5 318.9 322.9 326 323.1 312.4 302.8 293.3 283 275.7 271 266.2 266.3 268.2 265.1 255.2 238.6 227.2 214.1 208.3 201.5 189.3 181.5 176.8 174.4 168.4 161.5 153.5 146.2 143.2 142.5 142 139.3 138.2 153.6 152.2 146.7 150.4
289.6 275.6 270.9 260.1 253.7 244 233 226.2 225.1 225.1 225.1 225.1 225.1 225.1 225.1 225.1 225.1 225.1 225.1 225.1 225.1 225.1 225.1 225.1 236.6 252.4 260.7 271.7 283.8 301.6 311.4 317.1 319.6 332.3 340.3 347 350 351.9 353.4 351.5 341.6 332.2 325.1 316.5 313.1 315.3 314.4 311.5 311.3 300.1 288.4 282.7 276.2 266.4 264.7 265.2 267 263.3 255.5 232.1 219.9 218.1 210.5 200.3 189.7 181.8 178.3 177.9 176.1 167.9 156.6 147.2 144.4 146.9 144.2 144.1 152.5 153.9 153.1 154.3
299.4 284.1 277.5 270 261.1 250.2 240.2 235.4 225.5 225.1 225.1 225.1 225.1 225.1 225.1 225.1 225.1 225.1 225.1 225.1 225.1 225.1 225.1 225.1 228.2 240.3 248.2 264.4 279.5 297.4 309.3 313.3 318.4 326.3 338.2 347.8 350.7 352.1 355.8 353.2 349.1 341.6 335.4 328.6 317.9 313.1 313.1 312.4 312.5 308.4 307.2 295.3 286 274.5 275 273.2 274.1 263.9 261.1 255.3 245 236.1 224.4 215.3 202 190.9 187.6 191.5 188.8 180.7 168.7 168.8 161.9 157 150.2 147.9 153.1 154.8 156.5 159.1
303.7 298 288.9 279.8 271 260.6 247.3 236.9 227 225.1 225.1 225.9 225.1 225.1 225.1 225.1 225.1 225.1 225.1 225.1 225.1 225.1 225.1 225.1 225.1 229.3 243 256.9 275.7 292.8 304.1 307.6 312.2 318.6 327.7 343.2 348.4 351.1 356.3 357.4 352.9 349.1 349.1 341.7 330.9 323 322.1 322 317.5 311.6 304.4 302.9 296.5 284.8 281.9 280.4 284.9 287.3 286 277.7 261 247 238.6 231.8 218.6 203.1 204.5 207.2 204.8 193.7 184.3 183.4 176 174.5 167.2 151.5 158.1 157.1 159.6 160.9
314.7 305 299.6 290.3 279 272.5 258.1 238.7 229.6 230.1 228.2 227.1 225.1 225.1 225.1 225.1 225.1 225.1 225.1 225.1 225.1 225.1 225.1 225.1 225.1 225.1 242.2 250.7 268.7 284.1 298.1 302.4 304.3 312.2 319.6 331.7 345.2 351.2 361.1 366.3 360.5 349.2 351 354.5 352.3 350.1 347.7 346 344.4 331.6 321 311.5 303 298.6 300.9 309.6 312 305 303 293.2 277.6 262.1 250.6 239.7 231.9 216.1 213.3 215.4 217.9 208.6 204.1 202.6 198.9 191.7 183.1 160.7 169.8 169.8 160.2 166
323.6 316 307.4 298.9 290.8 279.7 271.5 247.1 237.4 244.2 237.2 228.4 225.1 225.1 225.1 225.1 225.1 225.1 225.1 225.1 225.1 225.1 225.1 225.1 225.1 225.1 227.7 245.3 259 272.7 285.7 294.2 295.3 303.9 319.8 327 338.2 350.6 362.3 366.2 368.5 353.1 353.3 366 375.5 376.9 374.1 371.7 363.4 356.1 348.6 339.1 330.6 329.9 335.1 328.3 325.8 319.8 317.3 304.9 294.2 276.6 264.9 250.7 240.8 228 226.2 225.9 225.4 222.6 234.2 231.9 225.1 206.4 194.7 174.2 171.4 174 170.2 166.3
334.1 326.3 315.6 307.6 298.4 292.2 284.2 265.6 238.9 243.2 246 234 225.1 225.1 225.1 225.1 229.1 225.1 225.1 225.1 225.1 225.1 225.1 225.1 225.1 225.1 225.1 244.5 250.8 259.2 271.8 281.9 286.3 293.7 314.8 322.5 333.4 348.1 360.4 366.8 372.5 357.6 366.2 369.2 374.1 380.2 382.5 381.4 385.2 383.8 387 389.3 388 374.1 359.4 348.2 342.7 327.4 324.9 319 311.3 299.7 280.4 272.9 258.2 239.5 232.3 235.4 242.1 252.9 264.2 263.3 253.8 234.2 207.9 185.6 183.7 182.9 178.8 170.5
346.4 339.9 325.4 316.1 306.9 301.1 293.6 273.7 244.3 241.8 244.9 237.4 225.3 225.1 225.1 225.1 230.2 226.7 225.1 225.1 225.1 225.1 225.1 225.1 225.1 225.1 225.1 237.8 249.9 255.3 263.5 275 278.3 287.5 301.1 314.1 324.9 336.6 354.6 360.7 363.7 363.9 367.5 368.5 373.2 376 383.2 395.1 397.7 403.6 409.8 412.6 418.2 420.8 405.1 382.5 364.6 350.4 344.5 330.8 327.8 315.1 297.2 281 271.1 254.2 248.7 252.6 265 289.5 287.8 277.4 268.7 252.6 222.3 204.3 201 204.4 196.5 180.3
356.2 349.9 337.1 325.6 312.8 306.2 298.8 280 251.9 245.9 245.8 240.9 234.3 225.1 225.1 227.8 230.6 228.9 225.1 225.1 225.1 225.1 225.1 225.1 225.1 225.1 225.1 232 241.3 245.7 257.4 272.7 278.4 280.4 291.1 302.8 313 326.1 345 354.1 358.1 362.8 364.3 364.9 371.3 373.7 383.2 399.8 403 404.7 409.9 416.8 423.6 428.1 428.8 418.5 398.3 381.3 366.7 357.1 340.7 326.8 314.9 289.3 278 264.4 262.7 266.8 275.6 302.7 306.6 295.6 283.8 267.3 253.1 220.1 220.4 220.1 205.4 200.6
362.4 361.3 347.9 333.2 319.6 311.4 305 291.9 261.1 250.5 248.3 243.9 237.7 228.2 225.1 231.2 232.5 229.4 226.2 224.8 225.1 225.1 225.1 225.1 225.1 225.1 225.1 228.2 234.6 238.5 245.8 266.4 279.7 276.9 293.2 303.2 314.3 319.5 328.5 352.2 362.8 367.5 365.9 363.8 367.9 370.8 383.9 396.7 406 413.8 420.2 427.8 430.3 433.2 435 435.4 424.3 408.3 388.2 376.7 365.1 348 326.8 307.9 288.9 278.1 277.3 277.7 285.5 316.7 318.9 310.9 297.8 288.4 277.4 248.2 220.5 227.5 220.5 208.8
369.5 365.9 360.6 342.6 328.6 319.3 310.4 291.6 265.7 264.7 257.6 245.5 237.3 234.4 233.3 232.9 235 232.5 228.5 226.6 225.1 225.1 225.1 225.1 225.1 225.1 225.1 225.1 231.3 236.4 245.9 260.6 270.8 273.6 284.2 299.1 306.7 314.5 330.2 354.5 362.8 371 374.6 372 369.1 370.5 379.1 392.3 404 416.4 425 432.3 434 438.2 442.1 441.8 435.9 421.6 410.2 399 389.3 364 344.7 323.3 305.3 292.4 290.9 286.3 298.9 317 323.2 318.5 311.9 308.2 290.2 273.7 254.8 238.6 227 218.9
377.1 370.6 361.7 348.4 331.4 321.3 308.3 291.1 274.6 268.8 264.1 250.5 238.7 236.3 236 237.3 238.7 235 231.8 230.2 224.9 225.1 225.1 225.1 225.1 225.1 225.1 225.1 229.1 234.8 242.3 253.4 260.2 263 272.8 283.2 293.9 309.7 335 352.1 364.8 370.4 372.8 370.5 370.9 371.9 374.9 387.1 399.3 418.2 425.9 430.4 435 443.2 447.4 450 449 442.2 425.4 411.2 401.6 385.7 365.9 343.6 322 302.2 299.4 302.5 306.2 307.2 324.1 326.7 322.1 315 308.6 288 261.4 255.7 237.4 226.2
384.3 376.8 362.4 346.6 330.5 322.9 312 292 280 279 275.2 263.7 247.8 240.3 244.1 238.5 239.4 237.4 232.8 230.1 228.1 225.1 225.1 225.1 225.1 225.1 225.1 225.1 225.2 228.9 238.9 241.6 250.6 259.5 265.7 276.4 287.8 306.1 335.3 347.5 359.5 366.2 371 372.2 371.3 372 374.2 386.6 397.8 414.2 425.5 433.3 438.7 446.6 448.2 449.6 456.3 455.7 449.5 434.6 423.4 400.5 385.3 368.9 346.3 315 309.5 312.8 315.4 311.4 321.7 333.9 334.7 330.2 316.7 304.9 262.3 264.8 255.1 239.5
386.8 378.6 362.2 348.6 335.5 324.9 312.6 297.6 288.5 287.2 278.2 274.6 259.7 249.6 254 251.2 248.1 240.7 233.3 229.6 228.1 228.8 228.3 225.1 225.1 225.1 225.1 225.1 225.1 227.7 231 239 247.9 263.3 281.3 285.2 300.4 310.9 331 342.5 358.5 366.6 374.4 379 376.4 373.7 376.4 384.1 392.7 411.9 428 435 442.2 449.6 450 452.3 456.9 462.9 463.1 456.8 450.1 433.7 417.4 397 366.6 330.7 318.6 318.9 325.5 320.4 324.4 340.9 338.8 334.9 325.9 310.9 269.6 271.5 267 252.1
386 380.9 369.8 354.9 338.9 327.7 319.5 308.8 294.7 292.5 285.9 275.7 264.6 262.7 256.4 252.6 253.5 248.7 237 228.1 227.2 229.1 237.6 225.1 225.1 225.1 225.1 225.1 225 226.7 230.9 241.8 249.6 263.1 275.6 294.3 306.1 318.3 324.7 339.9 362.9 371.6 384.2 386.5 384.5 379.6 380.5 387.1 389.5 408.9 432 439.2 449.3 454.9 453.7 458.1 467.3 472 474.1 475.4 464.6 458.4 444 423.6 400.6 354 338 334.3 335 333.2 327.3 342.5 343.2 344.4 330.4 311 277.8 272.6 273.6 262.4
388.7 384.9 375.4 360.8 347.7 331.6 325.1 316.8 304.6 299.5 292.4 281.4 270.7 275.5 269.6 257.3 257 253.5 241.7 232.7 227.5 236 242.9 230.2 225.1 225.1 225.1 225.1 225.5 226.8 234.5 244.4 255.1 263.1 274.5 293.1 309 330.1 336 352.2 359.9 372.4 377.8 385.3 391.6 388.1 384.7 386.5 390.6 406.9 434.3 444.4 450.4 458.6 458.2 461.2 471.6 474.1 483.6 480.7 475 470.4 466.5 446.6 423.6 394.2 367.8 360.1 348.9 344.4 332.5 336.9 345.3 343.6 331.7 320.1 286.1 271.6 281 272.7
392.7 385.4 380.4 371.1 356.8 341.5 330.7 325.7 310.1 303.4 296.2 289.5 274.1 283.6 274.2 266.7 263.8 258.8 247.5 237.3 228.4 238.2 242.2 231.7 225.1 225.1 225.1 225.1 225.6 226.3 234.5 245.3 254.9 266.7 277.5 293.6 324.5 334.7 347.5 353 361.9 369.2 374 381.2 388.5 388.5 385.9 386.9 394.1 405.9 433.8 443.4 449 457.1 460.3 464.5 478.2 483.5 485.4 490.7 487.7 481.4 480.9 468 442.9 414.8 397 383.6 375.5 365.1 351.7 332.9 338.8 340.7 335.8 323.8 297.7 276.8 282.4 277.9
395.7 387.9 384.6 378.5 365.9 351.5 341.7 335.3 316.1 310.1 304 292.5 284.7 285.8 281.9 272 263.8 261.3 251.9 245.1 237.8 236.9 241 235.6 225.2 225.1 225.1 225.1 225.1 226.1 236.5 247.7 256.4 266.8 277.9 296 324.4 340.1 348.6 366.3 366.1 368.7 370.6 377.7 384.9 388.3 385.9 386.1 393.8 403.9 433.1 443.1 448.9 456.9 462.8 469 480.7 492.4 492.4 491.6 494.9 494.3 494.8 491.4 466.9 432.1 418.3 404.7 403.6 379.3 357.6 345.5 332.9 338.8 334.9 323.6 304.4 284.6 285.1 282.7
