WholeMapElevations/data/nh/nh24_OST50GRID_20230518/NH24.asc
ncols 200
nrows 200
xllcorner 220000
yllcorner 840000
cellsize 50
[rows 0 to 34 of 200, columns 78 to 155 of 200]
564.5 567 570.3 573.1 569.3 557 537.8 502.9 487.2 470.8 452.1 438.6 434.8 439.3 439 426.9 416.3 416.8 418.5 425.5 424.8 420.5 406.9 394.4 387.8 378.5 368.6 361.2 351.8 331.7 314.1 297.3 276.5 258.6 247 237.3 229.4 223.8 216.4 209.5 202 194.8 186.6 176.4 176.3 180 185.3 182.9 197 205.3 234.5 246.3 262.6 277.5 292.7 305.2 322.6 341.8 360.2 372.6 384.7 397.7 415.2 425.5 433.9 433.5 433.4 421.2 400.2 384.5 381.9 382.6 383 385.8 386.5 386 389 394.3
563.7 566.9 569.5 575.1 575.2 575.9 569.3 553.8 523.8 508.7 489.4 476.1 460.5 461.8 459.5 451.7 444.9 445.1 448.5 443.2 436.9 431.8 419.3 407.3 407.6 394.4 375.8 352.9 340.2 323.7 309.3 295.2 273.6 256.4 245.7 236.4 228.6 221.8 215.2 207.8 200.2 193 176.8 179.9 188.1 188.6 201.3 209.5 215.3 224 224.2 234.1 252.4 264.1 278.9 292.5 309 326.7 346.9 361.7 373.8 387 403.3 412.5 416.9 416.1 422.5 411.6 393.8 383.9 383.6 385.5 388.2 389.7 393.4 394.9 396 400.5
561 564.1 567.8 572.4 575.4 578.4 580.7 582.8 570.3 555.6 536.7 516 499.8 486.9 481.7 478.6 474.9 466.7 462.2 460.6 453.3 446.6 430.6 421.5 411.8 397.4 370.1 350.1 327.2 312.6 299.9 286.6 267.5 254.1 244 234.7 227.5 220.5 213 203.3 195.5 176.1 187.4 196.1 201.6 201.5 214.4 223 229.8 237.8 245 250.7 244.9 251.3 264 280.5 294.5 310.2 329.7 345.4 359.7 371.1 385 394.3 398.7 400.7 397.7 391.1 386.4 386.2 390.1 396.7 396.5 397 401.8 401.1 403.1 410.6
559.9 561.1 563.2 567.3 569.4 572.4 573.3 575.7 571.8 559.5 550 545.5 532.4 518.9 506.5 498.8 495.3 487.1 479.7 471.3 462.4 451.8 438.2 423.5 405.6 386.3 365.9 345.3 324.5 306.5 293.5 276.5 261.6 250.4 240.5 230.8 223.7 217.9 210.8 192.5 177 194.3 196.6 205.9 207.5 213 222.8 233.4 240.4 250.6 256.9 260.9 263.1 255.7 259.2 267.9 282.4 294.8 307.2 323 338.5 353.4 366 378.6 391.4 393.3 387.5 384.7 387.3 388.4 403.8 415.9 412 408.2 408.7 409.2 410 421.2
555.7 557 557.9 560.8 562.9 564.7 565 563.9 563.7 555.5 549.2 542.2 535.7 529.1 519.7 509.2 500.5 491.2 482.6 474.9 465.3 453.2 439.2 419.9 402.2 383.4 362.5 340.2 319.9 303.8 285.7 266.7 254.3 244.4 235.9 225.3 215.7 195.7 203.3 200.5 201.5 204 206.8 214.8 215.3 223.2 231.4 238.9 247.7 260.4 264.8 268.5 269.9 271.5 262.5 269.4 279.6 287 294.9 308.5 320.7 336.4 351.1 365.5 377.8 379.8 378.3 382.6 387.3 392.2 404.5 418.9 418.1 414.8 415.7 416.8 417.7 427.6
553.6 551.4 551.4 552.3 554 554.8 555.5 554.4 552.7 549.9 544.2 539.4 532 525.6 517.5 509.4 501.1 490.1 482 473.7 463.4 447.9 431.8 415 392.3 373.2 354 334.4 314.1 295.6 277.3 259.5 247.7 237.8 230.1 212.5 217.8 222.5 220.4 216.2 213.3 219.9 223.2 226.8 226.2 234.4 244.1 253.3 262.6 272.4 274.4 278.2 277.2 278.1 279.4 272.5 266.9 285.5 290.9 301.1 311.8 323.9 338.3 351.2 361 365.7 376.2 382.7 390 395.3 411.5 418.2 417.8 417.6 418.3 419.3 421.7 431.4
551.5 548.2 546.8 546.5 545.6 546 545.2 544.3 542.2 539.4 534.5 530.1 524.3 519 511.9 504.7 496.9 487.4 478.9 469.4 456.1 442.7 423.1 404.8 382 361.4 341.7 323.2 303.1 286 267.8 254.4 243.3 232.6 216.7 219.1 226.8 227.5 222.7 220.5 227.5 238.9 246.1 250.4 256.5 262.4 268.4 272.2 278.3 281.8 286.1 289.4 289.1 287.5 287.2 287.7 284.9 281.3 289.2 302.1 307.4 316.5 328.6 337.9 350.3 361.9 369.9 378.7 387.9 396.7 411.5 415 414.4 419.8 421.6 423 428.6 433.9
553.6 548.5 545.4 541.7 539.7 538.5 537.1 535.5 532.1 528.5 523.8 519.2 515.3 511.2 504.2 496.9 490 483.7 474.3 461 444.3 431 413 394.8 372.2 350.1 329.3 310.6 291.9 275.3 259 248.9 238.8 227.3 212 227.9 232.8 227.5 229.6 241.2 250.5 261.4 269.5 270.6 276.7 283.3 291 295.1 294.1 297.5 297.8 297.8 299.3 301.5 297.9 297.3 297.1 295.2 290 290.4 301.9 314.8 320.8 332.2 344.4 354 362.8 373.3 382.2 390 397 403.8 409.6 416.8 423.6 427.9 431.2 430.3
553 547.6 542.4 538.7 535.3 532.3 529.9 528 523.6 520.2 516.8 511.7 509.1 504 497 489.2 480.9 475.3 471.1 456.3 432.7 412.8 397.6 383 360 336.8 316.8 297.9 280.8 264.6 252.5 243.2 233.9 226.9 216.6 235.4 234.9 240.1 252.8 264.4 274.4 284.3 289.8 292 295.4 302.7 309.6 318.1 320.2 314 311.5 305.8 305.1 302.7 306.9 307.3 306.6 305 303.8 295.4 311.2 322.7 330.7 338.9 345.3 354.4 364.4 373.6 380 384.8 390.2 396.6 402.7 410.1 416.5 422.6 424 424.2
555.4 549.1 543.5 537.7 533.3 528.1 524.2 520.8 516.6 512.7 507.9 503.9 498.8 492.3 486.7 477.5 470 459.4 457.7 447.2 429 400.9 384.9 370.2 347.6 325.1 304.4 286 270.6 254.7 247.3 239.4 230.9 218.5 235.3 238.5 245.2 258.1 272.2 284.2 293.1 303 309.5 316.3 318.9 326.6 334.6 340.7 343.2 336.6 326 317.5 315.1 310.7 310.1 309.9 312.9 313.8 314.9 298.1 316.4 330.1 336.8 344.7 355.5 360 366.4 369 373.5 380.6 388.7 391.9 394.4 399.6 406.2 413.8 419.6 421.1
558.8 552.6 544.6 539.6 534 526.4 521.4 514.5 507.4 504.6 499.9 494 489 481.9 475.7 466.3 458.3 451.6 442.8 431.1 415.5 387.2 371 357.4 334.8 314.6 293.5 276.2 260.7 249.7 243.1 235.4 223.6 225.9 238 249.1 264.4 277.9 294.4 309.3 324.8 335.8 352.4 353.1 352.6 359.5 367.2 364.8 354.7 347.8 338.9 333.3 331.8 323.3 318.6 314.2 316.4 316.5 318.8 308.5 325.2 335.5 343.5 351.2 359.9 366.6 374.6 381 386.1 388.3 387.3 389.5 393.5 399.7 406.6 406.3 408.5 418.5
561.1 553.5 546.8 539.2 531.5 525.5 517.8 511.3 502.8 493.3 489.7 482.4 478 468.9 461.4 457.1 445.1 432.8 424.5 411.9 393 370.8 351 338.6 319.5 300.4 284.1 268.7 253.8 244.3 234.1 224.4 222.7 236.6 248.5 264.6 280.9 296.7 311.3 332.5 346.9 367.2 379.5 385.5 394.8 397.9 400.8 393.8 382.3 365.8 349.6 342 340.7 342.7 339.6 327.2 323 320.9 323.5 309.8 328.8 342 350 356.9 364.8 371.1 379 387.2 392.9 394.4 393.3 390.1 391.9 398.2 405.4 409.8 411.5 417.6
558.7 550.1 543 534.1 528.3 522.1 512.8 503.1 493.8 477.3 478.1 471.4 463.3 453.7 446.3 438.3 425.9 408.8 397.9 383.9 370.8 354.8 338.6 320.6 302.9 287.7 272.6 258.3 244.9 232.5 223.3 223.3 227.6 245.7 264.4 282.3 298.6 314.6 327.7 349.4 376.8 394.4 403.1 408.2 413.4 414.9 411.9 413.4 402.3 386.6 372.6 356.5 347.5 349.2 348.1 340.9 333.8 327.6 330.3 325.6 330.9 344.6 352.1 357.1 368.3 377.7 386.5 394 400.9 398.9 396.8 393.4 395.6 395.9 401.1 409.2 413.1 417.1
555.1 546.1 537.1 527.8 519 513 504.3 494.4 485.4 474 463 457 446.9 437.6 428.8 417.9 410.2 391.5 376.7 369.3 357.9 347.3 322.7 303.7 289.8 274.6 260 246.8 231.3 224.4 225.3 230.1 243.7 264.9 286.2 300.5 315.5 329.1 347.2 356.3 392.7 406 414.2 419.4 424.3 427.5 427.6 425.5 421 414.1 396.2 377.2 364.3 359.3 357.5 353.2 342.9 339.8 335.6 332 322.8 349 358.1 362.5 371.7 381.4 391.5 401.6 410.7 404.1 403.4 398.4 399.9 402 401.3 403.6 409 415.1
548.1 537.8 528.5 519.4 510.5 502.1 494.1 485.6 473.2 461.3 449.2 439.5 428.3 418.4 410.6 400 390.3 374.4 357.9 351.6 338.2 322.4 306.3 290.4 277.8 264 247.8 237.8 227 225.7 228 236.3 259.4 284.5 302.4 318 330.3 348.1 375.3 393.6 407.5 419.9 426.8 428.2 434 436.3 435.2 439.6 439.1 432.3 414.2 400.4 388.7 378.4 373.9 364.6 355.3 346 345.5 343.4 332 349.3 359.7 368.8 373.7 385 395.2 409.7 416.6 408.1 405.9 405.7 410.4 407.2 406.2 402.9 405.4 410.8
537 526.9 517.9 507.7 501 490.8 482.3 472 460.3 445.4 432.5 418.8 412.7 404.7 392.4 381.8 372.6 354.6 344 332 318.9 304 292 278.1 264.5 248.4 240.7 229.8 228.4 227.1 237.6 253.6 276.3 294.5 314.1 334.5 351.8 374.4 398.1 413.6 416.3 430.1 441.5 449.9 459.6 459.5 457.5 451.9 454.4 452.1 438.2 419.5 407.3 399.5 389.5 378 365.9 352.1 351.2 351.7 349.4 345.8 359.8 367.3 377.3 384.2 392.9 404.1 410.3 402.6 405.7 412.8 422.3 414.5 412.2 409.4 405.2 407.1
523.8 516 507 497.9 487.8 479.1 466.9 456.7 445.5 434.3 417.4 406.4 396.6 386 378.4 363.3 352 340 328.8 309.6 303.7 291.9 281.2 267.8 250.4 240.6 230.5 229.8 232.8 238 252.6 270.4 288.7 309.3 326.4 348.3 375.2 396.7 410.6 423.1 429.8 436.5 444.5 454.2 466.8 471.9 475.9 484.6 482.9 467.5 454.2 445.9 435.9 425.2 412.3 400 377.5 361.2 360.8 356.1 354 356.3 356.3 366.2 378.7 384.2 389.5 393.8 399.1 401.1 406.8 417.9 419.3 417.5 418.1 417.9 411.4 407.4
510.8 502.5 494 484.8 474.6 464.2 454.4 443.6 431.6 421.6 404.4 390.1 378 366.5 359.7 345.3 332.4 320.2 311.3 297.3 287.6 280.6 267.4 253.2 242 232.5 231 233.4 237 251.3 272.8 290.8 305.8 324.7 346.1 376.8 398.1 415.8 422.4 427.5 440.5 442.5 450.1 462.8 468.7 476.9 486.1 495.4 499.4 493.8 485.1 466 456.4 450.1 433.5 414.1 388.9 368 364.4 361.3 354.7 364 362.1 371.4 382.2 386.9 389.8 391.1 395.1 401.8 411.7 422.1 418.5 418 419.7 423.5 411.4 407.1
502.5 494.4 484.4 474.4 465 454 440.9 427.7 419.8 407.2 392.8 379.9 363.5 346.9 340.7 331.5 315.9 303.4 289.8 280 275.8 262.7 253.7 243.1 236 232.4 235.1 235.5 254.2 273.6 288.5 311.5 325.5 348.6 366 395 417.7 426.4 437.6 443.5 443.1 452.3 460.7 470.8 476.1 484.8 495.5 506.7 510.9 509.3 500.2 487.1 467.5 475.7 461.6 431.1 397.5 377 369.1 366.5 366.9 371.1 369.6 376.5 384.5 387.3 391.1 393.2 399.3 407.9 421.8 432.8 434.3 426.3 427.2 421.2 412.9 406.8
493.6 484.8 475.1 465 455 442.5 429.2 415.5 404.6 395.5 382.2 365.8 352.6 338.1 320.3 306.7 297.1 285.8 277.2 268.6 259.5 250.9 243.5 235.6 234.1 239.9 243.1 254 276 293.5 311.5 320.9 350.2 371.3 395 413.9 428.2 439.5 449 461.6 463 464.5 467.4 477.2 483.2 496.4 504.5 513.4 520.3 518.8 513.5 500.2 477.1 474.5 470 444.9 410.1 385.8 375 369.3 376.5 377.9 375.9 383.5 386.2 389.7 394.3 397.4 402.5 412.2 426.2 428.1 432.9 430.5 426 419.8 417.8 411.6
483.4 475.4 465.9 457.5 448 435.5 421.5 407.7 392.5 379.2 366.6 356.1 345.8 327.8 309.6 296.9 283.9 274 265.9 258.6 249.6 240.1 237.6 236.8 239.2 245.5 264.4 284.4 301.2 322.5 338.7 350.2 369.5 403.6 417.6 429.4 441.7 457.1 464.3 471.3 483.2 485.6 477.5 487.2 496.8 502.6 510.4 520.5 526.3 527.6 523.1 519 499 479.5 460.6 445 415.8 388.7 368.8 379.7 383 383 381.9 387.2 394.4 396.6 397.4 402 407 417.4 423 425.8 429 425.9 422.3 419.2 420.2 414.8
475.1 466.1 452.1 447.4 440.8 428.7 414.3 400.5 384.8 371.4 356.5 344.9 332.7 318.2 302.3 288.7 275.5 266.2 257.2 249.9 241.6 242.2 243.1 246.6 252.9 260.3 285.7 307.2 332.8 372.2 379.2 379.5 375 419.1 431.4 441.2 456.9 465.9 480.9 484.8 492.5 497.1 493 496.4 505.2 508.2 517.5 523.7 530.9 532.3 526.5 523.1 504.8 493.1 457.7 433.7 411.5 389.6 382.2 385.8 386.3 386.1 387.1 395.3 401.2 404.4 406.5 406.1 411.2 423.4 424.4 426.7 428.3 426.6 427.5 423 421.2 418.5
479.1 471 459 444.4 427.9 420.1 407.5 393.4 379.4 366.1 352.1 338.4 324.2 308.9 296.1 280.7 268.4 260.8 250.9 243 248.6 250.5 254.1 257.8 268.2 287.3 307 323.8 358.5 388.7 402.4 404.9 397.3 429.3 443.8 457.8 473.1 477.2 483.4 493.7 502.9 509.4 508.1 513.4 512.8 518.2 521.7 525.7 533.1 539.6 532.5 520 508.6 494.6 459.1 428.8 406.1 391.3 390 393.1 390.6 391.4 394.6 399.4 407.4 415.6 416.9 414.8 419.2 423.7 427.3 431.1 433.5 434.8 435 434.2 432.8 430.5
483.7 475.3 465 449.3 433.3 410.9 397.3 382.6 371.3 360.4 346.2 330.2 315.4 301 286 269.6 263.9 254 247.6 252 255.4 260.3 266.1 274.8 296.2 317.8 333.8 348.2 364.5 397 418.6 426.6 421.2 441.8 456.3 471.5 480.9 484.8 499.5 512.6 518.6 516.5 522.4 525 524 530.5 532.6 529.9 526.4 529.4 534.6 521.1 507.1 481.2 448 425.3 407 395.9 396 397.2 397.2 397.9 403.2 408.4 416.3 421.9 426.1 428.4 434.3 438.2 441.6 444.3 444.3 445.9 446.9 446.9 444.9 443
491.1 485 478.4 463.5 446.8 427.1 398.6 381.2 370.1 355 341.3 306.4 298.3 291.5 275.2 262.1 252.6 250.6 254.7 260 265.2 270.5 281.4 299.7 321.4 341.7 359.3 380.1 390.9 399.8 436.8 447.6 440.5 458.5 466.9 478.8 489.8 501.5 512.4 520.7 525.3 530.2 537.6 533.9 533.7 538 538.5 535.6 532.9 524.6 518.3 503.8 484.3 461.4 435.1 418.8 405.4 399.7 402.7 401.2 401.5 407 413.6 419.7 426.9 433.4 439.3 444.4 448.5 452.3 456.2 459.3 462.5 463.4 463.4 463.3 463.3 464.8
494.1 486.6 479.9 472.4 462.7 430.5 401.4 382 358.5 346.4 325.7 311.3 293.7 274 266.3 256.7 253.9 256.7 263.7 273.4 280 287.6 306 319.4 343.2 361.7 387.4 409.5 420.6 429 446.5 455.4 457.9 467 478.2 489.3 499.9 510.2 515.4 522.6 530.5 538.5 542.7 546.9 535.3 547.1 545.1 543.6 530 518.5 495.6 476.8 462.1 444.6 425.4 411.3 404.5 403.8 406.7 408.1 412.2 416.9 424.7 430.5 438.1 444.3 449.9 454.6 459.1 464.1 467.7 470.8 475.4 478.6 481.5 482.5 477.7 478.4
497.3 487.8 478.3 468.6 451.6 420 393.7 372.5 352 322 314.1 296.6 278 266.2 260.8 254.3 259.2 265.2 278.3 293.3 296.1 316.8 333 350 364.7 388.6 414.8 436 443.9 449.9 456.8 463.8 464.7 476.7 485.1 494.5 502.4 510.1 515.3 519 525.5 535.5 546.1 548.7 530.7 542.1 546.1 536.3 510.6 492.1 474.3 460 448.9 432.5 415.9 409 415.9 411.3 413.8 416.9 420.5 427.3 433.4 439 446.6 451.2 456.8 461.6 466.3 471.6 477 480.9 485.4 488.4 494.2 496.8 495.1 487.9
495.8 488.4 473.8 458.8 439.4 400.7 375 352.6 333.3 317.5 297.2 282.4 266.5 260.1 256.6 261.4 268.6 281.1 297.5 307.4 320.6 345.7 368.2 381 392.4 414.9 446.4 458.9 466.3 473.3 480.1 482.8 482.5 485.9 489.6 494.9 499 501.5 505.8 510.3 513.4 521.3 526.4 527.6 516.1 526.6 523.5 505.3 491.2 474.9 457.8 449.6 441.9 431.6 420.9 422.2 419.3 414.9 421.1 423.7 428.7 432.8 438.3 444.7 451 454.9 460.9 465.8 470.3 478.5 484.9 489.6 492.1 495.4 497.5 501.7 503.5 500.3
477.7 461.2 449.8 435.1 417.7 383.1 352.3 334.1 317.5 300.1 283.2 269.8 262.2 256.8 261.4 270.2 281.3 300.5 312 331.9 359.3 380.9 397.5 407.4 420.7 441.4 466.4 481 487 489.8 491 497.4 497.7 497.8 498.8 500.2 500.9 503 500.8 500.3 500.2 500.2 499 498.5 497.2 493.5 490.3 482.4 471.5 459.2 461.6 455.9 440.9 433.2 424.5 424.7 422.9 422.2 425.1 428.9 431 434.2 441.4 447.7 454.9 459.4 463.6 470.3 475.3 483 490.5 496.9 501.4 503.1 506.8 510.2 508.8 511.2
452.8 426.6 418.3 401.2 382.6 356.9 332.9 316.2 300.3 282.4 270.7 263.8 260.3 263 275.6 289.1 304.7 319.9 340.2 373.4 399 415.7 426.9 439.6 450 469.6 489.7 500.6 501 500.2 505.2 506.6 503.4 503.6 504.6 500.9 500.1 505.2 504.2 498.1 497.5 495.9 492.6 489.9 487.7 483.7 480.5 478.2 486.6 486.7 478.6 467.1 449.5 435 427.3 424.5 424.7 423.3 427.1 430.3 432.7 436 441.3 448.9 457.3 463.4 470.1 476.1 481.6 487.3 495.4 501.8 507.6 512.4 516.1 518.8 520.6 522.9
426.7 406 385.5 369.5 352.2 331.9 317.1 297.1 279.1 269.2 263.8 260.2 263.2 275.3 293.5 313.4 326.8 341.1 370.4 405.5 431.5 449.7 462.9 481 489.4 503.7 510.9 509.8 509 508.3 511.9 507 506.1 505.6 502.8 500.9 500.1 500.1 508 502.1 496.8 493 491.6 492.1 498.8 501.3 503.6 504.4 497.6 491.4 485.1 479 464.1 442.1 428.5 426.2 425.9 423.9 427.3 430.4 432.7 435.8 440.6 447.2 455.8 464.4 471.2 478.2 483.5 490.6 498.3 504.4 509.7 516.7 521.9 526.1 529.2 531.9
395 386.2 366.2 349.7 331.5 312 295.2 279.4 268.9 264.7 262.6 260.8 279.4 294 313.1 331.8 349.8 371.5 402.6 428.9 455.1 483.3 501.3 517.5 521.8 528.4 526.5 519.9 515.4 511.7 508.1 507.1 508.5 508.1 506.6 502.8 501.7 504.4 503.1 500.4 498.4 502.1 505.5 506 512 520 524.9 515.4 506.1 499.2 487.6 482.1 467.2 450.1 431.5 428.2 428.9 426.7 426.4 430 432.4 435.3 439.1 445.5 453.4 462.2 469.2 476.3 483.1 490.5 498.7 503.8 509.1 513.2 520.6 525.2 532.1 535.2
385.3 363.5 350.4 325.3 311.1 295.6 283.3 272.6 264.5 263.4 265.1 277.5 291.3 311.6 333.3 351.3 376.3 401.3 430.5 452.9 482.1 507.8 522.4 531.7 537.2 546 545.5 538.5 534.2 532.7 522.9 513.7 510.1 508.8 510.9 507.8 506.7 505 506.7 508.3 509.1 515.3 516.3 516.1 524.4 529.7 530.3 519.5 513.4 505 490.5 480.6 465.9 450.6 439.1 431.8 430.6 428.4 427.2 428.5 431.3 433.9 437.5 444.3 452.5 459.8 468.4 475.3 481.2 487.3 495.3 501.2 508.1 514.2 516.7 518.7 523.4 528.6
368 347.5 330.8 315.2 300.6 285.8 276 268.2 264.5 268.2 274.3 292.1 309 330.9 350.5 376.1 406.5 438.3 463.4 486.4 514.7 533.8 545.4 550.3 563.6 568.5 567.5 559.6 556.9 549.5 537.9 525.4 516.7 519.8 517.6 518.3 519.1 514 511.7 512.8 517.4 521.2 521.8 524.4 531.9 537.1 537 529.2 519.4 512.9 502.2 487.2 473.5 460.4 443.9 434.8 433 430.2 428.5 429.7 431.7 434.1 436.7 442.6 446.8 454.9 464.3 470.3 476.1 485.4 493.7 499.4 510 513.7 515.1 516.7 518.8 527.6
347.8 331.7 313.8 300.1 286.9 278.2 271.5 267.4 266.4 276.7 289.1 312.4 331.4 350.6 371.9 403 435.9 471.7 494 514.1 531.1 547.6 561.2 568.3 577.3 580.5 582 577.6 572.1 559.3 547.2 533.9 531.9 527.2 523.1 519.4 518.7 517.5 516.7 518.6 526.4 531.7 534.3 536.8 545.9 557 554.9 554.1 540.7 529.7 519.3 504.1 491.1 472.9 453 440.8 437.3 431.7 429.3 429.6 430.1 431.4 435.1 438.8 444.6 450.6 459.2 465.4 473 480.8 490.9 495.2 501.7 507 513.2 515.4 518.7 524
