UK/data/so/so22_OST50GRID_20230518/SO22.asc
ncols 200
nrows 200
xllcorner 320000
yllcorner 220000
cellsize 50
[rows 105 to 139 of 200, columns 78 to 155 of 200]
366.5 363.4 353.7 346.3 347.7 363.1 375.9 391.2 412.3 429.3 446.9 464.8 482.6 500.2 513.3 521.4 532.4 537.3 539.4 539.9 541.9 543 545.3 548.2 551.5 555.8 559.1 561.7 562.2 562.7 565 563.5 561.5 557.6 553.4 548.1 541.4 534.7 528 518.8 506.3 497.8 484.1 467.4 453 432.2 415.5 401.1 380.1 363.9 360.3 365 368.3 368.5 367.1 362.2 358 349.9 341 330.1 318.6 306.2 299 275.2 260.2 260.3 282.6 300.3 317 334.6 347.1 355.8 363.5 369 375 379.3 384.2 393.7
355.3 346 335.8 341.3 356.4 368.1 381.6 400.1 417.2 435.2 457.7 474.6 490 504.6 515.1 520.4 526.4 527.1 528.4 528.8 528.6 531 532.3 535 539.2 543 546.7 552.3 556.1 560.1 562.7 563.6 563.5 560.7 557.8 552.6 545 536.6 529.2 520.6 509.6 496.9 485.4 467.8 452.1 429.8 408.8 392.4 376.4 369 371 374.6 376.9 376.2 374.4 367.1 360.3 352.3 342.5 331 321.5 309.4 297.6 274.8 260 258.6 281 296.9 308.2 319 332.7 341.7 351 359.1 367.5 372.5 380.1 383.6
332.1 328 332.2 347.9 360.4 371.1 387.3 405.2 423.7 442.4 464.3 482.7 499.4 508.4 513.5 515.7 515.4 516.2 516.5 516.4 514 515.8 519 520.9 524.8 529.2 534.3 539.9 546.7 554.3 558.2 560.7 562.2 561.6 559.5 553.5 546.6 538.2 529 519.7 509.1 496.6 485.2 464.9 444.4 420.6 399.6 385.7 382.4 382.1 382.2 382.3 381.9 380.3 376.4 369.9 363.5 355.2 344.6 333.8 323.3 312.5 295.8 272.3 257.6 256.4 274.4 284.4 294.2 303 312.7 320.8 330 342.5 355.2 364.4 371.8 376.4
314.9 328.5 340.9 352.7 365.2 379.7 397.5 414.4 431.2 454.8 474.1 491.5 502.6 508.4 509.4 508.3 506.6 504.5 502.3 500.3 495.7 497.2 496.4 503.1 508.8 513.2 519.5 526.9 534.5 544.3 551 555.6 559.1 560.5 559.6 555.6 547.7 539.5 528.8 518.7 507.4 495.3 480.5 457.1 435.3 412.2 398.9 397.7 394.4 394 393.7 393 390.4 387 379.6 372.3 364.8 357.2 347.2 336.1 325.4 313.7 285.1 272.8 257.2 254.8 264.4 272.1 279.8 286 294.2 301.6 310.2 321.3 335.4 347.4 359.9 368.8
320.5 332.6 346.1 358.9 371.8 388 405 423.6 442.2 463 480.8 499.2 504.8 504.7 502.1 496.2 495 490.6 486.1 480 469.9 468.1 469.3 478.2 485.9 494.3 502.7 513.8 523.2 533.3 542.6 550.5 554.7 557.8 558 555.5 547.5 540.8 531.5 520.1 509.5 493.2 470.7 448.6 433.3 426.2 420 414.1 408.4 405.1 401.7 399.4 397.7 393.8 384.1 375.3 366.9 360.3 350.8 339.8 328.5 315.7 302.3 282.7 260.9 254.4 254.2 260.3 265.8 272.7 279.2 285.8 293.3 302.7 314.8 325.5 339.6 352
327.3 338.1 353.3 364.6 379.8 395.9 414.7 430.1 449.6 469.1 489.4 499.1 499.1 496.6 491.9 486.2 480.1 470.3 461.5 450.7 441.7 442.7 442.7 452.9 461.6 471.4 480.6 494.8 509.8 521.9 534.1 544.6 551.7 555.1 555.8 554.9 549.2 542.3 533.4 521.6 510.5 499.5 484.8 468.5 458.2 449.1 440.9 433.9 426.5 420.6 414.2 408.6 404.3 397.6 388.4 379.9 371.5 361.6 351.7 343.2 332.9 321.4 309.8 291.9 269.3 250.7 253.9 253 254 260.5 266.1 270.2 277.4 286.4 296.4 305.6 318.2 330.5
330.4 344.4 357.2 369.8 386.3 403.8 419.8 438.6 456.2 474.3 491.6 494 490.1 484.7 476.8 468.6 457.2 446.2 433.2 426.9 422.1 418.9 421.4 428.2 436.8 448.3 464 478.5 495.2 510.7 526.5 538.2 546.9 553.4 557.2 555.3 550.2 543.5 535.7 524.6 514.8 506.6 496.8 484.7 477 469.1 460.5 452.6 445.2 435.8 428.3 420.6 413 404.8 395.3 385.8 377.7 367.4 356 347 337.5 328 316.4 304 282.5 257.9 250.9 251.5 251 251.8 252.8 259.9 263.9 270.8 277.6 286.4 297.9 308.4
332.1 348.4 359.7 372.1 390.7 407.5 423 443.7 461.7 480.6 485.9 480.9 470.1 465.6 454 445.1 432.3 421.7 412.9 407.4 402.7 401 403.5 409.7 418.7 429.3 444.8 465.3 483.6 503.6 519.4 533.1 541.4 550.2 555 554.9 551.3 546 538 530.3 521.1 512.7 504.1 495.4 489.7 484.2 479.2 472.3 464.9 456.5 447.6 438.7 426.6 414.8 403.7 391.3 382.1 373 362 350.6 342.7 335.3 325.8 315.9 302.6 283.1 265.8 253.6 251 249.8 247.9 247.1 253.1 258.9 263.7 270 277.3 286
333.7 349.3 359.4 374 391.5 409.1 425.9 445.3 460.6 465.1 464.2 458.6 449.8 439.8 431.2 420.6 413.8 402.2 393.9 387.5 383.9 383.3 384.2 393.7 404.6 415.3 434.8 456.7 477 498.6 514.1 529.9 540 547.9 552.4 553.9 552.3 547.9 541.4 535 527.9 519.9 512.2 506.2 500.1 496 492.3 487.9 482.1 474.5 466.1 453.6 437.8 421.1 407.7 395.6 383.9 375.6 367.2 356.5 346.8 340.9 333.6 325.5 316.4 301.1 284.2 274.1 260.1 251.6 249.2 247.1 246 243.5 241 247.8 257.1 266.8
333.7 347.4 360.4 374.6 392 409.6 428 448.6 451.7 448.4 442.3 436.8 429.3 422 411.6 403.4 395 385 376.3 368.3 367.5 364 367.3 379.3 399.2 414.4 432.2 454.1 475.7 495.8 513.5 527.7 538.2 546 550.7 552 552.3 551.3 545.8 539.6 534.9 528.4 521.5 515.7 510.5 505.5 503.6 498.8 491.9 482.3 472.3 456.9 438.2 420.8 406.1 393.7 382 375 367.5 359.4 351.3 345.8 338.8 331.6 322.8 313.6 304.3 291.3 279.9 266.8 256.8 250.2 247.3 245.9 244.1 242.9 241.7 242.1
333.9 345.8 359.2 375.3 390.2 407.8 423.5 433.3 433.8 429.8 423.8 417.3 410.8 405.2 396 389.1 377.6 367.2 358.5 354.4 349.6 353.3 369.6 386.5 402.7 421.8 439.8 459.5 480.4 496.1 512 526.4 536.9 544.5 549.3 550.4 550.4 551.2 549.4 544.7 540.3 535.1 529 522.8 517.8 513.4 509.1 502.9 494.4 483.7 469.3 451.6 430.7 413.1 400.2 387.5 379.3 373.1 366 359.6 354.6 348.4 342.2 336.7 328.9 321.8 315.4 305.6 295.4 282 271.2 262.4 257.3 253 249.3 247.4 247.3 240.7
334.5 344.4 358 375.4 388.8 404.1 409.5 411.7 412.5 411.3 406.1 401 392.1 388.4 382 369.7 363.2 353.1 343.8 335.5 346 358.2 373.6 392.8 409.1 426.2 446.5 465.4 483.3 498.3 513.5 525.6 535.6 542.9 546.1 547.7 547.9 548.7 549.1 548.8 545.8 540.4 534.5 528.3 520.5 515.4 508.5 500.4 490.3 477.2 461.3 441.2 421.3 404.7 392.5 382.4 375.9 370.3 364.5 360.5 353.7 347.6 343 337.6 332.6 327.5 320.1 314.2 305.4 294.9 284.1 274.9 267.9 259.7 256.1 251.7 253.1 245.7
330.9 342.8 356 372.6 383.9 394.4 395.1 397.6 394.6 393.1 389 385 378.3 373.8 364.7 356.5 348 338.3 331.6 332 346.5 358.7 372.8 394.7 413.9 433.3 454.4 472 486.7 500.2 512.3 522.9 532.6 537.6 541.4 544 545 546.1 547.4 548.3 547.4 542.5 535.5 528.4 519.2 511 503.4 494.8 483.5 469.1 451 430 413 396.7 385.5 377.4 372 366.2 360 355.1 348.8 343.4 339.2 335.2 331.5 328.3 321.2 314.1 306.9 297.7 287.8 277.9 268.3 257.3 256.1 259.5 260 252.2
328.3 341 351.5 362.5 374.2 380 381.9 380.5 379.2 377.8 373.7 367.5 361.3 357.8 351.6 342.7 333.7 325.7 316.8 331.3 343.7 357 372.3 395.4 414.8 441.4 459.5 475.3 488.5 501.2 509.2 516.9 522.8 529.7 533.5 538.4 540.8 542.8 545.1 546.6 545.5 541.9 534.7 525.7 516.4 505.1 497.4 488.2 475.5 459.9 442.7 419 405.2 391 381.1 373.2 367.4 360.7 354.1 349.3 343.5 337.3 334.3 330.8 326.4 322.7 316.1 308.9 303.4 294.9 282.4 272.9 262.2 263.8 267 266.7 263.7 255.5
326.8 337.3 345.3 350.9 361.9 366.6 368.8 367.6 364.9 360 356.8 352 348.9 345.1 338.5 330.6 322.1 312 319.5 330.1 344.2 354.4 368.4 390.3 409.8 432.1 453.7 466.8 477.5 487.6 498.3 506.8 512.3 518.9 525.4 531.2 536.2 539.6 541.9 544.4 543.2 540.2 531.8 523.1 511.6 500.9 492.2 481.6 467 449.6 432.8 412.6 394.7 385.4 376.6 367.3 360.1 354.8 348 342 336.6 330.5 327 323.1 316.9 311.2 307.3 300.2 290.5 280.4 269.1 274.9 278.4 278.6 275.9 270.8 265.5 254.4
323.8 331.5 337.6 344.9 347.2 349.7 353.3 353.6 349.7 343.8 341.9 339 338 334.5 328 320.5 312 301.7 318 329.3 340.3 348.2 362.7 381.2 398.6 412.9 432.4 448.6 460.4 469.5 479.5 490.2 500.5 507.9 512.7 521.1 528 533.7 538.3 540.1 540.4 537.1 527.7 519.3 509 499 489.1 476.6 462.3 444.6 424.8 407.2 389.7 380.3 370.8 361.5 354.2 346.7 341.5 335.6 325.4 320.6 314.1 309.7 306.5 301.9 293.2 284.9 278.1 282.4 286.7 289.7 290.4 288.9 288.3 282.4 267.6 250.8
315.9 325.1 330 333.7 337.5 339.4 338.9 337.8 336.4 330.4 328.7 325 324.8 320.7 316.1 310.3 300.2 302 316 324.2 332.3 342.7 355.6 370.9 384.9 397.8 408.9 425.2 438.6 449.8 460.9 472.2 482.2 492.2 500.3 509.5 519.2 526.6 533 536.3 537 532.5 525.1 516.1 505.7 495.1 484.1 472.4 457.2 438.5 418.8 400.7 382.5 374.1 364.8 359 348.8 338.4 333.3 330.9 328.1 325.1 317.2 306.6 294.8 289.2 292.3 293.9 300.5 304.7 308.1 309.5 307 304.9 299.1 287.6 268.4 249
306.4 313.2 320.6 324 326.2 328.1 326.5 324.6 322 318.6 316.4 315.4 312.4 309.4 305.5 300.2 288.8 298.9 308.9 318 324.8 334.4 350.3 360.9 370.4 381.8 392 404.8 416.3 429.7 442.7 454.3 465 474.1 486.3 499 507.7 519.1 526.2 530.3 533.1 529.9 523.6 514.1 503.2 492.1 480.3 468.1 451.4 430.9 411.4 395.3 379.5 368.7 362.1 356.6 351.2 347.5 344.3 338 332.6 328 321.2 311.2 296.3 302.4 307.9 311.5 314.1 317.2 319.2 318.6 316.3 312.5 304.3 290.8 270.2 249
298.3 302.5 310.8 315.1 317 317.6 315.5 310 308.9 307.4 305.3 303.8 301 299 292.3 288.1 277.7 287.1 295 305 314.5 325.4 336.2 345 354.6 363.4 374.8 386.4 395.6 410.4 421.2 434.9 444.9 456 471.5 487.8 501.8 512.6 521.6 526.9 528.1 527.9 521.4 512.1 500.7 489.4 478.3 463.1 445.3 423.4 403.3 389 382.4 375.2 368.5 361.9 358 353.3 348.9 343.1 337 330.9 325.5 308 310.6 317.3 321 324 326.6 328.1 327.9 326.6 322.7 314.9 306.4 291.7 271.7 249.7
291.9 295.9 299.6 302.7 304 304.5 300.5 297.9 296.5 295.6 293.2 288.7 288.6 285.7 279.3 274.8 279.1 289 294.7 299.3 299.7 311.7 323.8 334 342.6 350.5 359.2 368.4 382.6 391.2 403.6 413.1 422.8 437.9 454.5 475.1 493.7 506.9 517.3 523.5 525.1 525.7 519.7 511.4 500.1 489 475.4 460.6 436.7 415.1 414.9 408.1 397 388.6 379.7 371.3 363.2 358.1 353.8 348.1 341.7 334.2 315.8 316.4 324.9 329.5 332.4 334.1 335.8 335.3 334.3 329.3 325.2 316 306.4 292.8 272.4 251.9
276.5 286.5 292.4 293.7 294.3 294.1 290.9 288 287.1 282.9 280.6 278.3 276.7 272.9 268.5 270.3 288.8 299.8 308.5 314.6 316.4 315.7 313 316.2 330.7 339.2 349.2 356.8 366.1 380 387.5 396.7 406.7 420.9 446.6 468.3 489.8 504.6 514.1 522.4 524.8 524.2 518.5 511 500.6 489.6 472.9 452.4 441.3 437.3 434.2 430.1 419.8 407.3 394.2 386.8 376 367.5 360.2 353.3 344.2 325.6 318.5 329 333 335.9 339.7 343.6 344.9 344.8 339.3 333.6 326.1 317.2 305.6 292.2 274.1 252.3
268.1 276.1 282.3 285.3 285.8 282.9 280.4 277.6 271.7 269.2 269.5 267.1 262.2 257.9 271.8 286.4 297.7 309.9 319 325.1 329.1 331.7 333 336.6 339 343.6 350.2 354.6 356.8 364.2 376.3 388.5 406.2 428.2 450.4 470.1 490.5 504.4 513.6 522.2 525.9 524.4 520.3 513 504.8 494.4 483.7 471.1 463.2 453.6 450.5 444.2 435.7 426.5 411.6 397.7 389.3 378.8 368.1 356.2 342 321.1 332.2 335.9 340.9 344.5 349.5 351.6 351.8 350.9 344.8 336 327.5 317.8 307.1 293.3 275.4 255.2
251.6 263.7 270.8 276.3 274.3 271.3 265.5 261.4 259 258 252.5 250.4 263 278.2 287.4 295.5 308 317.6 326.1 336.2 343.5 346.9 349.4 352.3 354.8 356.8 361.5 367.2 374.3 382.2 391.4 401.5 411.1 434.3 455.6 475.8 491.8 505.3 517.2 522.6 526 526.5 523.2 517.4 509.8 501 491.6 483.8 477.4 470.7 465.6 455.2 446.7 436.2 425.2 407.4 392.8 381.8 369.8 356.6 338.5 329.5 339.2 345.6 349.4 352.3 355.5 357.5 357.6 354.7 348.4 339 329.9 320.8 308.7 296 279.5 259
230.4 239.7 248.2 258.8 261.2 255.1 252.3 251.8 246.9 238.4 252.9 267.6 280.4 290.3 297.7 307.6 320.1 330.1 339.7 350.5 358.9 366.8 370 371.7 374.1 378.8 383.5 388.5 393.6 399.7 410 421.1 432.2 445 464.1 482.6 498.2 507.5 518.4 524.4 526.3 527.6 526.1 520.1 513.3 505.5 497 490.9 482.6 475.8 469.3 460.8 451.6 435.9 422.3 405.1 388.4 379 365.9 351.5 333.4 340.3 346.8 351.7 357.8 361.9 364.1 365.8 365.2 359.2 352 343.5 333.5 322.2 311.8 298.5 281.8 263.1
225 224.1 232.8 237.7 241.2 243.7 244.9 231.4 240.6 256.3 271.2 280.6 290.6 299.4 310.7 323.1 334.6 347.2 358.7 369.2 379 385.9 390.5 394.8 397.6 401.6 405.7 411.3 416.9 424.9 433.1 444.1 452.9 461.5 475.1 492 503.3 514.2 521.3 526.1 529.5 531.1 529.2 523.1 515.6 507.7 500.6 492.3 483.9 475.4 467.8 458.5 443.2 427.3 413.6 397.5 382.6 373.6 359.9 344.4 337.7 347.8 355.3 361.7 363.5 366.1 369 371.9 369.5 365.1 355.5 348.3 337.4 326.5 316.5 303.5 285.9 265.9
229.1 223.1 218.7 221.6 225 228.1 235.4 232.9 250 262.3 274 286.3 294.7 307.2 321.1 333.4 347.1 364 376.7 388.8 402.8 413.8 419.8 421.9 424.8 427.2 430.4 433.2 439.1 444.9 453.6 461.8 471.8 480 490.2 500.7 509.5 517.5 523.3 528 538 534.7 530.8 524.2 516.9 508.5 499.6 490.4 481.4 472.9 462.2 447.5 432.2 416.5 401.8 387.2 377.1 364.9 352.3 339.5 351.1 357.1 362.1 367.2 372.8 377.2 379 377.8 373.3 368 362.3 352.5 342.6 330.6 321.7 310.3 295.5 274.9
238.9 229.8 219.5 219 219.1 219.4 217.7 225.4 242.1 256.6 272 285.5 297 311.4 325.2 339 358.4 380.8 400.1 417.8 428 436.8 441.4 445.7 447.2 448.4 452.6 455.9 460.6 467 472.3 481.5 488.8 495.3 501.1 507.9 515.1 520.9 525.9 537.2 539.4 536.6 529.5 523.1 514.8 505.4 496 485.5 475.7 466.6 451 436.1 419.2 403.8 389.3 377.7 369.4 353.3 352.3 355.5 361.3 365.2 371.2 375.5 379.9 383.3 385.1 383.6 379.7 373.4 365.5 358.2 348.2 334.9 326.9 316.7 303.6 285.7
250.1 242 234.6 226.4 216.5 215.2 214.3 217.9 228.3 247.5 265.7 283.7 297.2 310.6 325.6 342.3 363.4 390.4 422.4 441.5 455.7 460.9 463.3 465.8 470.7 473.5 476.4 480.4 483.7 487.6 490.2 494.3 500.1 503.8 509.3 514.4 519.3 527.6 537 540.1 539.8 534.3 525.6 519.6 511.3 501.4 490.2 479.4 468.8 454.1 438.4 421.8 405.4 391.1 378.4 369.2 358.6 363.8 364.4 368.4 372.2 377.8 381.9 387.5 389.4 390.2 391.7 388.7 384.1 379.7 371.5 364 354.7 343.6 332.2 323 309.6 297.5
258.1 253.9 252.2 246.3 236.2 220.8 210.2 218.4 223.9 239.4 261.4 281.3 294.7 307 322 342.4 363.9 388.9 420.8 445.8 463.1 468.7 473.8 477.9 482.2 486.3 491 493.5 496.4 498.2 500.1 502.9 506.7 510.2 514.5 524.1 531.4 537.2 539.7 540.5 537.7 531 524.2 516 506.8 496.1 485.1 472.9 457.1 441 425.1 408.9 395.4 380.5 368.4 373.9 373.3 372.1 375.9 380.7 384.8 390.8 398.4 402 404.3 404.7 404.8 403 394.3 385.5 378.6 368.4 360.7 350.2 338.2 328.3 318.6 307.8
263.5 261.9 261 252.3 240.4 226.1 211.2 216.3 223.4 235 258.1 277.6 291.9 302.8 316.3 339.1 360.1 381.4 413.8 438.4 458.1 468.4 477.4 482.3 488.3 493.3 496.5 498 500.1 503.1 505 507 509.5 516.9 528.7 533.3 536.5 537.9 538.7 537.9 535 528.8 522 514.4 503.8 493 479 462.9 445.5 429 413.2 397.9 384.4 387.8 386 385.6 385.1 387.4 391.8 395.8 402.6 410 416.5 420.5 422.2 423.4 421.1 415.8 406.8 400.7 389.3 378.3 366.4 357.7 346.9 334.9 326.5 318.2
262.6 260.7 258.2 240.3 223.9 212.1 208.5 216.2 223.2 234 253.4 271.3 284.9 298.6 312.1 330.6 353.7 375.9 406 431.9 451.6 465.8 475.8 484.3 491 492.6 494.8 497.1 499 503.4 507.6 511.6 521.1 526.4 532.2 534 534.4 535.8 536.1 535.4 533.2 526.8 520.3 513 502.7 490.1 474.1 453.2 434.5 415.7 404.9 404.1 404 403.8 403.8 402.3 403.4 406.3 410 415.6 420.9 428.4 436.8 444 447.9 449.1 445 437.8 425.9 414.9 402.7 389.7 377.6 365.4 354 344.6 334.2 325
258.4 256.3 243.7 222.1 209.7 206.4 209.9 217.3 225.6 234.5 245.3 261.9 278.6 293.2 308.2 324.8 346.3 369.8 394.2 423.3 446.2 462.7 474.9 484.8 490.7 491.1 492.7 493.9 496.8 501 506.7 516.4 519.4 523.2 526.7 528.5 531.4 533 533.1 532.3 531.6 527.4 521.1 513.4 503.6 492.3 478.2 458.4 441.8 437.9 429.1 423.4 422.6 423.8 426.3 427.6 430 432 438.7 444.8 449.2 452.9 459.9 464.1 467.9 468.1 462 453.2 442.3 426.6 414.3 400.7 385.9 373.3 361.6 351.3 343.5 333.3
254.6 249.7 230.5 210.3 205.2 208.6 213.7 228.1 243 249.8 254.1 271.9 280.7 288.6 303.4 321 339.1 363.6 389.5 414.6 439.5 460.8 473.1 483.1 488.3 488.9 489.9 491.5 493.9 497 500.1 503.4 506.4 509.3 511.5 515.8 521.6 524.4 526.8 528.4 529.4 526.4 521.1 514.7 506.6 496.7 486 474.9 465.4 455.6 447.9 444.8 443.5 444.1 447.4 448.5 450 453 456.6 460.7 463.8 469.8 473.9 477.3 480.3 476.7 470 461.4 451.5 438.7 423.3 408.5 391.8 379 366.5 358.1 349 340.6
248.4 237.7 213.7 204.5 207 220.1 234 253 262.4 269.4 273.5 281.9 290.2 300.1 313.3 330.8 350.6 370.6 392.7 414.3 440.2 459.9 472.1 481.9 486.3 486.2 488.7 490.7 492.6 494.3 495.9 499.3 502.2 503.5 504.9 506.9 508.8 511.5 515.1 523 526.5 526.2 522.2 517.7 510.6 502.4 493 484 475.8 468.3 463.4 460.3 460 461.5 462.4 463.4 464.8 467.1 470.5 473.4 478.1 481.8 484.5 487.8 488.5 483.5 475.1 467 456 444.9 428.7 414.3 399.1 382.3 373.1 363.5 354.9 346.2
241.2 222.9 205.4 204.1 208.1 229 245.7 260.6 273 284.3 292.3 297 306.5 318.6 332.3 349.6 366 384 404.6 426.3 449.2 462.7 472.2 481.5 484.6 483.8 487.3 489.2 490 491.4 491.7 492.6 493.2 494 495.8 498.1 501.4 505.3 510.8 516.1 523.6 524.7 523.9 519.6 514.5 506.7 499.9 492.7 485.6 480.5 475.9 474 473.4 472.5 473.8 474.3 475.6 477.9 480.3 483.2 486.9 491 493.5 493.8 490.8 485.5 476.6 467.6 458.6 446.7 429.5 416.7 400.7 386.6 376 366.4 359.4 350.5
