WholeMapElevations/data/st/st64_OST50GRID_20230518/ST64.asc
ncols 200
nrows 200
xllcorner 360000
yllcorner 140000
cellsize 50
[rows 105 to 139 of 200, columns 78 to 155 of 200]
236.6 237.6 238.8 239.9 240.7 241.6 242.6 243.5 243.9 244.1 243.8 243.4 243.2 242.9 242.4 242.3 242 241.8 241.9 241.5 241 239.9 237.6 235.3 232.6 232.7 233.9 236.6 238.2 239.7 241.3 242.4 243.5 243.9 243.5 241.9 239.5 237.5 232.6 228.3 226.5 228.7 229 223.5 237.4 240.5 240.7 240.5 240.2 239 236.5 231.9 223.1 223.7 225.9 229.7 233.7 236.1 237.6 240.3 241.7 246.1 248.7 251.4 252.9 252.5 252.2 252 250.9 251.2 250.9 250.1 249.4 248.2 247.7 247.9 247.8 248.3
235.4 236.3 237.8 239 239.9 240.8 241.8 242.6 243 242.9 242.2 242.3 242.1 241.5 241 240.9 240.7 240.5 240.8 240.4 239.9 239.3 238.7 236.4 234.4 232.6 233.2 236.5 238.2 239.8 241.4 242.6 243.5 243.7 242.3 240.6 237.1 235.4 233 229 223.8 216.5 216 215 213.1 206.5 218.6 239.2 238.8 237.9 235.6 232.7 227.2 217.5 219.4 224.1 228.1 230.9 232.7 233.4 235.6 239.4 242.8 244.6 245.5 245.9 246.7 246.8 246.4 246.1 245.7 244.9 244.1 243 243 243.3 243.3 243.2
234.1 234.8 236.2 237.9 239.2 240.2 241.1 241.6 242.1 241.7 241 240.4 240.2 240 239.6 239.4 239.3 239.2 239.7 239.4 238.9 238.3 237.7 237.1 235.4 232 233.8 236.6 238.4 239.6 241.1 241.7 242 242.3 240.8 239.3 235.7 225.9 231.2 223 222.6 216.7 215 205.9 205.9 205.9 205.9 236 235.8 234.5 232.4 230 224.8 215.1 214.8 219 222.6 224.9 225.9 226.4 228.4 232 235.6 237.1 238.4 238.8 239.6 240.5 240.7 241.1 241.5 240.8 239.9 238.7 238.4 238.3 238.8 239.4
232.2 232.6 234.7 236.5 237.9 239.3 240.1 240.6 240.9 240.6 240.2 239.7 239.3 238.8 238.2 238 237.9 237.7 238.7 238.2 237.9 237.3 236.7 235.9 234.8 231.7 235 236.6 238.2 239.3 239.5 239.8 239.9 240.5 239.9 237.7 221.6 221.4 220.9 220.6 221.9 218.8 211.8 205.9 205.9 205.9 205.9 224.5 231.7 230.2 228.8 224.5 216.4 210.7 209.4 214.3 216.8 218.5 219.1 220 220.9 223.8 227.5 229.4 231.2 232.6 233.3 234.5 235.3 235.9 237.1 236.7 236 235.2 234.7 234.9 235 235.6
231.3 231.9 233.5 235 236.5 237.7 238.4 239.1 239.5 239.2 238.9 238.6 238.2 237.7 236.9 236.5 236.4 236.7 237.7 237.4 236.9 235.8 235 234.2 233.4 230.2 232.6 235.2 236.6 237 237.2 237.2 237.6 238.8 238.4 220.8 220.7 222.3 220.4 220.1 219 218.8 209.2 205.9 205.9 205.9 205.9 232.5 228 226.6 221.4 212.9 207.1 204.9 204.3 206.2 210.6 212.8 213.5 214.1 214.6 216.2 219.3 221.6 223.5 225.5 227.7 229 230.3 231.7 232.9 232.6 232 231.4 231.3 231.4 231.6 231.8
230.1 230.8 231.9 233 234.3 235.7 236.5 237 237.7 237.9 237.8 237.5 237.1 236.3 235.6 235.1 234.2 235.6 236.7 236.6 236.2 234.7 233.2 232.4 231.4 229 230.6 233.1 233.7 233.8 234.2 234.5 234.9 234.5 234.2 226.2 225.3 218.9 218.6 219.1 217.6 221.2 217 205.9 205.9 205.9 224.6 232.8 224.5 217.9 210.9 207.3 204.9 204.2 203 201.5 202.3 205.4 207.5 208.4 209 210.4 212.6 214.8 217.4 220 222.3 224.3 225.6 227.1 228.7 228.7 228.2 227.6 227.6 227.9 228.2 228.4
229.2 229.4 230.4 231.5 232.5 233.6 234.5 235.2 235.8 236 236.3 236.3 235.8 235.1 234.7 233.9 232.1 234.1 234.9 235.4 235 233.6 232.1 230.7 229.3 228.4 228.1 229.8 230.4 230.7 230.8 231 230.3 229.7 228.5 225 222.1 220.5 219 218.4 217.8 216.7 217.6 217 205.9 225.8 231.9 233.2 226.4 208.5 206.4 205.5 205.5 206.5 208.4 203.9 199.9 199.6 202.2 202.8 204.2 205.3 207 209.2 212 214.4 216.6 218.6 221 222.7 224.1 224.4 224.3 223.9 224 224 224 224.5
228.1 227.9 229 230 231.2 232.2 233 233.7 234.2 234.5 234.8 234.8 234.6 234.4 233.8 233.1 231.2 231.9 233.3 233.9 233.2 232.4 230.8 229.6 228.4 227.7 227.1 226.5 227 227 227 226.5 225.5 224.1 222.8 220.9 220.5 220 220.4 220.4 220.2 222.1 221.6 218.7 219.3 220.1 221.2 223.7 226.5 207.6 207.3 208.1 209.8 211.4 210.7 207.5 202.6 198.8 198.2 198 199.4 200.1 201.6 203 205.6 208.5 210.5 212.8 215.6 217.8 219.3 219.9 220 219.8 219.7 219.5 219.5 219.9
226 225.9 227.7 228.8 230 230.8 231.9 232.5 232.8 233 233.3 233.3 233.4 233.2 232.4 232.1 230.4 229.6 231.3 231.4 230.7 230 229.5 228.8 227.6 226.9 226.2 225.6 225 224.5 223.8 223.1 222.7 222.1 221.5 221.5 222.1 222.6 222.7 222.2 222.6 223.2 222.8 219.8 220 220.5 220.6 218.9 214.9 213.2 214.4 215.8 217 218.6 216.2 211 206.3 203 199.9 196.8 195.8 194.8 194.6 194.9 196.9 200.5 204.4 207.3 210.2 212 213.7 214.6 215.1 214.6 214.6 214.9 215 215.1
222.4 224 226 227.4 228.9 230.2 230.9 231.3 231.6 231.9 232.4 232.4 232.6 232.1 231.2 231 229.6 226.8 227.1 228.3 228.2 228.1 228 227.7 227.6 227.2 226.8 225.7 225.5 225.3 224.9 224.6 224.8 225 225 224.6 224.8 223.8 223.6 223.3 224 223.6 224.6 222.2 223 223.2 222.2 221 221.2 221.3 220.8 220.7 220.4 220.4 218.7 215.7 211.9 208 203.8 200.4 198.9 197.7 196.1 194.5 192 193.4 197.3 201.2 203.6 205.3 206.9 207.7 208.3 208.7 209.2 209.4 209.4 208.7
222.2 222.6 225.5 227.3 228.3 229 229.6 230.1 230.4 231.1 231.6 231.8 232 231.4 229.8 228.5 227.8 226.2 224.2 224.8 226 226.3 226.4 227.3 227.3 227.3 228 227.3 227.2 227.1 227.4 227.2 227.6 227.7 227.2 226.8 226.1 225.3 224.4 224.6 225 224.4 222.6 222.8 223.4 223.3 223.6 223.5 222.8 221.9 220.6 220.1 219.8 220.3 218.9 216.9 215.9 213.6 210.9 207.1 204.4 202.3 200.2 197.2 194.2 190.6 191.4 195.5 197.3 199.1 200.1 201.1 202.1 202.9 203.6 204.1 204.7 204.7
222.2 223 225 226.2 227.1 227.8 228.5 229.1 230 230.8 231.3 231.4 231.2 229 226.8 224.9 224.1 224.1 222.8 223.4 224.1 224.7 225.5 226.3 227.3 227.7 228.6 228.7 228.6 228.4 228.9 229.5 229.5 228.4 227.8 227.5 227 226.2 225.7 225.3 224.7 224 222.9 222.2 222 222.1 221.9 221.4 220.5 219.8 218.8 218.4 218 217.7 216.9 215.8 214.4 213.1 212 210.6 208.9 205.5 201.4 196.6 192.6 190.1 188.5 190.6 192.9 194.5 195.2 196 196.7 197.6 198.7 200.1 200.7 200.8
219.5 221.2 223.6 224.8 225.8 225.9 227.5 228.8 230.2 231 231 229.9 226.9 224.6 222.5 221.1 220.9 221.3 221.2 222.1 222.7 223.6 224.6 225.4 226.3 227.1 228 227.9 228.4 228.6 228.9 228.7 228.3 227.5 227.7 227.5 226.6 225.7 224.7 225 224.4 223.4 222 220.6 220.2 220.1 219.9 219.2 218.3 217.6 217.1 216.6 216.2 215.6 214.8 213.4 212.1 210.9 209.7 208.4 206.9 204.1 199.7 195.2 190.8 188.9 188.4 187.8 189.8 190.8 191.4 192.5 192.3 193.8 195.6 197.5 197.6 197.6
216.6 218.3 220.8 222 222.8 224.4 226.1 228 229.2 229.9 228.6 225.5 222.7 221 219.7 219 218.9 218.8 219.4 221.1 221.9 222.1 221.5 223.5 225.1 225.9 226 227.6 228.2 228.2 227.6 226.8 226.5 226.2 226 225.6 224.9 224.3 224.2 224.4 223.9 222.8 221.2 219.2 218.2 218 217.6 217.1 216.5 216 215.5 214.8 214.4 213.6 212.3 210.8 208.7 206.3 204.5 202.8 201.1 198.8 195.6 192.5 189.3 187.6 187.6 185.4 186.6 186.5 187.6 189.6 189.7 191.2 193.8 194.8 194.7 194.6
214.3 216.5 218.8 219.5 221.4 223.2 224.2 226.5 226.9 226 224 221.9 220.6 219.2 217.9 217.5 217.4 217.6 219 221.2 223.1 224.7 225.3 225.6 226.3 227 227.6 227.9 227.5 227.1 226.5 225.2 224.5 224.3 224.6 224.3 223.6 223 223.1 223.2 223 221.8 220.1 218.1 216.2 216 215.9 215.2 214.7 214.3 213.9 213.3 212.4 210.8 208.8 206.3 204 201.6 199.3 197.6 196.1 194.1 192.1 189.5 186.5 186 184.7 185.3 185 185.5 186.3 186.7 187.2 188.8 191.5 191.8 191.7 191.5
216 217.7 218.5 220.3 222.2 223.5 224.5 225.4 226 223.8 222.4 219.9 218.7 218.3 217.4 215.4 215.4 217.3 219.9 223.1 224.9 226.8 227.9 227.9 227.6 227.6 227.2 226.8 226.5 226 225.4 224.1 222.8 222.4 222.9 222.9 222.4 222.1 222.1 222.1 221.3 220.1 218.6 217.1 215.1 213.5 214.3 213.3 212.7 212.3 211.9 211.7 210.1 208.3 205.4 202.1 199.4 196.9 195.1 193.4 191.7 189.3 187.9 184.9 184.3 184 184.8 184.8 184.5 183.9 183.8 184.1 184.5 186 187.7 188.3 188.7 188.7
219.1 221.8 223.5 224.6 226.2 227.3 228 228 228.3 226.6 224.3 222.6 221.5 220.1 218.4 215.9 213.1 218.9 222.8 225.2 226.2 227.5 227.3 227.4 226.7 226.1 225.7 225.3 224.7 224.1 223.7 222.7 221.5 220.7 221.5 221.3 220.7 220.8 220.4 219.6 218.8 217.9 216.5 215.2 213.9 211.1 211.4 211.4 210.9 210.3 209.9 209.6 207.8 205.4 202.1 198.6 196.1 193.6 191.5 189.4 187.4 187.4 187.2 186.9 185.6 184.7 183.6 183.6 183.1 182.7 182.3 182.1 181.9 182.8 184.1 185.3 185.8 186.6
225.9 227.9 229.4 230 229.7 230.4 230.6 230.5 229.9 228.5 227.1 225.8 224.7 222.9 220.9 216.9 214.5 219.4 222.3 223.6 224.5 224.8 226 226.1 225.2 224.6 224.1 223.6 222.7 221.8 221.8 221.1 220 219.1 219.7 219.2 219 218.6 218 217.1 216.3 215.4 214.2 212.9 211.6 209.8 208.1 209 208.6 208.2 207.7 207.1 205.4 202.3 198.7 195.4 192.8 190.7 190.1 190.9 191.1 191.6 190.5 188.9 190.1 189.3 188.1 185.1 183.4 181.7 181.3 180.8 180.5 180.5 181.1 182.3 182.7 184.1
229.4 230 230 229.6 229.4 229.6 229.5 229.1 228.5 227.8 227 226.1 225.3 222.5 221.1 216.8 213.9 219.2 220.9 222 222.4 221.9 222.4 222.4 222.9 223.2 222.1 221.7 219 220.1 220 219.4 217.9 216.8 217.5 216.9 216.1 215.9 215.5 214.7 213.8 213 212 210.6 209.2 207.5 205.6 206.2 206 205.1 204.3 203.4 201.9 199.3 196.2 192.9 191.4 193.2 194.1 194.9 194.2 194.7 194.2 193.9 193.5 192.5 190.9 189.4 187.7 185 182.9 181.4 179.5 178.6 178.3 178.6 179.8 181.4
228.6 228.7 228.4 228.1 227.9 227.3 226.8 226.2 225.6 225.2 224.6 224.1 223.3 221.6 217.7 213.5 214.6 220 220.4 221.2 222.2 220.2 221.1 220.4 215 221.1 215.9 215.5 217.6 218.5 217.8 216.9 215.8 214.7 215.3 214.5 213.8 213.5 213.3 212.3 211.5 210.8 209.8 208.4 206.8 205.5 204 203.9 203.1 201.9 200.8 199.2 197.4 195 192.7 194.5 196.1 196.4 197.2 196.8 196.2 196.1 195.3 194.8 193.9 193.2 192.2 190.8 189.2 187.7 186.3 184.4 182.5 180.5 178.8 177.6 176.8 178.5
227 226.8 226.3 225.8 225.1 224.4 223.9 223.3 222.8 222.5 222.1 221.4 220.4 217.9 216.4 210.4 216.1 219.5 220.2 219.9 221.3 219.5 218.7 218.7 219.4 219.5 218.4 218.1 217.7 217 215.9 215.1 214 213 213 212.4 211.8 211.2 210.9 210.2 209.2 208.6 207.6 206.2 205.2 204.1 203.1 202.9 202.5 200.7 199.9 198.8 197.9 197.3 197.2 198.4 198.6 198.1 197.9 196.9 195.8 195.2 194.4 193.6 192.2 191.4 190.5 189.9 189.4 188.9 187.6 186.3 184.9 183.5 181.5 179.7 178.1 176.3
224.7 224.2 223.7 223.2 222.5 221.6 221 220.4 220 219.5 219.2 218.7 217.4 215.8 213.7 207.9 217.8 218.3 218.6 218.9 218.9 218.1 218.4 218.7 218 218.4 217.9 218 217.4 216.4 215.1 214 212.3 211.1 210.7 210.2 209.8 209.4 208.7 208 207.2 206.5 205.5 204.8 204.1 203.6 203 203 202.9 202 201.3 200.4 199.4 199.7 199.7 199.1 198.5 198.5 197.4 196.2 195.1 194.2 193.5 192.2 190.8 189.6 188.8 188.1 187.6 187.2 186.5 185.3 184.4 183 181.9 180.5 179.1 177.5
221.9 221.5 221.1 220.6 219.9 219 218.2 217.6 217.1 216.5 216.3 215.7 214.4 212.8 204.4 212.4 217.4 216.9 217.2 218.2 217.6 217.3 215.9 215.2 215.3 217.1 217.8 217.9 217 215.8 214.5 213.6 211.9 210.6 209.1 208.4 208.1 207.8 207.1 206.4 205.6 204.9 204.7 204 203.4 202.9 202.7 202.8 202.9 202.8 201.8 201.3 200.9 200.3 199.6 199.4 198.8 197.7 196.6 195.6 194.5 193.5 192.1 190.7 189.3 187.9 187.1 186.4 185.9 185.3 184.6 183.7 182.9 182.2 180.8 179.6 178 176.7
218.9 218.1 217.7 217.7 217.1 215.9 215 214.4 213.9 213.7 213.8 213.3 211.6 203.5 204.1 214.8 216.6 217 217.3 217.5 215.9 214.8 214.3 213.7 212.7 212.9 216 215.8 215.7 214.8 213.9 213.1 211.8 210.5 209 207.5 206.5 206.2 205.6 204.8 204 203.5 203.6 203.3 202.7 202.4 202.1 202.3 202.3 202.4 202.1 201.5 200.4 199.9 199.7 198.8 197.8 196.6 195.5 194.5 193.2 191.7 190.4 188.9 187.4 185.8 184.6 184 183.8 183.3 182.7 182 181.1 180.3 179.3 178 176.5 175.3
215.3 214.6 213.8 213.6 212.8 212.1 211.8 211.1 210.9 211 211.2 210.5 202.7 198.4 210.6 215.6 216 216.3 216.6 216.1 215.3 210.9 216.1 209.8 212.3 211.8 212.4 214.7 214.4 213.6 212.8 212 211 209.9 208.9 207.4 206.3 205.2 204.4 203.3 202.4 201.8 201.5 201.5 201.4 201.9 201.6 201.7 201.7 201.5 201.1 200.5 199.7 199.2 198.6 197.6 196.7 195.5 194.5 192.9 191.2 189.8 188.3 186.6 185.1 183.6 182.2 181.5 181.3 181.3 180.7 179.9 179.2 178.3 177.4 176.1 175.1 175.8
210.5 209.9 209.1 208.5 208.1 207.9 207.5 207.3 207.4 207.4 208 205 195.2 202.6 210.5 213.5 215.4 215.8 216.1 214.5 214.1 213.2 209.9 203.4 212.5 212.5 211.2 213.7 213.6 213.1 211.7 210.8 210 208.9 208.2 207.3 206.1 205 204 203.9 203.6 202.8 201.4 199.9 198.8 199.3 199.7 200.4 200.4 200.2 199.6 199.1 198.7 198.3 197.4 196.5 195.6 194.3 192.5 190.8 189.1 187.8 186 184.1 182.6 180.8 180 179 178.8 178.8 178.8 178 177.1 176.4 175.5 175.2 176 177.4
205.7 204.8 203.7 202.6 201.7 201.1 200.9 201 200.8 203.4 205.1 197.6 191.9 204.7 209.4 212.6 213.8 214.7 214.7 214.3 213.3 215.1 209.4 206.2 202.8 208.8 209.7 213 211.7 210.9 210.3 209.6 208.9 208 207.4 206.9 206.1 205.1 204.7 204.7 204.7 203.8 202.9 201.6 199.9 198.1 196.9 197.6 199 198.8 198.3 198.4 197.4 196.9 196 195 193.8 192.7 190.6 188.7 187.2 185.6 183.8 181.4 179.8 177.6 177.2 176.9 176.7 176.5 176.5 176 176 175.8 175.6 176.3 177.6 179.4
197.9 196.6 194.4 192.6 191.7 191.7 191 191.5 193.1 198.8 200.5 188.6 192.2 203 208.4 211.9 213 213.8 213.8 213.5 212.8 212.2 212.6 206.2 206.7 210.9 208.4 210.8 210.1 209.3 209 208.3 207.6 206.9 206.3 206.2 206 205.4 205.3 204.8 203.9 203 202 201.1 200.2 199 197.8 194.6 195.9 197.2 196.3 197.3 196.4 195.1 193.8 193.2 192 190.8 188.6 186.7 185 183.4 180.6 179 178.9 179.9 179.8 179.2 178.2 178 177.2 177.8 176.6 176.4 176.2 177.3 179.1 183.6
189.8 188.1 185.8 183.6 182.3 182.8 182.6 184.2 187.8 194.4 193.4 181.1 192.1 202.4 207.6 210.8 212.3 213.1 213.2 213 212.1 211.1 209.7 208.4 207.1 208 208.8 209.5 209.4 208.5 207.8 206.8 205.6 205.6 205.4 205.3 205.1 205 204.7 203.9 203 202.1 201.1 200 199 197.9 197 194.5 193.4 193.8 194.3 195.1 195 193.5 192.2 191.3 190.4 188.9 187.4 184.8 182.9 180.3 179.4 180.7 182 182 181.4 180.5 179.7 179.2 178.4 177.5 176.8 176.9 176.7 178.3 182.5 184.9
182.4 180.6 178.3 175.8 174.2 175.3 176.4 178.6 183.3 188.6 183.9 183.5 193.5 202.9 206.8 209.9 211.9 212.4 212.5 212.4 211.4 210.2 209 207.8 206.3 207 207.7 208 207.7 206.9 205.8 204.7 203.7 204 204.5 204.4 204.3 204.1 203.9 203 202.2 201.1 200.2 199.3 198.8 197.6 197.2 196.3 194.2 192.2 191.9 192.1 192.4 191.3 189.6 188.6 187.6 186.7 185.5 182.6 180.5 180.2 181.7 182.9 182 182 181.6 181 180.3 179 178 176.9 176.6 176.6 177.5 180.5 183.9 184.2
174.6 173.6 171 168.7 167.8 168.2 170.2 172.9 176.9 178.2 179.9 184.8 194 202.8 206.2 209 211 211.2 211.1 211.6 210.9 209.6 208.3 206.8 205.9 206 206.7 206.6 206.5 206.1 204.4 203.2 201.8 202.4 203.1 203 203.5 203.2 202.9 202 201.3 200.9 200.1 200.5 199.7 198.5 197.9 196.7 195.3 193.4 192.2 190 189.7 189.1 187.1 185.8 184.7 183.7 183.2 181.2 180.1 181.7 183.7 183 182.1 181.9 181.5 181 179.9 178.7 177.6 176.8 176.8 177.1 178.7 181.5 183.9 183.1
167.8 166.7 164.7 167.5 171.8 176.5 178.9 180 179.7 180.6 183.6 188.2 196.2 202 206.1 207.8 209.7 211.2 211.7 211.2 210.7 209.9 208.7 207.4 205.8 204.6 205.6 205.4 204.8 204.2 203.3 201.9 200.2 201 201.3 201.4 201.7 201.9 201.6 201.8 198.7 198 198.2 200.6 200.1 199.1 198 196.1 194.5 194.2 193 192.4 190.9 189.6 187.6 186.7 185.4 184 182.4 180.8 180.9 183.6 183.9 183 182.1 181.8 181.4 180.4 179.5 178.4 177.3 177 177.1 178.2 180 182.1 182.7 181.9
162.3 161.5 166.6 172.3 177.6 182.2 186.8 193 192.7 192.7 192.9 194.9 198.1 202.8 205.5 208.2 209.5 211.1 211.3 210.8 210.4 210 209.6 208.3 206.4 203.9 204.1 203.7 203.1 202.4 201.4 199.9 198.7 199 199.4 199.6 200.1 200.6 200.9 201.6 192.8 197.6 197.5 199.6 198.7 197.7 196.6 195.5 193.7 192.6 192.1 191.6 191 190.4 189.4 188.3 186.7 185.7 183 181.1 183.7 184.5 183.8 183 182.2 181.7 180.6 179.7 178.8 177.9 177.3 177.2 178 179.7 181.4 182.1 181.6 180.7
157.7 166.1 171.3 177 182.8 189 199.4 200.9 200.6 201 201.9 202.5 202.6 204.2 205.9 209.2 210.4 210.8 211 210.6 210.2 209.9 209.3 207.6 205.6 204 201.7 201.3 200.7 200.2 199.4 197.7 196.7 196.9 197 197.5 198.6 199.5 201.1 201.3 197.2 198.3 199.3 198.2 197.2 196.2 195.2 194 192.8 191.3 190.9 190.7 190.1 189.7 188.9 187.7 186.9 184.3 182.1 185.1 184.3 184.4 183.9 183.2 182.1 180.9 179.8 179 178 177.6 177.7 177.7 179.2 182.1 182.5 181.6 181 179.4
165.1 171.2 176.3 182 193.1 200.7 204 205.3 205.2 205 205.4 205.4 205.6 206.2 207.8 210.2 211 211.2 210.9 210.5 210.1 209.5 208.3 206.6 204.7 203 200.9 199.7 198.9 198.6 198.5 197.8 197.2 196.4 195.5 195.1 196.3 198.5 199.8 199.7 199.3 198.6 197.6 196.7 195.7 194.7 193.7 192.5 191.3 190.1 189.7 189.6 189.9 189 188.1 187.3 185 182.8 182.9 183.2 183.8 185.4 184.1 182.5 181.2 179.7 178.8 177.7 178 178.8 179.3 179 180.6 182.7 182.8 181.6 180.3 178.8
