UK/data/nn/nn73_OST50GRID_20230518/NN73.asc
ncols 200
nrows 200
xllcorner 270000
yllcorner 730000
cellsize 50
[rows 35 to 69 of 200, columns 0 to 77 of 200]
325 343.4 356.2 370.3 383.3 394.4 412.6 429.8 433.7 431.7 420.2 413.1 407.4 399.9 392.6 385.9 380.7 375.6 370.3 363.8 355.4 348.2 341.7 338.4 331.9 324.5 312 282.2 301.2 310.6 320.5 329 334.1 338.1 343.7 350.4 357 360.9 363.8 365.8 367.4 369.7 369.4 366.7 365.9 366.8 357.4 351.6 346.8 342 339.5 335.8 342.1 345.4 350.3 362.3 375.3 393.9 413 429 443.5 457 470.5 484.9 494.8 508.6 524.1 537.5 548.2 558.6 569.4 581.6 595.8 607.8 620.2 632.3 647.1 663.3
339.2 353.3 368.3 383 397.4 413.8 434 447.4 459 455.5 438.2 426.7 421.5 413.4 404.2 395.7 391.6 386.2 380.6 372.4 366.4 358.2 351.2 346.8 339.7 331.1 319.1 287.5 308.2 319.4 329.3 336.1 342.4 349.4 355.2 361.4 367.6 372.2 375.3 379.2 380.8 381.6 380.9 379.5 380.7 379.9 364.6 359 355.2 349.7 344.9 342.2 343 347 351.3 365.3 374.5 388.5 407.4 421.9 436.7 450.1 462.6 477.3 487 498.2 510.7 524.8 538.7 548.5 560.1 571.1 586.3 597.8 612.3 626.7 641.5 658
352.4 367.8 381.6 399.2 416.4 433.1 452.7 463.2 469.9 465.1 449.7 441.2 432.3 425.7 415.9 408 403.6 396.2 388.1 380.6 373.8 367.5 361.3 353.6 344.2 335.3 318.1 296.1 316.6 328.1 337.4 345 351.8 360.8 367.7 374.5 379.5 384.4 387.2 392.1 393.3 390.5 390.9 391 390.6 386.7 375.1 368.7 363.5 357.3 351.3 350.2 343.6 347.6 353.3 363.1 373.4 382.8 399.8 416.4 429.9 442.2 454 466.8 478.2 486.2 498.6 510 523.3 538 551.3 560.9 577.2 592.1 605.7 622.7 638.7 655.6
371 388.4 404.4 425 435.7 445.7 465.4 472.4 478 476.5 465.1 458.4 444.2 434.2 425 416.5 408.8 401.8 394.3 387.3 380.3 374.6 368.2 358.8 348.5 338.1 316.9 306.9 326.2 338.2 347.3 354.5 363.1 373 379.1 387 391.3 395.3 399.7 405.5 405.5 401.8 403.3 404.2 400.7 395.2 388.6 380.6 373.5 363.6 357.5 352.5 344.7 348.2 354.8 361 371.2 380 392.2 402.2 416.3 425.4 448 463.4 479.3 493.8 504.8 518 530.5 534.8 539.7 555.2 571.1 588.2 602.3 619 636.8 654.7
385.8 408 428.2 438.8 448.5 461.1 470.6 483.5 488.9 486.1 480.5 471.3 455.3 440.5 431 424.7 415.9 407.5 400.9 394.6 388.6 380.9 373 362.9 351.7 337 309.2 321.3 337 347.2 355.8 364.3 376.8 384.3 395.1 398.8 404.4 410.9 415.8 417.8 416 413.4 414.8 417.1 411.9 406.2 400.6 392.7 384.8 373.2 363.1 357.4 354.1 348.4 351.9 359.7 369 378.1 389.5 402.9 419.5 435.4 450.9 467.8 481.9 496.7 510.8 527.1 542.3 553.9 560.6 568.3 573 577.1 595.1 616.4 638 656.6
405 422.1 440.3 452.4 463.9 470.9 479.3 491.2 496.5 497.4 492.5 483.2 465.7 448.7 436.8 429.4 421.9 414.2 405.8 399.3 394 385.8 375.2 365.1 355.2 336.9 315.6 333.2 346.4 357.1 366 378.2 390.9 407.7 415 418.7 420.6 426.7 429.3 430.1 429 425.2 424.4 427.2 420.6 414.1 408.7 403.3 394.8 382.8 374.8 366.9 357.4 353.2 352.4 359 366.7 377.5 388.3 402 419.4 435.1 450.9 467.7 483.7 499.5 514.8 532.8 553.3 570 581.2 588.6 594 599.6 602.3 611 632.2 654.1
420 443.5 457.1 468.8 476 481.5 486.7 496 504.8 504 499 488.8 472.6 456.8 443.8 435.4 428.8 421.2 412.8 404.7 398 389.1 379.1 369.2 358.8 338.2 326.9 343 356.1 365.6 376.4 393.6 408.1 426.6 431 435.7 438.5 445.5 444.8 442.5 440.7 437.4 433 430.2 426.1 422.6 417.9 410.8 401.4 392.3 381.1 369.5 360.9 356.4 352.6 355.9 364.9 374.9 386.5 403.7 419.9 433.3 446.5 466.1 482.5 498.1 515.4 536.7 560.5 581 594.9 605.3 613.6 620.6 623.9 628.8 631.4 644.7
435.5 454 469.7 476.6 482.8 488.5 492.3 501.1 510.8 512 503.6 493.2 477.9 466.1 454.9 441.5 435.3 427.1 418.5 410.3 401.5 391.6 382.4 371.7 358.9 332.5 337.7 355.7 365.9 375 390.3 404.1 419.4 443.3 451.9 459.8 467.7 472.2 471.3 459 454.7 448.8 442.3 437.5 432.9 429.5 424.9 417.2 408.2 398.5 383 374.2 369 363.3 360 354.1 364 374.6 388.6 407.2 419.8 432.5 446.1 463.1 479.6 496 514 539 565.2 586.9 603.3 615.2 626.5 637 645.3 651 659.9 668.8
445.8 463 477.8 487.4 496.2 503.6 503.8 512.7 518.1 518.8 510.3 497.1 482.8 477.8 461.2 448.1 439.9 431.5 423 413.9 405.5 395.4 385.6 374.4 357.9 331.6 347 363.5 373.8 387.2 401.7 414.1 431.6 458.3 473.9 479.1 495.8 502.3 493.9 479.5 469.8 462 454.3 448.5 443 437.1 431.3 424.3 415.5 403.2 390.1 382.5 375 369.9 363.7 353.6 364.1 376.1 390 404.3 418 432 443.3 461 476.7 493.5 513.1 538.6 567.5 590.9 610 625.1 638.4 650.9 661.7 670.2 680.7 693.2
462.4 477.8 491.2 501.1 509.4 513.3 512.3 520.2 523.1 524 516.7 504 490.3 479 464.1 452.1 444.1 435.8 426.5 416.5 408.3 398.3 388.9 376.2 358.2 333.7 354.3 371.3 382 396 411.4 425.5 446.8 474.9 488.8 501.3 517.6 519.4 509.8 499.1 485.1 474.3 466.2 460.3 453.8 446.6 439.4 431.6 421.5 410.2 399.1 389.8 380.2 373.4 364.6 359.5 364.2 375.6 389.4 401.6 417.3 431.3 441.5 459.2 475.3 490.4 509.8 537.4 567.3 593.4 614.3 632.6 647.3 660.5 672.1 681.5 695.9 711.4
473.4 488.2 501.4 509.6 513.3 516.3 517.8 526.6 528.8 526.2 519.5 507.6 493.6 476.7 465.1 455.5 447.4 439.1 429 418.3 409.4 399.2 388 376.6 355.8 340.3 366.1 378.9 387.8 401.7 418.1 437.1 460.2 486.1 503.1 523 543.8 544 532.3 518.2 502.9 488.9 479.5 473 464.9 456.4 448.5 440.4 431.5 420.2 407.4 396.3 382.6 373.9 365.9 362.3 364.1 372.9 386.3 401 415.2 429.4 441.4 457.3 472.1 487.5 507.1 533.8 564.7 593.1 615.9 635.9 652.1 664.4 676.8 691.3 707 722.9
479 493.6 506.9 515 516.6 520.4 524.6 532.5 534.9 528.1 520.4 509.7 494 477.4 466.4 458.5 451.2 441.8 431.7 419.8 409.9 400.8 390.6 382.1 361.4 343.2 367.7 379.7 393.1 408.8 427 448 473.7 499.9 521.8 548.9 562.2 561.1 554.1 545 523.7 506.6 493.8 484 475.1 465.9 457.2 447.9 437.9 427.3 415.3 401.7 387.9 377.2 369.9 369.5 363.6 371.6 384 398.2 413.3 429 441 454.5 469.5 485.3 503.4 529.6 561.1 588.9 614.4 635.6 652.3 665 679.9 696.5 712.8 728.5
488.8 507.2 517.7 522.3 523.6 523.2 533 537.3 537.5 529.2 519.6 512.5 495.4 479.5 468.3 461.2 453.7 443.2 433.1 421.2 413.1 406.5 392.7 386.6 365.6 351.5 368.5 383.1 398.3 418.7 438.5 461 486.3 512.1 537.8 564.6 577.6 577.6 572.5 563.7 548.4 528.2 508 496.5 485.6 475.4 464.9 454.9 443.9 432.3 420.2 406.3 391.5 379.8 372.1 370.6 365.7 371.4 383.1 397 411.7 426.4 439.8 452.5 466.8 482.5 500.1 524.6 555.2 584.4 610.9 633 649.7 664.5 680.1 696.5 712.9 727.5
498.7 512.8 524.7 528.6 531.1 530.9 538.4 540.5 538 529.8 521 509.6 496.8 483.7 472.8 464.4 455.2 445.5 433.5 422.5 412.1 405.3 392.9 380.4 360.4 358.1 375.4 390 405 426.2 446.6 468 493.8 521.5 550 576.2 590.5 593.3 590.6 581.8 568.6 553.8 529.3 509.7 497 484.9 473.6 462.2 450.3 438.1 423.6 408.5 395.8 383 374.3 371.8 369.5 371 379.5 392.1 407.3 422 437.3 450.3 464.3 478.4 496.9 520.1 549.2 578.2 605.1 627.3 644.7 659.5 675.8 692.2 708.3 723.2
505 517.7 528.1 535.6 537.9 538.6 543.5 544.2 539.2 527.8 516.3 505.7 495.9 486 477.2 469 458.7 448.3 436.8 426 413.8 407.2 399.4 387.1 367.4 362.3 379 396.2 411.3 432.4 452.8 475.7 501.9 531 559.9 584.9 598.5 603.6 602.1 597.7 585.7 568.8 549.4 523.6 506.8 493.7 481 468.9 456.2 443.2 428.3 413.1 398.9 386.9 376.6 373.4 373.2 369.8 375.9 384.1 400.5 414.8 431.7 446.4 461.1 476.2 492.9 516.1 543 571.8 597.5 619.9 636.7 651.5 668.2 684.4 700.2 716.1
511.4 523.1 531.9 538.8 542.7 544.3 548.5 548.4 542.2 531.9 520.7 509.2 499.8 491.5 482.8 473.8 462.5 451.5 439.8 426.6 414.5 408.5 404.3 390.1 365 368.5 383.9 401.1 415.5 436.7 456.1 480.5 506.6 537.1 564.9 589.4 602.7 608.8 610.9 610.7 602 581.8 560.8 540.8 520.9 504.6 488.4 475.9 462.6 449.2 434.6 418.8 405.6 390.9 379.8 375.5 373.3 368.3 374.8 383.4 395.6 408.9 425.9 441.4 457.2 473.4 490.4 510.9 536.3 563.5 587.5 608.2 624.9 641.3 657.8 674.1 690 706.3
516.3 525.5 534 541.9 547.3 551.1 553.5 552.8 546.4 536 526.1 515.2 503.9 495.5 487.3 478.5 467.2 455.2 443.2 429.6 418.6 412.5 406 391.3 364.7 374.2 387.3 404.2 420.2 440.8 460.5 482.4 510.9 538.7 569.1 589.3 602.4 612.1 617.7 620.4 614.4 598.3 576.1 554 532.7 513.6 496 482.5 469.1 455 441.1 425.5 411.6 397.3 385.5 378.4 375 371.8 374.7 382.4 395.6 410.2 424.9 440.7 456 471 487.3 506.1 530.4 555 576.6 594.2 612.5 628.1 644.4 661 677.3 694.2
522.3 529.7 540.5 549.1 555.1 557.8 558.1 555.1 548.7 540.6 531.3 520.5 510 500.4 491.8 482 471.1 459.4 446.2 433.5 421.6 415.5 405 393.5 366.9 377.2 389.6 406.4 424.2 442.3 462.5 484.2 510.1 539.5 565.3 586.6 598.9 612.2 622 626.7 622.9 610.2 591.1 570 543.5 521.7 503.9 489.6 475.4 461 447.6 432.1 416.7 401.9 392.4 380.9 377.4 372.3 376.1 379.8 390.8 406 421.1 435.8 452.6 468.7 484.7 501.2 522.6 544.9 565.4 581.8 598 614.6 630.2 646.9 664.4 681.9
531.4 537.6 546.8 556.3 561.9 561.9 561.6 561.3 555.4 548.6 538.8 528 516.7 507.2 496.7 486.7 475.3 462.6 448.8 436.3 423.3 416.6 411 394.8 367.1 378.3 393.5 409.4 426.1 442.4 461.8 483.4 507 535.2 560.5 582.7 596.6 607.7 620.5 627.7 626.4 618.4 600.3 578.2 554.4 530.1 512.2 496.5 482.1 466.9 453.5 440 424.4 409 396 384.8 379.1 374.6 378.1 380.8 387.7 405.1 419.2 432.1 450.2 466 481.4 498.3 516.3 534.7 552.2 567.9 584.2 601.3 616.3 631.6 648 666
539.8 544.1 554.4 562.4 565.3 565.7 569.2 570.3 565.7 557.4 547.2 534.7 523.4 512.8 502.2 491.2 479.1 466.2 452.6 439.2 426.8 417.8 413 395.8 372.8 382 394.2 411.5 427.6 442.6 461.4 483.2 503.9 530.2 556.6 576.3 592.6 604.5 616.3 624.8 626.7 624.3 610.9 588.8 565.5 540.7 520.1 503 488.4 473.1 459.1 445 431.5 416.9 402.4 390.6 382.6 377.2 380.9 384.5 391.5 403.6 416.7 429.8 447.7 463.6 477.9 492.2 509.2 523.4 538.7 551.5 568.5 584.4 600.2 615.4 634.9 657.5
544.4 550.1 560.3 566.8 569.2 575 579.9 580.9 575.6 566.9 555.6 541.9 529.4 518.3 507.1 495.1 482.4 469.8 457.2 443.7 431.3 421.2 416.1 402.4 384 376.3 393.7 410.3 427.7 443.1 460.6 481.5 500.8 524.6 550.3 568.7 586.8 600.8 613.7 623.1 629 631 624.2 602.1 577.2 549.4 527.3 509.7 495.3 479.8 464.7 450.6 436.9 422.4 408.5 395.1 384.1 378.7 381.8 386.5 393.7 403.2 413.9 427.4 443.3 458.9 475.2 490.8 508.6 523 540.5 558.5 577.6 595.1 613.1 631.6 650.1 670.1
548 556.1 564.1 570.8 575.7 583.5 591.3 591.1 586.5 578.1 563.7 548.6 536.4 523.8 512 499.1 486.5 474.3 461.5 448.1 436.5 426.8 416.8 402.6 393.8 383.1 394.5 409.9 426.1 442.6 461.3 480.4 498.5 518.9 541.9 563.4 581.5 596.9 610 620.8 629.9 635.8 635.1 616.8 589.3 559.2 535.1 516.9 501.9 485.8 470.4 456.7 442.9 429.5 414.4 400.4 388.3 381.2 382.1 386.6 393 404.1 416.5 428.8 444.6 461.5 476 491.9 506.5 522.6 540.1 557 576.6 597.3 616.8 636.5 657.1 676.7
553 562.1 568.7 576 585.8 595.1 603 602.9 597.8 589.4 572.5 555.6 541.5 529.6 516.7 503.4 491 478.5 465.6 451.1 438.7 429.9 418.8 405.8 398.5 382.7 394.7 407.7 423.2 441.4 459.7 477.7 496.4 514.1 536.3 555.6 574.1 590.6 604.2 617.7 629.5 638.5 641.2 631.4 602.2 572.2 546.3 523.8 508.8 493.1 478.6 464.2 449 435.6 420.9 406.1 392.5 384.3 382 386 392.3 403 416.7 427.9 442 458.6 476.3 488.7 503.7 519.5 536.6 556.1 576.3 597.1 618.8 640.7 661.5 680.8
559.3 567.9 574.4 582.6 593.9 606.8 613.6 614.3 608.6 599.1 581.8 564.3 547.4 535.2 521.1 507.5 495.1 482.6 469.6 455.5 441.5 432.3 423.3 408.7 401.7 386.9 396.3 407.7 420.6 439.8 456.8 474.7 492.3 508.4 528.8 547.5 565.8 584.1 599.7 615.2 628.4 637.7 640.9 638.3 616.3 585.7 558.1 534.6 515.3 500.8 486.5 471.3 456 441.6 427.5 411.7 396.7 387.3 383.6 386.1 392.5 401.8 414.9 426.8 440.5 458.7 474.1 488.4 502.6 518 536.1 555.7 576.2 597.7 622 644 664.3 683.5
564.9 572.6 579.6 590 602.3 615.1 624.3 625.5 622 612.6 592.6 571.9 554.9 541 526 512.4 499.5 486.4 473.2 459.3 446.4 436.7 429 412.7 406.7 397.3 394.8 406 419.8 436.6 455.2 471.1 488.2 504 522.9 541.2 558.4 576.7 594.9 611.7 626.7 635.5 639.5 639.6 633.7 604.6 573.9 542.9 523.5 508.4 493.3 478.6 462.5 447.7 432.4 415.8 398.9 388.2 384.2 387.1 392.7 402 415.4 426.8 439.5 457.1 472.6 487.5 502.7 518.4 535.3 554.7 573.9 597.5 623.5 646.7 667.5 687.4
569.5 577.1 585.6 597.3 612.1 624.6 634.5 638.3 634.4 624.9 604.2 581.1 563.2 546.6 530.8 517.8 504.8 491.3 477.8 465.3 451.4 441.5 430.1 417.1 410.3 398.7 394.4 403.6 416.7 433.3 450.8 466.8 483.5 500.8 518.2 535.5 552 569.6 589.1 608.9 623.2 631.6 636.7 641.8 641.5 624.7 590.8 558.8 533.7 515.1 499.8 484.8 469.1 453.5 438.3 421.9 405.9 389.3 386.1 388.6 392.6 402.7 413.3 425.1 437.7 455 472.3 488 503.5 519.4 536.2 555.5 575.4 599.5 625.4 648.5 671.9 693.8
574.3 583.1 593.9 608.1 620.7 632.1 643.8 649.4 646.3 636.9 615.4 590.6 570.7 552.5 536.1 523.4 509.9 495.7 482.6 469.2 458.1 446 432.3 421.8 412.2 405 394.4 401.9 413.4 430.9 446.4 464.2 479.6 496.1 513.4 529.2 546.7 563.8 584.2 604.5 617.9 626 634 643 646.9 635.5 610.3 574.8 545.3 522.4 506.6 491 474.9 459.1 443.6 425.4 412.1 391.6 386.5 390.8 394.5 399.4 408 424.7 438 455.6 471.9 487.6 504.1 520.9 538 558 579.9 605 631.2 654.5 678.8 701.4
578.7 591.2 603 619 630.5 639 649.3 657.2 656.4 648.3 627.7 598.4 578 559.7 543.1 528.8 515.1 501 488.7 475.7 461.6 449.2 435.4 424 414.7 409.5 399.7 401.4 413.2 426.9 442.3 460.8 476.5 491.8 508 523.6 541.3 559 579.6 600.5 613.2 621.4 631.4 643.3 648.8 645.4 622.7 589.5 557.9 530 512.1 496.5 480.9 465 447.7 429.1 412 392.9 394.9 398.4 395.4 398.9 411.2 424.3 439.1 455.4 471 487.7 504.7 522.1 541 562.9 588 611.6 637.9 662.9 686.6 708.6
583.1 596.6 609.8 625.6 637.9 646.2 655.5 663.4 665.2 659.4 641.6 607.7 584.9 567.3 549.5 534.8 521.4 507.3 494 480.6 468.3 454.5 441.1 428.3 416.9 412.6 409.1 402.7 409 421.5 438.3 456.2 471.9 487.6 504.1 519.5 534.8 553.6 574.5 596.5 610.5 619.8 630.8 642 651.2 653.2 632 601.3 568.8 539.4 518.4 502.5 486.7 469.5 453.9 436.3 419.5 398.5 391.6 392.7 395.9 399 408 422.1 437.7 453.1 470.2 487.2 505.3 525.2 544.7 568.5 596.9 621.8 648.7 673.1 695.3 714.9
587.3 600.6 615.2 628.3 640.8 651.4 660 667.5 670 668 654.1 617.8 591.9 573.4 554.8 539.5 526.3 513 498.5 486.5 473.3 460.1 450 435.1 426.2 418 412.8 408.8 406.9 419.2 434.5 451.7 467.2 483.6 499.9 515.5 530.6 548.1 568.7 592.1 607.9 618.8 631 643.1 653.8 656.9 642.4 610.9 574.8 546.9 524.6 506.1 490.5 474.7 459.4 442.3 422.8 405.8 394 393.3 393.4 399.9 404.2 416 435.4 450.7 467.1 486.8 506.1 525.9 547.7 573.8 606 634.2 661.1 684.7 704.6 723.3
592.2 605.6 617.3 630 642.9 654.3 663.5 671.8 674.9 672.8 660.2 628 599.6 578.8 560.9 544.6 530.5 518.3 505.2 493.6 481.5 469.3 454.4 442.6 431.9 420.6 416.1 413.9 405.4 416.2 429.9 446.7 463.4 479.6 495.5 511.5 527.3 542.6 563.9 587.5 605.8 619 629.4 641.9 655.3 658.5 647.2 619.7 584.6 555.3 527.4 509.5 493.9 480 465.1 448.3 425.9 409 398.6 394.9 395.4 396 401.1 412.9 432.4 447.3 464.8 484.4 505.4 527.3 550.7 577.8 610.9 644.9 673.8 697.6 714.6 730.7
594.4 607.8 618.5 629.5 642.4 654.9 665.6 675.1 681 678.3 665.6 637.7 607.6 585.2 567.4 550 535.5 523 511.1 499.9 486.1 471.3 457.2 447 435.9 427.4 420.6 417.3 411.6 415.7 425.9 441.7 459 476.9 493.2 508.5 523.2 539.3 559.9 583.9 604 618.3 628.9 641.5 655.7 659.4 654.2 626.9 597.7 564.1 535.3 514 499.3 484.1 468.8 453.2 431.5 413.7 401.9 396.5 396.9 396.9 400.2 411.7 430.1 445.3 462.8 482.3 505 526.7 552.8 579.5 615 652.5 684.2 706.7 723.8 737.7
591.4 603.9 615.1 626.4 638.6 651.5 662.8 673.4 679.5 679.9 675.5 653.9 622.5 598.5 576.4 558.3 540.9 526.4 516.4 505.4 493.2 477.9 464.7 453.6 443.6 432.4 425.3 418.7 413.2 418.5 426.1 438.9 455.6 474.6 490 505 520.6 535.9 556.4 580.3 598.9 615.5 629.2 642.1 654.2 658.5 657.5 638.6 603.4 574.2 546.1 520.4 503.6 487.8 472.6 456.6 439 420.7 407 398.7 398.3 398.2 399.1 408.7 425.6 441.9 459.7 479.6 501.7 524.2 550.5 581.2 622.5 658.6 688.7 711.1 728.1 741.1
583.7 595 608.1 620 631.6 645.1 659 669.1 675.1 678.8 679.1 668.1 641.2 611 582.7 565.7 548.2 529.4 518.1 509.1 497.2 481 464.8 452.4 441.5 433.6 427.2 423.8 416.6 424.4 427.4 439.1 453.5 471.1 487.8 502.6 517.7 533.8 553 575.1 595.5 611.6 626.8 639.5 650.4 658.3 659 645.2 614.2 582.1 555.1 528.2 507.5 492.1 476.9 463.5 448.9 429.9 413.5 402.3 400 400.1 400.1 407.2 424.2 439.4 454.8 474.3 496.6 521.1 545.8 576.1 619.2 646.4 670.5 702.6 726.2 741.3
574.9 586.9 597.9 610.7 624.6 638.7 652.8 663.2 670.5 675.7 678.8 672 655 626.4 593.5 570.3 552.6 534.2 522.2 512.9 500.2 484.7 467.6 456 448.2 439.8 431.3 429.2 422.5 424.6 429.4 438.3 449.8 467.2 484.9 500.8 514.6 530.3 548 568.8 590.2 607.9 622.8 636 645.9 654.3 659 650.3 624.4 590.9 563.5 537.1 514.2 497 482.1 469.2 456.2 437 417 405.8 401.8 401.6 402.3 405.2 419.1 433.7 452.7 470.2 489.3 513 537.3 566 595.7 618.8 646.5 677.2 709.5 734.3
