UK/data/hu/hu27_OST50GRID_20230518/HU27.asc
ncols 200
nrows 200
xllcorner 420000
yllcorner 1170000
cellsize 50
[rows 0 to 37 of 200, columns 84 to 167 of 200]
28 24.5 11.9 9.8 7.2 8.9 9.8 11.8 12.1 13.1 15.3 17.9 21.8 25.1 28.5 32.5 34.1 36 37 42.1 46.8 51.6 55.6 58.9 64.6 71.4 74.1 75.4 75.6 74 72.5 72.7 73.7 74.6 76.2 76.7 78.2 78.4 79.5 81 83.9 87 90.5 94.5 94.8 94 92.3 93.1 95.8 101.7 110.4 119.8 124.5 124.9 124.1 124.1 122.6 119.4 114.1 109.9 105.4 101.3 101.3 104.4 108.9 115.8 123.8 130.9 133.4 132.9 133.1 133.1 130.4 125.3 122.2 118.1 114.9 110.8 106.6 102.9 99.5 96 92.1 89.6
30.2 27.9 19.6 11.1 8.8 8.7 9.7 11.1 11.4 12.1 13.4 17.2 19.7 23.4 26.2 28.2 31.7 33.4 34.5 38.5 42.7 46.6 50.8 54 59.1 65 70.4 72.8 73.7 72.3 71.2 71.9 71.9 73.6 74.6 75.8 76.2 77.7 77.6 79.5 81.6 84 87.2 90.4 92 92.3 91 91.4 94.4 102.1 109.3 118.2 123.2 125.9 126.7 125.3 123.8 120 115.1 110.6 106.4 102.1 101.3 105.4 115.1 122.2 127.9 134.6 139.3 136.9 135 132.4 128.8 123.8 119.3 115.7 113.2 109.3 104.4 101.6 97.8 94.4 88.9 86.5
32.7 29.9 22.8 16.3 10.2 10.1 10 12 10.8 11.8 13.1 16.1 19 20.3 23.1 26 27.8 29.8 31 35 39.8 42.7 45.4 48.2 53.2 58 64.1 66.8 68.9 68.2 66.5 65.9 67.2 69.9 72.5 71.2 75.1 76.8 78 77.1 81.2 84.1 85.5 86.8 89 90.3 89.8 90.4 93.4 101.2 109 116.8 121.2 123.1 126.3 125.9 123 119 114.3 109.4 106.5 101 101.7 107.3 115.3 124.9 130.9 134.2 136.5 137 134.8 132.6 127.5 122 118.4 113.9 109.7 106.5 103.8 100.9 96.8 91.3 87.1 84.5
32.7 28.1 21.7 17.4 14 11.1 12.3 14.8 12.9 12.5 14.2 16.7 17.9 19 21.8 23.6 24.5 27.1 27.5 29.8 33.5 37.3 40.4 42.3 46.4 52 56.4 59.4 61.7 61.9 60.4 66 70.3 73.9 74.9 75.3 75.5 75.5 76.1 77.9 80.1 83.8 86.5 88.3 89.4 92.1 91.6 91.4 93.7 99.6 107.3 115.9 118.8 121.5 124.1 126.2 122.7 117.2 112.8 107.4 103.8 100.4 103.9 108.3 116.4 123.1 131 133.6 135.3 134.2 132.3 129.1 125.5 121.5 116.6 113 109.3 105.1 103.5 100.5 95 90.2 84 82.4
32.8 28.7 22.5 19.9 17.4 13.8 13.3 16 14.1 14 15.5 16 17.4 18.9 20.3 21.6 22.1 23.3 25.2 26.8 28.7 33 36.9 38.9 42.2 45.2 49.2 52.6 55.3 55.5 60.2 65.2 68.8 71.8 75.1 76.8 75.9 75.5 76.5 78.2 80 83.8 88 91.6 94.4 94.3 93.2 92.5 94 99.7 105.1 111.9 116.1 118.5 120.3 123 120.4 114.8 109.9 104.5 100.9 101.2 104.4 109.8 116.2 122.3 126.8 129.2 131.2 129.5 126 123.5 120.8 119 115.6 111.3 107.4 103.3 100.2 97.7 92.4 86.9 83.4 79.7
31.4 27.6 22.7 21.8 20.9 17 15.2 16 17.7 15.9 15.8 18.3 17.7 19 20.5 21.1 22.8 23.3 24.5 28.3 32.5 32.2 32.2 37 39.6 41.4 44.5 47.6 48.6 55.5 58.9 63.5 67 70.4 74.2 76.1 76.8 76.7 76.5 77.9 79.1 84.1 88.1 91.7 98.3 99.7 98.8 95.7 93.7 98.7 104.7 110.7 113.5 114.2 116.3 118.6 116.3 111.9 108.1 102.6 98.4 100.7 104.4 105.1 110.2 115.2 121.2 124 124.9 123.1 119 118.1 116.6 117 112.8 110.4 107.1 101.9 98.2 93.8 88.9 85.4 80.4 77.6
30.8 29.6 24.9 22.1 20.3 19.3 18.3 17.1 17.8 19.2 17.2 16.9 18.3 18.9 19.4 20.6 21.4 23.8 28 30.6 33.6 38.4 40.3 37.1 35.9 41.9 44.9 47.2 50.9 54.4 59.8 63.1 66.9 68.5 72.6 74.8 75.5 76.8 77 78.3 80.3 82.1 86.8 92.2 97.9 102.6 101.9 99.6 97.7 98.8 103.2 108.1 108.6 109.1 112.3 113.9 113.1 110.5 105.4 101 98.4 99.6 102.8 103.7 105.2 108.5 116.7 117.9 117.6 114.6 113.7 112.8 112.5 112.1 110.6 107.5 104.4 100.5 95.1 91.1 87 81.8 77.3 75
31.7 31.7 28 21.6 21.8 21.6 21.8 20.2 19.8 20 21.6 17 17.5 17.8 17.4 19.2 20.4 25.2 31.1 34.1 38.2 41.6 46.9 44.8 41.7 41.3 46.7 48.4 51 53.5 58.1 63.9 69.1 71.3 73.5 76.5 76 76.1 76.3 77.6 82.1 85.3 87.7 92 99.7 105.4 107 104.5 101 100.2 102 104 105.5 107 110.5 113.1 111.9 109.5 105.1 99.9 98.4 98.4 101.6 101.5 101.9 103.7 109.9 109.3 109.8 107.7 108.2 109.3 107.6 106.6 106.5 105.5 102.1 98.9 93.2 89 85.3 79.5 75.8 72.5
33.6 33.7 27.7 23.5 22.5 23.7 25.3 25.3 20.4 20 22.2 20.5 16.5 16.9 16.8 17.1 19.6 25.7 32.7 39.2 44.6 46.5 48.2 49.6 48 45.5 44.7 49.5 51.4 54.1 58.5 64.2 69.3 73.5 74.9 77 76.5 76.4 76.5 76.8 82 88.9 94 97.4 100.7 107.6 110.5 108.7 105.3 102.8 102.8 104.7 105 107.1 109.9 112.9 112.3 107.4 104.6 100.7 98.4 98.4 98.4 99.3 100.5 101.6 100.7 101.1 100.9 100.3 104.3 105.2 103 103.7 102.6 101.9 100.1 96.8 91 87.4 83 78.4 73.8 71.4
33.8 31.8 25.2 22.5 22.5 25.4 27 26.1 25.3 21.4 21.4 20.2 16 15.6 16.2 16.5 21.1 27.4 35 43.9 49.8 55.2 55.3 55.9 55.3 52.6 52 51.4 52.9 55.6 60.3 64.6 69.4 75.2 78.2 78.7 79.5 78.7 77.8 78.7 82.7 89.4 97.6 103.9 107.1 107.9 111.4 111.2 109.7 104.5 104.6 104.5 109.3 112 114 114.3 114.2 107.5 103.1 102.1 101.9 100.8 98.4 98.4 101.3 102 99.2 95.5 95.3 94.5 97.3 98.1 100.1 100.8 100.1 99.5 97.3 93.3 88.9 84.7 80.3 75.9 71.9 69.6
34.2 30.9 23.6 22.6 22.5 24.9 27.6 27.5 26.5 24.6 21 20.1 15.8 14.6 13.3 20.3 24.5 30.5 39.2 47 56.2 62.7 64.2 62.7 63 58.9 56.6 55.6 55.3 57.9 61.5 65.2 70.5 75 80.2 81.4 83.5 83.7 81.4 81.7 86 91.5 98 107.5 116.3 114.5 112 113.1 111.9 109.3 107 106.1 110.9 116.8 120.5 118.8 117.1 109.4 105.2 105.9 107.3 103.6 98.4 99.3 98.6 98 97.6 94.1 91.4 90.7 91.6 91.9 94.7 96.6 98.2 98.6 96.8 92.4 87.3 82.9 78.3 74 71.1 67.5
35.1 29.8 24.9 23.4 22.5 23.1 26.5 27.8 26.5 25.1 23.8 17.8 14.4 13.3 14.9 21 28.8 34.4 42.2 50.3 60.7 68.6 70.8 66.6 66.4 63.7 60.1 58.2 58 59.9 62.1 66.4 71 75.8 80.6 83 84.7 84.3 84.4 84.1 88 94.7 100 106.9 113.9 117 116.5 114.2 115.5 113.5 108.3 108.3 112 118.4 123.6 123.7 119.1 112.2 107.2 107.3 106.5 103.3 99.7 100.5 100.9 98 92.9 89 89 87.7 89.6 91.3 91.7 94.9 96.9 98.4 95.8 90.8 86.3 81.7 77.7 73.4 69.4 65.7
33.1 30.2 25.9 24.1 23.1 22.6 26.3 28.3 28.2 26.8 24.3 13.4 12.3 11.6 13.6 19.9 30.2 39 45.6 54.7 63.8 71.6 73.3 70.8 66.8 63.9 62.1 61.6 61.4 62.2 63.7 67.2 71.3 76.4 80.7 84.2 85.8 86.1 87.1 86.5 90.1 97.3 104 109.2 114.9 117.7 118.1 116.8 114.8 115.7 112.3 111.9 114.4 120.3 123.2 123.2 120.4 114.6 109.7 106.4 106.6 102.2 99.9 99.8 99.5 98.7 94.7 90.7 83 83.4 87.5 90.9 94 97.8 99.9 98.7 94 89.8 84.7 80.7 76.6 72.5 68 64.2
30.5 28.5 28.5 26.3 25.9 25.5 27.1 28 28.1 25.9 22.7 10.8 10.2 11.6 13.2 19.2 31.1 41 50.3 59.3 66.1 71.9 73.4 71.8 67.2 64 62.5 62.5 63.9 65.5 66.5 68.3 70.1 75.9 80.8 84 87.6 87.4 87.8 88.4 90.5 97.7 105.3 113.7 116.1 119.5 118.7 117.5 116.5 117.1 116.5 115.9 118.5 122 125.3 126.4 123.3 117.3 111.7 106.9 106.4 103 100.4 99.6 97.5 95.3 92.8 90.1 84.3 78.9 82.3 87.9 93 98.3 100.6 99 92.7 88.1 83 77.7 73.4 69.6 65.8 60.7
29.4 30.1 31 28.2 27.4 26 26.2 26.4 27.1 22.6 16 10.9 10.4 12.3 14.2 20.3 30.3 42.5 54 62.8 68.4 73.2 73.8 71.3 67.4 64 62 61.1 62.6 66.1 69.2 70.8 72.1 74.9 79.4 83.9 86.9 87.6 89.8 90.1 91.2 97.5 103.2 110.3 115.6 117.9 119.9 120.4 117 120.3 121.1 122.5 122.3 127.5 129.3 131.3 126.3 119.4 114.3 107.5 106.1 102.6 101.5 99 96.6 92.7 90.5 88 85.2 77.5 79.6 84.8 89 96.9 101.4 96.7 88.7 85.3 81.4 76.1 70.3 65.8 62.1 57.7
30.4 30.8 32.2 29.2 27.9 26.9 24.9 23.3 24.5 20.1 12.9 8.8 10.2 14.2 18.3 23.2 30.3 42 55.3 64.9 70.7 73.9 74.3 70.8 67.2 62.9 60.6 59.3 60.2 64.2 68.6 72.9 75.9 77.9 79.6 81.8 84.6 86.4 89 89.9 92.5 96.3 102.7 107.9 112.7 116.2 117.9 121.3 119.2 119.9 122.2 124.3 127.1 130.4 134.6 132.1 126.2 120.3 113.6 107.4 103.5 101.6 98.5 95.4 92.2 91.3 89.6 84.2 80.6 76.4 76.3 81.3 85.6 90.4 93.3 87.2 84.2 82 79.4 74.3 69 62.2 58.4 55
32.6 32.1 32.3 30.3 28.1 26.7 23.7 20.9 19.1 14.8 8.7 8.2 10.2 17.6 22.8 26.9 32.5 39.9 53.3 64 70.4 73.8 73.5 69.1 64.7 61 57.8 56.4 57 61 66.1 71.7 77.1 81.1 82.1 83.5 84.7 85.9 87.3 89.7 93.6 98.8 104 108.5 111.6 113.5 114.8 117.1 119.1 118.1 121.5 125.3 129.9 131.2 133.3 129.4 123.2 117.2 111.5 106.1 101.4 97.6 95.3 93.1 90.8 89.3 87.5 84 78.4 73.8 74.1 77.1 81.7 81.9 83.1 80.7 79.2 78.3 76.9 72.9 66.7 61.3 56.7 52.1
33.1 34 34 32.1 29.1 26.6 23.9 20.4 17 8.5 7.8 8.6 10.5 16.9 24.8 31.6 36.9 41.2 50.7 62 67.7 70.4 70.6 67.1 62 58.7 55.2 55.1 55.1 58.4 63.5 70.6 75.4 82.8 87.5 89 88.3 87.1 89.2 93.7 97.5 103.3 107.7 111.5 112.2 113.1 114.7 116.3 120 117.5 120 124.5 127.7 128.1 128.3 125 119 114.1 108.5 104.2 98.2 94.7 93.9 92.5 89.6 87.4 85.8 82.4 76.5 71.5 70.5 73 73.8 72.9 73.7 75 77.1 77 74.1 68.7 63.4 59.7 53.7 49.2
33.8 34.5 34 32.2 27.8 23.9 21.1 15 9 6 7.8 9.3 11.9 15.9 24.8 34.4 41.3 45.5 51.4 59.5 64.2 66.1 65.9 62.8 59 54.6 52.9 53.6 54.2 57.4 62.2 68.2 74.6 80.8 88 92 92.6 92.9 93.6 99 104.2 107.6 111.2 114.8 114.7 114.5 115.9 115.9 116.3 115.9 116.5 121.4 123.7 123.6 122.8 119.9 116 111 106.6 103.1 98.1 91.9 90.2 91.2 92.2 89.6 85.2 82.7 75.7 71.3 69.4 67.1 65.8 66.5 68.6 73.2 74.2 72 68.4 63 59 56.7 52.7 46.6
33.1 32.4 30.9 30.5 27.7 22.4 16.7 11 8.6 6.4 8.3 10.4 13.9 17.3 22.2 32.7 43.4 48.9 51.3 56.1 60 60.9 59.4 57.3 55 52.7 51.1 52.5 53.7 56.5 60.9 66.4 72.7 78.5 84.8 90.1 93.9 95.2 98.1 102.6 108.6 114.8 114.4 117.2 117.4 116.6 115.2 116.5 115.8 112.8 113.5 116.5 118.7 119.1 117.5 114.3 111.8 108.5 106.2 103.5 96 90.1 86.8 86.2 88.5 90.4 83.7 81.7 75.7 71.1 68.3 64.9 61.1 62.4 63.3 66.3 66.2 65.7 61.7 58.5 55.1 54.7 51.3 43
31.8 30.2 28.9 28.3 27.5 21.5 14.3 8.8 5.4 7.7 9.3 12.5 15.8 19.2 22.6 27.7 38.1 48.3 48.4 50.4 54.3 54.1 51.6 50 49.7 49.7 49.2 52 52.9 55.8 59.9 65.8 70.3 76.3 82.6 90.2 96.9 100.2 101.6 106.6 112 115.8 117.3 118.4 119.4 119.4 115 115.7 114.3 111.9 110.8 114.4 115.6 115.7 112.4 110.5 109.7 107.1 104.2 100.9 94.6 87.7 85.2 84.3 83.6 83.3 80.3 77.6 73 70.1 68.3 66.9 61.7 56.2 57.9 58.5 60.6 58.7 57.1 53.7 51.4 51.3 47.3 39.8
31.1 29.3 26.5 25.3 25.2 19.2 11.4 7.1 5.6 7.9 9.6 13.6 16.8 20.3 24.1 27.2 31.2 36.9 39.6 41.4 45.5 45.1 45.5 46.5 46.3 46.9 46.9 49.5 52.9 55.9 58.6 64 68.4 73.4 80.4 88.5 97.2 103.2 105.6 107.5 115.6 120 118.3 119.8 121.1 119.2 115 114.9 112.4 108 108.6 110.3 113.8 115.1 109.5 109.8 109.6 107.5 102.4 97.6 92.5 85.9 82.7 81.6 81.6 78 75.2 72.6 70.2 69.7 70.3 67.7 62.9 58.1 51.2 53 54.5 54.1 54.5 49.4 46.5 45.4 41.6 34.3
31.9 29.7 25.8 23.5 21.9 16.1 7.3 3.6 5.4 7.3 9.6 13.7 17.7 20.6 23.5 25.7 27.4 29.1 32.1 32.8 36.5 39.4 41.5 43 43.9 45.1 45.9 46.2 50.1 52.9 57.6 62.3 66.6 71.3 78.1 86.9 95 100.8 105.7 109.1 117.5 122.4 118.6 118.8 121 118.2 113.6 111.6 108.4 106 107.1 107.3 107.9 109.8 108.5 109.2 109.8 105.8 100 95.8 90.6 83.5 80.8 79.2 78.7 75.8 72.6 68 66.8 66.6 68 68.5 62.6 57.7 53.4 48.7 49.3 49.5 49.6 44.3 41.9 38.3 33.6 30.5
30.5 29.9 26.6 22.6 19.5 16.3 5.4 5.4 2.9 6.7 9.3 12.5 17.9 20.5 20.7 21.7 21.7 21.1 29.4 35.1 37.3 32.8 37.1 40.4 42.4 43.6 45.7 45.7 47.9 51.5 56.1 60.9 66.6 71.8 77.6 84.1 92.7 98.4 103.2 107.6 115.3 117.4 115.3 116.1 117.4 117 113 106.5 105 105.7 107.2 106.2 107 105.5 108.2 108.4 106.6 103.1 96.6 91.5 87.4 82.1 77.8 77.7 75.9 73.8 70.1 64.3 63.4 63.5 64.7 63.6 61.5 55.2 51.1 47.9 43.4 45.3 43.5 38.7 36 31.2 26.5 24.3
28.3 27 25.4 21.7 16.4 11 5.9 5.4 5.4 5.6 8.4 12.4 17 20.5 17.5 14.3 19.6 28.3 34.8 37.7 40.1 40.2 39 36.7 41.6 42.7 44.2 45.1 47.7 50.3 54 59.7 65 69.8 76.1 82.7 88.7 94.5 99.3 104.7 109.8 113.4 114.5 115.2 115.6 115.6 112.7 103.9 101.4 102.4 105.7 105.8 102.7 101 102.1 103.2 101.4 100.1 93.5 89.2 84.8 83 75.9 75.8 75 70.5 66.8 61.4 61 61 60.3 59.6 55.2 51.3 47.9 45.3 41.5 41.3 37.3 32.4 29.3 25.6 21.4 18.9
26.3 25 22.5 19.1 12.9 8.6 5.9 5.4 5.4 5.4 6.3 10.5 14.1 15.6 10.8 13.2 18.9 24.6 31.3 37.5 42.1 42.8 42 41.4 39.5 42.6 42.9 44.5 46.8 49.3 51.5 56.9 61.8 66.7 72.7 77.9 84.6 90.5 97.1 102.5 105.4 109.2 112.7 115.1 112.5 110.6 105.3 99.7 96.4 94.9 96.1 97.3 94.7 96.8 97.5 97.4 96.1 93.5 90.2 85.9 80.7 77.9 74.8 73 70.9 68.4 63.1 58.7 57.4 57.2 56.2 55.1 51.3 48 44.1 41.1 37.2 35 32.7 27.6 24.7 19.5 17.3 16.4
25.9 24.5 20.2 17.8 13.4 8.6 6 5.4 5.1 5.4 4 8.2 10.4 11.8 9.8 14.4 18.8 24.2 28.7 35.1 41.3 44.2 44.6 43.8 43.2 43.4 43.2 43.1 45.1 48.3 50.4 53.9 58 64.4 71.2 75.9 82.2 89.2 94.9 98.7 102.7 107 113.2 114.3 111 104.8 99.2 94.9 90.6 86.5 86.8 87.2 88.5 90.8 92.2 91.6 91.4 87.8 83.9 80.9 76.9 74.2 73.8 70.2 68.8 67.1 63 59.1 56 54.7 52.7 51.3 47.8 44.3 40.6 37.6 34.4 25 25.4 23.5 21.3 15.8 14.6 14.6
26 24.1 20 15.4 10.8 8.9 6.6 -0.9 0.9 0.9 1.5 1.9 4.5 5.3 11.8 14.6 18.6 22.7 27.4 32.8 38.1 44.4 46.5 46.8 45.7 45.8 45.9 45.7 45.5 47.6 52.2 54.8 58.5 62.8 69.5 76.1 82.2 89.5 94.8 99.5 105.2 110.4 114 113.7 107.8 100.5 95.3 93.9 91.2 85.1 81.2 81.8 83.1 84.8 85.1 85.6 84.6 83.6 79.9 76.3 74.9 72.4 72 69.8 68.2 65.6 62.8 58.9 56.1 54.5 52.4 48.1 45.4 42.1 38.2 35.1 30.7 25.1 17.4 18.1 16.5 13.9 13 15.8
25.8 22.7 18 11.5 7.3 -0.9 -0.9 -0.9 -0.9 -0.9 -0.9 -0.9 -0.9 2.9 10.2 14.1 18 21.8 25.9 31.4 35.2 41.9 47.7 48.8 50.2 48 48.3 48.7 48.7 48.8 52.4 57.3 59.6 62.5 68.8 74.7 79.5 86 93.6 99.3 108 115.2 116.9 113.8 104.4 98 94.8 92.3 90.5 86 77.4 76.2 78.6 79.5 79.5 79.1 78.8 80.5 75.2 72 68.8 68 68.7 70 69.1 66.9 64.7 61.1 57.5 55.8 51.8 47.8 42.2 36.6 34.2 30 25.1 20.9 16.5 13.8 12.9 13.2 11.6 14.1
25.7 20.1 15.7 -0.9 -0.9 -0.9 -0.9 -0.9 -0.9 -0.9 -0.9 -0.9 -0.9 -0.9 8.1 13 16.3 21.4 25.8 30.3 34.5 39.5 45.6 50.2 50.8 50.3 50 50.9 52.5 52.7 53.7 57.5 62.5 66.4 69.4 73.5 78.4 84.7 93.1 100.7 108.3 116.5 117.4 111.1 100 94.1 92.3 90.5 87.9 82.7 74.3 68.2 70.6 72.6 69.3 68.8 69.2 71.6 68.4 67.2 64.7 65.3 67.6 70.9 71.4 70.2 67.2 64.1 59.7 55 51.1 46.7 41.6 35.6 24.7 24.9 20.2 16 13.5 11.8 11.6 10.9 10.6 11.5
26.5 19.6 12.9 -0.9 -0.9 -0.9 -0.9 -0.9 -0.9 -0.9 -0.9 -0.9 -0.9 -0.9 -0.9 10.9 15.1 20 23.9 28.6 34.2 37.6 43.8 50.1 53.6 52.9 51.5 53.9 55.1 57.1 57.2 59.1 63 70 73.6 79.1 82.6 88 95.6 103.9 111.3 113.6 112.5 103.8 96 91.6 89.9 87.8 84.7 80.3 70.7 65.1 62.5 64 63.3 62.7 62.3 62.7 61.2 61 63 66 69.9 72.3 73.2 71.6 68.9 65.5 60.7 54.5 50.3 45.3 38.9 33.1 26.7 21.6 15.9 13.8 11.8 10.1 9.2 9.3 10.1 10.3
28 22 -0.9 -0.9 -0.9 -0.9 -0.9 -0.9 -0.9 -0.9 -0.9 -0.9 -0.9 -0.9 -0.9 10.5 13.9 18.5 23.6 28.4 34.5 38.5 43 46.9 52.8 56.4 54 54.6 58 60.9 62.7 62.5 64.7 69.7 75.1 83.2 90.7 95.2 100.4 106.8 112.7 110.2 102.9 96.1 91.7 89.4 89.5 87.8 83.8 79 68.3 60.2 56.7 56.8 57.2 57.5 56.2 56.2 55.1 57.5 61.9 66.5 70.9 73.3 74.2 73.2 68.3 64.1 59.6 53.1 47.9 42 34.7 27.5 22.4 18.1 13.8 11.8 9.3 8.4 8.2 8.2 9 9.4
27.6 -0.9 -0.9 -0.9 -0.9 -0.9 -0.9 -0.9 -0.9 -0.9 -0.9 -0.9 -0.9 -0.9 -0.9 -0.9 13.7 17.7 23.1 26.4 33.1 39.3 43.6 45.8 50.7 54.5 56.4 55.6 58.4 63.2 64.1 64.8 68.7 74.7 79.8 85.4 93.3 98.9 102.8 107.1 110 97.8 93.5 91.5 90.6 88.4 87.7 85.8 82.7 77 68.8 62.2 54.3 53.1 51.8 51.6 51.4 51.8 53.7 55.8 59.7 64.9 69.3 72 72.9 72.4 65.6 60.5 56.3 51.3 45.4 38.1 28.5 22.1 17.7 14.3 11 9.5 8.1 7.4 7 7.6 8.6 10.9
24.4 -0.9 -0.9 -0.9 -0.9 -0.9 -0.9 -0.9 -0.9 -0.9 -0.9 -0.9 -0.9 -0.9 -0.9 -0.9 -0.9 18.2 20.7 24.3 32.7 38.8 44.6 47.4 50.5 54.5 56.7 57.2 59.1 62.6 64.1 66.9 71.9 78.6 86.5 89.6 92.7 96.3 96.5 97.9 89.6 86.1 88.2 89.5 88.4 87.6 86.2 83.6 80.4 75.1 67.1 61.1 56.5 51.4 50.3 48.8 48.8 49.6 51.1 53.8 57.2 62.1 66.5 69.2 71 69.1 62.4 58.3 54 48.3 41.1 32.5 21.2 17.6 12.9 11.6 8 6.6 6.7 6.8 7.8 8.9 8.7 11
-0.9 -0.9 -0.9 -0.9 -0.9 -0.9 -0.9 -0.9 -0.9 -0.9 -0.9 -0.9 -0.9 -0.9 -0.9 -0.9 -0.9 19.8 21.7 23.5 30.7 38.3 44.5 50.9 54.1 54.3 58 58.6 60 63.6 68.2 72.4 77 82.6 90.4 95.6 96.2 93.6 89.1 84.4 83.9 85.1 89.2 90.7 90.3 88.3 85.3 82.1 78.1 74.6 67.7 55 51 48.7 48.7 48.2 47.8 48.6 50.1 53.7 57 60.2 63.3 65.3 65.6 63.8 57.9 53.8 50.8 43.3 35.6 21.9 15.1 11 9.1 6.9 5.6 5.7 5.9 6.4 8.4 9.8 11.1 12.2
-0.9 -0.9 -0.9 -0.9 -0.9 -0.9 -0.9 -0.9 -0.9 -0.9 -0.9 -0.9 -0.9 -0.9 -0.9 -0.9 -0.9 17.1 21.2 22.5 28.2 36.2 44.9 52.6 57.7 59.2 58.6 60.3 62 65.7 72.5 79.4 83.7 89 96.5 100.8 98.9 91.6 81.2 80 81.7 85.6 89.6 92.5 93.1 91 86.7 81.4 76.5 65.1 63.1 52.7 48.4 46.9 46.2 45.4 45.4 46.8 49.9 53.3 56.9 60.3 60.3 60.6 60.5 58.6 53 49.2 44.8 36.3 23.3 12.8 12 8.2 5.8 5.3 4.7 5.1 5.9 6.3 7.4 9.6 11.8 13.8
-0.9 -0.9 -0.9 -0.9 -0.9 -0.9 -0.9 -0.9 -0.9 -0.9 -0.9 -0.9 -0.9 -0.9 -0.9 -0.9 -0.9 -0.9 -0.9 19.1 27.3 36.2 45.6 53.7 62.5 64.5 62.8 61 61.6 64.6 75.5 85 94.5 96.8 97.5 101 99.4 88.4 78.8 77.5 79.5 84 88 92.3 94.2 93.6 87.9 80.2 72.6 62.3 57.2 51.8 48.2 46.7 45.1 43.9 43.5 44.9 45.5 49.8 54.2 58.3 59.6 57.8 56.3 52 46.1 40.4 32.3 19.3 11.3 7.4 5.7 4.3 4.6 5.1 4.9 5.2 6.2 7.7 9.3 9.2 10.5 11.9
-0.9 -0.9 -0.9 -0.9 -0.9 -0.9 -0.9 -0.9 -0.9 -0.9 -0.9 -0.9 -0.9 -0.9 -0.9 -0.9 -0.9 -0.9 -0.9 -0.9 23 33.3 44.6 56.5 64.3 68.7 69.1 65.4 64.3 66.2 73.3 86.5 97.7 103.1 99.6 99 94 83.5 76.8 75.3 78.3 81.4 85.5 90 91.2 90.2 85.9 77.5 68.3 61.3 56 50.1 48.2 46.1 44.6 43.5 43.5 43.5 43.5 45 46.2 49.8 52.9 52 49.8 44.2 38.9 31.1 15.9 6.9 5.1 3.5 3.9 4.4 4.7 5 4.9 5.6 7.8 10.4 12.1 13.5 13.7 13.8
