UK/data/sn/sn87_OST50GRID_20230518/SN87.asc
ncols 200
nrows 200
xllcorner 280000
yllcorner 270000
cellsize 50
[rows 0 to 34 of 200, columns 78 to 155 of 200]
481 491.4 504.1 511.3 516.8 522.1 527.3 534.9 542.5 549.7 558.7 560.3 561.5 560 558.4 556.3 553.9 550.9 547.9 544.3 538.1 531.6 515.5 512.9 509 517.8 526.7 529.9 528.1 520.6 503.6 486.7 470.2 461.7 462 476.7 486.4 493.8 490.8 481.2 457 437.6 438.1 447.1 451.7 451.5 448 448.5 447.2 452.3 454.7 456.7 458 460.4 463.4 460.9 456.6 452.3 444.7 432.4 424.6 421.4 418.2 419.2 415.8 413.4 409.6 414.1 414.3 412.6 405 397.6 392.7 389.5 385.1 375.8 368.4 377.2
488.6 499.5 508 515.3 522.7 527.9 531.4 538.6 545.6 554.1 559.3 559.2 558.6 556.8 554.8 552.8 550.6 547.8 544.9 541.9 537.4 531.6 516.5 515.1 519.9 527.1 529.5 528.6 525.9 516.7 499.4 484.5 478.4 478.6 483.3 493.2 498.7 499.5 495.8 487 464.5 444.6 458.9 470.9 478.1 478.2 472.6 466.3 464.4 469.5 478.3 479.9 478.2 476.8 474.1 469.2 464.5 459.4 449.1 437 433.9 432.8 432.6 433.9 434.5 431 426.9 426.5 426 423.8 414.9 409.7 405.3 403.3 399 391 388.9 394.7
486 500 509 516.1 524.1 528.8 534.6 540.4 548.2 555.1 557.1 556.2 554.5 552.5 550.3 548.4 546.9 544.3 541.9 538.8 533.6 525.6 518.9 522.1 526.2 528.5 528.4 525.6 521 510.2 502.5 500 496.6 494 502.9 509.1 509.4 505.2 498.1 489.2 469.8 464.7 480.6 492 497.6 491.8 481.2 475 476.5 487 492.1 492.4 489.7 486.5 481 474.5 469.2 464.6 453.7 445.9 446 446.9 447.9 449.6 448.2 444.5 436 437.1 437.3 434.8 430 425.8 424.1 422.2 417.2 409.4 405.4 410
480.6 492.5 503.7 510.7 521.3 527.4 534.8 540.4 547.2 550.7 552.5 551.7 549.8 548 546.9 545.2 542.3 540 539 535.8 528.8 522 521.1 523.1 524.4 525.9 525.8 522 516.7 510.5 516.1 517.4 516.9 516.6 518.9 519.5 515.2 509.1 503.4 493.4 475 483.1 494.4 504.2 505.7 494.7 487.2 483.4 488.8 495.6 499.4 500.4 496.8 491.8 486.4 481.4 477.3 470.4 458.7 457.2 459 459.2 461.8 462.6 459 449.4 445.7 448.2 449.3 447.8 443.5 441.9 439.7 435.8 431.6 426.9 422 422.1
475.6 483.4 496.1 504.7 514.9 524.2 532.9 537.2 540.6 544.8 546.5 546.2 545.3 543.2 541.2 539.3 538.6 537.4 535.3 530 524.7 521.7 521.1 520.2 521.1 521 518.1 516.8 517.2 520.3 526.4 527.4 527.5 527.2 525.3 521.5 516.7 511.8 506.5 498.3 491.3 500.3 508.6 512.1 510.2 503.3 494.8 492.8 495.9 500.7 503.8 505.4 501.1 495.1 490.6 487.1 483.3 478.1 469.4 468.4 469.1 470 471.1 468.5 461.9 456.7 457.3 457.8 458.5 457 454.3 451.3 447.7 444.5 440.3 435.4 430.6 428.9
467.6 475.2 485.1 496.1 503.5 515.6 526.4 531.3 533.3 537.4 538.7 538.7 537.4 536 536.5 537 535.9 533.3 528.3 525 520.9 518.3 516 515.4 515.9 515.8 513.8 514.9 518.4 525.5 530.4 531.7 531.1 528.8 525.9 521.4 515.7 509.9 506.3 502.3 503.5 512.2 520.7 520.7 517.2 510.1 503.4 501.7 502.2 503.2 504.8 505.3 501.6 496.1 492.1 490.8 488.5 484.3 480.1 476.4 476.2 476.9 474.4 469.9 466.7 465.7 465.7 463.4 464 463.4 460.5 456.5 451.2 445.2 439.9 435.1 431.6 431.1
464.9 469.4 476.9 485.4 496.2 505.2 517.3 522.9 524.9 527.7 529.8 529 529.3 530.1 532.8 534.7 531.9 527.3 525.1 520.6 516.6 513.9 511.9 510.8 511.4 511.8 512.8 514.9 519.4 525.3 530.3 531.1 530.1 527.3 524.2 519.5 514.2 509.6 506.6 506.9 514.1 521.8 526.4 524.2 521.5 514.1 506.9 505.4 507.2 504.2 503.2 502 499.6 496.7 494.4 493.6 491.2 489 485.7 481 481.6 480.6 477.3 473.9 469.9 466.5 465 464.5 463.9 461.8 458.2 452.5 447.2 441.2 434.3 429.8 427.8 428.4
463.1 466.4 471.5 478 486.9 498.9 505.1 514.2 517.5 518.9 520.9 521.4 524.1 527 530.9 532.6 528.4 526.3 523.1 517.4 513 509.9 508.6 508.2 509.1 509.6 511 515.7 518.9 524.7 529.3 530.4 530 526.9 523.5 518.9 514.8 511 510.5 512.6 522.7 527 527.1 524.7 521.5 516.4 508.6 508.7 507.9 504.3 502.4 500 498 496.7 495.6 495 494.5 491.9 488.1 485.9 484.4 481 477.2 472.6 466.3 463.3 461.6 459.9 458.4 455.7 450.7 445.4 440.1 433.4 425.2 420 418.4 420.4
460.3 463.3 466.7 471.7 480 489 496.9 504.5 507.9 511.6 513.4 515.3 520.8 527 532 533.5 528.5 524.7 523.5 517.2 511.5 507.2 504.9 506.1 507.1 508.1 510.2 514.8 518.2 523.9 528.5 530.7 530.1 527.7 524.5 520.5 516.2 513.8 515.3 520 523.9 526.8 525.4 522.9 519.4 512.9 509.7 508.6 506.8 503.7 501 498.3 496.2 494.7 493.4 493.7 494.5 491.9 489.8 486.2 483.4 479.8 474.3 465.9 460.9 457.5 454.6 451.9 450 445.7 440.5 436.4 429.6 420.8 411.7 406.9 405.7 407.5
457.8 460.1 463 467.6 474.7 486.6 494.6 500.1 502.5 505.4 509.9 514 522.7 529 532.6 533.8 530.7 525 522.4 517.1 510.6 506.5 503.3 503.8 505.1 507.1 509.8 513.2 518 523.5 527.9 530 530.2 528.7 524.8 520.7 516.9 517.2 520.8 526.7 527.4 525.5 523.3 521.2 517 510 508.1 507 505.6 502.6 499.3 495.7 492.2 490.9 490.9 491.3 492.5 490.6 488.2 487.3 480.6 475.9 468.6 458.4 454.7 450.9 445.3 441.5 436.5 431.4 427.4 422.4 415.8 407.4 399.7 391.6 390.6 391.4
451.7 455.8 460.5 464.8 472.3 484.3 493.4 499.7 499.4 503.7 507.2 516.5 524.2 529.6 532.5 532.7 529.3 524.3 520.5 515.8 509.4 505 502.9 501.3 503.2 506.5 508.5 511.5 517.5 523.8 528.3 530.6 530.7 527.7 523.4 520.2 518.9 521.3 525.4 528.5 527.4 524.6 522.2 519.1 513.5 506.7 505.4 504.6 502.6 499.4 496.2 491.5 489.6 489.4 488.3 488.3 488.7 487.5 487.4 481.9 475.2 467.7 457.4 449.4 445.1 439.8 433 427.9 424.3 420.6 414.6 408.5 400.8 392 384.7 377.3 375.6 375
445.2 451.3 457.7 462.1 469.8 480.3 488.8 494.9 496.6 501.3 509.5 517.3 525 529 531.3 531.7 529.5 521.2 516.7 514.3 508.3 502.4 500 499.7 502.6 505.7 507.5 509.9 517.3 523.9 528.6 530.8 529.7 527 523.2 521.9 522 525.1 529.3 528.7 526 522 520 513.9 506.7 501.4 502.3 501.4 498.3 495.2 491.7 488.4 487.8 486.9 485.8 485.4 485.3 484.4 477.6 470.5 461.3 452.1 442.4 439.6 432.9 427 419.7 417.3 410.4 403.2 396 385.6 381.9 374.1 368.4 362.4 359.7 357.6
443.3 449.5 455.5 459.6 467.5 476.8 482.9 488.9 492.4 500.8 510.7 517.8 523.9 527.1 529.5 529.2 526.4 517.3 512.3 509.4 504.2 498.9 496.3 499 501 503.3 505 509.5 517.4 524.5 528.5 530.3 529.4 528 526.5 526 526.8 530.3 532 528.5 524.2 520.2 515 506.9 498.8 497.7 498.3 497.4 494.4 490.2 486.6 485.6 483.6 481.7 480.3 478.7 475.1 468.3 461.1 453.9 445 435.8 429.7 423.6 417.9 411.4 405.7 399.7 392.7 385.2 378.4 370.7 363.1 357 353.4 350.7 346 341.6
443.4 449 454.6 457.9 462.6 469.1 474.7 484.8 493.8 502.6 512.5 518.8 522.9 525.2 526.8 525.4 521.1 511.2 506.8 503 498.2 494.6 493.7 497.1 499.2 501.3 504.5 510.2 517.4 525.3 529.4 531.2 531 529.8 529.3 529.9 532.3 535.6 534.2 527.1 521.1 514.2 506.4 498.2 493.2 492.1 492.9 492.7 488.8 485.4 482.2 481.8 477.8 476 472.9 468.4 459.9 451.8 445 438.6 431.3 422 414.9 409.6 404.7 399 392.7 383.8 373.6 363.8 355.3 350.9 348.7 346.6 340.6 338.2 337.8 335
441.9 448.5 454 456.5 463.8 473 483.1 489.8 495.6 504.6 513.1 517.7 520.6 522.7 523.6 519.9 512.6 503.4 497.9 492.6 493 492.2 493 496.2 498.7 500.6 504.6 509.6 516.8 526.2 530.3 532.5 532.9 533.1 533.7 536.8 540 539.4 532.7 524 516.3 509.1 499 490.8 486.8 485.8 485.8 485.2 481.1 478.1 478.3 475.7 472.9 468.8 463.8 458.4 447.5 439.3 432 426.1 417.9 410.3 404.3 398 392.1 385.8 378.4 369.3 361.2 357.9 361.8 356.4 351.6 348 345.8 340.8 335.5 332.6
443 448.1 453 457.1 466.5 475.9 484 489.1 495.7 506 512.7 516.2 518.4 518.2 514.7 509 501.7 494 490.1 489.6 489.7 490.9 493.7 495.9 497.7 499.6 504.5 509.3 517.2 527.5 532.3 534.3 535.4 536.1 538.4 542.8 543.2 537.9 529.6 521.2 511.9 503.8 491 484.6 481 479 478.3 477.9 473.2 471.9 469.5 466.3 463 460.8 451.1 443.4 435.2 425.7 419.2 412 406.8 399.3 394.8 384.3 376.8 377.1 371.6 371.3 371.2 371.6 370.7 367.5 363.4 360.7 357.8 351.1 339.8 338.6
445.8 447.2 453.3 458 467.7 477 483.4 488.6 494.8 504.7 511.4 512.7 512.2 508.5 502.9 497.4 489.2 484.7 486.3 486.7 488.6 491 492.9 495 497.1 499.6 503.8 509.8 518.1 529.7 534 536.6 537.7 540.1 542.8 543.9 541.5 536 525.5 517.3 506.3 494.8 485.7 480 476.7 473.3 470.8 468.8 466.7 464.2 459.4 452.9 451.9 443.7 436 430.1 422 414.9 408 402.1 397.2 392.9 385.4 383.5 387.4 384.6 382.8 379.6 378.4 377.6 375.7 373.8 369.7 363.2 354.8 350.5 345.3 346.5
445.9 449.1 454.2 459.5 469.7 478.1 482.3 486.8 494 502.7 506.7 506 503.2 499.1 492.3 487.1 481.3 482.4 484.7 486.4 488.6 490.7 492 494.5 497.6 501.2 504.4 511.3 524.3 531.5 536.1 538.4 540.2 542.2 543 542.1 540.1 533.3 522.7 511.9 500.2 490 482.1 476.4 471.4 466.9 464.7 458.4 455.9 451.2 442.6 434.2 431.1 427.2 424.1 419.2 414.5 407.7 403.5 397.5 393.2 387.2 388.8 394.7 394.2 393.3 391.6 390.9 391.2 388.8 386.6 382.6 371.3 367.8 361.8 355.8 355 354.1
446 449.7 453.1 461.9 470.8 477.8 480.3 482.8 489.1 498.2 499.7 498.5 493.9 488.3 480 477.7 479.5 481.8 481 485.4 487.5 489.5 491.1 495.5 500 505.4 513.4 521.6 529.4 534.2 537.7 540.3 541.9 542.6 542.3 541.6 539.3 531.9 521 511 499.1 487 476 470.5 464.9 460.2 455.5 448.3 443.7 437.1 431.1 427.5 423.5 419.9 416.7 413.5 409.5 405 400.5 392.5 396.2 399 402.6 404.4 405.3 403.7 401.9 400.8 399.5 396.2 392.1 379.5 377.3 372.7 365 363.3 361.7 357.7
445.4 447.9 454.5 464.2 470.9 474.7 477.1 476.9 482 489.4 489.7 488.5 484.8 478.2 474.5 475.7 477.6 478.2 481 483.7 485.9 487.8 492.3 498.1 507.1 515.4 523 529.7 534.1 537.6 541.2 542.8 543 542.7 542.1 541.4 537.8 531.5 521.1 510.4 496.8 481.5 471.9 466.7 457.7 452.2 447.4 441.2 433.8 429.1 424.6 421.9 418.6 415.7 413.6 409.3 402.3 402.3 401.8 405.7 406.9 410.1 413.2 417.8 421 418.1 412.3 409.9 406.4 401.1 390.1 386.1 382 376.4 371.3 367.9 360.3 362
444.2 446.8 456.6 466.3 470 468.4 471.1 471 477.6 481.6 480.9 479.1 475.8 470.4 471.5 473.8 475.5 476.5 478.9 481.6 484.2 487.4 494.2 503.3 514 524 531.3 536.9 540.8 544.2 545.4 545.1 542.9 541.9 541 539.5 537.9 530.8 520.4 509.3 491.7 475.4 468 459.6 449.5 443.9 438.8 432.8 429.9 426.3 422.9 418.7 414.4 410.1 412.6 412.7 411.8 416.5 421.1 424 426.2 428 426.9 430.9 429.2 425.9 421 415.4 408.9 402.1 398 392.5 387.8 380.1 373.5 369.9 368.7 366.6
442.9 448.2 459 465.6 466.1 460.8 460.1 461.8 470.5 472.2 470.2 468.8 465.5 469.9 471.1 472.5 474.6 476.6 478.8 481.8 485.3 489.4 499.5 510.8 522 533.1 539.4 543.9 546.7 549 549 547 545.2 542.8 539.7 538 535.3 527.9 516.3 502.4 485.4 474.2 465.1 455.1 444.5 438.7 434 429.4 426.5 422.2 418.8 420.5 423.6 425.9 429.5 433.6 437.2 441.7 444 442.3 444.8 444.6 443.1 437.7 432.3 427.6 421.6 413.6 411.5 408.3 403.4 396.9 392.7 381 378.6 375.7 378.8 381.1
441.9 449.2 458.7 461.5 459 455.5 454 455.6 458.7 458.5 459.4 464.1 468 470.9 473.1 474.4 476 477.8 479.7 482.2 487.9 494.3 505.4 517 529.5 538.1 543.6 547 550.3 553.3 552.7 550.7 548.3 544 540.5 537.1 531.9 523.2 508.1 491.5 477.5 467.6 458 450.3 442.8 438.8 434.2 430.5 428.9 427.5 427.6 433.3 441.4 446.5 450.7 453.5 456.9 457.4 458.9 457.5 459.5 456.2 447.7 439 432.4 428.1 421.3 418.2 414 410.6 405.2 399.2 392.9 389.4 384.7 391.8 395.8 398.1
441.6 449.7 454.9 456.9 456.1 449.8 451.3 451.1 452.8 460.3 462.5 465.4 467.9 470.3 472.3 474.6 476.3 478.3 480.4 484.9 490.5 500.4 511.9 522.7 532.7 538.4 543.5 548.3 553 555.9 555.2 553.7 550.6 546.2 542.2 536.5 527.5 514.5 495.9 478 465.4 458.1 452.6 448 443.6 439.7 437 435.2 434 435.4 441.3 450.9 457.7 463.3 467 468.3 470.1 469.9 468.1 465.8 462.1 456 448.7 440.3 433.5 430 426 422.4 419.2 412.8 405.9 400.1 396.9 394.2 399.8 407 412.3 411.9
442.4 448.3 451 453.2 449 449.4 452.3 454.4 457.1 459 462.1 464.1 467.4 469.9 471.7 474.5 476.4 478.5 482.4 489.9 498.9 508.8 515.7 523.5 531.8 537.5 544.9 550.5 555.3 557.2 556.4 554 550.8 547.3 541 531.9 518.5 503.2 483.3 468.6 460.3 455.8 451.4 446.9 443.3 441.2 437.4 438.5 441.7 450 460.4 470.8 476.6 480.2 482.7 480.6 479 476.5 472.1 467.7 462.5 457.5 451.4 445.3 437.6 433.3 430.4 428.1 424.3 416.3 408 404.9 402.8 406.9 414.8 423.7 424 418.9
441.9 446.7 448.7 446.9 445.8 449.4 451.1 452.4 456.6 459.1 462.5 465.5 468.9 470.5 472.3 474.7 476.4 480 484.7 494.4 502.7 510.7 517.7 524.4 531.4 538.7 546.4 551.9 556.6 558.5 557.6 553.9 550.7 547.2 538.4 525.3 510.4 491.5 473.4 462.2 458.5 455.5 450.8 449.7 444.8 443.3 442.1 446.4 456.9 466.2 476 486.5 492 494.9 494.4 490.4 488 482.4 476.2 470.6 466.1 460.8 455.8 450.1 441 437.2 435.1 432.9 426.8 417.9 411.2 412.7 417.9 426.4 432 432.1 428.6 419.1
441.4 445.2 445.2 439.9 444.9 446 448.9 453 456.5 461.4 464.9 471.7 479 477.9 477.9 478.1 479.5 483.5 488.8 496.5 505.2 511.6 518.3 525 531.5 538.4 546.5 553.2 557.3 559 556 551.4 548.9 545.1 532.4 517.8 501.2 481.3 466.4 461.3 457.7 456.1 453.2 450.8 448.9 449.1 453.3 462.8 473.6 484.5 492 499 504.5 506 503.4 499.8 495.2 490.4 483.1 477.7 471.4 466.8 460.9 454.4 445.6 440.9 438.7 436.6 434.7 424 422.6 427.5 431.7 437.1 437.7 433.1 425.5 418.4
438.6 441.4 439.9 435.4 440.6 439.9 444.1 451.4 458.6 467.2 476.2 481.7 485.7 486 484.4 482.9 483.6 486.4 493.3 500.2 506.8 512.7 519 526 532.3 539.6 547.7 554.3 557.2 557.1 553.5 548.4 546.7 540.6 524.7 508.7 487.6 474.3 463.5 460.9 458.6 456.7 454 452.1 456.6 462 470.4 480.1 488.7 498.7 505.4 509.4 512.4 512.3 509.5 509.3 503.5 498 490.4 484.7 478.5 472 464.6 456.5 448.9 444.2 442.1 440.8 440.6 438.6 438.5 439 441 442.4 438 432 423.6 418.7
435.2 436.5 435 432.5 434.7 438.1 443.5 454.8 465.1 473.3 480.7 487.6 492.4 494.6 493.1 491.4 492.1 494.7 500.1 506.2 511.4 516.9 521.8 527.8 533.9 541 548.8 553.6 556.8 554.9 550 547.2 540.6 531.8 513.4 494.5 480.1 468.3 462.6 460.2 459 457.3 455.7 460.4 469.8 476.7 486.5 492.4 498.6 506.1 513.6 515.8 516.9 516.9 515 510.1 507.9 507.2 501.2 493.8 485 478.2 469.5 458.8 452.2 446.5 442.4 445.5 448 450 447.6 444.8 445.6 443.2 437.8 430.4 424.8 421
430.4 431.2 429.2 431.6 434 437.1 445.6 458.6 469.2 479.4 487.2 494 498.3 501.1 501.9 501.8 502.6 506.7 511.7 513.7 515.9 520.5 523.8 529.4 534.9 541.6 547.6 551.7 553.6 551.6 548.9 544.9 536.3 521.4 501.2 484.5 472.8 462.9 460.6 459.3 457.8 459.4 466.4 475.1 482.5 488.3 492.2 497.7 508.5 515 518.3 519.2 515.7 514.4 514.9 513 512.2 511.8 508 502.1 491.4 481.9 473.3 461.3 455.8 451.3 449.3 452 456.2 456.4 452.6 448.6 448.1 443.1 436 429.9 425.9 422.7
429.5 430.3 425 430.8 433.4 435.8 444.7 460.7 474.3 485.6 493.3 498.8 502.5 506.4 508.2 510.2 513.7 517.8 521.4 521.1 522.1 523.8 525.8 531.1 536.5 541.4 545.4 549.1 549.6 547.4 545.6 540.8 527.3 508.2 490 478.2 468.6 462 460 459.6 464.6 472.9 480 484.4 488 491.1 495.2 501.1 508.1 514.7 521 520.5 515.7 515.1 515.2 516 514.8 512.6 510.5 505.1 494 483.9 476.6 468.3 459.9 455.2 453.8 458.4 461.8 460.6 455.4 451.7 449.9 442.7 435.3 430.7 428.3 425.6
427.8 425.5 424.2 429.6 431.6 433.4 442.3 459.1 476.2 489.9 498.4 503 506.7 510 513.3 518.1 521.6 524.8 524.8 524.8 525.4 527 529 532.6 537.9 541.1 542.7 544.9 543 540.8 541.1 533.3 515.1 495.8 484.2 473.1 466.2 463.8 462.8 471.2 480.7 485.6 486.4 487 490 492.4 497.2 501 506.5 512.7 520.5 520.1 518.9 517.1 516.6 517.6 515.2 513.1 510.7 506.4 494.7 483.5 476 471.1 464.3 459.1 459.1 463.6 466.3 464.4 457.4 454.4 449.3 441.6 435.3 432.3 429.5 425.7
425.4 420.2 426.2 427.3 429.2 431.5 440.2 457.6 475.4 491.5 501.3 506 509.7 513.8 519.8 522.7 525.2 526.8 527.6 527.2 527.3 529 530.8 534.6 538.3 538.8 540.6 542.4 539.3 538.4 539 529.7 514.3 496.1 486.1 478.7 470.9 471 475.4 483.1 488 489.9 489.6 490.8 492.9 493.4 493.9 497.4 503.3 510.5 517.1 519.2 520.6 520.7 520.6 520.7 520.3 514.2 510.7 505 493.6 479.4 474.3 470.6 467.9 464.4 466 469.5 470.7 468 459.8 456.1 446.6 440.1 435.8 434.1 431.7 429.7
418 422.5 424.4 425.3 426.7 428.7 437.1 453.3 472.5 488.9 500.6 506.4 512.9 518.6 522.6 525.3 527.6 528.7 528.1 526.8 526.8 528.6 530.5 533.6 536.9 538.3 538.6 540.6 537.7 535.8 534 527.5 517.8 501.8 494.7 485.3 482.6 481.9 483.7 490.5 491.6 490.6 490.5 489.9 489 489.9 490.7 493 501.8 507.5 513.3 521.4 523.9 523 522.9 523.5 522.9 515.4 508.2 500.1 490 477.6 474.6 473.8 472.4 471.2 473.2 474.8 474.8 468.2 462.2 457.1 446.4 441.6 437.8 435.7 431 432.8
418.9 414.5 419.1 421.1 423.3 424.6 433.4 445.7 463.6 482.9 493.2 502.1 513.1 519.9 524.4 527.2 528.7 526.5 524.9 523.4 523.7 524.9 527.9 530.9 533.6 534.3 536.1 534.4 535.6 534.1 530 525.8 514.4 507.2 496 487.8 485.5 484.7 488 490.5 490.1 489.7 488.8 487.9 486.6 486.2 487.2 490.1 498.5 506.1 513 520 523.7 524.3 524.6 522.6 520.2 512.9 503.1 495 485.7 477.7 475.2 476.6 476.9 477.7 479.3 479.7 474.9 468.5 463.6 455.2 447.7 442.2 438.2 437.2 437.1 437.7
