WholeMapElevations/data/nh/nh63_OST50GRID_20230518/NH63.asc
ncols 200
nrows 200
xllcorner 260000
yllcorner 830000
cellsize 50
[rows 70 to 104 of 200, columns 0 to 77 of 200]
35.5 35.8 34.6 34 40.6 43.1 41.3 39.8 38.3 38.2 40.2 42.3 43 41.9 39.5 38.8 39.9 41.8 44.5 46.3 51.5 53.7 52.8 53.5 62.8 70.3 78 87.7 98.3 109 119.3 121.1 132.7 138.1 145.6 151.3 157 159.3 161.1 162.8 166 169.3 166.6 163.8 164 164.7 166.1 170.4 172.9 174 177.2 177.9 183 188.3 193.4 198.6 203.8 213 220 225.2 228.8 231.6 234.2 236.5 238 237.5 237.1 235.9 234.3 231 229.9 229.8 229.7 229.5 230.1 230.9 226.5 225
37.7 38.3 37.6 37.2 41.4 43 41 39.2 37.7 37.6 40.5 43.1 44.4 43 41.7 43 44.8 44.7 46.2 50.9 55.9 60.3 58.5 62.4 68.6 75.8 84.7 96.3 107 117.2 125.6 127.6 130.2 136.6 145.9 151.4 155.6 158.7 161 165.7 167.9 165.3 162.9 162.3 163.4 164.6 169.1 173 173.3 175 179.5 183.1 188.2 193.1 198.1 203.3 209.7 217.9 223.4 228.2 231.2 234.1 236.3 238 238 236.6 236.4 234.9 232.2 229.6 229.4 229.2 229.2 229.3 229.9 228.6 224.9 225
40 39.7 39.5 39.5 41.7 41.9 40.6 38.4 39 38.9 41.7 42.5 42.2 42.8 42.3 42.9 45.8 50.9 51.6 54.6 55.9 60.1 63.9 72.2 76.8 80.9 91.7 101.7 112.9 123.1 130.4 134.6 137 141.7 146 151.2 155.7 158.9 161.3 166 166.9 162.4 162.4 162.4 163.6 167 172.2 173.2 173.7 175.9 181.8 186.8 192.5 197.9 202.9 208 216.5 222.4 227.5 230.7 233.7 236.1 237.6 238.2 238 236.4 233.1 232.3 229.7 229.6 229.2 228.8 228.5 228.4 227.8 225.5 224.4 222.9
40.4 39.7 39.7 41.5 42.1 40.4 38.7 37 37.6 39 38.5 37.8 40.2 42.5 43.4 44.7 49 56.7 60.7 62.2 61.2 68.4 71.6 77.3 82.1 88.4 96.7 107.2 117.6 126.1 133.7 138.2 142.9 146.6 150.2 155 159.2 162.5 164.3 165 161.5 162.3 162.6 162.9 166.2 170.4 172.4 173.4 175.8 180.8 185.4 190.9 196.4 201.4 206.8 213.7 222.1 226.9 230 233.1 235.6 237.4 237.4 237.9 236.8 234.2 230.9 230.3 229.8 229.6 229.2 228.8 228.2 227.1 225.4 223.7 223.5 223.2
42 40.8 38.6 39.2 37.5 36.2 36.6 35.3 36 36.5 36.6 36.4 39 44.7 47.7 51.9 57.5 60.3 67.7 69.9 69.3 75.7 79.3 82 87 96.1 104.2 110.8 120.2 129.4 137 141.6 145.9 150.1 154.3 160.5 164.1 170.8 170.1 162.5 162.4 163.9 163.9 166.4 169.9 171.4 172.9 174.6 180.9 187.1 190.3 196.1 200.4 205 211.6 219.2 226.2 229.5 232.3 235.5 236.9 237.3 236.9 237 234.9 233.3 229.3 229.4 229.9 229.7 228.9 228 227 225.5 225.4 224 223.4 222.5
42.8 42.1 38.7 35.5 34.2 33.9 34.7 36.7 40.3 40.7 39 38.5 42.8 48.2 53.2 58.6 64.8 66.8 68.1 70.5 75.7 82.3 86.8 89.1 93.4 101.3 106.8 113.1 119.7 133.3 141 144.3 148.4 152.7 157.8 164.7 172 173.3 164.5 162.3 163.2 164.5 165.4 169.3 171.2 172.3 173.8 179 185.4 191.1 196.3 201.6 204.2 208.8 216.9 224.5 229.2 232.2 234.9 236.9 237.8 237.3 236.8 235.9 232.3 230.4 229.3 229.4 230.8 229.3 228.3 227.2 224.2 222.5 223.3 226.6 222.7 221.9
43.2 41.3 37.6 35.1 34.3 33.8 36 39.7 43.3 43.2 41.3 41.5 46.4 52.2 58.3 64.4 67.9 67.7 71.4 76.3 80.2 83.7 89.1 94.2 99.3 105.7 111.4 119.1 126.3 138.2 144.5 148 150.6 156.2 163.6 167.8 172.6 166.5 164.5 163.2 163.6 165 168.8 170.2 172 173.9 177.9 184.6 190.3 195.9 201 205.4 210 214.3 222.4 227.2 230.7 234.3 235.7 236.8 237.2 236 236.3 231.6 231.4 229 228.6 228.7 225.9 226.9 225.3 226 222.3 222.6 226.7 226 222.2 221
43.5 39.8 36 34.3 33.5 34.8 39.6 42.3 43.1 43.1 42.2 45.3 50.1 56.5 62.5 66.8 69.2 72.8 76 81 85.1 87.6 91.2 96.9 104.3 112.5 119.9 126.6 134.2 141.5 147.5 152.6 155.7 164.1 166.2 170.9 165.8 164.6 165.1 164.3 164.6 167.2 170.5 171.8 173.2 176.2 183.4 189 194.5 200.1 204.3 208.6 213.4 219.7 226.5 229.8 233.3 234.6 235.2 236.3 236.7 234.8 232.7 229.3 228.2 226.8 231.1 224.5 226.5 226.1 224.6 223.4 221.7 222.3 223.1 222.8 221.4 220.4
41.2 37.3 33.6 32.5 33.5 35.6 40.2 41.2 41.3 42.5 43.5 47.2 52.8 59.6 65.9 69.7 73.4 76.9 79.9 84.2 88.7 92.8 96.5 100.2 107.8 118.1 123.9 129.3 137.1 143.9 150.3 154.4 163.7 163.1 171.1 166.7 166.3 165.2 164.4 164.7 166.2 169.4 171.8 172.8 174.7 178.9 186.4 193.3 198.7 203.4 207.6 212.3 218 224.8 229 232.3 234.9 235.2 235.8 236.2 235.6 232.9 228 227.5 226 228.2 223.1 222.9 227 224.6 223.2 220.9 221.3 221.8 222.6 222.6 221.2 220
37.7 33.2 32.7 33.1 34.3 35.7 38.2 39.3 39.7 42.2 44.1 49.5 55.8 63.7 69 73.8 77.6 80.9 83.8 87.6 91.5 95.8 99.8 104 111.2 122.5 126.9 133.7 139.8 146 152.8 157.8 163.8 164.8 167.3 166.5 166.1 165.5 164.9 166.3 169.1 171.3 172.2 176.8 180.2 182.7 186.4 195.5 202.4 206.7 210.7 216.6 222.2 228.1 231.4 234.2 235.7 234.6 235.1 235.7 231.6 227.8 225.9 224.2 225.4 223.1 225.7 222.8 221.1 224 220.3 220.1 220.4 221.2 221.8 221.3 220.7 219.6
33.8 31.7 33.9 34.7 34.7 34.8 35.5 37.3 39.3 41.9 44 51.9 59.3 67.2 72.7 77.1 81.7 84.9 87.7 91 94.3 97.7 102.8 108.3 118.1 126.1 132.5 137.8 143.2 148.9 155.2 161.8 162.6 165.8 171.8 166.3 166.1 166.3 166.5 168.5 170.2 170.9 174.4 180.2 185.8 190.8 193.7 196.4 204.7 209.8 213.7 220.8 226.3 230.3 233.3 234.9 234.8 234.5 234.3 232.7 228.3 226.2 223.8 223.3 225.2 225.6 221.4 222 222.8 219.3 219.2 219.1 220 220.8 220.7 220.1 219.6 219.6
31.5 31.8 34.2 34.3 34.4 34.3 34.1 37.5 40.2 43.7 46.4 54.1 61.8 70.6 77.3 81.7 85 87.7 90.4 93.7 97.4 100.7 109.5 114.7 125.9 131.2 135.9 141.2 146.6 152.3 158 161.7 162.8 170.1 171.3 166.3 167.2 169.3 171.5 171 169.5 173.3 178.4 184.3 190.3 195.6 200.5 203.7 208.3 213.4 218.7 224.7 229.7 232.8 233.8 235.1 234.2 233 231.7 228.1 225 225 222.6 224.5 223.2 221.8 221.1 223.5 219.3 219.6 219.6 219.3 220 220.6 219.9 219 218.2 218.8
33.2 33.3 35 34.9 34.4 34.4 35.2 38.3 43 47.2 52.6 58.8 67.1 74.2 81 84.1 86.8 88.9 91.4 95.2 100.3 104.2 116.1 121.8 128.7 135.2 139.8 144.5 150.1 154.9 159.2 162.8 167.2 170.1 166.5 166.4 166.4 168.1 171 169.6 171.5 176.7 182.5 189.1 196.2 199.7 203.9 207.3 212.1 217.2 222.6 228 231.7 234.2 233.9 235.1 231.8 232.8 227.6 225.5 223.8 223.3 223.6 221.6 220.9 221 221.5 220.3 219.6 219.6 219.6 219.6 219.6 219.6 219.6 219.6 219.2 219.1
34 34.5 35 35.2 34.9 35.4 36.3 40.3 45.7 50.1 57.3 63.6 70.5 77.7 83.1 85.9 88.4 90.2 92 96.1 100.8 108.6 119.2 126.9 131.6 138.3 143 147 151.9 156.2 160.6 166.5 170 166.9 166.7 166.8 167.2 170.5 169.3 171 175.7 182.2 187.8 194.2 200.8 203.3 206.1 212.2 217.8 222 226.7 230.7 233.6 234.3 233.5 233.2 231.4 226.9 224.8 223.4 223.2 222.8 220.8 220.8 221.8 219.3 219.6 219.6 219.6 219.6 219.6 219.6 219.6 219.6 219.6 219.6 219.3 218.9
34.2 34.5 34.8 35.2 34.9 36.1 37.2 43.7 49.4 52 58.9 66.7 72.3 79.8 84.6 87.5 89.9 91.7 93.8 99 105.2 114.1 124.3 131.8 135.2 139.5 143.7 148.2 153.4 159.8 167.2 168.1 167.4 166.4 166.7 167.1 170.8 169.2 170.7 174.3 180.4 187.5 190.8 198.7 205 208.6 207.4 216.1 222.4 225 229.6 232.3 234.2 234.6 232.4 230.9 227.1 224.9 223.2 222.6 223.3 221.4 220 219.8 219.1 219.6 219.6 219.6 219.6 219.6 219.6 219.6 219.6 219.6 219.6 219.7 219.3 219.2
34.6 34.5 34.8 35 35.5 37.9 41.9 45.2 50.8 55.5 59.5 69.4 74.1 81 86.2 87.7 90.2 93.4 96.3 102.5 111.9 119.9 127.6 135.5 139.1 142.8 148.2 152.9 157.2 162.4 166.9 168 166.4 166.7 167 172.7 172.3 171.7 174 179 184.8 192.5 195.8 199.8 209.7 214 211.6 221.5 226 227.1 230.9 233.6 233.6 233.3 228.2 225.4 222.2 223.4 223.4 221.3 221.8 220.4 219.3 219.6 219.6 219.6 219.6 219.6 219.6 219.6 219.6 219.6 219.6 218.7 219 219.7 221 219.7
33 34.2 34.3 34.7 36.8 40.3 44.8 47.1 51.8 58.7 62.6 71.7 77.6 85.6 86.8 87.6 90.6 93.8 98.7 106.5 118.5 127 130.2 138.3 142.1 146.3 151.6 156.1 161 166.1 168.2 166.1 166.8 167.4 170 174.7 172.6 174.2 179.8 186.8 191.2 196.4 203.8 207.4 213.6 216.3 217.5 225.6 228.8 229.3 232.7 234.4 233.1 231.5 225.1 222.5 222.4 222.4 222 221.8 221 218.9 219.7 219.6 219.6 219.6 219.6 219.6 219.6 219.6 219.6 219.6 219.6 218.8 219.2 219.5 219.7 221.6
30.1 31.6 32.8 35.2 37.3 41.3 45.9 49.4 54.6 60.5 68.8 78.5 82.1 86.2 86.8 87.5 90.5 95.7 103.1 111.2 123.8 131.6 135 139.4 144 147.1 153.5 157.9 162.6 166.1 166.2 165.9 166.8 168.3 171.1 172.6 174.3 178.2 187 194.2 198.8 202.1 207.9 210.2 214.9 216.8 222.1 228.6 231.1 231.9 233.5 233.5 231.4 226.6 222.8 221.6 222.2 221.4 221.9 220.1 218.6 219.6 219.6 219.6 219.6 219.6 219.6 219.6 219.6 219.6 219.6 219.6 218.5 219 219.4 219.7 220.1 220.8
28.7 28.9 30.9 34.1 37.8 41.9 46.9 52.3 58.7 63.5 74.9 81.5 83.9 84.5 84.2 87.4 92.6 100.8 111.7 115.1 126.8 134.6 135.8 139.8 145.2 149.3 154.3 159.2 163.5 165.6 165.7 166.8 169.5 170.2 172 174 175.9 185.2 192.5 197.7 204.6 208 210.7 213.9 219.4 221.2 226.3 231.1 232 234.4 233.5 232.3 227.3 222.9 223.2 222.3 222.3 220.4 220.7 220 219.6 219.6 219.6 219.6 219.6 219.6 219.6 219.6 219.6 219.6 219.6 219.6 219.6 218.9 219.6 220 220.5 221
27.7 28.5 29.5 33 38.2 43 47.7 53.5 62.4 71 77.5 80.4 82 81.7 83.4 90.5 100.6 107.8 116.3 124 125.9 133.2 138.6 143.4 147.2 153.4 158 162 164.5 165.3 166.6 169.4 171.4 172.4 174.2 178.6 184.5 194.2 200 202.4 208.7 211.7 213.1 215.5 222.6 224.9 228.7 231.4 232.1 233.5 230.8 228.5 222.8 222.3 222.1 222 220.1 219.2 219.9 219.3 219.6 219.6 219.6 219.6 219.6 219.6 219.6 219.6 219.6 219.6 219.6 219.6 219.6 219.1 219.7 220.4 221 221.5
27.3 28.5 29.6 32.4 38.2 44.8 49 56.8 62.8 72.8 75.4 77.7 79.8 79.1 86.6 96.3 104.5 113.2 122.5 126.7 131 135.1 140 143.8 149.3 154.5 159.3 163.4 165.7 167.6 169.7 172 172.9 175 179 183.8 190.4 201.9 206.6 209.6 212.9 213.9 215.6 220.2 225.3 227.1 229.8 231.9 233.7 231.5 228.6 223.3 222.9 221.8 221.2 222.5 219.8 218.5 219.6 219.6 219.6 219.6 219.6 219.6 219.6 219.6 219.6 219.6 219.6 219.6 219.6 219.6 218.9 220 221 221.6 222.2 222.4
27.7 28.3 29.9 33.4 37.5 43.4 50.8 59.5 66 72.7 73.8 75.5 74.4 82.4 92.5 102.9 111.7 119.3 127.8 132.4 137.1 140.5 144.8 148.9 153.9 156.9 160.9 164.2 167.6 171.6 171.6 172.7 174.1 178.6 185.8 194.1 201.6 207 211.9 214.2 215.8 215.4 217.5 223.3 227.4 229.1 229.7 231.4 231.9 228.2 223.7 223.2 223.3 224.6 220.6 221.3 220.7 219.6 219.6 219.6 219.6 219.6 219.6 219.6 219.6 219.6 219.6 219.6 219.6 219.6 219.6 218.6 219 220.1 221.2 222.8 222.9 222.5
27 27.2 30.9 34.2 39.1 44.9 53.4 62.8 67.1 66.8 68.3 68 77.2 86.8 98.4 109.5 118 123.6 130.3 133.9 138.5 144.7 149.8 151.6 158.7 160.6 164.2 168.6 172.9 176.3 174.9 173.9 178.8 186.3 195.3 202 207.3 212.2 216.5 218.4 218.8 218.1 220.4 226 228.2 229 229.4 228.4 227 225.7 224 223.4 223.6 224.1 221.2 220.7 219.8 219.6 219.6 219.6 219.6 219.6 219.6 219.6 219.6 219.6 219.6 219.6 219.6 219.6 219.6 219.3 219.7 220 221.9 223.5 223 222.6
26.6 27.3 29.5 34.1 41.8 47.6 53 60.5 61.6 62.4 65.1 73.4 83.1 95.1 107.1 115.7 121.5 126 129.9 136.9 141.3 146.6 153.2 155.4 159.7 164.6 166.7 173.7 175.8 174 175.3 179.1 185.4 196.2 202.4 207.7 211.2 216.2 218.7 219.4 220.7 222.1 221.8 226.6 228.6 228.6 227.8 226.9 226.3 226.6 224.5 223.7 224 221.8 220 219.9 219.6 219.6 219.6 219.6 219.6 219.6 219.6 219.6 219.6 219.6 219.6 219.6 219.6 219.6 219.9 219.9 220 220.1 222.9 223.6 223.1 222.7
22.4 26.4 28.1 34.5 40.4 46.9 52.1 56.7 58.1 58.5 69.1 76.8 87.7 101.5 114.6 121.2 124.6 128 131.2 139.2 145.4 149.5 156 157.3 160.1 167.7 173.6 177.5 174.8 174.6 178.8 186.1 195.3 202 208.3 213.2 216.6 219.4 219.7 220.5 221.9 224.9 225.2 227 228.5 227.7 226.8 226.5 225.1 225.8 224.6 223.8 223.5 221.3 219.3 219.6 219.6 219.6 219.6 219.6 219.6 219.6 219.6 219.6 219.6 219.6 219.6 219.6 219.6 219.9 220.6 220.2 220.2 220.4 222.3 223.1 223.2 223
21.9 24.4 27.1 31.5 33.9 37.1 44.1 48.2 55.4 62 71.7 82.6 96 106.5 115.7 120.1 123.6 128.3 135.5 142.9 149.4 152.4 157.4 159.5 167 171.6 176.9 177.8 174.3 178.2 185.1 194.3 204.3 208.5 214 217.5 219 220.1 220.7 222.2 225.1 228.3 227.9 226.1 227.4 226.9 226.1 225.7 224.6 225.6 226.4 223.9 223.4 221.7 220 219.6 219.6 219.6 219.6 219.6 219.6 219.6 219.6 219.6 219.6 219.6 219.6 219.6 219.6 220.4 221.4 221.4 220.4 221.1 222.7 222.6 223.2 223.3
22.2 24.1 27.7 30.1 36.8 41.8 46 53.9 62.1 68.4 76 85.2 97.8 108.3 116.3 122.4 126.8 131.6 138 143.7 150.5 156.3 158.3 166.4 171.7 177 176.8 174.3 177.1 185.5 194.3 202.9 208.7 213.6 217 218.2 219.7 220.4 222.1 224.1 227.1 228.9 229.2 226.5 226 226.4 227.6 226.1 224.3 226.5 226 224.9 222.8 220.4 219.6 219.6 219.6 219.6 219.6 219.6 219.6 219.6 219.6 219.6 219.6 219.6 219.6 219.6 219.6 220.8 221.5 222.3 221.2 222.3 223.2 223.2 223.3 224
22.9 24.9 27.8 35.4 40.5 43.7 50.9 59.7 68.3 75.4 83.6 92.7 101.6 110.2 118.5 125.8 130.6 135.3 140.7 145.3 152.1 157.7 164.6 171.8 176.1 175.4 174.3 176.3 183.3 194.9 204.4 204.7 212 216.9 217.8 218.9 220 221.8 223.6 225.4 228.2 228.7 228.9 226.9 225.9 225.8 228.3 227.5 224.5 225.2 225.2 224.1 222 219.6 219.6 219.6 219.6 219.6 219.6 219.6 219.6 219.6 219.6 219.6 219.6 219.6 219.6 219.9 219.5 219 220.6 221 221.4 223.2 223.4 223.6 223.9 224.7
23.2 25.1 29 35.3 42.1 46.8 55.2 64.5 74.1 81.8 89.6 99.6 108.4 115.6 123 128.4 133.8 139 144.1 149.2 156.7 165.7 171.6 175.5 175.4 174.5 175.4 181.7 193.8 204.7 205.9 212.7 217.1 218.1 218.9 219.7 221.4 223.2 225 226.8 228 228.5 228.6 227.4 226.2 225.7 227.1 227.9 225.4 224.5 223.9 224.3 220.7 219.6 219.6 219.6 219.6 219.6 219.6 219.6 219.6 219.6 219.6 219.6 219.6 219.6 219.6 218.8 219.4 219.8 220.9 221.8 223.4 223.9 223.9 224.1 224.7 225.5
23.3 26.7 29.2 31.7 43 46.4 62.6 71.5 79.2 86.9 94.2 103.2 112.2 118.7 125.7 131.1 136.4 141.7 146.7 152.7 160 171.2 175 175.6 174.4 176.4 180.8 191.9 205.5 207 211.2 216.4 218.2 219.1 219.8 221.3 223 224.8 226.6 227.6 228.4 228.9 228.6 227.6 226.4 226.3 227.8 229.2 227.3 226.2 223.4 223.2 220.1 219.6 219.6 219.6 219.6 219.6 219.6 219.6 219.6 219.6 219.6 219.6 219.6 219.6 219.6 219.6 219.6 219.9 222.3 224.6 224.7 224.7 224.8 224.6 225.3 226
25 30.1 33.1 38.8 40.5 57.8 68.2 77.1 84.3 92 98.9 106.6 114 120.9 127.5 133.9 138.6 144 150.2 158.1 167.5 174.4 176 174.9 175.1 179.1 190.7 203.2 207.6 208 216.5 217.5 217.4 218.6 220.3 222.9 224.7 226.1 227 227.9 228.8 229.3 228.5 227.6 227 226.9 228.7 230.4 228.2 225.7 221.9 220.8 219.6 219.6 219.6 219.6 219.6 219.6 219.6 219.6 219.6 219.6 219.6 219.6 219.6 219.6 219.1 219.6 218.7 220.6 223.4 227.9 227.5 224.8 224.7 225 225.7 226.9
27.5 32.7 38.9 47.1 48.4 59.4 72.2 82.6 89.4 96.7 104 111.3 117.8 123.5 129.3 136.5 143.6 147.8 155.5 164.8 174.3 175.7 174.6 174.6 178 188.5 201.2 207.8 206.2 214 217.2 216.5 216.7 218.5 221.3 223.9 225.6 226.5 227.4 228.3 229.2 229.5 229.4 228.9 228.3 227.8 230.3 230 227.5 224.2 219.4 219.6 219.6 219.6 219.6 219.6 219.6 219.6 219.6 219.6 219.6 219.6 219.6 219.6 219.6 219 219.6 219.6 219.3 221.9 224.5 225.9 224.8 224.7 224.8 225.4 226.2 227.9
30.3 35.7 42.9 56.4 61.2 64.2 77 87.7 96.1 101.1 108.5 116.1 122.1 128 133.4 140.4 147.1 153.2 161 171.7 175.9 173.3 174.1 177.4 187.2 199.2 206.9 205.9 210.2 217 216.9 215.5 217 219.3 222.2 224.6 226.5 227.4 228.3 229.2 231.1 231.3 229.5 230.3 229.5 230.6 230.8 229.2 226.2 222.9 219.6 219.6 219.6 219.6 219.6 219.6 219.6 219.6 219.6 219.6 219.6 219.6 219.6 219.6 219.6 219.6 219.6 219.6 219.9 223 224.6 225.3 225.7 225.8 225.8 225.9 227.2 228.9
35.1 42.9 48.5 57.8 69.8 74.3 79.4 89.7 100 105.6 112.9 120.4 124.5 131.6 137.8 144.4 151 156.9 167.2 176.7 172.6 173.8 176.5 186 198.5 206.4 204.8 210.3 215.6 216.9 215.6 217.3 218.9 222.3 223.9 224.6 226.6 228.2 229.3 231.3 233.3 232.8 231.5 231.3 231.4 231.5 230.3 227.9 224.9 220.5 219.6 219.6 219.6 219.6 219.6 219.6 219.6 219.6 219.6 219.6 219.6 219.6 219.6 219.6 219.6 219.6 219.6 219.2 221.8 223.3 224.8 225.8 226.3 226.5 226.6 226.7 228.1 230.4
38.5 49.3 56.9 63.2 71.3 81.4 90.4 93.5 101.5 110.4 117.4 123.5 127.6 135.5 142.4 149.2 154.9 161.3 177.8 171.2 172.4 176.4 183.6 197.2 205.4 203.5 208.9 214.9 216.5 215 215.7 218.5 223.8 224.9 224.7 224.8 227.4 229.4 231.5 233.5 235 234.4 233.3 232.5 232.2 231.1 229 226.1 222.7 219.6 219.6 219.6 219.6 219.6 219.6 219.6 219.6 219.6 219.6 219.6 219.6 219.6 219.6 219.6 219.6 219.6 220.7 220.1 221.9 223.4 224.7 226 226.4 226.5 227.1 227.8 230.2 232.5
