WholeMapElevations/data/no/no09_OST50GRID_20230518/NO09.asc
ncols 200
nrows 200
xllcorner 300000
yllcorner 790000
cellsize 50
[rows 0 to 34 of 200, columns 78 to 155 of 200]
842.8 847.7 850.1 850.3 849.8 849.2 848.3 847.4 846.4 845.2 842.2 841.7 840.8 840.7 838.5 836.9 837.1 839.1 840 841.9 844 847.2 850.1 853.1 854.9 856.9 859.3 862.8 865.7 868.8 870.4 870.1 868.6 866.2 865 860.3 855 848 842.2 838.7 836.3 835.3 835.1 835.3 833.7 832.5 831 828.8 825.3 821.6 819.3 818.5 819.2 820.1 818.9 817.1 819 822.4 828.8 834.2 841 846.4 851.4 854.5 858.4 861.6 865.8 869.7 872.5 875.7 880.3 883 885.4 886.7 886.6 889 893.6 899.1
843.6 847 849.7 849.5 849.2 848.7 848.3 846.7 846.2 844.2 842.3 839.4 838.5 836.7 836.1 834.8 834.8 837 839 841.3 842.9 846.1 848.3 850.9 852.2 854.9 858.4 861.3 864.5 867.2 868.9 868.7 866.1 865.2 862.7 860.9 854.5 847.7 839.9 837.5 837.5 836.2 835.5 834.3 833.6 829.2 827.9 826.2 824.4 821.8 818.7 812.5 811.1 813.3 814.2 816.1 819.5 823.5 827.9 833.5 838.9 845.1 850.1 854.4 857.7 860.2 863.6 867.9 869.8 872.7 876.1 879.2 880.6 881.7 880.6 883.7 889.9 893.9
845.2 848.2 848.9 848.5 848.6 847.9 847.3 846 845 843 841 838.4 836 835 833.7 832.4 833.5 834.5 836.8 839.7 842 844.5 846.4 849 851.5 854.3 857.4 859.8 863 865.1 867 866.2 865.7 864.7 862.4 858.7 853.4 845.7 839.1 838.4 838.5 836 835.3 834.7 833.1 828.7 825.2 823.1 820.9 819 815.9 811.2 809.6 809.1 810.3 813.8 818.4 823.3 829.8 834.1 840 844.9 851 855.3 857.5 858.7 861.6 866.1 867.5 869.2 871.5 872.8 872.8 875.7 875.6 879.3 883.9 889.4
844.4 847.8 850 848.5 848.7 848.7 847.7 845.5 843.9 842.3 840.6 837.6 835.1 832 830.4 829.3 830 832.1 834.8 837.1 839.1 841.7 845.4 848.2 851.8 853.8 856 858.3 861.5 863.8 865 865.2 864.5 863.4 859.4 854.5 849.9 845.7 839.3 839.1 840.3 838 836.7 835.2 833.7 829.8 824.2 819.8 817 813.4 812.1 810.6 809.9 807.2 811.3 816.4 820.4 823.5 831.4 835.3 841.6 847 850.1 854.6 856.4 857.6 859.4 862.3 864.2 865.6 866.2 867.8 869.2 871.2 873.5 875.9 880.6 882.8
838.3 844.6 849.1 848.5 848.6 848.8 847 845.9 843.5 842.2 839.7 837.1 833.7 830.1 827.8 826.2 826.4 828.5 830.1 835 839.4 843.7 846.5 850.2 851.7 853.2 854.7 857.7 860.2 862.3 863.2 863.5 862.6 860.5 856.4 852.7 849.3 846.5 841.6 841 841.9 840.1 837.7 836 833.6 830.2 824.2 818.5 815 811.4 809.6 809.7 808.4 809.2 815.2 818.4 820.4 824.7 833.1 837.9 842.8 847.6 850.6 853.2 855.2 855.1 856.3 858 859.4 860.3 860.7 861.6 863.6 866.7 870.2 873.5 876.3 880.1
833.8 842.7 846.9 848.6 849.3 849.2 847 844.6 843.1 840.4 837.6 834.8 830.5 828 825.4 823.8 823.4 826.8 831 835.8 839.3 843.2 847 850.7 852 854.3 854.9 857.1 860 861.5 861.7 862 859.6 856.7 854.5 851.7 850.2 848.6 842 843.6 843 840.8 838 836.5 834.4 829.9 822.7 816.4 813 810.3 807.7 805.9 804.6 808.9 815.9 818.7 820.8 826.1 833.7 839 843.3 846.6 849.4 851.2 851.7 850.7 851.7 852.8 853.9 854.6 854.5 852.5 858 864.2 869.6 872.3 878.2 882.4
832 844 848.2 852.6 853.8 851.6 846.4 843.5 840.9 839.3 836.9 833.8 828.8 826.4 824.5 820.7 823.7 827.5 830.8 836 840.2 843.7 846.9 850.1 852.3 854.4 855 856.7 859 861 861.1 860.5 857.6 855.6 853.4 851.2 850.3 847.7 843.1 844 843.1 840.9 838.3 836.1 833.5 829.1 821.3 815.3 812.3 808.3 806.5 803.2 804.2 808.2 815.9 817.9 818.7 827.9 834.7 839.3 842.5 845.4 846.4 847.5 846.9 845.3 845.9 846.6 847.9 846.1 844.6 855 862.8 868 873.1 877.4 881.3 887.7
831.4 844.2 849.3 853 855.9 852.5 845.5 842.7 840 837.9 835.3 832.4 828.1 824.7 821.9 811.6 823.1 827.1 832.4 836.7 841.1 843.7 846.8 850 852.8 854.4 855.1 856.5 858.4 860 860.2 859.8 858.5 855.8 853.2 852.1 851.2 848.4 843.5 843.7 842.3 840.4 837.9 835.8 832 828.9 818.9 813.4 810.4 807.9 806.1 802.6 802.9 808.9 816.4 817.7 820.4 826.9 833.2 837.5 840.7 842.2 843.3 842.1 840 836.1 835.6 838.1 829.4 834.1 848 856.2 864.9 870.8 875.5 880.5 886 893.4
820.4 835.7 843.4 850.1 852.8 850.5 844.6 839.7 837.6 835.3 832.5 829.2 826.4 823.1 820.9 808.1 822.5 828 832.5 836.6 842.3 844.3 847.1 850.6 852.9 854.4 855.4 856.4 857.9 859.4 859.5 859.2 858.5 856.7 854.4 853 851.7 847.1 843.9 843.3 841.8 840.1 837.9 834.8 831.5 826.5 819.1 813.8 810.7 807.6 802.2 801.3 801.6 810 818.1 818.7 820.6 825.7 830.9 835.1 837.8 839.1 838.8 836.7 831.5 822.8 818.1 825.7 840.2 846.7 851.7 858.6 866.8 875 879.9 885.1 891.1 898.8
810.7 829 838 845.1 848.6 846.7 841.3 835.6 834 831.7 828.8 825.8 823.2 820.8 818.1 800.8 819.4 827 833.1 837.3 842.8 846 847.8 849.6 852.4 854.5 855 857.1 858.7 859.5 859.3 859.1 858.8 857.2 854.8 852.7 851.4 848 844.4 843 840.8 839.2 836.7 834.1 830 825.5 819.9 814.6 811.5 807.4 803.3 800 804.6 815 818.9 819.9 820.7 824.8 828.7 832.2 834.4 835.8 833.2 828.1 818.2 804.1 825.4 839.1 845.2 851.2 856.8 864.2 872 878.7 885.2 889.9 895.8 903
792.8 811.5 825.1 835.1 839.8 840 836.3 829.9 827.1 826.4 824.9 820.9 819.1 817.1 815.4 795.3 814.2 825.6 832.7 837.3 842.5 845.7 848.4 850.3 852.1 854.1 854.8 857.3 859.1 859.7 859.5 859.1 858.8 857.7 855.1 852.6 851.1 847.3 844.8 842.6 842.2 838.8 838 834.5 829.9 824.6 819.9 814.1 810.2 806.5 803.9 797.2 809.6 816.6 820.6 821.4 821.5 822.7 826.5 829.5 830.3 831.4 826.4 816.6 800.5 814.7 832.2 843.9 852.1 855.7 861.5 868.2 876.3 883.9 889.8 894.8 902.1 909.2
774.5 790.2 806 816.4 820.3 822.1 819.5 817.4 816 818.4 816.9 815.8 814.1 811.6 810.2 790.9 811.5 824.4 831.7 836.6 840.9 844.5 846.4 849.3 852 852.4 854.4 856.6 858.8 859.4 859.1 858.7 858.4 857.6 855.4 852.8 850.8 848.4 844.6 842.9 841.5 840.4 837.3 833.7 827.7 823.1 819.5 815 811.6 806.5 802.2 797.7 807.9 814.5 823 824.6 822.9 823.4 824.2 826.9 827.3 825 816 800 799.7 821.2 836.7 848.9 856.7 862 868.2 875.8 881.5 887.9 893.8 898.6 905 911
757.3 772.8 786.2 792.8 792.6 794.7 790 793.2 801.9 805.2 808.3 809.9 808.3 807.7 801.7 783 809.5 822.6 831.4 837.7 840.8 844.9 847.1 849.6 850.7 852.9 854.5 858.2 858.8 858.7 858.6 858.3 857.9 857.4 855.2 853 851.3 848.7 845.1 842.9 842.9 841.7 837.5 833.9 829.6 822.5 818.3 814.3 811.3 806.1 796.7 796.6 808.6 819 824.5 826 826 823.8 823.6 824.2 824.4 816.4 800.5 781.4 799.4 820.9 838.9 852.5 860.3 866.6 872.5 878.6 884.1 890.1 895.4 899.6 904.5 908.8
737.8 752.4 764.6 767.3 763.4 764.6 764 769.1 781.2 793.5 798.8 800.8 802.6 801.8 793.9 783 810.5 825.5 832.6 838.1 841.4 844.2 847.4 848.9 850.9 854.5 857.6 859.3 859.4 858.4 858 857.8 858.1 856.8 855.5 853.5 850.7 847.9 845 845 843.4 841.9 837.5 833.5 831.3 823.9 818.7 813.7 810.5 802.1 790.4 797.6 811.4 819.2 823.7 825.9 827.2 827.1 825.5 823.6 819.6 806.9 789 780.7 796.2 816.4 837.9 855 862.4 869.1 876.4 880.8 886 889.4 892.6 898.1 901.7 906.8
721.2 736.5 745 741.7 735.5 732.9 732.9 744.7 757.2 766.6 781.8 792.5 797.9 791.9 776.1 789.9 812.3 826.2 835.3 839.2 842.2 843.9 847.1 850.2 851.8 855.6 859.5 860.6 859.8 858.9 857.9 857.7 856.9 855.8 854.8 853.6 850.5 848 845.1 846.1 844.5 842.2 838.1 833.9 831.9 825.6 818.8 812.2 808.5 801 781.3 797.7 811.6 818.9 822.2 825.1 826.4 827.4 827.8 824.6 820.4 807.2 785.6 775.6 791 812 834.4 854.9 863.1 870.5 877.5 882.4 886.8 891.1 895.7 901.2 904.7 909.5
703.9 718.2 725.9 715.9 704 695.9 702.2 710.9 721.9 737.8 758.5 776.2 788.9 779.1 769.8 794.4 815.1 829 836 839.8 842.2 844.5 847.3 849.8 852.5 856.2 859.6 861 860.5 859.5 858.3 857.6 856.6 855.5 854.4 854 851.7 849 846 845.7 845 842.5 839.9 835.1 832.5 827.3 819.7 813.4 807.1 796.2 778.8 799.8 812 817.5 820.7 823.9 825.7 827.1 826.9 825.1 818.7 802.2 782.6 769.5 783.9 807.4 832.4 854 864.7 872 878 884.2 889.3 894 899.5 905.5 908.5 911.6
689.8 703.2 701.8 687 677.2 701.8 710.6 717.7 723 723.4 730.6 751.2 774.6 764.1 776.3 801.9 821.5 830.7 837 840.4 843.2 844.6 846.5 848.1 851.3 855.5 858.3 860.5 861.2 860.1 858.8 857.6 856.4 855.4 854.7 854 851.6 848.9 847.5 845 845.8 844.5 840.7 836 833.3 827.1 820.9 810.5 803.9 790.5 774.3 800.7 811.5 816.8 819.7 822.6 824.8 826.1 826.1 825.2 817.3 797 779.1 763.7 778.1 801.9 828.7 851.6 863.1 872.5 880.4 886.7 891.8 896.8 902.3 906.7 909.2 913
677.6 687.5 674.8 659.3 688.3 704.7 719.3 730.2 738.2 743.3 743.1 735.7 756.5 756.2 787 807.1 823.1 831.7 836.4 839.9 843.2 845.4 847.3 848.6 850.9 853.8 856.3 859.8 861.2 861.1 860.4 858.9 856.2 855.3 854.4 853.4 850.8 849.9 846.7 845.9 845.4 842.5 840 835.6 831.1 827.8 819.3 807.9 799.5 784.6 776.1 799 809.5 814.5 818.5 821.8 823.8 825.1 825.3 822.8 813.7 793.6 777.1 759 774.7 798.3 827.5 850.3 865.9 875.2 883.3 888.5 893.5 898.4 902.7 905.4 909 914.7
667.3 674.3 650.8 673.5 692 710.2 725.2 737.4 748.6 756.5 760.7 758.7 761.9 774.5 789.8 810.6 822.7 831 835.1 839 842.7 845.7 847.1 849.8 850.2 852.5 855.9 859.1 860.8 860.9 860.5 859 857.4 856.6 855.6 854.5 852.5 850.1 847.9 848 847.7 844.1 839.7 836.9 832.3 826.4 816.8 801.9 792.9 778.2 776.2 797.1 807 812.8 816.8 820.1 822.8 824.1 824.5 821.3 810 791.1 772.7 755.7 772.5 798.2 826.6 850.9 868.7 878.8 885.7 890.4 894.3 898.1 901.9 903.9 908.5 914.7
658.7 658.5 650.6 677.1 696.6 717 734.6 752.9 764.4 773 778 780.8 781.5 791.1 802.3 811.2 820 827.3 836.1 839 843.3 846.1 848.2 850 851.8 853.5 857 859.8 860.5 860.5 860.4 859.7 858.6 857.7 856.9 855.7 853.5 851.7 849.1 848.2 848.3 845.9 840.5 837.2 833 826.7 812.1 798.3 787.4 768.5 773.6 793.1 805.2 810.1 815.3 819.7 821.9 824 824.1 820.3 808.5 788 768.9 752.3 771 797.9 824.7 847.8 868.7 879.9 886.6 891.3 894.4 896.7 898.9 901.1 908.5 916.2
649.3 633.1 659.4 684.9 704.9 723.8 746.6 766.3 780.8 790.6 797.7 796.7 800.9 808.6 814.9 817.5 820 827.2 836.3 841 844.5 847.2 848.9 850.8 852.6 854.4 857.6 859.5 859.9 860.1 859.9 858.7 857.7 856.8 855.8 855 853.1 850.8 849 849.1 849.5 847 842.6 839.1 833 825.6 809.5 793.9 775 755.8 770.3 789.4 802.2 809.1 815.6 819.6 822.2 823.5 822.8 817.8 804.2 784.7 765 749.3 769.3 795.2 820.6 847.3 866.6 877.8 886 889.9 891.7 893 895.8 900.6 908 919.3
623.5 650 670.2 689.6 709 730.6 756.4 776 794.1 805.2 813.1 815.5 820.4 822.1 824.5 826 826.1 827.1 833.7 840.8 845.2 847.9 849.6 851.4 853.1 854.5 856.8 858.1 858.6 858.8 858.9 857.4 856.5 855.8 855.3 854.4 852.1 849.5 850.1 851 850.9 848.6 845.2 841.9 837 824.9 804.5 785.4 760.9 745.3 764.3 786.3 797.7 806.6 814.2 819.8 822 822.8 820.8 814.4 799.5 779.8 761.8 744.8 767.1 791.8 815.5 843.5 864.5 875 883 886.6 888.2 888.9 894.2 900.7 912.4 925.1
636.1 654.7 670.6 691.9 710.7 732.1 757.5 778.1 800.6 815.9 823.7 827.1 832 834.2 833.7 832.3 832.2 829.6 833.7 840.7 845.7 847.9 849.6 851.7 852.6 853.2 854.2 855.7 856.8 856.2 855.7 856.2 856.4 856.5 855.3 853.5 851.3 849.9 850.3 851.5 851.3 847.8 845.8 842.1 835.6 823.5 799.7 778.4 758.2 732.7 760.7 782.9 792 806.7 814.1 819.5 821.5 821.9 816.6 808.9 792.7 774 754.2 738.7 763 786.8 810.8 840 861.5 872.3 879.6 883.2 884.9 888.1 894.2 903.8 918.8 930.9
635.7 652.5 671.3 691 709.1 731.8 756.9 780.4 802.5 819.4 831.2 836.2 842 843.7 842.5 839.7 836.7 836.4 838.9 843.4 845.3 848 850.2 850.8 851.4 852 852.7 853.8 854.1 854.1 853.3 854.6 855.3 855.4 854.6 852.5 850.6 850.7 850.4 851.6 850.4 846.5 843 840.6 835 814.4 795.2 773.4 753.8 725.6 753 777.1 789.9 806.2 812.8 814.3 813 809.9 804.6 791.9 775.9 758.7 744.8 733.8 759.5 779.5 805.7 834.6 857.3 868.1 874.5 876.9 884.3 890.2 898 910.3 925.6 933.9
633.9 651.3 671.1 690.9 708.7 730.7 758.3 783 800.9 815.1 829.5 839.1 849.2 850.2 849 845.5 841 840 842.1 845.1 848 849.5 849.7 850.2 850.7 850.2 850.6 850.6 850.8 850.8 851.6 852.5 853.9 854 853.7 852.3 850.5 850.1 851.7 851.5 849.8 845 842.2 839.6 830.8 809 790 768.3 747.1 718.2 749.6 779 790.4 800.8 799.5 792.8 790.3 786.2 778.2 766.3 755.3 743.7 732.1 733.4 753.8 777.5 801.6 829.6 850.9 862.6 867.6 878.5 885.7 895 904.9 917.2 929.7 938
632.8 650.5 668.1 688.5 709.1 732.4 758.7 781.1 801.8 820.7 835.1 842.9 848.7 852 851.7 849.3 845.3 844.5 845.7 847.1 848.9 849.8 849.7 849.4 848.7 848.6 848.9 848.1 848.1 848.3 849 849.9 851.1 851.1 850.9 851.1 849.7 849.1 851.1 850.8 848.9 847.1 843.6 839.3 826.8 805.8 782.5 762.5 741.2 709.2 746.3 771.4 773.6 779.5 774 766.3 760 757.5 753.1 744.4 735.6 727 722 731.5 751.9 773.7 797.9 822.4 840.4 857.3 870 878.3 886.8 899.2 911.5 924.3 934.8 943.2
632.4 650.9 668.8 687 708.9 732.4 758.6 780.3 801.6 826.1 837.6 846.6 853.1 856.2 854.4 851.9 849.1 848.7 848.2 849.6 849.8 849.8 849.9 849 847.4 847.2 846.4 845.6 845.8 846.1 845.5 844.9 847.2 848.4 848.4 848 846.9 848.3 849.8 850 849.2 849.5 845.7 840.2 824.5 800 778.6 757.7 737.1 714.2 725.8 756.8 753.5 750.6 745.8 739.9 733.6 731.5 728.9 725.9 717.7 713.8 722.4 731.1 747 761.8 786.2 816.5 842.2 856.4 867.8 877.8 889.8 904.7 918.2 930.5 940.7 948.1
629.4 648.6 668.5 688.4 707.4 730.3 754.4 777.2 802.5 822 835.3 847.4 854.9 857.9 857.6 855.1 852.2 851.5 850.3 850.9 850.8 850.4 850 848.2 846.4 845.6 845.4 844.2 844.2 843.4 842.2 841 842.5 842.9 843.2 844.5 845.5 847.6 849.5 849.6 852.6 852.5 847.6 841.2 822.1 795.1 771.1 749.7 730 702.2 724.1 728.8 725.5 721.3 717 712.1 707.2 706.8 700.7 702 707.6 721 729.8 742.4 758.9 778.8 800.4 828 845.3 857 867.5 879 892.9 908.7 922.1 934.2 944.1 952.4
628.2 647.1 667.2 688 708.8 730.1 751.7 775 800 818.1 832.8 846 854.5 857.9 858.3 857.1 854.1 853.2 852.5 851 850.7 850.1 849.6 848.4 846.2 845.1 843.1 842.3 841.4 838.6 836.8 836.1 837.3 838.4 839 840.7 842.2 846.2 848.8 852.7 855.2 855.4 851.4 838.7 814.4 787.5 760.9 743.5 725.7 705.9 674.5 700.4 697.3 693.7 691.2 683.8 677.3 694.9 709.6 717.9 726.3 734 745.7 758.4 772.8 789.9 810.4 835.1 847.7 858.7 869.1 883.3 895.7 909.5 923.9 936.1 946 954
626.9 645.9 664.8 685.9 706.2 728.5 751.3 774.5 796.7 816.8 831.5 842.2 853.2 858.1 859.4 857.5 855.5 855.1 853.8 852.2 850.9 850 849.2 847.9 846 843.8 841.3 839.9 839 834.9 832.1 832.7 833.4 833.7 834.7 836.7 839.2 842.9 847.1 851.9 857 856.8 852.5 838 806.3 776.6 748.2 734.5 717.2 701.8 685.8 673.3 671.9 666.2 663.1 669.6 691.2 705.8 718.3 729.2 739.5 751.3 761.5 774.8 788.6 803.8 821.9 840.4 851.6 862 876.7 888 899.3 912.5 927.3 938.3 948 956
624.7 644.7 665.2 683.3 704.9 727.7 751.8 776.7 796 814.6 830.5 842.8 851.7 856.7 858.9 859.1 857.5 856.6 855 853.2 851.7 850.8 848.9 846.5 845.3 842.3 840.5 837.8 834.7 833.7 831.3 829.9 830.5 829.7 828.6 831.8 835.4 839 844.1 850.1 856.5 856.6 852.3 835.7 794.6 766.9 740 720.5 705.2 695.9 669.1 654.4 656.1 645.5 654.4 674 692 709.1 724.6 739.6 754.6 766 779.1 791.1 805.8 819.2 833.7 846.9 858.2 867.7 880.2 893.1 906.2 917.3 930.3 941.3 950 957.5
623.2 644.4 665.3 684.5 708.2 732.2 757.2 779.2 797.9 814.7 833.5 844.5 852.3 856.2 858.5 859.5 859.2 858.8 856.4 854.5 852.1 850.1 848.2 846.6 844.7 842.2 840.4 838.2 835.2 832.3 830.2 828.6 829.2 825.4 823.8 827 831.3 835.4 840.3 846.3 854.2 856.6 851.8 821.4 779.5 753 730.4 707.3 695.4 688.3 670.6 656.3 643.3 639 654.4 670.9 694.3 714.2 732.4 750.3 765.8 781.6 794.9 808.2 819.3 832.5 846.3 856 864.3 874.6 889.2 899.7 911.3 922.1 932.6 943 951.2 957.8
623.7 644.8 666.7 687.4 711.4 737.1 761.8 785 801.4 821 836.9 848.7 854.3 857.5 858.6 859.7 859.2 858.8 857.7 856.2 853.8 851.5 849.6 847.8 845.5 843.3 842.2 838.9 835.7 833 831.9 830.9 829.2 825.8 817 817.9 826.3 830.2 836.1 840.5 849.9 852 830.5 795.3 767.7 739.6 717.2 697.7 684.3 681.6 669.5 651.9 650.8 633.4 650 671.7 696 719 741.4 761 779.3 797.9 810.9 820.7 832.3 844.7 856.2 863.1 870.4 884.3 897.8 908.1 917.5 926.5 935.2 944.1 952.1 958.6
621.8 638.7 665.7 691.5 715.6 741.3 766.9 788.3 806.7 828.7 843 850.5 855.7 859.1 860.2 860.5 859.9 859.2 857.8 856.4 855 852.9 851.7 850.6 847.2 844.1 843.3 840.2 837.5 834.9 833.6 832 829.3 824.8 817.6 804.6 813.2 823.2 830.3 835.7 840 837.6 801.9 774.8 751.3 728.9 706.4 687.9 675 669.7 670.1 645.1 644.8 629 647.8 670.2 694.6 722.6 744.9 765.4 787.9 808.3 821.5 829.9 839.8 855.3 864.5 869.1 880.3 894.8 905.7 915.8 924.4 930.1 938.3 946.6 953.6 960.2
621.8 642 669.2 693.9 721.8 748.2 773.8 794.6 813.3 835.8 845.4 854.1 857.9 860.6 861.2 861.2 860.7 859.9 858.6 857.3 856 854.8 853.6 853.2 850.5 848.6 846.4 844.6 841.1 837.9 836 834.2 830.6 825.3 817.6 804.5 802.8 813.3 821.3 828.9 833.8 818.8 786.7 758.7 737.1 715.1 696.3 679.3 665.7 659.5 656.2 642.1 634.7 628.3 645.1 664.7 687.9 718.5 747.4 769.8 789.3 812.1 826.7 837.9 849.9 863.3 870.6 880.7 892.3 904.5 914 922.5 929.2 934.5 941.8 949.3 954.1 958
