WholeMapElevations/data/sp/sp90_OST50GRID_20230518/SP90.asc
ncols 200
nrows 200
xllcorner 490000
yllcorner 200000
cellsize 50
[rows 35 to 69 of 200, columns 78 to 155 of 200]
178.1 179.7 182.5 185.7 186.6 186.4 186.3 186.2 186 185.2 183.5 182.5 181.1 179.9 179.2 178.6 179 179.9 181 181.2 181 181.7 182 181.1 181 180.6 180.4 180.2 180.1 179.8 179.3 179 178.6 178.1 178.8 178.6 177.9 177.5 177.1 177 176.9 176.9 176.9 176.7 176.8 177.3 177.1 175.1 174.4 174.4 172.4 173.1 171.3 171.4 172.2 172.9 173.8 173.7 173.3 172.9 172.5 172.2 171.3 168 168.6 168.5 166.9 163.7 161.3 158.7 155.4 153.2 149.2 142.6 136.6 131.7 131.3 132.3
180.7 176.2 179.7 183.8 186 186.3 186.2 186 185.9 185.7 184.7 183.7 182.4 181.4 180.3 179 178 178 178.8 180.1 180.8 181.4 181.3 180.6 180.8 180.9 180.5 180.1 179.7 179.3 178.8 178.3 177.9 177.5 178.5 178 177.6 177.2 176.8 176.7 176.6 176.2 176.1 176.6 177.1 177 176.6 174.5 173.1 172.3 171.4 170.3 172.2 170.5 171.3 172.4 173 173.3 173.3 172.9 172.6 172.3 171.8 169.4 169.7 169.9 168.8 167.7 165.7 163.3 159.2 156.3 152.7 147.1 141 139 139.6 137.6
182.7 177.8 176 180.6 184.2 186.2 186.1 186 186.3 185.8 185.3 184.8 183.8 182.8 181.8 180.6 178.7 177.8 178 176.8 177.7 178.8 180.3 180 180.2 180.4 180.6 180.5 180.1 179.6 179.3 178.8 178.2 177.5 178.1 177.7 177.3 176.9 176.5 176.4 176 176.3 176.7 177 176.9 176.5 176.2 174.7 173.9 173.2 172.3 170.5 168.8 171.5 170.4 171.3 172.1 171.9 171.8 172 172.3 171.9 171.5 170.9 170.1 170.4 170.2 169.5 167.9 165.6 163.1 159.7 155.1 150.3 146.8 145.7 146.6 145.1
183.6 179.3 174.7 177.2 181.8 185 186.1 186.4 186.5 185.9 185.3 184.8 184.3 183.9 183.2 182.3 181.8 180.3 178.2 175.9 174.9 176.9 179.3 179.5 179.7 179.8 180 180.2 180.4 180 179.7 179.3 178.7 178 177.7 177.6 177.1 176.5 176.2 176.1 176.5 176.9 177.3 177.3 177.2 176.8 176.4 175.5 174.7 174 173 171.9 171.3 166.8 171.5 170.7 170.7 170.2 169.8 169.9 170.4 170.7 170.5 170 170.6 170.8 170.3 169.8 168.7 166.9 165.1 162.8 159.7 156.8 152.8 152.4 153 150.4
184.4 181.5 175.4 173.9 178.6 183.4 185.5 185.9 186.6 186.1 185.5 184.7 184.1 183.7 183.3 182.9 182.2 181.3 180.2 177.6 175.7 173.8 177.5 179.3 179.6 179.8 179.9 180.1 180.3 180.2 180 179.7 179.3 178.4 177.5 177.2 177 176.7 175.5 175.8 176.2 176.7 177.1 177 176.9 176.9 176.9 175.5 174.7 173.9 172.9 171.9 170.7 170.6 165.2 170.7 167.7 167.4 167.5 167.6 167.4 167.6 169.3 169.9 170.3 170.6 170.7 170.2 169.5 167.8 166.8 164.7 163.3 161.6 159.3 158.8 158.8 157.1
184.2 181.3 175.6 171.8 176.4 182.1 184.6 185.4 186.3 186.3 185.3 184.6 183.9 183.5 183.2 183 182.4 181.7 180.9 179.6 176.9 174.3 173.5 177 178.4 180 180.1 180.3 180.3 180.2 180 179.8 179.5 179 178.2 177.8 177.3 176.2 175.2 175.5 175.8 176.2 176.6 176.6 176.6 176.6 176 175 174 173 171.9 170.5 169.3 168.9 170.3 164.6 168.4 165.6 164.1 163.7 163.5 164 165.6 167.9 169.3 170 170.2 170.4 170 168.8 167.8 165.7 164.8 164.3 163.8 162.9 161.9 160.6
184.8 182.1 177.3 173.1 173.5 180.1 183.2 185 186.1 185.7 185.2 184.5 183.7 183.2 183 182.9 182.4 181.8 181.1 180.4 178.1 176 174.2 174.1 177.2 178.4 179.6 180.4 180.3 180.2 180 179.7 179.5 179.1 178.6 177.9 177.1 176.1 175.7 175.6 175.9 176.3 175 175.9 176.1 175.8 174.8 173.6 172.5 171.8 170.7 169 167.7 167.3 167.9 166.9 163.6 168.1 166.7 166.2 164.7 162.3 162.5 164.8 168.1 169.7 170.2 170.2 170.1 169.4 168.1 167.5 167 166.6 166.1 165.6 164.1 162.4
184.6 182.2 178.9 173.9 170.6 178.1 181.7 185.1 185.7 185.4 185 184.5 183.7 183.2 182.9 182.8 182.5 181.8 181.2 180.4 179.6 177.8 175.8 173 174.1 177 178.5 179.6 180.3 180.2 179.9 179.7 179.4 178.9 178.2 177.7 177.1 176.6 176.1 175.7 176.1 174.9 173 174 174.2 174 173.5 171.7 170.4 169.8 169.2 167.8 168.3 169.1 170.3 168.6 165.8 163.1 169.9 169.1 168 165.3 162.5 162.6 166.7 168.6 170.4 170.7 170.7 170 169.2 168.7 167.9 167.2 166.4 165.7 165.3 163.9
184.1 182.3 179 173.8 168.8 176.8 181.2 184.3 185.3 185 184.7 184.4 183.7 183.3 183 182.7 182.5 181.9 181.1 180.4 179.7 178.6 176.9 174.3 171.5 173.6 176 177.9 178.8 179.3 179 178.6 178.8 179.3 178.7 178.1 177.5 177.2 176.7 176.1 174.9 173 172.8 172.4 172 171.6 172.3 170.3 169.2 169.3 169.6 170 170.4 171 171.7 171.3 172 171.6 162.6 168.9 169.3 167.7 164.7 161.6 164.7 168 170.4 171.7 170.9 170 169.3 168.8 168.1 167.3 166.4 165.9 165.5 165.2
183.3 181.6 178.6 173.1 167.7 174.9 181.3 183.2 184.8 184.7 184.4 184.1 183.7 183.4 182.9 182.5 182.1 182 181.4 180.7 180 179 176.7 176.8 173.7 170.1 171.3 174.8 177 177.7 177.6 177.6 178.6 179.2 179.1 178.5 177.9 177.7 177.4 176.8 175.4 174.8 174.3 174.1 173.3 172.5 171.9 172.2 172.3 172.2 171.7 172.1 172.6 173 173.4 173.3 172.6 172 170.8 161.5 166.7 167.3 165.2 162.4 162.6 166.8 169.2 170.3 170.7 169.9 169.2 169 168.1 167.2 166.5 166.1 165.7 165.4
182.2 180.2 177.4 171.2 166.8 174.3 180.7 182.4 184 184.4 184.1 183.8 183.5 182.4 181.9 181.5 181.5 181.5 181.6 180.9 180.2 180 179.3 178.7 176.9 173.3 170 170.3 172.7 174.6 176.4 177.5 178.4 179 179.5 178.9 178.4 178.1 177.9 177.5 176.3 176.5 176.3 176.1 175.7 175.2 174.6 174.8 174.2 173.6 173.1 173.1 173.5 173.9 174.1 173.8 173.1 172.3 171 169.3 161 164.4 164.9 162.4 160.6 164.8 167.5 168.9 169.6 169.5 169.1 168.8 168 167.1 166.7 166.3 165.9 165.6
180.3 178.8 175.6 170.1 165.9 174.8 180 181.8 183.2 184.1 183.8 183.5 183 181.9 181 181 180.9 180.9 181.1 181.1 180.9 180.7 180.4 179.5 178 176.2 172.6 166.6 166.7 171 175.4 177.3 178.2 178.7 179.3 179.4 178.8 178.6 178.3 178.1 177.7 177.4 177.1 176.8 176.5 176.2 175.8 175.4 175 174.7 174.4 174.2 174.4 174.8 174.6 174.1 172.9 171.8 171 169.3 167.3 159.6 159.6 161.3 159.9 162.8 164.6 166.7 168.3 169.1 168.6 168.5 168 167.2 166.9 166.5 166.1 165.8
177.5 176.6 173.1 168.2 165.3 173.9 179.3 181.7 183 183.7 183.5 183.2 182.6 181.4 180.2 180.4 180.3 180.3 180.5 181.3 181.4 181.5 181 180.1 179.1 178 175.8 171.1 167.4 167.9 174 176.8 178 178.5 179 179.5 179.3 179 178.6 178.2 178.3 178.1 177.8 177.5 177.2 176.5 175.9 175.5 175.2 174.9 174.8 175.2 175.4 175.3 174.3 173.4 172.2 171.8 170.6 169.3 167.6 165.4 158.8 158.8 158.6 158.8 161.7 163.3 164.7 166.7 167.9 168 167.9 167.4 167.1 166.8 166.5 166.2
170.5 169.3 166.6 164 164.3 172.3 178.2 181.1 182.1 182.9 183.1 182.9 182.1 180.9 179.7 179.5 179.7 179.8 181.1 181.3 181.4 181.5 181.1 180.3 179.4 178.5 176.4 172.6 166.4 166.7 172.9 175.8 177.8 178.3 178.8 179.3 179.6 179 178.4 178.4 178.6 178.7 178.5 177.8 177.2 176.6 176 175.7 175.3 175 175 175.4 175.6 175 173.6 172.6 171.6 171.4 170.3 169.2 168.2 166.7 164.3 160.8 158.2 157.9 157.6 159.3 160.6 164.5 166.6 166.8 167.7 168.1 167.8 167.5 167.3 167
171.5 171.8 166.4 162.8 162.8 169.3 176.2 179.3 181 182 182.6 182.4 182.4 181.6 180.4 179.8 179.6 179.4 180.5 181.2 181.3 181.4 180.9 180.2 179.5 178.7 177.2 174.4 169.1 165.7 169.3 172.7 175.6 178.1 178.6 179.4 179.9 178.8 178.5 178.7 178.8 178.7 178.5 177.9 177.3 176.6 176.2 175.8 175.5 175.2 175.1 175.5 175.3 175 174 172.1 171.3 171 169.6 168.3 167.7 165 163.4 161.6 161 157.5 157 155.9 157 160.2 164.6 165.8 167.2 168.6 168.7 168.3 168 167.7
177.1 176 173.2 168.1 161.2 165.3 173.2 177.3 179.9 181 181.9 181.7 181.8 181.9 181.5 180.6 179.8 179.2 179.8 181 181 180.9 180.5 179.8 179 178.3 177.4 175.7 171.9 165.6 165.4 169.7 173.8 177.4 178.8 179.6 180.1 178.7 178.6 178.6 178.6 178.4 178.3 177.9 177.3 176.7 176.3 176 175.7 175.3 175.3 175.3 175 174.8 174.5 171.8 171.3 170.1 168.6 167.1 165.7 164.7 164.9 165.2 164.9 163.9 156.8 157.1 155 156 160.1 163.2 164.8 166.6 168.2 168.7 168.8 168.4
179.8 178.3 175.7 170.5 163.5 160.6 169.5 175.2 178.3 180 181.1 181.1 181.1 181.2 181.1 180.5 179.7 179 178.7 180.1 180.5 180.5 180.1 179.3 178.6 177.8 177 175.4 172.8 167.3 162.9 168.2 174.5 177.5 178.9 179.8 180.4 179.6 179 178.5 178.3 178 178 177.9 177.4 176.8 176.5 176.2 175.8 175.5 175.3 174.8 174.3 173.9 172.4 171.4 170.7 169.5 168.8 168 167.3 167.6 168.4 168.2 167.4 166.3 165.1 156.3 158.2 154.3 154.5 158.6 162.7 164.5 166.2 167.8 168.3 168.4
180.8 178.7 176.3 172.7 165.7 159.7 165.2 172.4 176.7 178.9 180 180.2 180.2 180.2 179.6 179.1 178.6 177.8 177.2 178.7 179.7 179.4 179.5 179 178.2 177.4 176.6 174.2 170.6 166.1 164.1 168.2 174.5 177.1 178.9 179.7 179.8 179.6 178.9 178.3 177.8 177 177.2 177.1 177.4 177 176.7 176.2 175.8 175.4 175.2 174.6 173.6 172.8 172.5 172.2 171.9 171.5 171.1 170.4 170 170.1 170.1 170 169.2 168.1 166.3 164.6 155.5 157.9 154.5 154.3 157.3 161 164.9 165.9 167.5 167.9
181.5 179.5 177 174.2 168 160.2 160.1 167.7 173.9 176.8 178.4 179.3 179.3 178.8 178.5 178.5 178.6 178.5 176.4 176.5 178.3 178.1 178.3 178.4 178 177.1 176 173.8 170.5 165.3 161.7 167.8 173.9 176.9 178.5 179.1 179 179.1 178.5 177.9 177.4 177.1 176.6 177.1 177.2 176.7 176.3 175.8 175.5 175.5 175.3 174.7 174.6 174.4 174.1 173.8 173.4 173 172.4 171.9 171.5 171.3 170.5 169.7 169.3 168.3 166.9 165.4 163.6 155 158.5 153.9 154.9 157.5 161.7 163.9 165.5 167.1
181.2 180.1 177.9 175.2 170.4 163.9 158 163.3 170 174.3 175.8 177.9 178.8 178.9 178.9 178.9 179.2 179.1 178.4 177.4 176.1 176.9 177 177.2 177.6 176.8 175.7 174.4 171.6 166 161.2 167.2 172.2 176.2 177.6 178.9 178.9 178.6 178 177.5 176.9 176.3 175.3 176.9 177.1 176.9 175.9 175.6 175.6 175.6 175.3 174.8 175.2 175.6 175.3 174.9 174.3 173.8 173.2 172.6 171.9 171 170.2 169.4 168.8 168.1 167.1 165.7 164.1 162.1 154 156.6 151.5 157.5 160.6 162.6 164.3 165.9
179.9 179.6 178.3 176.4 171.3 167 159.4 158 164.4 170 174 177.4 178.7 179.2 179.3 179.4 179.8 179.5 179 178.9 177.7 175.9 176.3 176.7 176.9 176.9 176 174.6 172 166.4 160.5 163.8 171.1 174.7 176.6 177.8 178.4 178.1 177.2 176.3 175.9 175.4 175.1 176.2 176.8 177.1 176.5 175.7 175.7 175.7 175.4 175.5 176 176 175.7 175.3 174.8 174.2 173.5 172.8 172.1 171.4 170.7 169.6 168.4 166.7 165.6 164.3 163 161.2 158.6 153.3 151.9 159.7 160.7 162.6 164.6 165.8
178.5 178.4 177.9 176.3 173.6 170.1 164.3 156.8 158.5 164.5 171.8 176.6 178.2 179.2 179.7 179.5 179.1 178.7 178.4 178.7 178.4 176.8 175.5 174.9 175.4 176.2 175.8 174.3 172.4 168 161 159.5 167.7 173 175.5 176.6 177.3 177.5 176.6 175.7 174.8 174.6 175 175.5 175.7 175.9 176 176.1 176.2 175.8 175.7 176.3 176.8 176.5 176.1 175.8 175.1 174.4 173.6 172.9 172.2 171.5 171 170.3 169.1 167.5 165 162.4 160.9 159 156.8 154.9 152.3 156.4 160.1 162.2 164 165
175.9 176.1 175.8 175.4 173.9 170.9 167.2 160.5 154.5 161 169.7 174.8 178.1 179 179.4 179.1 178.7 178.5 178.6 178.8 178.3 177.5 175.2 172.9 172.9 174.4 175 174.2 172.8 169.5 162.8 157.5 164.7 170.7 173.6 175.9 176.6 176.6 176.2 175.3 174.4 173.1 173.6 174.1 174.6 175 175.2 175.4 175.5 176 176.7 177.3 177.2 176.9 176.1 175.2 175.2 174.7 174 173.2 172.6 172.6 171.7 170.8 169.9 168.4 167.5 165.7 164 162.5 160.7 158.3 154.2 152.4 157.4 161.1 162.6 164
172.4 172.1 172.3 171.9 171.5 170.5 167.9 163.2 155.2 157.9 167.6 173.5 176.8 178.7 179.1 178.7 178.7 178.8 178.8 178.8 178.3 177.6 176.9 174.9 171.6 171.6 172.2 172.9 172.6 170.3 164.7 157.5 159.7 167.7 171.9 174.3 175.5 175.4 175.4 174.9 172.9 171.6 172.3 172.9 174.1 174.8 175 175.6 176.4 176.2 176.1 177.7 177 176.2 175.4 174.4 173.9 174.1 174.2 173.6 173 172.9 171.8 171.3 170.6 169.1 168.1 167.4 166.3 165.2 163.8 161.1 156.6 151.1 153.1 160 161.2 162.3
164.4 166 166.1 166.4 166.6 166.1 163.8 162.6 157.6 155.7 165.5 172.2 176.4 177.7 178.8 178.7 178.6 178.6 178.5 178 177.7 177.4 177.1 176.2 173.2 169.7 168.9 169.4 171.4 169.8 166.9 160.4 156.6 164.2 170.1 172.6 174.1 174 173.9 173.3 171 169.6 171.6 172.9 174.2 175.2 176.1 176 175.8 175.6 175.4 177 176.3 175.6 174.6 173.6 172.7 172.8 172.9 173 173.1 172.5 171.8 171.2 170.5 169.8 168.4 168 167.1 165.9 164.7 162.6 159.2 154.7 149.8 154.8 158.3 161.9
159.8 159.1 158.6 157.4 157.7 156.1 155.3 156 153.2 152.3 163.2 170 174.5 176.6 177.5 178.3 178.3 178.2 177.8 177.3 176.9 176.7 176.7 176.6 175.2 173.2 169.3 165.7 167.3 167.4 165 160.8 154.7 161 167 170.1 172.1 172.5 172 170.9 166.7 167.8 172.6 174.5 175.6 176.1 175.9 175.7 175.5 175.2 175 176 175.7 174.9 173.8 172.8 171.9 171.5 171.6 171.7 172.1 171.7 171.2 170.8 170.3 169.6 168.9 167.6 166.2 165 164.1 162.4 159.9 156.7 152.5 146.1 157 160
167.2 166.3 165.7 163.5 160.6 157.7 154.1 152 151.5 151.9 159.8 167.5 171.8 174.8 176.2 177 177.9 177.7 177.1 176.5 176.3 176.3 176.3 176.3 175.9 174.4 172.1 167.8 164.7 162 160.6 157.1 155.2 156.2 162 166.6 168.8 169.9 168.8 165.9 165.9 170.3 173.8 175.3 176.1 175.8 175.8 175.9 175.4 174.9 174.7 175 175 174.1 173 172 171 170.2 170.3 170.5 171.1 170.6 169.9 169.6 169.2 168.4 167.6 166.6 165.3 163.9 161.8 159.8 157.9 155.2 151.8 147.3 149.6 160.1
174 172.9 172 170.2 167.9 166.4 163.3 158.4 153.1 150.1 154.2 162.5 168.3 172.1 174.6 176 176.9 177.1 176.1 175.5 175.6 175.9 175.9 175.9 175.9 175 173.9 170 167.1 165.5 163.2 161.6 159 154.1 155.7 160.1 163.7 165.5 164 161 167 171.6 174.3 175.7 175.7 175.5 175.5 175.5 175.6 175.6 175.3 174.6 174.3 173.3 172.2 171.2 170.2 169.3 169 169.5 169.7 169.2 168.6 168.1 167.6 167.1 165.9 164 161.5 159.7 156.7 155.3 153 150.5 147.4 145.3 149.6 158.3
177.1 176.5 175.8 174 172.7 171 168.7 164.6 159.3 152.4 149.2 154.8 161.6 168 171.2 174.4 176 176.9 176.1 175.1 173.8 174.1 174.6 175.5 175.6 175.2 175.4 171.9 171.2 170.6 169 167.3 164.3 158.8 153.6 153 156.6 159.7 158.5 161.3 167.4 172.3 174.5 175.7 175.4 175.1 175.2 175.2 175.2 175.3 175.3 175.4 174.6 172.8 171.4 170.4 169.4 168.5 167.7 167.9 168.4 168.1 165.9 165 164.7 163.2 160.9 159.3 155.8 156.2 155.7 155 152.8 150.6 147.4 142.8 148.2 155.4
176.9 176.3 176.7 176.8 176.3 174.5 172 168.6 164.6 158.3 150.8 148.7 154.5 161.5 167.7 171.9 174.4 175.8 176.3 175.5 174.1 172.3 173.1 174.2 175.2 175.5 175.6 175.4 174.6 173.8 172.4 170.9 169.1 164.6 160.1 154.3 151.1 152.7 153.3 160.3 168 172.5 174.6 175.3 175 174.8 174.8 174.9 174.9 175.1 175.4 175.4 174.8 173.3 171.4 169.7 168.8 167.9 167.1 167.6 168.5 166.9 164 161.5 161.1 160.7 160.6 161.4 162 162.1 161.9 159.8 157.7 154.5 149.1 142.2 146.3 155.1
173.3 175.5 177 177.6 176.7 175.5 174 171.5 168.3 163.8 157.5 150.5 147.1 153.7 161.8 167.9 171 172.7 175 175.3 174.1 172.2 169.8 172.1 174.1 175.3 175.6 175.9 175.6 175 173.8 172.5 171.5 169.1 166.1 160.9 154.2 148.8 151.5 160.2 167.4 172 174.2 174.6 174.7 174.5 174.5 174.6 174.9 175.3 175.7 175.3 174.8 173.9 172.3 170.9 170.1 169.2 168.7 168.6 168.5 166.7 165.5 164.3 163.3 163.1 163.7 164.5 166.1 166.8 165 162.8 160.7 157.2 151.5 143.2 143.2 152.7
165.5 169.4 173.3 175.5 175.2 174.6 174.4 173.5 170.9 166.6 162.7 155.5 147.9 146.5 154.2 162.5 167.8 170.8 173.4 174.3 173.6 172 167.5 170 172.5 173.9 175.5 175.9 176.1 174.8 173.5 173 172.6 170.8 168.3 164.5 157.2 150.3 149.9 159.3 166 171.4 173.7 174 174.2 174.2 174.4 174.8 175.2 175.6 175.8 175.3 174.7 174.2 173.6 172.2 171.2 170.5 170.1 169.3 168.6 168.4 167.6 166.5 165.6 166.2 167 167.9 168.5 168.1 167 164.9 162.3 158.7 153.5 145.4 140.5 148.8
158.3 162.6 167.9 172.3 174.1 174.2 174.1 173.9 173 169.2 164.3 158.9 153.3 147.7 147.4 155.5 163.3 168.2 171.6 172.8 172.6 171.1 167.2 166.9 171.1 173.2 174.5 175.1 174.4 174.2 174.3 173.8 173.2 171.3 169 164.8 159.7 151.4 147.9 158.2 164.1 170.4 172.8 173 173.1 174.1 174.5 174.8 175.2 175.6 175.9 175.3 174.7 174.2 173.7 173.4 172.2 171.5 170.3 169.4 168.6 168.7 168.6 167.8 167 167.6 168.2 168.6 168.9 168.4 167.4 165.7 163.2 160.1 155.2 148 139.7 145.1
152.8 153.2 158.8 166.2 169.4 172.6 175.4 174.6 174.5 172 167.7 163 156.5 150.4 145.5 148.2 155.7 163.6 167.4 170.4 170.9 169.7 166.1 164.1 168.3 172 173.4 174 174.4 174.3 174.3 174.5 173.5 171.6 168.4 164.2 158.7 150 146.5 156 162.9 169.3 171.5 171.4 171.1 172.8 174.3 174.7 175.1 175.8 176 175.6 175 174.5 174 173.5 172.9 171.8 170.6 169.4 168.6 168.8 168.9 168.5 167.4 167.7 168.3 168.9 169.2 168.6 167.5 165.6 163.6 160.8 157.2 150.2 141 141.6
157.5 154.3 151.7 158 165.5 169.2 172.5 174.6 175.2 174.5 171.8 167.4 162 156.1 149.8 144.3 148.5 155.7 161.5 166.3 168 167.4 163.9 160.2 165.9 169.8 172.1 173.4 174.2 174.8 174.6 174.3 173.6 171.8 167.3 162.7 156.4 148.5 146.6 155.8 162.7 166.9 168.3 168.6 169.8 171.5 173 174.5 175.3 176.1 176.1 175.7 175.2 174.7 174 173.4 172.5 171.6 170.6 169.5 168.6 168.4 168.3 168.6 168 167.9 168.4 168.9 169 168.5 167.4 165.4 163.5 161.1 157.9 151.3 143.3 139.6
