UK/data/nh/nh15_OST50GRID_20230518/NH15.asc
ncols 200
nrows 200
xllcorner 210000
yllcorner 850000
cellsize 50
[rows 105 to 139 of 200, columns 78 to 155 of 200]
223.7 225.7 227.4 229.9 233 234.8 237.5 236.9 240.8 234.8 237.5 234.9 235.2 233.7 233.1 233.3 234.8 231 227.6 228.4 227.8 229.7 232.1 233.4 231 232.5 233.8 234.7 237.3 240.8 241.8 229 232 236.8 242.6 245.8 248.3 251.8 253.8 257.6 264.6 272.3 281.5 287.1 297.3 304.7 310.2 313.7 316.9 319.9 322.9 329.9 333.3 336.6 342.1 349.3 360 372.5 384.9 391.5 398.8 407.8 420 430.2 437 440.5 445.1 449.5 451 455.5 460.8 464.4 466.9 469.1 469.7 468.4 459.6 454.5
226.9 229.7 230.9 233.4 235.8 238.1 239.7 242 242.1 239.3 241.3 240.5 242 240.7 239.8 237.8 238.9 238.6 234.7 234.2 233.3 236 237.5 237.5 237.8 241.4 240.8 241.6 242 244.1 246.6 243.4 235.3 233 236.4 240 242 244.2 250.3 255 258.6 265.7 270.4 277.4 285.9 294.4 301.6 303.9 308.3 313.2 318.9 323.7 329.5 335.4 341.7 350.3 361.8 373.4 382.1 389.7 398.4 410.2 420.3 429.4 434.3 437.8 442.3 451.4 465.2 472.8 478.1 480.7 483.4 483.9 482.7 479 469 459.9
229.7 233.5 234.5 235.6 239.2 243 242.1 244.9 244 244.3 243.3 245.9 245.5 248.2 246.3 242.7 243.3 244.1 241.9 242.1 240.9 241.8 243.9 243.5 243.2 248.7 248.7 246.8 246.8 247.5 247.7 250.9 248.3 248.7 236.8 236.1 238.3 244.6 244.8 253.4 256.1 258.8 264.6 275 279.4 285.2 289.4 299 302.4 307.8 314.1 318.9 324.8 329.8 339.8 351.8 360.4 370.3 378.5 387.3 399.5 409.1 419 426.8 431.3 436.9 451.6 469.7 480.2 490.1 494.4 497.7 500.5 499.6 496.2 489 475.3 465.8
232.2 235.2 235.3 238 241 244.4 245.4 248.1 251.4 248.7 247.3 250.1 250.6 251.1 251.5 248.9 246.7 246.7 246.6 249.5 248.8 250.5 251.6 252.7 253 251.8 256.4 253.7 253.3 254.8 252.9 253.6 253.1 250.3 251.4 246.8 239.1 238.2 240.3 242.8 253.6 258 259.1 260.7 266.6 273.5 285.7 291.4 296.7 302.4 308.2 315.3 323.3 329.5 340.9 349.8 358.2 366.2 375.5 386.6 397.8 407.5 416 422.4 427.9 441.4 461 476.7 490.7 500.3 508.8 514.5 516.7 513.1 505.3 495.5 482.2 474.6
233.8 234.8 236.6 239.7 243.5 247.5 248.8 252 252.8 252.5 252.3 252.4 255.8 255.9 254.9 254 252.4 252.7 253.3 256.6 258 261.7 262.5 259.7 257.5 258.6 261.5 262.4 261 259.9 260.6 259 256 254 251.8 253.4 251.4 246.4 252.1 242.1 247.9 251 260 263.4 271.9 271.4 277.9 284.2 293.3 299.2 306.8 312.9 321.7 330.3 340 347.9 355.8 361.7 371.5 382.5 393.1 403.7 412.1 418.5 429.2 448.4 467 483.6 499.4 511.1 522.6 533.6 530.2 520.5 512.1 501.6 495.1 485.9
227.7 232.1 235.7 239.1 244.3 247.9 252 252.3 255.1 255.1 257 256.3 259 259 258.1 258.5 260.3 258.7 261.9 264.2 267.6 268.9 271.2 269.8 268.9 267.4 266.4 267.5 268.4 267.8 265 266.2 260 257.2 255.3 254 255.5 254.8 250.3 249.2 243.4 246.9 260.7 263.3 270.6 270 281.8 284.4 289.3 296.8 302.3 310.5 319.5 327.3 335.2 344.9 352 360.3 371.9 383.7 393.4 401.6 408.8 417.2 435.1 451 469.7 486.6 502.3 520.1 533 534.8 531.7 526.2 517.5 512.1 505.7 493.5
230 230.4 234 237.5 241.6 250 252.2 254.2 256.8 256.5 258.7 259.1 260.6 261.2 263.3 265.4 267.9 267.3 271.2 272.8 274.7 277.8 278.9 280.3 280.2 282.2 278.4 277.1 276.1 274.5 270.9 270.5 268.3 264.6 260.9 257.6 256.7 257.4 254.6 253 252.3 250.5 247.4 258.9 266.9 270.1 279 285.3 288.5 294.9 301.8 309.8 315.2 324 333.9 341.2 350.3 358.9 371.1 382.5 391.8 398 405.6 419.2 435.5 452.4 469 486.6 508.3 522.4 531.1 535.7 530.9 523.7 513.8 508.6 501.8 491.8
234 232.1 234.6 239.3 241.5 245.3 249.8 253.3 257.7 257.5 261 261.2 262.8 265.7 268.6 273.1 274.4 277.6 278.8 282 284.1 287.4 289 290.6 290.5 291.8 291.9 288.8 286.7 283.2 279.6 276.6 276.5 274.5 269.5 265.7 259.2 257.9 256.7 254 254.3 253.6 248.8 260.4 264.2 270.5 278.2 281.8 284.5 292.6 300.7 307.4 315.5 322.4 329.8 338.9 347.5 356.4 365.9 376.9 386.4 394.5 401.7 417.1 433.3 448 463.9 489.8 504.5 514.1 519.1 519.7 519 518 510.9 499.9 490.3 485.3
234.3 236.8 237.9 239 245.1 248.8 255 255.2 256.6 259.5 263 265 268 272.7 276.7 279 283.3 285.7 289.9 291.1 294 296.5 298 300.2 302 303.4 305.2 304.9 302.6 298.7 290.3 284.6 281.1 280.5 276.6 271.8 267 259.9 260.7 257.4 256.4 257 248.9 257.8 262.3 267.1 275.3 279.9 285.5 289.1 296.8 304.4 311.8 321.4 327.9 336.8 345.2 353.8 363.6 372.7 382.5 392.2 402.3 415.1 429.3 442.5 461.1 480.3 492.4 498.7 499.5 501.9 507.9 507.2 502.5 493.9 479.1 475.8
235.5 239.9 241.7 245.3 246.3 250.8 254.3 258.3 258.8 262 267 270.7 273.7 279.5 283.6 288.2 290.6 295.1 298.7 301.2 304.9 304.6 307.8 311.4 315.7 318.4 320.8 320.4 318.4 311.3 303.7 294.7 287.8 283.6 281.3 276.6 272.6 261.5 266.6 260.5 258.7 258.7 251.2 254.3 261.9 268.1 275.6 278.1 283.6 288.6 293.4 300.2 309.1 318 325.7 332.2 341 351.3 360.2 368.9 378.4 388.2 399 411.9 423.5 436.5 453.5 465.2 476.1 482.5 482.6 487 491.5 491.8 491.2 480.8 471.6 466.4
234.9 239.6 242.9 245.1 246.5 251.9 255.1 259.8 262.3 266 270.3 274.8 279.4 284.6 289.5 294.8 299.1 304.3 308.6 311.8 314.3 316.3 320 324.4 327.5 329.8 331.7 329.8 326.5 321.6 314.1 303.5 294.1 289 284.8 280.4 273.3 266.5 269.8 268.4 261.5 253.8 262.8 264 261.7 268.4 273.5 278.3 283.8 288 293.6 299.5 305.7 315.2 322.1 332.2 339.1 345.4 352.1 360.8 374.7 384.3 394.3 406.1 418 430.6 442.5 451.7 459 466.4 467.2 470.5 473.8 473.8 470.6 468.9 464.6 459.6
235.7 238.1 242.4 246.4 249.1 251.8 255.9 261 266.1 269 274.2 278.7 285.6 289.4 294.6 300.8 305.1 312.1 316 319.7 325.6 330.2 333.7 338.7 338.1 341.5 340.3 337.7 334 329.1 322.4 309.2 301.9 293.7 287.7 282.5 275.4 270.8 271.7 268.1 262.9 258.3 262.7 267 261 266.9 272.9 277.5 281.2 287.9 291.5 296.4 303.3 309.8 319.9 326.5 334.6 343.8 352.7 360.1 370.9 381 389.6 400.8 408.8 420.8 430.9 439 439.8 443.3 446.7 452.8 463.6 468.2 464.1 459.4 454.9 451.4
236.7 241.2 244.7 247.1 250.5 254 257.2 263.7 269 272.2 277.4 283.9 290.5 294.1 300 306.2 310.7 315.5 321.7 327.2 333.5 342 345.3 349.7 349.5 350.9 349.1 347.4 341.7 335.9 325.3 311.5 304.8 297.5 290.8 284.9 277.7 272.1 273.9 268.5 265.1 260.5 265.7 267.6 265.5 266.4 272.5 275.3 279.3 284.6 289.4 294.6 304.9 307.7 316.6 323.8 332.3 340 348 356.2 368 375.8 382.9 393 403.7 410.3 419.5 424.4 424.8 427.4 431.7 437.5 444.7 451.6 448 446.6 444.4 442.7
238.7 242.1 246.8 250.1 253.7 256.7 260.8 266 271.7 274.8 279.6 285.7 293.3 298.9 304.9 311.1 315.1 320.6 327.2 336.4 344.7 350 356 359.2 359.8 362.7 359 354.4 347.9 334.8 323.5 312.1 306.5 298.3 293.3 286.3 278 271.5 275.6 272.2 266.9 260.8 268.5 268.5 269.1 272.2 271.4 277.3 282.3 285.1 291 297.7 303.4 306 315.2 322.5 330.3 336.4 345.2 352.1 360.3 368.2 377.1 385.8 394.3 403.4 410 412.1 412.9 413.8 417.7 422.8 427.6 430.2 434.1 432.4 433.2 432.5
240.4 244.2 248.5 252.5 258.4 259.4 262.3 267.2 274.7 276.6 283 289.5 296.2 302.9 309 314.2 320.3 327.5 334.5 345 352.4 357.9 364.2 366.2 367.4 370.6 369.5 356.5 346.1 331.7 320.2 311.8 305 299.1 293.6 288.3 279.7 273.4 277.2 274.1 271.1 268.5 265.3 272.6 270.7 275.9 277.2 278.7 283.7 288.1 295.6 301.7 308.6 311.7 313.5 320.4 330.8 334.6 341.2 348.9 355 361.2 368.6 378.4 384 394.1 396.1 399.7 400.9 404.5 408 412.3 416 420.1 422.9 424.4 425.7 427.5
245.1 247.5 250.3 255.5 257.2 260.3 265.4 270.1 275.1 279.2 285.4 293.2 299.9 306.1 311.7 317.4 325.6 331.9 341.2 350 356 360 366.7 369.9 368.5 371 365.7 354.4 341.6 329.4 321.5 314.1 304.7 298.9 294.3 287.6 281.9 275.9 278.6 276.8 274.1 272.9 265.4 271.3 273.1 277.7 279.3 281.7 286.2 294.5 297.9 302.3 307.3 315.2 320.1 319.3 320.3 330.1 337.6 344.4 350.5 354.3 361.5 368.5 374.1 380.2 383.9 388.7 394.1 398.3 400.2 401.4 405.7 413.1 415.7 417.9 419.6 422.7
249.8 249.8 253.4 256.5 259.8 262.1 267.9 272.1 276 281.3 288.6 294.3 301.1 307.6 315.2 322.1 328.3 334.1 341.9 348.1 353.5 357.5 361.3 363 362.5 361 353.1 344.7 335.8 328.7 322 313.3 305.5 299.5 295 288.2 289 287.5 283.5 279.5 278.8 276.1 273.1 276.4 275 275.8 280.9 284.1 291.2 296.3 299.1 304.1 312.4 320.1 328.3 327.2 329.3 331.6 335.1 342.1 345.8 351 355.8 361.4 365.7 372 375.4 381.6 387.1 390.6 394.1 396.7 401 406.4 409.2 411.5 413.3 417.9
255.2 255.4 256.9 258.6 262.6 265.3 268.8 274 280.5 284.4 290.5 297 303 309 315.8 324 330.8 335.7 339.7 345.2 348.7 352 355.1 355 354.4 349 345.4 337.2 328.7 324.4 319.2 313.1 304.5 299.3 295.1 287.2 292.6 290.9 284.5 282.3 279.6 279 270 277.9 276.9 282 281.3 286.3 295.8 298 300.2 308.5 317.3 324.5 326.1 329.5 335.8 335.9 337.9 339 342.7 348.1 352.5 356.2 362 365.7 370.1 374.5 380.7 383.9 388 391.6 395.5 400.2 402.4 405.3 408.3 411.6
261.3 261 259 261.7 265.1 267.2 267.4 276.2 282.9 287 292.7 298.3 305.2 311.2 315.1 323.2 330.1 335.1 339 342.3 345.6 346.7 347.2 346.5 346.1 342.5 338.7 331.4 324.8 319.6 313.7 310.3 303.4 299.6 294.4 290 290.4 290.4 285 281.7 279.1 275.9 273.1 279.9 278.8 282.2 287.1 289.2 295.4 301 302.4 310 318.5 325.9 328.2 335.6 334.9 336.8 338.5 343.6 346.7 348.2 351.4 352.5 357.3 361.1 366.8 371.5 375.6 381.8 385.8 387.4 391.3 394.9 398.3 400.8 402.5 404.8
261.7 265.9 265 265.1 267.9 270.9 269.8 277.8 282.7 288.4 294.4 300.3 307.3 312.7 318 321.7 327.4 332.5 336.4 339.7 341.6 341 341.8 341.8 341.7 338 333.9 327.8 321.6 316.1 311.8 307.9 303.2 298.6 297.7 292.9 291.1 291.5 285.8 282.9 281 276.1 279.6 282.3 281.9 283.7 286.9 292.1 296.4 304.4 303.9 312.1 318.7 328.2 328.5 331.6 334.9 336.5 339.5 342.1 346.3 349.7 352.7 356.2 356.2 360.7 365.8 370 372.3 377.3 382.1 387.4 390.5 393.1 393.8 395.7 398.2 399.5
263.6 266.4 268.7 268.2 270.5 273.8 275.2 275.5 282.5 287.2 295.2 300.6 307.2 312.4 318.2 322.5 326.2 330.9 334.5 336.2 336.1 336.9 337.4 338.3 337.1 333.2 329.9 323.9 317.4 313.8 309 305.4 301.9 301 299.6 294.7 292 291 288.4 285.8 275.8 282.3 286.6 285.6 283.9 285.2 289.5 292.4 299.2 307.5 308.6 313.2 321 324.2 327 329.9 333.4 335.4 339.2 342.3 344.2 347.6 350.8 354.7 361.6 358.7 361.6 365.2 370.7 374.1 380.2 385.9 388.8 389.7 390.7 391.9 393.1 395.7
266.9 266.7 270.8 273.3 272.2 275.9 278.6 279.2 281.8 288.4 294 300 306.7 311.8 317 320.8 323.9 326.2 327.9 330.1 331.7 333.1 335 334.2 333.2 329.5 327.2 320.2 316.5 312.1 308.3 305.8 303.8 302.4 299.7 296.3 294.6 292.2 289.4 282 279.2 284.1 288 287.5 285.9 288.2 290.6 296.5 300.5 309.9 312.8 316.1 320.3 323.9 327.4 331.9 332.7 338 339.5 341.4 344.9 347.6 350.7 352.6 357.5 359.4 360.1 363.5 366.6 371.6 376.8 381 385 386.9 389.5 389.2 389.5 392.2
267.9 270.5 272.9 276.9 275.9 277.1 280.4 282.3 282.1 288.4 294.7 299.4 305.4 311.3 316.1 320.2 323.3 323.5 324.9 326.5 327.5 330 331.1 329.9 328.3 324.5 322.2 317.9 314.4 311 307.3 305.8 304 301.4 300 297.2 294 291.9 283.7 281.5 285.3 287 290.1 291.9 289.8 289.5 293.8 297.2 302.1 310.6 314.6 319.3 322.1 324.4 328.3 332.3 337.4 339.2 340.5 343.8 346.9 348.9 350.8 354.4 356.7 361.7 359.7 364.1 366.4 368.7 374.7 376.9 382.8 385 385.4 385.4 386.3 388.4
271.8 272.5 274 278.3 281 278.5 282.9 284.7 285.7 289.4 294.7 298.9 304.5 309.4 314.1 317.7 321.7 321.1 322.4 324.3 325.6 326.4 326.4 325.7 325.5 322.5 318.6 315 312.5 309.5 306.1 304.2 303.2 302.3 299.3 297.6 297.3 289.2 288.5 287.2 284.6 291.3 289.6 292 291.3 294.3 296.5 299.3 304.1 309.5 316.2 320.3 324.1 325.9 329.4 333.1 337.1 338.9 340.9 343.4 347.3 351.5 351.7 353.6 355.6 357.6 360 362.5 364.9 368.7 371.2 374.1 377.1 378.6 382.4 381.8 382.5 384.1
278.4 275.9 276.6 278.4 283.2 282.3 284.7 286.9 288.6 289.4 293.9 298.7 302.4 307.3 312.5 316.2 318.9 319.5 319.4 321 322.5 322.5 323.1 321.8 321.3 319.4 315.9 313.2 310.7 307.6 306.4 302.5 301.5 302 298.6 298.8 295.4 289.9 289 289.7 287.7 290.8 292.5 293.5 295.6 296.8 298.7 300.7 304.5 309.4 313.9 318.5 323.2 327.9 329.9 334.8 337.1 339 341.8 344.2 347.6 350.5 352.1 354.6 356.7 359 360.7 363.5 366.5 368.7 370.1 371.9 373.5 375.5 378.8 379.6 378.7 380.9
281.3 280.4 279.8 280.5 286.6 284.8 285.2 288.8 291 292.8 295.3 297.5 299.6 305.4 310.1 312.9 315.4 315.7 315.5 316.5 317.6 318.8 319.6 317.3 315.8 313.4 312.5 309.4 308.4 306 302.8 300.6 298.9 298.9 299 298 294.1 290.9 291.5 291.4 291.8 292.5 293.4 295 297.7 298.1 299.9 302.3 305.1 309.6 312 316.3 320.7 327 331.1 333.7 337.4 341.3 344.3 346.1 347.7 349.5 351.6 355 356.2 360.2 361.4 365.6 368.4 369.8 370.7 372.3 375.1 376.1 376.2 377.2 376.4 377.2
283.5 284.9 285 284.6 289.9 288.5 289.2 290.5 291.8 293.8 296.6 299.4 301 304.4 307.5 310.6 312.7 313.3 312.3 313.1 314.8 313.8 312.6 311.9 311 310.9 309.9 307.6 306.3 304.7 302.8 301.3 299 297.9 296.7 294.7 292.8 293.5 292.3 292.8 293.4 291.2 295 295.8 298.5 300.4 301.5 304.1 306.7 309.9 311.6 314.9 319.1 324.9 328.7 333.2 336.6 339.6 343 345.9 346.8 349.7 350.6 353.7 356.1 360 363.3 366.2 368.2 370 370.2 372.7 373.5 374.3 375.4 375.3 374.7 375.4
285 287.9 286.9 286.7 291.1 291 293.1 291.5 294.2 296.5 300.2 302 302.8 305.8 307.5 309.8 311 310.7 308.9 309.1 309.9 308.7 307.3 308.4 308.8 308.6 307.9 306.7 307.1 303.3 300.9 299.6 297.3 298 296.3 294 295.3 294.1 294.3 291 290.3 291.5 298.2 299.6 299 302 303.8 304.6 307.9 309.6 311.5 313.5 316.2 320.7 324.8 329.6 333.1 337.5 343.1 344 344.1 346.4 349.3 352.9 357.1 360.8 362.9 365.9 367.5 369.5 370.9 371.6 373.3 373.9 373.8 374.5 373.7 374.2
289.5 291.6 291.8 294.1 293.4 295.1 295.8 295.7 296.2 299.6 302.2 303.3 305.2 305 306.8 310.6 312.5 309.5 307.5 306.7 307.4 306.3 304 305 306.4 304.4 304 304.7 303.5 301.9 298.3 297.2 298.4 298.1 297.8 296.3 298 298.3 295.8 295.7 291.9 294.1 297.4 298.8 300.2 303.7 303.8 306 307.9 309 311.7 313.7 315.6 317.5 321.2 324.7 329.4 334.2 339.3 340.5 342.9 345 347.5 351.6 356.7 360.5 363.1 365.5 366.9 369.5 370.5 371.8 371.9 372.5 372.4 372.9 372.6 372
294.1 294.5 297.8 296.2 296.7 301.6 301.1 299.6 298.4 300.3 301.5 303.6 304.9 305.6 308.2 309.5 311.3 308.4 307 306.6 304.4 304.1 302.1 303.4 303.6 301.7 301.2 301.6 301.6 301.8 297.2 295.5 298 296.8 295.5 295.9 295.4 295.8 295.5 298 293.2 294.6 298 298.2 299.8 302.5 305.1 306.2 306.9 308.6 311.9 313.7 314.9 316.1 318.6 322.3 326.5 330 333.9 337.8 339.9 342.8 346.4 349.4 353.3 357.9 361.4 364.3 366.9 369.8 369.7 370.7 370.1 369.4 370.4 371.5 370.3 370.6
298.5 298.9 301.7 299.4 300.1 303.9 304.3 303.5 302.3 302.3 303.5 304.8 305.7 306 308.5 308.9 309.1 308 308.9 305.4 304.2 302.6 303.5 301.7 301.8 300.1 300 299.3 297.9 296.3 295.2 294.8 297.5 295.5 295 294.9 295.7 294.9 295 297.1 296.5 294.7 295.9 298.3 299.3 302.6 303.9 304.7 306.1 308 310.5 312.1 313.6 315.1 316.5 320.1 323.8 326.5 331.3 334.3 337 339.8 344.2 346.6 350.9 354.8 359.1 361.8 365.1 368.6 369.1 368.9 368.8 368.2 369.2 368.9 371 371.9
303 305.7 307.2 304.9 304.9 305.9 308.7 305.8 304.9 304.5 304.4 305.7 305.7 305.1 306.5 307.9 308 306.5 307.2 306 304 304.9 303.8 302.2 301.9 304.8 297.2 297.7 302.3 298.1 297.5 295.4 294.8 295.4 295.4 295.4 295.8 295 294.2 295.1 296.2 294.5 295.1 297.9 299.8 301.7 302.7 303.4 304.7 306.7 310.1 311.2 313.1 314.8 315.9 317.4 320.4 323.7 328.6 332.1 334.9 337.3 342.3 345.2 346.9 350.2 356.5 358.4 360.4 363.1 364.6 365.9 366.8 366.3 367.3 366.2 370.1 371.6
309.7 309.3 311.3 310.7 308.2 308.7 311.4 309.5 308.6 308.7 308.6 308.5 306.7 307.1 307.6 307 306.9 306.3 306.3 304.9 303.7 303.3 302.5 301.4 301.3 301.9 298.2 301.2 302.2 299.9 298.4 295.8 296.1 298.2 298.1 296.3 296.1 295.7 295.6 295.9 296.7 296.4 294.4 299.7 299.5 301.3 301.3 302 302.9 305.2 308.3 310.2 312 313.5 314.2 315.4 317.3 319.9 322.8 326.4 329.7 335 340.2 342.2 343.6 345.6 349.2 352.3 355.3 358 361.5 364.2 363.6 364.3 365.2 364.9 368.9 372.4
313.1 311.7 316.7 316.2 313.6 312.2 314.8 313.2 312.3 311.6 312.2 311.3 309.5 310.7 310.9 310 308.4 308.7 307.1 304.3 302.5 301.9 301.6 300.1 300 301.5 298.9 298.8 300.3 303.6 300.8 297.4 296.4 297.3 297.8 297.8 296.4 297.1 296.3 296.2 296.8 294.5 296.1 297.9 301.1 301.6 300.8 300.6 301.2 303.5 305.3 309.3 311.1 312.2 312.9 313.7 314.9 317.3 319.4 322.9 325.2 328.1 333.3 336.7 340.2 341.6 344.9 346.9 351.2 352.8 356.4 359.2 359.8 361.5 361.5 366.9 368.2 371.5
318.5 316.8 319.2 320.4 318 318.9 318.5 318.8 318.4 316.2 317.1 315.8 312.9 314.5 313.9 312.7 310.6 311 308.6 308.2 302.2 301.2 300.4 299.9 299.6 299.6 300.7 298.3 299.7 300.8 300.9 298 298.7 299.3 300 300.5 300 300.1 298.6 296.9 297.1 297.7 294.8 296.9 299.6 299.9 300.3 300.3 300.1 301 302.4 304.9 309.1 311 312.8 313.5 313.8 314.8 316.3 319.6 320.8 324.1 327.6 331.8 333.9 336.6 340.3 342.5 345.7 349.3 351.3 353.2 355.5 358.6 361.7 367.5 369.5 370.5
