WholeMapElevations/data/nt/nt10_OST50GRID_20230518/NT10.asc
ncols 200
nrows 200
xllcorner 310000
yllcorner 600000
cellsize 50
[rows 140 to 174 of 200, columns 78 to 155 of 200]
392.1 392.6 397 408.9 424 441.1 459.1 477.5 497.1 513.7 524 529.2 528.7 526.6 523.9 525.8 529 531.7 533.6 533.8 530.9 512.3 487 462.6 440.8 420.1 399.2 381 370.5 361.6 346.2 325 307.2 292.9 281.7 276.6 281.1 294 313.2 332.5 349.4 363.1 377.2 395.2 415 433.4 453.1 471.9 484.7 496.4 500.3 498.9 495.3 489.6 479.8 465 448.4 427.4 422.3 440.5 456.8 470.6 481.5 491.3 500.6 507.5 509 506.2 499.6 491.4 483.9 477.3 470.5 461.3 453.9 446.9 438.8 431.2
402.2 406.2 413.7 423.5 438.3 455.8 475 494.2 515.4 528.1 533.2 530 523.3 518.1 516.2 520.2 525.1 529.8 533.8 537.6 539.8 531.1 507.7 482.6 458.1 437.9 418.6 401.5 391.2 379.3 360.8 337.7 313.6 294.2 280.6 273.5 274.8 297.2 321.3 346.5 368 384.4 397.3 410.7 427.7 445.8 464.9 482.5 493.3 500.3 500.6 498.4 494.1 487.1 476.1 461.7 444.8 426.1 414.8 431.3 446.7 463.1 477 488.3 497.9 504.7 505.9 504 497.3 490.4 484.2 478.5 473.8 467.3 459.9 453.3 445.5 438.8
415.5 423.5 431.9 440.5 455.5 473 487.8 507.6 525.6 533.7 529.7 520.5 510.8 505 504.4 511.1 518.3 527.5 534.7 540.2 544.4 542.3 530.2 505.6 479 457.9 438.6 421.2 408.7 394.6 372.4 343.1 312.8 288.5 275.9 270.5 280 304.2 328.7 355.6 380.5 397.1 409.4 423.3 439.9 457.3 475.9 491.7 499.9 502.6 502.3 497.7 491.4 482.7 469.5 456.8 440.9 423 409.1 425.8 443.5 460 473.7 485.3 494.8 500.6 503.6 501.2 495.2 489.7 484.3 480 476.8 472.6 466.6 460.8 455.1 448.7
428.7 438.5 448 458.3 474 489.8 502.3 517.4 528.9 528.7 519 506.3 496.1 489.5 491.2 501.8 514 525.3 534.8 542.4 547.9 545.5 535 519 493.4 471.3 451.9 432.1 415.4 403.3 371.8 339.2 305.7 280.1 272.6 268.4 288.4 311.8 335.1 361.7 386 402 417.5 433.8 451.2 468.1 486.3 499.2 504.4 503.2 499.6 493.9 487.1 476.4 464.6 453.8 438.8 418.6 405.5 422.6 440.5 457.4 472.7 485.6 494.8 498.8 499 497.9 493.7 489.1 484.9 482.4 480.4 477.2 473.7 468.9 464.4 459.6
444.4 454.7 465.7 477.1 493 505.6 514.5 522.6 527.3 522.7 508 493 478.8 470.1 475.8 493.2 510.1 522.5 534.3 543.6 548 541.6 529.9 513.4 492.2 474 455.5 438.5 418.8 393 359.4 326 294.2 274.8 269.2 269.4 292.1 316.1 340.5 364.9 387.8 405.1 423 441.6 460.1 477.9 493.5 505.7 507.4 503.9 495.7 489.8 481.9 471.6 460.1 450.8 438.1 416.6 402.9 420.6 437.9 454.8 471.5 486 493.7 495.2 493.8 492.9 490.4 488.6 489.1 487.9 486 484 482.9 480.3 476.5 472
461.5 474 484.3 495.6 509.6 517.1 521.2 525.8 525.5 514.8 494.7 478.5 459.5 450.2 468.1 488.1 506.9 522.1 533.8 541.4 542.3 532.4 519.1 503 485.9 470.4 451.9 428.9 404.7 373.3 342 309.6 283.1 270.4 268.5 273.6 294.7 318.7 342.6 367 389.2 408 428 447.8 467.1 485.2 499.3 510.6 509 502.4 493.1 485.7 476.6 466.4 456.1 448.1 437.9 418.5 395.9 414 430.9 448.6 467.2 483.8 489.9 490 485.1 482.7 479.9 491.7 495.5 495.3 493.6 493.2 493.3 492.4 489.1 484.6
480.9 493.5 506 517.5 523.9 526.3 527.7 528 524.4 508 484.5 462.9 440.8 439.8 460.1 481.2 501.2 516.8 527.7 532.7 529.9 519.7 507 492.3 477.1 460.5 439.1 415.3 387.2 354 323.1 294.5 273.9 267.9 266.7 275.9 296.4 320.1 343.8 367.7 389.3 409.6 431.2 452.9 473.3 491.7 504.5 514.6 509.5 502 492.5 481.5 472 462.4 452.5 444.9 438.5 423.9 403.2 400.2 417.4 438.2 459.4 476.1 481.8 479.5 473.7 469.4 481.7 492.6 499.1 501.7 501.2 502 502.8 503 501.4 497.8
500 514 526.9 533.6 533.5 532.2 531.2 528.5 521.8 503.5 479.2 454.2 429.9 433 450.6 469 487.4 502.3 513.4 517 513 504 493.7 481.6 466 449.9 429 400.9 371.1 341.5 309.6 283.8 269.5 266 263.1 277.5 298.1 321.5 345.2 368.2 389.9 410 432.2 456 478.8 497 508.7 515.9 512.2 504.7 493.7 480.2 470.3 460.2 448.9 438.6 433.8 425.2 409 388.3 406.2 428.6 450.9 466.5 468.4 464.9 459.3 465.4 481.7 491.1 497.9 503.9 504.4 507.2 509.6 510.7 510.6 508.8
516.6 527.8 534.8 536.9 534.1 531.5 528.8 525.3 518.4 501.1 477.2 452 425.7 426.6 439.1 454.2 470.8 481 490.1 496.3 494.2 488.4 480.4 471.1 458 442.3 421.8 389.4 356.3 324.9 298.1 276.3 266.1 264.7 263.7 277.6 299.1 321.6 344.5 367 388.8 409.9 432 457.8 483.3 501.6 513.7 518.5 515.6 507.9 495.5 481 469.7 458.3 445.9 432.8 424 418.3 406.7 391.4 398.6 423.2 442.6 450.2 451.8 446.8 447.7 466.8 481.1 490.6 497.5 500.4 501.7 506.6 512.5 517.2 518.7 516.7
521.8 526.7 528.5 528.8 526.4 523.6 522.3 520 514.8 499.5 476.8 447.9 423.6 418.3 427.5 438.8 448.5 457 466.2 472.1 473.1 471.6 466.2 458 449 434.6 411.5 377.6 343.8 314.3 289.7 270.2 264.2 263.1 263.5 277.6 297.6 319.6 342.1 364.2 386.3 407.9 432.9 461.1 486.9 505 517.2 522 517.9 509.1 496.9 482.8 470.3 457.6 444.8 431.4 418.8 407.9 399.2 386.9 396.2 416.8 434.3 438.9 435.7 432.9 451.6 468.5 481 488.2 491.1 492.8 494.2 502.4 510.6 520.7 525.6 521.8
515.1 517.8 517.8 516.7 514.7 513.5 513.7 512.4 508 495.8 476.1 455.7 434.7 415.2 408.5 414.8 423.9 432.9 443.5 450.2 453.7 453.4 451.6 446.1 436.2 425.9 399.9 366.1 334 304.8 280.7 264.1 262.4 261.7 266.4 280.9 297.8 318.9 340.7 362 384.9 408.4 432.9 460.7 484.8 504.2 518.5 523.2 518 509.6 498.1 485.3 472.3 458.9 446.5 433.5 422.3 408.7 394.3 382 394.5 412.1 426 426.7 421.8 434.7 454 469.4 478 480 480.8 479.6 481.7 492.4 504.9 518 524.3 522.4
509.8 509.5 507 503 500.4 499.7 501.1 500.2 498.3 495.4 482.9 467.4 449.2 427.8 407.8 398.3 399.9 408.7 419.8 429.6 433.8 435.1 437.4 437 427.5 415.6 387.9 355.8 324.7 296.2 274.3 259 261 261.5 271.1 286.5 306.7 328.4 349.3 366.4 387.1 410.9 433.6 457.6 480.1 501.6 517.1 521.1 517.2 510 499.5 488.1 474 460.9 448.7 435 424.1 410.3 395.4 377.9 389.5 408.6 419.3 414.3 420.3 438.2 454.9 466.6 469.3 469 465.5 461 465.9 480.7 499.2 514.3 522.8 522
505.2 500.1 494.2 486.6 482.4 482.8 485.7 484.1 487.5 493.5 490.1 477.6 462.2 443.4 423.4 404.9 389.3 388.8 396.6 408 416.3 419.8 424.4 425.3 416.8 403.9 378.1 347 316 287.6 268.8 258.6 259.6 263.8 276.5 296.6 320.4 342.6 359.7 374.1 392.6 413.5 435.4 458.1 479.3 500.4 515.8 520.1 516.9 510.8 500.8 490.2 477.1 464.5 452.5 435.1 421.1 407.7 394.8 378.4 383.1 399.5 405.5 404.6 421.4 437.7 450.7 457.8 458.2 455.2 451.1 445.3 455.9 473.4 494.5 511.1 522.7 521.7
502.3 493.3 479.2 463.1 456.8 463.2 468.8 472.2 479.3 486.6 490.9 483.1 470.6 456.3 435.7 413.1 394.7 377.5 380.5 388.9 398.6 405.3 411 413 405 390.1 367.4 337.4 307.2 280.8 262.9 258.2 258.2 268.5 285.7 308 332 353.3 367.5 382.9 400 418.7 438.3 458.8 479.2 499.1 514.6 519.9 517 511 501.8 491.6 479.6 467.4 455.6 441.4 420.6 407.6 393.5 379.4 375.6 389.4 395.2 403.5 420.4 433.9 443 445.6 444.4 441.7 434.5 442.4 457.7 474.9 495.4 512.7 524.6 523.7
499.2 485.8 467 443.2 433.5 442.3 452.2 462.9 471.4 478.8 484.7 484.3 474.5 462.6 443.6 421.7 401.8 382.7 366 374.3 384.2 393.3 399.1 400.8 391.4 376 353.9 327.5 298.5 275.5 258.9 256.6 255.9 275.9 295.8 318.2 340.2 358.4 373.8 389.6 406.2 423.4 441.5 460.9 479.2 497.4 512.5 517.6 515.5 510.2 501.7 492.8 481.8 470.6 458.1 447.7 429.1 409.8 395.9 379.5 368.6 380.1 387.5 404.2 416.2 424.7 428.5 429.7 430.1 426.6 425.3 444.5 459.5 479.9 499.6 516.9 527.4 525.3
495.9 478.2 457.6 429.8 415.9 423.6 435.5 446.6 456.7 467.7 474.7 478.4 473.6 462.9 445.8 426.6 408.4 388.1 367.3 360.2 370.3 379.2 385.1 385.7 377.8 363.8 345.6 319.4 290.9 270.8 256.7 254.2 263.2 282.2 302.3 323.8 344.4 361.5 377.2 393.8 410.1 426.8 443.4 460.6 477.8 494.4 509 513.6 511.8 507.6 501.8 492.9 483 472.7 460 451.6 435.7 414 397.5 380.5 368.3 372.8 386.9 399.5 408.1 411.8 411.6 411.5 411 417.4 431.6 447.4 464.7 485.1 506.3 523.8 530.9 526.8
489.3 470.6 446.3 419 399.5 407.4 418.5 428 440.4 453.8 463.8 467.9 468.7 459.8 444.4 428.9 413.7 394.4 374.4 355.5 354.8 362.6 368.4 368.2 363.5 353.7 336.9 311.4 284 264.5 253.6 253.5 270.4 287.1 306 326.3 345.7 361.2 377 394.1 411.7 429.2 445.2 460 475.7 491.7 504.6 508.7 507.5 503.8 499.5 492.2 483.6 473.3 460.3 448.7 435.9 417.1 397.6 381.3 369.5 370.3 382.1 391.9 396 393 397.8 407.8 415.7 422.9 438 455.3 471.6 490.6 513.6 530.1 534.2 529.2
480.9 462.4 437 410.5 388.3 389.7 399.9 412.1 423.7 436.8 447.5 454.1 455.6 454 444.8 432.3 418.8 401.2 381.4 362.7 346.4 346.7 351.6 352.2 349 343.6 329 302.9 278.1 258.1 252.1 261 276.3 291.7 309.2 326.9 343.5 359.5 376.9 395.7 414.1 432.6 448.7 462.3 476.3 490.1 499.9 503.8 502.5 499.7 496.5 491.7 484.5 474.6 463 446.9 433.6 413.4 394.7 379.6 369.1 366.6 375 379.2 389 404 416 425.5 430.5 433.9 441.9 460.9 477.2 496.8 518.5 531.4 536.1 531.2
471.6 453.1 428.6 403 382 378.1 387.1 398.4 408.8 419.6 428.5 435.9 440.4 441.4 438.5 430.5 418.5 402.9 385.3 369.3 352.6 336.8 335.5 339 338 333.7 319.1 294.1 270.3 251.6 253.2 266.9 281.4 296.6 313.1 329.3 345 361.8 381.6 401.8 420.8 437.7 452.1 465.5 476.7 486.6 493.9 497 497 496.5 494 490.9 484.4 475.5 464.1 448.1 425.5 409 391.6 376.9 366.2 366 371.5 390.3 408.8 423.4 435.4 443.5 448.5 450.9 457.7 464.8 482.5 503.4 522.9 534.1 534.9 529.5
464.9 445.5 422.6 394.7 373.6 369.7 378.3 386.7 394.8 403.3 412 417.1 420.8 424.7 426.5 422.4 410.5 396.7 383.4 371.5 358.2 340 321.7 327.4 329.9 322.8 307.7 285.5 262.4 249.6 254.6 269.6 285.9 303.9 320.8 337.2 353.2 370.7 390.7 409.4 425.5 438.5 449.8 461.8 472.9 481.9 487.6 491.3 493.5 494.4 493 490.9 485.9 477.4 465 445.7 424.7 405.8 387.4 373 363.3 364.7 378.7 399.3 420.4 438.6 452.2 462.5 468.9 471.1 478.6 484.9 494.3 511.7 528.1 534.9 532.2 524.8
468.8 447.7 422 392.7 369.1 359.6 364.3 369.6 375.6 383.7 392.4 400 406.2 411.4 415.6 414.4 403.6 392.6 381.7 371.6 360.7 343 323.2 319.6 320.6 313.7 298.2 278 256.2 247.5 256.7 273 290.2 310.2 327.4 344.8 361.7 378.8 397.6 414.3 429.2 441 450.9 461.7 472.1 477.6 481.2 485.8 489.8 492.4 493.2 491.9 487.6 479.9 465.3 445.2 419.2 401.8 387.2 371.6 360.1 366.9 382.4 405.6 428.5 450.1 467.2 479.2 488.1 492.7 501 505.6 511.7 521.9 531 532.4 526.2 519.7
473.4 451.7 426.5 399.9 374.9 356.1 349.4 350.4 354.6 362 371.7 382.7 391.4 398.3 404.4 406.6 398.6 389.9 380.9 371.2 360.8 344.6 322.8 312 310.5 301.2 286.1 268.8 252 245 259.4 276.4 294.9 316.9 334.1 352.6 369.4 385.4 403 418.4 432.4 443.7 453.4 462.9 470.5 472.4 474.6 479.5 485.7 488.6 491.6 492.3 489.3 482.1 470.2 450 426.2 403.1 385.8 368.9 357.3 368.4 386.4 408 431 455 474.7 489 501.3 509.2 515.7 520.6 525.4 529.3 530.4 528.5 521.7 514.5
479.4 459.2 437.6 413.9 388.4 366.5 350.1 338.5 334 338.7 348.5 361.5 374.5 384.3 392.5 398 393.3 385.9 378.1 369.3 360.1 345.3 323.4 305.1 298.6 287.7 273.1 257.5 245 251.2 265.4 280.7 300.5 323.2 341.2 361.6 378.5 392.5 408.1 422.6 435.3 446.9 456.1 464.1 467.7 464.9 465.3 470.4 478.2 484.6 488.8 491 489.6 483.1 472.4 454.9 431.8 408.5 387.7 368.2 357.4 365.3 390.4 416.4 437.6 452 474 493.8 507.8 516.2 522 528.6 531.3 531.1 527.9 521.8 514.5 506.8
484.8 466.9 447.9 427.5 403 380 361.7 342.8 327.5 322 327.6 339.2 353.1 367 379.5 389.6 386.8 380.9 374.3 366.8 358.1 343 322.9 303.1 288.5 275.7 261.9 249 243 254.9 272.6 289.8 308.3 330.5 352.9 373.6 389.6 401 413.8 426.7 438.7 450.2 460.2 467.6 465.7 456.2 452.3 458.3 468 478.2 483.6 487.6 488 482.8 473.1 457.2 433.1 407.5 385 365.9 355.3 366.5 390.2 418.1 443.4 463.5 479.7 495.4 508.9 516 523.6 528.3 527.4 524.4 519.6 511.8 504.1 495.8
489.9 474.7 458.5 439.7 416.2 390.2 370.2 350 331 317.8 315.5 323.4 336.2 353.3 369.8 382.5 380.9 375.5 369.1 362.5 351.5 333.1 313.3 295.3 279.1 265.2 253.4 245.8 244 262.4 281 299.5 317.9 343.3 367.6 388.2 402.5 410.9 420.4 432 444 455.5 466.3 471.3 466.5 453.7 441.4 443.4 457 470.3 478.5 483.6 483.6 479 469.2 452.6 426.6 402.6 381.5 360.9 355.2 368.6 394.5 419.6 444.3 466.7 484.2 496.7 507.6 513.3 519.6 519.8 515.8 513 506.6 498.4 489 480.3
492.2 480.6 467.4 449.6 424.5 397.5 376.2 355.3 335.5 318.7 308.1 314.1 327.9 346.9 364.1 376.5 375.7 370.6 364.5 356 339.7 320 300.2 283.7 269.5 257.5 247 239.7 250.9 271.3 290.5 308.9 330.7 356.4 380.9 401.6 412.9 419.7 427.7 439.3 451 462.5 472.7 473.6 466.5 449.4 433.7 429.4 446 460.1 471.6 477.5 477.2 472.3 461 440.3 417.5 393.9 372 354.9 355.2 375 399 422.1 444.9 468.8 488.2 500.4 505.9 506.6 506 502.7 499.3 496.2 488.8 479 471.8 463.9
491.3 480 467.9 452.2 428.8 402.9 379.9 358.3 336.9 319.8 305.1 306.3 320.9 338.2 355.4 369.2 369.9 365.7 359.3 345.1 325.1 305.5 286.7 272 259.6 250.2 240.9 241.1 261.1 282.2 301.1 320.7 344.9 369.1 393.4 412 420.8 427.5 435.2 446.7 458.4 470 477.5 474.1 463.3 441.6 426.8 419.5 436 448 458.6 466.9 467.8 462.6 449.4 427.4 406.3 382.6 361.8 351.9 359 380.9 403.8 426.4 447.1 469.4 490 499.8 500.3 496.3 488.3 482.6 480.1 475.3 468.4 461.4 457.1 453.3
487.4 475.8 463.6 448.5 427.2 403.7 380.5 357.9 337.5 319.1 302.8 301.8 316.3 331.5 347.7 360.4 361.7 357.9 349 330.1 309.1 289.8 274.4 261.5 249.8 242.5 237.2 250 273.2 293.3 311.8 332.6 356 379.9 402.7 419.6 428.2 434.9 442.7 454.2 465.7 476.1 479.2 473.6 456.6 435.1 419.4 413.2 424.1 432.4 441.8 449 451.4 449 433.1 413 392.4 371 351.8 350.7 366.9 386.2 409.7 431.8 451.7 470.9 487.5 494.5 491.9 480.4 467.2 460.4 456.8 452.6 448 445.5 444.4 444.5
478.7 467.6 455.9 442.1 423.3 402.6 380.2 357.6 336.3 316.3 298 299.7 314.7 328.3 340.7 352.4 352.8 346.9 333.6 314 293.1 275.6 261.7 250.7 240.3 234.1 243.6 264.1 285.5 304.7 323.3 343.9 366 389.1 409.9 424.3 434.6 441.9 450.2 461.7 473.1 480.9 479.8 473.4 453.5 431.7 414.1 403.3 407.7 415.6 420.7 426.1 430.1 428.5 415.4 398 377.8 358.9 347.4 353.1 374.1 395.7 416.7 437 453.7 469.7 481.7 486.8 477.1 460.7 447.7 440.3 437.2 434.4 433.1 432.6 434.4 439.1
470.1 459.6 448.1 434.7 418.8 399.4 377.9 355.8 334.9 312.5 292.5 297.1 312.9 324.8 334.1 342.6 342 331.7 314.8 295.9 279.5 263.2 248.2 237.1 233.2 243.8 260.3 279.3 298.2 317.5 337.2 356.3 375.9 395.4 413.2 427.6 439 448.4 457.9 468.4 478.8 484.9 482.2 475.1 454.8 432 413.6 397.1 393.3 395.6 398.8 401.4 404.8 405.5 397 381.5 365 347.6 346.9 361.9 379.9 398.1 418.5 440.7 455.3 468.8 476.9 476.9 460 443.4 430 419.9 418 418.6 419.2 426.2 433.3 438.2
461.6 451.3 439.8 427.4 413.8 397.5 376.6 354.2 333.4 310.5 288.6 293.1 309.2 320.9 328.2 332.4 326.6 313 295.9 279 263.9 249.5 235.8 231.6 242.3 258.8 276.4 293.3 311.7 330.2 347.3 362.5 377.6 394 411.6 429.6 441.8 452.5 462.7 473.3 483.3 489 486.1 479.8 461.4 436.6 418 402.6 389.2 380.8 376.5 378.8 380.5 382.4 377.7 367.7 352.2 344.5 353.5 373 393.4 413.8 430.8 444 458.2 468.3 472.7 463.1 444.5 428.7 414.7 404.9 401.3 405.6 416.8 428.7 437.8 439.5
451.6 440.9 429.3 417.2 405.1 391 373 352.1 331.8 310 286 287.3 301.2 314.2 321.4 318.8 309 295.8 281.3 263.8 247.1 234.3 228.3 241 257.3 273.2 291.4 308 323 334.9 344.8 353.1 362.4 381.8 405.3 427.7 444 455.6 466.5 477.7 487.7 492.8 490.8 485.2 471 448.2 427.2 411.5 398.1 385.2 373.3 364.2 362.5 359.8 359.5 354.2 342.2 345.5 361.8 383.4 407 428.4 447.5 459.3 465.6 469.1 465.7 448.4 430.9 415 401.8 392.7 393.1 406.4 422.1 433.7 441.2 438.1
441.6 429.9 418.1 406.1 393.4 378.4 362.7 347.2 330.6 311.9 288 280.5 291.1 303.3 307.7 302.2 293 281.3 267.4 249.8 232.2 226.1 239.8 253.6 267.9 283.5 299.8 312.8 321.3 325 326.6 337.6 353.4 373.8 400.1 427.9 447.4 459.3 470.5 481.6 491.5 494.8 493.2 488.3 478.7 461.5 443.2 427.9 413.9 398.5 383.8 368.6 358.4 352 347.2 343.3 342.5 350.7 372.7 397.7 421.4 442.9 459.5 470.9 474.5 469.6 457.5 436.9 419.1 403.5 391.9 384.2 392.2 405.2 419.5 433.4 440 435.6
431.7 419 406.6 395 379.8 366.4 355.4 344.3 330.3 314.7 293.6 276 280 291.1 291.7 285.9 277 267.3 254.4 238 220.4 234 245.7 260 274.2 287.3 299 305.9 306.4 310 328.5 345.2 366.3 387.9 410.3 432.5 451.3 463.1 474 484.9 492.7 494.2 492.8 488.5 482.6 472.5 460.2 446 432 415.4 397.9 378.5 364.1 352.6 343.2 340.2 342.5 358.6 385.1 412.8 436.8 455.7 469.9 480.9 480.5 470.2 452 428.6 409.1 396 385.5 379.1 387.1 398.4 412.1 430.2 435.7 431.9
423 409.8 396 383.4 367.7 358 352.1 342.8 330.9 315.9 298 276.6 267.4 275.2 275.5 269.7 260.3 251.9 241.9 224 226.4 239.2 248.8 261.7 273.2 281.5 289.4 290.8 305.4 320.9 338.7 358.5 379.1 399.5 420 440.1 455.2 465.5 476.1 485.6 490.8 491.3 489.7 486.4 482.1 477 472.6 463.7 449.5 432.2 409 386.1 368.3 352.9 340.6 338.8 346.1 365.9 393.6 424.5 450.8 468.5 482.3 490 487.4 474.4 452.8 426.5 404.3 391 380.5 374.8 379.1 389 400.5 417.3 427.3 425.9
