WholeMapElevations/data/sn/sn46_OST50GRID_20230518/SN46.asc
ncols 200
nrows 200
xllcorner 240000
yllcorner 260000
cellsize 50
[rows 148 to 184 of 200, columns 84 to 167 of 200]
-1.2 -1.2 -1.2 -1.2 -1.2 -1.2 -1.2 -1.2 -1.2 -1.2 -1.2 -1.2 -1.2 -1.2 -1.2 -1.2 0.8 0.8 1.3 15 19.8 21.6 21.2 21.7 25.7 29.6 33 45.6 43.3 35 23.9 5.3 7.4 7.4 8.2 12.1 19.2 23.4 30.1 34.7 40.1 49.1 62.2 75.9 87.6 92.8 96.9 101.1 105.2 109.2 111.8 114.1 116.4 118.6 120.4 122.3 124.1 125.9 127.7 129.5 131.2 132.8 134.1 135.4 136.4 136.3 135.6 134.5 133.3 132.2 130.6 128.8 125.8 122.9 118.5 115.4 113.7 115 114.3 112.7 110.2 106.5 103.1 97.2
-1.2 -1.2 -1.2 -1.2 -1.2 -1.2 -1.2 -1.2 -1.2 -1.2 -1.2 -1.2 -1.2 14.1 19.3 24.8 25.4 23.1 24.8 26.1 28.3 28.8 32.1 33.7 39.6 53.1 59.1 58.5 50.6 37.4 13.3 7.5 7.2 7.9 8.6 11.9 19.7 25.3 33.2 38.3 46.3 54 57.9 67.6 79.3 88.9 94.4 100.1 105.7 110 112.6 114.9 117.1 119.4 121.2 123.1 124.9 126.7 128.8 130.7 132.3 134 135.3 136.6 137.5 138.2 137.7 137.7 137 135.5 133.7 131.2 128.1 125.1 121.6 119.1 117 120.8 119.5 117.4 114.7 111.2 107.3 102.7
-1.2 -1.2 -1.2 -1.2 -1.2 -1.2 -1.2 -1.2 -1.2 -1.2 -1.2 -1.2 2.1 34.5 36.3 40.7 49.8 44.3 44.9 44.5 42.6 42.5 47.7 52.8 59.9 63 62.4 58.1 47.6 29.7 11.4 8.2 7.4 8.2 8.3 12.3 21.4 29 37 43.9 51.7 57.4 62.3 71.1 87.8 95.5 99.5 103.9 107.1 110.5 113.1 115.3 117.5 119.8 121.9 124.1 126.2 128.1 130.1 131.9 133.5 135.1 136.5 137.8 138.6 139.7 140.5 140.4 140.1 138.5 136.2 133.7 130.7 127.7 125.1 122.6 122.8 124.3 123.9 121.9 118.6 115.1 111 107
-1.2 -1.2 -1.2 -1.2 -1.2 -1.2 -1.2 -1.2 -1.2 -1.2 0.7 7.1 46.4 52.3 45.1 49.3 59.2 65.6 64.9 61.6 59.3 58.7 58.1 60.6 62.7 63.6 62.7 57.7 49.1 28.9 13.6 9.3 9.1 7.3 9.9 15.7 25.3 35.6 42.4 47.4 53.1 58.1 63.9 78.2 91.4 97 101.6 105.8 108.6 111.5 114.1 116.2 118.3 120.7 123.5 125.6 127.5 129.4 131.3 133.1 134.7 136.2 137.7 139.5 141 142.2 143.3 143.1 142.6 141.2 138.8 136.1 133.3 130.7 128.1 125.4 125.5 126.9 126.6 124.6 121.7 118.7 115 110.9
-1.2 -1.2 -1.2 -1.2 -1.2 -1.2 -1.2 -1.2 0.2 1.4 21.6 46.7 63.3 64 51 58.2 71.1 76.5 76.7 74.2 73.3 71.2 67.8 65.7 64.8 63.2 60.4 56.6 49 34.5 16.9 12 9.8 9.2 9.9 10 27 35.7 39.1 43.4 50.2 57.8 62.4 73.2 88.8 96.6 101 106.2 109.3 112.2 115.1 117.2 119.3 122.6 125.1 126.9 128.8 130.7 132.6 134.3 135.8 137.4 138.9 141.2 143.1 144.3 145.2 145.5 145 143.9 142.1 139.1 135.6 132.8 130.1 127.9 127 128.4 128.2 126.5 124.9 121.8 118.9 115
-1.2 -1.2 -1.2 -1.2 -1.2 -1.2 -0.2 0.6 1.6 31.8 55.1 68.3 74.1 70 57.5 67.1 76 80 80.3 81.1 81.2 81 79.6 74.8 69.1 63.9 58.9 53.2 44.2 32.3 20.3 15.2 11 10.3 9.9 10.3 10.3 24.2 27.8 34 42.1 52.8 60.6 70.3 81.9 92.5 99.1 104.8 109.3 112.1 114.6 117.9 121.1 124.5 126.4 128.2 130 131.9 133.9 135.5 137 138.7 140.7 143 144.4 145.4 146.3 146.5 146.3 145.6 144.2 141.5 137.9 134.7 132 130.5 129.4 129 129.2 127.9 126.4 124.9 122.2 120.3
-1.2 -1.2 -1.2 -1.2 -1.2 0 0.9 1.7 27.5 47.9 69.6 78.9 80.8 71.9 66.5 73.7 78.9 82 84 84.7 84.5 84.5 82.6 78 71.3 64.7 57.9 48.8 40 31.6 23.7 18.3 13.8 11.3 9.7 9.5 9.3 14.8 20.4 31.7 46.3 56.7 60.7 66.6 76.2 84.4 94.8 100.3 105.4 110 114.6 119.1 122.3 125.7 127.8 129.5 131.4 133.2 135.1 136.9 138.7 140.4 142.4 144.3 145.7 146.6 147.4 147.6 147.5 147 144.8 141.8 138.8 136.2 133.8 132.1 130.4 130.1 130 129.3 127.9 126.5 125.1 124.3
-1.2 -1.2 -1.2 -1.2 0 0.9 2.6 23.1 38.4 58.6 79.3 84.5 81.2 74.8 73.7 78.3 81.8 85.5 87.5 88.2 87.8 86.9 83.1 79.2 74 68.4 63.2 56.5 47.3 37.7 29 21.8 17.8 14.4 10.3 10.2 9 10.7 11 23.9 39.7 58.5 67.1 74.5 82.3 89.1 95.2 100.5 106.5 111.7 116.6 120.8 123.6 126.4 128.5 130.4 132.5 134.3 136.3 138.4 140.3 142.1 144.1 145.5 146.4 147.4 148.4 148.7 148.6 147.9 145.4 142.3 139.4 136.7 134.6 133 131.6 131.2 130.9 130.1 129.4 128.3 127.9 127.6
-1.2 -1.2 -1.2 0.1 0.9 2.9 23.9 33 42.7 58.8 79.8 83.8 77.1 78.7 78.7 82.6 86.1 89.2 91 91.4 90.5 88.7 85 81.4 78.4 75.2 71.2 66.1 58.3 50 37.6 27.6 21.7 18.6 14.7 10.8 10.5 10.4 10.6 11.3 31 55.6 70.4 79.6 87.7 95.6 102.4 104.2 108.9 114.1 119.3 122 124.7 126.7 128.5 130.6 132.9 135.2 137.4 139.5 141.7 143.8 145.2 145.9 146.6 147.6 148.6 148.6 148.6 147.2 145.8 142.9 139.9 137.1 135.4 133.9 132.8 132.3 131.7 131.1 130.8 130.4 130 129.8
-1.2 -1.2 -0.1 0.7 1.7 17 35 51.6 49.9 58.9 68.3 74.1 74.4 80.6 83.5 86.9 90.2 92.4 93.1 92.8 92.3 90.3 87.3 85.4 84.5 82.7 80 76.1 69.8 61.5 47.7 35.6 26.7 22 18.7 12 10.9 11 11 11.9 20.5 46.5 69.3 81.7 92.9 100.9 107.6 110.8 114.1 117.8 121.4 123.1 125.1 126.6 128.3 130.8 133.2 135.6 138.6 141.1 143.2 144.6 145.4 146.1 146.9 147.8 148.4 148.5 147.8 146.4 144.7 142.8 140.2 137.7 136.2 135 134.2 133.7 133.4 133.1 132.8 132.5 132.2 132.3
-1.2 -0.2 0.5 1.4 16.9 35.1 53.2 66.4 72.3 59.1 63.8 71.1 82.3 83 86.5 89.3 91.5 92.9 93.2 94.4 94.4 93.1 91.5 91 90.4 89.3 87.4 82.6 75.7 65.2 53.5 42.3 30.3 24.2 21.4 14.3 12.3 12 10.9 11.8 12.3 34.2 57.7 79.1 95.5 104.5 110.6 113.5 116.3 119.4 121.4 122.8 124.3 126 128.4 130.8 133.5 136.2 139.6 142.2 143.8 144.8 145.5 146.2 147.1 147.3 147.3 147.1 146.4 145.5 143.7 141.8 140 138.5 137.3 136.6 135.9 135.6 135.4 135.2 134.9 134.5 134.7 135
-0.2 0.6 1.2 14.4 36.1 54.2 68 74.9 79.4 75.3 79.8 87.1 87.8 87.5 88.5 91.5 93.1 93.8 96 97.5 97.3 97.1 96.2 95.4 94.6 94.3 91.6 86.6 78.9 68.6 58.5 48.1 40.5 30.5 23.2 21.5 13.8 11.9 11.5 11.3 11.1 22 43.8 68.3 90.6 102.7 109.4 113.3 117 119.2 120.7 122 123.7 126.1 128.4 130.8 133.8 137 140.2 141.9 143.2 144.5 145 145.6 145.7 145.8 145.8 145.6 145.4 145.1 143.2 141.7 140.8 139.5 138.9 138.3 137.7 137.5 137.4 137.2 136.9 136.6 137.2 137.8
0.6 1.3 23 40.6 56.2 70 78.2 82.6 84.8 87 87.7 90.3 90.4 91.4 92.2 93.9 95.7 97.4 99.4 100.5 100.4 100.1 99.9 99.2 98.5 97.5 94.3 88.7 81.1 73.3 64.1 55.3 46.8 36.5 27.2 23.3 20 13 11.9 11 12.2 13.4 33 55.9 77.6 97.1 106.3 111.3 115.2 116.4 117.8 119.9 122.4 125.1 127.6 130.5 134 137.3 140 141.2 142.2 142.8 143.4 143.8 143.9 144.1 144.6 144.7 144.6 144.6 143.3 142.5 141.8 141.1 140.6 140 139.6 139.4 139.3 139.1 139 138.5 139.4 140.3
1.5 30 44.4 59.9 75.5 84 89.7 91.3 91.6 91.9 93.4 94 94.4 95.3 95.9 96.2 97 100.8 102.7 103.3 103.4 103.1 102.9 102.6 102.2 99.7 96.9 90.4 83.9 77.6 69.5 60.4 50.9 38.4 30.6 25.7 23.3 18 12.4 11.6 13.2 14.1 20.9 42.8 64.4 85.1 97.4 101.8 106 109.5 113.1 116.7 120.6 123.8 126.6 130.1 133.6 136.7 138.2 139.2 140.4 141 141.9 143 143.6 144.2 144.5 145.3 145.4 145.3 144.8 144.3 143.5 142.8 142.2 141.7 141.5 141.4 141.3 141.1 140.1 139.3 141.7 142.6
36.8 49.7 66.1 81.2 91 95.1 96.8 97.1 96.8 96.1 95.6 96.6 97.5 98.5 98.8 99.1 97.3 102.7 104.3 105.7 106.3 106.2 106 105.8 105.4 103.2 99.9 94.1 87.9 81.5 74.3 64.2 53 41.9 33.2 28.8 25.5 22 13 11.9 13.6 14.2 16.1 32.3 54.3 74.1 80.3 83.4 89.2 95.3 106.1 113.2 118.2 122 125.6 129.6 132.6 133.9 133.2 136.4 138.5 139.8 141.5 143.2 143.9 144.8 145.8 146.7 146.9 146.9 147.6 147.6 147 146.7 146 144.8 143.7 143.6 143.2 142.4 142.1 142.8 144.9 144.8
59.4 73.7 84.5 95.4 98.8 100.3 100.5 100.4 99.1 98.2 98 98.7 99.4 100.9 101.8 102.5 103.2 102.8 105.2 107.5 108.5 109.1 109.2 108.8 108.4 106.3 102.8 97.8 91.9 85.1 78.2 67.5 57.6 48.6 38.5 32.8 28.6 23.8 13.1 12.5 13.7 14.2 16.1 21.9 43 56 61.5 62.9 75.3 90.5 102.3 110.6 114.6 120.3 124.4 128.4 128.1 125.6 129.2 134.5 138.1 139.8 141.5 143.5 145 146.1 147.1 147.9 148.8 149.4 150.2 151.2 151.2 150.9 150.3 148.7 147.3 146 145.7 145.4 145.1 146.6 146.6 146.5
79.8 87.1 94.8 98.9 101.3 101.9 102 101.8 100.7 99.7 100.1 100.7 101.4 102.7 103.6 104.5 105.2 105.1 106.8 108.7 109.7 110.4 110.3 110.2 109.5 107.8 105.1 100.7 95.8 90.5 83.8 74.9 65.4 55.2 44.7 37.3 31.6 25.1 13.1 13.3 13.6 13.9 16.4 22 33.8 42.5 49.8 61 77.9 91 100.1 108.9 113.4 122.2 125.9 119 111.7 122 130.5 135.1 138.3 140.4 142.3 144.3 146 147.1 148.5 149.9 151.4 152.4 153.4 154.3 155.4 154.9 154 152.5 150.9 149.2 148 148.1 148.2 148.2 148.3 148.2
89.4 93.5 97.3 100.4 102.2 102.9 103.4 102.3 101.2 100.3 101.2 102.9 103.2 104.3 105 105.7 106.3 106.6 107 108.9 109.4 110.2 110.6 110.5 109.7 108.7 106.3 103.3 100.4 97.2 91.8 84.5 73.9 62.4 52.7 44.2 33.5 27.3 18.7 14 14.9 15.3 11.9 20.8 31.6 40.3 50 65.8 82.1 91.6 99.8 110 119.6 124.3 120.3 105.8 111.1 127.2 132.7 136.1 139.2 142.1 143.8 145.6 147.4 149.2 150.8 152.5 154.1 155.6 156.5 157.5 158.2 157.6 156.5 155 153.1 151.4 150.4 149.3 149.3 149.7 149.9 149.9
93.9 96.6 98.3 100.6 101.9 102.9 103.2 102.4 101.4 100.9 102.8 104.2 104.9 105.7 106.3 106.8 107.3 108.3 108 108.2 109.1 110 110.8 110.8 109.9 109.3 107.8 106.7 104.5 102.2 99.3 92.7 82 66.3 65.9 55.2 34.5 30.5 23.7 14.4 14.8 15.4 15.9 17.2 29.2 35.8 51.1 69.7 82.7 90.9 99.3 112.4 120.9 122.3 113 98 114 128.6 133.5 137 140.1 143.1 145.5 147.3 149.3 151.9 153.8 155.4 157 158.6 159.6 160.5 160.8 160.4 158.9 157.1 154.8 152.6 151.4 150.3 150.2 150.6 150.9 151.3
92 94.6 97.3 99.4 101.6 102.7 102.8 101.6 101 100.8 104.4 105.5 106.4 107.4 108 108.7 109.5 110.5 110.4 110 110.2 110.4 110.9 111.3 111.3 111 110.3 109.6 108.3 106.9 103.9 98.2 85.4 80.1 77.5 69.2 60.9 49.8 31.2 14.5 14.6 15.8 15.9 13.7 21.8 29.9 46 63.7 79 88.1 95.9 108.5 114.1 114.2 107.1 90.4 107 124.4 133.5 138.1 140.9 144 147.1 149 152.2 155.1 157.1 158.7 160.5 162.2 162.9 163.5 162.7 161.6 160.2 157.8 155.3 152.9 151.4 150.1 149.2 149.5 150.6 151.3
79.8 87 92 96.3 99 99.8 99.9 99 97.7 102.6 105.5 106.8 107.8 109.8 110.5 111.1 112.1 113.1 113.4 113.1 113.6 114.7 112.4 114.1 113.7 113.9 113.7 113 111.7 110.2 106.9 94.9 91.1 96.2 90.6 80.4 72.3 59.8 40 28.1 20.4 16 16.7 16.4 14.8 22.8 36.4 51.3 66.2 81.4 91.5 95.4 97.7 97.3 92 80.8 95.6 118.2 133.3 139.3 142 144.7 147.9 151.9 155.4 158.2 160.8 162.6 164.3 165.6 165.9 165.7 164.6 163.1 160.6 158.3 155.8 153.3 151.6 150.1 148.9 148.2 148.4 150.6
54.7 70.1 83.7 91.2 92.4 91.8 91.7 91.3 91.7 101.8 105.2 107.7 110 111.8 112.9 113.6 114.5 115.7 116.3 116.5 116.9 118.2 118.6 117.9 117.9 117.8 117.5 116.3 114.9 112.8 104.9 92.2 103.2 104.9 97.2 88.7 81.6 70.7 50.5 30.1 25.8 17.7 17.4 17 17.2 15.2 22.4 36.5 51.7 65.8 73.9 77.4 77.8 75.9 70.6 76.1 99.3 122.2 135.5 140.3 143.3 146.7 151.2 155.1 158.5 161.3 163.8 166.2 167.9 168.5 168.5 167.7 165.8 163.4 160.8 158.6 156.3 153.8 151.8 150.2 147.1 146.2 145.7 146.9
45.1 51 69 81.3 81.5 78.8 76.8 83.5 88 101.7 103.3 106.9 110.6 112.6 114 115.6 117 118.2 119.1 119.5 120.1 120.9 121.7 121.4 120.8 120.4 120.3 119.3 117.5 114.3 106.4 98.1 107.5 109.2 104.2 98.7 92 82.9 64 40.4 28.5 22.2 20.6 18.6 17.6 17.7 17.8 19.9 33.5 45 53.1 59 54.9 57.8 66.3 81.9 107.7 128.8 137.5 141.4 145.5 149.7 154.2 158.2 161.5 164.3 166.9 169.2 170.9 171.1 170.3 168.8 166.3 163.5 160.9 158.7 156.5 154.3 152 149.5 146.2 143.9 143.4 143.6
66.9 59 54.3 65.3 68 81.8 89.8 88.6 96.3 104.5 106.7 107.6 109 112.5 114.9 115.6 116.6 118.1 119.7 121 122.5 123.7 123.7 123.1 122.8 122.7 122.6 121.6 119.5 117 113.5 103.1 110.1 112.7 110 106.6 99.8 92.2 75.3 53.3 37.2 30 29.9 23.5 21.1 17.8 18.4 16.4 19.1 23.8 32.6 36.4 46.8 57.3 71.5 95 119.1 130.6 138.6 143 147.2 152 156.4 160.3 164.1 167.1 170 172.1 172.6 172.8 171.7 169.1 166.4 163.6 161 158.8 156.5 154.3 151.8 148.6 145.2 142.4 141.5 140.9
79.4 76.3 60.1 65.7 82 92.8 97.7 102 105.2 108.1 110 111.9 113.4 114.2 115 116.2 118.2 120 121.9 123.5 124.6 125.1 125.3 125.1 124.8 124.6 124.3 123.4 121.9 120.3 116.4 111.2 115.4 116.1 114.3 110.6 104.7 96.6 84.7 70.4 51.3 37 33.3 29.1 25.9 23.1 18.9 18.5 18.5 19.5 25.7 32.2 39.9 52.1 72.1 89.1 109.4 125.4 136.9 144.3 149.2 153.9 157.9 161.8 165.7 168.4 170.7 172.5 173.4 173.3 171.4 168.7 165.5 162.5 160.4 158.8 156.5 153.5 150.3 147.1 143.9 141.2 140.3 139.3
85.5 84.4 77.5 58.7 81.9 95.1 101.2 104.5 107.5 110.4 112.3 114.1 115.8 117.1 118.2 119.3 120.6 122.1 123.7 125.2 125.7 126.1 126.5 127 126.7 126.4 125.8 125.6 124.9 124.1 121.3 119.6 120.2 119 116.5 113.6 107.8 99.4 89.1 74.6 48 41.6 36.9 32.5 29.7 28.7 28.5 20.8 18.6 19.9 20.6 24.3 28.9 39 54.3 69 83.8 105.1 126.6 142 150.6 154.7 158.6 162.6 165.9 167.7 169.2 171 172.6 172.8 170.5 167.3 164.1 161.5 159.9 158 155.2 151.8 148.7 145.6 142.5 139.9 138.9 137.9
91 90 86.4 72.2 67.6 91.2 101.6 106.1 109.5 112.6 114.5 116.2 117.9 119.4 120.6 121.1 122.3 123.8 125.3 126 126.6 127.2 127.9 128.7 128.7 128.3 129 129.4 129 128 126.2 125.5 123.9 121.6 118.7 115.9 110.5 100.9 87.5 71.7 55.7 50.1 41.9 40.2 37.4 34.9 34.6 33 25.9 19.2 20.2 21.7 25.9 32.6 39.3 51.4 62 83.1 104.6 125.6 141 149.6 155.7 160.5 164.1 165.8 167.1 168.8 170.5 170 168.3 165.5 162.9 161.3 158.7 155.4 152.9 150.2 147.1 144 141 138.5 137.5 136.4
95.9 95.9 93.4 86.9 75.2 78.4 95.9 105.5 109.9 113.8 116.5 118.2 119.7 121.1 122.3 122.9 124.1 125.3 126.2 126.9 127.4 128.1 129 130.1 130.7 130.6 131.3 132.1 132.8 131.9 129.7 129.1 126.6 123.5 120.5 117 110 99.3 86.3 68.5 66.7 61.9 59.1 53.4 46.2 42.5 39.4 37.1 33.8 18.7 19.6 20.8 24.4 30.4 34.5 40.8 51.1 60.7 81.7 102.7 117.6 131.9 144.6 153.7 159.4 161.5 163 165.7 167 166.4 165.6 163.3 162.3 159 156 152.7 150.4 148.5 145.7 142.7 139.6 137.2 136 134.9
99.3 99.5 97.5 93.9 89.3 85.3 83.6 100.8 107.3 112.4 115.9 118.3 120.3 121.5 122.9 123.9 124.8 125.6 126.5 127.7 128.4 129 129.6 130.8 132.1 132.8 133.4 134 134.6 134.7 133 130.6 127.2 124.2 120.9 115.7 106.3 97.2 85.5 81.7 80.4 77.3 73.3 68.5 60.7 51.6 44 41.4 38 33.7 25.1 21.4 19.5 25.5 32.4 37.2 40.9 49 60.6 78.1 95 110.9 126.7 140.4 150.7 156.4 158.9 161.8 163.1 162.7 162 162.5 162.1 156.3 152.9 149.5 147.7 146.1 143.9 141.5 139.5 137.4 135.1 132.7
103.3 103.7 102.6 99.6 95.3 91.3 86.7 86.5 94.1 105.4 110.1 113.5 116.7 119.5 121.7 122.9 124.3 125.9 126.8 128 129.4 129.9 130.2 131.4 132.7 134.1 135.2 136 136.4 136.4 135.3 132.5 129.2 125.2 120.5 114.4 104.9 96 86.1 96.2 98.6 95.6 88.5 78.2 67.8 60.7 56.8 49.3 42.3 39.7 35.7 26.4 22.8 22.3 23.5 30.7 36.8 40.6 46.6 57.1 74.3 91.1 107.1 121.7 136.8 148 153.3 156.6 159.3 158.9 160.1 161.1 160.2 155.4 149.4 145.8 144.7 144.4 143.2 142.3 140.6 137.3 134.9 131.3
106.5 107.5 106.4 104.8 101.3 97.8 97.5 94.4 86.1 97.4 106.3 112 115.1 116.1 119.5 119.9 122.4 125.1 126.8 128.6 130.2 130.9 131.2 132.1 133.5 135.8 138.4 138.9 139.4 138.6 137.4 134.9 132 128.6 123.6 116.8 105.5 95.3 101.9 112.2 114.3 109.2 100.6 87.2 78.8 76.5 74.1 65.8 52.1 44.1 42.2 32.7 23.5 23.1 22.1 26.6 35.8 37.8 41 47.8 56.2 72.6 89.1 105.5 122.3 135.2 146.6 152.1 155.5 157.1 158.4 158 157 154 146.2 143 142.4 143.1 143.4 142.7 141.8 138.6 135.1 130.4
108.1 109 109.7 108.9 107.3 103.6 102.1 101.3 100.1 93 102.9 109.2 111.6 112 115.5 118 120.8 123.6 127.2 129 130.1 130.6 132.5 134.4 136 138.4 141 142 142 140.8 139.7 137.7 135.7 132.6 129.4 122.2 110.7 109.9 120.3 122.3 120 115.8 108.9 98.7 96.8 94.2 86 75.2 58.3 53 60.3 50.1 33.1 23.7 22.2 24 35.8 37.6 39.4 43.8 50.3 59.4 73.2 92 107.5 121.8 137.2 147.7 153.6 155.8 154.8 153.1 151.5 147.4 142.3 140.3 140.4 141.8 142.9 142.8 142.2 139.5 135.3 129.2
109.4 110.8 111.5 111.8 111.6 109.2 106.7 106.3 105.5 101.3 98.3 104.1 109 112.6 116 119.7 122.3 123.5 126.3 128.5 130.8 132.6 134.7 136.8 138.8 140.6 142.1 143.5 143.9 143.1 142.1 140.5 138.3 135.9 132.4 127 117.1 121.8 126.4 125.9 124 120.8 116.7 113.5 110.9 104 92.2 80.4 66.3 67.8 75.9 71.6 51 29.4 22.6 24.3 35.2 37.5 39.1 42.8 47.2 54.1 63.8 79.7 94.5 109.9 126 141.6 149.9 149.7 145.6 143.7 144.6 141.2 138.9 137.9 138.4 140.1 141.9 142.6 141.9 139.5 134.1 127.3
110.4 112.5 113.6 113.9 114.7 112.9 111.6 110.9 109.1 107.1 101 106.8 110.4 113.8 117.7 121.9 124.7 127.5 129.4 130.9 132.4 133.5 135.6 137.7 139.7 141.2 142.7 144.1 144.5 144.8 143.9 142.8 140.3 137.5 134.5 130.3 122.4 127.9 129.9 128.7 127.4 126 124 121.8 116.7 106.8 94 83.4 74.5 84.1 94.9 91.4 71.8 42.5 25.6 24.9 27.8 36.5 38.7 41.2 45 52.5 59.5 69.6 83.3 97.5 113.9 128.6 137 136.3 132.9 136.3 139.5 138.4 136.7 135.4 136 138 140 141.7 141.9 137.6 130.8 123.9
111.5 114.1 115.5 116.3 117 116.4 115.7 114.4 112.5 110.6 105.4 103.5 111.5 115.1 119.7 124 127.4 129.3 130.9 132.6 133.9 135.1 136.5 138.6 140.3 141.8 143.3 144.6 145.2 145.8 145.4 144.7 142 139.3 136.7 132.4 127.8 132.1 133.3 132.2 130.9 129.5 127.9 125.1 117.2 106.9 99.2 93.1 87.4 92.6 103.5 104.9 84 49.7 29 25.3 26.4 35.4 38.7 40.9 45.3 50.7 56.2 63.7 74 86.1 100 113.5 119.6 119.8 122.1 130.9 137 136.9 135 132.2 131.4 131.3 134.9 137.9 137.3 131.8 126.2 117.7
112.6 115.5 117.3 118.3 118.9 118.2 117.7 116.5 115 113.2 110.9 106.4 109.7 115.8 121 125.3 128.7 130.8 132.4 133.6 135 136.4 137.8 139.3 140.8 142.1 143.4 144.7 145.5 146.2 146.8 146 144.1 141.6 138.3 136.5 135.2 136.4 136.5 135.7 134.4 133 131.2 127.7 121.8 116.7 115.4 113.6 106.1 101.7 104.5 110.9 94.5 67.3 38.6 25.5 26.3 28.8 38.2 42.5 46.7 49.5 54.7 59.7 67.4 78.3 89.6 97.6 102.1 106.4 116.2 129.3 135 135.2 132.8 130.2 127.4 125.3 126.3 131.2 130.8 125.8 119.3 110.2
114.2 117.2 119.1 120.2 120.6 120.3 119.8 118.4 117.1 115.3 114.4 112.3 108.4 115.9 120.1 124.8 127.6 130.1 132.6 134 135 136.4 137.8 139.2 140.6 141.9 143.1 144.4 145.3 146.1 146.9 147.2 145.3 143.6 142 140.4 138.8 138.8 138.9 138.4 137.5 136.2 133.7 132 129.8 128.8 128.9 128 124.4 116.5 109.8 114.2 107.2 83 50.6 24.6 26 26.9 39.1 44 47.6 49.7 52.6 57.4 63 70.2 77.4 83.4 92.5 104.3 119.4 130.8 134.3 133 130.7 128.1 125.3 121.3 119.7 123.2 124.4 120.9 112.9 104.7
