UK/data/sh/sh22_OST50GRID_20230518/SH22.asc
ncols 200
nrows 200
xllcorner 220000
yllcorner 320000
cellsize 50
[rows 0 to 37 of 200, columns 84 to 167 of 200]
77.9 61.5 49.7 44.2 41.8 39.8 38.5 36.2 35.3 35.8 35.2 34.3 33.4 33 32.4 32.3 31.9 30.4 30.4 29.8 28.3 28.7 29.2 28.6 26.7 26.1 24.7 23.1 21.1 21.7 21.4 22.1 22.3 23.2 25 23.6 25 21.9 17.6 13.5 11.3 10.2 9.8 12.8 15.2 15.9 15.4 15.7 15.7 15.7 15.5 14.9 14.9 14.8 14.8 14.6 15.3 16.2 16.4 15.3 12 8.1 10.3 13.8 15.4 16.9 17.3 18.2 21.6 25.2 28.9 31.6 33.4 34.6 35.5 37.4 37.4 38.6 39.3 38.2 34.1 30.9 28.5 26.7
79.4 64 50.7 44.2 41.2 39.4 39.5 38.3 37.7 36.8 35.1 33.9 33.6 34.8 33.5 32.6 32.3 31.1 30.9 30.6 29.5 30.6 28.8 27.8 26 24.2 22.8 22.7 22.3 20.9 21.5 22 22.3 22.9 24.2 23.8 24.4 22.9 19.8 14.6 11.5 10.8 10.5 12.8 13.9 14.9 15.5 15.4 15.8 15.8 15.5 15.2 14.7 14.5 14.5 14 13.9 14.2 13.1 13.6 12 7.9 7.9 13.1 13.3 14 15 15.9 19 22.7 25.5 28.7 31.4 33 35 35.7 37.1 38.1 38.9 39.5 37.7 34.8 32.4 29.1
83.2 67.8 49.8 44.6 41.3 39.1 38 35.8 35.1 35.8 35.8 35.5 35.5 35.1 34.8 34.2 32.4 32.2 30.9 30.5 30 30.2 29 26.7 25.1 24.5 24.3 24 22.6 21.4 21.2 21.5 22.2 23.7 24.9 23.8 23 21.9 19.5 16.2 11.9 10.1 10.4 11.3 12.5 13.7 14 14.5 15.4 14.9 15 14.9 14.7 13.9 14.4 14.3 13.8 12.9 13.2 12.3 12 9.7 8.1 11 11.7 12.2 13.5 15 16.9 20.9 24.8 27.7 30.2 32 33.7 36.4 36.6 37.1 38.1 38.7 38.7 37.7 36.4 31.7
86.2 75.3 54.9 43.7 40.4 38.8 38.1 37 35.2 35.4 34.9 34.7 35 34.8 34.3 33.3 32.1 31.5 30.4 30.1 28.8 28.6 28.2 26.1 24.2 25.6 25.3 24.8 22.3 20.9 20.7 22 23 25.6 27.1 24.5 22.1 21.7 19.2 15.9 14.1 11.3 9.7 10.1 11.4 12.4 12.5 13.1 13.6 14.3 14.2 13.9 13.3 13 12.9 13.5 13.1 12.3 12.2 12 11.7 10.4 7.8 9.7 11.4 11.9 12.5 12.7 15.4 20.1 23.7 25.9 28.4 30.3 32.2 35 36.4 37.1 37.6 38.1 38.8 38.6 37.6 35.2
85.7 70.7 52.8 41.4 39.2 38.3 37.6 35.8 34.6 35 34.6 34.3 34.1 33.9 34 33.5 32.2 31.9 30.3 29.4 28.1 27 26.4 25.6 24.4 25.9 26.1 25 22.2 20.9 20.6 20.9 23.3 26.2 26.1 24 24.2 22.5 19 17.9 16.8 14.3 10.2 9.4 10.2 10.9 11.8 12.7 13.4 13 12.8 12.4 12.4 12.3 12.2 12.2 10.7 8.5 7.5 7.8 7.2 10.1 7.8 7.4 9.4 10.5 10.7 10.8 13.7 17.7 21.1 23.8 26.6 29 30.8 33.4 35.2 36 36.9 38.2 38.5 38.4 38 38
80.9 63.4 45.5 40.3 38.5 38 37.2 36 35.2 34.7 34.3 35.3 34.5 34.3 33.9 33.3 32.8 32.7 30.7 29.6 28.6 27 26.5 25.5 24.4 25.9 26.3 24.3 21.7 21.3 20.8 21.1 23 23.9 23.6 21.7 21.2 21.6 20.9 21 19 17.1 14.5 12.3 10.3 9.6 10 10.7 12.1 13.4 13.5 13.8 13 12 10.5 10.1 8.8 8.2 7.2 7.6 7.8 7.7 7.3 6.5 7.1 8.6 8.7 8.8 12.2 16 18.7 22.3 24.9 27.1 29 29.9 33 34.4 36.8 37.4 37.6 37.7 37.3 35.8
78.5 58 42.1 38.1 37 36.6 35.2 34.5 34.6 35.5 35.4 33.6 32.7 33.5 33.5 32.6 33.5 32.7 31.4 30.2 28.6 27.5 26.8 25.5 24.4 25.2 25.6 23.9 21.7 22.4 23 22.3 22.6 22.7 22.5 21.2 21.7 22.1 23.1 23.4 21.1 19.9 17.9 14.9 12.7 10.5 9.3 9.3 8.7 8.8 10 12.5 12.4 11.7 10.8 8.5 7.2 7.8 8.8 8.5 8.8 7.5 7.1 7.1 7.1 6.6 6.7 7.2 7.6 12.4 16.2 20.1 24 25.8 27 27.7 28.6 29.9 32.3 33.8 34.3 34.3 34.7 33.6
76.3 56 41.2 37.5 36.4 36.2 35.7 35.9 35.3 35.5 34.9 34 32.6 32.6 33.2 32.8 33.5 33.4 32.9 31.4 29.2 27.4 26.1 24.7 24.6 23.2 24.2 23.9 23.1 22.9 24.2 23.9 23.3 22.7 22.9 22.9 22.8 23.3 24.6 23.9 22.6 21.7 19.9 17.5 16.6 15.4 12.4 9.8 10.1 11.4 10 8.8 9.6 9.4 9.1 7.8 7.6 8.7 9.3 9.7 9.1 8.9 8.8 8.9 8.4 6.4 6.4 6.5 6.6 8.3 14.8 18.6 22.6 23.7 24.9 26.6 27.6 28 28.8 30.8 31.1 31.5 31.8 31.5
76.5 51.5 42.7 37.8 35 34.6 34.7 34.7 33.2 34 32.7 32.3 32.6 32.4 33.3 34.1 34.2 33.7 33.2 30.5 27.7 26.1 25.5 26 26.3 24.5 22.8 22.7 22.3 23.3 24.4 25.7 25.7 24 24.8 25.8 25.4 25.1 24.4 23.7 23.5 22.4 21.6 20.6 18.7 17.2 15.8 13.2 12.3 11.9 10.5 9.4 8.8 8.7 7.6 7.7 8.3 10.5 10.6 10.9 11.5 11.1 11.5 11.2 10.7 9.5 8 7.7 6.5 7 10 18.1 21.5 22.7 23.6 24.1 24.8 25.9 27.1 28.1 28.3 28.9 29.4 28.8
83.4 55.1 42.1 38.3 34.5 33.1 32.7 33.3 32.5 32.9 32.1 32.2 32.1 32.1 33.5 34.5 34 33.8 32 27.8 26.3 26.6 27.2 27.5 28 25.3 24.6 24.2 23 23.4 25.1 26.3 27 27.6 26.4 25.5 26.5 25.5 25 24.4 24 23.7 24.1 22.8 21 19.7 18.4 17.1 15.5 13.6 12.8 11.4 10.2 9.2 9.3 9.2 10.3 11.3 11.8 12.6 12.9 12.5 12.4 11.9 11.4 10.9 10.5 9.4 7.7 6.5 7.1 19.1 21.3 22.1 21.4 24.3 24.7 24.9 25.5 25.4 26.2 25.9 27 27.1
87.1 59.3 42.6 36.4 32.6 32 31.8 31.5 31.3 32.4 31.7 31.9 31.3 31.3 33.6 34.8 34.1 32.9 30.6 26.5 27.2 28.5 28.8 29.2 29.7 29 28.3 27.5 26.4 24.6 23.1 25.4 25.9 27.4 27.4 26.4 26.4 25.5 25.9 26.1 25.5 24.8 25.3 24.5 23.7 22 21.7 20.3 17.5 17 18.4 18.2 17 17.6 16.3 14.9 13.2 12.3 12.7 12.4 12.7 12.6 12.9 12.6 12.1 11.9 11.5 10.3 8.9 6.2 7.1 16.8 19.2 18.5 23.6 25.5 24.7 23.3 23.7 24.4 24.2 24.5 23.7 23.8
86.2 59.6 43.4 37.4 34.1 33.1 32.1 31.8 31.8 31.1 31.3 31.4 30.8 31.3 32.7 33.8 33.3 33.8 31.2 27.9 28.9 30.2 29.2 29.9 29.5 30.4 29.6 29.5 28.3 27 25.9 25.2 25.5 26.5 27.5 26.8 26.8 26.6 27.3 27.3 25.8 25.5 26 25 24.9 24.2 23.8 22.9 20 21.1 22.9 22.5 22.8 22.3 20.3 17.1 14.1 12.9 12.5 12.3 12.3 12.2 12.9 12.7 12.3 12.1 11.9 11 9.2 6.3 5.9 11 12.7 14.3 21.3 24 23.5 23 23.3 23.4 23.1 22.8 22.5 21.9
86.3 59.4 40.3 37.1 34.2 33.1 33.1 32.5 31.2 30.8 30.6 30.4 30.7 30.1 30.3 31.5 31.7 31.6 29.1 29.3 31.5 30.4 30.5 30.6 30.2 30.8 30.4 29.8 28.8 28.3 27.2 25.7 26.5 25.4 26.8 27.1 26.6 27.1 27.3 26.7 26.5 26.4 26.8 26.6 25.8 26.2 25.4 24.4 21.8 23.9 27.8 28.4 27.8 25.4 21.9 17.5 13.6 12.4 12.5 12 12.5 11.9 11.9 12.7 12 12.2 12 11.7 9.9 6.8 6.2 11.6 15.1 17.2 16.9 19.7 22 22.6 22.5 22.2 22 22 22.1 21.3
86.9 59 42.6 37.4 34.5 33.1 33.2 32.8 31.1 31.2 30.5 30.7 30.6 30.8 30.5 30.1 28.8 28.9 29.5 30.6 31.7 32.6 31.4 30.7 29.8 29.8 30.6 30.1 29 28.4 27.1 26.4 27.4 26.8 26 26.7 27.8 28 27.9 28 26.7 27.7 27.9 27 26.7 26.7 26.4 25.1 23.3 27.2 30.4 30.8 29.4 26.2 21.6 17.1 13.2 12 12 12.4 12.2 11.8 11.8 12.1 12.3 12.3 12 11.9 10.6 6.7 5.4 11.1 16.9 20.7 22.6 22.9 23.6 23.5 22.7 22.4 21.2 20.8 20.5 20
75.9 53.3 42.2 37.5 35.1 33.6 33 32.3 31.9 31.2 31 30.9 31.5 31.5 30.5 29.6 29.5 29.5 30.2 31.4 32.3 31.5 31 30.1 29.6 29.5 31.1 29 29.2 28.4 27.8 28 28.2 27.7 27.5 27.2 28.1 28.6 28.4 28 27.6 28.9 29.1 29.3 27.3 26.8 26.6 25 25.1 28.5 30.6 31.7 29.7 26.3 22 17.2 13 11.8 11.5 11.6 12 11.8 12.1 12.4 12.6 12.3 11.8 11.7 10.7 7.1 5.7 8 15.9 20.8 24.1 25.9 26.2 25.2 24.5 23.8 22.3 21.9 21.5 21.4
81.3 54.3 41 36.8 35 33.4 33.9 32.9 32.8 32.4 31.6 32 32.5 31.1 29.7 29.3 30.1 30.6 31.1 31.8 32.8 31.1 30.5 30.8 29.9 30.2 29.2 28.8 29.1 28.4 28.8 28.5 27.8 27.1 27.7 27.4 27.5 27.8 27.3 27.5 28.1 29.9 29.3 28.7 28.7 27.5 26.4 25.8 27.7 29 29.9 31.1 30 27.2 22.4 17.5 13.3 11.8 11.3 11.4 11.7 11.8 11.9 12.8 12.8 12.3 11.9 11.4 9 6.2 5.8 4.8 12.7 20.8 24 26.4 27.6 27.4 27.3 26.9 25.5 24.5 23.3 22.5
84.8 61.2 40.6 36.7 34.8 33.3 34.6 33.6 34.2 33.5 32.7 32.9 32.3 30.5 29.9 29.3 29.8 30.8 32.3 32.2 31.7 30.9 30 30.2 30.2 30.3 29.1 29 28.4 28.9 29.3 28.5 27.6 27.2 28.2 28.2 27.7 27.2 27.3 27.9 28.8 30.6 29.2 28.4 28.1 27.7 26.3 27.5 28.2 29 29.4 28.9 28.1 25.7 22.3 18.8 14.5 12.6 11.5 11.2 11.2 11.6 11.6 12.2 12.3 12.3 12.1 11 10.3 7.6 5.8 5.8 11.8 19.9 24.5 27.2 28.8 29 29 29.2 28.8 27.5 26.4 25.9
79.4 52.4 38.7 38.2 34.3 34.3 35.1 34.7 34.2 33.4 32.5 32.8 31.4 30.7 29.8 30.2 30.9 31 32.6 33 32.1 31.1 31 29.9 30.6 29.5 28.8 29.1 28 28.9 29.1 28.5 27.7 27.6 27.7 28.2 28.8 27.9 27 27.9 28.9 30.2 29.3 28.4 28.2 27.3 27.4 28.2 28.1 28.2 28.1 27.9 25.7 23.5 21.2 18.8 15.9 13.5 12.6 11.2 11.6 11.9 11.3 11.1 11.5 11.1 10.9 10.2 9.8 8.5 6.1 5.4 10.9 18.1 24.4 28.1 29.9 29.8 29.7 29.9 29.6 29.3 28.9 27.8
64.8 41.1 36.9 34.9 34.2 34.6 34.8 34.9 35.4 34 33 31.8 30.9 30.6 29.8 30.6 31 31.5 33 33.4 32.9 31.3 31.4 30.1 29.9 29.6 29.6 29.1 29.3 29.9 29.1 29.3 27.9 28.1 27.9 27.8 29.1 27.8 27.8 28.1 29.3 28.5 28.1 28.6 28 27 27.1 28.2 27.9 27 27 26.8 25.6 23.5 21 18.5 15.7 13.2 13 12.2 12.1 11.8 11.2 10.6 10.2 9.5 9.2 9.5 8.4 5.7 5.9 5.9 9.1 16.1 22 26.5 29.2 29.2 28.4 28 28.7 28.9 28.1 26.6
54.3 38.7 36 34.4 34.7 35 35.4 35.3 35.2 34.1 33.4 31.6 31 30.7 31 30.7 31.1 31.7 32.9 33.1 32.4 31.3 30.4 29.8 30.5 29.3 29.4 29.4 29.5 29.9 29.1 28.9 29.3 27.9 28 28.8 28.4 28.8 28.7 29.1 29.3 28.8 27.1 27.4 26.9 25.6 26.8 27.3 27.4 26.1 25 25.1 24.5 22.3 19.7 17.2 15 13.3 12.9 12.6 11.9 11.1 10.9 10.4 9.9 8.3 7.5 7.3 6.6 5.6 5.7 5.2 7.5 13.4 18.8 23.1 26.8 26.3 24.6 25.2 26.6 26.9 26.7 26
48.6 38.4 34.8 35.4 36 36 35.7 35.4 35 34.8 33.7 33.2 32.3 32.8 32 31.3 31.4 32.5 32.4 33 31.8 30.8 30.6 30.3 30.4 29.5 29.9 30.1 29.2 29.1 29 28.8 28.2 27.9 28.4 28.9 28 28.6 29 29.3 29.9 28.5 27 26.1 25.7 24.9 24.9 25.5 25.4 24.7 23.6 22.5 21.5 20.7 18.2 15.7 14.8 13.9 12.9 12.5 11.7 11.3 10.6 9.6 9.3 9 8.1 7.3 6.5 5.5 5.6 4.7 6.6 11.3 16.5 20.3 23.6 23.3 21 21.3 23.4 24.1 24.3 24.6
42.9 38.9 35.2 36 36.1 36.6 36.5 35.2 34.6 34.7 33.8 33.5 32.8 32.8 32.2 32 32.1 32.4 32.8 32.7 31.3 30.8 31.4 30.2 30.3 28.9 28.9 28.5 29.1 28.8 27.7 27.9 27.5 28.2 29.2 29.1 28.8 27.9 28.3 28.3 28.9 28.5 26.8 25.5 24.2 24.4 24.5 23.7 23.2 22.2 21 20.2 18.9 17.8 16.9 15.2 14.5 13.6 12.9 13.7 12.8 11.2 11 10.3 10 9.2 8.7 7.9 6.6 5.4 5.6 4.8 6.3 10.7 13.4 15.6 19 18.9 18 18.5 19.9 21.4 23.3 24
43.7 37.3 35.2 35.9 36.1 36.1 36.2 35.8 35 34.2 32.8 32.9 33.1 32.4 32.2 33 33.3 33 32.8 32.4 32.1 30.8 30.3 31.1 29.6 28.8 29.3 28.5 28.9 28.2 27.6 28 28.4 27.8 28.4 28.7 28.7 27.5 27.8 27.1 27.6 27.5 27.1 25.5 23.8 23.6 23.9 23.3 22.1 20.9 19.3 18 17 16.2 15.9 15.2 14.1 14.8 14.7 14.7 13.7 12.2 10.3 9.5 9.8 9.6 9.1 8.4 7.4 6.4 5.3 5.7 5.8 8.8 11.1 12.3 14.1 14.5 14.9 15.8 17.9 21.1 22.8 23.3
40.3 36.3 35.2 35.5 35.5 35.6 35.5 35.9 35.9 35.3 33.1 33.7 34.1 33.6 33.6 32.8 33 33.4 33 33.8 32.7 31.3 30.5 30.5 29.7 28.7 28.4 28.7 27.8 28.2 28.4 27.7 27.6 27.4 28 28.2 28.7 27.2 28.1 27.5 26.8 26.4 25.8 24.2 23.1 22.6 22.2 21.8 21.4 20.7 18.1 18.7 18.2 17.9 17.4 16.8 16.8 17.5 17.2 15.8 13.8 11.2 9.5 8.7 9.2 9.4 8.3 8 7.7 6.9 5.4 5.2 6.1 8.5 10.5 11.1 11.9 12.5 12.3 15.4 18.2 20.8 22.1 22.8
39.2 37 35.6 35.8 36 36.3 36.6 35.4 35.1 34.2 34.6 35.1 34.5 34.6 33.7 33.4 33.7 33.7 33.2 32.5 32 30.5 30.3 30.8 29.9 29 28.1 28 27.7 27.6 27.8 28 27.8 26.9 27.2 28.1 27.3 27.6 28 27.4 26.3 25.4 24.3 23 22.5 21.5 21.1 20.9 20.4 19.4 19.5 21.2 20.8 19.5 19.2 19.1 19.6 20.4 19.5 17.3 14.1 11.7 10 8.4 7.9 7.8 7.8 7.5 7.2 7.1 5.4 5.6 5.8 8.7 9.8 10.6 10.8 11 11.9 13.4 16.1 18.3 20.6 21.2
39.9 36.6 35.7 35.4 36.8 36.9 36.7 36.7 35.7 34.8 35.2 35.6 35 34.4 34 33.7 33.1 33.2 33.5 32.8 32.1 32 31.8 31 30 28.4 28.5 27.6 26.9 27.1 27 26.9 27.2 26.6 26.3 27.4 28 28 27.8 27.4 27.5 26 25.5 23.6 23 21.8 21.6 21.9 22 21.5 21.5 23.2 23.5 23.9 22.9 21.7 22.3 22.6 21.5 18.5 15.2 12.8 12 9.7 8.1 7.6 7.6 7.3 8 7.6 4.5 5.1 5.6 8.4 9.9 10.1 10 10.6 11.3 12.2 13.6 16.2 19.1 20.5
38.2 36.5 36.2 36.9 36.3 36.2 36.2 37 36.5 35.1 35.5 35.4 36 33.7 33.5 33.6 33.5 33.7 33.9 33.3 32.6 32.6 32.3 31.5 30 29.2 29 27.5 27.1 27 26.8 26.7 26.9 26.4 26.2 27.5 27.5 28 28.2 28.5 27 27.1 26.1 24.5 23.6 22.2 22.4 22.6 22.9 23 23.2 24.3 25.7 25.5 25 24.5 24.1 24.2 24 21.2 18.2 15.3 12.5 9.5 8.4 7.9 7.6 7.8 8 7.4 5.4 5 6.1 9.3 10.9 10.8 10.3 11 10.9 12.1 13.4 15.5 18.4 20
37.5 36.5 36.4 36.3 37.2 36.6 36.6 36.4 35.9 35.9 34.7 35 34.7 34.4 33.2 33.5 35.2 35 34.4 33.9 33.2 32.1 31.2 30.5 30.2 29.1 28.4 26.9 26.4 26.2 26.2 26.2 26.2 26.6 26.4 26.2 26.8 27.6 28.2 28.4 27.3 26.9 26.4 24.9 23.5 23.4 23.6 24.6 24.8 25.4 25.4 26.4 26.6 27.1 26.5 25.9 24.9 24.7 23.1 21 18.6 15.8 12.5 10.5 9 8.1 7.8 7.3 7.5 7.1 5.2 4.9 6.3 10.1 11.1 11.1 10.8 11.5 11.6 12.3 13.1 14.4 17.3 17.6
37.3 38 36.8 36.4 36.2 35.7 36.1 35.8 37.6 36.3 35.6 34.8 34.5 34.4 33.9 34.1 35.2 35.3 33.9 33 33.1 32.4 31 30.3 29.4 28.5 28 26.9 26.2 26.1 26.4 26.9 27.2 27.1 27 25.8 26.7 27.5 28.1 28.1 27.8 27.1 26 25 24.3 24.2 25.4 25.9 27 27.2 26.5 26.9 27.5 27.7 27.6 27.4 26.3 24.3 22.5 20.1 17.6 16 13.8 12.8 10.7 9.2 7.6 7 6.7 5.4 5.1 4.9 6.2 9.6 11.7 10.8 11.2 11.8 11.9 12.5 13.3 14.9 16.6 16.2
25.7 24.7 30.8 31.1 32.1 26.1 29.1 24.9 28.4 36.2 34.8 34 33.5 33.4 31.8 34.2 35.2 35 34 33.5 32.9 31.4 30.5 30.2 28.7 27.8 27.5 26.6 26.3 26.3 27 27.5 26.9 27.1 27.4 26.6 25.7 26 26.9 27.7 27.9 27.7 27.1 26.2 25.1 25.5 26.4 26.7 27.1 27.8 28 28.2 28.4 28 28 28.1 26.7 24.5 22.2 20.5 18.9 17.9 16.1 14.9 12.9 9.9 8.1 6.3 5 5.4 4.7 6.1 8 9.8 11.3 10.9 11.6 12 12.4 12.6 13 15.3 16.5 15.8
12.8 12.5 7 2.8 2 1.8 2.5 2.9 4.5 11.6 4.8 11.1 18.7 12.4 23.7 28.5 34.8 34.7 33.3 32.9 32.5 31.2 30.1 29.2 28.8 28.7 27.4 26.3 26.3 26.4 26.4 26.9 27 26.8 27.6 26.9 25.7 25 25.9 26.3 26.8 27.7 27.3 27.2 26.1 26.6 27.4 27.9 28.2 28.1 28.1 28.4 28.8 28.6 28.7 28.6 26.8 25.4 22.7 21.1 19.5 17.6 16.5 14.1 12.6 10.3 7.1 5.7 5.1 4.9 5.3 7.5 8.8 10.1 10.3 11.1 11.5 11.7 11.9 12.1 13.5 14.9 15.8 15.1
1.5 1.4 1.2 1.1 1 0.9 0.9 1 1 1.1 1.1 1.2 1.4 1.5 1.9 3.4 6.5 9.8 19.6 31.4 31.6 31 30 28.9 29.1 29.3 27.1 26.1 26.2 26.9 27.4 26.9 26.9 26.9 26.7 26.3 25.7 25.1 24.7 25.3 25.4 26.8 27.4 27.1 26.6 27.2 27.9 28.6 29.5 29.8 28.5 28.4 28.6 29 28.1 28.2 27.2 25.1 23 21.2 19.1 17.2 15.1 13.3 11.6 8.6 8.5 6.5 5.1 4.5 6.3 7.3 8.8 10.2 10.6 10.6 11 11.8 12.1 12.7 13.3 14.6 14.5 14.3
0.7 0.6 0.4 0.3 0.2 0.1 0.1 0.2 0.2 0.3 0.4 0.5 0.6 0.7 0.9 1.1 1.3 1.5 1.8 3.3 10.1 12.7 20.1 28.5 29.6 29 27.4 26.3 26.9 27.3 27.5 27 27 27.1 27.4 27.2 26.7 25.4 25 24.8 25 25.7 27.3 27 27.2 27.6 28.2 28.2 29.8 29.9 28.6 28.2 28.2 28.3 27.7 27.2 26.4 25.1 22.1 20.8 18.8 16.8 14.1 11.8 10.1 10 8.1 5.4 4.9 4.7 5 7.3 9.2 9.8 10.6 10.9 11 11.6 12.1 13 13.8 14.4 13.5 14
0 -0.2 -0.4 -0.5 -0.6 -0.6 -0.6 -0.6 -0.6 -0.5 -0.4 -0.3 -0.2 -0.1 0.1 0.3 0.5 0.7 0.8 1 1.3 1.5 2.3 7.6 9.5 20.1 22.4 26.9 26.7 26.8 27.3 28.2 28.1 27.8 27.7 26.7 26.1 25.9 25.4 25 24.5 25 25.8 26.4 26.4 27.4 27.7 27.5 28.4 28.7 28.4 28.4 27.6 27.3 26.3 26.2 25.5 23.8 21.3 20.1 18.5 15.8 15.5 13.6 11.8 10.1 6.8 5.2 4.9 4.7 5.3 8.3 9.3 9.7 10.1 11 11.3 11 11.4 12.1 13.4 14.2 13.4 14.2
-0.8 -1.2 -1.2 -1.2 -1.2 -1.2 -1.2 -1.2 -1.2 -1.2 -1.2 -1.2 -1.2 -0.8 -0.7 -0.5 -0.3 -0.1 0.1 0.3 0.5 0.7 1 1.2 1.5 2.6 4.3 9.1 23.5 25.8 26.4 27 26.7 26.7 27.5 26.2 26.1 26.2 25.5 25.4 24.2 23.7 24.2 24.8 25.5 26.4 26.6 27.1 27.8 28.1 27.8 27.7 27.6 27.6 26.9 25.9 24.8 22.9 21.3 19.8 17.8 17.3 16 15.3 12.8 11.5 6.7 5 3.4 4.8 5.4 8 9 9.8 9.9 10.4 10.2 11.3 11.5 12.1 13.1 14 14.8 15
-1.2 -1.2 -1.2 -1.2 -1.2 -1.2 -1.2 -1.2 -1.2 -1.2 -1.2 -1.2 -1.2 -1.2 -1.2 -1.2 -1.2 -1.2 -0.7 -0.5 -0.2 0 0.3 0.5 0.7 1 1.3 1.7 2.9 6.9 17.8 24.6 26.3 26.4 26.4 26.3 26.5 25.6 25.4 25.1 24.8 24.5 23.2 24.7 25.8 26.9 26.8 27.2 27.4 27.4 28.3 28.2 28.1 27.7 27 25.2 24.2 22.6 21.2 19.4 18 17.9 17.7 16.1 15.4 13.7 9.2 7.5 5.1 4.2 5.5 7.3 8.7 9.6 9.9 9.8 11.1 10.6 11.1 10.9 12.1 13.4 15.1 15.4
-1.2 -1.2 -1.2 -1.2 -1.2 -1.2 -1.2 -1.2 -1.2 -1.2 -1.2 -1.2 -1.2 -1.2 -1.2 -1.2 -1.2 -1.2 -1.2 -1.2 -1.2 -0.7 -0.4 -0.3 -0.1 0.2 0.5 0.8 1.1 1.4 2.4 8 15.2 24.2 26.8 26.2 25.8 25.8 25.7 25.1 24.8 24.7 23.6 24.3 25.9 27 28.3 27.8 26.8 26.9 28.1 28.4 28.2 27.4 27.3 26 24.5 23.6 21.6 19.8 18.9 18.9 18.5 18.5 17.8 16.2 11.1 8.3 6.5 5.1 4.1 7 8.2 9.2 9.8 9.8 10.4 10.6 10.5 11.7 12.7 13.6 15.3 16.6
-1.2 -1.2 -1.2 -1.2 -1.2 -1.2 -1.2 -1.2 -1.2 -1.2 -1.2 -1.2 -1.2 -1.2 -1.2 -1.2 -1.2 -1.2 -1.2 -1.2 -1.2 -1.2 -1.2 -1.2 -1.2 -0.6 -0.3 0 0.3 0.6 1 1.3 1.6 7.2 12.7 19.7 26.1 26.2 25.9 25.4 24.7 24.3 22.3 23.2 25 26.7 28.2 27.2 26.8 26.8 27.4 27.7 27.9 27.5 27.2 25.9 25.4 23.7 22.3 20.8 19.3 18.7 18.7 19.1 18.6 17.2 13.6 10.1 7.9 5.1 4.6 5.3 7.9 9.3 9.8 9.8 10.2 10.9 11.3 12.7 13.8 15.2 16.5 17.4
