UK/data/so/so68_OST50GRID_20230518/SO68.asc
ncols 200
nrows 200
xllcorner 360000
yllcorner 280000
cellsize 50
[rows 105 to 139 of 200, columns 0 to 77 of 200]
450 441.8 432.7 423.6 415 407.2 399.1 386.5 379.3 369.1 360.5 351.4 350.9 344.3 335.6 327.8 320.6 316.3 312 306.4 301.1 296.5 291.9 287.3 283.6 279.7 276.1 273.2 270.4 267.5 265.2 262.5 259.7 256.2 252.1 247.7 242.8 237.5 232.8 228.6 225.2 223.3 221.3 219.5 217.5 215.4 213.4 211.5 209.7 207.9 206.2 204.4 202.6 200.6 198.5 197.6 197.4 197 195.2 192.9 190.6 188.3 186.5 185.8 184.7 182.9 181 178.4 175.8 174.7 172.9 170.8 169.9 170.1 174.5 176 174.3 173.7
450.1 442 433 424 415.4 407.6 399.5 391.7 381.7 372 361.6 351.3 339.8 334.6 331.7 324.7 318.4 313.4 308.9 304.5 299.8 295.5 290.9 286.9 282.8 278.2 274.4 271.2 268.2 265.2 262.7 260.9 258.7 256.2 252.3 248.6 243.4 238.3 233.8 229.7 225.7 222.2 219.7 218.2 216.4 214.1 212 210.2 208.4 206.6 205 203.2 201.6 200.2 198.2 196.9 195.6 195 193.6 191.2 188.9 186.9 184 183.3 182.3 181.5 180.1 177.7 174.9 173.7 172 170.3 169.4 168 169.9 174.1 172.7 171.9
449.1 441.3 433.1 424.2 415.8 407.6 399.8 391.1 381.4 371.3 360.8 350.5 341.6 331.4 324 317.1 312.4 308.6 304.6 300.3 295.6 292.2 288 284.2 280.6 276.5 272.9 269.4 266.2 263.2 260.1 257.5 255.1 254 251 247.1 242.7 238 233.6 229.7 225.9 222.8 219.1 217.3 215.6 213.3 211.1 209.2 207.2 205.6 203.9 202.3 200.8 199.3 197.9 196 194.5 193.1 191.3 189.1 187.3 185.5 183.1 181.7 180.5 179.2 178 176.2 174.6 173.3 170.3 168.8 168.5 166.9 167.4 168.6 170.4 170.7
446.7 439.7 432.5 424.2 415.7 408 400.4 391.9 382 372.4 362.4 352.2 343 334.7 326.9 319.5 314.1 308.7 304 298.1 292.8 288.3 284.5 280.6 277.8 273.6 269.8 266.7 263.7 260.7 257.4 254.4 251.8 250 247.6 244.7 240.3 236.3 233 229.2 225.7 222.7 219.4 217.1 215.7 213 211.1 209.6 207.6 205.9 204.2 202.2 200.3 199.1 198 194.3 193.2 191.1 189.5 187.6 187.9 186.8 185.6 183.7 182.5 181 179.2 177 175.7 175.6 175.7 174.6 172.4 169.4 166 165.7 166.5 168.2
444 437.3 430.6 423.8 415.9 408.7 400.9 391.9 382.7 372.2 362.1 354 344.7 336.6 329.3 322.4 316.4 310.9 305.4 299.8 294.5 289.4 284.6 280.1 275.6 271.5 267.8 264.6 260.8 257.9 254.7 251.6 248.9 246.2 244 241.4 237.6 234.4 231.1 228.1 225.1 222.4 220.7 217.9 216.2 214.3 212.8 210.8 208.4 206.6 204.5 202.3 200.3 198.8 197.1 195.7 194.2 192.6 191.2 190.4 190.1 189.2 187.5 185.6 184.3 182.9 181.4 180.3 178.8 177.1 176.7 175.5 174 171.3 167.9 165.4 163.5 165.2
443.9 437.5 430.3 423.6 416.3 409.6 400.9 392.1 382.9 373.8 363.4 354.4 347 338.6 331.3 323.3 318.2 312.1 306.8 301.5 296.2 291 285.7 280.9 275.7 271 266.7 263.2 259.5 255 252 249.5 246.4 243.6 241.1 238.5 235.8 232.6 230 227.2 224.9 222.9 220.7 219.2 218 216.6 215 213.2 210.7 208.6 206.2 203.2 200.7 198.2 196.5 195.1 193.7 192.4 191 189.7 189.5 188.9 187.9 186.7 185.3 184 182.5 180.8 179.7 178.7 177.6 176.3 174.9 172.9 170.7 168.7 165.3 163.3
444.2 438.7 430.5 422.2 415.5 408.5 400.1 391.6 383.1 373.9 364.6 354.8 346.5 338.6 330.7 324 318.5 313.2 308.2 302.9 297.5 292.1 286.7 281.5 276.2 271.4 267.3 263.5 259.3 254.7 250.7 247.7 244.9 242 239.5 237.3 234.4 232.8 230.4 228.3 226.4 224.9 223 221.2 219.7 218.3 216.7 214.8 212.3 210.2 207.8 205.1 202.3 199.6 196.7 194.4 192.9 191.6 190 188.9 188.1 187.3 186.8 185.6 184.4 183.2 181.9 180.4 179 177.6 176.8 175.9 175 173.7 172.3 170.1 166.9 164.1
444.9 439.5 432.2 424.2 416 407.2 397.8 389.1 381.2 372.7 363.2 354.2 345.9 337.8 330.2 323.6 318 312.8 307.6 302 296.8 291.7 286.3 281 275.5 271.5 267.6 264 259.9 255 250.8 248.4 246.3 243.7 240.7 237.9 235.5 233.8 232.5 230.9 229.2 227.7 225.8 223.4 221.1 219.6 217.6 215.2 212.5 209.9 207.5 205.4 202.9 199.8 196.9 194.3 192.5 190.9 189.1 187.7 186.9 186.2 185.2 184.1 183 181.9 180.5 179.1 177.7 176.6 175.8 175 174.2 173.4 172.4 170.9 167.8 165
445.8 440.3 433.5 425.5 417.3 407.8 397.9 388.1 379.5 370.8 361.9 353.1 344.9 336.8 329.6 323.1 317.5 312 306.6 301 295.4 290.2 284.6 279.3 274.5 270.7 266.6 262.9 258.9 255.1 252.3 250.3 248.4 246.5 244 240.7 237.9 236.4 235.1 233.3 231.5 229.9 228.1 225.5 222.9 220.1 217.3 214.5 211.7 209.1 206.6 204.3 201.7 199 196.4 193.7 191.7 190.1 188.5 186.8 185.9 185.3 184.1 182.8 181.7 180.8 179.9 178.5 177.2 175.8 174.9 174.1 173.3 172.4 171.5 170.5 169 165.8
445.9 440.3 433.2 424.5 414.8 405.5 395.8 386.3 377.7 369.2 361 351.9 343.7 335.6 327.9 321.6 315.9 310.9 305.7 299.9 294.1 288.4 283.2 278.1 273 268.9 264.8 261.2 258.4 256.7 255.4 253.2 251.5 249 245.5 242.6 239.9 237.8 235.9 233.8 231.5 229.4 227.4 225 222.2 219.2 216.2 213.2 210.5 207.8 204.9 202.2 199.7 197.5 194.8 191.9 189.7 188.1 187.2 185.8 184.9 184.2 183.2 181.9 180.7 180 179.1 178.1 176.7 175.3 174.2 173.2 172.2 171.3 170.4 169.7 168.5 166.6
444.7 438.7 431.8 423.1 413.5 403.6 393.7 383.7 376.2 368.5 360.1 350.9 342.5 334.4 326.4 320 314.4 309.7 304.9 299.2 293.5 288 283.2 278.5 273.7 269.6 265.5 262.4 261.1 260.2 258.1 255.7 252.8 249.2 245.9 242.5 239.2 236.7 234.4 232.3 230 227.8 225.4 223 220.4 217.5 214.4 211.3 208.9 206.1 203.2 200.4 197.3 194.7 192.2 189.8 188 186.3 185.4 184.6 183.9 183.2 182.2 181 179.6 178.9 178 177.2 176 174.7 173.4 172.5 171.5 170.2 169.1 168.4 167.2 165.8
444.1 437.1 429.3 420.8 411.8 402 390.9 381.3 374.7 367.3 359.2 349.8 341.2 333.4 326.4 320.9 314.8 309.5 304.6 299.3 293.9 288.3 282.9 278.7 274.4 270.4 267.2 265.7 264.3 262.3 259.6 255.9 251.8 248 244.4 241 237.4 235 232.7 230.3 228 225.5 222.7 220.2 218 215.2 212 208.9 206.4 203.9 201.4 198.6 195.5 192.5 190 188.3 186.5 184.9 183.7 183.2 182.6 182 181.2 180.2 178.8 177.8 177 176.1 174.9 173.6 173.2 171.1 169.9 168.8 167.5 166.5 165.5 164.1
442.7 434.3 426.4 417.4 407.8 399 388.6 380.4 373.9 367.1 358.7 350.4 340.8 333.5 326.6 318.9 313.9 310.3 305.4 300.2 295.3 290 284.9 280.4 275.9 272.7 269.6 268.6 266.2 263.5 259.8 255.7 251.4 246.9 243 239.7 235.9 232.6 230.1 227.7 225.4 222.4 219.5 217.8 215.5 212.3 209 205.7 203.1 201.1 198.9 196.4 193.9 191 188.4 186.5 185.2 183.7 182.4 181.8 181.3 180.8 180.3 179.4 178.1 176.9 176.1 175 173.9 172.9 171.4 169.8 168.5 167.5 166.8 166 165 163.7
440.6 432.6 424.1 415.2 404.9 394.4 386.5 379.5 373.2 366 358.3 350 337.5 330.8 328 322.7 316.9 311.8 306.2 301.3 296.6 291.6 286.3 282.3 277.9 275 272.5 270.1 267.2 263.4 259.5 255.6 251.3 246.6 242.2 238.7 234.5 230.2 227.4 224.9 222.2 219.3 217 215.4 212.4 209.4 206.2 202.8 200.1 198.5 196.5 194.2 192.2 189.4 187.1 185.5 183.9 182.5 181.2 180.8 180.3 179.7 179.3 178.4 177.2 176.1 175.2 174.2 173.3 172.1 170.8 169.3 168.3 167.2 166.4 165.8 164.8 163.6
438.4 431.4 422.7 412.6 402.2 393.1 385.1 377.5 371.5 363.5 357.8 351.1 342.7 336.9 331.2 325.2 319.3 313.5 307.3 302 297.3 292.1 287.1 283.4 279.7 276.7 273.9 270.4 266.7 262.8 258.5 255 251 246.4 241.8 238 233.8 229.6 226.1 222.3 219.4 216.6 214.2 212.1 209.3 206.4 203.8 201.2 198.7 196.7 194.7 192.5 190.3 188.9 187.6 186 184.3 183 181.9 181.4 180.2 179.2 178.5 177.6 176.5 175.5 175.4 174 172.8 171.7 170.8 169.1 168.3 167 166.2 165.6 164.9 164.4
436.2 430.2 420.8 410.7 400.8 393.1 385.8 379 372.7 365.4 359.2 352.4 346.1 339.4 332.8 326.7 320.5 314.4 308.2 302.6 297.6 292.6 287.9 283.9 279.8 277 274 270 266.1 261.8 258.1 254.4 250.4 245.9 241.4 236.9 232.7 228.3 224.1 220.8 217.8 214.9 212.1 210.3 208 205.2 202.9 200.6 197.9 196.2 194.5 192.6 191.4 189.7 188.2 186.8 185.4 184.7 184.1 183.3 182.3 181.1 179.4 178.2 177 176.2 176.4 174.6 173.9 173.6 172.5 172 171.4 170.6 169.6 168.5 167.3 166.7
437.6 428.5 418.3 408.6 399.2 392.2 385.1 378.2 372.5 366.4 359.7 353.2 346.7 340.1 333.6 327.3 321.3 315.2 308.8 302.2 296.9 291.9 287 282.2 278.3 275.3 271.8 268.4 263.3 259.5 255.7 252.2 248.5 243.8 239.4 234.5 230.2 226.5 223.4 220.7 218.1 215.2 212 209.6 207.1 204.6 202.5 200.3 198.1 196.7 195.4 194.2 192.9 191.6 191.1 189.7 188.3 187.6 187.7 186.6 185.5 184.3 183.2 182.1 181 180.1 179.4 178.2 177.4 176.7 175.6 174.4 173.8 172.3 170.8 169.5 167.9 165.9
435.9 425.9 415.2 406.3 397.7 390.4 383.6 376.8 371.4 366 359.8 353.5 347.3 340.7 334.1 328 321.9 315.8 308.3 301.6 296.2 291.1 286.2 280.9 276.3 271.8 266.9 262.2 257.3 254.6 251.5 247.5 244.7 240.2 236.4 234.1 231.3 228.2 225.7 223 219.8 215.9 212.3 209.5 206.5 204 202.1 200.5 199.2 198.3 197.3 196 194.9 194.5 194.6 193.3 191.4 191.1 191.4 190.2 188.5 187.4 185.9 184.7 183.8 183.1 181.9 180.1 178.4 177.3 175.8 174 172.1 171.2 169.8 168.3 166.7 165.4
431.4 420.8 410.8 402.3 395.5 388.4 381.4 375 369.6 364.1 358.6 352.8 346.8 340.9 335.1 329.1 322.8 316.3 308.8 302.3 297.2 291.9 286.7 281.1 276.4 270.5 266 262.7 259.2 255.5 251.6 248.6 245.5 243.2 240.7 238.2 234.7 231.5 228.3 225.1 221.8 217.8 213.5 209.6 206.9 205.1 203.7 202.8 201.6 200.8 200 199.1 198 197.9 197.6 196.2 195 195 193.9 192.4 190.4 188.2 186.5 184.6 183.1 181.8 180.6 178.9 177.2 175.8 174.2 172.4 170.6 169.5 168.5 167.3 165.6 164.4
425.9 415.7 406.1 399.3 392.9 386.1 379.2 373.1 367.6 362.2 356.7 351.2 345.8 340.3 334.7 329.6 323.4 316 309.5 303.5 297.8 292.1 286.7 281.7 277.6 273.3 269.9 267.2 263.9 259.7 256.1 252.9 250.1 247.4 243.9 240.5 237 233.7 229.8 225.9 222.8 219.3 215 211 208.9 207.9 206.5 205.6 204.5 203.4 202.6 201.8 201.2 200.9 199.8 198.5 197.5 196.6 193.9 191.6 189.5 187.4 185.5 183.5 181.7 180.4 179 177.5 176 174.6 173.4 171.8 170.5 169.8 168.3 166.7 165.3 163.4
422.2 412.1 403.8 396.6 390.1 383.9 377.8 371.3 365.6 359.6 354.5 349.5 344.1 338.8 333.9 328.8 323.1 315.7 309.4 304 298.4 292.8 287.7 283.7 279.7 276.4 272.8 269.2 265.6 262 258.6 254.9 252.1 249 245.4 241.8 238.1 234.6 230.2 226.2 223 219.3 216.5 214 212.9 211.6 210.2 208.8 207.9 206.8 205.3 204.4 203.8 202.7 200.9 199.9 198.7 196.4 193.5 190.5 188.5 186.4 184.2 182.3 180 178.9 177.4 176 174.6 174.2 173.4 172.5 171.7 170.3 168.8 167.2 165.4 163.3
416.2 408 401.5 394.4 388.6 382.7 376.6 370.3 364.2 357.4 351.6 346.5 341.8 337.2 332.4 327.8 322.5 316 310.2 304.5 299.5 294.2 289.9 285.7 281.8 277.5 273.8 270.2 266.4 262.8 259.2 255.8 252.3 248.8 245.1 241.7 238.4 234.6 230.6 227.2 224.5 222 219.4 217.9 216.5 215.3 214 212.7 211.7 210.2 208.7 207.3 205.8 203.8 201.6 199.7 197.3 195 191.9 188.9 186.3 184.8 182.7 180.5 178.1 176.4 174.9 174.3 173.5 173.5 174 173.4 172.1 169.9 168.2 166.3 163.9 162.4
408.9 403.4 398.1 392 386.8 380.8 374.8 369.1 362.7 354.3 346.7 342.2 338.5 334.7 330.9 326.5 322.1 316.3 310.4 305.4 301 296.7 292 287.9 282.9 277.8 273.8 269.9 266 262.4 258.9 255.2 251.9 248.5 245 241.7 239.2 235.7 232.7 229.6 226.6 224 222.3 221.2 219.8 218.6 217.2 215.7 214.1 212.6 211.2 208.6 206.5 203.7 201.1 198.5 195.9 193.1 189.8 186.9 184.1 182.2 180.3 178.4 176.3 173.1 173.3 172.5 170 171.3 173.1 172.2 170.9 168.8 166.7 164.9 162.9 162
405 399.5 393.4 388.1 383.1 378 372.5 367.2 360.8 351.9 344.1 339.6 335.2 331.7 328.3 324.8 320.9 315.4 311.1 307 303 298.5 293.8 288.7 283.6 278.4 273.6 269.5 265.6 261.9 258.2 254.6 251.3 247.9 245.2 242.4 239.7 237.1 234.2 231.7 228.7 226.5 224.9 223.7 221.9 220.6 219.3 217.7 215.4 213.8 211.4 208.9 206.4 203.4 200 197.2 194.4 191.3 188.2 185.1 182.4 179.9 176 177.2 177 176.5 175.1 173.9 171.6 169.2 170.4 169.6 168.6 166.8 165.2 165.3 165.8 165.7
398.7 395.3 389.3 383.2 378.5 374.4 369.4 364.2 358.4 350.7 344.4 339.6 334.3 329 325.4 321.9 318.7 314 310.1 307.5 303.9 299 294.3 289.3 284.2 279 273.8 269.2 265.2 261.2 257.5 253.7 249.9 246.6 244 241.8 239.7 237.2 235.2 232.7 230.8 229 226.9 225.3 222.9 221.6 220.1 218 215.7 213.3 210.8 208.1 205.4 202.7 200.2 197.2 194 191 188 184.8 182.3 178.4 178.8 179.2 179.1 178 176.1 174 172 170 168.6 166.1 165.7 164.9 167.4 169.5 171.1 169
391.9 388.5 383.8 378.5 374.2 370.5 366 360.8 355 349.1 343.5 338.4 334.3 329.9 325.1 320.7 315.2 310.6 307.4 306.2 303.2 299 294 289.2 284 278.8 273.6 268.8 264.8 260.6 256.6 252.8 248.9 245.1 242.5 240.2 237.9 236.3 234.1 232.1 230.3 229.8 228.6 226.1 223.4 221.2 219.1 217 214.6 211.9 209.5 206.9 204.1 201.2 198.9 196.4 193.5 190.5 187.9 184.7 182.3 180.6 180.6 180.4 178.9 177.3 175.7 174.4 173.5 171.4 171.8 169.7 169.9 171.5 172.6 174.1 172.7 169
383.2 379.7 376.6 373.1 371.2 367.3 362.7 357.2 351.3 346.5 342.1 337.2 333.2 329.4 325.6 321.7 317.8 310.7 302.2 300.9 299.8 296.8 292.5 287.7 283.2 278.4 273.3 268.4 264.2 259.9 255.9 252 248.2 244.7 241.8 238.9 235.9 233.8 232.2 230.7 228.9 228.6 226.3 224.3 221.8 219.8 217.8 214.7 211.9 209.2 206.9 204.9 202.2 199.5 197.4 195 192.4 189.5 187.1 184.5 183.4 182.5 181.6 179.9 178.3 176.9 176.2 175.7 175.4 176 175.7 174 174.3 175.5 176.3 174.5 171 168.2
376.6 373 370.3 367.6 366.5 364.6 360.2 354.2 348.9 344.3 340.1 335.8 331.7 327.9 324.3 320.7 316.7 312.5 307 299.2 292.9 291.4 287.9 283.8 280.1 275.4 271.5 267.5 263.3 259 255 251.3 247.7 244.4 241.5 238.5 235.1 231.9 230 228.2 226.9 225.4 223.7 221.5 219.1 216.7 214.3 211.7 208.8 206 204 202.3 199.9 196.7 195 193.5 190.9 188.9 186.3 185.7 184.2 183 181.6 180.1 178.7 177.7 177.2 177.4 178 179 179.2 178.7 178.9 178.4 175.8 172.7 169 165
371 366.5 364 362.5 363.3 361.6 357.5 352.2 346.8 342.6 338.4 334.3 330.3 326.2 322.1 318.1 314.3 310.4 306.1 300.4 294.5 288.2 280.1 278.2 275.5 271.9 268.7 265.5 261.9 257.3 253.5 250.1 246.9 243.8 241 238.1 234.6 231.3 228.7 226.5 224.1 222.2 220.1 218.4 215.7 213.1 210.7 208.5 206.3 204.5 202.2 200.2 197.3 194.6 191.8 190.6 190.2 188.7 187.5 186 184.7 183.4 182.2 180.9 179.7 179.3 179.8 180.6 181.1 181.8 182.1 181.3 180.4 178.1 174.9 172.3 167.5 169.4
363.9 358.7 356.4 359.2 361 359.1 354.7 349.7 344.9 340.6 336.5 332.4 328.2 323.8 319.3 315.4 311.4 307 302.7 297.5 294.2 289.9 284.1 278.3 272.7 267.8 265.2 262.4 258.9 255.2 251.5 247.8 244.1 241 238.8 236.7 233.9 231 228.8 226.2 223.5 221.3 218.9 217.6 214.9 212.8 210.7 208.7 205.8 203 201.6 198.8 198.1 196.2 193.9 192.5 191.3 189.3 187.7 186.4 185.1 183.8 182.6 181.6 181.7 182.9 184.2 185 185.2 184.5 182.8 181 178.9 176.3 174 171.7 171.7 172.7
356.4 349.7 351.9 357.4 360.6 357.7 353 347.6 342.5 338.3 334.2 330.1 325.5 321.3 316.8 312.6 308.4 301.7 297.5 293.3 289.4 286.6 282.9 277.7 272.9 268.2 263 258.9 255.2 251.8 246.9 246.3 243.7 241.3 237.1 236.1 234.1 231.7 229.1 226.6 224.4 222.5 221 218.4 216.7 214.4 212.1 209.7 207.5 204.6 202.9 201.1 198.8 196.9 196.3 193.8 192 189.9 187.9 186.7 185.7 184.4 184.1 185 186.9 188.2 189.3 188.5 187.5 185.3 182 179.3 177 174.4 174 173.4 174.1 176
349.7 347.4 353.9 359.7 361 356.3 351.7 346.2 340.9 336.1 332 327.3 322.9 318.8 314.2 309.9 305.3 297.3 292.5 286.2 283.6 281.3 278.4 274.3 269.8 266.3 261.9 256.3 254 251.6 249.7 247.8 245.5 242.5 240.4 237.4 235.2 232.6 230.2 228.6 226.7 225.8 224.4 221.9 219.8 217.3 214.4 211.7 209.1 206.7 204.1 201.3 199.2 199.5 199.3 196.5 193.2 190.9 189.1 188.5 187.5 187.6 189.5 191 192.5 192.4 191.2 189.9 187.2 184.9 181.4 178.5 178 178.1 177.6 177.1 177.1 178.8
339.8 348.5 355.4 360.1 359.5 354.9 350.2 344.8 340 335.3 330.5 324.9 320.3 316.6 312.3 308 305 302.6 297.7 290.7 285.8 281.8 277.7 274.9 272.2 268.2 263.6 260.2 257.2 255.3 252.2 249.9 247.7 244.8 242.6 239.8 236.7 234.1 232.3 230.8 230.1 228.8 227.3 224.3 221 218 214.9 212.1 209.4 207.3 205.2 203.2 203.5 203.7 202.1 198.5 195.3 192.3 190.9 190.9 190.4 191.8 194.3 195.8 194.8 193.8 192.1 189.6 186.2 183.6 181.1 180 181.3 181.4 180.8 180.4 180.4 181.7
333.5 347 354 357.8 356.2 352 347.6 342.9 338.3 333.8 329.7 325.3 320.9 317.6 314.3 310.5 308.3 305 300.8 295.7 290.6 286.2 282.8 280.1 276.3 272.2 267.7 263.4 259.8 257.5 252.8 252.5 250.4 247.7 245.2 242.8 240 237.4 235.5 233.9 232.7 231.2 228.8 225.6 222 218.8 215.6 212.8 210.6 209.2 207.4 206.7 207.5 207.3 204.7 200.7 197.4 194.4 192.9 194.2 195 196.3 197.9 197.7 196.4 194.9 192 189 186.1 183.4 180.8 182.8 184.5 184.3 183.2 183.2 184.2 185.9
330.3 343.8 350.4 353.5 351.8 348.8 344.8 340.7 336.2 332.5 328.8 324.8 321.3 318.6 315.5 312.3 309.1 305.9 302.4 298.6 294 290 287.2 283.9 280.4 276.1 271.6 267.1 261.4 259.7 257.6 254.9 253.1 250.7 248 245.2 243.1 240.9 238.9 236.8 234.9 232.6 230.2 226.9 223.3 219.7 216.7 214.6 212.7 211.5 210.9 210.5 210.9 210.1 206.2 201.7 198.4 197.2 196.1 198.1 199.5 200.7 201.1 199.6 198.3 195.8 193 189.9 186.8 185.1 184.7 185.8 187.6 187 186.5 187.3 188.2 189.4
