WholeMapElevations/data/nt/nt15_OST50GRID_20230518/NT15.asc
ncols 200
nrows 200
xllcorner 310000
yllcorner 650000
cellsize 50
[rows 105 to 139 of 200, columns 78 to 155 of 200]
425.1 428.5 429.4 424.6 419.8 416.4 409.2 400.8 389.3 378.3 371 361.6 355.6 349.5 343.9 331.7 311.5 301.5 312.5 304.1 301.5 304.7 315.4 333.4 341.1 338.3 327.8 321.4 317.5 316.2 313 310.5 308.4 305.7 301.9 300.9 300.1 296.8 294.9 292.9 291.1 288.5 287.3 286.2 285.2 284.5 284.2 284.6 284.2 284.6 285.2 284.4 284.7 284.4 283.1 282 281.6 280.3 279 277.6 274.9 274.7 278.7 277.8 276 272.6 263.5 257.3 270.3 277.9 279.8 280.6 280.2 279.4 277.6 277.2 278.7 281.4
416.4 416.5 414.7 408.3 410.6 405.3 402.8 392.7 380 370.9 354.7 348 336.6 341.5 319.9 307.7 301.8 302.3 306.7 313.4 318.9 327.7 340.2 344 342 335.1 328.9 321.9 317.1 315.2 311.8 310 306.8 303.6 303.1 301.4 299.2 296.5 295 293 291.4 289.2 287.6 286.9 286 284.8 284 283.2 283.1 283.8 283.4 284.3 284.6 282.7 282.4 282.3 280.6 277.6 275.4 268.2 263.2 263.7 266.4 268.1 268.7 265.8 260.3 270.2 277.5 279.9 280.7 281.4 282.1 281.7 281.2 281.4 282.4 284.4
404.1 401.3 398.7 396.6 397.7 394.2 392.6 380.6 366.6 363.8 369.2 364.3 352.5 313 305.3 302.1 303.4 312.5 319.1 325.9 333.2 344.3 346.5 344 338.8 332.8 325.2 318.4 315.8 312.9 310.8 308.8 305.3 305.4 305.2 302.9 299.7 297.1 295.1 293.1 291.4 289.1 287.4 286.1 285.6 284.6 283.8 283 282.8 282.9 283.6 283.4 282.3 280.5 282.9 282.7 279.2 270.2 266.3 262.4 262.5 261.7 261.1 261.3 260.6 263.3 276.2 278.4 279.7 280.9 281.6 282.4 283.2 283.4 283.7 284.3 285 284.5
390.4 385.5 382.8 384 384.5 377.2 371.8 367.1 376.3 375.2 369.9 363.7 344.4 318 303.2 304.2 318.3 325.5 329.5 339.4 346.6 348.7 345.4 337.8 334.6 326.9 320 317.3 314.3 312.2 309.9 307.3 307.1 306.9 305.9 303.2 300.7 298.2 295.5 293.3 291.4 289.1 287.7 286.8 285.6 284.6 283.8 283.5 283.4 283 283.7 284 284.1 280.6 274.2 273.4 267.7 263.9 262.9 267.1 264.4 264.6 262.6 263.2 272.5 277.7 276.6 280.7 280.5 280.6 281.9 283.5 284.2 284.6 285 285.5 284.5 283.5
379.6 376.5 376.2 375.6 372.9 379.8 384.4 384.5 378.4 371.2 362.2 342.8 322 302.3 306.8 317.9 327.3 333.1 341.3 347.5 351.2 344.5 332.2 334.6 325.6 321 318.4 315.8 313.7 311.4 308.9 308.1 308.2 307 305.8 302.9 301 298.2 295.5 293.5 291.8 289.8 288.7 287.5 285.7 284.8 284.1 283.7 283.5 282.1 283.3 282.1 281.6 279.2 274.2 267.7 265.1 263.6 266.3 267.3 266.7 264.1 267.5 272.4 276.7 278.8 279.5 279.5 279.8 279.1 281 282.5 284 284.8 285.2 285.1 284 283
373.3 369.7 370 372 376.8 382.9 385.8 378.9 370.5 359.7 343 324.2 303.8 312.4 324.8 331.6 336.7 343 349 352 341.5 338.9 337.3 333.1 326.3 320 316.3 314.2 312.5 310.4 308.9 309.4 309.2 307.9 305.9 303.7 301.3 298 296 294.1 292.9 291.5 289.9 288.5 287 285.6 285.1 284.2 283.1 281.6 280.5 279.6 277.4 277.6 272.6 266.7 264.7 263.5 266.8 267.8 269.1 270.7 273.8 275.9 279.2 282.2 281.8 280.6 273.8 278.8 280.3 281.6 283 284.3 284.7 284.3 283.7 283.4
363.3 362.6 361.8 366.8 375.2 374.8 376.6 370.6 365.7 346.5 326 304.9 313.9 327.2 333.7 339.1 345.3 350.3 351.4 348.1 343.1 338.6 334.2 327.9 321.7 317.7 314.7 313.1 311.1 310 310.2 309.8 309.3 308.2 305.9 303.7 300.9 299.1 297 295.1 293.9 292.2 290.5 289.2 288.2 286.8 285.5 284 282.1 281.2 279.6 277.7 273.2 269.6 268.5 265.7 264.7 264.3 268 269.3 271.1 272.7 275.8 278.4 280.3 281.5 281.7 281.9 282 281.7 281.6 281.1 282.4 283.6 284.5 284.2 284 283.6
354.5 351.1 355.1 361.5 367.7 367.2 365.3 360.6 344.8 324.8 304.7 310.7 325.5 334.5 340.5 346 348.9 349.9 347.4 341.5 339.5 335.6 329.2 323.4 318.3 314.8 313.1 311.3 310.5 310.6 310.9 310.7 309.9 308.5 305.9 303.7 301.8 299.6 297.7 296.1 294 292.4 290.7 289.3 289.1 290.1 286.1 283.5 281.4 279.6 278.4 276.6 274.3 271.2 267.2 265.4 264.5 266 269.4 269.4 271.1 273.7 276.9 278.8 280.3 281 280.9 280.8 282.6 282.7 281.6 280.9 281.7 282.7 283.8 284.6 284 283.4
343.6 344.2 351.6 357.5 360.9 362 358.7 340.4 327.2 302.7 310.5 326.3 334.8 341.3 344.8 347.7 348.3 345.9 340.8 341.2 337.7 331.7 324.8 320.5 315.9 313.6 312.5 311.6 311.6 311.8 311.8 311.7 310.6 308.8 306.6 303.4 301.4 299.6 298 296.4 293.6 292.2 291 289.6 288.1 285.8 283.4 281.1 278.6 275.3 274.5 272.2 270.2 268.1 265.6 264.4 264 265.6 268.2 269 272.2 275.5 276.5 278.7 280 279.4 279.5 280.3 282.1 283.5 282.4 281 281.5 282.3 283.4 284.6 284 283
335.7 340 349.7 353.4 354.7 353.9 345.2 321.7 304.2 310.1 328.5 334.3 342.6 346.6 348.7 348.3 344 346.4 343.9 340.1 333.8 327.7 322.7 317.5 315.1 313.3 312.6 312.4 313.9 313.7 313.2 312.7 310.8 309.1 306.5 303.8 301.8 299.7 297.9 296.6 294.1 292 291.1 289.7 287.5 284.8 282 278.5 276.1 272.3 270.4 268.8 266.4 265.4 264.3 264.4 264.3 266.8 267 269.3 274.3 276.7 275.7 275.2 277 278.3 277.9 279.4 281.2 283.9 283.2 281.3 281.5 282.3 283.4 284.1 283.3 282.2
334 339 345.5 348.9 350 343.6 324.5 302.7 308.8 325.8 333.7 342.2 347.8 350 347.2 348.9 349.6 346 343.4 336.9 330.8 324.5 319.7 316 315 313.7 313 314.7 314.1 313.6 313 312 310.7 308.3 306.1 304 302.5 299.9 297.8 295.8 293.6 292 291 289.1 286.5 283.7 280.5 277.3 274.2 270.8 268.6 267.2 266.3 265 264.3 264.5 264.9 266.9 269.7 272.9 275.1 275.3 273.9 271.9 272.5 276.7 276.3 278.3 281 283.8 284.6 282.4 281.4 282.4 283.4 283.3 282.5 280.7
334.4 338.8 340.4 341.9 341.5 330.8 305.4 306.6 324 331.3 338.6 345.6 349.1 351.1 354.1 352.4 348 344.8 339.6 334 326.9 322.6 318.1 315.9 315 314.5 314.8 314.5 314 313.5 312.7 311.2 310 307.5 305.7 304 302.1 299.9 297.7 295.1 293.5 291.9 290.6 288 285.2 282.3 279.3 276.6 273.2 270.2 267.7 266.9 265.7 265 264.6 265.1 265.3 265.8 268.2 272.9 274.1 273.1 271.2 269.4 268.9 274.3 275 277.1 280.7 283.6 285.2 283.2 281.6 282.3 282.7 282.4 281.4 279.6
334.9 337.6 338.9 332.9 328.6 307.8 305.4 320.3 329.3 335.4 343 348.8 350.9 354.3 353.9 350.9 346.8 342.3 336.7 330.4 325.3 320.9 317.5 316.5 315.4 315 315.1 314.5 314 313.4 311.9 310.2 308.9 307.2 304.9 303.1 301.3 299.2 297.4 294.6 293 291.4 289.3 286.8 283.7 280.9 278.4 275.9 273 270.1 267.4 266.7 265.6 265.4 265.7 267.9 265.9 265.5 265.7 268 270.9 270.3 268.7 267.3 266.7 269.3 274.1 276.6 280.6 283 285.1 283.5 281.8 282 281.8 281.3 280.1 278.4
336.2 336.8 330.3 327 308.6 304.1 317.1 324.9 332 340.1 344.9 347.9 351.4 354.2 353.7 350.6 345.5 339.4 333.3 327.8 323.4 320.5 318.7 316.2 315.2 315.1 315.1 314.5 313.5 312.6 310.9 309.3 307.9 306 303.9 301.9 299.7 298.4 295.9 293.9 292.2 290.6 288.2 285.3 282.3 279.6 276.8 274.9 272.1 269.7 267.8 266.1 265.5 266.2 267.6 270.4 268.6 266.2 265.9 266 266.7 267.4 266.9 265.8 265.1 269.1 272.9 275.5 281.3 283.4 284.9 283.8 282 281.7 280.7 279.7 278.6 277.7
333.3 327.4 323.6 312.2 300.6 311.7 321.4 327.9 334.7 339.8 343.9 345.9 347.8 354 353.3 347.9 341.9 336.6 331.2 326.4 323.6 321.1 317.3 315.5 315.2 315.1 314.4 313.5 312.3 311.1 309.7 308.3 306.4 305 302.7 300.2 298.4 297.1 293.9 292.5 291 289.3 286.4 283 281 278.5 276.8 274.5 271.3 269.9 267.8 266.7 266.7 267.4 270.5 272.3 271.7 266.2 264.8 265.5 264.8 264.9 265.2 264.4 264.1 267.4 268.7 275.5 280.8 283.6 284.3 283.9 282.4 280.9 279.6 278.8 277.9 276.6
322.2 318.1 308.9 299.5 305.7 317.6 323.4 328.9 334.4 339.1 342.6 344.3 346.5 351.1 349.5 343.2 339.1 334.8 329.5 327.1 323.6 319.2 316.2 315.4 315 314.1 313.3 311.8 311 309.7 308.3 306.9 305 302.8 301.1 299.2 296.6 295.2 293.6 291 289.1 286.6 283.3 281.2 279.3 277.3 275 272.2 270.2 269.2 267.5 266.8 267 269.2 271.6 272.6 272 267.3 264.9 264.3 264.2 262.8 263.5 262.6 263.8 269.6 270.1 276 280.6 282.7 283.6 283.1 281.3 279.9 279.5 279 278.3 276.6
312.6 305.8 297.2 301.9 309.5 317.1 322.9 328.8 335.3 340.3 343.6 345.3 346.5 346.6 344.3 341.1 337.2 333.3 330.4 326 320.5 316.7 315.8 315.3 313.9 312.9 311.8 310.3 309.4 307.7 306.5 305.2 302.5 300.9 299.5 297.6 295.1 293.7 291.4 287.3 285.3 283.7 282 279.9 278.2 276.3 273.3 270.7 269 267.4 266.3 267.4 268.9 270.5 272.5 272.5 270.9 267.4 264.8 263 262.4 261.4 261.9 260.6 263.3 267.6 271.7 275.7 279 281.4 282.2 281.5 280.1 279.8 279.7 279.1 278.6 277
301.6 296.9 296.7 303.5 310.4 318.1 323.7 331.2 337.7 342.1 344.3 345.6 346.2 345.1 342.7 338.9 335.2 332.7 327.5 322.5 318.1 316.2 315.7 313.7 312.4 311.3 310.2 308.9 307.5 305.2 303.9 302 300.1 298.7 297.3 295.3 293.3 290.9 288.6 286.1 284.8 283.4 280.7 279.3 277.5 274.4 271.5 269.4 268.8 267.8 268 269.6 270.8 272.1 272.9 271.2 268.4 265.5 263.6 262.2 258.8 260.3 259.7 260.9 263.9 264.1 271.9 275 277.4 278.9 279.9 279.7 279.8 279.9 279.8 279.3 278.4 277.7
296.8 293.3 296.1 301.9 311.3 317.1 324 331.9 337.5 339.8 342.5 344.5 344 342.3 339.4 335.6 332.8 329.3 323.8 319.3 316.5 315.6 314.4 312.2 310.3 309.7 308.2 306.8 305.1 303 301.3 299.9 298.4 296.6 295.1 293.3 288.7 287.6 286.4 283.8 281.4 281 279 277 275.5 272.2 270.2 269.3 269.2 269.7 270.4 271.6 272.3 272.8 271.6 269.2 266 263.4 261.1 258.9 257.9 256.2 257.7 261.4 265.2 269.5 269.8 273.8 275.6 277.7 278.5 279.4 279.8 279.9 279.8 279.4 278.9 278.5
290.4 289.9 295.6 300.3 308.9 315.5 323.1 329.8 333.4 334.4 337.1 338.1 338.8 336.2 332.9 331 328 324.2 319.3 316.3 314.7 313.9 311.9 309.9 307.9 306.6 305.8 304.4 302.9 300.9 299.5 298.7 297.1 295 292.6 290.4 284.5 286.1 282.8 280.5 280.5 277.3 276.4 275.8 272.8 271.5 270.6 269.7 271.1 271.3 272.7 272.7 272.7 271.6 269.6 266.9 263.8 261.6 258.6 256.7 255.6 255.3 257.5 261.8 264.4 267.6 270 272.7 275.5 277.5 277.4 279.3 279.7 279.7 279.5 279 278.5 278.2
277.9 281.4 292.4 297.3 303.6 311.7 319.9 323.5 324.7 325.9 328.6 329.1 328.8 326.8 325.2 323.7 321.3 318.7 316.5 313.9 312.4 310.8 308 306.3 304.5 304 303.2 301.5 300.3 299 297 296.7 293.3 290.4 288.2 289.9 288.1 286.6 285.3 283.1 281.6 279.9 277.5 275.2 274.4 272.4 271.4 271.3 272.7 273.8 274.1 272.9 271.6 269.5 267.2 264.6 262.3 260.4 257.7 255.9 254.3 255.5 258.3 261.9 263.8 267.7 270.4 272.9 276 277.5 276.6 279.3 279.3 279.2 279 278.5 278.1 278.6
272.6 270.2 275.2 293.8 299.6 305.2 311.1 313.4 315.7 318.7 321.2 320.9 320.6 319.5 317.9 316.1 315.4 314.3 313.4 312.3 309.2 305.9 303.3 302.5 301.9 301.3 299.9 298.2 296.2 295.4 294.2 291.6 292.8 292.6 291.2 289.3 288.2 286.5 284.8 282.9 281.4 279.6 277.7 275.3 273.4 273.5 273.3 273.3 274.2 275.3 275.1 272.6 269.5 266.9 264.6 262.6 260.5 259.1 256.9 254.6 253.1 257.4 260.3 262.3 264.1 267 269.9 274.3 276.8 277.9 276.8 279.7 279.3 278.8 278.3 278 278.2 279.4
288.5 277.6 269.2 290.6 294.4 297.8 303.1 305.9 308.9 313.2 314.5 315.5 314.5 313 311.5 311 309.9 310 309.8 308.4 304 301.8 300.5 300.3 300.5 299.1 297.4 298.2 298.2 298.6 296.5 294.2 293 292.1 290.3 289.1 288 285.9 284.3 282.7 281.4 278.8 277 274.9 274.8 274.9 275.2 275.9 276.5 276.7 275.2 271 267.4 264.6 262.4 260.7 258.6 256.6 254.6 253.1 255.3 256.8 258.5 260.6 264.5 267.8 271.5 275.2 277.4 278.4 278.3 276.4 278.5 278.1 277.3 277.5 278.4 278.6
290.4 285.4 269.9 289.4 291 293.6 296.5 301.1 306.2 308.5 310.3 310.8 309.6 307.5 308 306.4 306.2 305.7 305.2 303.2 300.7 300 299.6 299.7 299.3 299.6 300 300.2 299.4 298.2 295.9 293.7 291.8 291.7 290 288.7 287.4 285.3 283.7 282.3 280.5 278.4 276.7 276.8 276.3 276.7 277.4 277.9 279 278.4 274.1 268.7 265 262.3 259.8 257.9 256.4 254.1 251.4 252.5 256 256.9 256.4 259.9 265.2 269.4 272.6 276.3 278.1 279.2 278.3 274.9 275.8 277.3 276.4 276.8 276.8 275.6
289.5 281.7 271 283.6 288.6 290.6 293.3 297.5 301.8 303.8 304.8 304.7 304.9 304 304 303.4 303.4 304.4 304.2 302.8 301.1 301.1 301.2 301.3 301.4 301.2 301 300.5 299.7 298.3 296.1 293.9 291.7 290.4 288.5 287.4 287.1 285.4 283.9 281.4 279.6 277.8 277.6 277.5 278 278.7 279.9 281.1 280.2 276.3 271.9 266.7 263 260.1 257.6 254.7 253.2 251.2 250.2 252.7 257.1 256.1 256.3 260.7 266 270.8 274.7 277 278.3 279.8 278.5 277 273.9 275.6 275.7 275.5 274.5 273
288.7 277.2 270.3 279 288.2 289.6 290.4 292.5 294.7 296.5 298 297.9 299.2 300.3 300.7 302.1 303.4 305.4 305 303.3 303.8 303.5 302.9 302.9 302.9 302.2 301.6 300.7 298.9 297.3 295.3 292.5 291.3 289.7 288.1 287 286 284.7 283.6 281.4 278.9 277.9 279 279.5 280.8 282.4 283.4 281.9 278.1 273.8 269.5 265.1 261.6 258.4 254.7 251.9 249.8 247.8 249.8 251.2 254.5 254 256.1 260.9 266.1 271.9 276.1 277 277.7 278.2 277.4 276.5 275.7 273 275 274.2 273.4 271.7
292.4 280.7 269.6 271.6 284.2 288.8 289.8 289.5 290.5 291.4 293.5 297 298.4 301 302.1 303.2 304.3 305.6 306.8 307.1 306.4 305.8 304.9 304.5 304.2 303.1 302.1 300 297.8 295.7 293.7 291.8 290.3 289.4 289.6 288.9 287.6 285.2 282.2 279.9 280.4 281.5 281.6 282.6 284.3 285.6 283.6 279.4 275.5 271.4 267.4 263.9 260.5 256.2 251.8 249.1 246.5 244.7 246.9 248.6 250.5 252.8 256.6 261.5 267.2 273.7 276.8 277.1 276.3 276 275.2 275.6 275.6 274.7 273.8 272.7 271.9 270.4
288.8 281.7 269 268.4 272.1 285.8 288.9 287.7 288.7 290.7 295 298.4 302.7 304.7 306.5 308.7 310.4 311.4 311.4 310.4 309 308.1 307.2 306.2 305 303.6 301.1 298.6 296.2 294.1 292 290.3 289.3 290 290.2 289.5 287.8 285.8 282 280.7 284.6 284.3 285.4 286.4 288 285.6 281.1 276.8 272.7 269.1 265.5 262.3 258.3 253.3 249.2 246.8 244.1 242 245.5 246.3 248.4 252.5 257 262 267.1 273.3 277.2 276.9 275.1 274 274.5 275.3 275.4 274.4 272.6 270.9 269.9 269.1
287.8 284.9 275.3 267.8 267.5 269.9 282.8 287.8 289.1 292.1 298.1 304.8 308.8 311.8 314.4 316.1 316.9 316.3 315.1 313.4 312.6 310.8 309 307.8 306 302.5 299.8 297.3 294.9 292.6 290.3 288.6 288.3 289.3 289.9 289.2 287.3 283.6 286.3 287 287.1 287.9 289.6 289.9 288.1 283.3 278.6 274.4 270.9 267.5 263.2 258.9 254.4 249.3 246.4 244.3 241.4 242 244.3 244.6 247.9 252.1 256.2 261.9 267.3 272.2 275.9 275.3 274.5 273.1 274.1 274.1 273.5 272.2 270.7 269 267.1 267
290 290.8 289.5 273 266.6 267.1 277.7 287.2 289.3 293.8 300.7 308.3 314 318.9 322.2 322.1 321.4 320.1 318.6 316.6 315.6 313.4 311.2 308.8 305.2 301.6 298.7 296.1 293 290.9 288.6 287.2 286.9 287.4 287.8 287.3 285.1 286.6 289.1 290.2 290.2 292.3 292.7 290.3 285.6 280.9 276.2 273.1 269.2 265.5 260.1 254.9 250.8 247.1 244 241.9 240.1 241.1 242.1 243.8 246.8 250.6 255.1 261.1 264.7 267.9 270.9 272.5 273 272.4 273.2 271.9 270.2 268.7 267.6 266 263.8 263
290.5 291.2 292.1 287.1 264.6 265.9 274 287.1 290.1 294.9 300.7 309.8 319.7 326.4 328.1 326.5 325.5 323.5 321.2 319.5 317.7 315.6 311.7 308 304.3 300.9 297.3 294.4 291.2 288.8 286.7 285.2 284.9 286 286.7 286.8 288.1 290.3 292.1 293.3 295 295.7 292.9 287.7 283.1 278.4 274.8 272.1 268.3 263 255.6 251.9 248.6 245.5 241.9 240.7 238.3 239.9 241.2 243.1 245.2 250 253.2 258.3 261.5 263 265.4 268.9 271.2 272 270 269.8 267.3 265.3 264.4 262.4 258.7 259.6
290 290.9 295.9 292 275.8 265.5 271.2 286.9 290.7 295.8 302.1 311.7 324.1 332.3 333.3 331.4 329.2 326.5 324 322.3 319.7 315.4 310.9 306.3 303.1 300.2 296.4 292.6 289.4 286.5 285.2 284.7 285.1 286.6 288 289.6 291.4 293.8 295.8 297.9 297.2 295.1 290.2 285.3 280.6 276.2 273.4 270.2 266.9 259.1 253.7 249.1 245.5 242.7 240.5 239.2 237.8 237.3 239.1 242 244.7 246.5 250.8 253.7 256.3 259 262.4 266.4 269.9 269.8 268.8 265.4 264.2 262.2 260.7 259.1 256.6 256.3
289 290.4 293.5 291.8 272.4 264.7 268.6 286.4 292 297.4 303.9 314.9 328.4 337.4 338.2 335.4 332.1 329.2 326.6 324.3 319.9 314 309.4 304.8 302.2 298.7 294.7 291 287.8 285.2 284.5 285.3 286.4 287.9 289.8 291.7 295.1 297.7 299.9 299.2 295.7 291.7 286.5 281.5 277.5 273.7 270.4 267.5 263.9 255.6 249.2 246.2 242.9 240.7 239.3 237.8 236.9 235.5 238.4 240.7 241.2 242.8 246 248.9 252.5 256 260 264.1 267.3 266.2 264.2 262.9 259.3 257.9 256.5 254.9 253.2 249.9
288.9 290.5 292 290 270.7 263.8 270.6 285.8 293.7 299.1 306.9 318.9 332.4 342.4 341.8 337.9 334.2 331.6 328.7 323.6 317.8 311.9 307.4 303.1 300 296.3 291.9 289.3 286.9 283.9 284 285.9 287.4 289.3 291.5 295.3 298.9 301.5 300.8 296.5 292.1 287.6 282.4 277.8 273.9 269.1 265.6 261.4 256.6 252.2 247.8 243.4 240.7 239.1 237.5 236.7 234.7 234.9 237.6 238.2 238.3 240.1 242.9 246.1 250 254 258 261.9 262.4 260.5 258.3 256.3 254.5 252.9 251.3 251.3 248.2 253.6
287.3 287.7 289 287.3 267.8 263.2 274.6 287.6 295.1 300.9 310.5 322 334.1 344.7 344.4 340.3 336.9 333.1 327.2 320.8 315.7 310.1 304.7 301.4 298 293.1 289.5 286.7 284.1 283.9 285.8 287.1 288.5 290.9 294.9 299.2 298.9 302.6 297.7 292.6 287.5 282.9 278.2 274.2 269.5 264.8 260 257.2 252.9 249.8 244.1 240.9 238.5 237.4 235.5 234.4 233.5 235.2 235.3 235.4 235.9 238.2 240.5 243.7 246.7 250.5 254.7 256 255.1 253.9 252.4 250.9 249 248 250.1 246.1 252.4 255.2
