WholeMapElevations/data/nh/nh21_OST50GRID_20230518/NH21.asc
ncols 200
nrows 200
xllcorner 220000
yllcorner 810000
cellsize 50
[rows 70 to 104 of 200, columns 78 to 155 of 200]
479.4 474.6 469.3 465.8 461.9 454.5 455.7 451.4 455.7 455.1 453.8 452.4 451.1 449.5 447.2 445.8 443.2 439.7 436.2 426.1 424.5 423.2 420.6 423.5 425.8 427.3 428.7 429.5 428.4 427.6 427.4 427.5 427.5 427.4 425.5 423.9 419.8 414.3 411.6 408.9 407.7 392.9 385.9 398.5 406.4 408.7 410.8 410.8 413 417.4 421.5 424.1 425.5 425.5 425.1 424.3 425.4 424.1 423.5 423.8 424.9 428.8 430 427.3 423.6 420.6 414.4 402.7 391.1 381.8 378.3 370.1 361.1 358.3 361.8 361.1 365.7 367.9
471 465.6 459 455.7 451.8 449.3 454.1 450.3 449.7 448.7 448.4 446.9 446.4 444.2 439.7 433.8 427.7 424.8 424.5 423.9 425.2 425.7 427.3 430.5 431.6 430.9 433.4 433.8 432.3 431 430.7 429.9 429.3 430.8 428.1 423.2 417.7 410 405.7 404.4 404.8 386 386.7 403.1 404.3 405.7 410.3 412 418.2 421.4 424.2 427 426.5 425.6 424.7 423.5 423.1 422.1 423.2 423.9 426.5 433.1 431 427.7 422.3 418 406.7 395.2 384.1 380 372.5 367.9 364.3 356.1 356.8 358.1 362.6 364.8
459 457.5 453.9 451.1 449.5 445.8 444.7 448.2 441.7 443.4 444 442.3 441.4 439 428.1 425.1 425.6 426.8 428.6 428.8 428 428.3 430.1 432.2 434.1 434.9 436.1 436.5 436.4 437.2 436.8 432.3 430.9 433.9 427.8 420 414.7 408.5 404.3 399.8 401.3 384.3 386 401.5 403.3 405.9 409.5 414.3 421.6 423.6 425.9 427.9 426.5 425.5 424.5 422.3 420.8 423.7 424.2 425.5 432.2 435.5 430.5 423.4 416.2 406.6 396.2 387.5 380.4 377.3 369.2 363.2 357.6 353.1 348.8 355.1 360.7 360.7
454.2 454.7 451.2 448.2 444.4 439.9 437.8 439 437.9 438.3 438.9 438.2 436.7 428.8 424.7 429.4 430.1 430.2 430.4 430.1 430.7 431.8 433.4 436.5 437.3 441.3 444.2 445.3 445.4 444 441 435.3 429.9 426.7 422.6 417.2 411.6 405.9 400.2 396.4 400.4 382.1 383.5 398.9 402 406.6 412.6 420.4 423.1 424 424.8 427.2 426.1 425.1 424 419 422.4 424.6 425.2 432.6 437.3 433.6 426.9 414.8 404.5 395.6 385.5 380.3 379.1 373 365.2 359.3 355 350.7 344.8 348.5 354.6 356.6
452.8 447.9 448.4 444.3 438 436 435.4 433.8 433 432.8 433.6 432.3 430.1 427.9 424.6 430.8 430.9 430.5 430.5 430.3 434 436.4 440.3 445.5 447.2 449.4 451.7 452.4 452.9 448.1 443.8 436.9 429.2 422.4 419.4 414.9 408.8 401.4 395.4 392 389.6 380.7 386.1 398.8 402.7 407 414.9 423.1 422.8 422.9 423.9 426.6 426.4 423 421.1 415.9 421.9 423.4 425.3 438.2 436.2 427.2 417.5 405.9 395.9 386.5 382.5 380.6 376.8 368.2 362.3 356.2 353.8 349.8 345.2 343.8 348.7 351.7
446.9 442.7 439.3 436.5 433.6 432.7 431.6 430.8 430.7 429.8 430 429 428.5 427.5 425.8 428.9 431.9 433.8 433.2 436.2 438.3 444 450.8 455.6 458.9 459.5 460.7 459.5 454 450.8 442.9 436.4 428.5 419.5 415.1 410.4 404.1 396.7 389.8 385.1 380.4 378.1 392.4 399.1 403.3 407.9 415.5 421.5 420.7 420.5 424.8 429.1 422.8 419.1 415.6 412 420.1 422.6 426.9 435.4 428.7 418.5 407.5 395.8 387.8 383.3 382 379.1 371.3 364.1 358.8 355 351.9 347.8 343.5 338.9 341.1 345.7
441.1 436.7 433.8 432.2 432.1 432.3 431 430.6 430 429.2 428.9 428.1 429.3 428.8 426.1 430.4 433.1 436.1 439.7 443 450.8 460.6 465.4 470.7 472.2 473.3 468.2 463.4 459.5 449 441.9 434 425.1 416.9 411 404.5 397.2 390 382.9 380 376.4 379.9 392.9 399.5 403.8 408.3 415.9 418.3 416 415.5 417 417.9 419.9 412.5 409.6 407 412.7 419.1 425.8 425.5 417.4 407 395.6 388.4 384.9 381.4 380.3 369.4 363.1 359.2 357.3 354.6 351.4 346 341 336.9 335.9 339.2
435.1 434.6 433.9 431.8 430.1 431.6 431.1 431 430 429.3 429.1 428.8 427.8 427.2 428.3 427.7 434 439.8 446.5 458.2 470.4 480.4 482.6 484.3 482 479.2 470.3 467.8 456.4 449 439.3 430.2 420.6 412.2 405.3 398 390 384.7 379.4 380.3 382.4 384.5 392.2 399.3 402.6 407.3 408.8 409.7 409.1 409.3 410.3 411.2 412.9 405.5 406.4 402.9 405.9 409.4 409.6 407 404 396.3 386.5 383.9 381.8 378.2 373.9 363.1 360.3 358.1 355.6 353.5 350.6 342.4 337.6 334.7 333.8 336
434.4 434.2 433.3 431 429.2 428.8 428.6 428.1 428 427.7 428.3 427.8 429.1 432 432.5 437.7 441 446.6 457.7 470.5 479.7 490.4 493.4 487.8 484.2 479.4 470.7 463.2 454.5 444.5 433.5 425.5 417.6 408.7 400.4 392.5 384.8 379.5 370.8 374.9 374 382.7 392.7 396.4 399.1 402 403.4 400.9 401.8 403 398.6 396.8 401.3 396.4 397 396.1 398.5 400.8 400.6 397.9 392.3 387.4 383 378.8 375.7 373.7 366.5 361.7 357.9 356 354.3 351.3 343.8 339 335.1 332.8 331.1 332.3
434.7 434.1 432.6 429.5 429 428.4 428 427.8 427.8 428.1 430.9 431.8 437 442.1 447.3 452 463.5 465.1 466.8 474.7 483.9 495.6 495.1 490.2 487 477 467.8 459 449.7 437.8 428.3 422 415.3 405.3 398.3 390.9 380.5 377.2 372.7 355.1 364.4 383 389.3 391.5 394.2 397.3 401.4 395.5 394.8 393.4 390.3 387.2 387.5 390.3 389.9 387.4 390.3 394 389.6 388.6 386.3 385.3 379.7 373.2 369.4 368.2 364.1 359.5 357.8 354 349.6 343.9 339.3 337.3 333.6 330.8 329.7 329.3
432.1 431.1 430.8 428.5 428.1 427.9 427.9 429.3 431.4 431.7 436.1 442 449.3 453.6 459 464.6 479.3 486.1 486.9 480.8 484.3 488.5 488.8 483.8 476.3 468.9 459.1 451.2 442.7 432.6 424.7 418.6 411.3 402.7 393.1 385.2 378.5 372.5 368.7 358.7 359.1 380.5 384.2 387.2 391.2 394.6 392.9 391.5 388.5 386.2 385.1 382.1 382.5 383 378.8 380.5 379.6 383.6 382.8 381 379.1 373.5 367.1 363.9 360.5 359.4 358 353.5 353.8 348.4 343.8 339.7 336.8 333.8 330.8 329.3 328.2 327.7
429.6 429.1 428.4 428.1 428 430.1 429.8 434 436 439.8 448.4 458.3 467.5 471.2 468.9 482.6 495.1 499.4 502.6 502.4 495 491.3 482.5 474.7 467.8 461.3 453.5 445.2 437.6 430.4 423.8 414.4 405.5 396.5 389.8 382.5 377.7 371 364.5 360 355 372.6 378 383.2 388.3 392.5 391 388.6 388.5 388.5 382.9 378.2 377 375.8 375.6 373.3 371.9 372.2 374.5 371.9 370.1 366.9 363.3 359.9 356.2 350.4 347.8 348.2 345.7 342 339.6 336.8 333.5 331.1 329.1 328.3 327.2 326.4
430.9 429.8 429.1 429 432.2 434.5 436.1 437.4 438.8 450.3 457.9 471.4 477.5 480.8 483.2 489.8 497.9 500.6 502.8 497.8 486.6 479.9 473.2 467 462.2 457 448.8 440.1 435.1 430.4 420.3 408.5 400.9 392.6 385.3 378 374.5 373.2 363.8 354.8 351.8 364.8 370.8 378.2 385.1 390.1 387.3 386.7 391 388 381.7 373.5 369.6 367.6 367.1 366.3 364.2 364.8 366.6 363.7 360.9 357.9 354.4 351.9 349.2 345.2 344 344 340.7 338.2 335.8 333.4 330.9 328.6 326.6 326.3 325.4 325.4
436.2 434.2 431.5 430.9 433.9 437.9 437.6 441.3 457.3 467.8 474.7 485.2 488.4 491.7 491.7 496 493.5 495 497.8 486.9 475.6 469.7 464.6 461.4 457.2 451.1 441.2 433.9 431.8 424.4 413.4 404.3 397.1 391.4 383.4 376.1 369.9 366 360 353.3 350.1 362.6 367.5 374.4 381.6 382.5 379.8 384.4 386.4 381.3 374.5 369.3 366.7 365.1 361 357.5 356.4 356.5 356.7 357.7 352.8 350.3 351 347.8 345.6 342.2 340.9 339.5 337.1 334.6 332.6 330.8 328.1 325.8 324.7 324.9 324.4 324.3
441.3 440 439.3 439.4 439 440.7 443.2 454.3 464.8 476.8 480.5 489.3 493.1 491.5 491.7 490.7 488.5 486.9 485 477.5 470.5 465 458.4 453 449.8 443.8 436.9 432.3 429 419.3 410.9 402 394.9 387.6 380.1 374.2 366.5 362.2 354.2 350.8 346.6 359.5 364 367.2 370.4 373.9 370.8 371.3 373.1 370.7 365.8 360.8 358.5 359.4 354.8 352.3 350.8 352 351.3 348.7 346.7 345.6 344.2 343 342.6 339.9 338.2 336.6 334.2 331.7 329.5 328.2 325.1 323.5 323.6 323.9 323.2 323.3
448.8 447.5 451 450 446.6 447.2 448.9 458.1 466.7 475.8 480.2 488.7 489.9 487.4 486.7 486.6 483.5 478.8 476.6 471.6 466.4 462.2 455.5 450.5 446.2 440.5 433.5 428.5 422.5 414.4 405.9 400.5 393.3 385.3 379.6 371.1 362.7 356.7 351.1 348.2 346.6 348.7 358.9 356.9 357.9 362.1 358.2 358.4 360.6 359.6 356.3 352.3 349.9 349.8 348.6 347.3 345.6 346.2 347.4 344.3 344.7 342.8 340.9 339.3 339.7 336.8 336 335.1 332 328.9 326.2 325.3 323.9 322.5 322.3 322.3 321.8 322.4
450.4 454.5 455.3 451.3 450.8 449.8 452.6 456.8 466.5 473.8 479.1 480.2 480.3 480.3 480.7 479.7 478.3 470.1 468.8 465.2 460.9 456.8 454.9 451.4 444.8 436.6 429.4 423.4 417.1 410.4 406.2 398.3 391.1 384.5 375.6 368.8 364.1 360.8 354.3 346.9 346.4 340 352.7 353.7 352.8 352.7 352.2 351.7 352.7 351.4 348.8 347.9 346.5 345.4 343.3 342.7 341.3 341.1 343.6 342.3 341 340.6 338.4 341 335.6 333.6 332.3 332 330.5 326.1 324.1 322.5 323.3 321 320.8 321.3 320.8 323.2
452.7 452.9 452 449 446.3 449 453 455.2 464.7 470.8 474.4 471.8 473.4 476.9 476.8 471.6 468.9 466.9 464.2 458.5 453.5 450.6 450.7 448.3 441.8 433 425.9 422.3 416 410.4 402.4 396.5 389.7 382.1 377.7 371.1 364.3 357.9 348.7 345.3 345.4 332 345.2 348.6 352 351.9 350.2 346.7 345.3 345.2 345 344.5 343 340.5 339.2 338.3 338.2 337 341.1 339.5 338.4 337.9 337.5 336.5 334.2 330.5 329.2 327.7 324.8 323.9 321.6 320.3 320.9 322.6 324.9 325 325 324
455.8 455.3 451.6 447.5 444.1 446.8 450.9 454 459.3 465.1 465.9 464.7 469.1 472.8 469.4 466.7 467.5 463.4 459.1 453.2 448.4 446.1 445.7 442.1 437.5 429.5 423.9 420.9 414 406.8 402.1 394.5 390.1 386.4 380.7 374.5 364.9 354.5 345.1 342 343.7 337 329.4 344.1 346.6 349.1 347.7 343.3 341.7 342.8 341.9 341.3 339.3 337.2 336 336.2 335.5 333.5 332.7 336.6 336.2 335.4 334.9 333.7 332.5 329.3 329.9 324.6 323.5 322.8 321.6 318.4 322.3 322.8 323.1 323.3 322.5 322.9
458.2 455.4 452.1 447.6 441.7 443.4 447.3 449 453.8 456.6 455.2 455.1 458.6 462.4 462.1 461.6 461.3 458 455.7 451.7 446.7 443.2 441.1 438.3 434.1 428.2 419.7 417.1 412 407.6 404.3 400.3 396.5 393.1 386.7 378 366 355.3 346.5 342.8 339.9 330.7 329.1 339.1 341.9 343.5 342.7 339.7 338.5 339.7 338.7 338 337 336.2 334.5 333.6 333 330.8 329.9 330.5 331.4 332.7 334.1 333.2 330.8 327.7 326.3 323.3 320.5 319.6 319.2 318.2 322.1 322 321.5 321.7 321.1 321.7
454 456.5 446.8 439.4 436.1 438.8 442.8 442.7 446.1 449.8 445.8 446.3 450.3 455.4 454.9 456 456.4 456.2 450.7 446.5 444.7 440.5 437.1 433.5 429.9 422.3 418.2 416.4 412.8 410.8 408.2 403.5 400.8 399.2 387.1 373.5 362.9 358.9 349.1 342.6 337.6 327.4 327 337.3 340 341.5 339.4 337 335.8 335.8 335.5 335.3 335.5 334.9 331.8 332.1 332.9 329.6 328.2 327.8 327.8 327.7 327.3 327.3 329.2 326.9 324.1 321.4 319.7 318.5 317.8 317.8 319 319.9 319.7 319.9 320.9 322
451.6 446.5 440.1 431 430.1 433.7 436.3 435.6 438.3 440.1 438.1 440 444.2 446.7 447.9 450.3 451.4 448.4 445.7 444.6 442.7 437.8 435.5 431.7 426.3 420.7 416.8 416.7 415.3 414.3 406.7 402.5 398.4 392 378.6 367.9 360.4 356.2 348.5 342.4 340.5 325.2 326.1 328.8 338.3 338.8 337.6 336.5 335.1 335.1 335 335.3 335.8 334.7 330.2 328.5 327.8 327.7 326.9 326.2 326 325.4 323.3 323.9 325 325.2 323.3 321.1 319.9 317.3 316.6 317.3 314 317.4 318.1 319.5 321.4 324
445.2 442 432.9 427.1 426.6 427.6 427.5 429.6 431.6 433.2 432.9 434.9 436.9 438.5 439.6 442.3 443.8 445.8 443.2 439.8 439.7 439.3 436.5 431.4 424.5 420.9 417.6 415.9 414.5 412.8 409.1 406 393.7 382.1 371.7 363.5 357.3 350.3 345.8 341 336.9 324.1 324.3 334.5 336 337.5 337 336.2 335.2 334.9 335.2 336.4 335.2 332.1 328 326.3 325.6 325.4 325.3 324.2 322.8 321.7 320.7 321 320.8 321.7 322.5 321.8 319.5 316.5 315 315.3 313.4 314.7 316.3 319.5 322.1 325.4
439.5 437.1 428.9 424.2 423.4 417.8 417.5 422.5 425.1 423.5 425.6 428.6 427.5 428.9 432.2 436.4 439 438 436.3 436.8 439.2 441.1 434.4 427 422.9 421.6 421.4 424.5 421.2 412.5 409.1 401 389.2 378.4 368.3 363.3 355.3 347.4 342.6 338.9 336.4 323.1 322.7 331.8 335.4 336.4 335.9 335.5 334.3 334.3 335 334.7 333.4 329.8 325.8 324.4 323.7 323.9 323.9 321.9 321.1 320.8 321.1 319.4 317.8 318.4 320.3 320.7 316.7 313.7 311.9 313.2 312.4 313.9 316 319.9 323.4 322.9
434.2 428.3 424.9 419.3 413.2 407.7 407.6 412.1 415.8 414.8 414.6 415.3 420 422.8 427.6 431.1 434.6 433.7 433.4 435.4 437.6 433.5 428.6 426.1 424.9 426 428.3 428.1 422.2 416.7 408.6 401 391.5 383 374 367.2 355.7 344.6 338.8 335.2 334.6 319.7 321.2 331.6 334.9 335.9 335.5 334.9 333.2 333.5 333.8 332.9 330.3 325.5 322.9 322.3 322.5 322.2 321.8 321.7 322.4 322.5 323.9 322.3 319.6 317.1 316 318.8 312.7 310.6 309.1 310.1 310.4 309.2 315.2 319.5 321.7 319.7
433.8 433.6 424.7 415 404.5 399.4 399.4 402.6 406.8 408.8 406.1 405.5 410.3 418 422.4 426 429.3 430.3 431 432.7 432.6 430 429.5 429.9 431.3 431.1 432.5 430.1 424.6 413.9 405.2 400.8 393.7 384.4 374.3 364.3 351.9 344.2 338.2 334.6 332.9 330.7 322 330.9 334.5 335.7 335.2 333.5 332.7 333 332.1 329.5 326.9 323.7 322.6 321.7 320.9 320.8 320.8 320.9 323.7 327 326.9 325.4 322.8 320.2 317.5 314.8 311.1 309.5 307 306.1 307.1 309.5 313.4 317 317.1 316.9
433.9 428.5 419.7 409.7 395.7 389.7 392.4 396.5 399.8 401.9 401.8 403.6 407.5 414.6 419.8 423.4 425.7 427.2 428.3 429.1 429.3 430.2 433.5 435.6 434.2 433.7 441.4 432.2 420.5 409.9 406.6 404.4 397.4 385.1 372.1 360 349.5 340.4 337.2 338.1 332.5 327.5 319.4 329.6 333.5 334.8 333.7 331.8 332.1 333 328.6 325.7 324.3 322.4 322.8 321.4 320.8 320.8 320.8 321.1 325.6 328.8 329.7 328.7 325.5 322.6 318.9 316.4 314.2 312.6 309.5 307.5 305 307.3 311.2 314.6 315.3 316.1
426.5 422.1 411.2 399.2 391.3 387.9 387.7 390.4 394.6 395.5 396 398.7 403.5 409.8 415.2 418.6 421.1 424 425.7 426.8 428.4 431.3 433.2 433.1 434 436.2 434.6 427.9 418.5 413.3 407.7 401.3 393.5 380 364.6 354.5 351.6 346.6 341.3 334.6 331.9 326.3 317.9 331.3 331.9 332.8 332.1 331.1 329.9 328.6 326.8 324.7 323.6 322.6 321.7 321.1 320.8 320.8 320.8 323.4 328.8 330.2 330.8 328.6 325.8 321.4 318 318 316.7 315.7 312.2 307.7 306.4 304.4 309 313.4 314.7 315.3
421.8 413.9 401 388.4 382.5 381.8 383.4 387.4 386.5 386.7 389.9 392.8 398.1 404.4 409.2 412.9 416 419.1 422.5 428 429.6 430.7 431.1 441.9 440.3 433.3 430.9 427.9 421.4 413.7 402.1 391.9 383.3 369.7 364.2 362.6 356.6 348.9 341.9 336.7 333.1 331.2 312.8 331.2 332 331 331 329.9 327.6 326.4 325.8 324 323.5 322.6 322.4 323.1 320.8 320.8 320.8 324.7 327.5 330.9 330.9 328 324.9 319.9 316.4 316.7 317.1 317.2 312.8 307.8 306.3 304.6 306.8 311.5 314.1 314.5
410.8 401.9 393.5 384 377.6 377.1 378.5 380.2 380.1 378.9 382.1 386.4 392.9 398.1 403.3 407.9 411.6 417.8 421.7 425.2 425.1 432.3 439.2 443.2 440 438 434.4 425.5 415.7 404.8 392.4 381.4 375.9 381.9 374.3 365.8 355.2 348.7 345.3 338.9 334.8 336.4 311.6 327.9 329.5 330.2 330.9 331.3 327.3 325.2 324.5 323.9 323.2 323.6 324.1 324.5 324.3 327.3 323.9 324.6 326.9 329.7 330.9 327.9 323.8 319.3 316.3 315.7 315.8 317.3 312.9 307.7 305.6 304.7 305.1 309.1 312.9 313.4
401.4 392.3 383.6 376.6 371.3 368.4 370.4 369.8 370.9 371.1 374.4 378.8 385.6 390.9 397.1 402.8 409.8 414.7 417.6 424.4 436.2 440.7 440.1 439.3 435.5 429.4 419.6 413.7 405.4 395.2 387 388.9 391 385.1 375.8 365.3 354.7 348.1 342.9 340.4 337.3 333.2 312.5 322.9 327.2 330 330.6 330.7 328.5 327.1 325.1 325.1 324.7 328 328.1 327.7 327.5 327.2 327.6 327.6 328.9 330.8 330.9 328.7 323.5 319.4 317.3 316.5 316.7 316.6 311.1 307.4 305.8 304.9 302.7 307.3 311.1 313
390.6 383.3 371.7 370.2 365.5 362.5 359.2 360.6 362.1 364.5 367.5 371.2 378.4 385.2 391.4 397.4 404.6 409 418.8 424 423.8 426.9 430.4 432.9 427.7 418.9 411.3 403.9 395.6 396.2 397.7 396.1 389.5 380.6 370.4 361.5 352.9 347.6 342.4 338 335.5 332.2 309.2 320.3 324.6 329.3 329.2 328.5 328.5 327.7 325.7 326.8 327.4 330.8 330.5 329.4 328.6 328 330.7 332.8 330.6 331 331 328.5 323.1 320.2 319.6 318.3 320.3 315.2 309.2 307.8 306.2 304.6 302.6 306.1 309.7 310.8
373.4 368.9 363.7 363 362 358.6 357.6 354.9 357.1 360.5 361 364.5 371.6 379.7 389.4 391 396.5 406.1 408.8 410.8 413.7 417.1 422.2 418.7 409.4 401.3 399.3 402.6 400.4 400 397.2 391.4 382.5 373.8 365.3 357.4 350 342.4 337.3 333 330.6 329.9 305.8 320 322.7 326.4 328.1 328.2 328.1 327.4 326.4 327.9 327.7 326.8 329 329.4 329.5 329.2 330.3 331 331 331 331 323.8 320.7 320 320.1 319.7 322.1 316.6 309.5 306.4 304.6 302.9 302 304.7 307.9 308.8
366.4 362.4 355.3 354.5 354.8 352.3 350.6 348.5 352.5 354.7 357.1 358.6 362.7 371.9 380.8 378.6 384.6 391.6 398.4 399.1 398.7 396.5 395.8 392.4 390.2 399 400.2 400.4 394.8 389.6 387.7 381.6 373.7 367.6 361.7 356.9 348.8 339.7 333.7 329.1 327.2 326 301.6 318.8 324 326 328.9 327.7 327.6 326.9 325.1 324.1 322.7 325.9 328.6 328.6 329 327.3 329.9 330.9 330.9 330.6 325.1 320.5 319.3 319 318.7 317.8 317.4 314.8 308.7 304.6 302.5 301.4 301.4 303.2 306.1 309.4
361.8 357.4 351.9 348.3 347.2 344.3 343 342.2 347.6 349.1 350 351.4 353.5 357.3 363.4 367 370.6 374.2 377.7 380 379.1 376.5 376.6 381.1 388.3 392.2 392.5 390.1 386 380.5 377 371.6 366.6 362.1 357.3 353.4 346.2 338.2 332.2 327.9 324.3 321.4 305.9 315.7 322.2 324.6 329.6 329.9 328.7 324.3 322.8 322.4 323.3 328.9 327.8 327.6 325.9 324.2 327.2 329.4 325.6 322.5 319.1 314.6 313.2 314.1 313.1 311.4 312.2 311 307.1 303.4 300.9 300.7 300.8 302.8 304.4 310.2
