UK/data/nn/nn06_OST50GRID_20230518/NN06.asc
ncols 200
nrows 200
xllcorner 200000
yllcorner 760000
cellsize 50
[rows 108 to 143 of 200, columns 80 to 159 of 200]
176.6 185.7 196.1 208.1 215.7 238.3 267.2 293.1 310.7 327.3 342.2 346.3 348.1 362 374.5 379.2 386.6 405 416.8 434.8 457.6 480.9 492.9 503.6 510.2 514.8 517.2 519.3 515.9 509.2 506.7 507.4 513.1 516.2 514.7 514.2 517.8 514 507.4 490.3 464.2 452.1 451.4 455.5 459 462.2 466.4 470.7 477.8 480.7 475.4 473.1 472.3 466.4 454.4 449 445.3 435.7 418.5 392.7 368 338 312.9 294.5 255.4 222.5 198 183.6 166.2 152.9 150.8 143.7 154.8 155.9 155.1 164.9 172.1 186.6 202.7 212.4
177.2 183.4 195.9 197.9 224.4 253.9 277.1 300.4 322.6 338.4 343.3 340.6 363.8 369.8 370.6 381.2 396.5 413.3 437.9 459.8 479.6 485.9 494.4 497.2 499.4 497.9 498.9 498.1 492.4 492.9 491.9 500.5 503.5 502.3 500.9 503.1 500.8 502.1 491.7 468.3 449.8 446.9 455.1 455.2 451.4 451.6 452.9 455.2 458.9 463.3 462.5 463.4 462.3 453.4 449 447 439.8 425.8 411.6 383.6 357.6 335.1 318.5 280.3 244.7 216.9 193.6 178 159.7 145.6 141.4 149.7 163.5 153.7 160.7 167.4 180.3 194.9 208.4 217.7
173.5 185.3 191.6 212.3 239.6 264.2 293.2 315.6 331.2 331.7 339.3 362.2 364.5 366 374.4 386.6 402.1 434.8 458.9 473.8 480.8 481.6 484.9 483 480.8 481 478.1 472.4 472.3 473.4 486.1 489.3 492.9 492.5 487.7 486.4 491 484.2 480.8 451.4 442.9 454.2 456.1 454.9 444.7 441.9 443 443.1 443.8 449 450 455.4 452.4 446.3 443.6 439.2 430 421.6 400.5 375.7 350 341 304.5 265.9 237.6 205.5 188.8 172.3 154.6 143.1 140.5 156.4 150.2 152.4 160.8 171.4 188.5 205.2 213.2 222.3
168.9 183.7 202.8 226.7 250.2 280.2 304.5 319.1 321.5 339.6 355.5 353.2 358.4 368.6 379.3 398.9 426.4 461.6 473.4 474.2 473.1 470.8 469.5 468.5 464.8 460 454.5 453.1 455.9 469.5 472.8 477.7 478.2 471.6 469.9 471.6 472.1 469.2 459 442.4 440.2 448.4 454.5 447.4 436.6 433.1 433.3 431.7 433.6 438.6 443.3 444.7 441 440.8 438.2 431.2 425.2 414.8 390.5 368.3 348.1 326.4 284.9 257.3 229.2 202.6 184.3 164.7 148.3 143.2 142 151.6 147.1 154 166.1 182.1 196 205.6 217.1 225.9
179.5 200.6 220 245.9 270.6 295.1 308.4 320.2 333 345.9 344.1 357.6 365.6 378.5 396.3 425.8 449.9 471.4 468.2 464.4 457.2 457 457.3 452.3 447.5 441.1 439.6 444.2 451 454.8 459.3 456.9 449.1 447.1 453.3 455.8 456.7 450.4 439.1 423.9 440.4 451.7 452.4 441.5 435.7 429.1 424.3 420.8 423.5 425.7 435.4 438.6 437.6 437.5 435.1 429.5 420.2 406.6 383 357 344.2 305.8 276.7 249.6 219.8 198 175.9 160.9 149.7 139.5 148.1 147.7 146.2 157 172.4 186.4 198.6 206.8 219 229.5
201.4 227 248.1 268.5 289.2 298.8 312.5 329.7 335.2 337.9 352.9 363.4 379.2 393 423.8 445.2 462.5 458.3 451 446.3 447.6 445 441.1 436 432.6 427.8 426.5 432.3 435.6 439 435.5 429.7 424.3 427.1 438.4 441.7 440.9 432.4 418.5 427.5 440.8 447.8 444.2 439.6 432.5 424.5 415.9 413.4 414.7 419 429.3 433 436.7 434.7 435.4 425 416 393.9 368.3 352.7 323 294.1 267.2 239 213.9 195.2 174.9 157.8 146.5 139.3 144.4 144.6 150.4 162.2 176.1 187.2 199.1 210 220.7 233.7
220.8 244.6 262.5 280.8 286.3 302 323 319.2 330.4 343.9 356.2 378 394.6 419.6 439.5 452.4 447.6 440.8 436 434.8 433.2 429 425.4 421.6 415.4 407.7 416.1 418.4 416.9 414.8 411.1 411.6 409.6 415.1 422.4 422.8 423.6 414.1 414.3 429.5 440.3 439.2 437.9 434.8 429 419.5 412.3 408.6 406.9 412.6 420.9 428.5 432.5 435 430.8 420.2 399.2 377.5 350.7 336.9 306.6 282.7 253.7 229.3 210.4 191.8 169.4 155 141.5 139.4 139.5 146.7 154.9 165.9 180.5 190.5 200.8 212.8 224.8 234.3
240.8 252.4 274.6 279.2 296.1 310.9 309.1 328.1 337.3 349.5 373.1 391.7 412 432.3 443 438.4 431.6 426.5 423.4 421.1 418.1 413.3 407.3 400.1 397 395.7 392.8 387.4 390.9 394.4 389.6 388.4 392.6 400.5 404.7 405.9 403.6 388.9 414.8 427.6 430.8 431.4 432.2 433.4 424.8 416.8 407.7 402.7 399.8 402 410.9 419.2 429.1 430 421.6 402.8 378.6 360.3 342.7 317.8 292.9 266.6 245.8 219.5 198.4 180.6 165 147.8 140.3 139 138.6 152 162.9 171.6 185.9 195.8 206.8 218.2 228.5 236.1
247.7 263.7 269.2 291.1 297.5 300.8 321.6 335 342.3 362.7 382.9 405.4 426.5 436.7 431.4 421.7 415.4 411.6 407.8 405.4 402.8 398.1 387.7 379.3 373.3 369.5 370.9 376.7 380.7 379.8 375 375.9 381.5 387.4 390 386.5 386.5 394.9 414.7 420.7 424.4 428.7 431 429.1 419.1 411.3 400.6 394.5 390.8 393.6 401.7 413 420.8 418.2 401.3 381.7 365.5 347 324.7 302.7 279.5 257.7 232.9 207.5 194.3 178 160.4 143.3 138.5 137.8 144.7 154 163.8 178.9 192.3 204.7 209.6 216.2 222.6 236.1
249.5 260.2 281.3 287.6 291.2 312.1 330.8 343.2 353.6 374.2 399.7 419.3 431.6 427.1 414.2 406.5 398.7 393.2 390.5 387.3 384.2 374.2 361 356.4 349.4 355.9 364.6 372 372.1 363.7 362.1 363.3 367.6 368.7 369.7 362.3 382.2 396.3 407.2 413.6 417 422.3 425.2 415.8 409.8 397.4 392.6 386 383.4 389.8 392.1 403.6 408.4 396.5 378.7 362.8 354.2 332.4 310 286.6 265.5 245.7 221.1 199.9 186.2 167.3 149.1 139.5 137.1 137.5 144.8 153.6 167 184.7 194.9 201.7 206.6 214.2 230.6 246.9
249.4 272.7 277.1 283.9 301.8 326.8 341.7 345.3 367.1 388.8 411.1 423.4 416.3 405.6 396.9 389.9 380.8 372.4 371.1 363.7 354.3 353 347.2 338.2 339 348.6 354 355.2 347.5 347.5 348.9 354.7 356.5 356.6 352.1 368 377.8 389.8 396.2 402 408.4 412.5 406.6 398.6 390.6 388.7 384 378.6 369.8 385.3 384.4 388.5 384.1 371.7 362.2 357.6 343.5 319.1 296.2 278.7 255.3 232.7 205.2 192.1 176 161.2 145.1 137.5 136.3 138 147.3 161.7 178.7 185 188.1 198.3 208.3 227.7 241.9 254.4
263.5 267.3 277.6 294 316.4 334.5 342.8 352.2 377.7 401.5 413 407.6 400.1 388.6 380.5 367.3 356.2 353.3 351.4 344.9 337.8 332.7 323.6 322.6 328.8 332.5 332.7 333.3 330.5 334.2 341.6 346.7 347.7 345.6 352.6 360.2 371 378.1 387.1 393 399.6 394.6 387.8 378.8 380.6 379.7 373.4 368.1 372.5 381.6 380.7 369.2 369.1 359.2 358.3 348.8 327.5 305.2 283.9 266 244.2 216.6 199.5 183.4 172.7 158.2 141.8 136.6 136.8 137.7 151.8 163.9 168.8 183.6 193.3 206.4 221.7 238.2 253 265.2
263.9 271.8 281.7 309.6 328.5 340.1 353.7 367.1 391.9 402.6 398.4 390.7 378.7 371.3 355.9 342.5 341.4 340.3 334.2 329.4 324.7 316.6 309.4 308.8 309.2 313.1 318.9 317.9 319.8 326.2 330.7 337.4 338.4 337 341.8 346.5 358.2 372.4 381.2 388.8 384.5 379.8 373 369.6 373.6 373.2 365.2 353.4 370.7 376.6 375.5 362.3 352.4 356.8 351.3 335 313.8 292.8 272.5 256.9 230.4 207.5 194 179.7 170.3 154.1 139.3 136.2 137.1 140 146.1 158.3 172.2 184.5 198.7 208 227.3 245.4 258.4 269.8
263.2 270 298.1 320.4 336.3 350.9 370.1 384.6 396.3 391.7 384.4 372.6 360 345.9 331.8 326.7 331.5 328.9 324.6 325 317.5 308.7 298.6 294.5 293.1 299.1 305 304.9 310.8 316.5 320.6 328.5 330.9 325.6 328.8 340.6 353.9 367.7 373 374.6 374 370.6 358.2 364.3 369.2 365.7 358.4 350.8 366.4 370.3 363.8 352.3 347.7 348.5 335.5 320 302.8 283.3 264.6 247.3 221.2 200.2 189.8 180.5 169.7 149.6 136.9 135.6 136.8 139.7 152.9 164.9 177.6 191.4 207.1 218.7 235.4 251.5 265 275.4
259.6 286.6 308.3 328.2 341.5 358.4 379.3 386.7 383.2 376.9 367.7 353.6 336.5 323.9 316 321.6 324.4 322.4 320.5 317 305.9 290.3 283.3 278.4 277.8 283.9 288 292.7 299.2 303.7 314.9 320 321.9 318.4 320.9 335.9 352.4 361.2 360.1 366.4 364.5 353.7 353.1 363.3 366.4 362.1 348.7 348.3 361.4 359.9 352.9 337.8 340 332.3 320.6 306.8 292.6 277.5 256.9 233.3 210.9 198.5 186.6 179.2 167.4 148.9 136.4 135.8 136.6 141.9 153.1 169 182.9 195.4 209.2 227.7 242.3 256.7 274 286.1
267 297.1 318.7 331.4 346.8 370 377.2 372.7 366.3 359 347.4 331.2 312.8 308.7 313.3 316.7 315.4 313.9 312.6 304.2 297.7 285 274 266.4 264.8 268 271.9 281.2 286.2 289.5 300.8 302.1 308.4 305.3 316.8 329.2 343.8 347.7 352.7 351.7 343.2 345.5 355.6 364 363.5 352.8 333.5 334.7 351.8 348.2 337.7 328.3 325 316.9 306.7 295.6 283.4 267.2 244.9 224.1 204.9 196.1 186.4 176.9 163.4 143.2 135.8 134.2 135.8 142.5 159.8 174.6 186.6 200.7 215 232.9 252 268.2 284.5 298.3
279.5 307.6 325.1 336.1 355.2 362.4 362.4 357.7 351.8 337.4 323.5 305.1 300.8 303 307.3 308.8 307.4 306 299.3 289.8 283.7 272.2 262.1 252.4 255.8 260.1 263.6 269 269.3 271.9 279.7 286.6 290.4 293.5 311.2 321.3 330.6 336.5 334.2 330.9 334.9 348.1 358.4 360.6 349.8 333.3 303.4 322.3 337.7 331.2 321.8 314.4 310.8 306.5 296.8 284.5 271.6 254.2 232 216.8 199.8 191 184.8 175.5 159.1 140.4 135.1 134.7 136.3 147.6 166.7 181.6 197.3 211.6 228.2 245.8 263.7 277.3 292.5 306.6
288.7 319.5 333 344.7 356.3 358.5 350.5 340.8 331.2 317.2 301.1 295.1 295.1 298.9 303.4 306.3 304.8 295.8 285.7 275.2 267.7 258.3 250.1 245.1 251.9 253.8 253.6 256.3 256 259 264.9 274.1 271.5 276.8 292.6 304.3 309.2 313 314.3 319.5 335.4 344.6 347.6 343.1 330.6 311.3 280.5 308.3 313.8 310.7 303.4 309 299.9 293 286.6 275.9 258.4 241.1 223.7 207.5 194.6 189.1 183.1 172 154.8 137.6 134.5 134.4 138.4 152.8 175.9 187.1 202.9 219.4 235.5 257.5 272.6 286.5 301 317.7
302.4 326 336.2 347.4 351 347.6 335.1 322.9 314.2 296.9 290.2 286.3 288.6 294.8 300.6 301.9 292.4 283.7 269.1 260.7 253.2 245.7 240.5 246.7 245.9 241.7 242.1 241.5 237.9 248.1 250.9 253.2 239 258.4 276.8 287.1 289.5 296.8 300.1 315.8 325.7 329.3 325.6 319.4 307.9 293.9 263.6 291.6 295.2 292.2 297.8 300.2 289.6 277.9 271.1 261 243.7 227.7 212.4 199.5 190.7 185.5 176.8 164.2 148.3 133.6 133.3 134.4 137.9 161 182.5 198.9 212.4 226.9 246.2 266.2 280.6 295.1 308.6 326.4
305.2 322.2 331 336.2 336.7 330.1 317.7 308.6 296.7 284.6 281.1 279.9 283.5 290.8 291.4 286.2 281.7 271.9 256.8 249.7 236.2 231.8 228.9 235 231.5 228.6 226.9 227.9 232.6 235.8 236.8 240.3 222.8 237.6 251 258.7 270 277.2 293.4 305.1 308.9 306.7 296.9 290.8 281.7 270.3 268 278.9 277.2 289.6 294.9 287.8 275.2 264.3 255.6 244 231.5 216.2 200.8 192.5 183.9 178.9 168.9 155.8 141.9 133.2 133 134.2 146.9 174 194.4 207.5 221.1 240.2 258.8 278.2 291.2 298.8 317.7 328.5
303.7 306.2 319.1 325.9 322.4 306 300 292.5 279.9 275.6 272.7 270.5 278.6 278.3 278.5 278 270.8 258.1 247.9 233.4 222.5 216.8 216.5 219.2 220.6 215.4 216.6 224.3 229.3 222.7 221.8 222.7 203.5 216.6 224.9 238.4 252.4 270.1 279.8 284.1 285.5 281.4 273.7 269.7 264.2 241 264 258.3 277 280.7 280 275.2 262.7 251.3 241.6 231.7 219.4 205.4 194.3 183.7 177.6 171.7 162.6 151.3 134.9 133.1 133.1 134.4 164.4 182 199.7 214.2 231.3 246.8 264.2 279.2 292.7 308.9 318.7 329.9
290.7 303.8 312.1 308.1 299.5 290.1 284 275.5 269.2 265.3 257.5 262 262.5 266.2 267.9 262.6 252.2 241.5 228.9 220.8 213 202.2 202.4 204.1 205.4 203.9 215.2 219.8 217.7 203.1 209.8 199.1 193.9 199.8 199.1 221.5 239.9 252.6 259.1 258.9 262.2 258.8 255.4 249.9 239.2 248.1 248 259.9 267.4 268.7 267.1 259.8 249.8 239.5 232.1 222.5 211 199.6 184.4 175.9 172.1 166 156.6 144.9 133.8 132.6 133.4 153.9 170.9 192 203.7 219.1 235.1 251.7 270.7 288.7 298.5 308.5 319.3 330.7
291.8 294.5 294 287.9 273.8 271.4 268.2 259.7 250.8 244.7 245.4 250 249.7 255.5 250.1 239.6 230.2 222.4 213.5 206 199.9 191 188.8 192.7 195.1 198.8 203.4 205.6 196.6 199 195.2 177.7 182.6 182.2 195.3 209.3 220.2 228.6 234.3 238 242 239.1 236.5 230.4 213.6 233.9 241.1 252.5 258.6 258.6 255.1 244.8 236.6 226.5 220.1 212.3 201.6 183.6 170.4 165.3 165.5 158.8 151.4 140.9 132.8 132.5 142.1 162.8 179.4 194.5 209.5 225 240.7 256.4 274.6 285.4 297.5 304.6 313.3 328.6
282.4 278.8 275.8 258.5 259.4 256.7 250.8 243.3 234.5 229.3 233.5 239.3 241.2 232.8 227.8 221.8 215.1 204.8 201.2 193.1 182.6 176.8 179.5 180.9 183.5 186.2 190.4 189.4 186.7 187.7 180.1 165.8 165.9 174.1 182.9 191.6 198.2 206.6 210.8 212.5 214.8 216.7 219.8 209.3 213.7 219.6 231.7 245.4 248.3 244.1 237.1 228.5 224.6 216.1 207.8 198.5 181 170.9 159.8 157.7 156.3 152.3 148.2 134.3 132.5 133.8 154.1 169.7 182.3 200.5 217.1 231.1 246.3 259.6 271 285.6 291.3 300.3 317.2 329.3
263.7 256.3 248.9 240.7 243.1 243.9 241.2 232 221 223.4 227 229.7 222 218 211.6 204.7 196.1 189.4 176.8 169.1 165.8 159.8 169.3 169.8 172.4 175.6 177.8 177.8 178.1 172.2 168.2 154.1 154.8 164.2 170 176.1 181.3 187.4 187.8 192.4 196.6 201 197.4 186.1 206 211.1 227.4 233.9 235.8 231.9 222 217.8 213.5 197.7 194.6 179.1 166.1 158.3 151.8 149.7 148.3 148 142.1 132.3 132.7 140.5 160.7 173.3 189.5 206.8 220.6 231.7 244.8 257 270 279.8 290.5 300.2 313.5 323.1
240.8 233.9 225.2 223.6 229.3 229.3 226.3 212.3 209.1 215.9 221.4 214.2 209.2 203 195.7 186.8 176.4 168.6 157.2 154 147.2 155.8 158.5 161.2 162.1 165.8 170.8 172.3 167.9 159 151.5 139.1 143.8 148.4 153.1 156.6 161.9 165.4 170.2 173.6 175.6 175.5 175.1 180 191.2 202.5 213.7 222.5 222.1 214.6 212.2 211.3 197.5 179.3 171.2 164.2 154.8 149.9 144.6 140.1 137.6 143.2 132.4 132.3 134.2 155.5 167.9 179.7 194.4 205.7 217.6 228.1 240.7 255.9 264.3 275.7 283 296 304.9 313.6
222.2 216.3 210.8 216.6 213.8 209.7 203.5 191 200.1 207.3 202.9 197 191.2 184.2 179.8 172.2 162 150.5 145.9 137.6 143.8 146.1 149.1 152.8 153.7 158.9 163.3 161.3 149.4 141.5 137.5 134.4 134.1 136 135.8 137.7 141.2 146.4 153.5 154.9 149.4 156.9 159.9 165.4 175.6 189.3 199.8 209.4 208.3 202 204.1 192.7 178 167.6 159.7 153.6 144.5 142.7 136 135.3 135.6 132.2 132.3 132.6 148.1 159 168.6 183.2 194.2 200 211.7 222.1 238.9 247.6 258.3 267.9 276.9 287.3 295.9 305.4
206.5 200.4 204.7 208.7 209.5 201 190.5 181.8 187.5 185.5 181 178.3 172.4 167.3 165.2 158.4 147.8 140 134.4 130.6 138.5 141.3 145.8 148.5 146.8 148.4 146.6 136.5 131.3 131.2 130 130.9 130.7 128.1 126.8 125.9 126.9 130.9 138.4 139.7 144.1 150 150.3 152.6 164.6 174.9 184.4 192.6 189.8 192.9 189.4 178 167.6 158 147.2 141.9 137 134.4 133.4 133.4 133.7 132.8 132.9 133.4 150 162.1 174.3 186.4 191.1 195.5 204.2 216.7 226.9 237.1 253.8 261.7 269.6 280.3 289.8 297.6
197.3 193 198.8 206.9 198.8 184.7 175.7 174.5 177.6 176.7 174.6 167.8 155.7 151 146.1 137.2 131.3 127.5 125 131.1 134.5 138.2 141.3 142.4 139.1 136 131.7 125.9 125.2 125.9 127.3 128.3 127.6 126.5 125.3 125.4 124.6 126.7 128.2 135.1 142.7 147 144.3 145.8 154.3 161.9 173.2 176.7 181.7 183.8 176.6 164.8 153.4 144.6 135.6 131.7 132.8 132.9 133 132.7 132.6 132.6 133 137.8 151.3 166.5 174.6 178.8 190.9 198.8 218.6 230.6 241.2 249.1 245.4 254.4 264.3 276.3 283.6 290.8
189.7 187.2 196.6 191 179.7 175 168.8 171.3 173.1 165.5 161.2 152.7 144.9 138.3 125.5 119.6 119.1 120.4 129.2 128.6 130.8 133.1 135.5 134.6 132 129 124.7 123.1 123.3 123.6 125.5 126.1 126 125.8 125 124 124.4 124.6 127.2 130.3 139.1 142 137.8 137.5 140.4 149.1 160.3 171.1 177.6 174.9 162.9 151.4 144.4 132.7 130.5 130.7 130.2 131.3 132.6 132.1 131.9 132.7 138.7 151.6 160.8 171.7 185.7 194.1 205.4 219.9 231.7 237.1 245 250.4 252.8 256.1 265.5 269.4 275.4 282.9
174.8 181.6 179.6 171.6 162.2 160.4 165.3 162.1 154.3 150 146.2 138.5 129.7 116.8 115.9 117.4 118.5 121.2 124.1 127 129.4 132.5 134 133.8 131.5 122.8 122.2 122.2 122.1 122 122.5 124.1 124.7 123.9 123.4 126.3 126.9 124.9 127 127.6 132 132.5 132.5 131.7 131.9 138.7 150.1 165.2 168.1 161.3 152.3 143.6 135.8 131 131.6 131.6 131 131.1 131.8 131.5 131.2 134.8 152.5 159.7 171.5 186.6 195.2 207.1 221.1 232.6 240.9 245.3 253.9 257.3 260.8 264.9 275.8 283.2 287.7 291.9
167.9 166.5 158.7 153.6 145.3 147.9 149.1 143.8 137.3 134.2 127 116.6 113 114 114.8 115.8 117.2 120.3 120.7 124.1 128.1 128.8 133.7 129.9 121.4 121.5 121.6 121.6 121.5 121.8 121.8 123.3 124.2 125.9 128.9 132.3 134.2 131.2 125.3 125.7 127.2 128.9 128.6 130.6 129.3 131.1 142.7 157.2 155.8 146.8 139.2 134.9 130.4 129.6 135.1 130.8 131 130.9 131.5 131 132.1 145.6 166.6 176.3 186.3 196 204.6 217.2 232.8 242.9 246.7 255.8 260.9 264.2 268.5 277.1 283.9 288.6 296.2 301.3
155.7 148.5 146.1 135.2 134.8 139.7 138 130.3 124.9 119.5 113.2 112 112.9 113.3 113.8 114.8 116.1 115.9 118.3 122.6 124.3 125.7 123.1 120.8 120.8 121.2 120.7 120.7 121.2 123.4 127.5 133.6 140.9 147 151.5 152.5 147.3 141.8 140.4 136.6 132.3 130.2 130.2 127.7 127.4 128.8 134.4 144.7 139.9 132.7 131.1 129.5 130 132.5 134.5 131.4 131.2 131.4 131.2 132.2 132.7 155.2 176.6 184.2 192.2 204.7 216.2 230.1 240.5 247.7 258.1 263.7 263.8 267.4 274.4 285 293 299.2 302.3 308.2
134.2 127.8 129.3 125.1 130.5 129.4 121.9 116.9 116 111.8 111.4 112.1 112.7 112.9 113.4 113.8 113.9 114.1 115.8 118.7 120.1 118.8 120.6 119.8 120.9 122.8 124.5 124 126.5 137.6 147.3 151.1 161.2 164.8 164.5 162.7 159.8 157.8 153.6 149.9 141.6 143.5 134.8 135 128.8 127.7 132.3 130.8 131.6 129.9 129.9 130.4 131.7 133.4 133 132.2 131.9 132.3 134.6 136.7 138.1 163.9 179.9 190.4 202.1 214.6 226.5 239.2 249.1 259.1 263.7 265.2 267.9 275.6 282.4 290.8 300.6 305.9 313.6 318.2
124.5 121.2 119.8 122 124.6 117.7 113.7 112.7 111.1 111.7 111.8 112.3 112.7 112.8 112.4 113.7 115.6 119.2 122.4 129.5 127.2 123.1 120.3 122.8 128.8 133.5 131.3 134.7 144.1 156.4 160.6 169.3 175.5 179.9 177.5 175.5 172.8 172.6 170.7 165.8 154.6 153.1 145.8 145.4 136.3 131.8 130.3 130.7 130.6 130.2 130.6 131 131.9 133 133 132.8 132.6 134.6 137.8 143.9 154.4 167.7 184.4 193.9 209 224.4 236.1 248.5 256.5 263.5 264.6 267.5 274.1 286.8 290.8 301.2 313 316.1 321.4 327.2
121.8 114.7 114.4 114.3 115.1 113 112.2 111.5 111.1 111.4 112.1 112.4 112.9 115.4 118.9 118.1 122.6 126.6 131.4 136.5 134.1 134.7 133.2 141.7 150 150.5 143.1 145.4 160 170.4 175 183.3 190.1 191.6 192.3 194 187.8 182.8 178.7 168.6 163.3 161.4 157.7 155.6 151 142.5 133.5 133.3 132.6 132.2 131.4 131.4 132.2 133.5 133.4 133.9 134.6 138.8 144.2 152 168.9 182.2 193.4 205.1 216.8 234.2 248.3 258.6 261.6 264 267.6 274.2 284.3 293.3 300.7 312.8 318.9 324.9 326.3 336.7
