UK/data/nt/nt14_OST50GRID_20230518/NT14.asc
ncols 200
nrows 200
xllcorner 310000
yllcorner 640000
cellsize 50
[rows 0 to 34 of 200, columns 0 to 77 of 200]
263.1 264.5 268.2 269.5 271.8 273.6 272.6 260.8 250.4 263 263.1 258.2 258.6 267.2 287.9 298.4 306.2 314.3 319 323 325 325.2 324.7 322.6 320.9 319.4 317.6 316.1 322.5 331.6 347.7 361.2 365.7 358.9 345.6 330.2 319.6 309.3 307.8 312.3 323 330.1 316.3 298.2 282.4 274.6 270.4 267.5 264.5 268.1 271.3 271.2 265.8 258.9 253.2 249.1 245.9 241.8 237.6 235 234.3 237 239.2 250.7 255.1 254.2 266.4 263.4 248.4 237.8 235.5 234.6 242.3 243.4 242.4 242.4 242.9 241.7
261.3 263 265.3 266.9 268 269.3 256.4 251.7 261.8 264.4 261.3 257.2 262.4 273.1 291.7 300.9 308.2 315.2 319.3 321.1 323 322.6 322.3 320.2 317.5 315.7 314.1 317 324.3 336.2 352.3 361.9 359.7 351.5 342.2 326 312.7 304.9 296.1 299 301.8 303.6 296.1 280.1 273.8 269.4 266.6 264.1 261.5 265.1 266.8 263.6 259.3 253.7 249.3 247.4 243.6 244.4 242.5 239.7 236.5 233.4 237 244.1 245.3 244.3 253.2 253.7 239.7 234.4 234.4 240.6 241.3 240.3 240.8 241.4 241.3 241.1
259.2 262.2 265.2 265.7 261.6 250.8 256.7 262.1 264.2 266.8 259.1 256.9 265.1 280 295.7 304.2 311.2 315.9 319 319.9 320.2 320 319.3 316.8 314.2 312.1 311.5 318.5 328.2 342.3 354.9 358.9 356 351.3 337.6 320.3 308.5 299.7 290.8 287.5 287.6 283.5 277.3 272 269 265.8 262.8 259.8 259.4 261.4 260.7 257.4 254.6 250.1 246.9 244.2 242.2 244.7 242.6 239.7 236 232.5 235.8 238 238.1 239.4 241.7 242.8 237.3 234.5 235.9 240.6 239.5 238.8 238.6 239.5 241.3 241.7
256.8 261.1 262.9 260.6 248.2 262.9 263.6 264.7 262.3 257.4 256.2 258.4 271.3 284.9 299.3 307.8 313.7 316.9 317.2 316.7 316.2 315.7 314.6 312.7 310.9 308.6 311.7 318.6 332.7 348.4 356.1 357.8 355.8 344.1 331.3 317.6 307.6 297.5 288.7 282.1 277.7 274.9 270.8 268.2 265.4 261.7 258.9 256.3 256.9 257.6 255.6 252.7 249.7 245.9 243.4 241.4 239.7 241.6 241.4 238 235.1 231.4 233.3 234.9 235.2 235.6 236.8 242.1 238.8 234.2 237.9 239.5 237.7 237.2 236.9 238.3 241.4 241.5
252.8 255.5 255.2 246.7 261.2 264.1 263.8 263.1 254.5 252.8 259.1 263.3 278.1 292.4 299.9 306.3 310.5 313.5 312.9 312.5 311 310.5 309.6 307.8 307 306.5 309.2 319.4 338.2 351.4 358.9 358.9 350.9 340 329.8 317.3 306.6 296.3 287.2 280.9 274.5 268.9 266.1 265.4 261.1 257.8 255.9 254.1 254.5 253.9 251.1 248.7 245.7 243.6 240.1 238.1 235.2 237.1 238.8 235.1 232.6 231 231.1 232.7 233.4 233.8 236.8 241.1 237.8 232.6 232.5 236.7 235.5 236.1 236.5 238.2 241.4 241.6
248.6 248 246.1 257.3 258.7 261.3 262.7 256.6 251 256.7 264 273.6 287.3 293.6 300.1 303.2 306.9 308.7 308.9 307.4 305.8 305.2 304.5 303.8 303 305.4 308.1 324 345.8 357.4 360.9 357.6 348.4 339.8 331.5 318.7 306.8 295.8 287.8 281.5 275.6 270.9 265.3 258.9 256.9 254.5 253.7 251.5 251.5 250.4 247.6 245.8 243.8 240.4 237.6 235.8 233.3 236.9 238.8 233.5 232.1 234.9 232.5 235.2 234.4 233.3 234.1 233 232.7 231.8 232.5 233.3 235.6 236.4 236.8 239.7 241.5 241.7
246.1 246.7 255 259.7 259.6 259.5 253.3 251.9 253.3 263 271.8 282.6 290.6 296 300.1 301.6 303 303.6 303.9 302.1 300.8 300 299.5 300.5 303.1 305.3 311.7 326.6 347.8 358.5 360.8 354.6 349 343 332.2 319.5 307.1 296.7 290.2 282.9 276.2 269.4 262.8 256.7 253.6 252.6 251.6 249.4 247.3 245.6 244.4 242.6 241.2 237.7 235.6 234.5 229.1 229.4 237.5 234.3 231.4 229.6 229 228.1 228.1 231.1 235.5 232.4 230.9 231.4 234.1 236.5 237.5 237.3 237.8 240.8 241.2 241.7
247 255.6 259.3 260.2 259.5 250.9 253.3 251.8 258.6 266.7 276.1 285.3 289.5 291.9 294.2 295.9 296.5 296.8 296 295.6 295.5 297.3 299.8 302 304.6 307.1 314.4 328.6 348.6 357.4 356.9 354.1 349.8 340.9 333.3 321 308.2 299.4 291.6 282.5 274 265.8 258.7 254.3 250.3 249.9 249 246.7 244.2 242 240.8 239.4 237.8 236.3 233.9 229.8 227.3 228.1 231.1 232 228.3 228.7 227.4 228.7 229 228.7 230.2 229.3 235.4 237.5 238.4 238.1 238.4 239.3 240.4 241.1 241.5 241.7
253.4 256.3 257.9 259.6 254.8 248.3 251.2 261.4 262.8 268.8 275.9 282.4 286.4 287.8 289.7 290.1 290.3 290.7 290.8 294.7 296.1 298 300.2 302.3 305.5 309.8 315.9 329.1 346 355.1 356.7 354.3 349.1 343.2 335.4 322.6 310.6 300.4 289.6 279.5 269.4 261.3 255.3 251 248.9 246.9 246.6 244.4 242 239.8 237.8 236.7 235.4 234.8 232.8 228.6 227.1 226 236.6 231.9 229 227.6 226.8 228.5 229.2 225.8 228.3 230.9 236.3 236.7 237.3 238 238.7 239.9 240.5 241 241.4 241.5
253.7 253.9 255.2 255.1 248.4 248.3 251 260.3 266.3 271.5 276.7 277.4 282.9 284.3 284.2 283.6 288.7 292.2 294 294.4 295.3 296.9 299.9 303.4 307 311.8 319.1 330.4 345.7 354.7 355.5 353.5 350.1 344.1 334.7 322.7 312.7 299.7 286.8 275 265.1 257.7 251.9 248.7 246.3 243.5 244 242 239.8 237.9 236 234 233.5 235.5 228.8 232.2 233.2 227.4 232.2 231.7 229.6 226.9 226 227.7 228.3 226.5 228.9 233.7 236.3 236.3 236.7 237.2 238.2 239 240.2 241 240.9 241.1
249.3 250.6 251.1 245.6 244.3 251.9 259.8 266.2 268.5 266.9 270.7 275.5 275.9 282 284.6 287.6 290.1 289.8 290.7 292.3 292.8 296.4 300.6 303.9 308.2 313.2 320.5 332.1 345.9 353.3 353.3 353.2 351.6 342.5 335.2 324.7 310 295 282 269.8 259.3 253.1 248.5 246.3 243.5 240.9 240.7 239.2 237.7 235.9 234.7 232.5 231.1 235.9 226.6 234.2 233 225.1 227 223.2 225.1 223.9 226.1 226.5 224.6 227.6 232.4 233.9 236.4 237 237.5 237.7 238 238.5 238.6 238.5 239.7 239.7
248.6 246 242.8 242.2 250.9 259.6 264.6 269.8 270.9 271.7 274.3 277.1 277.6 283.1 286.1 288.2 287.2 286.2 287.3 289 291.1 295.4 299.9 304.3 308.7 314.4 323.9 335 347.6 351.6 352.2 350.4 346.5 341 333.9 322.6 304 288.8 275 263.6 255 249.1 245.8 243.6 240.2 238.1 237.8 236.4 235 233.7 231.9 229.8 227.6 225.9 227.6 229.6 223.7 227.3 227.2 221.8 222.1 223.4 222.7 224.3 227.4 231 233.2 233.4 234.7 236.6 238.5 238.6 238.8 238.9 238.6 238.6 238.4 238
246.1 241.8 240.9 249.5 258.6 263.3 267.9 270.4 271.6 271.3 274.5 276 276.5 281 282.3 281.9 282.1 282.8 284.2 286.5 290.8 295.1 299.6 304.2 310.8 317.1 325.4 338.9 347.8 351.7 352.3 349 344 337.1 329.6 314.5 297.1 280.9 266.6 257.1 250.6 245.3 241.1 238.9 237.6 235.8 235.7 234.2 232.9 231.6 231.3 228.6 227.5 225 223.4 222.2 225.4 221.2 219.9 221.4 222.6 225.4 225.5 227.6 231.6 231.5 232.8 234.4 235.7 238.2 239 239 237.9 238.6 238.8 239.2 239 238.3
242.3 238.1 246.1 257.1 261.3 266.2 268.9 270.1 271.4 271.5 273.7 276.5 277.9 274.7 277.3 278.6 279.5 280.6 282.7 286.4 290.8 295 299.6 304.8 312.3 318.6 328.6 339.8 350.1 356.4 353.1 347.7 339.8 330.3 320.3 304.4 286.6 270 258.5 251.4 245.9 241.4 237.8 235.5 234.3 233.2 233.6 232.6 231.5 230.3 231.2 227.4 224.8 223.2 222.2 221.1 220.4 220.5 219.8 220.9 222.5 224.8 227 227.8 229.5 229.2 230.4 233.1 235.5 236.8 236.7 235.3 234.9 236.2 237.9 238.9 238.1 237.5
238.7 244.8 253.1 258.4 262.3 266.7 269 270 270.8 271.5 273.2 275.3 276.3 274.2 275.4 275.7 277.7 279.2 281.9 286.3 290.8 295.1 300.3 307.5 314.6 323.3 330.6 339.7 353.8 355.5 351 343.7 333.9 323.1 307.1 289.9 273.9 261.3 252.8 245.7 241.2 237.5 234.6 233.1 231.9 230.9 231 231.2 230.2 228.9 226.7 224.8 223.4 223 224.6 219.8 218.9 219.3 219.7 221.1 222.2 223.8 225.4 226.9 228.3 227.7 229.9 229.8 229.1 230.2 231.6 230.6 231 233.5 234.5 237.4 237.3 236.7
235.6 248.9 257.2 261.5 263.7 265.2 268.8 270.2 270.8 271.1 272.5 274.7 275.9 273.9 275.5 274.1 276 278.8 283.1 287.3 291.5 296.5 302.9 310.5 320.5 326.1 330.5 339.7 349 350.7 344.6 336.6 326.4 308.2 292.3 275.9 263.8 253.5 246.8 240.5 236.2 234.2 233.2 231.3 229.9 228.9 229.8 229.6 228.5 227.7 226.4 224.9 224.2 227.2 219.4 219.2 218.5 218.7 220.1 221.7 224.2 224.1 226.2 228 227.2 226.7 226.5 226 226.4 227.2 227.8 231.9 230.9 230.8 234.1 234.9 235.3 236.4
241.3 251.7 259.7 264.8 265.4 266.7 269.7 271.6 272.8 270.5 272 274.5 274.8 274.2 273.6 273.2 275.4 279.7 284.2 288.6 293 299.4 306 315.3 322.9 326 329.9 337.8 341.7 338.7 333.6 324 308.2 293.5 279.6 263.1 254.3 245.7 241 236.5 233.3 231.4 230.7 229.6 228.2 227.5 227.4 227.2 227.1 227.2 225.3 221.9 223.8 219.8 218 217.3 218.4 218.7 219.6 221.1 222.4 223 224 224.8 224.1 224.4 225.1 226.1 226.4 227.1 227.6 229.7 230.7 231.4 233 234.7 235 236.1
246.8 254.7 262.7 266.9 268.4 270.4 270.4 272.8 274.9 273.4 269.8 272.6 273.3 273.1 272.3 272.1 275.7 281 285.4 289.8 295.3 301.4 309.7 320 323.4 325 325.2 326.7 328 324.6 316.2 305.3 293.1 279.4 263 254.7 247.2 241.5 236.7 233.7 231.8 229.6 227.8 227.8 226.9 226.3 225.7 224.7 223.9 224.7 223 221.4 224.9 217.1 216.7 219.7 220.1 219.1 220.2 220.7 221.3 222.6 223.3 223.3 223.5 225 226.3 228.8 228.9 229.1 230.6 232.7 233.8 233 234.7 235.7 235.3 236.2
249.3 256.8 265.4 271.8 274.5 274.6 273.2 272.5 273.9 273.7 269.7 270.3 271.6 271.7 270.5 271.4 276.5 281.7 286.2 290.8 297.4 304.6 314.7 321 323.1 322.8 319.2 313.7 313.2 308.1 301.6 292.6 277.8 263.1 255.1 247.3 242.5 237.1 234.1 231.6 230.4 228.8 226.3 225.1 225.5 224.8 223.8 222.8 221.6 220.9 221.1 219.9 218.1 216.7 219.3 221.8 221.1 219.2 219.2 220.8 221.5 223.3 224.1 224.3 224.6 226.5 227.6 230.2 231.6 230.9 231.9 234.1 234.9 232.6 235.2 235.8 235.8 237.4
251.2 260.1 269.1 275.6 278 278.2 275.3 272.4 272.3 272 269.6 267.9 268.9 267.9 269.1 271.3 277.3 282.5 287.2 293.1 299 307.1 315.1 320.8 322 317.1 308.5 301.3 294.7 291.5 285.2 275.4 262.6 254 247 242.3 237.4 234.2 231.6 229.6 228.6 227.1 225 223.4 222.6 223.2 222.3 221.4 220.8 219.4 219.9 218.4 216.4 218.2 220.5 221.1 220.9 220.3 220.1 221.2 223.1 223.2 224.7 226 226.1 229.2 231.1 230.2 231.8 232.6 233.5 235.9 238 235.5 235.1 236.5 237.6 238.1
254.8 263.3 270.5 274.7 276.6 278.1 275.3 271.2 270.1 269 268.6 266.6 266 265.5 268.6 271.1 277.3 283.9 289 293.9 301.3 308.8 316.3 318.8 313.7 306.1 297.9 289.6 279.1 273.8 260 259.3 251 245.6 241.9 237.7 235 232.3 230 227.9 226.4 224.9 223.4 222.3 221.9 221.6 220.7 220.3 220.4 218.6 218.4 216.9 216.8 218.9 220.7 220.9 220.6 220.1 220.9 223.8 224.4 225.3 224.9 228.8 231 233.4 234.5 231.8 233.5 235.8 236.7 238.1 240.3 238.1 235.9 238.6 239.2 238.9
259.3 265.3 271.5 273.6 275.9 276.6 272.8 269.3 267.9 266.6 265.2 262.9 262.5 265.5 267.7 271.7 277.9 283.9 288.7 296.1 303.5 309.5 311 309 302.9 296.3 288.4 278.8 267.5 260.8 254 247.3 242.8 239.1 237.2 234.8 232.8 230.4 227.8 225.4 223.8 222.3 221.2 219.7 220.5 219.6 219.5 218.6 217.8 217.1 216.8 216.2 220.7 224.5 221.7 220.3 220.5 220.8 224.4 225.8 225.5 223.8 225.6 229.7 232.9 235.7 235 233.8 235.1 236.9 237.6 239.6 239 236.4 239.3 240.8 239.3 238.8
257.2 262.8 268.1 269.6 270.5 270.3 268.7 266.1 264.4 262.9 261.6 258.7 259.9 264.7 269.2 272.5 277.7 283.5 290.9 298.9 304.8 305.2 303.4 299.5 294.5 287.6 278 267.3 257.5 250.3 244.5 240.3 238.3 236.4 233.8 232.1 230.7 228.1 225.5 222.8 221.4 220.1 219 217.8 217.7 218.1 218.4 218 216.1 216.5 216.9 219.1 222.4 226.4 222.5 220.8 219.9 223.7 228.2 229.4 227.8 224 225.9 230.5 234.6 236.7 235.9 235.9 237.3 239.4 239.8 238.9 237.7 238.1 240.6 241 239.5 239.9
250.6 256 260.4 263.3 263.4 264 263.7 261.8 259.7 258.6 253.8 257.2 260.3 264.8 269.7 274 278.6 284.7 291.8 300.1 302 299.7 295.9 290.2 285.1 278.3 266.1 256.2 249.1 244.6 240.3 236.1 235 233.9 232.6 231.1 228.5 225.4 222.4 219.9 218.7 218.1 217.4 217.2 217 217.6 218.7 217 215.9 215.7 217.5 219.1 222.1 222.8 221.3 221.1 222.1 229.7 231.1 228.2 225.4 224.7 228.6 231.4 236.7 237.5 237.8 239.2 239.7 241.3 239.8 239 239.3 237.1 238.6 239.3 239.8 241.2
242.5 248.6 253.9 256.9 258.4 258 258.2 257.2 254.9 250.2 255.8 256.7 260.5 266 269.6 275 281.4 287.6 297.2 301.4 301.6 297.1 290.5 282.8 275.4 265.8 255 248.8 244 238 235.8 234.6 231.9 230.7 228.8 226.5 224.4 221.9 220.6 218.1 217.4 217.2 217 216.7 216.6 219.7 217.6 217.7 215.7 216.3 218.3 220.1 220.1 221 219.4 219.3 223.4 228.4 228.1 225.9 224.6 226.4 230.1 233.4 238.7 242.1 242 242.8 242.1 241.8 241.3 239.5 238.1 237.9 237.9 239.3 241.1 244
234.4 240.4 245.1 249.5 251.6 251.5 251.8 251.6 250.2 240.2 252 255.6 261.8 267.7 270.5 277.4 284.2 293.6 301.8 303.3 299.9 292.6 284.2 275.5 266.8 257.4 249.8 244.1 239.5 235 233.7 232.4 229.2 228.5 225.9 222.8 222 220 218.4 218.4 217.8 216.9 216.7 216.1 216.1 218.2 219.6 217.8 215.3 216.8 218.2 218.1 218.8 218.8 219.4 222.5 223.5 226 226.7 225.9 226.3 229.3 233.2 237.7 241.7 244.8 245.8 244.8 243.2 240.5 240 239.2 238.8 239.2 239.5 241.6 244.1 247.7
227.9 231.4 236 239.9 244.1 245.3 246.2 246.1 245.4 245.6 250.8 255.6 262.9 267.6 271.1 280 288 301.6 308.2 303.7 296.4 287.3 278.7 270 260.7 251.5 244.4 238.9 234.6 234.4 230.6 228.5 226.2 225.4 224.2 223.1 223.3 220.6 217.9 217.5 216.4 215.7 215.2 215.5 215.9 217 218.5 216.7 214.8 216.3 217.2 217 217.5 218.3 224 224.5 226.9 228.5 229 229.7 233.5 236.4 239.5 243.3 244.8 246.4 247.2 245.2 243.6 240.7 239.3 239.1 239.8 240.3 242.3 244.6 248.2 251.6
225.7 226.9 229.2 231.3 236 238.2 239.3 242.1 235.8 245.3 250.3 255.6 262.9 267.9 274.2 282.1 288 296.7 300.3 295.7 289 281.5 273.1 264.1 254.6 245.6 238.9 233.9 232.1 230.3 228.2 227.6 227.8 227.4 227.5 224.4 222.8 219 217.4 216.3 215.6 215.1 215.2 215.5 214.6 216.9 217.3 215.6 214.7 215.9 216.9 217.4 217.4 218.5 224 224.8 226.9 228.8 231.8 237.1 238.9 241.4 244.7 247.2 248.5 248.7 247.7 245.1 242.6 239.8 239.6 240.3 241.2 242.1 244.9 248.6 252.3 253.7
223.9 225.4 225.7 226.7 228.7 231 232.7 235 235.7 242.5 247.7 254.7 263.9 267.9 276.1 280.3 283.2 288 291.3 289.1 282.9 275.9 266.5 256.9 249.4 240.9 238.8 238.5 235.2 233.1 232.8 233.7 234.9 235 229.2 225.8 220.7 218.3 217.2 215.8 215.8 215.4 215.5 214.7 214.5 215.3 217 214.6 214.6 215.8 216.7 217.2 217.7 221.3 223.3 223.8 226.4 229.2 234.2 240.2 242.4 244.6 247.7 249.6 250 249.8 247.3 243.9 241.4 240.3 240.2 241.2 243 243.7 248.7 252.1 253.4 254.7
222.3 223.6 224.6 225.7 225.8 227.2 229 229.2 232.9 237.9 243.2 251 260 267.6 273.5 275.5 276.7 280.2 285.2 282.4 276.8 267.1 261.3 259 253.1 256.5 261 256.1 254.7 250.1 245.4 242.4 238.2 232.2 227.3 224.6 221.2 218.6 217.3 215.6 215.8 215.8 214.6 215.1 214 214.7 214.2 214 214.5 215.7 216.5 216.9 217.4 221.4 222 224.1 227.3 230.5 236.3 242.5 245.5 247.2 249.4 250.3 249.5 247.6 244.9 242.5 241.7 241.7 241.8 243.5 245.8 246.9 248.5 252.3 254.4 254.9
223.6 221.2 222.8 223.3 224.2 225.3 225.7 227.9 228.7 231.2 239 245.1 254 264.5 268.9 270.1 270.6 273.3 275.5 273.2 267.5 258.3 251.4 253.5 254.3 263.6 261.3 264.1 260 254.3 248.8 239.2 234.3 231.1 226.6 222.4 219.5 218.4 216.6 215.8 215.9 215.1 214.4 214.7 213.8 213.5 213.4 214 215 215.7 216 216.4 217.6 220.5 221.2 223.1 225.5 230.6 237.1 244.5 248.7 250 250.4 250 247.9 245 243.1 242.7 242.6 242.9 244.6 247 250.1 252.3 250.3 251.4 254.3 254.5
230.6 225 223.5 222.5 223 223.8 224.7 225.4 226.6 227.5 234.4 240.7 249.5 256.7 264.8 265.9 266 267.2 267 262.5 254.6 247.5 246.1 247.4 251.1 256.3 254.7 259.9 260.3 253.2 243.2 235.1 231.9 229.3 223.8 220.5 218.4 217.6 217.4 216.1 215.4 215.3 215.1 214.2 213.6 213.4 214.8 214.6 214.8 215.6 216 216.1 217.5 218.8 220.8 222.5 225.5 230.6 238 244.8 249.1 249.9 250 248 245.5 243.8 243.9 243.9 244 246 247.8 251.2 254.1 254.6 252.8 252.2 253.6 253.9
233.3 230 226.7 223.6 222.2 222.9 222.7 224.4 225.1 226 229.7 236.8 245 248.3 253.4 262.8 262.4 262.5 257.6 251.9 245.4 244.5 246.1 249 253.3 252.9 249.5 257.3 253.5 248.8 239 231.3 227.8 225 221.6 219.1 218.1 217.2 216.6 214.9 215.4 215.3 215.4 214.6 213.4 213.3 214.3 213.7 214.3 215.3 215.7 215.9 217.6 219.1 220.2 222.7 225.5 233 240 245.2 248.3 249.1 248.2 245.5 243.9 244.5 245.1 245 246.5 248.6 251.7 254.2 254.7 254.2 253.5 252.8 253 254
233.7 233.9 229.2 229 223.5 221.5 221.6 221.5 223.3 225.5 226.8 232.7 239.6 241.6 245.5 252.4 253.6 250.8 248.3 245.3 244.2 248.2 255.5 260.2 259.5 246 247.6 247.3 250.9 247 236.2 232.5 228.3 223.3 220.6 219.2 218.2 216.9 216.3 215.7 215.2 215.1 214.5 214 213.4 213.9 213.8 213.7 214.3 215.1 215.3 216.5 217.8 219.3 220.3 222.9 227.5 234.8 242.2 246 247.3 247.9 246.2 245.1 246.2 247.3 247.3 247.7 250.1 252.4 255.5 256.1 254.6 253.9 253.1 252.5 252.9 253.8
237.2 234.6 229.8 243.2 240.7 226.7 221.8 220.4 220.8 222.5 225.1 229.5 236.9 236.8 240.7 245.5 243.8 239.5 246 252.7 253.8 255.6 259.4 258.3 252.1 242.8 244.6 247.6 251.1 246.5 243.1 235 227.5 222.5 219.9 218.4 217.4 216.8 216.5 216 215.8 214.8 214.1 214.1 213.2 214 213.3 213.8 214.2 214.8 215 216.1 217.9 219.1 219.1 221.5 228.4 237.3 242.4 245.5 246.9 246.3 246.9 247.5 248.2 249.1 249.8 251.2 253.6 256.4 257.6 256.3 254.5 253.7 253.2 253.4 254 256.6
