WholeMapElevations/data/tq/tq66_OST50GRID_20230518/TQ66.asc
ncols 200
nrows 200
xllcorner 560000
yllcorner 160000
cellsize 50
[rows 35 to 69 of 200, columns 80 to 159 of 200]
88 87.2 86.3 83.7 81.1 79 76.4 74.1 76.6 79.3 81.1 83.1 84.4 84.7 85.1 84.9 84.5 84.3 83.6 82.8 81.8 83.4 85.4 87.3 89.9 91.1 91.2 90.8 91.1 91.1 92.2 94.1 94.2 95.9 96.7 97.6 98.3 98.4 98 97.2 96.9 96.6 97.6 99.2 100.4 101.2 103.7 106.7 109.3 109.6 108.9 108.1 107.4 107.5 107 106 104.6 104.2 105.1 105 103.5 103.1 102.7 101.9 102.6 101.7 102 101.9 102.7 101.9 101.1 100 99.5 99.1 99.6 100.6 101.8 101.4 101.1 101.4
88.7 88.3 87 84.9 82.8 80.7 77.9 75.4 78 80.2 82.1 84 85 85.2 85.2 84.8 85 85.3 85.6 84.9 84.1 83.3 84.6 88.3 90.1 91.5 91.9 92.2 93.4 92.8 93.7 94.5 95.4 96.5 97.3 98 98.4 98 97.6 97 96.2 96.4 97.8 98.9 100.1 101.3 103.6 106.1 108.5 108.4 107 106.3 105.5 104.7 104 103.3 102.1 102.1 102.3 102 101.7 101.3 100.9 100.3 100 99.8 98.6 99.6 98.3 98 97.6 96.9 96.1 96.2 96.7 96.7 98.2 98.2 99.3 100.3
89.1 88.4 87.3 85.5 83.7 81.6 78.2 76.7 79.2 81.2 83.1 84.5 85.7 85.4 85.4 85.7 85.7 85.6 85.5 85.2 85.2 85.1 85 87 88.9 90.9 92.6 93.9 94.9 95.2 95.5 95.6 96.4 97.5 98.1 98.5 98.3 97.2 96.9 96.4 95.9 96.9 98 99.2 100.3 101.5 103.8 105.9 107.7 107.6 106.3 105 103.7 102.7 101.6 100.6 99.6 99.2 99.6 100.2 99.9 99.5 98.3 97.3 97 96 95.1 94.1 94.3 93.8 93.5 93.2 92.8 92.7 92.5 92.5 93.8 96 98.7 98.4
88.4 88.3 87.2 85.9 84 82.4 80 77.7 79.5 82.3 83.9 85.5 86.5 86.3 86.3 86.3 86.4 86.4 86.5 86.7 87 86.9 86.2 86.2 88 91.3 94.1 95.1 95.7 96.1 96.9 97.1 97.9 98.9 98.9 99 98.1 96.6 95.7 95.2 96.3 97 98.2 99.6 100.6 101.7 103.6 105.4 107.1 106.9 105.5 104 102.5 101 100.5 99.5 98.5 97.9 97.6 98 97.9 96.4 95.3 94.3 93.5 91.8 90.8 91.7 90.4 89.4 88.5 87.6 87.3 87.6 88 88.3 92.2 94.9 96.5 96.5
87.5 87.6 87.1 86.2 84.7 82.5 78.9 77.6 79.5 82.6 84.9 86.4 87.3 87.9 87.6 87.6 87.7 87.7 87.8 88.1 88.3 88.2 88 86.9 87.7 89.7 93.4 95.4 96.5 97.1 98 98.6 99.4 99.6 99.3 98.2 97.6 97 96.3 96.1 96.7 97.2 98.4 99.8 101 102 103.2 104.9 106.5 105.8 104.4 102.9 101.2 99.4 98.3 98.1 97.5 96.8 95.9 95.8 96 94.5 92.4 91.1 88.9 88.3 87.2 86 86.2 85.2 84.3 83.4 82.3 82.2 82.6 85.4 90 93.7 95.1 94.5
87 86.6 86.4 86.2 84.6 82.3 78.6 78.1 79.3 82.8 84.7 86.5 88 88.4 89.1 88.9 89 89 89.2 89.3 89 88.9 88.9 87.8 87.3 89 91.6 94.9 96.5 97.6 98.8 99.1 99.2 99.1 98.5 97.3 96.2 95.6 95.7 96.5 97 97.4 98.7 100.1 101.3 102.3 102.9 103.6 105.2 104.8 103.2 101.6 99.9 98.2 96.4 95.7 95.2 94.4 94.1 93.9 93.9 92.6 89.9 87.4 85.6 84.9 83.7 82.4 81.1 80.7 80.1 79.3 77.8 77.5 78.2 82.6 86.7 89.4 91.7 91.7
86.9 86 85.2 84.5 84.1 82.2 81.4 80.5 80.4 81.4 83.5 85.4 88.1 88.7 89.3 90 90.2 90.4 90.2 90 89.7 89.6 89.5 88.2 87.2 88.2 90.4 92.7 94.5 95.9 96.9 97.6 97.6 97.3 96.7 96 95.1 94.5 95.4 96.3 97.3 97.6 99 100.4 101.4 101.7 102 102.5 103.3 103 101.9 100.4 98.8 97.1 95.4 93.7 93 92.8 92.3 92.1 91.8 90.4 87.9 84.7 82.5 81.3 80.1 78.9 77.6 76.2 75.9 75.3 73.3 72.8 74.4 78.5 82.3 84.9 87.4 88.6
87.1 84.4 85.1 84.9 83.9 81.6 81.8 83 84.9 85.6 85.8 86.4 87.9 88.9 89.6 90.1 90.7 91 90.9 90.7 90.4 90.3 90 89 87.7 87.9 89.5 91.3 93.2 94 94.6 95.5 95.1 94.3 94.3 94.2 93.7 94.3 95.3 96.3 96.6 97.5 99.8 101.2 101.2 100.9 101 101.1 101.7 101.6 100.7 99.7 98 96.4 95.2 93.1 91.1 90.3 89.5 89.3 88.7 87.5 85.3 81.1 79 77.6 76.2 75 73.7 72.7 71.8 71 69.3 68.7 71.3 73.7 77.5 80.4 83 84.8
88 86.9 86.4 86.4 84.1 82.4 83.3 85.6 86.4 86.4 85.4 85.8 87 88.6 88.8 89.2 90.2 90.9 91.1 91.2 91.2 91 90.6 89.9 88.7 88.2 88.7 89.2 91.3 92.2 92.9 93.7 93.4 93.5 94.2 93.4 93.2 94.1 95.1 96.2 97.1 98 99.2 100.9 101 100.9 100.7 100.8 100.7 100.4 99.5 98.7 97.3 96.1 94.9 92.5 89.8 87.5 86.7 86.1 85.3 84.1 81.9 78 75.7 74.4 72.8 71.2 69.9 68.9 69.2 66.9 64.8 65.3 68.3 69.9 72.7 75.6 78.5 80.2
88.5 87.4 87.2 86.2 83.8 83.6 85.7 87.4 87.4 87.3 86.9 85.2 85.7 88.7 89.5 90.7 91.7 92.1 88.8 91.7 91.3 91.4 91 90.7 89.4 88.8 89.3 89.6 90.6 89.8 91.4 92.9 93.1 93.3 93.1 92.6 93.2 93.8 94.9 96 97.2 98.2 98.7 100.1 99.5 99.5 99.5 99.9 99.8 99.2 98.3 97.6 97.1 96 94.9 92.4 90.6 88.4 85.7 82.9 81.4 80.3 78.3 74.7 72.6 71.4 69.8 68.2 66.5 65.3 64.9 62.5 60.7 61.7 64.4 66 68.4 71.1 74 75.6
89.1 88.1 87.4 85.9 84.2 84.6 86.7 88.4 88.4 88.4 87.4 86 86.2 88.8 90.2 91.3 92.2 92.8 93 93.3 92.6 91.8 90.6 91.4 90.1 89.6 89.9 89.9 90.6 90.1 90.6 91.9 93 93.2 92.2 92.9 93.8 94.3 94.9 95.7 96.9 97.8 98.4 99.1 98.4 98 98.2 98.8 98.8 98 97.3 97.1 96.7 95.8 94.9 93.2 91.4 89.5 87 84 80.9 78.1 75.8 73.5 71.7 69.7 67.7 66.1 64.3 62.4 60.8 59.9 57.3 58.1 60.3 62.1 64.2 67.6 69.9 71.6
90.2 89.2 88.1 86.5 84.6 85.9 87.7 89.2 89.2 89.3 88.6 86.8 86.4 88.7 89.9 91.3 92.4 93.5 93.6 93.7 93.6 93 92.8 91.5 91.1 90.7 90.3 90.3 90.1 89.7 91.6 91.7 92.7 92.7 92.5 93.4 94.3 94.9 95.4 96 96.6 97.3 98 98.1 97.3 96.6 97 97.5 97.6 97 96.5 96.7 96.3 95.6 95.1 93.4 91.8 90.2 88.3 85.4 82.6 80.6 77.6 76 74.3 71.9 70.4 67.8 65.1 65.7 67.1 69.4 71.7 72.7 71.2 67.6 64.3 63 65.2 66.9
91.7 90.7 88.6 86.9 85.5 86.8 89.4 89.7 89.8 89.6 89.4 88 87.4 89.3 90.5 91.2 92.2 93.1 94 94 93.6 93.4 93 92.9 92.6 92.1 91.6 91.1 90.4 90.5 92.1 92.4 92.5 93 93 93.8 94.6 94.6 95.1 95.7 96 96.4 97 96.8 96.1 95.8 95.3 96.2 96.3 96 96.1 96.2 96 95.7 95.4 93.8 91.9 90.3 88.6 87.1 84.6 82.5 81.9 81.9 76.7 76.2 78.4 77.1 76.7 74.5 69.5 65.3 59.3 54.7 52.2 52.9 56.6 59.2 60.9 62
92.9 92.1 89.4 87.4 86.5 86.9 89.2 91.1 90.6 90.7 89.4 89 88 89.2 91.3 92.1 93.1 93.1 94.4 94.2 94 93.8 93.4 94.1 93.6 93.1 92.5 92.3 93.3 93.7 93.5 90.9 93 90.3 93.3 93.6 94.7 94.5 94.8 95.5 95.5 95.7 95.9 95.2 94.7 94.2 93.7 94.7 94.9 95.2 95.7 96 95.6 95.6 91.1 81.9 80.6 82.6 89.1 87 85.7 85.3 87 88.2 87.5 85.8 84.2 82.1 80.2 75.7 73.5 69.4 61.7 56.6 51.8 50.6 51.4 54 56.4 57.5
93.6 92.7 90.9 87.9 85.9 87.9 90.6 91.6 91.5 91.6 90 88.9 88.7 88.8 91.3 93.4 94.6 94.2 94.4 94.5 94.8 94.9 95.2 95 94.5 94 93.5 94 94.5 94.2 94.1 93.2 93.5 94 94.6 94.9 95.4 91.9 89.8 90.1 93.3 94.8 94.7 93.5 92.9 91.8 85.7 85.1 85.2 91.4 96.3 95.7 95.4 95.3 94.3 93.5 92.3 90.2 90.2 88.5 87.5 87.9 89.2 90.3 89.7 87.4 86.1 84.7 81.4 77.5 77.2 73.1 66.1 59.2 53.1 49.1 48.8 48.6 50.8 52.5
94.3 93.3 89.6 88 86.7 87.8 91.1 91.7 92.7 92.5 91.1 90.7 90 90.4 91.7 93.7 94.4 95.3 96 96.4 96.8 96.4 96.5 95.9 95.4 94.9 95.1 95.2 95.4 95.1 94.9 93.5 93.8 94.3 94.8 95.2 95.2 95.5 95.9 95.4 94.9 94.6 93.6 92.2 90.7 89.7 89.6 90.6 91.5 92.8 94.1 93.9 94.3 95.1 93.8 93 91.2 90.7 90.9 89.9 89.3 89.7 90.1 90.3 90.6 88.4 85.8 84.3 82.3 78.9 78.9 75.8 68.7 63.6 57.2 51 47 45.8 45.5 46.9
95 93.6 90.1 89.2 88.7 88.4 90.9 92.9 93.6 93.4 92.7 91.8 90.8 91.8 92.4 93.9 94.8 96.7 97.3 98 98.7 98.3 97.4 96.8 96.3 96.3 96.3 96.7 96.3 96 95.6 94.5 94.9 95 95.2 95.5 95.8 96.1 96.3 95.8 95.2 94.8 93.7 92.3 89.2 87.2 87.6 87.9 89.2 90.5 91.5 92.1 92.7 93.4 92.3 91.8 91.4 91.2 91.7 91.3 91.2 91.6 90.8 90.1 89.6 88.1 84.7 82.8 81.1 78.3 76.4 73.6 70.6 66.3 62.5 55.9 48.9 46 43.9 42.8
96.6 95.2 91.3 90.6 90.2 89.4 90.6 93.3 94.3 94.4 94.4 93.1 92.2 91.9 94 94.5 96.2 97.7 98.7 99.4 100.1 99.9 98.3 97.7 97.3 97.5 97.5 97.6 97.2 96.9 96.5 96 96.3 96.4 96.4 96.3 96.3 96.7 96.7 96.2 95.6 95.1 93.9 92 88.7 86 83.9 84.5 86.3 87 87.3 88 89.1 89.8 91 90.3 90.6 90.9 91.8 92.6 91.8 91.4 89.6 88 86.6 85.2 83.8 81.5 79.5 77.3 74.9 72.3 69.3 66 62 57.9 53.8 50.3 46.5 40.8
98.5 93.9 92.2 92.7 92.8 91.6 90.6 92.4 95.5 95.5 95.6 95.2 93.9 93.4 94.3 96.4 97.3 98.6 99.7 100.8 101.4 101.4 99.6 98.6 98.6 98.7 98.9 98.5 98.1 97.7 96.8 96.1 97.6 97.4 97.4 97.3 97.2 97.2 97.2 96.6 96.1 95.2 94 92.3 89.9 86.2 83.5 81.4 83.2 83.4 83.5 84.9 84.9 85.8 87.1 88.5 89 89.6 89 88.4 86.9 86.3 85.8 85 83.5 82.1 80.8 79.6 77.9 75.6 72.9 69.8 65.8 61.6 58.8 54.5 51.8 49.5 46.1 41.2
98.8 96.2 94.2 95.1 95.2 93.7 92 93.4 97 97.1 97 96.9 95.9 95.6 97.5 97.1 98.4 99.6 100.8 101.9 102.6 102.9 101.7 100.3 99.8 99.9 99.8 99.4 98.6 97.7 96.8 97.1 98.5 98.5 98.3 98 97.9 97.8 97.5 97 96.2 94.8 93.4 91.6 89.5 86.3 82.4 77.4 79.8 79.6 80.1 81 80.6 81.7 83.1 83.6 86.5 86.3 85.1 83 81.8 81.2 81.1 81.8 80.5 79.3 77.5 76.9 75.7 72.9 69.8 66.5 62.1 57.7 54.9 51.3 49.3 46.7 43.6 39.5
99.9 97.3 96.2 96.5 97 95.5 93.9 94.5 96.8 98.9 99.1 98.4 97.7 97.8 99 99.9 98.6 101.1 101.7 102.9 103.6 103.9 104.2 103.5 101.7 101.1 100.4 99.5 98.6 97.9 97.8 98.4 99.4 99.5 98.8 98.1 97.9 97.7 96.8 96.1 95.3 94.1 92.6 90.3 87.2 83.6 80.6 76.7 75.1 75.1 77 77.1 76.5 77.1 77.5 78.4 80 79.7 77.6 75.7 75.4 76.2 76.4 77.3 77.3 76.4 75.3 74 72.8 70.3 67.2 63.6 60.1 56.1 51.9 48.2 45 41.8 39.5 37.4
101.4 98.8 97.7 98.6 98.6 98 95.3 95.4 97.5 100.1 100.3 101.1 100 99.8 100 100.6 101.5 101.9 102.7 104 104.7 104.8 104.9 104.2 103.6 102.2 100.7 99.5 98.9 98.7 99.1 99.8 100.4 100.2 99.6 99.2 98.2 97.3 95.6 95.1 93 91.3 89.4 86.4 84.6 81.6 81.7 79.9 77.7 72.2 71.6 72.2 72 71.6 73.4 74.3 74.5 74.4 72.9 70.8 71.5 71.6 73 74 73.7 72.3 71.5 70.9 69.9 67.5 64.4 60.9 57.4 53.4 49.1 45.4 42.2 39.2 37.4 39.3
102.8 100.3 99.2 100.3 101 100.1 98 96.9 97.9 100.9 101.7 102.4 102.4 101.4 101.5 101.6 102.7 103.8 103.7 104.3 105.4 105.8 105.8 105.4 104.5 103.5 102 100.5 100.2 100 100.4 101 101.5 101.9 100.6 100.3 99.4 97.8 95.5 93.3 91.4 89.5 88.2 87.5 87.6 87.7 86.6 83.6 80.5 77.4 74.1 69.7 68.2 67 66.7 66 65 65.7 65.1 67.3 67.5 67.6 67.8 69.2 69.5 67.5 66.6 66.3 65.7 64.4 61.6 58.3 54.8 52.3 48.2 43 39.1 37.7 38.9 43.2
103.3 101.7 100.7 101.8 103 102.6 100 97.9 98.7 102.1 103.3 104.1 104.1 103.7 103.6 103.5 103.5 105.3 105.3 105.7 105.7 106.6 106.9 106.2 105.3 103.8 102.8 101.9 101.6 101.4 101.6 102.1 102.5 102.6 102.4 101.5 99.6 97.6 95.3 94.5 93.5 93.1 93 92.7 91.8 91.9 90 86.8 83.4 79.8 75.2 73.2 73.7 72.8 70.7 68.6 66.5 62.4 61.5 60.2 60.5 60.3 62.3 63.5 63.1 61.8 61.1 60.5 61.2 60.1 58.1 54.9 51.4 49.6 45.8 41.2 39.3 38.8 44.3 49.6
104.8 102.8 102.2 103.3 104.2 104.2 102.3 100.1 99.8 102.7 104.1 105.8 106.2 106.1 105.4 105.4 105.4 105.9 106.5 107.3 107.5 107.8 108 106.9 105.7 104.6 103.9 103.3 103 102.8 102.7 102.6 102.6 102.7 102.7 102.1 99.9 97.7 97.1 97.5 97.9 98.2 98 95.9 95.1 92.9 90.8 87.6 83.3 78.7 76.8 78.7 78.7 77.4 76.6 73.8 71.2 68.2 65.2 62.2 57.8 56.6 55.7 55.6 57.8 54.5 53 53.2 55.3 55.7 53.7 51.2 48 44.9 41.3 40.4 40 40.6 47.4 52.3
106.5 105 103.5 104.3 104.7 105.2 103.2 100.6 100.5 102.4 104.2 106.5 108.1 108.1 107.4 107.2 107.2 107.8 107.7 108.5 109.2 109.2 108.7 107.7 106.6 105.6 104.9 104.6 104.1 103.9 104.2 103.9 103.6 103.3 102.9 102.5 101.1 99.8 99.5 99.7 100.4 101 100 98.1 96 93.9 91.8 88.1 82.2 80.4 83.8 85.8 83.8 82.8 83.3 78.9 75.6 72.4 69.2 66.4 63.4 59.5 55.1 54.5 56.1 53.7 50.7 48.8 49.5 50.6 49.1 46.3 43.5 41.6 40.3 40.6 41.3 42 48.2 53.3
106.6 105.5 104.9 105.5 106 106.6 104.8 102.3 102.5 103.9 105.4 107.7 109.6 110.1 109.5 110.3 110.9 110.3 109.8 109.6 109.8 110 109.4 108.6 107.5 106.6 106.1 106 105.2 105 105.2 105.6 105.2 104.9 104.6 104.5 103.3 101.9 101.9 102.2 101.5 101.6 101.1 99.1 97 94.9 91.9 86.2 83.9 87.2 90.9 90.5 89.8 87.9 87.5 86 82.9 78.7 75 71.7 69.2 66 63.4 60.7 58.1 55.5 55.2 49.9 45.9 46 44.5 43 42.1 42.2 42.4 44 42.6 42.7 49.9 55.3
107.2 106.4 106.7 107.3 107.7 107.6 106 104.9 105.2 105.3 106.3 108.7 110.8 111.9 112.2 112.5 112.8 112.7 111.8 110.9 111.1 111.2 110.8 109.5 108.3 107.8 107.6 107.3 106.4 106.2 106.3 107.2 106.9 106.5 106.4 106.4 105.4 104.3 104.2 103.5 103 102.1 100.8 99.2 97.7 95.1 91 86.5 89 93.3 94.7 94.6 95 93.5 91.8 89.7 87.2 84.9 81.5 79 76.2 72.5 68.4 64.4 60.6 57.4 51.7 46.5 44.2 43.4 43.1 43.4 44.1 43.6 48.6 45.7 43.2 44.7 51.4 58.3
107.9 107.6 108.4 109.2 109.1 108.6 106.7 106.5 107.7 107.6 108.3 110.1 111.8 112.9 113.7 114 114.3 114.2 113.5 112.4 112.3 112.4 112.2 110.9 110.5 109.8 109.1 108.7 107.6 107.3 107.4 108.8 108.5 108.2 108.3 108.3 107.4 106.6 105.9 105.4 105 103.8 101.8 100.3 99 94.8 90.5 91 94 97.7 97.8 98.5 98.4 97.4 96 94.9 93.2 90.7 87.9 83.5 78.2 73.3 68.1 63 57.5 52.7 46.5 44.5 43.8 44.5 46.1 48.1 50.5 50.4 48.7 45.4 44.1 47.6 56.1 61.7
108.7 109 110.2 110.2 109.4 108.9 107.4 109 110.3 110.8 111 111.4 112.6 113.8 114.9 115.3 115.2 115.2 115 114 113.6 113.6 113.6 113.4 113.2 112 110.8 109.8 108.9 108.5 108.5 110 110.1 110.1 110.2 110 109.6 109.3 108.7 107.8 106.8 105 103 100.7 99.2 94.7 93.4 97 99.8 100.1 100.8 101.8 101.6 100.9 99.7 98.8 97.7 95.7 92 85.8 79.6 73.4 67.5 60.1 52.3 46.8 45.2 45 49.2 51.9 54.2 54.5 54.2 51.2 47.2 45.4 46.2 50.2 57.4 63.1
110.4 111.1 112 111.3 110.5 109 109.2 111.5 112 113.1 112.5 113.6 114.6 115.5 116.5 117.3 117.3 117.5 117 115.6 115.4 114.6 115.3 115.2 114.9 113.5 112 111.3 110.5 109.8 109.9 111.3 111.7 111.5 111.1 110.9 110.7 110.5 109.6 108.7 107.5 106.2 104.1 102 98.4 96.1 98.7 100.7 101.8 102.9 103.5 104 103.5 102.5 101.5 100.6 99.8 97.8 92.5 85.5 78.5 72 65.7 57.2 48.8 45.5 47.8 51.8 56.6 57.8 58.2 56.9 52.2 48.1 46.2 46.8 49.6 55.3 59 64.3
111.9 113.4 113.5 113 112 110.5 111.4 112.5 114.9 114.4 114.2 115.1 116.1 117 118 118.8 118.7 118.3 117.7 116.6 116.1 116.4 117 116.8 116.6 115.2 114.1 113.1 113.2 112.3 113 112.8 112.7 112.4 112.2 111.8 111.8 111.8 110.9 109.6 108.3 107.1 104.4 102.6 99.2 98.9 101.5 102.4 103.5 103.6 103.7 103.2 102.1 100.5 98.7 97.7 95.9 93 88.8 81.2 74.5 68.8 62.1 54.3 45.8 46.5 52.9 59.6 62.1 61.2 57.6 52.5 48.4 47.4 49.2 51.9 53.5 58.4 63.2 67.3
114.7 115.6 114.9 113.9 112.9 111.7 112.3 113.8 116.4 116 115.9 116.7 117.6 118.5 119.5 120.2 119.6 119.1 118.6 117.8 117.9 118.4 118.8 118.5 118.2 117.6 116.5 115.4 114.9 114.7 114.6 114.3 114.2 113.8 113 112.7 112.8 112.7 111.9 110.5 109.3 107.6 104.7 102.3 100.3 101.3 102.6 102.8 101.9 100.8 99.8 97.1 95.1 93.1 90.6 89 87 84.6 80.7 76.1 70.6 64.9 58.5 50.2 47.6 52.7 60.1 63.8 61.7 56 51.9 48.9 49.3 51 52.7 55 60.5 62.7 67.3 71.6
116.8 116.9 115.9 114.8 113.8 112.9 114.1 115.8 118 117.6 117.5 118.4 119.3 120.1 121 121.2 120.6 120 119.5 119.4 119.8 120.3 120.6 120 119.8 119.5 119 117.9 117.5 116.8 115.9 115.7 115.4 115.1 114.7 114.1 113.6 113 112.2 111.4 110.1 106.8 103.4 101.7 100.3 100.2 98 96.2 94 90.2 88.1 86.5 84.4 82.7 81.3 79.9 78.3 76.8 73.3 69.1 64.8 59.3 53.9 48.1 47.1 58.6 62.6 60.6 55.8 51 50.3 50.9 52.5 56.1 57.6 62.5 66 69.1 72.4 76.5
118.3 118.9 117.8 116.7 115.6 115 117 117.5 119.6 119.3 119.2 120.1 120.9 121.8 122.6 122.5 122.2 122.2 121.8 121.3 121.8 122.1 122.4 121.9 121.3 121 120.7 120.4 119.2 117.8 116.8 116 115.6 115.3 115 114.5 113.9 113.2 112.4 111.7 110.9 106.3 103.4 100.1 98.1 95.7 90.5 86 79.7 75.2 73.9 73.7 72.8 71.8 71.9 71.3 69.9 69 67.2 63.2 58.7 52.6 48.4 50.4 55.6 61.2 61.2 56.4 52.1 51.4 52.4 54.4 57.2 60.9 62.4 67.6 71.6 75.5 78.9 83.6
