UK/data/nh/nh93_OST50GRID_20230518/NH93.asc
ncols 200
nrows 200
xllcorner 290000
yllcorner 830000
cellsize 50
[rows 0 to 34 of 200, columns 78 to 155 of 200]
230.1 230 232 232.6 232.8 233.2 233.1 233.6 234 234.3 234.8 236.6 238.5 239.5 239.5 240.9 243.7 244.9 245.7 247.5 249 251.3 253.6 254.8 260 263.2 262.7 271 273 275.7 278.9 284.1 280.9 284 285.5 285 288.7 284.9 289.4 290 291.2 291.5 295.4 300.8 304.3 311.9 318.2 322.3 326.3 333 336.9 338.1 334.5 336.7 340.5 341.9 344.2 346.7 350.3 354.1 357.7 359.1 360.5 361 360.3 356.5 349.4 345.3 337.8 330.8 327 320 315.8 309 300.9 296.1 294.5 292.8
231.3 231.2 232.1 232.8 233.2 233.7 233.8 234.6 235.1 235.5 236.3 237.5 238.6 240.6 242.3 241.6 242.3 246.7 247.7 249.2 249.9 250.1 251 254.7 259.5 263.7 265.6 273.7 276 280.3 282.7 289.7 284.9 292 292.4 291.9 291.4 294.3 292.2 293.9 294.7 298.5 305.6 307.9 314 319.9 326 332.3 338.8 343.4 344.8 344 345 345 347.2 346.5 349.3 352.2 355.8 359.6 363.7 365.5 367.5 366.4 364.1 361.6 356.3 348.2 343.2 336.6 331.9 326.9 319.7 311.5 303.4 299 297.2 295.4
231.6 232.2 232.3 233.1 233.6 234.1 234.5 235.3 236.1 236.7 237.9 239.1 240.2 242.3 243.9 244.2 243.8 244.9 248.8 249.2 251.4 252.2 252.8 255.7 261.4 262.4 269.5 275 277.2 281.8 287.7 292.4 289.9 296.2 296.9 297.1 295.6 296 294.9 298.1 304 309.4 313.8 315.6 320.1 327.3 334.6 342.8 348.6 350.7 352.6 354.8 352.6 353.4 356.5 354.1 355.6 357.4 361.8 365.6 369.5 372.7 376.6 378.4 378.3 373.2 359 352.2 348.2 344.1 341.3 332.9 325.9 320.5 311.6 303.9 299.8 297.8
232.3 232.8 233.3 233.5 234.3 235.7 236.8 237.7 238.2 238.9 240.1 241.2 242 243.9 245.5 245.7 246 246.5 247.7 249.7 251.7 254.6 255.1 257.1 260 263 269.8 274.8 280.4 285.9 289.5 291.5 297.6 301.2 302 301.4 297.6 298.9 304.9 307.4 314.1 318.6 322.6 325.8 330.8 338.5 342.8 351.9 358.1 359.2 362.9 363.8 360.6 360.5 363.6 364.4 365.3 367.6 369.2 371.6 378 382.4 386.6 388.9 386.4 384.9 376.2 366.6 359.5 351.6 346.7 340.6 333.3 326.7 318.6 308.6 302.8 298.6
233.4 233.9 234.4 234.4 236.7 238.3 239.7 240.5 240.5 241.6 243.2 244.1 244.6 245.4 247 247.3 248.4 249.6 250.6 250.7 252.6 255 256.2 258.9 261.7 266.3 270.2 276.8 282.5 287.6 292.3 296.6 302 307.2 306.7 303 301.4 308.2 313.7 317.9 321.8 326.6 330.1 336 341.8 347.9 355.1 361.4 366.6 368.8 370.4 369.9 367.3 367.6 370.8 369.9 370.7 372.6 374.3 379.1 384.7 390.8 395 397.7 395.5 393.1 386.3 378.2 366.2 358.8 353.5 346.8 340.4 333 322.5 313.5 307.4 301.4
234.6 235 235.3 236 238.1 239.8 241 241.6 242.2 244.2 246.3 246.7 247.3 247.9 248.6 249.7 250.7 251.8 252.6 254.4 254 258.6 258 259.3 263.3 267.3 271.3 279 285.7 292.6 295.7 302.5 306.5 313.2 313.6 301.7 305.9 316.1 321.6 325.5 328.7 333.1 339.1 344.3 350.8 356.3 363.6 369.1 373.9 375.5 376.5 376.3 374.7 374.9 375.8 376.5 376.7 381.3 383 386.7 392.7 397.4 402.5 405.5 402.7 400.3 393.6 385.2 372.6 366.5 360.9 353.5 345.1 338.2 327.5 316.7 311.5 305.9
235 235.6 236.4 237.3 239.4 241.4 242 242.6 244.4 246.9 247.6 248.2 249.5 250.2 252.1 253.4 254.4 255.2 255.3 255.2 254.6 259.2 261.3 262.8 265.7 269.4 272.2 280.7 288.6 295.7 301 307.3 312 319.3 320 315 323.8 326.9 330.2 332.9 336.2 340.4 348.3 353.3 358.4 364.1 369.7 376.8 380.7 381.7 381.2 382.7 380.9 379.9 381.7 381.4 384.1 388.5 391.5 394.6 397.3 402.7 407.4 410.1 406.2 404.6 399.6 389.2 379 372.7 367.2 360.5 352.1 341 331.9 321.3 315.5 311.8
235 236 237.1 238.5 240.8 243.3 243 244.4 246.1 248 249.1 250 251.6 252.7 255.3 257 258.2 258.8 259.5 260.6 259.5 258.3 263.1 265.3 268.3 272 273.8 284.3 291.2 296.3 305.1 310.2 315.2 320.7 308.8 327.2 330.8 334.5 338.1 340.8 344.6 349.2 355 362.6 364.9 371 376.6 382.2 386.4 387.3 388.3 385.4 385.9 387.6 389 392.5 393.8 393.7 396 398.3 400 403.4 410.1 411 407.3 409.9 404.2 394.5 385.1 378.5 372.3 365.3 356.7 347 337 326.3 319 315.6
236 236.9 238.3 240.1 243 245.2 244.4 245.4 247.4 249.7 252.1 252.3 253.6 255.8 258.4 260.1 261.5 262.6 263.4 264.2 264.5 261 267.2 269.2 270.8 272.7 274.9 285.8 292.3 297.9 305.7 311.2 310.1 321.9 330.9 334.4 337.1 341.7 345.3 348.1 351.4 354.8 360.3 367 369.5 374.6 379.6 385.4 389.2 391.2 393.8 391.6 392.7 393.6 395.7 399.6 397.9 397.5 397.5 399.7 402.2 406.6 409.9 409.5 408.9 412.5 403.8 397.6 387.8 382.8 378 370.8 360 348.5 339.6 329.1 323.6 319.1
239 239.2 240 241.5 244.5 245.9 246.5 247.7 249.5 251.2 253.4 254.4 256.1 258.5 261 262.6 264.3 265.2 266.1 266.9 266.6 263.4 266.3 270.9 272.9 274.1 276.6 286.2 294.5 301.4 308.4 313.6 320 327.8 335.9 340.7 344.1 346.5 350.4 353.9 356.3 362.3 366.8 372.4 375 377.9 382.6 388.3 392.6 395.3 397.1 397.8 397.4 399.2 401.5 403.6 401.4 400.5 399.3 399.6 401.6 404.1 406.6 406.8 407.9 408.9 403.4 399.2 391.7 387.6 382.5 375.2 363.7 350.1 340.4 335.1 326.1 323.2
242.6 242.9 243.2 243.5 245.1 247.3 248.7 250.5 252.2 254 255.6 256.9 258.5 261.2 263.7 265.4 266.9 267.8 268.8 269.6 269.7 270.7 268.2 271.8 273.9 275.2 279.1 286.7 298.5 305.8 311.3 315.2 324.7 333.5 340.8 345.5 349 351.8 354.5 358.2 362.1 367.1 371.6 375.6 379.7 382.3 386.5 391.4 395.8 399.6 399.8 400.5 401.4 402 404.7 404.9 402.5 399.8 399.4 399.3 399.4 399.8 402.7 402.2 403.8 403.6 401.3 396.2 394.3 391.5 387.4 383.1 368.6 357.3 344.9 337.1 331.1 327.2
243.9 244.2 244.5 244.9 246.9 249.2 251.8 253.4 255 256.7 258.1 259.2 261.1 265.6 267.4 268.3 269.5 270.5 271.7 271.8 272.7 272.4 267.2 270.8 274.4 279.6 281.7 289.7 300.7 308.5 312.9 317.5 328.2 337.1 344.1 349.1 352.5 355.8 358.9 362.7 366.7 371.3 375 378.1 383.1 385.7 390.2 394.4 398.8 402.3 402.6 403.4 404.4 404.9 404.8 404.9 402.1 399.6 398.5 398.4 398.5 398.4 399.5 400.7 403.2 404 403.2 400.4 397.3 394.9 390.9 385 374.5 361.7 352.1 340.3 334.5 332.1
245.2 244.9 245.3 246.1 248.7 253.4 255.3 256.7 258.3 258.7 259.1 260.9 264 267.2 269.1 271.4 272.6 273.8 273.8 273.7 274.6 274.7 273.2 271 277.9 282.1 284.8 293 302.5 310.5 314.6 319.8 331.4 339.3 346.5 352.2 355.9 359 362.4 366.7 370.1 373.7 378 381.1 384.5 387.8 392.9 396.1 400.5 403.7 403.8 404.6 405.4 405.2 404.9 403.1 399.8 398.2 397.4 397.5 397.3 397.1 397.8 399.4 403.1 403.7 403.9 402 399.2 395.2 392.3 386.6 375.5 364.3 354.7 346.2 338.7 336.2
246.5 245.7 246.8 247.7 251.6 255.5 258.1 258.6 260.1 260.3 261.6 264.3 267.3 269.9 271.7 274.6 275.7 275.8 275.6 275.5 274.8 274.7 275.6 275.7 275.3 284.3 286.7 295.9 305 312.1 318.6 319.5 333.3 340.7 349.1 354.8 358.9 362.1 365.1 369.9 373.7 376.5 380.3 383.2 384.9 388.5 393 396.5 400.9 402.7 403.6 404.3 404.8 404.2 402.5 400.2 398.5 396.5 395.4 396.5 397.3 397 397 398.2 401.6 403 403.7 403 401 397 394.6 388.1 375.8 365.8 357.9 349.7 345.6 339.9
247.2 247.2 248.5 249.9 252.7 255.8 258.4 260 261.7 262.3 264.2 268 270.3 272.1 274.2 276.9 277.2 277.2 277.1 277.1 276.8 277.8 282.1 282.6 280.6 285.4 292.6 298.5 306.1 313.7 319.3 321.6 333.1 342 350.1 357.1 361 364.5 368.3 372.4 375.9 379 382.1 384.2 385.3 387.3 392.9 396.9 399.5 401.3 402.2 402 401.9 401.5 399.7 396.6 395.7 394.8 394.2 393.4 396.4 397 397 396.4 398.4 400.1 401.7 401.5 400.8 395.6 390.5 385.6 379.5 368.4 361.5 359.1 352.6 346.8
249 248.7 250 251.2 255.2 258.8 260.9 262.8 263.3 264.7 267.7 270.2 272.5 274.4 276.7 278.2 278.5 278.5 281.1 281.3 283 285 285.9 285.1 285.2 282.8 293.1 300.6 307.8 314.5 319.7 324.4 335.6 343 350.8 358.7 363.4 366.8 370.5 372.6 375.7 378.6 381.5 383.5 384.6 385.5 388.7 393.2 396.4 399 399.2 399.2 399 398.8 396.4 393.1 392.5 392.9 391.9 393.1 394.8 395.1 394.4 395.8 397.3 400.6 402.5 402.8 403.1 398.8 396.5 392.3 385.1 374.5 369.7 362.3 356.5 352.7
250.7 250.9 254.4 253.8 258.5 262.7 264.7 266.1 266.4 267.8 269.7 272.2 274.5 276.6 278.4 279.5 280.4 282.5 284.4 285 286.7 287.9 288.4 287.5 291.2 285.7 293.8 301.2 308.4 315.8 321 328.7 336.9 343.9 351.6 359.3 364.9 368.8 371.8 373.3 374.8 377.9 380.8 382.8 383.8 383.9 385.7 389 391.6 395 395.7 395.8 395.9 395.7 393.2 391.3 390.4 388.8 391 392.4 393.8 393.3 395.5 394.2 395.6 399.8 402.6 403.8 403.8 400.8 397.5 393.4 386.4 376.9 368.5 364.2 360.4 355.7
257.3 257.6 259.2 259.1 261.8 266.5 268 268.5 269.3 271.1 272.9 274.9 277.7 280.5 282.5 285.9 286.1 287.7 288.7 289.4 290.2 291.1 290.9 290.4 294.9 295.6 293.6 302.4 309.3 316.6 322.8 330.4 337 343.8 350.9 359.6 365.8 369.7 372.4 372.9 373.4 376.5 379.7 381.9 381.8 382.6 384.4 386.5 388.8 391.1 392.1 391.7 391.7 391.7 390.5 388.4 387.3 386.9 389.8 391.4 392.8 393.8 394.2 393.7 393.7 398.1 401.8 403.8 403.6 400.6 397 392.4 385.1 377.3 370.1 364.9 360.9 357.9
259.7 259.9 259.8 261.2 263.9 268.4 270.5 270.9 272.6 274.4 276.3 278.1 280.8 282.3 282.7 288.2 291 291.9 291.9 293.6 295 295.9 294 296.2 298.5 299.9 296.2 303.6 310.2 317.3 324.2 330.4 336.8 343.5 350.7 360.3 365.8 369.5 372.1 371.5 372.8 375.2 378.4 379.8 379.5 381.2 382.1 383.2 384.8 386.2 387 386.7 386.3 387.1 386.4 384.2 385.1 385 387.1 390.9 391.9 393 393.2 393.2 392.8 396.1 400.8 402.8 403 399.9 395.6 390.4 384.2 377.2 370.2 366.1 361 359.4
261.3 261.4 261.5 263.4 266.4 270.3 272.5 274.2 276.1 277.9 279.8 281.4 283.2 283 285.7 291.5 294.3 294.7 295.4 296.9 298.1 299.1 295.1 300.8 302.7 303.3 300.7 304.8 311.4 318.1 324.4 330.4 336.7 343.3 350.6 359.2 365.2 368.2 369.6 370.1 371.4 374 374.9 376 377 378.1 378.4 378.9 380.1 381.1 380.8 380.8 381.7 382.6 382.3 380.9 381.5 383.8 386.7 389.4 391 392.4 392.8 392.7 392.1 393.8 399.2 401.8 401.7 398.8 394 387.5 382 374.3 367.9 365 361.4 360
263.9 263 263.9 266.1 269.3 273.2 275.7 277.5 279.5 281.5 283.1 284.9 286.8 289 291.9 295.5 297.9 297.7 300.5 301.2 300.8 298.4 300.4 302.7 304.5 306.3 307.2 304.5 313.3 320 325.2 330.4 336.6 342.9 349 357.4 363.3 365.9 367 368.7 370.7 372.2 372.8 373.7 374.7 375.6 375.5 375.5 376.3 376.4 375.4 376.3 376.8 377 378.9 379.1 379.4 382.6 385.8 388.2 389.9 391.9 392.2 391.9 391.4 391.5 396.8 399.8 399.6 396.6 391.6 385.1 378.6 371.5 365.3 362.1 359.9 358.4
266.4 265.7 267.1 268.8 272.2 276.4 278.8 280.9 283 285 286.8 288.6 290.8 293.5 296.4 298.6 301.9 301.6 305.7 306.1 303.7 304.4 306.3 307.6 308.8 309.8 310.7 306.9 314.3 321.3 326.3 331.3 336 341.7 347.9 356.6 361.8 364 365.8 367.6 369.4 369.8 370.4 371.4 372.4 373.2 373.1 373 371.8 371.5 372.1 372.9 372.9 373.6 374.5 376.5 377.4 381.1 385 386.7 389.4 391.7 391.7 391.2 390.6 389.7 393.6 396.7 395.8 392.9 387.3 381.8 375.5 369.1 362.3 360.1 358.2 356
267.8 268.6 270.1 271.5 275.5 279.3 282.3 284.4 285.8 287.2 290.4 292.5 295.2 298 300.8 303.4 304.5 306.7 309.9 310.7 309.5 310.5 310.8 311.8 312.8 313.7 314 312.2 315.5 321.7 326.7 331.7 336.2 340.5 346.9 355.3 359.8 362.2 364.7 366 367.8 367.2 368.2 369.2 370.1 370.8 370.4 370.1 370.3 370.4 370.2 370.3 371.2 372.2 373 373.8 377 380.6 383.9 385.8 389.4 391.8 391.2 390.6 389.8 388.4 390.4 392.1 390.2 388.1 381.8 376.6 371.6 365.4 360 358.1 356.1 353.9
270.1 270.3 271.9 273.5 277.1 281.6 285.6 287.2 288.5 289.7 294.3 297 299.7 302.5 304.1 305.3 308.9 312.3 315.2 315.3 315.7 315.8 314.9 315.8 316.8 317.5 318 318.1 314.7 321.9 327 332.1 335.8 339.2 345.1 353 357.8 360.3 362.6 363.3 364.1 365 366 366.9 367.9 368.5 368.7 368.9 369.1 369.3 369.4 368.9 370 371 372.1 373.1 375.3 379.1 382.9 385.7 389.8 392.7 391.3 389.4 387.7 386.7 386 387.5 383.7 380 375.2 370.8 366.2 362 357.9 355.4 353 350.9
272.6 272.2 273.5 275.4 280.7 286 289.3 290.9 292.2 293.6 297.4 300.4 303.5 305.4 305.5 309 314.6 318.6 320 320.6 321.1 320.6 319.6 319.8 320.8 321.4 322.2 321.9 322 320.4 326.8 331.1 334.1 338.7 343.5 351.5 355.9 358.9 360.5 362.3 362.5 363.2 364 365.1 366.5 367.2 367.5 367.7 367.9 368.1 368.2 368.3 368.2 369.8 371.1 372.3 373.6 377.5 381.4 385.3 389.7 392.8 391.4 389.2 385.7 383.4 381.6 382.6 377.7 373.8 369.5 365.2 361.7 359.8 354.2 352 349.6 348.3
274.4 275.2 277.5 280.8 285.8 289.5 293 294.6 295.9 298 300.6 303.4 306.2 309.2 311.7 316.3 320.4 324.1 324.7 325.1 326 325.4 324.4 324.1 324.8 325.5 326.4 326.8 327 327.2 323.9 329.5 333.4 338.8 343.3 350.2 354.2 357.6 359.4 360.7 361 361.7 362.7 363.9 365.2 366 366.2 366.4 366.6 366.8 367 367.3 367.1 368.5 369.7 371 372.6 376.5 380.4 385.3 390.5 393.6 390.1 387.3 383.1 381 378.8 377.8 373.6 369.4 364.9 361 358.2 354.2 350.6 348.6 346.8 345.7
277.4 279.7 282.2 284.9 289 292.5 295.7 297.8 299.2 301.1 303.8 306.4 309.8 313.7 316.4 320.2 325.3 329.5 329.7 329.6 330.4 330.1 329 328.4 329 329.8 330.3 329.9 330.3 330.5 330.6 331 332.6 338.5 342.7 348.8 352.7 356 357.9 359.1 359.5 360 361.6 362.9 364.3 365.2 365.5 365.8 366.1 366.4 366.7 366.9 367.1 367.1 368.6 370.1 371.8 375.7 380.9 386.3 391.4 391.7 388.8 386.2 382 377.2 374.2 372.6 370.6 363.4 360.5 358.2 355.8 351.9 349 346.8 345.1 343.7
281.7 284.3 285.2 287.6 290.8 293.5 297.5 300.8 302.3 304.2 306.9 309.8 313.1 316.8 320.7 323.9 329 334.7 334.2 334.1 334.2 334.3 333.3 332.6 333.3 334 334 332.7 333 333.6 333.6 333.6 332 338 341.6 346.9 351.5 354.8 356.3 357.7 358.4 358.8 360.8 362.6 363.6 364.4 365.2 365.5 365.8 366.1 366.3 366.6 366 366.7 368.2 369.6 371.2 376.6 382.1 387.6 392.5 394.6 390.1 386.9 382.8 379.1 375.8 373.4 369.4 364.2 359.3 352.3 349.4 347.9 347.2 344.8 343.4 342.2
285.5 287 287.3 289.7 292.7 295.4 300.2 303.1 305.4 307.3 310.1 313.4 316.7 320 323.5 327.3 332.7 338.7 338.6 338.5 338.5 338.5 337.5 336.4 336.9 337.6 337.9 336.8 335.4 335.5 335.6 335.6 335.1 338.3 341.8 345.5 349.5 353.6 355.4 356.8 356.4 357.5 359.6 361.8 362.8 363.6 364.4 365.1 365.4 365.5 365.7 365.9 366 367.2 368.9 370.6 371.6 377.1 383.2 388.7 393.5 396.1 391.9 387.5 383.4 380 376.9 373.2 369.3 363.8 358 354.1 350.6 347.4 343.5 343.1 341.9 340.8
288.1 288.8 289.5 291.9 294.7 297.8 303.4 305.2 308 310.4 313.7 317 320.3 323.6 326.9 330.2 335.8 342.2 341.6 341 341.6 342.4 341.6 340.4 340.3 341.1 341.9 340.5 337.9 337.9 337.9 337.8 335.1 338.5 341.8 344.9 348.5 352.7 354.5 354.7 354.9 356.3 358 360.2 362.1 362.7 363.3 364.3 364.8 365.3 365.8 366.4 366.9 368.2 369.9 370.9 371.9 377.6 384.8 390 394.6 397.1 393.7 390.1 384.5 380.8 377.1 372.9 369.1 362.9 356.7 352.2 348.8 345.6 342.4 341.6 340.4 339.4
290.9 290.9 291.7 294.1 298.1 301.1 305.6 307.5 310.2 313 316.3 319.6 322.9 326.2 329.5 332.8 336.9 342.6 343.9 343.5 343.1 345 344.6 344.5 343.8 344.5 345.3 344.1 340.5 340.2 340 339.2 338.5 338.1 341.2 344.1 347.5 352.1 353.4 352.6 353.7 355.1 355.7 358.5 360.6 362 363.6 365.2 366 366.4 366.9 367.5 368 369 370.2 371.1 372.5 378.7 386.5 391.7 396.2 398.8 396 392.1 385.8 381.7 376.9 372.7 368.8 362.9 356.2 350.4 347.1 343.9 341.7 340 339 338
293.9 292.9 294.1 296.2 299.8 302.5 306.2 310.8 312 314.9 318.2 321.5 324.8 328.1 331.5 334.7 338 342.3 345.3 345.4 344.9 346.8 347.3 346.9 347.2 347.9 348.4 347.1 343 342.4 342.1 341.7 340.7 338.6 340.6 343.4 346.5 351.3 351.6 351 350.5 352 353.8 357.7 361 362.9 364.5 366.1 367.3 367.7 368.1 368.6 369.1 369.8 370.9 371.2 373.3 380.4 387.7 393.1 397.5 400.2 398.5 394.1 387.4 382.2 377.4 373.1 368.1 362.7 356 349.2 345.4 342.6 340.7 338.8 337.6 336.6
295.5 296.3 296.8 297.7 300.9 303.3 307.2 311.3 313.9 316.9 320.2 323.5 326.8 329.8 332.7 335.6 339.1 341.9 344.3 345.3 346.4 348.2 348.6 348.4 349 349.6 350.2 349.8 345.2 344.6 344.1 343.7 343 341.2 339.4 342.1 345.2 349.9 349.7 349.4 349.7 352.8 355.6 358.2 361.9 363.8 365.3 366.9 368.5 369 369.4 369.8 370.2 370.7 371.6 372 374.6 382.2 389.1 394.6 398.7 401.6 400.4 396 389.4 383.6 377.7 373.5 367.3 361.8 355.2 348.7 344 341.1 339.2 337.4 336.6 335.6
296.6 299.7 299.1 299.1 302.1 304.2 308 312.7 315.9 318.9 321.9 324.8 327.7 330.6 333.6 336.7 340.7 342.8 344.6 345.9 346.9 348.8 350.2 350.1 350.1 350.8 351.5 350.3 346.6 345.9 345.2 344.6 344.2 343.6 340 341.2 344.2 347.5 347.6 348.2 350.5 352.9 355.9 359 362.2 364.6 366.2 367.8 369.4 370.4 370.7 371.1 371.5 371.8 372.4 373.4 377 383.2 390.9 396.3 400.7 403.8 401.9 397.9 391.7 386.5 379 373.5 366.9 360.9 354.3 347.9 343.1 339.6 337.6 336.2 335.3 334.5
299.4 302.3 301.3 300.2 302.6 305.2 309.7 313.4 316.6 319.7 322.8 325.7 328.6 331.5 334.4 338.3 342.4 344.4 345.3 346.3 347.2 348.1 349.5 349.8 350.3 350.3 350.9 350.6 347.7 347 346.2 345.5 345.2 344.2 344 342.5 344.2 344.7 348.4 350 351.9 354.3 356.8 360.2 363.5 365.5 367.1 368.6 370.2 371.7 372.1 372.4 372.8 373.5 375.1 376.4 378.1 385.2 393.3 397.7 401.2 405.2 402.7 399.4 394.8 388.5 381.1 373 366.7 360.4 353.4 347.7 342.8 338.4 336 335 334.1 333.3
