WholeMapElevations/data/nm/nm83_OST50GRID_20230518/NM83.asc
ncols 200
nrows 200
xllcorner 180000
yllcorner 730000
cellsize 50
[rows 148 to 184 of 200, columns 85 to 169 of 200]
-1.2 -1.2 -1.2 -1.2 -1.2 -1.2 -1.2 -1.2 -1.2 -1.2 -1.2 -1.2 -1.2 -1.2 -1.2 -1.2 -1.2 -1.2 -1.2 -1.2 -1.2 -1.2 2.7 6.7 -1.2 -1.2 -1.2 -1.2 -1.2 -1.2 -1.2 -1.2 -1.2 -1.2 3.2 2.6 6.2 12.4 8.5 8.7 31.4 33.4 33.9 27.8 28.9 25.7 32 38 32.7 28.3 22.1 17.5 14.3 14.3 11.1 12.2 11.7 10.3 8.8 9.3 11.5 19.3 36.9 57.3 62.7 66.7 71.1 70 71.7 85.5 85.8 86 87.2 83.2 77.8 89.3 100.5 116.4 116.8 114.1 109.1 103.8 100.5 96.4 96.9
-1.2 -1.2 -1.2 -1.2 -1.2 -1.2 -1.2 -1.2 -1.2 -1.2 -1.2 -1.2 -1.2 -1.2 -1.2 -1.2 -1.2 -1.2 -1.2 -1.2 -1.2 -1.2 7.3 7.8 1.2 -1.2 -1.2 -1.2 -1.2 -1.2 -1.2 -1.2 -1.2 7.4 9.5 7.5 9.8 12.1 11.2 37.3 46 52.7 51.5 50.5 37.1 28.1 36.9 33.4 31 26.7 19.2 17.7 19.4 16.6 12.4 13.7 14.7 15.8 16.2 18.5 23.2 28.5 46.1 61.7 65 69.3 75.9 80.2 78.8 92.8 99.5 97.3 92.5 84.1 85.9 91.7 100.6 114.5 121.2 118.4 109.7 104.6 99.9 99.5 97.7
-1.2 -1.2 -1.2 -1.2 -1.2 -1.2 -1.2 -1.2 -1.2 -1.2 -1.2 -1.2 -1.2 -1.2 -1.2 -1.2 -1.2 -1.2 -1.2 -1.2 -1.2 1.6 7.5 3.4 0.9 -0.2 -0.2 -1.2 2.1 9.9 8.1 0.9 1.9 8.4 10.3 8.1 9 13.8 20.6 45 60.3 62.3 54.1 53.5 38.9 38.2 41.2 37.7 33.6 30.8 24 24.4 23.6 20.9 15.4 13.9 15.1 19.2 17.5 17.7 23.8 36.5 50.7 60.9 68.2 73 83.3 88.2 88.2 101.1 108.2 106.8 91.2 98.9 96.2 98.2 99.1 103.7 116.3 117.3 112.6 105.9 97.8 100.8 96.5
-1.2 -1.2 -1.2 -1.2 -1.2 -1.2 -1.2 -1.2 -1.2 -1.2 -1.2 -1.2 -1.2 -1.2 -1.2 -1.2 -1.2 -1.2 -1.2 -1.2 -1.2 2.2 5 2.1 1.5 0.7 1.1 3.3 8.4 10.1 5.6 4.4 5.6 7.1 8.6 8.9 11.1 19.9 32.3 58.3 62 61.2 56.1 48 39.7 40.3 48.6 48.5 37.6 34.8 28.1 27 28.6 27.9 22.2 18.3 15.4 13.4 16 18.5 26.4 38.8 49.2 58.9 67.2 74.9 85.1 93.3 92.3 104.4 111 107.5 104.3 88.9 89.6 96.9 95.9 99.3 100.7 110.2 109.6 106.2 95.4 90.9 87.6
-1.2 -1.2 -1.2 -1.2 -1.2 -1.2 -1.2 -1.2 -1.2 -1.2 -1.2 -1.2 -1.2 -1.2 -1.2 -1.2 -1.2 -1.2 -1.2 -1.2 -1.2 6.9 7.9 4.1 2.1 2 2.1 8 9.6 8.9 7.1 7.3 7.1 8 10.6 12.3 14.8 23.1 36.5 51.8 53.5 55 55.5 49.8 43.5 37.7 50.9 51.4 40.8 41.4 39.6 34.4 32.6 31.8 24.2 18.7 14.2 14 15.9 19.9 28.7 40 49.3 58.4 67.2 77 87.6 95 96.2 100.2 108.7 103.5 104.3 90.9 90 99.4 94.6 95.6 98.6 101.5 102.6 101 97.2 90.6 83.4
-1.2 -1.2 -1.2 -1.2 -1.2 -1.2 -1.2 -1.2 -1.2 -1.2 -1.2 -1.2 -1.2 -1.2 -1.2 -1.2 -1.2 -1.2 -1.2 -1.2 -1.2 9 8.8 9.2 5.3 5.2 4.3 8.1 9.8 10.5 9.6 9.8 22.2 12.2 13 13.9 16 25.4 35.4 45.5 49.7 55.8 56.7 52.8 45.1 38.2 49.9 48.8 49.5 56.7 44.5 39.5 37.1 31.9 21 15.8 15.1 15.1 17.5 22.4 37.6 46.3 57 66.4 72.9 81.4 91 103.4 103.9 98 96.9 97.4 95.2 90.9 89.6 92.3 93.1 95.3 98.8 101.6 103.7 97.5 87.4 80.4 78.1
-1.2 -1.2 -1.2 -1.2 -1.2 -1.2 -1.2 -1.2 -1.2 -1.2 -1.2 -1.2 -1.2 -1.2 -1.2 -1.2 -1.2 -1.2 -1.2 -1.2 -1.2 2.1 11.2 10.2 8.1 7.9 9.9 8.1 10.5 11.9 11.9 31.8 28.6 17.5 18.7 20.3 27.1 25.3 34.7 50.3 55.6 57.8 57.5 51.3 45.9 37.2 45.3 56.5 63 54.9 51.1 48.4 43.9 30.2 17.2 17.3 17.1 17.5 21 28.6 49.7 59.8 68.2 78.1 86.9 86.5 97.5 103.2 103.4 101.8 102.3 103.4 95.5 93 90.9 90.2 91.4 94.1 94.1 99.1 94.9 95 93.1 79.8 77.4
-1.2 -1.2 -1.2 -1.2 -1.2 -1.2 -1.2 -1.2 -1.2 -1.2 -1.2 -1.2 -1.2 -1.2 -1.2 -1.2 -1.2 -1.2 -1.2 -1.2 -1.2 10.9 11.2 11 10.6 10 11.3 9.7 11 12.4 13.6 24.6 19.1 19.1 24.1 27.4 32 27.7 35.1 52 53.9 52.8 48.2 46.4 41.9 33.4 40.2 46.6 61.5 57.9 49.1 43.7 41.5 27.3 18.7 17.5 22 22.3 27 37.5 58.1 67 77.3 88 96.6 98.9 103.3 106.5 106.5 103.7 103.8 103 95.2 92.9 93.9 92.4 92 93.3 98.7 97 98.5 89.9 83 79.2 74.1
-1.2 -1.2 -1.2 -1.2 -1.2 -1.2 -1.2 -1.2 -1.2 -1.2 -1.2 -1.2 -1.2 -1.2 -1.2 -1.2 -1.2 -1.2 -1.2 -1.2 -1.2 6.1 7.1 9.6 11.9 21 23.5 12.1 12.7 14.6 20.1 22.8 20.9 23.3 27.9 31.5 31.7 30.7 32.8 45.2 46.5 48.2 46.8 44.3 44 30.4 30.4 35.8 50 55.6 50.7 40.7 33.2 29 18.6 19.4 31.1 33 35.3 52.3 66.1 75.1 84.8 94.7 101.6 106.9 111.9 111.1 110.8 111.1 107.6 102.3 99.4 98.5 99.5 96 97.8 94.1 95.2 97.5 103.8 93.2 84.2 76.1 73.6
-1.2 -1.2 -1.2 -1.2 -1.2 -1.2 -1.2 -1.2 -1.2 -1.2 -1.2 -1.2 -1.2 -1.2 -1.2 -1.2 -1.2 -1.2 -1.2 -1.2 -1.2 -1.2 7.2 8.8 33.4 23.6 14.9 11.8 12.9 13.7 20.8 20.1 21 24.8 33 33.5 32 31.7 29.3 36.3 42.3 51 53.8 47.7 35.7 30.4 30.4 30.4 37.6 51.2 47.7 37.3 24.9 22.6 25.1 33.8 34.8 36.1 42.5 56.8 70.2 79.4 88.6 99.1 103.2 105.6 109.5 111.8 113.4 113.8 111.5 107.8 105.7 104.5 103 102.8 105.6 98.8 97.1 111.4 108.4 97.5 81.7 76.7 74.3
-1.2 -1.2 -1.2 -1.2 -1.2 -1.2 -1.2 -1.2 -1.2 -1.2 -1.2 -1.2 -1.2 -1.2 -1.2 -1.2 -1.2 -1.2 -1.2 -1.2 -1.2 -1.2 2.6 8.1 28.3 28.3 17.9 13.4 12.9 13.7 15.6 16.3 20 25.6 32.9 32.8 32.1 31.3 30.7 40.1 48.8 53.6 60 45.7 35.8 30.4 30.4 30.4 30.4 41.4 36.4 30.6 31.3 30.6 31.8 40.5 35.8 38.9 47.3 61.1 71.5 79.3 87.3 96.8 98.3 100.5 104.6 109.6 112.4 114.7 117.8 115.3 112.5 112.1 111.6 107.9 103.9 98.6 94.2 95.7 98.8 93.7 83.2 80.9 79.9
-1.2 -1.2 -1.2 -1.2 -1.2 -1.2 -1.2 -1.2 -1.2 11.7 -1.2 -1.2 -1.2 -1.2 -1.2 -1.2 -1.2 -1.2 -1.2 -1.2 -1.2 0.9 5 8.2 15.8 29 26.7 24.6 17.1 15 15.5 18.7 26.2 32.4 33.5 34.5 31.6 31.1 38.8 40.1 48.4 56.8 58.7 50.9 37.4 32.4 30.4 30.4 30.4 30.4 32.3 38.8 43.9 34.7 38.4 42.6 40.3 43.3 53 62 71 79.1 87 90.5 92.5 95.4 100 105.7 110.6 113.5 117.4 117.6 117.3 116.5 116.6 111.8 107 98.3 93 90.4 89.2 88.9 84.3 89.6 91.5
-1.2 -1.2 -1.2 -1.2 -1.2 -1.2 -1.2 -1.2 -1.2 17.2 -1.2 -1.2 -1.2 -1.2 -1.2 -1.2 -1.2 -1.2 -1.2 -1.2 -1.2 0.9 5.2 8.9 21.5 32.5 34.2 27.1 23.5 16.6 17.1 24.2 36.5 34.3 40.4 37.7 31.6 32.4 35.8 42.3 46.2 51.9 56.1 53.5 37.5 31.9 30.4 30.4 30.4 32 38.3 47 45 37.5 38.5 47.1 45 52.9 57.6 60.7 70.6 79.4 85.7 87 88.4 91.3 94.9 103.4 110 111.9 115 115.9 116.5 120.1 119.2 116.6 107.6 100.3 94.8 87.3 82.1 80.1 82.2 87.1 85.8
-1.2 -1.2 -1.2 -1.2 -1.2 -1.2 -1.2 -1.2 -1.2 18.5 16 -1.2 -1.2 -1.2 -1.2 -1.2 -1.2 -1.2 -1.2 -1.2 -1.2 -1.2 3.9 9.9 25.1 43.6 36.6 32.7 26.3 28.6 33.4 36.8 52.8 38.3 45 44.4 35.9 34.7 38.7 44.3 47.8 56.3 59.8 51.9 34.2 34.6 32.9 30.7 30.4 33.5 42.3 50.7 46.6 39.5 40.8 57.2 67.6 68.3 62.6 68.7 74.2 75.4 82.1 86.4 92.2 92.1 88.1 96.5 111 117 114.6 116.9 116.8 121.8 121.5 117.6 110.3 101.8 95.5 83.8 82.1 86.4 82.6 78.6 75.9
-1.2 -1.2 -1.2 -1.2 -1.2 -1.2 -1.2 -1.2 -1.2 -1.2 20.9 -1.2 -1.2 -1.2 -1.2 -1.2 -1.2 -1.2 -1.2 -1.2 -1.2 -1.2 8.8 11.7 35.2 44.7 37.9 38.2 42.4 57.2 59.9 59 57.9 43.7 46.3 47.8 59.3 47.6 45.9 54.8 55.9 58.8 63.8 56.4 37.6 37.9 32.7 33.4 32.7 34.2 43.6 56.9 47.2 48.1 53.4 73.7 75.3 76.7 75.4 73.5 83.7 86 85 89.7 97.5 101.4 98.8 103.7 111.5 117.2 116.7 118.4 122.1 126.4 124.3 123.8 116.2 102.1 88.8 85.1 90.4 95.7 87.4 77.6 72.5
-1.2 -1.2 -1.2 -1.2 -1.2 -1.2 -1.2 -1.2 -1.2 -1.2 -0.1 -1.2 -1.2 -1.2 -1.2 -1.2 -1.2 -1.2 -1.2 -1.2 -1.2 4.5 11.5 20.5 26.9 32.6 39.7 46.3 54.5 69 68 72.2 78.2 60.5 53.7 59.5 69.1 63.1 60.4 66.1 61.2 55.5 63.3 50 49.6 34.1 36.2 38.8 41.3 41.4 55.2 50.6 56.9 59.7 67 81.5 86.7 85.6 82.6 78.1 87.1 89.5 86.7 95.8 106.2 110.7 113.3 114.5 113.5 117.6 119.4 119.5 118 126 126.6 123.1 110 93.3 93.1 104.3 102.6 95.4 84.2 73.2 68.4
-1.2 -1.2 -1.2 -1.2 -1.2 -1.2 -1.2 -1.2 -1.2 -1.2 -1.2 -1.2 -1.2 -1.2 -1.2 -1.2 -1.2 -1.2 -1.2 -1.2 10.8 10.8 14.2 22 24.9 33.6 42.7 51.5 69.3 81.4 81.2 87.5 90.6 93.7 76 75.3 73.2 77.5 64.9 72.9 52.1 51.6 56.8 53 50.7 40.7 39.3 42.9 46.8 47.9 51.2 58.2 66.4 70.4 75 89.8 99.8 98.5 97.4 94.5 93.6 88.1 94.9 105.1 116.9 122.4 124.2 123.2 119.3 117 125.2 124.1 115.1 119.7 124.6 111.7 97 103.1 105.3 108.6 100.4 90.4 80 76.6 75.8
-1.2 -1.2 -1.2 -1.2 -1.2 -1.2 -1.2 -1.2 -1.2 -1.2 -1.2 -1.2 -1.2 -1.2 -1.2 -1.2 -1.2 -1.2 -1.2 6.9 23.3 23.8 18.3 20.8 30.5 44.6 49.1 56.7 68.5 76.7 86.1 96.3 105.7 104.5 92.4 80.5 80.9 79 73.6 72.5 60.5 48.4 61.3 55.1 50.4 50.8 49.3 48 45.7 45.2 58.1 63 73.1 81.3 87.3 97.5 107.5 104.5 102.8 92.1 93.2 90.2 102.3 112.9 118.5 125.4 125.8 125.1 118 111.3 117.8 117.5 114.8 107.4 111 98.7 109.7 107.1 102.9 103.1 96.4 94.3 96.1 88.2 81.1
-1.2 -1.2 -1.2 -1.2 -1.2 -1.2 -1.2 -1.2 -1.2 -1.2 -1.2 -1.2 -1.2 -1.2 -1.2 -1.2 -1.2 -1.2 -1.2 12.4 27.2 23 19.4 22.2 33.7 40.8 54.2 57.9 68.1 76.6 91.9 99.8 109.6 113 102.6 91.3 76.3 69.9 73.7 61.9 59.4 47.8 50.9 47.9 51.2 50.6 53.2 52.3 48.2 49 60.7 67.8 79 90 96.2 103.8 106.6 104.2 98.4 97.7 95.1 93.5 105.3 116.6 117.6 120 122.2 119.6 119.3 117.7 108.3 109.8 111.1 101 100.7 113 116 108.1 102.3 100.5 102 105.6 108.1 100 86.6
-1.2 -1.2 -1.2 -1.2 -1.2 -1.2 -1.2 -1.2 -1.2 -1.2 -1.2 -1.2 -1.2 -1.2 -1.2 -1.2 -1.2 -1.2 6.3 11.1 19.9 19.4 20.1 19.5 28.1 37.8 42.2 55.6 73.2 84.3 95.2 104.3 118.3 115.7 101.9 92.4 78.5 62.7 56.3 54.4 45.3 45.3 45.6 47.6 51.4 50.6 50.9 50.9 49.3 52.7 59.9 75.5 88.8 98.4 103.5 107.1 107.5 103.4 107.6 100.5 93.2 101.1 101 116.2 118.6 116.2 117.1 120.1 124.6 124.6 112 107.1 104.6 103.7 111.7 110.9 115.4 107.1 102.1 103.1 107 111.9 104.8 98.5 90.3
-1.2 -1.2 -1.2 -1.2 -1.2 -1.2 -1.2 -1.2 -1.2 -1.2 -1.2 -1.2 -1.2 -1.2 -1.2 -1.2 -1.2 -1.2 5.6 19.2 20.3 20 17.7 14.9 21.9 30 38 59.5 73.2 83.8 98.8 108 125.6 117.7 100.2 91.6 64.4 54.3 45.6 43.9 44.2 44.9 46.2 47.9 50.3 51.6 51.9 52.5 51.1 54.7 59.5 79.6 92.7 105.5 107.5 109.1 109.6 108.4 105.4 106.5 104.9 99.8 110.7 113.9 111.5 111.8 112.3 119.6 121.1 118 111.4 102.1 101.6 105 108.1 108.7 108.9 102.9 101.5 102.8 109.1 105.8 100.1 93.2 87.1
-1.2 -1.2 -1.2 -1.2 -1.2 -1.2 -1.2 -1.2 -1.2 -1.2 -1.2 -1.2 -1.2 -1.2 -1.2 -1.2 -1.2 -1.2 9.8 32 22 15.3 13.8 14 20.4 27.3 32.7 49.4 68.2 86.1 99.4 106.4 120.5 105.9 93.5 88.7 54.8 48.9 42.9 43 52.6 50 47.4 48.2 48.6 48.5 50.3 52.3 52.3 54.8 64.5 82.8 93.3 104.5 106.6 110.7 111.2 110.8 110.3 111.9 110.9 102.4 103.4 101.5 102.6 104.5 106.6 110.6 117.6 114.3 105.8 106.4 112.9 105.1 105.7 105.7 104.3 102.4 104.6 104.2 109.8 105.7 103.1 103.5 94.6
-1.2 -1.2 -1.2 -1.2 -1.2 -1.2 -1.2 -1.2 -1.2 -1.2 -1.2 -1.2 -1.2 -1.2 -1.2 -1.2 -1.2 -1.2 18.5 38.3 19.3 13.4 14.2 15.3 22.9 28.4 32.8 42.3 54.1 73.6 88.4 96.8 103.7 91.8 84.3 65.4 60 53.1 42.4 43.9 50.2 47.9 47.1 48 49 50.7 54.8 53.6 55.5 58 61.5 78.6 94 101.6 108.5 116.6 116.5 114.4 112.7 112.1 112.6 111.7 105.8 105 104.4 105.9 106.4 105.9 107.7 106.8 105.5 112.9 112.5 105.2 104.5 106.5 103.3 108.3 109.9 105.7 113.9 110 104.7 101.2 83.4
1 -1.2 -1.2 -1.2 -1.2 -1.2 -1.2 -1.2 -1.2 -1.2 -1.2 -1.2 -1.2 -1.2 -1.2 -1.2 -1.2 -1.2 9.7 7.4 8.6 11.7 15.6 25.8 41.4 41.5 38.2 39 44.8 62.7 78.6 83.5 79.4 70.4 65.9 68.1 57.5 51.3 52 46.4 45.6 46.1 47.8 51.4 61.3 65.5 58.7 55.2 57.7 58.8 64.9 86 102.9 115.3 121.4 125 124 121.5 118.9 116.3 116.9 119.1 112 115 113.2 110.1 112.4 109.3 106.5 110.7 112 110 107.2 103.7 102.4 102.5 104.2 111.5 110.2 107.9 111 113.7 112.8 98.6 80.8
7.8 3.4 -1.2 -1.2 -1.2 -1.2 -1.2 -1.2 -1.2 -1.2 -1.2 -1.2 -1.2 -1.2 -1.2 -1.2 -1.2 -1.2 -1.2 -1.2 4.3 9.4 22.9 51.1 62.1 61.4 57 48.8 43.6 51.3 73.9 69.2 64.5 60 65.9 61 52.3 40.6 44.6 51.2 48.4 47.5 48.7 55.6 73 73.9 67.4 56.5 57.3 57.6 69.1 93.7 109.6 117.5 126.4 131.7 130.1 128.2 125.8 123.1 119.9 118.4 116.7 117.3 115.2 114.2 115.7 111.7 115.2 120.3 116.4 107.7 104.1 102.8 102.4 102.8 105.9 107.1 109.2 110.9 118.9 121 115 98.3 81.9
9.6 5.1 1 -1.2 -1.2 -1.2 -1.2 -1.2 -1.2 -1.2 -1.2 -1.2 -1.2 -1.2 -1.2 -1.2 -1.2 -1.2 -1.2 -1.2 1.6 9.5 38.7 71 75.4 74.1 76.2 71.1 62.9 54.9 52.5 56 55.7 58 70.2 61.6 46.2 37.6 36.3 49 51.1 52.2 55.5 57.7 76.3 83.9 83.6 60.3 58.7 58.5 74.5 100.6 108 119.1 131.8 136.9 135.1 130.3 127.6 123.1 121.7 122.7 121.5 118.6 118.1 117.4 117.3 123.1 123.6 124.3 123 110.5 103.3 102.7 102.4 104.7 108.1 107.9 113.8 113.7 120.5 117.8 108.8 95.4 83.1
8.2 8.2 7.3 5.4 4.9 0.7 -1.2 -1.2 -1.2 -1.2 -1.2 -1.2 -1.2 -1.2 -1.2 -1.2 -1.2 -1.2 -1.2 -1.2 1.9 15.7 46.6 70.9 79.5 86.3 87 78.6 70.2 61.9 53.4 44 43.3 56.2 64.8 59.4 42.2 36.9 36.5 53.2 57.8 68.3 65.1 61.3 78.7 91 91.7 85.6 70.1 70 83.8 100.7 109.9 119.2 133.5 134.8 132.7 129.6 126.7 124.6 126 136 137.4 124.3 126.3 124.6 133.9 135.3 134.1 133.5 128.9 112.3 103.8 103.6 107.5 105.9 108.7 111.4 119.5 115.8 123.4 117.5 107.8 84.9 84.1
5.5 8.2 14.8 10.2 9.8 2.4 0.8 -1.2 -1.2 -1.2 -1.2 -1.2 -1.2 -1.2 -1.2 -1.2 -1.2 -1.2 -1.2 -1.2 6.1 28.8 55.8 71.7 73.7 87.8 90 81.7 71.1 58.9 50.4 39.6 38.6 46.2 52.2 52.3 36.7 36.5 41.6 55.1 71.3 83.1 70.5 72.2 78 84 85.2 91.4 88.9 75.7 89.3 101.6 108.3 115.4 125.5 129.2 129.1 130 128.1 133.5 137.8 141 147 135 135.6 146.1 145.4 140.9 141 134 129.6 113.6 107.2 103.9 105.3 106.7 115.3 114.9 118.5 128.7 125.3 114.2 97.6 85.9 86
4.4 11.1 31.1 23.6 20 9.7 7.1 2 -1.2 -1.2 -1.2 -1.2 -1.2 -1.2 -1.2 -1.2 -1.2 -1.2 -1.2 -1.2 9.5 40.7 74 81.4 80.2 81.2 86.9 79.3 62 43.4 31.1 31.6 33.5 39.8 38.5 35.2 36.3 43.5 51.7 63.3 80.1 86.7 81.8 77.2 84 91.4 85.4 95.3 88.7 100.1 101.3 100.9 106.4 108.5 118.1 121.6 125 129 138.3 145 145.9 146.3 141.3 143.5 151.5 152.3 148.9 138.9 138.4 133.7 128.7 109.2 113.2 109.6 105.8 111.7 114.3 130.5 117.3 123.6 123.1 110.5 88.1 89.4 95.8
9 20.7 29.3 30.6 27 14.6 8.6 2.1 1.1 -1.2 -1.2 -1.2 -1.2 -1.2 -1.2 -1.2 -1.2 -1.2 -1.2 -1.2 12.2 46.4 77.2 83.4 83.1 85.3 79.7 73.4 50.1 30.4 29.8 29 29.6 33.7 34.9 43.1 49.7 48.5 57.3 68.1 79.9 88.5 77.9 84.2 85.9 84.4 89.1 90.7 91 106 110.4 115.6 105.9 108.3 110 122.6 129 138.2 146.2 150.9 153.5 141.1 146.7 151.6 154.3 152.4 148.7 141.5 126 122.8 108.3 99.7 107.9 104.7 113.7 121.2 124.6 129.3 118.1 109.1 113 95.5 91.4 106.5 108.3
10 21.1 27.2 31.5 30.9 21.2 8.8 3.3 4.2 10.2 9.9 -1.2 -1.2 -1.2 -1.2 -1.2 -1.2 -1.2 -1.2 -1.2 28.2 43.8 63.4 70.7 78.8 83.1 79.2 63 31.7 28.5 27.7 29.1 43.8 38.9 48.4 53.5 51.7 54 52.6 67.3 79 83.9 73.1 78 83 89.7 90 100.3 105.8 103.3 112.2 112.5 110.8 110.3 117.2 116.2 132.8 147.8 151.5 149.4 139.9 153.2 159.1 157.2 153.5 145.2 140.3 132.2 120.3 111.8 94 96.1 100.5 106.3 120.7 126.5 128.2 130.9 121.4 110.5 97.6 92.8 95.9 111.9 128.9
12.6 22.9 27.9 31.4 26.9 22.1 9.9 8.2 10.3 10 5.3 2.2 -1.2 -1.2 -1.2 -1.2 -1.2 -1.2 -1.2 -1.2 13.3 29.9 45 54.1 64.8 72.9 62.2 36.6 32.7 27 38.2 52.9 58.2 49.9 60.5 57.3 58.9 48.3 51.4 65.8 70.7 74.7 62.9 74.6 87.1 82.8 89.8 99.2 98.1 101.7 107.2 108.4 120 126 117.1 116.2 124.6 137.3 135.2 138.6 151 158 165 158 148.9 139.3 129.8 128.7 114.1 95.2 88.9 90.1 97.6 114.4 124.9 135.5 132.1 128.2 115.3 97.7 99.1 101.1 103.8 118.2 137.4
20.6 24.8 30.4 22.4 12.9 12.4 11.2 11 9.8 2.1 4.6 2.1 6.1 3.2 -1.2 -1.2 -1.2 -1.2 -1.2 -1.2 5.9 10 29.5 35.4 38.2 33.8 16.8 18.7 31.6 30.7 46.1 62.8 66.5 54 54.9 53 55.7 48.1 50 54.2 60.5 53.1 62 60.3 75.1 87.3 86.8 91.5 101.3 107.4 111.8 106 115.2 127.6 128.5 113.7 108.3 115.9 129.8 148.1 154.6 157.6 150 147.3 137.6 127.9 115.8 114 99.1 88.9 86.6 88.4 108.8 122.7 126.4 135.8 135 119.4 97.3 107.4 107.9 107.2 111.8 124.5 141.8
25.2 27.7 21.5 10.9 7.1 7.2 9.4 6.8 0.9 0.9 2.1 6.6 6.8 -1.2 -1.2 -1.2 -1.2 -1.2 -1.2 -1.2 -1.2 6.5 11.7 21.2 15.2 12.9 25.1 32.5 31.1 32.2 49.2 65.2 65.6 55.3 50.8 51.3 44.3 45.9 51.5 48.9 53.6 48.3 46.8 47.8 60.6 78.8 92.5 96.5 92.3 102.4 104.1 105.3 124.9 133.4 129.5 117.6 105.9 116.2 120.6 137.1 148.7 153.4 149.3 140.4 126.8 117.3 105.8 97.6 90.5 85.4 85.4 94.5 116.5 129.9 132.2 133.1 112.4 94.1 106.6 111.9 112.7 112.4 121.7 133.8 135.6
29.1 28.8 10.5 1.6 -1.2 -1.2 3.8 -1.2 -1.2 -1.2 4.8 6.5 -1.2 -1.2 -1.2 -1.2 -1.2 -1.2 -1.2 -1.2 -1.2 -1.2 7.8 9.3 10.3 19.7 30.7 37.6 31.5 32.9 52.2 64 68.9 52.4 51.5 37.1 27.4 32.4 40.5 34.9 42.8 39.7 39.4 41 53.5 69.8 82.6 83.5 84 92.1 100 113.7 127.3 132.3 117.7 103.8 107.5 115.1 116.5 133.1 139.7 146.1 143 135.4 129.8 115.4 98.1 91.2 85.4 85.4 94.5 99 115.8 128.7 123.7 97 91.9 107.8 108 110 113.8 125.1 147 142.3 148.2
29.5 12.1 2.2 -1.2 -1.2 -1.2 1.1 -1.2 -1.2 -1.2 2.3 -1.2 -1.2 -1.2 -1.2 -1.2 -1.2 -1.2 -1.2 -1.2 -1.2 -1.2 4.4 7.2 9.4 39 40 26.9 35 36.6 51.4 63.9 61.7 46.2 43.6 27.9 21 29.2 30.5 25.2 28.8 31.2 32 34.7 41.2 49.1 60.6 71.8 76.8 92 109.7 112.1 108.4 99.2 103.1 118.7 126.2 128.2 129.4 126 135.1 132.8 135.6 137.7 121.5 107.6 95 85.1 81.2 88.6 103.5 101.2 112 114.4 96.3 90.7 104.6 111.1 114.6 112.3 116.3 130.8 148.1 144 146.2
13.8 5.2 -1.2 -1.2 -1.2 -1.2 -1.2 -1.2 -1.2 -1.2 -1.2 -1.2 -1.2 -1.2 -1.2 -1.2 -1.2 -1.2 -1.2 -1.2 -1.2 -1.2 1.7 6 10.4 19.9 22 23.7 40 39.1 49.1 62.6 57.5 29.7 28.5 21.2 19.8 25.2 20 20.3 21.9 32.9 32.9 32.2 35.1 39.8 51.7 56.1 71.1 82.8 90.2 93.7 85.2 89.2 109 133 133.6 131.5 129.2 125.8 122.6 123.8 125 116.1 97.4 93.1 86.7 76.7 69.4 88.2 95.7 97.7 98.8 93 88.5 92.6 108.1 111 112.4 113.4 119.7 128.3 135.3 140.4 141.2
