WholeMapElevations/data/nc/nc72_OST50GRID_20230518/NC72.asc
ncols 200
nrows 200
xllcorner 270000
yllcorner 920000
cellsize 50
[rows 35 to 69 of 200, columns 0 to 77 of 200]
351.7 350.4 348.4 343.9 340.9 339.9 338.7 337.4 332.2 326.3 324.2 321.4 321 319.4 319.9 319.3 318.4 317 318.4 319.1 319.7 319.2 317.5 316 315.3 317.7 319.2 320.9 323.4 324.3 325.7 324.9 324.1 319.9 315.8 313.6 311.1 309.3 305.9 304.1 300.4 296.5 292.3 288.5 284.6 281.8 280.5 279.4 278.3 277.2 276.1 274.6 272.5 270.1 271.7 273.2 274.4 275.3 275.4 275.6 275.6 275.9 276.5 277 277.3 277.6 278.5 280.2 282.9 285.4 287.5 289.5 291.5 292.7 293.4 292.8 292.8 292.9
349.2 347.6 348.4 343.4 340.3 338.9 337.6 339.7 331.4 326.3 323.3 321.7 321.3 320.7 318.4 319.3 318.7 316.1 317.5 318.2 318.7 317.9 316.8 314.7 314.3 315.8 316.3 320.3 321.6 321.9 322.4 323 321.7 319.1 315.4 313.3 311.3 309.8 308.8 307.5 305.9 300.6 295.1 291.4 287.6 283.8 281.1 280 278.9 277.9 276.8 275.4 272.5 269.2 269.6 272.5 273.5 274.2 274.8 275 275.1 275.2 275.8 276.2 276.5 276.8 277.1 277.7 279 280.9 282.9 284.8 287.1 288.2 289.2 289.5 289.6 289.7
349.6 346.5 344.3 342.2 339.3 337.2 335.6 335.3 328.9 322.7 320.7 321.8 321.3 321.1 318.1 318.6 318 316.2 315 317 317.6 316.6 315.3 313.7 313.6 314.5 314.6 317.3 318.7 318.6 319.1 319.8 319 316.9 314.8 312 309.4 309.1 308.6 308 307.8 303.7 298.6 293.9 289.9 286.2 282.7 280.7 279.7 278.5 277.3 275.9 273.8 270.8 270.7 271.8 272.9 273.6 274.1 274.3 274.5 274.7 275 275.4 275.7 275.7 275.9 276.3 276.8 277.1 278.3 279.8 282.3 284.1 285.3 285.9 286.4 286.4
355 350.5 349.5 345.5 339.3 336.2 334.9 333.8 325.8 320.3 318.3 318.5 320 319 315.3 316.4 316.3 314.5 312.8 315.8 315.6 315.3 313.9 312.6 311.2 312.9 314.1 315.2 315.7 315.1 315.1 315.9 315.7 314.7 313 311.3 309.1 307.4 306.9 306.3 304.3 301.9 299.8 297.3 292.8 288.3 285.4 281.9 281.1 279.5 277.9 273.3 270.9 269.5 269.2 271.1 272.2 273 273.4 273.7 273.9 274.1 274.3 274.1 273.8 274.1 275 274.7 275.5 275.7 275.8 276.8 278.1 280 281.2 281.9 282.5 283
361.2 357.7 355.2 349.6 341.7 338.2 334.7 330.3 324.6 320.7 318.5 319.5 317.7 318.3 317.1 314.3 312.5 312.9 311.6 314.1 313.5 314.1 313.1 312.2 309.8 311 312.4 313.2 313.4 311.8 310.9 311.5 312.7 312.2 310.9 309.2 307.6 305.9 305.6 305.1 305.2 301.9 298.9 297.4 294.2 290.5 287.1 284.7 283.1 280.7 279.1 276.3 273.5 270.9 268.8 269.1 271.1 272.3 272.8 273.1 273.3 273.1 272.3 271.8 272.3 273.2 274.2 273.7 274.1 274.4 274.5 274.6 274.9 276.2 277.1 277.9 278.7 279.7
380.2 365 360.5 353.9 344.4 340.1 336 327.1 322.4 321.3 320.9 320.4 320.3 319.8 319 317.2 312.7 311.9 309.6 312.3 312.7 312.7 311.6 310.5 309.3 308.3 310.3 311 311.1 310.1 308.2 308.2 308.8 309 308.3 307.1 305.4 303.9 302.8 303.8 304.8 303 299.7 297.3 294.2 291.7 289.6 287.7 285.1 283.1 281.2 278 275.1 272.9 270.8 266.8 270.4 271.4 272.2 272.5 271.8 271.1 270.7 270.4 271.4 272.3 273.3 272.6 272.4 273.1 273.3 273.5 273.6 273.4 274.3 275 275.7 276.7
395 391.5 371.6 361.3 351.8 339.7 337.4 328.1 324.6 320.6 319.4 320.8 320.9 320.5 320 317.3 314.6 313 311.5 309.2 312.4 312.1 311.9 310.8 308.7 306.7 308.7 308.3 309.2 307.7 306.3 306.1 305.4 305.2 304.6 304.5 302.7 302 301.4 301.7 303.2 303.8 300.9 297.9 295.1 292.5 290.9 288.9 287.2 285.9 283.2 280.6 277.5 273.6 271.3 266.5 269.1 270.2 271 271.6 271.3 270.9 270.4 267.3 270.6 271.5 272.4 271.5 270.6 272 272.3 272.5 272.6 271.9 272.4 272.7 273.3 273.3
406.3 391.2 378.2 370.3 361 346.8 335.6 330.2 326.4 322.6 320.3 322.1 322.9 322.2 321.1 319.9 318 313.9 310.4 311 313.1 313 312.5 311.2 309.5 306.6 307.1 307.5 307 306.8 305.8 304.2 302.2 302.1 302.1 301.7 300.4 300.2 299.8 299.9 300.3 301 300.5 297.8 295.9 293.3 291.7 290.1 288.7 287.2 285.3 283.5 278.9 274.8 271.4 267.7 266.7 268.4 269.3 270.7 270.9 270.8 269.6 266.7 269.3 270.7 271.4 270.5 269.3 270.6 271.2 271.5 271.4 270.4 270.3 271.1 271.7 271.4
409.8 397.8 384.6 379 367.6 355.4 347 334.3 328 326.9 324.6 324.2 326.3 326 325.3 323.4 321.6 314.9 311 311 313.2 313.8 313 311.6 310.2 308.2 305.7 303.9 305 304.9 304.1 303.3 301.5 299.7 299.4 298.9 298.1 297.6 296.8 296 296.7 297.5 298 297.6 295.9 294 292.3 291.2 290.9 289.8 289.1 286.2 280.5 276 272.1 270.1 266.9 266.9 267.9 269.1 269.8 269.9 269 266.6 268.5 270.1 270.5 270.1 269.2 269 270.2 270.5 270 269.5 268.9 269.8 270 269.7
415.9 402.2 389.6 383.5 374.1 361.3 348.8 338.4 330.4 326.7 324.8 323.1 326.4 327.6 326.9 325.2 322 316.5 312.2 309.3 312.4 313.2 312.6 312.3 310.8 308.2 306.2 302.4 303 302.8 302 301.2 300.4 297.8 296.6 296.1 295.5 294.9 294.3 294 294.4 295.5 296.3 296.3 295.2 293.9 292.5 292.3 293.2 292.9 292.7 289.8 282.6 277.5 272.7 270.6 268 265.1 267.2 268.2 268.4 268.5 268.2 266.4 267.6 269 269.4 268.9 267.7 269 268.9 268.7 268.7 266.5 267.6 268.5 268.4 268.1
423.8 402.7 393.8 384.2 375.2 363.7 352.1 342.5 334.3 330.2 325.2 323.9 325.4 330.4 330.3 327.4 323 317.9 313.2 310.1 307.5 312.3 312.4 312.1 311.7 309.1 305.6 303.2 300.1 300.6 300 299.2 298.1 296.7 294.9 293.9 292 291.9 291.1 292.8 292.9 292.9 293.1 293.9 293.2 292.4 291.7 291.2 291.3 292.8 294 289.6 283.5 278.5 274.1 271.2 268.4 265.9 265.6 265.9 265.8 266.7 267.2 266.5 267 268.1 267.9 267.2 266.7 267.7 267.5 267.3 267.1 266.8 266.4 267.1 266.9 266.7
430.7 407.9 396.3 387.2 378 363.4 354.4 346.1 336.8 332.8 329.7 327 326.5 331.5 332.1 331.1 324.7 319.4 314.7 311.3 306.1 306.4 311.6 311.9 311 308.5 304.7 302.5 300.9 297.3 297.9 297.2 296.3 294.9 292.3 292.5 291.2 290.1 289.6 290.6 290.8 290.6 291.3 290.9 291.4 291.1 289.7 289.5 289.7 291 291.1 286.4 283.3 279.8 275.7 272.1 269.6 268.2 266.4 266.4 263.7 265.4 264.9 265.3 266.6 266.8 266.2 265.3 265.3 266.7 266.5 266.3 265.8 265 265.3 265.6 265.3 265.2
441.8 416.3 400.7 388 373.8 360.9 353 345 337.2 334.6 330.3 328.4 326.3 332.2 333.9 332.5 330.6 324.5 318.2 313 309.8 307.2 310.2 311.4 310.4 307.9 303.4 301.8 300.2 298.3 296 295.1 294.5 292.7 290.6 289.5 289.4 288.1 286.8 288.2 288.3 288.4 288.6 289 289.4 289 288.3 288.1 288 288.1 287.3 287.2 285.1 281.4 276.6 273.4 271.1 269.8 267.5 265.6 264.9 262.4 263.5 263.4 265.2 264.5 263.8 263.7 265 265.6 265.6 264.9 264.4 264 264.3 264.2 263.7 263.5
454.3 425.7 399.8 385.9 368.6 356.9 348.5 345 339.4 334.5 332 330 328.2 332.7 337.2 334.9 332.3 329.4 323.5 316.9 313.2 311.3 310.4 305.1 307.3 307.2 302.5 301 299.5 297.4 296.5 295.2 293.6 292.6 290.9 289.8 286.3 285.9 286.1 286.5 285.6 287.3 287.3 287.6 287.4 287.5 286.9 286.5 286.2 286.7 287.1 286.6 285.5 281.1 276.6 275.1 272.9 271.6 269.6 266.9 265.6 264.9 262.5 263.5 264.7 264.2 262.4 263.1 263.2 264 264.3 264 263.5 261.2 262.5 263.2 263.1 262.8
468.3 437.2 404.4 386 375.3 365.1 351.6 344.4 338.8 337 332.8 330.5 333.3 335.4 341.1 338.5 335 331.8 327.6 322.7 317.5 314.2 313.1 311.5 308.6 300.6 300.5 299.1 296.6 296.5 293.6 294.7 293.9 293.7 292 290.9 289.9 288.4 287.2 283.8 285.1 286 285.9 286 285.9 285.7 285.4 285 284.6 284.1 283.6 284.1 283.3 280.7 277.6 276 273.5 272.9 271.7 269 266.7 265.6 262.4 262.8 263.9 262.5 263.1 260.4 260.7 261.5 261.9 262.3 262.1 260.2 261.6 261.7 261.7 262.4
472.1 443.6 409.3 397.1 385.5 380.7 364.4 344.6 338.9 334 330.8 330.9 333.5 337.3 339.5 341.3 339.2 335.5 331.5 328.1 324 318.4 314.9 312.8 308.8 303.3 299.4 300.5 297.1 295.4 294.6 291.7 289.7 292.9 292.2 291.2 289.5 288.3 286.5 282.5 284.6 284.7 284.7 284.5 284.3 284.1 283.9 283.3 282.8 282.2 282.1 281.5 280.9 279.3 276.5 274.3 273.4 272.6 271.9 270.3 268.7 267.1 264.5 261.2 261.7 261.1 262.4 262.5 262.4 260.8 258.6 258.8 259.5 259.6 260.1 259.6 260.1 261.2
491.2 445.4 413.9 403.5 397.1 390.2 378.7 355.5 344 330.8 330.8 330.8 330.8 331.9 337.7 340.9 341.5 339.7 336.5 331.6 328.3 323.9 320.1 317 312.9 307.8 303.8 300.7 299.4 297.2 297.1 294.6 293.7 288.1 292.3 291.4 289.2 287.8 286 281.9 283.1 282.5 283.1 282.8 282.5 281.9 282.4 281.9 280.9 280.4 280.5 280.3 278.4 277.1 274.9 274.2 273.3 272.5 271.8 270.2 268.7 267.4 264.3 261.9 262.7 263.3 263.4 262.9 262.5 262.5 262 260.8 259.6 256.3 257.4 258.4 258.2 259.3
519.3 474.5 423.7 407.3 402.4 395.6 383.3 367.2 349.3 336.7 330.8 330.8 330.8 330.8 330.8 336.9 339.3 341 340 335.9 331.1 327.8 325.2 321.5 317.5 312.9 308.3 303.7 301.5 302 299.8 297.1 295.1 289.3 290.5 291.5 289.1 287.3 285.5 282.4 280.2 280.3 281 280.7 279.6 278.9 280.3 280.7 280.5 278.9 279.5 279.2 277.2 275 274.4 273.6 272.3 271.5 271.5 270.2 268.9 267.7 266.5 264.4 263.8 264.4 263.9 263.4 262.9 262.8 262.7 261.2 260.2 259.3 256.9 255.7 255.3 257.1
534.1 482.1 442 415.9 406.3 399.8 387.2 371.7 354.4 338.2 330.8 330.8 330.8 330.8 330.8 330.8 332.9 338.3 339.2 337.3 333.3 328.8 326.3 324.5 321.2 316.7 312.7 309.2 307.1 306.2 303 299.1 297.2 293.9 289.7 285.4 283.5 285 284.8 281.7 282.8 279.9 278.4 277.2 274.9 276.3 278.6 279.1 279.3 278.8 278.4 276.5 275.7 274.4 273.8 273.2 272.3 271.2 270.6 269.9 269.2 267.9 266.9 265.1 265.2 264.8 263.7 263.2 262.7 262.6 262 261.1 260.3 259.7 259.2 258.2 257.2 253.7
539 487.9 449.9 418.3 401.9 391.9 389.3 371.7 353.5 344.3 330.8 330.8 330.8 330.8 330.8 330.8 332.1 337.9 337.9 338 334.8 330.8 327.4 325.9 323.7 320 315.7 312.5 311.1 308.3 304.3 302.1 299.5 296.7 294.5 292.2 288.9 287.3 286.1 284.8 282.1 279.9 276.5 274.7 276.1 273.2 276.4 277.7 277.3 277.8 277.3 276.2 273.3 273.6 273.1 272.5 272 271.5 270.2 269.5 268.8 267.9 266.7 265.4 265.5 265.5 264.3 263 262.3 261.9 261.2 260.4 260.5 260 259.5 259.1 258.3 257
543.6 500.7 470.5 430.1 407 391.4 377.6 364.5 353.5 342.9 330.8 330.8 330.8 330.8 330.8 330.8 333 337.4 337.8 337.8 334.8 331.6 327.6 326.2 324.3 321.5 318.5 313.7 313.2 310 307.7 304.2 301.2 298.6 296.8 295.4 290.9 288.3 287.1 285.9 284.1 282.7 281.1 279.2 276.9 276 272.5 274.7 274.6 275.9 275.8 275.2 273.2 272.5 272 271.7 271.5 271.5 270.2 268.8 268.3 267.8 266.4 266.2 266.1 266 265 263.6 262.1 261 260.3 259.5 259.8 259.8 259.4 259.1 258.7 257.9
547.2 517.6 475.3 440 412.8 398.3 386.1 368.7 347.5 342 330.8 330.8 330.8 330.8 330.8 330.8 330.9 337.2 338.6 337.6 333.1 328.8 327.5 325.9 324.1 322.4 320.7 315.4 314.3 314.4 312.9 310.5 304.8 301.9 300.2 299.4 296.3 290.5 288 286.2 284.4 283.8 281.7 280.4 278.5 276.7 274.4 272 274.4 274.5 274.6 273.6 272.9 270.6 269.4 269.4 270 269.8 269.3 268.7 268.2 267.7 266.7 266.8 266.4 265.8 264.9 263.2 261.8 260.8 259.7 258.7 258.8 259 259.1 258.7 258.3 258
555.2 526.9 482.3 452.9 422.6 403.9 393.4 376.1 357.6 337.8 330.8 330.8 330.8 330.8 330.8 330.8 330.8 337.5 338.8 337.6 333.1 328.9 327.9 327.3 325.9 324.4 322.4 320.1 317.9 316.9 316.9 313.9 310.1 306.3 305.4 304.3 301.2 293.7 289.8 287.7 285.5 284.6 283.3 281.5 279.4 277.4 275.8 275 270.4 272.7 272.1 271.3 270.1 267.3 266 265.8 269 269.2 268.9 268.5 268.1 267.6 267 265.5 265.9 265.1 264.4 262.7 261.6 260.5 259.5 258.4 257.9 258.1 258.3 258.4 258 257.8
556 526.8 489.1 461.3 428.6 406.8 397.1 382.3 362.5 342.1 330.8 330.8 330.8 330.8 330.8 330.8 330.8 332.2 338 337.1 332.9 329.4 328.6 328 327.3 326.1 323.2 323.9 321.4 319 319.3 317.2 314.2 311.1 310.9 308.7 304.4 297 292.4 289.8 288 285.7 283.8 281 278.9 277.2 276.6 276 275.3 273.2 272.1 271.1 271.9 270.7 269.5 263.4 266.5 268.7 268.3 267.9 267.5 267.1 266.4 265.6 265 264.5 263.8 262.4 261.4 260.4 259.4 258 257 257 257.2 257.4 257.1 257
556.3 523.7 490.9 467.8 432.7 413.2 401.6 386.1 366.2 344.3 334.3 330.8 330.8 330.8 330.8 330.8 330.8 330.8 336.4 337.2 334.3 330.8 329.3 328.6 328 326.3 326.2 326.2 325.3 322.3 321.5 319.9 317.2 315.2 313.9 311.1 307.3 301.3 296.4 293.7 290.9 285.7 283.4 280.6 278.8 278 277.3 276.7 276.1 275.1 274.5 273.9 273.1 271.7 270.1 265.8 265.7 268.3 267.6 267.2 266.8 265.7 265.2 264.2 263.4 263.2 263.1 262.3 261.3 260.3 259.3 257.7 256.4 255.8 256.6 256.4 256.4 256.1
548.4 520.1 495.4 467.9 437.4 416.6 404.5 386.3 368.1 347.3 340.8 337.3 330.8 330.8 330.8 330.8 332.3 330.8 335.8 337 333 329.8 329.2 328.9 327.9 327.4 328.4 328.4 328.1 325.2 323.2 321.2 319.6 317.5 314.8 312.9 309.7 304.9 300 296.8 293.4 288.3 283.8 281.1 278.9 277.8 276.3 276.4 276.3 275.8 275.1 274.3 273.2 272 270.2 262.7 264.7 266.6 266.9 266.2 265.1 264.4 263.9 262.9 262.7 261.9 261.7 260.9 260.3 259.6 258.9 257.9 256.4 255.5 255.9 255.9 254.7 254.5
538.3 506.8 490.2 464.4 438.5 421.3 408 388.7 370.2 356.9 348.3 344.1 340.9 332.1 333 337.5 337.5 335.4 335.7 336.7 332.3 328.7 328.1 327.6 327.3 327.4 327.6 328.3 328 325.9 324.6 323.1 321.9 320 318 315.1 312.9 309.4 304.9 301 296.3 291.1 286 281.7 278.7 277.3 276.2 274.8 275.9 275.6 275 274.3 273.3 272 269.8 265.3 262.6 264.8 264.9 264.5 263.6 263.1 262.6 261.5 261.9 261.7 260 258.8 258.6 258.2 257.8 257.7 256.6 255.8 255.3 253.2 252.8 253
529.9 504.6 484.1 457.6 441 424.3 408.3 392.6 376.9 364.1 359.5 353.5 349.9 339.9 344.4 346.1 341.7 339.3 335.7 335 329.9 326.9 327.3 327.1 327.9 327.6 327.6 327.6 328.8 327.7 326.4 326.5 326 323 322.4 320 318.9 315.6 311.2 307.1 301.9 296.8 290.9 285 279.6 276.9 276.3 275.6 274.7 275.4 274.5 273.9 272.9 270.9 269 266.3 263.7 259.8 262.6 262.6 262.3 261.9 261.3 259.9 261.1 260.8 259.8 258.6 258.3 257.1 256.9 256.4 255.8 254.2 253.8 254.3 253.5 251.9
518.5 495.9 474.4 453.9 440.9 423.9 412.7 398.7 384.4 373.3 369.4 361.6 358.5 347.4 349 350.5 346.1 342.7 337.7 335.2 332.7 329 328.3 329.8 330.3 330.9 328.9 327.6 327.6 328.9 328.9 330.4 329.8 325.2 324.6 322.7 320.1 318.4 315.8 312.7 307.6 302.7 297.4 289.2 283 279.4 275.6 275.7 275.4 273.6 274 271.6 272.5 271.4 269.8 267.9 266.5 264.7 258.6 257 260.3 259.2 258.2 258.5 259.2 258.9 258.6 258.7 258 256.3 255.1 255 254.6 254.4 255.5 254.8 254.6 253.1
505.7 488.4 471.8 455.9 443.2 428.5 417.9 405.7 391.3 381.5 377 370.9 364.2 352.5 353.9 353.9 348.6 345.7 340.9 335.7 336.7 335.7 330.7 329.7 329.5 330.3 329.6 328.4 327.1 328.6 330.2 331.8 330.1 325.2 324.7 324.2 321.4 320.2 318.5 316.7 312.8 307.8 301.4 293.8 286.8 281.9 277.5 276.8 276 275 273.1 274 273.4 272.3 270.7 269 267.4 265.9 263.7 260.8 258.2 255.1 255.2 254.6 256 254.5 255 255.8 257.4 257 256.7 256.3 255.6 255.8 255.8 255.6 255.3 254.8
496 482.4 470.1 457.2 445.6 432 420.8 410.6 398.1 387.5 378.2 374.6 369.7 362.3 358 354.1 354.5 350 343.7 337.1 336.9 335 332.5 329.5 327.6 328.3 328.7 327.4 325.6 327.2 327.5 328.9 327.9 324.6 323.1 321.8 321.5 320.8 319.3 317.8 316.6 310.8 304.7 297.7 290.4 284.5 278.6 277.5 276.6 275.5 274.6 274.4 273.6 272.7 271.5 269.8 268 266.2 263.8 259.5 261.4 259.7 257.1 256.9 259 255.5 253.9 254.6 256.7 256.6 256.4 256.1 255.9 256 255.9 255.9 255.6 255.3
490.3 476.7 464.9 455 443 432.2 421.4 412.3 403.2 393.3 384.5 381.4 376.3 369 360.9 358.4 358.1 354.7 348.9 340.1 336.8 333.7 331.1 328.5 326.1 326.1 325.6 325.2 323.1 323.4 323.8 324.2 323 320.9 319.9 319 318.9 319 318.4 317.1 315.4 312.3 305.8 298.6 292.2 286.1 279.4 278.1 277.2 276.3 275.3 274.6 273.2 271.9 271.2 269.8 268 265.9 261.1 262.4 262.7 262.2 259.1 260.7 260.5 258.2 256.9 252.9 256.5 256.2 256 255.9 256 256.1 256 255.9 255.9 255.2
487 471.2 459.2 449.6 441.4 431.8 423.1 415 408.2 400.4 391.7 384.6 379.2 372.3 366.7 362.9 360.4 357.2 351.8 342.9 337.9 333.6 330.7 327.8 325.3 324 322.2 322 320.3 319.3 319.3 319.3 318.8 317.3 316.2 315.1 314.7 315.4 315.4 316.1 312.3 310.2 304.5 299 293.8 286.5 280.7 278.5 277.1 276.2 275.3 274.9 273.8 272.4 270.8 269.8 268 263.6 262.9 264.2 264.1 263.6 261.2 262.7 262.2 260.5 258.5 255.9 252.6 255.5 254.8 253.4 255.3 255.7 255.5 255.1 255.5 254.9
483.3 466.3 454.3 446.7 438.6 429.7 423.7 415.5 409.3 403.9 397.7 389.2 382.2 375.5 373 369.8 364.6 358.6 354.3 347.1 338.2 333.9 330.7 327.7 325.4 322.2 319.4 318.6 317.2 315.4 314.5 314.8 315.1 313.5 311.8 310.2 309.9 310.6 311.7 313 311 307.2 302.3 298.6 293 286.4 281.8 279.3 277.3 276 275 274.5 274.1 272.9 271 269.4 266 262.6 265.6 266.1 265.6 265 262.9 263.5 263.1 261 259.5 256.1 257 254.5 251 250.9 250.6 253.8 254.3 254.1 254.4 253.5
479.3 463.2 450.1 442.9 436.1 428.9 422.9 416.4 410.1 405.2 399.8 393.1 386.4 380.7 377.6 372.5 366.9 361.5 357.8 348.1 338.3 333.5 330.7 328.2 326 323.1 317.8 316.5 314.9 312.9 309.8 310.1 310.1 308.9 307.2 305.6 305.2 305.2 306.1 307.3 307.2 304 299.9 296.7 293 287.3 283.1 280 278 276 274.7 274.8 273.8 272.8 270.6 265.9 267.2 268.7 268.3 267.4 266.6 266.1 265.3 264.1 263.1 260.4 258.7 257.5 258.1 257.6 256.7 254.4 252.6 250.3 253.4 253.7 252 252.2
