WholeMapElevations/data/sj/sj17_OST50GRID_20230518/SJ17.asc
ncols 200
nrows 200
xllcorner 310000
yllcorner 370000
cellsize 50
[rows 0 to 34 of 200, columns 0 to 77 of 200]
208.8 206 204 202 200.4 199.4 198.6 198.9 197 196.2 196.3 197.6 197.8 197 197.6 197.5 198.3 197.7 197 197.4 197.2 193 185.7 185.6 186.5 182.3 177 173.8 175.4 174.9 175.7 179.6 184.8 185.7 187.5 187.9 190.1 192.9 195 197.6 197.3 198.1 199.2 199.9 199.7 198.7 195.9 193.8 190.9 188.9 187 177.6 184 175.3 164.1 152.5 142.4 139.1 137.9 135.6 132.5 134.2 137.9 135.1 135.5 132.3 130 127.6 127.6 126.7 125.3 123.4 122.6 120.1 116.9 113.7 111.1 107.9
203.7 201.6 199.5 198 196.7 195.8 195.1 195.7 195.1 193.8 192.9 193.7 194.7 195.2 196.7 197.6 198.2 197.5 197.4 197.8 197.3 195.9 188.4 186.7 187.8 184.4 180.2 178.3 177.5 177.5 178.1 180.7 184.2 186.7 189.3 192.6 192.3 196.8 197.9 198.5 199.2 199.3 199.8 200.2 199.8 200.1 199.3 196 193.7 193 191.2 186.1 190.3 189.6 184.1 172.2 158.2 140.9 141.4 141 136.4 132.1 131.3 130.6 130 130 129.7 128.9 127.5 125.8 124.2 123.2 121.9 120 117.9 115.1 112.3 109
199 198.1 197.3 195.9 194.4 192.9 192.2 192.2 192.3 192.4 191 191.4 192.2 194.1 196.1 196.9 197.7 197.5 197.7 199.5 199.5 197.8 193.5 187.7 188.4 185.7 183.1 182.6 182.6 182.3 181.6 183.2 185 187.3 190.8 192.6 194.1 197.2 200.2 200.9 200.7 201.7 201.1 200.3 199.9 199.5 199.5 197 195.1 194.4 192.7 191.4 192.7 197.4 196.3 190.3 178.3 156.1 139.1 138.3 138.6 136.5 132.7 128.9 126.8 125.9 125.6 126.4 126.9 124.9 122.3 120.3 120 118.7 116.9 114.8 112 106.2
194.3 194.5 194.7 192.7 191.3 190.4 190.7 191.2 193.9 193.8 191.1 189.4 190.2 192.8 195 195.5 197.6 198.8 200.2 200.8 200.9 200 196.4 192.3 190.2 189.2 186.6 185.4 185.6 186.8 187.1 188.4 188.4 188.9 189.3 191.7 194.1 195.7 197.9 199.1 200.9 202.7 203.6 203.4 203 201.4 200.6 197.6 198.5 198.2 196.8 196 194.9 195.9 197.1 196.1 190.8 173.8 152.7 139.8 139.5 141.1 136.3 130.7 126.9 125.2 123.9 123.7 124.4 123.2 121.1 118.7 116.7 115.4 114.4 112.6 108.2 110.1
190.7 191.2 190.5 189.5 189.1 188.7 188.8 191.6 194.9 194.9 192.5 189.4 188.8 191 193.1 194.8 197.2 199.4 200.8 201.5 202.1 201.9 200 195.9 192.2 192.7 190.9 189 186.8 188.5 190.1 190.4 190.6 192 192.2 193.8 196.9 198 198.7 198.2 199.5 201.7 205 206.7 206.5 205.4 204.3 201.8 201.7 200.8 201 201.2 199.4 197.3 196.3 195.8 194.8 185.5 177.2 157.6 144.7 145.1 137.3 127.8 124.6 124.1 123.1 121.1 121 120.7 118 116.3 114.3 112 112.3 112.7 113 112.1
187.2 187.1 186.9 187.2 187.6 186.9 187.4 190.3 193.9 194.7 192.2 189.8 188 188.7 190.8 193.8 196.5 198.8 201 202.6 203.5 203.8 203.1 197.5 194.9 195.1 194 192.2 190.7 190.5 191.8 192.8 192.4 193.3 194.2 195.5 197 198.7 199 198.9 201.1 202.3 206.1 209.6 209.5 208.1 207.1 206.1 204.6 203.8 202.5 202.7 201.9 200.8 198.6 196.7 194.5 192.2 191.8 175.4 154.5 144.7 131.3 121.7 120.6 120.6 120.3 119.8 118.6 117.5 118.1 116.7 116.3 115.3 114.5 114.7 113.4 110.9
185.4 184.9 185.9 186.1 185.9 184.9 184.5 186.7 189.5 190.2 190.4 189.9 187.3 187 189 192.6 194.4 197 199.7 203.2 204.2 204.8 205.8 201.9 199.1 197.7 196.6 193.7 192.9 191.4 192.8 194.7 194.3 192.4 193.2 194.8 196.7 196.8 197.2 200 202.7 203.9 207.6 209.2 210 209.1 207.7 207.4 207.2 205.6 204.5 202.9 201.7 201.7 200.3 198.4 197.9 196.8 194.4 188.5 167.8 156 144.2 131.1 120.9 120.6 122.8 122.7 119.8 120.2 120.2 120.4 120.7 119.4 118.3 115.4 112 111.3
181.7 182.5 184.7 184.4 183.5 182.3 182.2 183 184.1 185.1 186.7 187.3 185.9 185.6 187.5 190 192.1 195.2 198.4 201.7 204 206.9 209.2 204.7 200.7 198.5 196.8 194.4 192.9 191.7 192 192.7 191.6 190.8 193.8 195.5 197.2 196.2 195.9 199.7 200.8 203.1 206.1 207.9 208.8 208.5 206.6 206.7 206.9 205.5 205.5 203 203 201.8 201.3 201.1 200.9 199.5 197.1 191.9 182.6 171.7 161.3 152.7 135.3 131.3 129.6 127.2 124.9 123.6 123.1 123.3 122.8 122.1 120 117.4 111.1 115.9
178.8 180.8 182.1 181.4 180.8 180.1 179.8 180.2 180.8 181.8 183.6 183.9 183.4 183.5 185.1 187.3 189.7 191.9 195.3 200 203.1 205.5 205.7 204.5 199.8 196.9 195 193.4 191.5 191.4 190 188.2 187.7 188.1 190.3 191.9 192.8 193.6 194.8 197.4 198.8 200.9 203.8 205.7 206.5 206.5 205.2 206.2 207.2 207 206.8 206.6 205.7 204.6 203.8 203.3 203.2 202.4 198.6 193.9 189.7 185.2 176.5 162.2 147.6 140 135 131 128.6 126.5 126.2 125 124.7 124.8 122.8 119 113.5 118
177.5 179.8 180.6 180.1 179 178.6 178.3 178.7 179.1 180 180.9 181.3 181.1 181.9 183.8 186.1 188.3 190.3 193.7 197.5 200.7 201.7 201.3 204 198.6 195 192.9 190.9 189.5 188.6 187.1 186.5 186.9 187.2 188.6 190.1 188.6 191.1 192.2 194 195.5 197.7 200 202 202.9 204.1 202.9 203.6 205.6 207.5 207.9 208.8 209.1 208.5 208.4 207.8 206.6 204.2 200.4 195.8 192.5 188.7 182.6 170.3 155.3 148.8 141 136.1 132.1 127.1 125.6 124.5 123.8 124.1 122.9 114.2 119.6 119.9
177.3 179 179.1 178.2 178.2 177.9 178 177.8 177.6 178.3 178.8 179.4 179 181.2 183 184.9 186.7 188.6 191.4 194.8 197.2 200.8 202.4 200.1 197.4 194.7 192.3 190 188.9 188.3 187.2 186.5 185.9 187 186 187.5 187.5 188.3 189.2 191 192.1 194.5 196.9 199.1 199.2 200.6 200.2 201.2 204.3 205.5 208.3 209.4 211.2 211.4 212 210.1 208.2 205.9 202.6 199.4 195.8 191.1 185.7 176.7 165.5 155.5 149.1 142.8 136.6 130.5 126.7 125.1 123.3 121.3 118.5 116.8 121.5 122.1
177 177.5 176.6 176.7 176.5 176.1 176.7 176.8 176.4 177 177.6 177.3 177.3 178.2 180 182.2 184 186 189 191.1 193.6 196 196.1 196 196 194.2 191.9 191 190.6 190.2 189.2 188.5 189.1 189.1 186.2 186.8 185.5 186 187.4 188.7 189.7 192.5 195.1 198.1 196.9 197.2 197.8 198.7 200.2 203.9 208 208.9 210.7 212.5 212.2 212.3 210 207.6 204.1 201.4 197.8 193.5 189.5 183.4 174.2 161.2 154.3 147.9 141.5 133.9 129.2 126.2 125.4 124.3 121.8 118.9 123.8 124.9
175.9 175.6 175.5 175.7 176 176 176.1 176.2 176.8 177.6 178.3 176.3 175.7 176.1 176.7 177.7 179.8 182.9 185.1 186.9 188.4 190.2 191.6 192.5 193.2 192.2 190.2 191.6 192.3 191.6 190.5 190.2 189.1 186.7 185.2 184.4 183.6 185 185.8 186.5 188 190.9 193.6 195.6 196.4 196.8 198.3 199 198.9 201 206.5 209.1 210.9 213.1 211.9 211.5 210.2 208.9 206.1 203.8 199.3 196.6 193.8 188.5 179 169.9 160.2 151.7 145.8 138.2 132.7 128.9 126.3 124.2 121.9 119.5 123.2 125.1
174.7 175.1 175.4 174.6 174.5 174.9 175.9 176 177.3 177.7 177.6 176.6 175.3 174.2 174.2 174.5 176.5 178.4 180.2 182.2 184.3 186.9 188.1 189.2 189.1 187.6 188.3 190.6 192.3 190.9 189.9 189.2 188 186.6 185.3 184 182.4 184.3 185.2 186.2 187 189.2 191.4 193.7 195.6 196 198.1 200.1 200.5 201.6 204.3 208.4 211.5 213.9 213.1 211.5 210.5 210.1 208 206.6 203.3 200.6 197.6 192.8 186.8 178.1 167.1 156.5 150 144.8 138.2 133.4 129.3 126 123.7 122.2 122.9 124.7
173.9 174.5 174 173.3 172.8 172.4 174 175.7 177.2 177.5 177.3 176.4 174.9 174 172.8 172.9 173.8 175.9 177.1 178.5 181 183.3 184.5 184.7 184.1 184.8 187.5 189.2 188.4 188.4 188 186.4 185.9 185.7 185.4 183.8 182.8 184.6 186.4 186.3 186.9 189 191.5 194.7 195.6 195.4 197.7 201 203 203.7 205.2 207.2 210.2 213.6 214.4 214.3 213.1 210.4 209.9 209.4 206.6 202.9 199.5 195.5 190.2 183.6 174.6 161.8 154.6 151.4 144.3 138.1 133.2 129.9 127.6 125.4 123.6 125.6
172.1 172.2 170.8 169.6 169.7 170.5 172.9 174.4 175.7 176.5 176.6 176 174.5 173.2 172.6 172.2 173 174.9 176 175.9 176.8 179 180.4 180.7 181.4 182.4 186 186.3 184.8 185.8 186.3 185.1 184.9 184.8 184.7 184.1 183.4 184.7 186.1 187.7 188.3 189.7 192.2 194 197 195.7 196.5 198.3 201.4 203.8 206 207.3 210.3 214.3 213.4 214.2 213.4 211.3 210.4 210.5 207.4 205.3 202.4 197.8 193.6 186.8 179.2 168.4 159.3 156.1 150.8 145.8 140.2 134.7 131.7 129 127 127.3
168.8 168.2 167.5 167.6 168.2 170.7 171.5 172.2 173.8 174.9 175.1 174 172.8 171.5 170.2 172.6 173.6 173.7 174.2 174.7 176 178.1 179 179.1 179.3 179.5 179.8 181.1 183.1 184.6 184.8 184.3 184.4 184.6 183.8 183.1 182.8 185 186.4 187.6 187.7 189 190.9 193.8 198.1 196.8 196 196.4 198.1 200.4 204 207.3 210.1 209.9 212.5 213.4 214.3 212.4 210.3 210.2 208.5 207.3 204.1 200.1 195.3 189.2 181.5 174.7 165 159.4 155.2 151.6 147.9 143.3 139 135.5 132 130.1
165.7 166.1 165.3 167.4 167.1 169.4 170.3 170.1 171.6 172.6 172.3 171.1 170.7 172.2 173.9 172.7 172.7 172.8 174.2 176.4 178.7 180.3 180.1 180 178.8 178.2 178.3 179.8 181.6 182.2 181.9 181.8 183.2 183.6 183.1 182.3 181.8 184.4 186.3 187.5 187.6 188 189.1 191.4 194.1 195.9 195.6 195.6 197.1 198.4 200.9 203.6 204.4 206.3 208.2 208.9 210.6 211.2 209.7 209.3 208.3 207.5 205.1 201.5 196.6 191.3 185.2 178.5 172.9 166 158.8 155.4 152.5 148.5 146 142.2 138.2 132.8
166.7 166.1 165.7 167.1 167 167.9 168 167.9 167.7 168.3 167.9 168.6 171.5 173.9 173.6 172.5 171.9 173.5 174.9 177.2 180.1 181.8 181.8 181.1 180.2 178.4 176.4 177.8 179.1 178.3 178.5 178.9 179.9 180.7 181.3 180.7 180.5 183.3 186 187.2 188.4 188.8 189.7 190.4 191.1 191.6 192.1 193.7 196.1 198.9 199.4 198.2 201.5 204.9 206.4 205.2 205.1 206.4 207.4 207.4 208 207.1 204.1 199.9 197.5 191.2 186.2 181.5 175.9 170.7 163.5 157.4 156.1 155.6 153.3 150 146 137.8
168.4 167.4 166.1 166.2 166.9 166.3 167.2 167.8 167.8 166.4 167.8 170.4 171.3 171.8 171.6 171 170.7 171.9 175.5 177.4 179.1 181 181.8 181.5 180.5 178 176.4 175.3 176.2 176.3 176.6 178.3 178.4 178.6 179.2 178.7 180.4 182.6 185.2 187.9 189.2 189.1 189 189.4 189.7 189.5 190 191.2 193.8 196.5 196.8 197.6 198.5 201 202.6 202.9 203.1 203.2 204 203.8 204.5 203.7 201.3 198.3 196 191 186.1 181.3 178.8 173.7 168.3 162.2 157.6 155.9 157.7 156.5 151.1 150.4
169.4 166.9 167 167.2 167.3 168.2 168.7 168.8 167.6 163.8 166.9 167 167.4 168.4 168.9 170.2 170.2 171.1 173.6 176.2 177.8 179.5 180.7 179.8 177.8 177.8 176.2 175 175.7 176.1 177.3 177.4 176.6 177.2 177.6 178.5 180.4 182.4 184.7 187.5 188.4 188.2 187.5 187.9 188.3 188 189.2 190.3 191.4 192.8 195.4 198 196.8 198 200.4 201.2 203 204.1 204 202.1 202.2 200.1 198 195 193.3 188.8 184 183 178.9 174.9 171.6 164.3 158.8 155.1 154.8 155.5 153.8 156
166 166.7 167.9 168.3 169.3 170.1 169.3 167.1 164.9 161.1 160.6 162 164.3 166.3 166.2 168.7 169.8 170.7 172.2 174.7 177 179 180 179.8 179.1 177.3 175.5 174.3 174.2 174.9 175.1 174.7 175 176.3 177.6 179 180.2 180.6 183 184.5 185.4 184.8 185.4 186.2 186.7 186.6 188.5 189.4 190.5 191.4 192.6 195.2 195.7 196.8 198.7 200.4 201.6 201.9 201.8 201.6 199.5 197.8 195.5 192.5 191.5 186.8 184.7 180.5 175.6 172.1 168.5 165.1 161.6 157.8 154.1 151.1 155.5 158.5
165.4 166.7 167.8 168.8 169.2 168.4 165.3 163 160 156.9 156.5 158 160.6 166.1 170.3 171.4 172.6 172.6 172.8 174.7 176.6 178.6 179.6 179.4 178.7 176.8 174.7 172.9 172.2 172.7 172.9 173.3 174.2 175.3 176.3 177.4 178.1 179.3 180.6 181.3 181.5 181.7 182.8 184.1 184.5 186.2 187.3 189.2 190.1 191 191.4 192.9 194.9 196.2 196.7 197.5 199.8 199.7 199.4 199.3 197.9 195.5 194 192 190.3 188.7 186.6 184.4 178.9 175 173.6 170.5 167 162.6 157.5 156.1 159.3 161.2
162.9 165.3 166.3 164.5 163.2 162 160 156 154.2 154.2 154.8 157.2 162.8 170 172.9 172.6 175.5 175.4 175.4 175.8 176.8 177.4 178.1 177.8 175.8 172.8 171.4 170.4 170.8 170.9 171.2 172.5 173.4 174.2 174.7 176 176.7 177.1 177.4 178.2 179.1 180.4 182.9 182.7 184.8 187.3 188.5 189.4 189.7 190.2 190.8 192.2 192.9 194.3 194 196 197.4 197.3 196.8 196.8 195.7 193.9 193.4 192 192.1 193.8 191.9 188.8 182.9 178.2 176.9 175 171.3 166.8 159.9 159.7 163.2 164.6
161 158.9 157.7 156.4 155.2 153.6 152.1 152.4 152.8 153.7 155.8 161 166.9 174.3 177 177.6 174.4 177.7 177 176.5 175.5 174.5 173.7 172.7 171.2 170.7 170.8 171.6 171.3 171.7 172 172.3 173.8 175 176 176.6 176.8 176.3 176.7 177.5 178.6 179.9 183.1 182.8 184.9 187.9 189.6 190.2 190 190.1 190.2 191 191.8 192.4 193 194.2 195.6 196.3 196.4 195.9 195.9 194.4 193.7 194 194 195.2 195.2 192.8 188.4 181.4 178.4 178.1 176.7 171.9 164.2 160.5 165.3 167.3
152.1 151.4 150.9 150.8 150.5 151.3 152.4 152.8 153.2 154.8 159.3 166.6 172 176.2 177.9 178.7 178.5 175.5 176.3 174.3 173.2 172.1 171.4 170.3 170.3 170.9 172.1 173.1 173.3 173.7 173.8 174.8 175.9 177.1 178.4 178.7 178.4 179 179.5 180 179.6 180.4 181 182.5 183.7 186.6 189.1 190.4 190.3 190.4 190.9 191.3 191.7 192.7 193.5 194.3 195.6 197.2 197.8 198.8 199.5 199.2 199.5 198.8 197.3 196.7 196 196.1 193.5 186.3 180.9 178.9 177.5 175.1 168.2 161.3 163.4 166.8
150.6 151.6 151.9 151.4 151.6 152.5 153.3 153.7 153.8 156.4 160.8 167.4 171.5 174.1 176.7 177.5 175.3 173.5 173.5 172.1 171.1 169.7 170.1 171.6 172.1 174.4 175.6 176.6 175.9 176.1 177.2 178.5 179.9 181.7 183 182.6 181.9 181.7 183.3 182.2 181.9 181.4 181.6 182.7 184.2 185.5 188.4 189.7 191.2 191.5 192.2 192.6 192.9 193.6 194.4 195.2 196.5 198.7 198.9 201.5 202.7 203.6 204.2 202.9 201.3 200.6 199.4 198.1 195.8 192.7 186.4 181.6 180.9 173.7 169.8 163.9 161 163.9
152.9 154.5 154.4 153.8 154.9 156.6 156.1 154.4 154.4 157.5 159.5 164 168.4 172.5 174.8 174.7 173.7 172.3 170.9 171.1 169.5 170.7 172 173.7 176.4 178.7 178.7 178.8 178.4 179.1 180 181.4 183.7 186.4 187.4 187.3 186.8 185.4 186.9 185 184.6 183.5 184 184.5 185.9 187.1 189.5 191.7 193.1 194 194.5 194.1 194.3 194.8 195.7 196.8 197.9 199.9 202.1 203.5 204.8 206 207 206.9 206.1 205 202.6 199.2 195.2 189.7 188.4 187.7 180.9 178.2 170.6 167.1 162.3 160.5
158.3 158.2 157.2 158 159.6 159.7 157.8 155.2 155.4 156.8 158.2 160.5 166.6 171.6 174.2 173.1 173.9 167.7 167.8 169.8 172 172.7 174 175.9 179.3 180.4 180.9 180.8 180.8 181.2 183 184.5 187.1 192.5 194.5 192.7 191.1 189.6 189.3 189.2 187.4 186.6 186.8 187.7 189.1 189.8 192 193.9 194.3 196 196.9 196.2 196.3 196.5 197.3 198.3 199.5 201.1 204.8 207.2 208.8 209.8 210.8 210.9 210 209.6 205.6 203.3 197.1 192.1 187.9 184.9 181.4 178.5 171.6 167.4 163.4 158
162.4 163.1 163.1 164.3 164.2 161.9 159.4 156.7 156.1 156.6 159.1 161.5 166.5 170.9 173.4 174 168.5 169.1 172 173 172.3 173.7 175.7 177.3 179.4 181.7 181.4 182.8 183.7 185.1 185.7 187.9 192.2 199.4 201.8 197.7 196.3 195 193.4 192.2 191.1 190.1 189.9 191.1 192.4 192.9 194.3 195.9 197.1 198.4 199.1 198.6 198.8 199.2 199.7 200.2 201.4 203.9 207.5 210.7 212.9 214.6 215.4 215.9 216.7 214.2 211.6 207.9 200.1 191.6 187.5 184.9 181.7 178 172.7 167.1 162.2 158
166 167.4 169 169.4 166.4 164 161 158.6 156.9 157.5 159.2 163 166.9 170.2 171.5 165.4 168.1 172.6 174 174.3 174.3 174.9 176.2 178.1 179.7 181.5 182.5 183.9 185.2 185.7 188.2 190.5 196.9 204.3 204.2 202 200.6 199.3 198.3 197 196 195.1 194.8 195.2 195.6 195.9 197 198.1 199.2 201 201.9 202.7 203.4 204 203.8 202.8 203 207.2 210.3 213.6 217.6 219.7 220.3 221.2 222.3 222 218.7 215.3 209.7 199 191.7 188.2 184.2 176.7 171.6 166.7 162.6 159.3
169.4 172 172.8 170.8 168.3 165.4 162.6 160.1 157.8 158.1 159 161.5 164.1 165.9 163.9 167.9 171.7 173.7 174.6 174.5 175.4 175.9 177.4 178.8 180.6 181.6 182.3 183.9 185.7 187.1 189.4 194.4 200.8 206.9 208.5 206.9 204.8 203.5 203.3 202.2 201.2 200.2 200.2 200.5 200.6 201.1 200.8 200.9 202 203.9 205.5 207 207.7 207.2 207.3 206 204.6 209.8 213.3 217.1 221.5 225.3 227 227.1 227.9 227.5 225.9 221.5 213.9 204.7 196.1 190.8 184.9 176 170.2 166 162.3 159.5
170.9 171.8 171.2 169.7 167.8 165.2 163.8 161.6 159.4 158.5 159.1 159.9 161.3 162.4 165.1 169.4 172.8 175.4 176.6 177.3 177.7 177.1 178.5 179.7 180.1 181 182.4 183.9 185.9 188 190.5 196.6 203.4 209.3 213.6 213 212.3 211 211.2 210.7 209.5 207.4 206.6 206.4 206.4 206.4 206.3 206.3 207.3 208.5 209.3 210.1 210.2 210.5 210.2 207.9 208.2 212.5 216.2 220.4 226.5 231.6 234.4 234.7 233.9 234 232.7 228 220.4 208.3 200.6 193.3 186.9 176.7 169.8 162.3 160.4 159
169.3 169.4 169.2 168.3 166.7 164.2 163.4 161.6 160.5 161 160.5 160.3 160.9 162.1 164.7 168.2 172.8 176.8 178.3 179.1 178.7 177.5 178.6 178.5 180.2 181.6 182.9 184.2 186.3 189 193.1 197.4 204.4 211.7 217.3 217.5 217.9 217.2 218 217.5 215.8 214.1 212.3 212.4 211.4 210.4 212 211.9 212.4 213.2 213.5 212.8 212.9 212.7 212 209.2 209.7 213.2 217.1 220.2 223.5 231.4 236.4 236.1 237.6 240.9 241.9 239.2 228.7 214.5 203.6 197 190.2 180.1 170.8 165.1 160.6 158.2
167.6 168.8 167.4 166.3 164.9 164.3 164.7 165.2 166 165.8 164.7 164.2 163.7 162.4 164.5 168.9 173.2 176.9 178.3 178.1 177.9 177.7 178.5 179 180 181.1 182.6 183.7 186.9 189 192.9 197.5 203.2 210.9 218.6 220.5 221.3 222.5 222.8 222.4 220.2 218.5 217.5 216.2 215.5 214.4 215.3 215.9 216.4 216.4 216.1 215.6 214.9 213.9 212.3 209.9 212 214 215.4 218.4 219.9 222.6 224.7 229.1 235.8 241.1 245.3 245.7 238.5 222.8 207.1 200.2 192.8 183.9 177.4 170.8 167.7 157.2
