WholeMapElevations/data/ss/ss21_OST50GRID_20230518/SS21.asc
ncols 200
nrows 200
xllcorner 220000
yllcorner 110000
cellsize 50
[rows 35 to 69 of 200, columns 0 to 77 of 200]
-2.3 -2.3 -2.3 -2.3 -2.3 -2.3 -2.3 -2.3 -2.3 -2.3 -2.3 -2.3 -2.3 -2.3 -2.3 -2.3 -2.3 -2.3 -2.3 -2.3 -0.2 1.8 9.6 36.5 74.7 88.2 80.5 66.2 44.5 26.3 27.4 30.2 35.6 51.3 69 89.1 95.6 98.9 101.5 98.6 93.8 86 77.6 69.6 72.9 76.4 87.2 97.4 93 104.1 108.4 109.7 111.2 113.1 110 103.4 103.2 107.4 115 121.8 125 126.4 128 129.8 130.5 132 135.4 141.3 146.8 150.1 153.7 156.2 158.9 162.8 166.6 169.9 173.8 175.4
-2.3 -2.3 -2.3 -2.3 -2.3 -2.3 -2.3 -2.3 -2.3 -2.3 -2.3 -2.3 -2.3 -2.3 -2.3 -2.3 -2.3 -2.3 -2.3 -2.3 -0.6 1.1 2.5 28.6 57.6 70 63.9 44.4 26.2 25.2 28.5 37 43 65.8 81.6 93.7 101.8 106.2 109 109.7 108.2 105.7 100.5 98.1 93.3 96.2 103.3 106.7 101.5 106.1 113.6 116.8 118.4 120 119.8 117.4 113 107.6 108.7 116.7 117.6 120.5 124.5 127.7 131.5 136.4 140.8 145.5 149.2 152.3 155.3 158.4 161.9 165.5 169 171.3 174.1 176.3
-2.3 -2.3 -2.3 -2.3 -2.3 -2.3 -2.3 -2.3 -2.3 -2.3 -2.3 -2.3 -2.3 -2.3 -2.3 -2.3 -2.3 -2.3 -2.3 -2.3 -2.3 0 1.9 6.3 39.6 56.1 43.4 26.2 26.5 27.4 36.5 51.3 51.9 53.5 70.4 88.7 100.1 107.7 112.5 114.8 114.5 113.3 111.7 110.5 110 111 112.6 112.8 106.9 106.9 115.9 120.9 123.3 124.5 125.3 124.9 124.4 122.2 120.2 117.8 125.2 129.4 133.6 136.1 139.1 141.6 145.2 148 151.2 154.5 158 161.1 164.5 167.2 169.5 171.7 173.3 175.5
-2.3 -2.3 -2.3 -2.3 -2.3 -2.3 -2.3 -2.3 -2.3 -2.3 -2.3 -2.3 -2.3 -2.3 -2.3 -2.3 -2.3 -2.3 -2.3 -2.3 -2.3 -0.2 1.2 2.7 28.8 26.1 22 22.4 29.6 35.9 48.3 70 77.2 69.8 60.2 78.5 95.9 106.4 113.8 117.6 118.8 118.8 118.7 118.8 119.3 119.9 119.8 119.9 117.6 115.1 120.8 125.9 128.6 130.5 131.7 132.5 131.9 129.2 125.1 121.5 128.5 133.1 137.7 141.4 144.7 147.8 149.6 151.2 154.4 157.5 160.7 163.3 165.9 168.3 170.2 170.8 172 172.9
-2.3 -2.3 -2.3 -2.3 -2.3 -2.3 -2.3 -2.3 -2.3 -2.3 -2.3 -2.3 -2.3 -2.3 -2.3 -2.3 -2.3 -2.3 -2.3 -2.3 -2.3 -0.8 0.6 1.7 2.7 9.6 17.6 28.3 33.8 43.9 60.6 86.4 93 93.3 83.8 71.4 87.3 103.6 112.6 117.5 121.2 123.3 124.3 124.8 124.9 125.4 125.8 125.4 125.5 125.6 126.5 131 133.9 135.7 137.1 137.5 137 134.3 128.5 124.6 134 140.2 144.2 146.5 148.5 150.4 153.3 154.3 157.5 160.5 162.9 165.1 167.3 169.2 170.4 170.5 170.1 169.8
-2.3 -2.3 -2.3 -2.3 -2.3 -2.3 -2.3 -2.3 -2.3 -2.3 -2.3 -2.3 -2.3 -2.3 -2.3 -2.3 -2.3 -2.3 -2.3 -2.3 -2.3 -2.3 -0.2 0.8 2 20.7 22.9 32.5 40.6 57.1 80.8 95.9 100.6 102.7 101.6 97.7 82.8 98.9 110.5 116.9 122.2 125.5 127.4 128.3 129 129.2 130.1 131.1 131.4 131.5 133.2 136 138.3 139.6 140.9 141.2 140.7 138.2 133.9 127.7 135.1 141.9 146.2 149.6 151.8 154 156.1 157.6 159.9 162.1 164.4 166.1 168 169.8 170.5 170 168.3 165.8
-2.3 -2.3 -2.3 -2.3 -2.3 -2.3 -2.3 -2.3 -2.3 -2.3 -2.3 -2.3 -2.3 -2.3 -2.3 -2.3 -2.3 -2.3 -2.3 -2.3 -2.3 -2.3 -0.9 0.4 1.7 7.9 33.7 42.4 55.1 75.7 97.5 107.5 112.3 113.7 113.5 111.5 102.4 96.4 107.9 116.6 123 127.2 129.3 130.6 131.5 132.8 134.1 135.2 136.2 137.2 138.3 140.1 141.7 142.7 143.7 144.5 143.7 142.4 138.7 134.2 135.5 142.2 147.9 151.6 153.7 156 157.8 159.7 161.2 163.1 165.5 167 167.9 168 168.1 167 162.6 159.5
-2.3 -2.3 -2.3 -2.3 -2.3 -2.3 -2.3 -2.3 -2.3 -2.3 -2.3 -2.3 -2.3 -2.3 -2.3 -2.3 -2.3 -2.3 -2.3 -2.3 -2.3 -2.3 -1.4 0.3 2 20.3 48.1 57.2 74.2 96.6 108.2 114.2 118.3 120.3 121.1 120.6 117.4 112.9 108.1 113.6 122.4 127.3 129.3 131.8 133.2 135.9 137.8 138.8 139.6 140.8 141.8 143.1 144.6 145.5 146.4 147.2 146.9 145.7 143.1 138.5 137.5 141.2 148 152.1 155.1 157.8 159.8 161.8 163.3 164.4 164.1 164.4 162.9 162.7 161.3 155.6 150.1 150.9
-2.3 -2.3 -2.3 -2.3 -2.3 -2.3 -2.3 -2.3 -2.3 -2.3 -2.3 -2.3 -2.3 -2.3 -2.3 -2.3 -2.3 -2.3 -2.3 -2.3 -2.3 -2.3 -0.7 1 2.8 34.3 63.6 75.9 87.2 107.1 114.3 119.2 122.2 123.8 125.4 126 125.4 124.4 123.3 118.7 121.1 126.2 127.8 130.9 134.2 136.8 139.4 141.2 142.6 144 145.2 146.5 147.7 148.9 150 150.5 150.3 149.1 147.3 144 141.1 143.3 147.4 151.9 155.2 158.2 160.5 162.2 162.9 163.5 161.4 158.9 150.3 146.9 144.9 135.8 141.8 148.7
-2.3 -2.3 -2.3 -2.3 -2.3 -2.3 -2.3 -2.3 -2.3 -2.3 -2.3 -2.3 -2.3 -2.3 -2.3 -2.3 -2.3 -2.3 -2.3 -2.3 -2.3 -2.3 0.1 1.9 6.3 45.6 86.8 96.1 102.5 111.4 117.1 121.7 124.7 127.1 128.9 129.9 130.6 129.8 130 129.5 129 129.2 131.2 133.4 135.9 138 141 142.8 144.5 146.1 147.7 149.5 150.8 152.1 153.5 154.1 154.1 153.1 151.3 148 145.3 145.8 149.2 152.3 155.7 158.1 160.3 161.9 162.4 161.7 159.3 152.8 135.2 123.5 140.7 155.9 157.1 159.9
-2.3 -2.3 -2.3 -2.3 -2.3 -2.3 -2.3 -2.3 -2.3 -2.3 -2.3 -2.3 -2.3 -2.3 -2.3 -2.3 -2.3 -2.3 -2.3 -2.3 -2.3 -2.3 0.7 3.3 40.1 64.1 96.7 101.1 105 110 115.2 120 124.6 128 130.3 132.2 132.8 133.4 133.2 133.1 133.5 134.8 135.9 137.5 138.6 139.8 142.4 144.1 145.7 147.5 149.1 150.7 152.7 154 155.4 156 156.1 155.5 153.7 151.7 150.3 150.1 150.1 153 155.5 157.9 160.1 161.6 161.6 159.8 155 139.6 122.9 132.7 155.6 158.7 162.7 165.9
-2.3 -2.3 -2.3 -2.3 -2.3 -2.3 -2.3 -2.3 -2.3 -2.3 -2.3 -2.3 -2.3 -2.3 -2.3 -2.3 -2.3 -2.3 -2.3 -2.3 -2.3 -1.1 0.5 2.2 33.9 68 94.5 101.5 105 108.1 111.9 115.8 119.2 125.4 129.7 132.4 134.7 135.8 135.9 136.1 136.5 137.4 138.6 140.1 141.3 142.4 143.9 145.4 147.1 149.3 150.7 152.6 154.2 155.4 156.4 156.9 157.2 157.6 156.7 155.3 153.9 152.4 152.3 154.1 156.4 158.7 160.1 161.2 159.8 155.8 151.7 124.1 115.7 145 160.1 163.6 168 172.2
-2.3 -2.3 -2.3 -2.3 -2.3 -2.3 -2.3 -2.3 -2.3 -2.3 -2.3 -2.3 -2.3 -2.3 -2.3 -2.3 -2.3 -2.3 -2.3 -2.3 -2.3 -1.9 -0.3 2.2 33.7 53.8 84.6 101.1 101.8 101.8 101.9 104.2 109.6 115.9 125.3 131.3 134.3 135.9 136.6 137.9 138.6 140 140.6 142.3 143.7 144.8 146 147.8 149.5 151.3 152.6 154.5 155.2 156.1 157.1 157.5 157.5 157.4 157.3 156.7 155.8 155.3 154.6 155.9 157.3 158.9 159.9 158.5 153.6 149.8 130.5 104.5 128.6 153.8 161.7 167.4 171.7 176.2
-2.3 -2.3 -2.3 -2.3 -2.3 -2.3 -2.3 -2.3 -2.3 -2.3 -2.3 -2.3 -2.3 -2.3 -2.3 -2.3 -2.3 -2.3 -2.3 -2.3 -2.3 -2.3 -0.9 1.6 14.8 52.1 80.3 78.3 74.5 71.4 71.9 75.9 82.6 93.4 107.6 120.5 130.2 134.1 135.5 135.6 137.1 139.9 141.2 142.9 144.8 146.5 147.8 148.8 150.1 151.1 152.9 154 155 155.9 156.4 156.9 157.3 157.4 157.5 157.3 157.2 156.5 155.6 155.6 156.3 157.3 156.7 150.6 133.1 120 102.4 114.7 137.6 154.9 162.4 168 172.4 176.6
-2.3 -2.3 -2.3 -2.3 -2.3 -2.3 -2.3 -2.3 -2.3 -2.3 -2.3 -2.3 -2.3 -2.3 -2.3 -2.3 -2.3 -2.3 -2.3 -2.3 -2.3 -2.3 -2.3 0.4 2.8 46.3 50.5 46.9 43.2 40.4 42.5 46.7 54.6 65.6 80.7 94.9 108.6 120 126.6 131.3 130.9 132 135.6 140.5 142.7 143.9 145 146.1 147.4 148.8 150.1 151.4 152.6 153.6 154.2 155.1 155.9 156.2 156 155.6 155.3 156.3 155 152.4 152.5 153.7 152.4 136.9 114.5 97.3 104.2 124.1 140.1 153.8 161.5 166.7 171 175
-2.3 -2.3 -2.3 -2.3 -2.3 -2.3 -2.3 -2.3 -2.3 -2.3 -2.3 -2.3 -2.3 -2.3 -2.3 -2.3 -2.3 -2.3 -2.3 -2.3 -2.3 -2.3 -1.9 1 8.3 26.1 16.7 19.8 25.9 27.5 23.4 30.6 34.3 44.7 57.4 70.9 85.5 98 109 117 121.9 122 122 123.4 126 125.8 124.8 126 132.1 136.4 139 142.7 145.8 147.5 148.5 149.5 151 152.5 152 150.9 150.7 149.9 147.7 144.9 144.2 146.2 144.5 126.9 101 93.4 111.9 127.7 140.2 150.3 157.3 162.2 166 170.3
-2.3 -2.3 -2.3 -2.3 -2.3 -2.3 -2.3 -2.3 -2.3 -2.3 -2.3 -2.3 -2.3 -2.3 -2.3 -2.3 -2.3 -2.3 -1.2 -0.7 -0.3 0.6 1.5 -2.2 17.5 11.6 27 28.7 26 22.5 28 30.2 32.9 34 38.4 49.4 62.2 75.6 88.9 99.5 108.3 109.3 111.6 111.9 109.5 108.3 107.7 107.7 110.5 115.7 119.6 123.7 128.7 132.7 134 134.3 136.4 136.4 135.6 135.5 138.6 141.1 139 136.5 131.4 130.3 128.1 110.5 86.3 101.9 116 124.4 136 143.5 148.4 154.7 158.1 160.1
-2.3 -2.3 -2.3 -2.3 -2.3 -2.3 -2.3 -2.3 -2.3 -2.3 -2.3 -2.3 -2.3 -2.3 -2.3 -2.3 -2.3 -0.6 0.4 1.1 1.6 3.6 21.8 21 19.9 27.8 31 34.2 37.3 41.8 48.6 51.1 46.1 31.9 34.6 36.3 41.2 52.5 67.5 79.1 87 92.3 97.2 98.7 98.4 95.2 92.9 91 89.8 94.9 100.7 106.7 110 112.1 112.2 112.8 113.8 114.6 114 116.1 116.1 119.3 122.1 117.6 112.9 108.7 100.9 90.4 81 93.1 103.1 112 121.2 132.7 137.5 141.9 145.5 145.9
-2.3 -2.3 -2.3 -2.3 -2.3 -2.3 -2.3 -2.3 -2.3 -2.3 -2.3 -2.3 -2.3 -2.3 -2.3 -2.3 -1.1 0.5 1.9 2.7 18.1 41.1 46.7 47.9 48.7 47.9 48 48.8 54 60 66.8 67.3 65.4 56.8 43.5 35.1 36.9 38.9 46.4 56.8 65.6 72.7 79.4 80.6 78.9 76.2 73.9 72.8 71.7 76.1 82.9 88.3 89.7 90.5 90.5 91 91.1 93.2 93.7 94.6 94.3 96.4 100.6 98.4 90.1 87.7 74.8 73.9 77.2 82.2 89.3 95.5 104.5 113.5 119.7 124.8 128.6 128.3
-2.3 -2.3 -2.3 -2.3 -2.3 -2.3 -2.3 -2.3 -2.3 -2.3 -2.3 -2.3 -2.3 -2.3 -2.3 -2.3 0.3 1.5 17.6 33.3 57 67.4 74.7 73.2 69.3 66.3 66.9 70.9 75.8 80 83.5 84.9 82.8 74.4 63.9 47.3 36.5 37.9 39 42.6 49.7 57.2 60.8 61.9 59.9 59.6 55.7 54.5 53.6 58 63.2 64.8 66.2 67.4 68.7 68.9 68.4 70.4 73.1 73.1 72.9 74.5 79.1 78.4 72.5 67.1 68 70.2 74.8 73.6 75.6 78.8 86.6 96.2 102.1 108 111.8 111.3
-2.3 -2.3 -2.3 -2.3 -2.3 -2.3 -2.3 -2.3 -2.3 -2.3 -2.3 -2.3 -2.3 -2.3 0.5 1.1 2 5.2 37.9 71.9 80.5 90.8 90.6 90.9 89.4 89.8 90.9 92.1 94.4 96.5 98 99 98 90.6 80.2 68.1 56.6 46.7 39.6 40.9 41.5 42.8 43.9 44.9 45.6 48 48.9 48.3 49.4 51.5 53.7 53.2 53.9 54.8 55.5 55.9 56.3 57.6 58.4 59.8 61 62 63 64 65.3 66.3 68.4 70.1 71.7 84.5 90.9 89.8 82.9 78.6 85.2 91.1 95 94.3
-2.3 -2.3 -2.3 -2.3 -2.3 -2.3 -2.3 -2.3 0.9 -2.3 -2.3 2.8 2.3 2.2 11.9 10.5 45.2 73 88.9 93.8 94.7 101.7 101.5 102.7 103.6 104.5 103.8 103.3 104.7 106 107.7 108.8 109.3 106.6 98.9 88.6 79.1 69.9 61.1 53 44.8 43.4 43.9 44.7 47.1 48.6 67.7 66.5 61.7 53.3 56.6 59 61.8 60.5 61.1 64.1 63.9 60.8 58.6 60.7 61.2 61.9 63.5 64.1 71.6 73.2 69.3 70.5 72.1 76.9 93.7 106.8 100.2 100.4 91.5 85.5 89 91.5
-2.3 -2.3 -2.3 -2.3 -2.3 -2.3 -2.3 -2.3 -2.4 -2.3 -2.3 1.1 2.3 7.6 29.6 72.4 88.5 93.2 96.1 101.6 105.1 107.3 109.3 110.1 111.2 112.1 112.8 113.6 112.9 112.4 114.1 115.2 115.9 116 114.1 107.7 100.1 92 84.2 73.9 67.3 65.1 63.6 63.4 68.3 82.4 88.5 89.5 87.5 68.9 59.1 73.2 82.1 80.5 81.2 81.8 82.2 80.8 77.5 68.9 72.7 75.5 78.7 81.9 88.2 91 86.6 76.3 72.7 75 84.8 108.1 119.8 123.5 111.5 106.4 107.9 106.9
-2.3 -2.3 -2.3 -2.3 -2.3 -2.3 -2.3 -2.3 -2.3 -2.3 -2.3 -2.3 -2.3 0.5 2.4 48.1 80.7 88.8 94.9 99.7 103.4 107.3 109.4 111.1 113.5 115.6 117.1 117.8 118.4 118.8 119.2 119.3 119.5 120.4 120 117.8 113.3 109 102.5 94.7 89.9 86.8 85.2 85.6 92 98.6 103.6 105.4 103.9 82.4 60.4 74.5 93.2 98.1 98.9 99.4 101.2 101.9 99.3 85.4 91.3 95.2 98.8 102.3 107.8 108.3 103.1 92.3 78.7 74.7 80.6 100.8 121.4 129.2 129.3 127.2 124.7 122.7
-2.3 -2.3 -2.3 -2.3 -2.3 -2.3 -2.3 -2.3 -2.3 -2.3 -2.3 -2.3 -2.3 -0.4 2 32.2 66.9 81.6 91 96.9 101 104.5 107.4 109.6 112.3 115.5 117.8 119.6 120.5 121.2 121.8 122.4 123.1 123.6 123.6 123.2 120.7 118.2 116.1 114.5 111 106.5 104.8 106 112.6 115.8 116.9 116.4 113.9 93.8 69.3 68.6 91 109.8 113.2 114.8 115.1 114.6 111.4 99.5 97.4 111.7 116.7 119.7 122.1 121.8 117.7 108.6 89.2 76 80.3 96.3 118.2 132 136 136 134.2 132.6
-2.3 -2.3 -2.3 -2.3 -2.3 -2.3 -2.3 -2.3 -2.3 -2.3 -2.3 -2.3 -2.3 -0.3 2.3 34.5 42.1 57.8 75.3 89 95.3 99.6 103.5 107.2 109.3 112.8 115 116.9 119 120.1 121.8 122.8 123.6 125.1 126.2 126.3 126.4 126.7 126.2 123.9 121.9 119.4 118.5 119.7 121.5 124 124.5 123.7 119.8 104.3 75.8 70.2 94.9 119.5 122.9 124.2 123.6 122.4 119.8 115.7 97.1 112.6 121.9 125.6 128.8 130.3 130 123 100.4 77.2 84.5 102.9 121.6 134.5 139.1 141.2 143 143.7
-2.3 -2.3 -2.3 -2.3 -2.3 -2.3 -2.3 -2.3 -2.3 -2.3 -2.3 -2.3 -2.3 1.2 3.5 45.4 36.5 41.7 53.1 68.2 83.9 90.9 96.1 101.3 104.9 106.3 107.3 111.4 114.6 117.7 120 121.8 123.8 125.4 126.4 128.4 129.2 130.1 130.9 131.6 130.6 130.3 130.6 130.6 130 130.3 130.7 129.3 124.8 108.4 79.8 73 98.2 121.5 127.6 129.7 129.6 128.5 127.3 125.5 119.6 116.4 125.7 130.9 134.5 137.6 138.9 129.6 104.7 80.9 93.6 108.9 126.5 137.6 142.6 146.2 149.1 150.9
-2.3 -2.3 -2.3 -2.3 -2.3 -2.3 -2.3 -2.3 -2.3 -2.3 -2.3 0.5 2 7.5 46.4 67.9 59.8 51.5 44.7 49.9 69 83.8 92.5 98.1 100.1 99.8 100.8 103.9 110.7 114.9 117.8 120.4 122.6 124.7 125.7 127.1 128.6 130.1 131.6 132.6 134.2 135.3 136.3 136.8 136.9 136.1 135.5 133.2 128.4 116.4 83.2 80.3 106 124.1 130.6 133.8 134.1 133.4 132.3 131.1 128.1 127.7 131 135 139.3 143.1 144 134.4 108.3 80.8 94.8 114.2 131.6 138.5 143.7 147.7 150.8 153.2
-2.3 -2.3 -2.3 -2.3 -2.3 -2.3 -2.3 -2.3 -2.3 -2.3 0.4 2.7 14.1 42.1 79.6 87.2 81 70.8 57.1 48 60.3 82.8 92.1 96.4 94.3 93.6 94 98.2 105.6 111.6 115.2 117.6 119.2 120.5 123.1 124.5 126.4 127.5 129.5 131.7 134 136.3 137.8 138.9 139.5 139.8 139.4 138.3 135.5 125.1 87.3 91.8 117.1 128.4 134 137.1 138.2 138.2 137.6 136.5 135.6 135.2 137.7 139.8 143.1 145 146.5 139.8 117.3 87.5 96.8 115.3 133.4 139.7 144.7 148.6 151.9 154.4
-2.3 -2.3 -2.3 -2.3 -2.3 -2.3 -2.3 -2.3 -0.6 0.6 2.8 35 63.2 91.2 96.4 96.8 93.9 88.2 74.8 58.7 58.5 80.2 86.7 85.2 81 75.1 74.1 87.3 99.3 106.6 110.9 113.7 115.1 115.4 117.9 120.5 122.7 124.4 126.2 129.2 132.4 135.3 138.2 139.9 141.6 142.8 143.3 143.1 140.4 123.2 92.4 100.8 128.6 133.8 137.3 139.6 140.5 140.2 140 139.4 139.6 139.8 141.9 143.6 145.8 146.8 148.3 144.7 123.5 96.2 90.3 108.4 127.2 140.1 144.9 148.2 151.4 153.2
-2.3 -2.3 -2.3 -2.3 -2.3 -2.3 -2.3 -2.3 -0.2 2 11.5 54.8 85.9 94.8 100.2 99.8 98 95.2 91.5 72.9 58.7 55.2 58 63.2 72.5 81.5 88.8 91.6 83.2 97.9 103.6 108.1 110.6 112.4 114.2 116 117.8 119.9 122.8 126.4 129.4 133.4 136.6 139.1 141.8 144 145.1 145.5 142.2 127.9 94.8 110.5 130.1 136.3 138.8 140.9 142 142.2 141.8 141.7 142.3 143.5 145.1 146.6 148.6 149.9 150.8 147.3 138.3 117.9 92.6 99.5 118.6 138.6 143.2 146.3 148.7 150.7
-2.3 -2.3 -2.3 -2.3 -2.3 -2.3 -2.3 -0.5 1.3 4.6 62.7 95.1 100.6 103 102.7 100.3 96.3 91 88.6 86.9 82.6 71.8 65.1 84.4 89.5 98.4 100.9 102.6 102.2 87.2 91.1 97.7 97.2 99 101.8 104.8 108.6 111.7 115.6 120 124.6 129.8 133.6 137.7 140.4 143.1 145.2 146.5 145.6 137.4 109.3 106.4 127.8 134.9 137.9 139.8 141.1 141.8 142.6 143 144.1 145.3 147.3 149.6 151.7 153.4 154.4 152.6 149.6 133.5 107.8 88.6 107.9 126 137.6 142.1 145 147.3
-2.3 -2.3 -2.3 -2.3 -2.3 -2.3 -0.5 2 5.7 51.4 98.3 102.2 104.5 104.8 103.1 100.8 99.4 99.1 98.4 97.1 94.9 91.3 72.2 87.2 94.3 99.6 104.3 107.2 107.4 104.2 100.1 91.9 99.1 100 98.5 98.4 100.2 100.2 105 113.1 120.4 126.6 131.3 135.1 138.9 141.5 144.3 146.5 147 143.5 128.2 107 117.7 130.1 134.9 136.8 138.3 139.6 141 142.1 143.9 146.1 148.3 150.9 153.4 155.6 157 157.1 153.8 144.4 125.1 105.4 99.2 125.3 135.4 138.6 141.3 143.3
-2.3 -2.3 -2.3 -2.3 -2.3 -0.1 2.5 15.4 60.3 85.7 102.3 104.8 107.5 108.5 107.1 104.8 104 104.2 104.3 102.9 98.8 92.5 79.8 88.5 92 99.2 105.6 108.6 110.5 109.7 107.4 103.9 101.8 106.7 108 107.9 109.8 110.7 108.5 104 113.1 121.2 127.2 131.5 136.3 140 142.8 145.8 147.1 146.5 142.9 125.5 108.7 121.5 128.3 132.3 133.8 135.8 137.9 139.8 142.4 145.1 148 150.5 153.8 156.9 159.3 160.2 159.3 154 144.8 118.4 96 117.9 130.6 131.8 135.8 138.6
-2.3 -2.3 -2.3 -2.3 -2.3 0.7 8.9 42.7 76.3 107.8 112.7 113 112.7 111.8 110.5 108.9 108.4 108.3 107.9 106.3 102.1 95.7 86.8 94.7 97.8 102 106.8 110 112.8 112.9 111.3 107.5 104.6 109.6 111.9 113 115.7 118.3 118 116.6 107.4 115.6 124.4 129.9 134.7 138.9 142 145.1 147.3 147.8 145.5 142.3 128.8 124.3 117 122.9 126.2 128.9 131.4 135.4 139.5 142.8 146.3 149.8 152.5 155.8 158.8 160.9 160.8 157.7 150.9 132.2 111.2 97.7 115.3 122.1 126 129.6
