WholeMapElevations/data/nh/nh49_OST50GRID_20230518/NH49.asc
ncols 200
nrows 200
xllcorner 240000
yllcorner 890000
cellsize 50
[rows 35 to 69 of 200, columns 0 to 78 of 200]
322.7 324.5 324.4 325.2 326.2 326.4 327 327.3 326.7 324.9 321.9 317.9 313.9 311.2 305.3 299.8 294.3 289.2 285.1 281.9 277.4 273.9 267.3 263.2 261.8 260.7 256.5 252.8 246.6 248.2 248.4 245.6 247 246.3 247.1 247.3 244.9 247.7 248.4 247.3 246.8 248.2 250.5 248.6 254.3 256.4 263.5 266 266.1 265.7 265.3 265.4 264.8 262.8 264.1 261.5 261.8 261.7 261.5 258.9 259.8 261.1 259.3 259.1 259.3 259 258 259.9 260.5 259.9 260 260.3 260.9 261.8 261.8 262.2 263.7 263.8 263.5
327 329.8 328.5 329.4 329.8 330.4 330.4 329.7 328.1 326.8 322.9 318.6 313.4 309.6 304.7 299 293.4 286.6 283.2 280.7 277.1 271.9 265.7 264.5 262.3 257.2 260.3 256.3 255.2 254.9 253.7 252.8 252.7 252.5 254.1 254.3 253.8 254.3 254 253.1 255.4 255.7 257.3 257.7 260.8 265 269.5 272.8 273.2 272.4 273.7 274.3 273.3 272.9 273.9 274 271.5 270.8 269.3 268.8 270.2 269.2 268.4 267.6 266.9 267.1 265.7 268.5 268.5 269.1 269.5 270 270.8 272 272.7 273.3 273.8 273 271.7
329.7 331.6 332.6 333.9 334.4 334.5 334.2 332.9 331 329.1 324 319.3 313.9 308.4 303.7 298.4 292.5 285.6 282.4 280.2 276 270.6 267.6 266.9 263.8 262 263.2 261.7 261.5 261.4 259.9 258.7 260.2 259.2 261.9 262.5 260.2 261.9 263 260.8 263 263.5 264.8 265.2 269.2 273.3 275.3 279.3 279.7 279.5 280.6 281.5 281.1 279.8 279.9 280.4 278.8 277.9 277.9 278.3 279 278.3 278.3 279.6 278.7 276.5 274.7 276.8 275 276.5 277 277.5 279.1 281.2 281.7 282.1 282.6 281.4 279.6
331.1 333.3 335.2 337.3 339.1 339.4 338.8 337.4 335.9 334.3 328.9 322.4 318.3 313 307.9 302.4 295.3 288.7 282.9 279.6 276.1 270.7 270 269.6 264 268.1 266.7 266.5 266.8 267.1 266.4 266 266.3 266.1 268.9 268.5 266.9 266.9 267.7 269 269.9 271.7 272.2 273 275.5 279.8 281.1 283.4 285.9 287.6 289 290.1 290.1 288.8 287.8 286.3 287.7 288.9 288.6 287.3 289.8 289.6 289.9 291.3 290.1 288.7 288.3 289.3 287.8 285.8 284.4 285.5 288.3 289.4 289.9 290.6 289.9 288.8 286.5
331.2 335.2 337.8 340 342.1 343.1 343 341.4 339.9 337.9 334.1 328 322.8 319.3 314.3 308.5 302 295.3 287.2 282.8 276.8 274.3 274 270.3 272.3 272.4 271.6 271.3 271.6 271.9 272.6 271.5 272.2 273.4 275.1 274.2 272.8 273.3 275.6 274.4 274.7 279.7 280 280.6 281.7 284.7 287 289.6 292.9 294.9 296.6 297.9 298.3 297.4 296.1 296.2 299.2 300.5 300.7 300.2 300.6 301 303.9 303.9 303.6 302.4 302.6 302 300.7 299.5 298 295.8 297.7 297.5 297.9 297.6 297.4 293.4 293
342 342.6 342.8 344 345.2 347 347.6 345.8 343 340.5 337.7 331.9 327.3 324.7 319.8 313.3 307.3 301 294.8 289.1 282.8 280.5 277.5 276.7 275.2 276.6 276.4 276.2 276.3 276.9 277.3 276.6 277.9 278.6 279.2 279.4 279.4 280 280.7 279.7 281.4 283.2 285.5 286.5 288.5 290.4 293.7 294.7 298.2 300.8 303.1 304.4 305.7 305.8 303 305 307.5 309.8 311.5 312.2 313 315.5 318.1 317.3 317.2 317.3 315.8 314.9 313.8 312.8 311.7 310.5 308.7 308.1 305.7 304.2 303.6 301.7 302
354.4 354.2 354 352.5 353.4 354.4 353.9 350.5 345.9 344.1 340.1 335.3 329.7 325.5 320.4 316.1 310.9 305 299.4 293.8 288.5 284.7 281.7 280.2 279.9 280.1 280.3 281 281.2 281.2 280.8 281.1 281.9 282.4 282.8 283.3 283.5 284.8 285.7 285.6 286.9 288.7 290.5 292.5 294.2 294.9 298.5 300.6 303.2 305.7 308.2 310.6 312.1 312.3 312.6 313.7 315.4 318.1 320.2 322.7 325.5 327.2 328.8 328.9 330.3 329.3 327.3 326.9 326.4 325.6 324.8 322.6 320.5 319.5 317.5 315.1 313.3 312.6 310.2
367.4 365 363.2 363.9 365.2 363.7 361.7 358.2 354 349.7 344.2 338.7 332.5 326.5 320.9 317 312.5 307 301.8 296.7 291.9 286.9 282.3 283.5 282.8 282.3 282.8 283.4 283.8 283.4 283.2 284.5 285.4 286 286.4 286.9 287.7 289 289.2 289.7 291.8 293.8 295.7 297.5 300.3 300.5 302.5 305.2 305.7 310.5 312.6 314.6 316.5 318.3 319.7 320.6 322.1 324.8 328.3 331.5 334.6 336.9 338.6 340 342.7 343 341.9 342 341.2 339.4 338.5 335.6 333.1 331.9 329.8 327.7 325.2 323.4 319.5
374.7 372.6 373.2 375 373.8 372.6 369.4 366.1 363.2 360.9 354.1 346.7 339.2 330.7 324.8 319.5 314 308.5 303 297.9 293.1 288.4 288.1 287 286.3 285 285.6 285.5 285.8 285.7 286.6 287.6 288.5 289.4 290 290.8 291.9 292.6 292.8 293.7 295.7 297.5 299.6 301.7 303.9 305.2 306.5 309.9 311.2 311.5 315.4 317.8 320.8 323.3 325.6 327.5 328.8 332.1 335 337.7 340.4 343.1 345.9 349.4 352.8 356.3 357.9 358.1 357.3 354.9 354.2 351.6 347.6 346.2 342.4 340 337 332.3 328.8
380.8 377.4 377.1 376 375.3 375.7 376.9 377.5 373.9 367.6 359 350.6 341.5 333.6 326.7 319.8 312.1 306.9 301.8 297.1 294.3 289.2 289.8 289.5 289 288.8 288.6 288.5 288.4 288.8 289.7 290.6 291.5 292.5 293.3 294.1 294.8 295.4 296.4 298 299.5 301.4 303.4 305.3 306.9 308.5 310.1 312.4 315.1 316.3 319.5 322.5 325.7 328 330.3 332.5 335.1 338.1 340.9 343.5 346.2 349 353 358 362.8 366.6 369.1 370.2 369.5 367.7 365.6 363.2 360.9 357.8 354.7 351.1 347.3 343.1 339.8
387 383.4 377.1 375.4 373.2 371.4 374.5 374 367.6 358.3 351.4 344.9 338.7 331.2 324.4 317.9 310.9 305.1 301 295.2 294.2 291.5 292 292 291.5 291.6 291.3 291.4 292.3 292.6 292.7 293.2 294.6 295.4 296.1 296.9 297.7 298.4 300.1 301.8 303.4 305.2 307.1 309.4 311 311.6 313.5 315.9 318.7 321.1 322.4 326.2 330.2 332.8 335 337.5 340.4 343.8 346.7 349.3 352.1 356 361.4 366 371.5 377.1 380.3 383 383 382 378.5 375.8 371.7 367.9 362.6 358.9 356.1 352.6 349.3
383.2 381.8 375.7 373.8 371.4 366.9 363.7 360.1 354.5 349.1 345.1 339.3 333.6 326.9 320.5 315.1 308.8 305.9 301.3 300.2 296.1 293.3 294 293.8 293.9 294.1 294.4 294.6 294.9 295.2 295.8 297 297.8 298.8 299.8 300.2 301.1 302.6 304.3 306 307.5 309.4 311.2 312.5 314.1 315 317.2 319 322 325.6 325 329.8 334 337.5 339.8 343 345.7 349 352.5 356.8 359.3 363.4 368.7 374.1 381.5 387.6 392.3 394.8 394.8 394.1 390.3 385.9 380.7 376.5 371.7 367.9 364.5 360.4 357.1
376 377.6 373.6 372.6 369.3 364.9 359.1 351.8 345.5 341.7 338.8 334.1 329 322.1 319.3 316.9 312.7 309.1 305.8 302 298.6 297.5 297.4 297.4 297.5 297.9 298.8 299.3 299 299.4 300.5 301.9 301.6 304.3 304.9 304.9 305.9 307.5 309.2 310.8 312.1 313.9 315.4 316.7 317.9 319 319.1 322.7 324.2 328.3 328.1 332.3 337.5 341.3 344.9 347.6 350.4 353.6 356.9 361.3 366.8 370.7 376.6 383.2 390.6 397.1 403.2 406.3 406.8 404.2 401.8 396.8 393.1 387.4 382.9 377.8 373.5 369.7 367
368.5 369.9 368.5 363.3 362.4 357.9 350.8 345.9 341.8 339.1 335.8 331.3 327.5 325.9 323.3 320 316 312.3 308.3 305.8 303.6 302.7 302.3 301.9 301.5 302.3 303.3 304.1 304.2 305.3 305.8 306.4 307 309.6 309.7 309.7 310.7 311.6 313 315 316.7 318.2 319.2 319.6 320.6 322.2 323.4 325.6 326.2 330.3 332.1 333.8 339.6 343.6 347.5 350.3 353.8 357.3 361.3 366.9 372.9 377.6 383.6 391.3 400.1 407.6 413 415.8 416.6 415 413.4 411 405.9 400.7 395.1 390.5 387.4 382.5 378
363.9 361.8 360 356.8 353 348.9 347.1 342.5 340 337.5 335.9 334 331.1 328.5 325.9 323.1 319.4 315.9 312.6 309.8 308.5 308.1 307.8 307.4 307.3 307.7 308.2 308.6 308.7 308.9 309.1 310.2 311.1 312.1 314.9 313.9 314.7 315.7 316.7 318.8 320.1 320.9 321.4 322.2 323.3 325 326.4 327.2 328.2 332.6 336.1 339.3 341.9 345.4 349.3 353.2 356.9 362 364 372.8 377.2 384.4 392.1 400.2 408.7 415.8 421.9 426.5 427.7 427.9 424.6 421.3 417.7 411.8 406 399.4 393.5 389.3 384.5
358.4 356.4 352.1 350 345.9 344.9 343.4 341.8 340.6 339.8 339.6 337.6 334.8 332 328.8 325.9 322.9 319.5 316.6 314.7 314.3 313.7 313.4 313 312.9 312.5 312.3 312.7 312.4 312.2 312.4 314.1 314.6 315.1 316.1 317.6 318.1 318.4 319.5 321 322.4 323 323.7 325 326.2 327.5 328.1 329.3 331.2 335.4 338.5 342.9 343.1 346.8 351.3 355.4 360.7 364.4 370.9 375.6 382.9 389 398.6 407 415.2 422.9 428.7 432.8 433.3 432.5 431 427.3 422.4 417 411.6 406.1 400.4 394.3 390.3
346.7 348.6 346.2 342.5 341.5 343.2 343.5 344.4 343.8 343.5 343.2 341.4 338.6 335.8 332.9 330.1 326.9 324.4 323.2 321 320 319.4 318.9 318.3 317.3 317.3 317.6 316.8 316 315.6 316.3 318.5 318.9 319.2 319.5 321.5 322.2 321.9 322.2 323.6 324.9 326 326.9 328.1 329.4 330.4 331.3 332.7 334.9 336.9 340.1 345 346.9 349.2 351 355.4 361.5 366.5 373.5 378.8 385.7 392.2 400.7 409.6 418.1 426.2 432.9 436.1 436.6 434.5 431.2 427.5 421.2 417.9 411.6 408.6 404.6 400.7 398.4
335.8 340.1 340.8 338.3 338.8 342.1 343.9 346.7 347.6 346.8 346.1 345.7 342.9 340.1 337.3 334.4 332.2 330.8 329 326.8 325.3 324.4 323.7 322.7 321.8 322.1 322.2 321.1 320.1 320.8 321.5 323 323.3 323.5 323.7 325.3 326.3 325.8 326.3 326.9 328.2 329.3 330.3 331.3 332.4 333.2 334.3 334.9 337.4 339.2 341.7 346.6 349.2 352 355.5 359.9 362.6 369.1 374.4 380.3 386.9 394 400 406.4 413.6 421.7 428.5 431.8 432.9 432.4 430.8 427 423.1 418.1 415.2 410.7 408 406 405.9
327.3 329.3 332.6 335.2 337.6 341.1 344.7 348.1 349.7 349 348.7 348.8 347.5 344.7 341.9 339 338.3 336.6 334.4 332.2 330.3 329 328.1 327.5 326.6 326.5 326.8 327.1 326.3 326.2 326.7 327.4 327.7 328.2 328.6 329.6 330.7 330.4 330.7 331.4 332.2 332.9 333.8 334.8 335.9 337 338.1 338.2 339.2 341.6 343.6 347.6 352.7 354 359.9 363 367.8 371.9 379.5 384 390.8 396.6 400.9 405.7 411.1 418.9 427.2 431.5 431.4 431.7 428.4 425.5 420.9 419.4 418 416.2 415.1 413.2 413.8
320.5 324.6 329.8 335.4 338.4 342.8 346.9 349.5 351.7 351.1 351.3 351.6 351.4 349.3 346.5 344.6 344.4 342.6 339.7 337.5 336.1 335 335.3 334.5 332.1 331.6 332 332.3 332.6 332.6 332.5 332.1 332.6 333.1 333.5 334 335.3 335.2 335.4 335.7 336.4 337.1 337.8 338.7 339.7 340.8 341.9 341.8 343.5 345.4 346.9 351.7 357.4 358 362.9 366.5 373.8 380.5 383.4 388.3 394.2 398.3 402.3 406.9 413.3 421.1 426.5 429.9 431 431.7 430.7 428.1 424.9 422.1 421.8 421 420.7 420.6 420.8
315.6 322.1 325.7 333.7 337.8 342.5 347.8 351.4 353.6 353.7 353.9 354.2 354.1 353.9 351.1 350.6 349.6 347.8 345.9 344.4 343.1 342.8 342.2 340.1 337.7 336.9 337.2 337.5 337.9 337.8 337.4 337 337.3 337.8 337.4 338.6 339.7 340 340.1 340.4 340.7 341.3 342.1 342.9 343.7 344.6 345.5 346.4 347.8 350.1 350.5 356 361.9 364.4 367.1 370.9 380.2 382.4 388.7 393.9 398.9 402.4 408.1 414 420.4 426.4 429.6 431.7 433.1 434 432.6 429.5 426.5 425.3 423.5 423.4 423.7 423.8 425.6
314.7 319.6 325.9 331.7 335.6 341.3 348 351.6 354.6 355.7 356.6 356.8 356.8 356.6 356.5 355.6 354.3 352.4 350.7 350.1 348.8 348.3 347.4 345.3 343 342.2 342.6 343.1 343.2 342.6 342.2 341.9 342 341.6 342 343.1 344 344.3 344.6 344.7 345 346 346.5 347.3 348 348.8 350 351.1 353.2 354.6 358.6 360.9 364.3 369 373.5 377.1 384.1 386.2 393.5 398.9 404.9 411.2 416.9 423.1 428.2 431.5 434.8 436.4 438.3 437.1 433.8 431.6 428.5 425.8 424.2 424 426.2 429.1 431.4
313.4 318.6 323.8 328.6 335.2 341.4 347.7 351.7 354.8 357.1 358.2 359.1 359.8 361 361.3 360.6 358.9 357.8 357 356.6 354.3 353.7 352.6 351.1 348 347.4 348.2 348.6 348 347.4 347 346.7 345.9 345.5 346.5 347.1 347.8 348.8 349.6 348.8 349.9 350.9 351.5 352.7 353.3 354.5 356.4 357 357.1 360.3 363.9 366.9 366 374.8 380 383.8 388.1 393.3 397.8 403.6 410.8 418.2 424.4 428 434 436.8 440.1 444.2 444.6 443.2 438.3 433.7 430.7 428.6 429.6 430.9 434 438.2 440.9
311.5 316.6 321.7 327.5 334.4 341.2 346.8 351.4 354.4 356.7 359.2 361.9 363.6 365.6 366 365.4 365 364.1 363.3 362.4 359.8 358.9 357.9 357 353.1 353 353.3 353.8 352.8 352.2 351.7 350 349.7 349.7 350.3 351 351.7 353.2 354.2 354.5 355.1 356.5 357.6 358 358.2 359.4 361.7 362.2 362.2 365.5 369.8 371.8 373.6 380.2 384.2 389.1 392.7 397.9 403.9 409.6 415.7 422.6 428.4 433.4 439.8 443.7 446 450.6 450.3 449.9 445.8 440.8 436.8 435.1 437.5 441.3 445.9 450 452.1
309.5 315 320.5 325.8 332.4 340.2 345 349.5 354.1 356.8 359.5 362.4 364.9 367.1 369 368.3 369.3 369.9 370.8 370 366.8 366.1 365 362.6 360.3 359.7 360 361 360 358.2 355.9 355 355 355.1 354.3 354.8 356.3 357.7 358.7 359.6 360.5 361.9 363.2 364 363.6 366.1 366.6 368.2 368.8 371.9 374 378.1 382 385.7 389.8 394.4 399.1 403.1 409.3 416.4 421.4 427.3 433.8 440.8 448.3 454.2 458 463.6 463.8 462.2 457.6 451.8 448 444.7 448.3 452.1 455.3 458.5 461.9
306.1 311.1 316.6 322.8 330.6 337.8 342.8 346.7 351.6 355.6 358.7 361.2 363.8 365.7 368.7 369.8 370.4 371.2 371.9 372.5 371.3 370.3 369.7 369.3 367.5 367.7 366.4 367.4 365.6 363.2 360.8 360.2 360 360.4 358.9 357.5 359.3 360.9 361.9 362.9 365.5 366.9 367.8 369 370.2 371.8 372.7 373.7 376.1 377.1 381.5 385.6 390 393.3 396.8 400.9 405.9 409.8 415.4 421.7 427.5 433.4 439.6 447.3 455.7 463.9 470.9 478.5 480.2 477.1 473.4 467.5 465.9 462.9 463.3 467.1 467 469.4 471.1
303.6 309.2 315.1 320.8 327 333.3 339.7 342.6 346.7 352 355.2 358 360.7 363.2 366 368.1 370.1 371.5 372.3 373.7 375.9 377.5 375.3 374 375.9 376.8 375.1 372.4 370.7 368.4 366.1 363.6 363.1 362.4 361.4 360.4 361.7 363.3 365.4 367.4 369.7 370.8 372.7 374 375.3 376.9 379.4 380.8 382.4 385.5 388.2 392.2 397 402 405.7 410.8 415.9 420.3 425.1 429.4 435.8 440.6 446 453.4 462 472.8 477.7 481.5 487.3 490.9 487.8 485.4 482.3 480.1 479.8 480.5 481.6 480.5 480.7
300.1 307.9 313.9 320 325.6 330.1 334 338 341.6 346.5 350.8 353.7 357.4 359.6 361.2 363.9 366.6 369.2 372.6 375.3 378.6 377.4 376.3 376.1 383.2 384.8 382.5 379.1 377.5 374.4 371.6 368.7 366.6 364.6 364.9 365.2 364.8 369.2 371 372.2 373.6 374.3 377.2 378.5 380.7 381.5 385.1 387.5 390.1 392.7 395.4 398.8 404.3 409.5 412.8 420.2 425.6 431 436.2 441 444.9 449 453.4 459.9 468.5 477 483.5 487.9 490.7 492.5 491.8 489.5 487.1 484 483.4 485.9 489.3 489.6 490.2
298.7 306.2 313 318.7 323.3 326.2 330.1 334 338.2 341.3 345.8 349.5 352.3 355.7 357.7 359.8 362.5 366.1 369.6 370.7 371.4 370.2 372.4 375.7 379.9 383.7 381.2 378.4 376.3 375.9 376.2 371.3 369.3 368.2 368.9 368.6 369.3 373.1 373.9 374.7 375.6 377.3 381.2 383.4 386.1 388.4 391.2 394.8 396.8 398.5 401 403.5 408.7 415.6 421.2 426.5 433.5 439.5 445.8 451.2 454.8 457.8 462.3 465.5 472.1 478.9 483.7 489.4 490.6 489.6 485.6 482.3 480 478.4 476.8 480.4 484.8 488.8 489.2
296.3 303.7 310.7 315.6 319.8 323 326.2 329.9 333.9 338.1 340.5 342.9 346.1 349.5 351.6 353.1 356.2 359.5 360.9 361.9 362.7 363.1 367.4 372.5 376.5 377.6 375.3 373.7 371.7 371.9 372.1 370.5 371 373.4 374.5 374.4 374.6 373.2 373.8 374.8 376.1 379.6 383.5 385.7 388.8 392.2 395.8 399.2 402.5 405 407.2 409.6 414.1 421.5 426.7 433.3 439.7 446.1 452.4 458 463.4 468.2 471.3 473.2 476.2 477 480.3 482.6 483.5 483.3 479.5 475 472.3 468.2 466.7 464.7 474.7 476 481.3
293.9 300.8 306.4 311.4 315.6 318.4 322.2 325.9 330.6 335.6 338.2 339.6 340.2 343.1 344.9 345.3 347.6 349.7 350.3 352.5 354.1 356.3 360.1 366.8 371.2 371.2 369.7 367.5 367.1 367.3 366.6 366.7 369.3 372.2 374.2 374.6 373.9 373.4 373.7 374.3 375.4 378.9 383.2 387.3 390.5 393.6 398.7 403 406.2 409.8 412.1 416.6 420.9 427.6 433.5 438.8 444.2 450.9 457.1 464.3 471.2 475.9 479.4 480.3 478 478.4 477.8 476.6 478 477.7 474.5 468.9 463 458.7 455.4 452 460.5 465.6 473.1
290.7 296.2 301.1 305.7 309.8 313.7 317.3 321.2 325.6 330.9 334.9 334.1 334.9 336.8 338.1 338.3 339.2 340.3 343.6 345.9 347.7 349.9 350.6 355.6 362.1 363.9 362.4 362.3 363.1 362.6 362 364.5 369.2 372.5 373.1 373.4 372.8 373.1 373.3 373.7 375 379.7 384 386.9 390 394.6 398.8 403.5 408 411.9 416.9 422.4 427.2 432.2 436.8 441.3 446.5 451.3 458.5 465.5 473.3 479.6 483.8 483.5 480.6 478.1 477.3 474.4 475.7 474.7 470.4 465.6 459.1 451.7 447.2 444.1 447.9 454.8 461.6
285.2 290.2 295.2 299.7 303.6 307.6 311.9 316.4 319.7 323.4 327.4 330.5 330.9 331.3 331.4 331.8 332.7 333.6 335.8 338.3 340 340.8 343.9 348.8 351.7 351.7 353.4 354.5 355.5 355.8 359.9 364.7 367.8 368.5 369.6 371 370.6 370.6 371.6 371.9 377.3 380.3 382.9 385.5 390.9 395.2 397.4 401.1 408.2 415.4 421.6 426.5 431.6 434.3 438.3 441.8 445.7 449.7 456 462.4 467.5 478.3 483.1 482.1 479.2 478.8 476.9 472.3 468.7 468.8 466.4 460.8 453.8 446.5 441.6 438.6 439.3 444.1 451.5
278.8 283.7 288.3 292.1 296.6 301.4 306.3 310.4 313.6 316.7 319.5 322.7 325.1 324.9 325.5 326.5 327.5 328.1 328.8 329.3 330.7 332.3 335 337.3 340.9 343.3 345.8 347.8 349.1 351.9 356.7 362.2 363 363.2 365.1 368 370.2 367.8 369.6 371.5 374.7 377.2 381 385.1 391.7 394.4 397.1 401 410.3 418.8 424.6 429.4 433.9 437.7 440.8 443.6 446.5 450 454.7 459.3 463.1 466.9 471.1 474.5 475.1 473.6 470.5 468.6 465.5 462.3 459.4 455 448.8 444.9 439.3 436.2 432.5 435 445.5
270.7 275.3 279.7 284.1 288.6 294.2 299.1 303.3 306.6 309.4 312.5 315.6 318.8 320.7 321.7 321.3 321.8 322.3 322.8 323.7 325.1 326.1 328.8 331.9 334.9 337 340.2 343.7 345.9 346.8 350.2 354.9 356.1 356.7 361.1 363.5 364.8 364.4 366.9 371.3 373.4 375.2 381.7 386.3 388.9 393.9 399 405.9 415.4 423.3 432.3 436.3 440.5 442.9 444.1 446.9 448.9 450.2 454.9 457.5 459.4 462.3 464 464.8 465.5 466.4 465.5 462.8 459.6 456.7 452.8 448 443.2 440.3 437.2 434.1 432.5 432.5 443.4
