UK/data/st/st13_OST50GRID_20230518/ST13.asc
ncols 200
nrows 200
xllcorner 310000
yllcorner 130000
cellsize 50
[rows 0 to 34 of 200, columns 78 to 155 of 200]
197.2 195.4 195.2 195 193.4 185.8 172.4 179.6 176.2 181.7 205 222.1 235.7 243.4 247.9 251.1 250.1 247 241.5 230.7 222.9 213.6 206.2 195.9 186.5 183.4 189.2 194.3 177.4 162.5 187.1 208.9 231.1 248.6 255.2 252.9 250.9 248 242.4 237.9 234.5 229.6 221 209.5 196.9 180.8 175 183.4 184.3 182.7 179.8 169.1 158.3 153.7 155.9 155 153.8 154.4 155.5 153.5 154.6 152.8 148.8 144.7 135.4 135.5 137.3 137.1 136.2 137.7 135.6 132.6 129.2 125 121.6 115.8 109.4 103
194.2 189.5 184.4 181.7 178.2 173.7 182.7 193.2 178.2 181.4 206.4 226.2 242.1 249 252.8 254.4 251.6 248.1 245.7 242.8 239.5 231.2 219.4 212.3 210.3 192.2 201.5 201.9 181.4 161.6 184.1 206 228 247.3 257.5 251.6 247.9 244 239.3 232.9 226.9 218.3 205.4 187.1 189.8 194.6 196.7 195.6 196.3 191.3 182.8 171.1 160.2 163.2 160.9 159.5 159.9 160.5 162.1 161.9 159.8 156.6 150.4 144.5 139.1 143 143.1 141.5 141.1 140.5 139.2 137 131.9 128.9 124.3 119.1 111.2 106.4
218.5 216.1 211.7 202.2 181.2 184.3 200.3 206.5 182.9 183.1 205.7 228.2 245.4 253.6 257.5 259.5 257.9 254 252.9 252.1 251.1 245 236.5 230.9 219.9 207.1 211.6 205.7 184.3 161.6 183.7 206.8 227.8 245.4 251.4 247.3 243.2 237.4 230.9 223.6 214.6 203.3 199.1 207.6 209.9 210.9 211.4 206.7 202.3 195.7 182.1 168.3 171.9 172.7 169.1 167.1 166.6 168.2 169.9 169.4 165.4 157.3 148 143.1 147.5 147.8 147.2 146.3 145.6 145.1 142.1 136.4 131.7 129.3 125.5 117.6 111.9 110
239.4 235 223.2 207.6 181.3 197.2 215.7 215 188.9 184.1 206.6 227.6 247.9 257.4 262 264.1 263.3 261.6 260.1 260.1 259 253.7 246.6 236.4 222.7 218 221.7 206.8 187.1 166.2 182.6 207.4 226.5 242.7 248.3 244.3 237.9 230 222.4 216 207.2 205.7 212.6 217.3 218.4 220.5 216.5 208.8 203.3 193.6 180.4 176.7 183 181.7 178.9 177.7 175.4 175.6 176.2 172.7 163.9 151.4 151.4 152.9 153.4 153.6 152.9 151.3 149.8 149.1 141.9 137.9 135.9 132.2 126.8 119.5 117.4 116.6
250 238.1 221.2 202.3 184.8 206.1 226.9 222.5 194.8 184.2 205.6 228.4 248.3 260.7 266.2 268.9 268.6 266.9 266.6 266.9 264.8 259.6 251.9 241.5 236.6 234.5 227.3 207.8 189.5 167.8 185.5 205.9 225.6 240.5 246 239.4 230.8 226.7 220 214.9 212.9 213.5 218.4 221.1 222.7 223.5 217.1 211.6 206 195.9 179.3 186.1 190.4 188.7 188 184.9 183.3 180.8 176.9 167.3 158.8 161.9 160.3 158.5 159.6 160 159 156.8 154.8 153.8 149.7 145.3 140.4 136.6 129.7 125.4 127.1 125.7
242.9 230.2 211.8 189.8 196.3 215.9 233.8 226.3 200.5 184 206.1 229.8 247.1 263.1 270.6 273.5 274.5 274.9 273.5 273.2 270.6 265.7 259.6 253.5 248.1 242.6 232.7 211.6 192.4 172.3 190.1 209.8 230 242.3 246.7 241.9 234.2 229.7 225.1 220.9 217.9 219.3 224.3 227 225.2 222.2 217.7 214.7 210 199.4 184.1 195.8 197.2 194.8 191.3 187.3 183.7 180.6 175 172 173.4 171.1 168 165.4 165.7 166.2 165.3 163 160.8 159.3 155.1 149.3 144 140.1 135.7 133.3 136 131.7
232.5 215.4 199.8 194.5 212.3 230.2 241.4 230.2 204.6 184.4 206.8 229.2 247.5 264.7 273.4 277.9 279.7 281.2 281 279.2 276.9 272.6 268.1 263.3 257.6 250.3 237.7 215.3 195.4 175.2 194 212.1 232.6 245.2 249.4 244.9 238.3 235.4 234 228.4 225 225.3 230.8 232.3 229.6 226.8 223 219.5 213.5 200.4 191.3 201.7 200.2 199 195.1 192.6 187.3 182.3 181.3 180.1 179 178.1 175.1 173.8 173.4 173.8 172.4 169.5 167.1 164.1 159.1 153.3 148.7 144 139.4 139 143.2 141.6
211.2 199.7 201.4 212.2 228.1 242.9 249.4 234.7 208.5 185 206.4 229.2 247.2 264.2 276.2 282.5 285.9 287.2 287 286.5 284.7 280.1 276.5 271.1 265.8 257.5 242.1 219.1 198.1 176.6 193.9 213.7 232.9 246.1 251.6 250.8 246.5 245 240 231.5 230.5 232.4 234.6 237.9 234.7 231.2 228 219.9 211.4 200.8 201.4 206.4 204.6 203.8 202.9 199.3 197.1 192.2 188.9 183.8 185.8 186.2 183.6 182.2 181.5 181.2 179.8 177.4 173.4 170.5 164.5 158.8 153 150.2 146.3 145.4 147.7 147.8
206.8 208.7 216.7 228.5 243.2 253.5 255.3 245.3 213.3 188 205.8 231.2 247.7 265.9 277.8 286.2 292.6 297.7 300.7 298.9 294.5 290.5 285 279.7 273.9 263 246.2 223.3 203.1 180.8 191.9 214.3 232.4 246.3 253.4 256.3 254.1 250.7 243.5 239 239.1 240.2 241.2 243.3 239.8 234.3 226.6 214.1 207.5 201.4 208.5 213.3 214.7 217.3 217.8 217.1 213 204.2 201.7 195.7 195.5 195.4 192.7 189.7 188.8 187.8 186.3 184.5 182.5 176.9 173.3 167.4 160.5 155.9 154.1 151.9 152.4 153.2
223.2 228.4 235.4 244.8 255.4 260.4 262.7 247.3 217.7 190.5 208.1 229 246.9 264.5 276.6 287.5 297.3 304.1 308.2 306.3 301.6 297.2 292.2 287.6 281.1 268.2 250.4 228.5 209.2 188.6 190.4 212.5 232 248.1 256.4 260.4 261.4 258.4 254.1 253.1 251.4 248.2 249 248 241.9 236 228.6 221.6 215 210.4 219.1 223.9 229.2 231.2 231 230.6 226.2 217.8 217.2 212 207.3 205.4 203.1 200.7 199.9 198.3 195.6 192.9 190.6 186.8 181.6 176.4 169.1 162.2 159.6 158.1 156.4 154.9
243.3 250.6 256.5 261.7 266.2 268.6 269 248.2 218.6 194.5 206.3 225.9 243.9 260.3 278.2 287.1 294.5 303.1 307.6 309.1 305.7 302.2 298.1 294.3 288.1 273.5 254.9 234.8 215.8 195.8 191.1 214.8 236.2 251.5 260.2 265.6 267.3 267.3 265.9 265.4 264 261.4 258.4 254 245.5 241.2 239.2 235.2 226.1 219.9 229.5 235.5 242.6 241.6 238.9 236.6 233 229.7 229.9 226.3 219.5 216.3 212.6 209.2 208.8 206.6 204 200.9 198.1 194.7 191.2 183 176.3 167.5 163.5 159.5 155 153
263.7 268.8 272 274.5 276.5 277.8 273.9 253.6 224.6 197.9 204.4 221.9 240.2 257.9 275.8 285.4 293.4 299.8 303.7 305.1 306.8 305.3 304 300.3 293.2 279.6 259.6 242.6 224.5 204.4 189.4 214.8 238.4 255.5 264.1 270.5 274.3 275.7 277.1 276.7 276.5 274.5 271.5 262.9 255.4 250.8 246.8 244.3 240.9 235.4 244.4 249.4 248 244.6 244.9 246.4 243.1 242.8 241.8 237.4 229.7 223.9 219.3 214.3 210.6 207.5 205.4 203.9 203 198.9 196.6 191.7 183.4 174.2 165.3 157.1 147 142.3
278 281.5 284.8 286.2 286 284.6 277.1 259.9 233.2 208.8 199.8 211.3 232.5 248.9 263.8 278.1 286 292.6 296.7 300.9 304.8 306.9 307.4 304.4 300.7 287.8 268.4 251 233.8 214.9 192.5 207.1 235 254.3 268.6 277.2 280.7 282.7 285.3 287 286.3 285.4 283.3 276.5 269.1 266.4 261.7 257.1 252.7 251.8 255.4 258 258.9 261.2 260.8 259.2 257.1 254 245.4 237.8 229.1 219.6 208.3 198.5 192 189.7 188.8 190.2 192.1 192.9 191.8 188.4 182.3 173.5 164.8 151.1 136.7 129.9
288.8 290.8 292.2 292.9 292.3 288.9 281.2 267.7 243.4 219.2 203.7 208.7 219.4 239.3 252.6 263.9 272.5 281.8 287.4 293.9 302.2 306.3 310.1 309.6 306.3 295.7 278.6 261.6 243.6 226.2 201.9 196.1 225.2 248.9 268.5 280.8 289.1 293.2 295.2 297.7 299.4 299.3 295.5 290.3 284.9 282.1 277.1 269.9 263.8 266.7 268.7 271.4 272.5 270.7 267.2 265 258.5 253.2 244 229.3 217.1 204.9 192.6 184.4 176.9 173.7 171.9 171 170.2 170.5 173.8 175.6 171.7 164.8 154.6 141.2 129.9 127.3
296.5 298.8 298.8 297.2 294.6 289.6 282.7 271.4 251.3 231 218.1 220.4 218.2 224 236.7 245.3 255 264.6 273.7 287.8 300.4 308.3 313.1 315.4 313.1 303.3 288.9 272.5 255.3 237.7 214.3 192.7 214.8 240.2 261.6 282.4 295.2 301.9 306.2 309.1 310.5 310.6 306.6 303.8 300 295.9 289.5 282.4 279.3 280.3 281.2 283.8 282.3 277.6 272.5 266.3 256 245.8 230.9 216.1 200 187.8 177.6 169.7 168.1 164.3 158 150.8 150.2 153.7 154.6 155.9 155.2 150.5 141 131.8 130.4 130.9
302.4 303.1 301.5 298.4 292.7 287.7 281.1 268.4 252.9 232.4 221.7 233.9 235.7 221.6 241.2 253.9 262.2 271.6 285.7 295.1 302.4 310.4 315.2 318.5 316.3 307 295.8 280.5 266.2 247.9 227.5 200.6 200.6 232.7 256.1 277.2 296.1 309.2 314.5 318.4 321.7 319.8 318.1 318 314.3 308.7 303.1 295.6 292.3 291.1 291.1 292.1 289.1 281.9 272.1 260.2 248.3 233.8 218.8 200.6 189.5 179.7 182.6 183.2 179.5 173.9 162.7 154.2 150.4 147.2 143.8 141.1 139.3 136.2 134.3 133.7 134.6 136.2
305.1 304.6 301.3 295.8 288.4 281.7 273 262.7 248.2 228.2 228.4 243.4 246.9 229.4 244.4 265.6 277.9 286.5 292.8 299.4 306.7 314.6 317.9 317.9 315 307.6 298.7 285 273.2 256.1 237.5 213.5 196 221.7 248.4 272.4 296.7 311 321.5 324.9 327.2 327.7 326.9 327.4 325.3 320 314.8 308.8 304 300.3 297.7 299.1 292 278.8 264.1 251.4 238.6 222 203 193.9 192.9 195.2 197.5 193.8 184.4 173.7 163.2 171.7 169 162.8 156 150.1 147.2 147.6 147.4 139.4 142 143.8
307.9 304.2 299.7 290.3 278.6 270.4 261.4 250.2 237.5 230.7 244.8 254.2 254.4 235.2 245.6 266.4 279.1 288.3 294.8 303.2 311.3 316.7 319.3 316 312.6 306.2 297.6 287.3 275.6 257.7 241.5 221.1 198.5 215.9 244.4 269.5 290.3 307.3 318.6 325.8 328.6 330.7 330.9 330.7 330 329.4 324.8 319.1 312.6 306 300.3 293.3 285.4 272.1 258 244.5 229.6 212.2 199.1 201.6 206.9 207.8 207.5 196.6 184.9 171.9 174.7 179.7 178.1 174.8 172.2 169.8 164.4 154 145.1 146.8 151.2 156.4
309 305.2 296.9 279.8 264.4 254.9 245.3 240.5 243.9 251.7 261.4 262.8 252.3 235.3 251 267.1 279.4 288.8 296.7 306 314.4 319.3 317.6 313.6 308.6 301.7 293.1 285.2 271.4 253.3 236.9 214.6 202.6 211.4 238.6 261.8 280.4 294.6 304.9 311.3 321.3 330.2 329.2 329.2 328.5 327.7 324.3 319.2 308.5 298.9 290.1 280.6 271.7 262.7 252.8 238.3 223.5 207.5 211.2 216.8 218.8 215 211.6 200.4 185.3 172.8 183.1 186.9 185.8 183.8 182.2 172.3 157.3 152.9 158.5 162.5 163.3 163.3
309.6 300.8 287.1 267.6 255.4 254.4 257.9 260.6 267.8 270.1 269.8 266.4 248.3 242.7 257.3 269 281.3 290.7 299.2 308.2 315.9 318.1 314.9 310.3 303.1 295.5 288.9 276.2 260.7 244.7 223.9 209.5 208.4 203.6 225.4 245.7 261.1 271.3 283.3 301.5 314.2 318.2 318.8 319.8 320.8 318.1 315 306.6 296.4 285.5 277.6 269.7 260.2 256 250 233.6 219.3 216.5 225.5 223.8 221.9 216.5 207.8 196.4 182.4 179.4 189.6 191.7 190.5 189.7 175.9 162.3 160.2 168.8 173.6 171.9 170.9 167.4
307.7 299.6 277.4 266.8 272.5 279 281.4 279.5 278.9 278 275.8 268.4 247.5 251.3 263.5 273.6 283.6 293.8 301 308.4 314.2 314.2 310.5 305 299.4 291.9 283.3 273.7 258.1 234.7 217.4 224.6 214.9 210.2 210.3 226.5 237.2 247.8 269.5 289.3 302.9 306.2 306.8 306.3 305.2 302.9 298.6 290.9 280.8 273.9 265.2 257.9 252.1 247.7 239.4 226.8 218 228 224.6 221.8 216.9 208.6 197.1 187.1 179.8 189.8 196 196.2 193.1 183.9 169.9 168.7 177.5 181.7 180.6 177.2 174.4 168
303.5 287.5 279.1 284.4 291.1 292.2 291.5 290.4 288.2 286.9 283.2 270.1 250 259.7 270.8 277.4 286.7 294.8 301.6 307.6 313.2 311.9 307.6 301.7 294.7 287.1 279.1 268.8 251.5 232.9 222 230.3 226.9 225.5 216.8 208.9 215.3 234.5 256.8 274.1 290.1 294.2 293.8 293.1 291.5 289.6 287.2 280.5 270.6 260.7 250.3 241.5 239.5 238.8 232.9 225.1 229.4 228.2 222.5 214.8 199.5 193.5 191.3 191.5 195.3 199.6 202.2 199.9 195 180.4 171.8 178.9 187.3 187.2 184.3 181.2 176.8 172.1
301.8 293.3 293.5 297.9 299.3 299.5 298.4 297.1 294.9 292 286.3 271.6 252 264.4 272.8 280.4 287.8 296 302.9 310 314.2 310.9 306 298.8 291.8 283.5 273.7 261.3 243.6 227.8 231.9 238 242.5 240.7 230.9 223.9 218.6 221.1 240.1 256.6 270.4 276.4 276.8 275.6 275 275 268.2 261.2 257.1 254.3 253.2 248.4 241.2 231.7 230.8 232.6 236.1 231 226.1 212.9 210.1 212 211.9 209.3 207.8 208.7 207.7 204.8 198 183.4 178 183.4 192.8 192.6 187.8 185 179.8 176.3
309.3 306.6 305.5 305 305.8 305.9 304.7 302.2 299.5 295.4 286.6 271.7 252.6 267.9 272.7 279.7 287.1 296.8 306 310.7 313.1 310 303.6 295.9 285.7 275.6 262 246.8 231.4 233.8 248.3 250.2 254.6 252.8 245.6 235.7 226 222.3 228.8 242.1 251.3 257 266.6 275.6 280.6 283.3 284.9 280.1 272.5 267.4 265.4 261.5 254.6 243.9 238.9 239.1 238.3 235.1 229.4 219.8 222.9 226.2 223.6 220.4 218.1 216.6 214.1 211.2 204.2 191.4 185.9 190.4 196.1 197.7 193.1 187.9 184.5 181.3
316.2 312.8 311.7 310.9 310.7 310.9 308.6 303.2 298.3 292.5 284.2 270.9 258.7 269.7 276.2 280.6 287.4 296.7 306 312.1 313 308.7 299.5 288.6 276.3 260.6 244.2 238.7 243.6 251.4 265.4 260.6 264 266.3 259 246.5 233 231.5 232.4 239 251.8 267 272.8 281 288.6 290.3 291.4 290.3 284.2 280.8 279.2 273.5 262.8 254.7 249.7 247.5 244.7 238.9 234.6 228.3 231.1 233.6 235.1 231.1 227.3 226 222.2 217.2 209.5 199.9 196.7 198.5 201.8 201.5 198.1 193.8 190.7 187.8
320 317.7 315.7 315.1 314 312.8 308.1 300.8 292.9 286.1 276.9 263 268.4 270.8 276.7 282.2 289.8 297.7 305.5 311.9 311 303.7 288.8 277.1 260.5 241.5 250 255.8 263.6 272.3 276.2 269.6 270.6 273.6 271.4 261 240.3 242.9 245.8 241.4 254.5 266 275 284.4 291.2 295.9 298.7 298.4 296.8 293.8 290.6 286.3 276.5 266.7 260.7 254.8 249.7 245.8 240.6 233.7 237.6 240.8 242.4 239.7 234.3 233.7 229.2 222.8 215 208.4 205.4 207.6 207.4 205.3 202.9 198.9 197.9 195.7
320.9 319.9 318.4 317.1 314.5 309.9 303.6 294.7 287.4 275.4 270.9 275.2 277.8 280.9 281.9 291.1 296.8 302.3 307.3 308.3 305.4 292.8 275.7 257.3 251.5 264.4 274.5 282.7 286.9 286.6 285 279.5 278.8 278.5 275.9 266.7 246.3 254.5 257.6 249.2 248.8 263.2 275.3 284.5 293.4 299.9 304.3 306.7 306.2 305.6 300.9 293.5 286.4 279 275.9 268.6 260.9 253.2 247.5 243.3 243.8 247.7 248 244.8 241.3 239.9 235.6 229.7 221.8 217.3 215.5 215.9 216.2 212.8 210 206.9 204.9 203.5
319 320 319.2 316.7 313.3 307.2 298 288 283.6 280.1 281.6 282.9 288.7 289.7 291.5 298.4 301.7 306.2 308.5 306 295.7 280.4 259.9 265.7 275.2 283.6 289.9 292.7 293.8 293.4 291.2 288.6 283.3 279.8 276.6 264.5 260.7 264 262.4 256.2 251 259.7 270.2 281 291.8 301.4 305.8 308.1 309.7 308.1 303.2 297 292.4 288.8 285.9 280.9 275 265.8 258.8 253.7 251.5 252.2 252.8 250.7 248.3 245.8 242.1 236.2 229.8 224.3 224 223.4 222.2 219.2 216.3 214.1 211.2 207.2
315.1 317.4 318.4 316.2 312.3 305.1 297.5 297.1 293.1 291.3 290.5 294.3 299.1 301.6 302.5 305.5 309.4 312.4 312.1 304.6 297.5 280.5 271.6 283.6 290.7 294 298.7 301.8 301.2 299.1 296.7 292.5 289.2 285.6 279.4 268.5 271.1 272.2 269.8 261.4 266 262.1 266.4 277.3 288.4 297.8 305.7 309.1 311.4 309.8 306.9 304.1 298.2 292.9 292.8 288.9 284.2 277.1 271.1 264.7 261.5 260.1 258.3 257.1 255.1 252.9 249.5 244.8 238.1 233.6 231.1 228.9 226 222.6 218.8 215.9 212.4 207.5
307.5 312.6 315.6 314.9 314.1 310.6 308 306.6 304.1 299.7 297.8 302.2 307.3 311.6 313.8 316 317.2 317.3 313.9 307.4 294 279.8 282.5 294.8 299.3 301.7 305 307.1 306.9 304.7 302 299.2 295.6 291.7 284.5 284.5 279 277.3 275.7 268.2 275.1 272.5 269.7 276.7 284 294.8 304.3 309.1 312.8 313.1 310.6 308.3 304.3 299.7 297.7 293.3 289 285.5 280.4 272.9 270.1 271.2 268.2 265.7 262.4 260 257.1 252.8 246.2 239.4 234.7 229.9 226.5 222.8 219 214.8 211.1 206.8
301.8 304.3 310.3 316.8 318.1 316.1 314.5 313.5 311.6 311 307.4 311.5 316.9 320.1 322.8 323 323 322.4 317.8 311.2 301.1 290 282.3 294.9 303.6 308.4 310.4 313 314.2 312.3 309.8 306.2 303.2 298.9 290.1 292.9 288 283.9 280.1 274.4 283.5 283.1 281.3 282.7 285.7 291.8 302.5 309 313.5 315.2 314.6 312 309.3 304.8 301 297.4 294.2 292 289.1 283.9 279.7 277.6 275.3 271.6 270.4 265.2 262.6 257.7 250.9 243.8 235.8 230.3 225.9 220.3 214.7 209.5 205.3 201.8
294.8 301.3 310.2 317.2 321.8 322.4 322.1 322.7 320.9 319.4 319.1 321 325.1 328.1 330.4 330.4 329 326.6 321.8 314.3 306.3 304.5 301.8 294.9 306.5 312.5 316.8 318.4 320.7 319.5 317 313.3 310.5 302.7 303.9 301.9 297.6 290.2 286.3 283.6 290.9 291.6 290.8 289.3 291.4 295.2 304.5 310.3 314.6 317.3 317 316.3 312.8 308.8 304.7 300.6 298.1 295.6 292.4 288.4 285.8 282.5 276.9 275.6 273.2 267.9 265.7 258.6 251 242.9 235.6 228.5 222.2 215.3 208.3 203.8 198.6 193.4
290.5 299.4 310.3 318.3 324.4 328 328.8 329.6 328.7 328.5 329.3 329.5 332.5 335.5 337.7 337.4 335.7 333.8 327.6 323.2 320.1 317.6 314.5 306.5 309.6 317.1 321.6 323.8 325.2 324.6 322 318.8 313.9 314.2 310.8 308.3 303 296.2 293.2 293.9 298.8 299.6 298.9 297.2 299 303.1 306.4 312.1 315.9 317.7 317.3 315.6 314.2 310.7 307.3 305 302.9 299.9 295.6 292.9 287.5 284.9 279.9 278 275.9 269.6 264.8 256.7 248.9 241.3 234.6 225.7 217.3 209.3 204 199.2 190 185.7
285.7 295.1 308.8 317.5 326.7 332.9 334.6 334.8 335.5 336.1 336.6 338.3 342.1 344.4 344.5 343.4 341.8 339.2 335.2 331.7 328.7 326.3 323.2 318.2 313.4 319.9 326.1 328.3 329.6 328.6 325.6 322.8 321.3 320.2 317.4 313.3 310.6 306.4 302.4 300 304.4 305 305 304.5 306.9 308.1 311.1 314.9 316.4 316.8 315.1 311.9 310.2 309.8 306.7 305.7 300.6 295.9 292.4 289.7 287.8 285.2 281.1 279.4 275.7 268.2 260.7 250.7 243 238.4 233.5 221.4 213.8 206.8 200.3 196.1 190.2 182.4
285.8 298.8 308.6 319.6 331.8 337.2 339.3 340.2 341 342.3 344 345.5 347.6 350.1 350.8 349.3 347.2 344.5 342.1 339.4 337.6 334.3 331.6 326.6 322.4 322.6 329.2 332.6 333 331.7 329.1 327.9 326.2 324.9 321.6 319 317.6 315.8 311.3 306.8 309.1 309.6 309 310.7 311.5 312.6 313.5 315.7 316.5 315 312.2 308.4 305.9 305.9 305.2 302.6 299.8 295.5 290.2 285 282.6 281 276.6 274 269.3 262.6 254.3 243 237.3 234.6 231.9 223.5 214.8 205 200.6 195.4 190.3 184.1
