WholeMapElevations/data/se/se05_OST50GRID_20230518/SE05.asc
ncols 200
nrows 200
xllcorner 400000
yllcorner 450000
cellsize 50
[rows 140 to 174 of 200, columns 0 to 77 of 200]
134 137 135 138.3 137.9 141.9 147.4 151.4 153.9 154.5 153.2 157.9 165.5 172.5 174.3 181.4 172.7 171.3 178.4 180.4 179.9 184.4 187.4 206 215.5 220.3 224.8 232.8 240.5 241.4 209.5 214.3 217.8 223.3 221.2 217.6 211.9 209.1 205.7 204.9 204.2 200.9 197.1 191.5 187.7 186.5 186 187.6 188.5 189 187.7 184.5 180.6 178.2 174.1 168.6 163.4 158.5 152 151.3 152.5 153.5 150.3 151.4 153.7 151 150.5 148.9 147.7 146.1 146.1 145.2 144.1 144.9 144.5 144.5 143.5 143.4
137.7 137.5 136 137.9 140 145.2 151.3 156.4 158.1 159.2 161.7 169.5 174.5 176 173 176.5 177.7 175.4 175.9 177.3 185.9 189.7 197.2 207.1 213.3 219 222.4 238.7 238.7 226.5 206.6 215.7 218.5 216.3 214 211.8 207 207.5 205.5 205.1 201.7 197.2 192.9 189.7 189 188.4 189.5 191.4 193.6 194.1 192.5 188.5 185.1 182.3 178.7 172.2 165.9 154.6 152.6 157.6 162.5 160.1 156.8 157.6 155.9 157.1 159.4 155.8 154.6 153.4 152.8 149.2 146.1 146.3 146.5 145.9 144.8 144.2
141.5 139.8 139.5 140 144.9 151.9 158.4 162.6 165.5 167.5 172.3 174.6 176.8 172.4 175.4 180.9 196.9 198.2 197.9 197.3 195.9 195 198.7 204.1 213.4 216 215.2 212.3 211.5 211.2 212.1 219 211.8 209.6 206.5 202.9 204.1 204.5 203.9 202.2 200.8 197.9 195.4 192.8 191.8 191.9 192.2 193.6 195.4 193.9 191.4 187.9 184.5 180.1 172.6 167.5 159.1 156.9 163.6 165.9 169.5 167.4 164.8 163.1 164.4 165.3 166.4 165.3 163 163.5 163.3 161.8 157.8 151.3 148.6 149.8 149.4 150.1
144.6 137.3 145.1 144.3 151.5 160.8 168.9 175.3 180.5 178.5 177 176.9 172 175.9 207.1 206.5 207 206.9 204.3 205.2 206.8 208.6 213.4 209 208.2 215.6 215.8 217.6 220.4 219.9 216.3 213.1 204.8 195.1 196 196.9 198.6 199.9 198.1 195.4 196.8 193.8 192.1 191.1 190.2 190.6 190.5 190.4 190.5 188.5 186 183 179.4 172.7 165.4 160.9 161.6 168 173.7 175.3 175 174.2 173.6 174 174.2 174.4 173.5 173.7 171.7 171.8 171.6 169.8 168.1 152.4 160.3 160.2 161.5 171.1
147.9 140.1 149.9 154.5 161.7 170 177.6 183.8 191.8 177.1 177 170.8 174.3 211.7 215.4 218.8 223.8 218.8 211.1 210 215.2 210.7 205.5 202.7 200 205.3 207.7 210.8 212.2 213.7 211.1 207.4 195 191.3 191.9 191.6 192 192.6 188.7 188.3 187.4 185 186.1 188.2 187.7 187.4 186.2 185.5 184.3 182.6 180.5 177.9 174.6 168 172.7 174.6 176.7 179 181.1 182.3 182.9 183.7 184.1 185.8 186.4 185.4 182.3 180.4 177.6 177.5 178 175.6 156.7 160.3 174.7 177.3 175.3 178.9
146.8 147.5 152.7 161.7 170.9 179.3 190.3 190.3 190.3 173.5 172.1 173.4 207.2 218.9 216.5 212.7 214.4 208.8 202.7 199.3 201.9 201.7 196.9 193.3 192.4 193 188.7 195.2 205 207.1 200.5 186.8 185.8 189.3 189.9 188.4 185.3 180.4 181.6 182.9 182.8 183.9 185.6 182.6 182.2 181.7 180.7 179.6 179.1 178.1 176.3 173.2 170.3 177.7 182.4 183.3 184.6 186.1 187.8 189.1 190.1 190.9 191.1 191.7 191.5 190.5 188.3 184.8 180.9 178.6 176.8 165.2 174.2 176.6 179.4 181.1 184.1 184.6
141.9 149.9 154.3 163 172.6 183.1 177.2 176.7 173.9 173.7 175.6 196.8 219 215.7 199.8 197.7 200.5 203.3 195.5 193.7 189.6 189.9 187.3 187.3 184.6 185.7 187.8 189.3 189.9 189.4 182.4 179.9 183.9 184.7 183.4 179.1 176.5 176.7 177.6 178.3 177.7 178.1 177.1 176.2 175.1 174.7 174.2 174.1 173.8 172.7 172.4 171.8 180.9 183.7 185.1 186.9 187.8 189.7 190.8 191.2 191 190.9 191.3 190.7 189.4 188.5 187.1 184.2 181.1 176.7 173 177.5 180.9 182.9 185 184.9 188 188.4
151.9 150.9 155.3 156.2 159.9 164.8 169.9 173.6 179.8 190.5 210.8 208.4 202.9 194.9 186.6 186.9 185.3 185.4 184.5 184.9 180.2 178.8 178.4 177 177.2 178.1 179.4 179.6 179.7 178.8 179.2 180 182 180 178.1 174.3 172.9 172.6 173.5 173.9 173.2 172.5 172.3 172.3 171.4 170.7 170.8 171.4 171.2 173.3 175.5 180.2 184.1 187.6 189.4 190.2 189.8 190.1 190.3 190 189.5 188.6 187.5 186.6 186 184.7 181.6 178.7 180.6 183.3 185.7 186.3 187 188.7 188.8 188.4 190.6 190.5
136 154.3 155 161.8 172.2 177.4 181.8 187.5 189.5 192.6 193.7 190.8 188.3 182.6 177 175.1 175.3 174.9 173.8 173.5 173.3 172.1 173.4 175.2 177.7 178.9 177.5 177.1 176.5 180.7 181.5 181.1 179.8 180.8 177.5 173.9 171.3 170.3 168.2 169.4 168.7 168.7 168.5 169.2 168.8 169.1 168.9 169.5 170.6 173.9 177.2 182.6 187.2 190.9 192.5 192 191.1 191.5 191.4 191.7 190.8 189.6 187.5 185.9 187.7 186.7 180 185.7 191.3 193.2 193.2 192.5 190.7 190.2 190.5 190.7 191 189.4
142.9 155.8 158.7 160.1 158.6 159.4 161.1 161.4 164.7 167.4 168.6 167.5 168.2 168.3 168.6 168.8 166.1 166.3 165.4 166.6 168.5 170 172.7 175.1 178.7 180.8 178.7 175.1 175.3 181.3 179.9 176.5 175.8 176.3 173.7 172.1 171 167.9 165.6 165.7 165.2 164.8 166.6 169 169.9 169.3 170.4 170.7 171.6 174.3 178.7 183.4 187.6 190.4 191.5 191.6 192.5 194.4 195.4 195.2 193.4 191.9 189.4 187.2 185.8 185.1 186.5 191.8 195 196.7 197.4 197.4 195.8 193.8 192 191.6 191.3 189.7
155.7 157.4 158.8 158.7 159.8 160.4 162.2 163.4 163.7 165.4 166.2 166.9 167.8 166.7 166.4 166.2 165.2 165 164.2 165.4 168.2 171 172.1 172.5 176 178.1 175.5 173.2 171.4 171.9 170.9 169.8 172.1 172.8 171.8 169.8 167.1 164 163 163.4 164.5 167.4 170.3 172.6 172.8 170.7 171.7 171.7 172.6 174.7 177.5 181.3 185.5 188.9 190.8 191.8 192.9 195.1 197.7 198.7 197.4 196.6 195.9 193.2 190.5 189.8 184.4 193.1 196 198 199.1 198.8 196.7 195.1 193.5 193.3 193.5 189.3
155.9 156.5 155.2 153.2 154.3 158.5 157.6 156 155.9 157.4 162.6 167.1 170 169.1 167.9 166.7 165 163.3 161.4 163 164.9 167 166.4 165.1 166.7 166.2 166.6 165 169.1 163.2 165.2 167.9 170.5 170.1 169.6 167.8 163.9 161.9 162.8 164.1 167 171.2 174.2 176.4 176.2 173.8 172.1 173 173.7 174.5 178.2 182.8 186.7 188.8 188.9 189.7 191.3 194.9 199.6 204.5 206.6 206.1 203.8 200.6 196.5 194.5 187.5 193.5 195.6 198.2 199.9 199.9 198.8 196.9 195.6 194.9 192.7 188.6
155 154.8 151.2 149 149.4 149.8 149.4 149.2 150.5 149.7 153 158.3 162 162 159.7 158.1 156.4 157.5 158.9 158.8 158.2 156.9 156.7 157.4 157.2 158.2 157.4 156.5 161.2 165.9 162.1 167 169.1 168.3 166.8 166 161.6 162 163.7 167.6 171.9 176.7 179.4 180.1 178.4 175.4 174 173.4 175 175.6 177.4 181.4 184 185.5 187.1 189 192 196.9 202.3 207.8 209.7 209 205.5 200.9 196.3 191.1 190.9 193.2 196.3 199.4 201.6 201.7 201.3 200.6 198.8 197.2 193.5 192.9
146 149.7 147.6 146.4 145.1 144.6 144.4 144 143.7 145 146.9 149.5 154.3 154.4 153.6 150.1 146.3 151.2 149.6 147.7 148.4 148.2 149.7 150.4 150.1 151.2 152.1 152.5 154.9 161.3 163.2 165.1 164.5 161.3 158.8 162.1 161.6 163 166.8 170.4 174.8 178.4 181 181.7 181.1 179.1 177.6 176.7 174.9 179.4 181.7 183.2 183.8 185.9 188.4 191.6 194.6 198.9 202.9 206.1 207.1 205.4 199.6 197 194.8 197.5 200.8 200.5 201.9 203.4 206.8 206.8 205.7 209.2 208.3 205.5 203.3 201.1
137.1 137.3 137.7 137.8 138.3 138.1 137.8 137.5 138.2 141.1 143.3 146 147.5 144.6 142 142.8 147.2 145.7 145.4 146.2 148.8 149.9 151 152 155.3 158 157.9 154.3 154.2 156.2 162.5 164.8 162.3 160.6 166 165.8 163.1 165.7 169.6 174.2 179.7 184.3 186.7 187.7 187.1 185.2 183.2 181.5 177.8 180.3 182.9 183.6 184.5 186.6 189.5 194.2 197.4 201.8 204.2 203.9 204.5 204.6 205.1 205.9 206.4 207.1 209 209.8 209.1 209.6 209.2 209.1 212.7 211.3 210.1 208.2 205.4 204.5
129.7 127.7 129.3 130.1 130.7 130.9 131.2 132.2 133.5 136 140.9 137.5 144.5 148.2 150.4 151.7 153.8 153.5 154.6 153.7 154.7 155.2 157.2 159.3 160.6 159.9 157.8 158.4 159.8 160.4 163.2 164.1 165.6 166 166 166.3 165.7 169.4 175.6 180 184.5 187.6 188.2 187.5 185.4 183.5 182.3 181 179.2 179.5 182.2 184.1 186.9 190.9 194.5 199 203.9 210.8 215.8 216.7 211.9 202.3 209.5 210.1 211.5 213 210 217.6 221.9 220.6 218.6 218.3 217.4 211.8 212.1 211.4 210.2 209.6
125.8 125.1 126.9 129.5 128.6 130.2 130.8 137.5 139 137.9 140.9 145.1 150.3 155.1 157.2 157 157.7 157.9 158 158.1 157.9 158.7 160 160.7 160.9 160.5 163 166.1 167.4 165.2 167.7 168.5 168.8 167.8 168.8 169.9 170.7 173 176 178.4 180.7 182 181.7 180.4 180.1 180.5 181.8 181.9 181.5 181.1 183.4 186.6 190.8 195.1 200.8 205.9 211.1 216.1 218 214.8 205.2 212.7 214.2 213.7 220.4 223.6 226.2 225.9 225.4 225.6 224.7 224.3 222.1 219.8 217.3 215.3 215.4 214.7
126.5 130.8 135.2 136.7 136.9 138.1 140.6 144.6 146.8 148 149.9 151.4 154.8 155.9 157.6 158.1 160.2 161.6 162.6 162.6 162.7 161.6 162.4 163.5 162.8 162.7 167 170 170.7 170.8 171 172.1 173.3 173.5 174.7 176.2 177.7 177.1 177.5 177.5 178.6 179.4 180.1 180.4 180.6 181.7 182.2 182.5 183.3 183.1 186.3 190.4 196.2 203 208.5 214.6 218.1 219.4 217.6 212.9 207.6 213.1 213.5 222 225.5 225.5 226.3 228.1 227.4 226.9 227.2 228.4 228.5 225.9 223.4 221.5 220.8 220.1
133.5 141.9 148.1 146.4 146.5 147 148.1 148.9 149.9 150.8 152 154.5 156.3 158.1 160.1 161.1 163.3 165.5 166.6 166.1 166.4 165.6 165.9 166.3 166 166.1 167.3 171.7 173.3 174 175.5 176.4 177.2 180.7 182.5 183.8 183.2 180.4 181.5 180.9 181.2 182.3 183.2 183.4 184.4 185.9 186.2 185.1 184.9 185.3 191 198.2 206.6 212.5 218.1 221.6 222.8 221.4 217.7 212.9 210.8 213.5 220.5 222.8 225.7 229 229.7 231.2 230.3 231.1 231.8 231.7 230.8 229.9 228.6 227 226.3 225.4
132.1 138.8 144.3 145.6 144.9 144.4 145.4 146.9 148.5 151.2 155.1 158.3 161.4 164.4 165.3 164.8 164.1 165.4 166.8 169.2 170.5 171.2 171.3 171.3 170.7 170.3 167.7 172.8 175.5 177.7 180.1 181.5 183.4 187.5 189.8 187.3 183.1 183.5 183.1 182.4 184.5 186.2 187.8 189.7 191.7 193.6 193.7 190.7 186.8 191.3 197.2 206.8 213.8 219.4 223.7 225.7 224.4 220.2 214.1 215.9 218.2 221.4 225.2 228.9 232.2 234.3 234.7 234.7 233.2 233.1 233.3 233.1 232.3 232.4 232.4 232.4 232.6 231.7
127 130.4 134.2 136.9 138.7 140.8 144.8 148 148.9 153.3 158.5 163.3 165.7 166.6 165.7 164.6 165.6 168.4 172.2 175.4 178.4 179.8 179.1 177.2 174.7 169.6 171.8 175.1 180.1 183.1 185.8 187.1 189.3 191.4 192.7 191 183.9 187 185.8 187.3 190.4 192.9 194.3 196.4 199 199.9 198.3 194.8 193.7 196.7 202.7 209 216.3 222.6 226.7 227 223.9 221.3 219.4 222.8 226.2 227.5 230.2 231.8 233.4 235.6 237.1 236.6 234.7 233.1 232.1 230.5 229.1 229.7 229 228.5 228.3 228.4
126.4 133.8 139.9 144.6 144 141.5 145.1 147.2 150.4 155.2 160.8 164.7 166.7 167.2 166.9 167.1 169.6 174.5 178.7 182 182.6 182.2 179.3 176.6 172.5 174.9 177.6 181.7 185.1 187.7 190.7 194.2 198.8 198.7 197.7 195 192.3 192 191.1 195.4 197.2 200.1 201.5 201.7 203 202.2 200 194 201.6 206.6 211.5 217.8 224.1 229.4 232.4 231.6 228.1 226.6 222.9 221.8 222.8 225.6 228.5 230.8 234 237.5 239.1 238.4 236.2 233.7 232.1 230 230.7 229.4 228.1 227.8 227.9 226
130.1 138.9 144.7 146 144.8 143.7 146.6 148.9 153.9 159.7 164.4 167.2 167.7 167.9 168.8 170.1 174.4 179.5 182.4 182.9 181 179.9 178.8 177.7 178.6 180.1 184.2 188.9 192.7 195.8 198.8 202.1 204.6 203.8 202.6 196.3 198.6 197.7 197.5 201.1 203.3 205.6 206.2 206 207.6 207.5 207.2 200.3 199.9 214.9 218.2 222.8 228.7 233 234.9 234.9 232.8 230.1 229.2 227.4 227.3 230.1 229.5 235.1 238.3 240.9 241.4 240 237.3 234.9 232.7 232.7 231.3 231.3 231.4 231.6 231.5 231.7
135.9 142.2 146.9 146.8 146.9 146.8 149 153.5 157.9 160.9 163.4 165 166.2 168.2 170.2 173.7 177.7 180.2 180.9 180.1 180.1 180.8 181.5 185.6 186.9 186.4 191.7 196 201 203.7 206.8 208.1 208.3 207.8 204.2 204.1 204.6 204.2 204.7 206.1 208.5 211.3 212.3 213.3 213.9 214.4 214.3 213.7 198.4 216.1 220.3 223.4 228.1 231.6 234.6 236.2 236.4 235.3 234.2 233.7 233.2 235.7 237.2 238.3 239 240.9 240 237.6 236.7 236.4 236.7 234.4 235.5 236.1 236.7 236.4 236.6 238.7
142.6 148.9 148.6 148 147.3 148.2 150.3 152.2 155.1 157.4 160.2 162.3 165.5 169.2 173.7 175.8 177.1 178.3 178.7 180.1 183 187.5 189.1 192.3 193.3 193.1 202.7 203 204.3 208 209.7 210 210.6 210.7 209.6 207.8 209.7 209.6 211.7 212.7 218.4 220.6 222 221.4 221.8 220.8 219.4 212.7 202.5 206.8 211.2 218.7 221.8 228.4 234 236.5 238.5 239.5 238.1 233 232.9 237.9 239.9 241.1 241.6 243.1 243.5 243.6 243.5 243.1 242.3 236.9 242.7 244.8 245.8 246.8 247.9 251.5
149.5 149.2 149.2 148.9 149.9 151 153 157.1 159.4 162 164.3 167.1 170.7 173.6 172.9 174.1 175.6 177.5 179.6 182.5 187.6 191.3 195.5 195.4 200.9 204.5 203.7 207.9 208.7 211 212.7 213.5 214.5 214.9 214.4 214.6 216.2 217.7 221.2 222.3 225.6 229.6 229.8 229.5 227.4 221.8 212.5 208 221.9 221.2 226 227.5 229.5 232.4 235.7 239.2 240.9 241.5 240.8 239.8 241.5 242.9 245.3 245.5 247.7 249.1 250.5 251.5 251.6 251.2 250.6 240.1 251.1 252.5 252.6 255.1 258.7 262.2
148.5 147.4 147.3 148.2 151.2 154.2 156.1 158.5 161.9 165.5 168.8 172.1 175.7 177.6 177.3 177 177.8 180.2 183.9 195.5 199.5 200.9 203.4 199.7 206.4 210.8 206.5 212.8 213.9 215.8 217.9 219.1 220.1 220.6 223 222.5 224.2 227.1 229.7 232 234 237 236.4 233.8 231.9 223.3 222.8 215 228 229.4 232.2 234.6 237.5 238.7 241.5 244.5 246.1 246.7 247 247.5 249.4 250.9 251.6 252.5 252.3 255.9 255.8 258.3 260 259.3 258.4 245.2 261.2 263 263.8 267.2 270.6 273.1
145.3 144.5 145.7 147.7 148.5 151.1 155.4 160.7 166.6 171.1 174.6 177.9 179.4 179.1 178.5 178.7 183.7 190.3 196.3 200.7 203.9 206.2 209.1 210 207 210.6 213.5 218.2 221.9 225.1 226.6 228.2 228 227.4 229.9 229.7 232.6 233.3 235 239.6 240.3 241.3 240.3 238.6 236.3 233.4 229.2 223.7 234.3 237.5 240.1 240.3 244.2 246.3 249 251.4 252.7 254.5 253.9 253 255.1 257.7 258.3 260.2 261 262.3 263.2 265.4 266.9 267.2 249.5 256.5 271.2 275.7 276.2 279.3 282.9 285.4
143.6 141.5 144.2 144.9 147.5 151.2 155.9 163.8 171 176.6 178.9 179.8 178.5 178.3 180.4 182.8 188.2 193.9 202 205.9 206.8 208.6 211 211.1 211.5 216.7 221.3 225.4 230.2 232.7 233.1 234.5 234.5 234.3 235.8 234.8 239.7 240 242.7 245.1 246.1 246.7 245.5 243.9 240.1 240.3 236.3 234.7 239.9 243 245.6 247.8 250.5 253.6 257.4 259.1 261.1 262.5 263.4 262.5 263 265.7 267.3 269.8 271.5 272.5 273.7 276.4 279.5 273.2 263.4 277.9 284.6 286.6 286.9 288.2 290.6 292.1
136.8 139.8 141.5 143.7 147.9 153.9 162 168.9 173.8 177.4 176.7 175.5 176.4 178.9 181.1 186.1 195.7 200.1 202.2 203.6 207.2 210.4 213.7 216.9 220.6 226.8 221.7 230.2 229.6 235.5 237.3 238.5 238.9 240 240.3 242.9 246.1 246.2 249.8 250.6 252.5 252.8 251.5 249.9 244.6 246.6 243.1 245.1 243.5 249.4 252.9 255.7 258.2 262.2 264.5 267.7 270.4 271.6 273.4 273.6 274.8 276.1 280.1 284.2 286.5 285.8 286.1 288.7 288.7 283.5 280.9 282.6 283 282.6 283 284.3 285.6 286.2
146 147.4 147.3 147.8 152.3 159.7 166.3 171.5 174.4 174.2 171.1 174.8 176.5 180.5 187.1 194.2 197.2 201 205.1 207.4 211.1 215.2 222.4 223.9 229 228 233.3 233.4 234.9 237.2 241.8 243.6 245.6 248.2 249.5 253.1 250.6 253.7 257.1 261.6 262.8 260.8 261 259 252.1 257.9 255 256.6 249.5 258.5 261.9 266.8 271.3 274.2 276.8 278.7 280.6 283.5 285.6 287.5 288 291.4 294.5 297.2 299.9 298.5 295.7 294.3 289.8 287.5 287.9 286.6 284.3 283 282.5 282.9 283.5 284.3
151.5 152.1 149.7 150.6 156.4 163.5 165.3 165.7 169.7 172.7 174.9 177.7 181.3 186.2 188 193 201.4 205 209.4 213.6 214.8 223.2 228.3 232 234.5 236.8 241.8 233.1 243.9 245.7 249.9 254 258 260.7 262.4 263.1 262.1 264.9 269.2 272.1 271.7 273.2 270.9 270.2 262.4 270.7 266.2 269.4 255.4 273.1 279.2 285.4 289 291.7 293.9 294.9 295.9 297.8 299.2 300.2 301.5 301.1 297.4 295.4 293.3 291.8 290.7 289.8 289 289.6 290.9 291 291.2 290.9 289.3 287.8 287.7 289.2
151.8 153.4 152.5 153.6 158.5 167.3 171.5 174.2 177.3 177.9 179.7 182.2 187.8 192.4 197.6 202.5 206.2 213.7 217.5 220.8 227.2 232 237.1 243.7 243.2 248.2 253 240.8 248.6 254.3 261.5 269.1 271.8 272.1 274.3 276.6 276.4 279.9 283.5 287.4 288.3 286.4 287.3 283.7 284.4 286.1 283.2 287 275.4 286.7 302.8 305 306.5 308.1 309.8 309.4 308.8 308.6 306.7 305.3 303.6 302.3 300 297.3 294.9 294 292.8 293 293.8 293.8 299.5 301.4 302.8 304.4 304.9 302.7 300.7 298.5
152.5 153.7 153.9 154.3 158.8 167.8 172.2 178 182 182.7 185.2 189.4 190.7 198.6 205.8 211.1 217.7 223.8 228.8 236.9 242.9 248.7 256.8 261.9 262.9 264.1 258.3 262.5 260.3 271.8 280.6 285.6 287.6 290 291.6 292.9 294 295.3 296.9 299.3 300.4 299.5 299.6 296.3 300 300.3 301 304.4 304.6 291.4 309.1 311.8 315.2 316.9 317.3 317.4 317.3 316.2 315.5 314.2 311.4 309.8 308.4 306.9 305.3 303.1 300.1 297.2 295.8 297.2 299.9 306.2 312.4 311.8 311 312.7 310.8 308.2
150.5 153 155.7 157.8 158.9 164.8 172.4 180.3 185.1 185.6 190.6 195.4 197.3 204.1 211.1 218.7 228.3 236 245.5 254.4 261 267 274.2 279.5 279.9 280.9 276.2 278.6 283.1 285.9 289.5 291.4 294.6 299.2 302.1 302.4 301.6 301.1 301.8 306.9 308.2 308.2 307 307.2 310.8 312.2 312.3 311.2 310.5 311.7 311.8 313.1 314 315.9 316.9 317.1 316.4 316.2 316.5 317 318 316.8 315.7 312.8 310.4 308.7 306 303.5 305.2 306.3 309.6 312.3 316.1 317.5 316.4 313.5 309.7 305.2
