WholeMapElevations/data/ss/ss51_OST50GRID_20230518/SS51.asc
ncols 200
nrows 200
xllcorner 250000
yllcorner 110000
cellsize 50
[rows 0 to 34 of 200, columns 0 to 79 of 200]
94.2 93.5 91.7 91.5 90.3 81.5 81 82 84.9 91.9 93.5 93.3 93.5 92.7 92.4 92.4 94.1 96 96.2 98.2 100.1 101.7 103.1 105.2 106.1 107.8 109.5 111 113.1 114.2 116.4 117.8 119.6 120.8 122.4 123.8 124.7 125.3 124.2 120.4 113.8 112.8 118.8 122 127.5 132.1 136.4 138.3 141.7 143.8 145.6 147.3 149.1 150.7 153 154.9 155.5 155.6 155 154.1 153.4 151.7 149.8 142.5 146.7 144.9 143.8 149.7 152.4 155.4 157.3 158.8 160.6 159.4 157.4 156.6 154.8 155.2 155.8 157.5
95.2 94.6 90.6 86.5 79.5 81.7 92.2 94.6 95.9 96.2 97.8 98.5 97.5 95.3 94.8 92.6 95.9 97.8 98.1 96.2 96.5 97.8 100.2 101.8 104.1 106.1 108.1 109.7 111 113.1 114.7 116.4 117.8 119.3 120.5 121.7 122.6 123.2 122.9 120.2 114.5 109.1 115.8 118.7 123.1 127.1 132.1 135.7 138 140.1 141.8 143.5 144.4 145.4 147.9 149.8 150.8 150.8 150.3 149.9 149.4 148.4 148.6 143.7 137.4 137.2 145.5 152.5 153.9 155.3 156 156.8 157.7 155.6 153.1 151.5 150.8 151.1 151.8 153.5
98 96.4 92.3 86.9 78 81 90.9 95.2 97.8 100.1 101.1 100.6 101.6 100.2 98.4 95 97.1 100.2 101.4 102.2 101.7 100.9 100.1 100.2 102 103.6 105.2 107.1 109.2 110.9 113 114.1 115.6 117.2 117.9 119.2 120.1 120.7 121.1 119.6 113.8 108.4 113.4 117.7 121.7 124.8 128.8 133.2 136.3 138 138.9 139.8 140.6 141.8 143.5 145.7 146.6 145.5 144.6 144.2 143.7 142.6 144.1 141.6 134.2 138.3 146 149.7 150.7 151.4 151.1 150.1 149.2 148.1 146.8 146.4 146.2 147 149.1 151.5
98.8 97.9 95.4 90.2 77.1 80 90.7 94.1 97.4 100.9 102.9 103.4 103.5 101.5 99.8 97.9 98.5 101.5 104.3 105.1 104.7 103.7 102.8 101.9 101.8 103.2 103.5 105.2 106.7 108.5 110.7 112.5 113.7 115 116.5 117.1 118.2 119.1 119.9 118.7 115.2 108.3 111.7 116.5 119.7 123.5 126.9 131.1 134.2 136 137.1 137.1 137.8 138.8 140.4 141.8 141.4 139.7 138 137.2 135.9 135.8 136.5 135.7 130.2 136.6 143.6 145.4 146.3 146.9 146.3 145 144.5 143.5 141.1 141.4 142.8 144.6 148.2 150.5
98.3 97.3 96.1 94.7 82.2 80.9 89.5 93.7 96.5 99.6 102.6 103.9 103.7 103.7 102.4 99.7 101.3 101.3 104.1 105.7 106.6 105.8 104 104.3 103.5 104.8 104.5 105.3 105.3 106.8 108.5 110.1 111.8 113.2 114.8 115.7 117 118.3 118.7 118.1 116.2 109.3 107.6 113.5 118.2 121.9 125.2 128.9 132 133.3 134 134.8 135.2 137.6 139.3 140.1 139.3 137 134.9 132.7 130.9 129.9 129.7 128.2 129.5 134.6 139.6 142.2 143.6 142.7 141.5 140.8 139.5 138.2 137.6 139.1 142.6 145 148.3 150.7
92.7 88.4 82.4 78.6 73.8 81.7 91.4 92.7 96.5 99.4 103 103.2 104.5 104.3 102.5 102.3 102.9 103.7 105.5 105.9 106.7 106.6 106 106.3 105.6 106.2 106.2 106.3 106.9 107.6 108.7 109.9 111.3 112.9 113.9 115.1 116.5 117.1 117.8 117.1 115.1 109.6 102.9 111.6 116.2 119.9 124.3 127.9 129.8 130.4 129.5 130.7 134 136.1 138.5 139.3 137.9 135.6 133.6 130.9 128.3 126.2 125.3 124.4 127.8 132.7 137.3 139.7 138.7 139.5 138.9 137.8 136.6 135.4 135 140.7 143.2 144.6 147.2 149
72.6 70.4 70.5 73.4 79.7 91.8 96.2 97 97.8 101.8 103.7 105.8 105.2 106.4 105.3 104.6 104.9 106.7 107.4 107.7 108.7 108.3 108.4 108.5 107.8 108 108.4 108.8 109.1 109.3 110.1 110.9 112.3 113.5 114 115.1 116.6 116.7 116.9 115.9 112.5 108.5 101.7 110.1 114.9 118.8 122.6 125.6 127.3 126.6 125.6 128.9 131.4 135.1 137.6 137.9 136.9 134.6 132.4 130 126.8 124.2 122.5 122.9 126.3 131 135.5 136.3 138.7 138.6 137.3 135.6 133.9 131.2 137.4 140.1 141.6 143 144 144.8
70.5 74 78.6 84.6 92.3 96 97.4 101 102.6 104.6 106.3 108.1 109.1 108.4 107.5 107.9 108.8 109 111 110.4 110.2 110.2 110.4 110.6 110.3 110.3 110.1 110.4 110.7 110.9 111 111.4 112.3 113 114.3 116 117.1 117.1 116.3 115.6 113.1 108.3 101.7 107.6 113 117.3 120.2 122.9 124.3 122.5 125.2 128.1 130.9 133.5 135.4 136.6 135.7 134.2 132.1 129.4 126.8 123.4 119.6 120 125.7 130 133.7 136.7 137.3 137.3 136.4 134.3 130.6 131.7 135.6 137.7 138.9 139.8 140.5 140.7
83.2 87 90.9 94.6 95.7 97.7 101 102.1 103.1 107.5 109.5 111.3 111.3 110.2 110.7 108.6 112 113 111.8 110.9 112.1 112.7 112.6 112.7 112.5 112.4 112.5 112.7 112.6 112.5 112.5 113.1 114.7 115.8 116.2 117.5 117.5 118 117 115.9 112.9 109.2 101.9 106.4 110 113.9 116.4 119.1 119.2 120.7 125.1 128.3 130.5 132.4 134.5 134.7 134.4 132.5 129.9 127.2 124.9 121.9 117.4 121 125.5 129.4 132.8 135.7 136.3 136.3 135.4 132.7 127.9 128 131.1 132.8 134.5 135.6 137 137
91.1 94 93.6 95.6 96.5 98.8 100.6 102.6 103.5 104.4 109.8 111.5 112.5 112.6 112.3 112.9 113.7 114.4 116.1 117 117.4 117.4 117 117 116.8 116.9 117.4 116.7 116.1 115.6 114.6 116 117.1 118.4 118.8 119.8 119.1 117.9 116.5 113.9 110.4 106.9 101.8 102.6 104.8 107.9 109.4 111.7 118.4 122.6 125.8 128.3 130.2 132.5 132.9 133 131.1 129.1 125.5 124.2 121.2 118.2 116.1 121.3 125.4 129.3 132.9 135 135.3 134.2 133.8 131.2 126.9 122.4 122.9 123.5 125 126.3 127.9 130.3
92.2 94 94.6 96.3 96.9 97.8 100.1 101.1 103.4 105.1 108.2 109.5 111.5 113 112.6 114.9 115.2 116.6 116.9 117.5 117.9 117.9 118.2 118.3 118.5 119 119.2 118.5 118 118 118.7 119.5 119.4 120.7 122.1 121.4 119.7 118.3 116 113.9 111.3 107.4 102.7 99.8 103.1 105.2 109.5 114.8 119.6 122.7 126.1 128.7 129.6 128 130.7 130.1 127.7 124.4 122.7 119.9 117.3 112.9 114.6 119.8 124.7 128.6 131.2 132.9 133 133.1 133.2 131.2 127.2 123.5 119.1 120.1 121.3 122.6 124.1 125.2
93 92.6 94 94.6 93.7 96.3 96.8 99.1 100.6 103.3 105.3 107.8 108.1 109.1 110.8 115.8 116.8 117.3 117.2 117.2 117.9 118 118.3 119.1 119.9 120.4 120.3 120.2 120.5 120.3 120.5 121.2 121.5 122.9 123.5 122.7 120 118 115.8 113.6 111 106.9 103.7 98.8 99.2 101.5 105.8 112.8 117.9 122 124.6 127.2 127.6 128.7 127.3 125.5 123.9 121.1 118.6 116 113 109 114.1 119.1 123.5 126.6 129 130.7 130.6 131.4 131 129.5 127.1 123.4 119.8 116.6 117.9 119.4 120.5 121.2
92.5 91.4 91.8 91.9 92.8 93.6 93.3 94.5 96.2 98.7 101.6 105.9 109.2 112.3 114.8 116.9 116.9 116.4 115.8 116.4 116.7 116.8 118.4 119.8 121.1 122 122.9 123.7 124.2 124.3 123.6 123.7 124.2 123.5 123.6 122.1 119.5 117.2 114.3 111.2 107.6 104.7 101.4 98.3 96 99 105.1 113.1 118.5 122.1 124.2 126 127.1 126.1 123 121.8 120.1 117.8 114.7 111.3 107.6 111.4 117 120.4 123 126 127.5 128.4 129 128.8 128.6 127.6 125.2 122.4 119.5 115.5 113.3 115.1 119.1 121
90.3 89 88.4 88.6 89 89.9 90.7 91.9 93.6 97.6 100.9 104.6 107.8 110.4 113.1 114.3 115.3 114.9 113.8 114.5 113.4 114.6 117 120 122.4 124.6 126 126.4 126.8 126.6 126.2 126.3 126.2 125.7 124.6 121.8 119.4 117.1 113.9 111.6 108.6 106.2 105.1 103.3 99.8 93.1 100.6 114.3 119.9 122.2 124 125.7 125.2 121.2 120.1 120.2 117 114.1 112.3 105.8 108.5 114 116.7 119.4 122.1 124.4 125.7 126.4 126.7 126.1 125.8 124.7 122.9 120.7 117.3 113.3 113 117 119.1 121
86.7 85.1 83.2 84.5 85.5 86.5 88.4 89.8 92.3 96 99.2 103 106.4 109.1 111.6 113.1 112.9 113.9 113.8 110.1 110.9 112.4 116.7 120.9 124.2 126.5 127.9 129.1 129.9 130 129.8 129.4 129.6 129.5 128.5 125.3 122.7 119.7 117.1 115.9 114.7 114.4 112.8 109.4 105.7 98 92 109.5 120.7 122.5 123.9 124.2 123.5 121.2 119.5 116.8 113.3 110.5 105.1 105.3 110.8 113.5 115.8 118.4 120.6 122.9 124.4 125.2 125 122.8 121.1 119 116.5 114 110.2 109.5 115.3 117 119.3 121.5
78.8 77.1 77.6 78.3 81 80 83 86.7 90.4 93.4 97.6 101.4 105 108.8 110.5 112.6 113.8 113 113.4 112.1 108.6 112.7 116.8 121.7 124.9 127.8 129.6 131.4 132.4 132.8 132.9 132.7 132.3 131.6 130 127.8 124.8 122.4 119.6 117.4 115.9 113.7 112 109.3 105.5 97.8 88.7 104 118.6 121.1 122.4 122.4 121.3 119.3 116.6 113.8 108.9 103.9 100.8 104.4 108.6 112 114.9 117.6 120.5 122.8 123.8 123.7 121.8 118.3 115.1 114 110.9 108.5 107.5 112.4 115.1 117.5 119.8 122.1
73.9 73 72.8 72.7 75.7 77.7 81.1 83.8 87.3 89 95.1 98.4 102.4 106.2 110.1 113.1 114.3 113.4 111.4 108.8 105.2 111.1 116.6 121 123.9 126.5 129.8 131.2 132.5 133.1 133.9 133.6 133.1 132.2 130.6 128 124.7 120.9 118.2 115.4 112.2 107.1 106.5 105.6 100.8 92.8 89.4 105.3 116.1 119.3 121.5 121 118.6 114.3 111.5 108.2 102.4 98.2 100.6 105.6 107.5 110.5 113.6 116.5 119.9 122.4 122.8 121.6 118.6 115.2 111.2 107.7 106 105.9 109.4 112.8 116.1 119.3 121.1 126
70.7 71.3 69.6 72.8 74.4 77.1 79.8 82.6 84.1 86.9 89.4 94.3 98.4 104.3 109.2 112.9 114.1 114.3 112.2 109 103.5 103.3 111.2 115.3 119.2 122.9 126.1 128.5 130.2 132 132.7 132.8 132.6 131.8 129.8 126.7 123.8 119.4 114.4 110.9 109.6 107.3 104.5 101.6 95.6 89.8 93.3 109.7 115.2 118.4 120.1 117.4 113.5 110.7 107.6 103 98.2 98.2 104.5 108.5 110.2 111.6 113.3 115.7 119 120.6 121.5 119.2 116.9 111.6 107.5 104.3 102.6 106.2 109.5 112.6 116.9 121.7 124.3 128.8
69.6 65.7 67.4 69.3 74.9 76.9 78.3 79.6 81.2 82 85.8 89.1 94.3 100.1 105.5 109.9 113.1 114.5 112.7 109.1 103.7 100.6 103.1 109.9 115.3 118.5 123.5 127 129.2 130.5 130.9 131.1 131.6 132 130.1 127.2 124.7 121.3 118.4 116.2 114.4 112.6 110.5 108.7 102.2 86.4 101.1 110.9 114.8 117.9 117.6 113.9 109.5 106.9 103.5 98.2 98.2 103.7 106.6 110 112.8 114.2 115.4 117.3 118.8 121 121.3 118.6 115.5 110.5 104.8 101.8 104.8 109.1 111.3 112.3 117.7 125 130 132.1
64.6 65.1 70.8 73.4 74.8 75.7 75.8 76.7 77.6 79.1 80.6 84.9 89.7 94.9 99.2 106.1 110 112.7 111.9 109.9 104.8 95.1 99.4 104.9 111 116 121.4 124.7 126.6 127.8 128.1 128.7 130.3 131 130.1 128.4 126.4 124 121.6 119.7 117.8 116.8 116.2 114.4 106.8 87.4 98.1 106.1 109.9 113 112.7 108.4 103.2 97.9 93.3 98 102.5 104.5 108.1 111.6 115.1 117.3 118.7 120 121.1 122.3 122.1 119.2 117 112.1 105.4 99.6 107.1 111.9 114.2 115.1 116.5 121.9 128.7 132.5
58.2 70.1 72.7 74.2 75 75.4 74.3 73.6 74.5 76.1 77.8 79.9 82.4 89.4 95.6 101.4 105.9 109 110 108.9 105.7 98.6 91.8 101.6 109.5 110.9 115.6 118.9 121.1 123.2 124.5 126 128.1 129.6 129.3 129.3 128.5 126.6 124.5 122.7 120.8 119.3 118.4 116.7 113.5 92.1 87.5 96.9 101.5 104.7 104.5 96.7 88.7 91.2 96.8 105 107.8 109.5 110.2 113.3 116.5 119.3 121 122.3 123.3 123.4 123.4 121.6 117.5 112.7 104.7 97.8 107.2 113.1 116 117.9 119.1 120.4 124.2 127.9
68.8 72.4 74.4 75.6 75.7 75.5 73.1 70.3 72.2 73 74.9 77.3 79.1 85 92.5 96.8 101.8 105.2 106.2 104.2 101.3 94.3 86.1 101 106.9 109.6 110.4 113.8 117.1 118.5 120.9 124.5 126.7 129 129 129.2 129.3 128.1 126.9 125.7 123.8 122.1 120.7 118.2 114.3 102.9 86 87.6 93.1 98.5 93.2 89 94.9 100.4 106.3 109.1 111.6 113.5 113.7 115.8 118.7 121 122.7 123.8 124.5 124.8 123.3 121.6 116.6 112.8 104.8 96.5 105.6 110.9 114.5 117.6 120.2 122.5 125.1 128
71.9 73.9 75.5 76.8 76.5 75.5 74.2 70.7 67.6 71.1 72.2 74.2 77 80.8 88 94.5 99 101.6 102.2 99.6 94.8 83.8 87.8 98 102.6 106.8 107.6 108.7 111.7 115.1 118.8 122.1 125.5 126.8 127.7 128.5 129.6 128.8 127.3 125.3 122.6 120 116.6 115.9 112.2 107.5 97.7 82.6 85.1 91.2 85.6 90.4 100 105.1 109.2 112.4 115.2 117.8 118.8 120.2 121.1 122.5 123.6 124.3 123.8 122.7 120.8 118 114.8 111 104.6 96.8 103.2 107 111.6 115.3 119 122 124.7 127.2
72.7 75.4 76.6 76.8 77.1 77 74.7 70.9 69 65.6 70.5 72.6 75.4 79.4 84.4 90.6 96.2 100.6 101 97.6 89.8 76.1 88.5 95.4 99.1 102.9 104.2 106.9 109.7 113.8 117.7 120.9 123.4 125 125.5 126.6 127.2 126.1 125.1 123.4 120 117.1 113.6 111.7 108.9 105.3 101.2 91.3 80.4 82.4 86.2 89.4 98.9 104.8 108.9 113.2 116.1 118.4 120.5 122 122.8 123.4 123.4 123 121.3 119.5 117.4 115.1 113.9 111 106.1 97.1 98.6 102.8 107.3 112.8 117.2 121 123.6 126.2
72.3 75.2 76.6 77.2 77.1 76.9 74.7 70.7 68.3 60.1 68.4 71.4 74.1 76.7 81.8 87.8 94.6 99.9 100 95.8 82.8 75.9 82.2 87.5 94 99.7 103.9 108.5 110.4 113.8 116.6 119.5 121.2 122.7 123.9 125.1 125.4 125.2 123.8 120.8 117.4 113.8 108.3 105.3 103.7 102 98.3 89.4 78.9 85.2 92.3 98.4 99.2 99.8 106.3 110.8 114.6 117.1 120 122.1 123.5 124.1 123.7 122.5 120.9 118.4 114.8 111.3 109.8 108.4 105.9 100.4 92.8 99.2 106 112.5 115.3 118.1 121.1 123.3
71.8 75.2 77.2 77.8 77.2 76.8 74.4 71.9 68.1 56.7 62.2 70.3 72.6 75.3 78.5 86.3 93.5 97.8 98.3 93.8 77.4 73.8 88.5 94.3 99.5 103.3 107.2 110.1 111.7 113.2 115.5 116.6 118.4 120.6 122.6 124.5 125.6 124.8 123.1 120.6 116.2 113.4 106.8 100 92.9 91.1 88.8 80.4 80 89.6 96.8 101.8 105.2 108.3 109.3 109.4 112.3 115.9 119 122.1 124.2 124.9 124.7 123.8 121.9 118.8 114.6 110.7 106.9 102.5 101.1 98.8 93.3 93.4 100.6 105.8 109.4 112.4 114.3 115.4
73.5 76.8 78.3 78.7 78 76.5 74.2 72.2 69.7 65 56.8 68 71.6 73.5 76.3 81.1 87.4 91.6 91.5 85.1 68.5 74.9 94.9 100.4 104 107.2 109.5 111.8 112 110.4 109.6 110.6 114.4 118.3 120.9 122.7 124 123.4 121.5 119.5 115.9 111.3 105.2 98.1 91 84.2 78.3 76.1 82.2 93.1 99.1 104.3 108.5 112.7 115.1 116.6 119.2 120.1 121.2 123.1 125.3 126.6 126.6 125.9 123.3 120.4 116.5 112.6 108 104.7 102.5 101.8 99.1 95.1 91.4 98.4 102.4 104.9 107.9 108.1
72.8 76.4 77.2 77.7 77.6 76.4 74.1 72.2 69.2 61.6 47.7 65.2 69.8 71.6 72.9 76.2 79.3 80.5 77.1 68.8 63.5 79.7 95.7 102 106.2 108.9 110.2 110.4 109.4 106 103.3 101 107.2 112.5 116.6 119.5 120.7 120 120 119 117.3 113.3 107.8 102.5 98.9 96 78.3 75.3 84.1 94.3 102.4 107.6 112.9 116.6 119.6 121.5 123.5 124.5 125.1 126.6 127.7 128.7 128.8 127.9 126.3 123.6 120.2 115.8 111.9 109.2 106.7 104.6 102.4 99.3 96 88.3 94.9 98.8 99.8 102
63.2 73.4 74 75.6 77.9 74.9 73.4 71 66.4 59.9 43 55.8 63.9 69.2 70.8 71.6 69.7 66.2 61.8 58.4 69.6 86.5 96.5 101.5 105.8 108.3 109.6 108.3 106.2 101.5 97.5 91 100.3 106 109.9 113.1 114.1 114 113.8 113.6 113.7 106.4 97.9 93.6 89.7 83.6 78.8 82 98 97.1 100.1 106.8 113.7 118.6 121.8 124.4 126.6 127.1 128.5 129.1 130.4 130.8 131.2 130.4 128.8 126.6 123.3 120.4 117.6 114.8 110.9 108.3 105 100.8 94.3 87.5 87.2 91.3 93.1 97.7
52.9 67.2 70.7 71.8 73.3 73.6 72.5 70.2 65.8 61 46.8 40.7 60.6 64.4 65.9 63.4 53.4 47.1 49.7 65.5 80.5 90.9 96.8 101.7 105.3 107.5 107.8 106.3 102.8 97.8 92.8 87.8 96.1 100.9 103.5 105.3 105.3 104.1 102.6 102.3 99.3 88 80 73.4 70.3 73.6 77.2 91.7 103.4 107.1 108.6 108.6 112.5 118.2 122.2 125.5 128.6 130 131.6 131.9 133.2 133.5 133.5 132.2 130.3 128.3 125.5 123.3 120.3 117.2 114.7 111.1 107.9 103.3 97.3 90.1 83.9 84.1 87.4 90.9
41.9 57.6 64.2 65.9 68.4 70.7 71.9 70.5 68.3 64 52.9 35.5 43.6 52.2 53.1 47.2 39.3 54.1 61.1 71.4 81.4 87.4 92.6 97.3 100.5 101.7 101.9 100.4 96 91.5 86 81.7 90.1 95.3 97.9 98.5 97.8 93.5 85.8 80.2 75.7 69.9 68.1 71.9 78.8 84.1 93.9 102.5 108.2 113.1 115 115.5 114.2 117 121.9 126.2 129.2 132 133.6 134.5 135.4 135.6 135.1 132.9 130.9 128.5 125.9 123.1 120.1 118.4 115.9 112.9 109.3 104.8 99.1 91.2 86.6 83.2 81.4 85.3
23.9 36.3 51.6 59.5 65.6 70.4 73 72.4 70 66.3 48.7 32.3 31.1 35.2 37.5 44.5 53.1 51.9 52.5 63.5 70.7 74.9 82.1 86.5 90.4 92.1 91 89.1 85.4 81 77.2 70.9 78.5 84.7 89.4 91.7 87.9 76.5 66.9 65.3 63.2 70.9 79.6 88.8 95.7 100.5 104.7 109 112.8 115.7 118.9 120.3 119.9 122 125.3 128.7 131.8 134 135.8 136.8 136.2 135.9 134.3 131.6 129.1 126 123 120.3 118 115.7 113.1 109.2 104.7 98.6 93.6 89.8 88.4 87.9 86.3 80.5
18.4 23.4 40.1 55 63.4 69.2 70.9 70 67.5 53.8 33.3 32.6 38.3 37.5 35.5 36.1 39.3 41.3 38.2 44.7 51.9 61 68.9 75.2 74.9 72.3 70.1 68.2 64.1 59.2 59.5 59.3 64.9 71.5 81.1 84.2 80.2 65.2 65 67.3 71.1 73.2 85.6 91.2 95.9 101.1 105.2 110.6 115.4 119.4 122.3 124.1 125.4 127.2 128.8 130.7 134 136.2 137.4 137.9 137.4 136.3 133.6 130.3 126.5 122.8 118.8 115.6 112.7 109.5 106.3 102.7 100.4 97.9 95.6 93.5 92 90.3 89.2 87.1
19 21.1 24.3 39.4 53.8 56.5 56.5 58.7 51.9 38.2 29 39 48.7 53.4 53.3 49 48.5 48.7 49.5 45.5 41 48.1 54.7 55.1 53 48.9 53.6 54.8 58.7 61.1 62.7 62.9 60 60.6 67.2 71 66.8 66.8 70.4 76.3 80.9 81.3 80.9 88.3 93.8 98.6 106.3 111.9 116.8 121.2 124.3 126.8 129.1 130.8 132.3 134.7 137.5 139 139.7 139.7 138.8 137.3 134.8 131.3 127.8 124 120.9 117.5 115.6 113.9 111 109 107 104.5 100.6 98.1 95.4 93.9 92.4 91.4
26.8 36.9 24.9 23.2 33 32.1 32.2 31.9 28.9 28.2 39.7 49.4 54.4 58.6 63.3 66.4 66.8 64.9 62.7 57 50.8 49.1 48.8 51.3 54.1 58.8 62.4 65.4 69.4 73 74 73.9 73.2 67.2 63.2 62 71.1 75.1 80.5 84.5 87.2 89.4 88.1 96.4 101.3 105.5 108.3 115.4 119.9 123.8 126.9 129.6 132.1 134.3 136.2 138.4 139.1 141.3 141.6 141.8 140.4 139.1 137 134.5 131.6 128.4 126 123.5 121.4 118.8 116.1 113.8 112.2 110.1 106.8 103.3 101.1 100.3 98.7 97.3
