WholeMapElevations/data/ss/ss94_OST50GRID_20230518/SS94.asc
ncols 200
nrows 200
xllcorner 290000
yllcorner 140000
cellsize 50
[rows 0 to 36 of 200, columns 0 to 82 of 200]
-3.1 -3.1 -3.1 -3.1 -3.1 -3.1 -3.1 -3.1 -3.1 -3.1 -3.1 -3.1 -3.1 -3.1 -3.1 -3.1 -3.1 -3.1 -3.1 -3.1 -3.1 -3.1 -3.1 -3.1 -3.1 -3.1 -3.1 -3.1 -3.1 -3.1 -3.1 -3.1 -3.1 -3.1 -3.1 -3.1 -3.1 -3.1 -3.1 -3.1 -3.1 -3.1 -3.1 -3.1 -3.1 -3.1 -3.1 -3.1 -3.1 -3.1 -3.1 -3.1 -3.1 -3.1 -3.1 -3.1 -3.1 -3.1 -3.1 -3.1 -3.1 -3.1 -3.1 -3.1 -3.1 -3.1 -3.1 -3.1 -3.1 -3.1 -3.1 -3.1 -3.1 -3.1 -3.1 -3.1 -3.1 -3.1 -3.1 -3.1 -3.1 -3.1 -3.1
-3.1 -3.1 -3.1 -3.1 -3.1 -3.1 -3.1 -3.1 -3.1 -3.1 -3.1 -3.1 -3.1 -3.1 -3.1 -3.1 -3.1 -3.1 -3.1 -3.1 -3.1 -3.1 -3.1 -3.1 -3.1 -3.1 -3.1 -3.1 -3.1 -3.1 -3.1 -3.1 -3.1 -3.1 -3.1 -3.1 -3.1 -3.1 -3.1 -3.1 -3.1 -3.1 -3.1 -3.1 -3.1 -3.1 -3.1 -3.1 -3.1 -3.1 -3.1 -3.1 -3.1 -3.1 -3.1 -3.1 -3.1 -3.1 -3.1 -3.1 -3.1 -3.1 -3.1 -3.1 -3.1 -3.1 -3.1 -3.1 -3.1 -3.1 -3.1 -3.1 -3.1 -3.1 -3.1 -3.1 -3.1 -3.1 -3.1 -3.1 -3.1 -3.1 -3.1
-3.1 -3.1 -3.1 -3.1 -3.1 -3.1 -3.1 -3.1 -3.1 -3.1 -3.1 -3.1 -3.1 -3.1 -3.1 -3.1 -3.1 -3.1 -3.1 -3.1 -3.1 -3.1 -3.1 -3.1 -3.1 -3.1 -3.1 -3.1 -3.1 -3.1 -3.1 -3.1 -3.1 -3.1 -3.1 -3.1 -3.1 -3.1 -3.1 -3.1 -3.1 -3.1 -3.1 -3.1 -3.1 -3.1 -3.1 -3.1 -3.1 -3.1 -3.1 -3.1 -3.1 -3.1 -3.1 -3.1 -3.1 -3.1 -3.1 -3.1 -3.1 -3.1 -3.1 -3.1 -3.1 -3.1 -3.1 -3.1 -3.1 -3.1 -3.1 -3.1 -3.1 -3.1 -3.1 -3.1 -3.1 -3.1 -3.1 -3.1 -3.1 -3.1 -3.1
-3.1 -3.1 -3.1 -3.1 -3.1 -3.1 -3.1 -3.1 -3.1 -3.1 -3.1 -3.1 -3.1 -3.1 -3.1 -3.1 -3.1 -3.1 -3.1 -3.1 -3.1 -3.1 -3.1 -3.1 -3.1 -3.1 -3.1 -3.1 -3.1 -3.1 -3.1 -3.1 -3.1 -3.1 -3.1 -3.1 -3.1 -3.1 -3.1 -3.1 -3.1 -3.1 -3.1 -3.1 -3.1 -3.1 -3.1 -3.1 -3.1 -3.1 -3.1 -3.1 -3.1 -3.1 -3.1 -3.1 -3.1 -3.1 -3.1 -3.1 -3.1 -3.1 -3.1 -3.1 -3.1 -3.1 -3.1 -3.1 -3.1 -3.1 -3.1 -3.1 -3.1 -3.1 -3.1 -3.1 -3.1 -3.1 -3.1 -3.1 -3.1 -3.1 -3.1
-3.1 -3.1 -3.1 -3.1 -3.1 -3.1 -3.1 -3.1 -3.1 -3.1 -3.1 -3.1 -3.1 -3.1 -3.1 -3.1 -3.1 -3.1 -3.1 -3.1 -3.1 -3.1 -3.1 -3.1 -3.1 -3.1 -3.1 -3.1 -3.1 -3.1 -3.1 -3.1 -3.1 -3.1 -3.1 -3.1 -3.1 -3.1 -3.1 -3.1 -3.1 -3.1 -3.1 -3.1 -3.1 -3.1 -3.1 -3.1 -3.1 -3.1 -3.1 -3.1 -3.1 -3.1 -3.1 -3.1 -3.1 -3.1 -3.1 -3.1 -3.1 -3.1 -3.1 -3.1 -3.1 -3.1 -3.1 -3.1 -3.1 -3.1 -3.1 -3.1 -3.1 -3.1 -3.1 -3.1 -3.1 -3.1 -3.1 -3.1 -3.1 -3.1 -3.1
-3.1 -3.1 -3.1 -3.1 -3.1 -3.1 -3.1 -3.1 -3.1 -3.1 -3.1 -3.1 -3.1 -3.1 -3.1 -3.1 -3.1 -3.1 -3.1 -3.1 -3.1 -3.1 -3.1 -3.1 -3.1 -3.1 -3.1 -3.1 -3.1 -3.1 -3.1 -3.1 -3.1 -3.1 -3.1 -3.1 -3.1 -3.1 -3.1 -3.1 -3.1 -3.1 -3.1 -3.1 -3.1 -3.1 -3.1 -3.1 -3.1 -3.1 -3.1 -3.1 -3.1 -3.1 -3.1 -3.1 -3.1 -3.1 -3.1 -3.1 -3.1 -3.1 -3.1 -3.1 -3.1 -3.1 -3.1 -3.1 -3.1 -3.1 -3.1 -3.1 -3.1 -3.1 -3.1 -3.1 -3.1 -3.1 -3.1 -3.1 -3.1 -3.1 -3.1
-3.1 -3.1 -3.1 -3.1 -3.1 -3.1 -3.1 -3.1 -3.1 -3.1 -3.1 -3.1 -3.1 -3.1 -3.1 -3.1 -3.1 -3.1 -3.1 -3.1 -3.1 -3.1 -3.1 -3.1 -3.1 -3.1 -3.1 -3.1 -3.1 -3.1 -3.1 -3.1 -3.1 -3.1 -3.1 -3.1 -3.1 -3.1 -3.1 -3.1 -3.1 -3.1 -3.1 -3.1 -3.1 -3.1 -3.1 -3.1 -3.1 -3.1 -3.1 -3.1 -3.1 -3.1 -3.1 -3.1 -3.1 -3.1 -3.1 -3.1 -3.1 -3.1 -3.1 -3.1 -3.1 -3.1 -3.1 -3.1 -3.1 -3.1 -3.1 -3.1 -3.1 -3.1 -3.1 -3.1 -3.1 -3.1 -3.1 -3.1 -3.1 -3.1 -3.1
-3.1 -3.1 -3.1 -3.1 -3.1 -3.1 -3.1 -3.1 -3.1 -3.1 -3.1 -3.1 -3.1 -3.1 -3.1 -3.1 -3.1 -3.1 -3.1 -3.1 -3.1 -3.1 -3.1 -3.1 -3.1 -3.1 -3.1 -3.1 -3.1 -3.1 -3.1 -3.1 -3.1 -3.1 -3.1 -3.1 -3.1 -3.1 -3.1 -3.1 -3.1 -3.1 -3.1 -3.1 -3.1 -3.1 -3.1 -3.1 -3.1 -3.1 -3.1 -3.1 -3.1 -3.1 -3.1 -3.1 -3.1 -3.1 -3.1 -3.1 -3.1 -3.1 -3.1 -3.1 -3.1 -3.1 -3.1 -3.1 -3.1 -3.1 -3.1 -3.1 -3.1 -3.1 -3.1 -3.1 -3.1 -3.1 -3.1 -3.1 -3.1 -3.1 -3.1
-3.1 -3.1 -3.1 -3.1 -3.1 -3.1 -3.1 -3.1 -3.1 -3.1 -3.1 -3.1 -3.1 -3.1 -3.1 -3.1 -3.1 -3.1 -3.1 -3.1 -3.1 -3.1 -3.1 -3.1 -3.1 -3.1 -3.1 -3.1 -3.1 -3.1 -3.1 -3.1 -3.1 -3.1 -3.1 -3.1 -3.1 -3.1 -3.1 -3.1 -3.1 -3.1 -3.1 -3.1 -3.1 -3.1 -3.1 -3.1 -3.1 -3.1 -3.1 -3.1 -3.1 -3.1 -3.1 -3.1 -3.1 -3.1 -3.1 -3.1 -3.1 -3.1 -3.1 -3.1 -3.1 -3.1 -3.1 -3.1 -3.1 -3.1 -3.1 -3.1 -3.1 -3.1 -3.1 -3.1 -3.1 -3.1 -3.1 -3.1 -3.1 -3.1 -3.1
-3.1 -3.1 -3.1 -3.1 -3.1 -3.1 -3.1 -3.1 -3.1 -3.1 -3.1 -3.1 -3.1 -3.1 -3.1 -3.1 -3.1 -3.1 -3.1 -3.1 -3.1 -3.1 -3.1 -3.1 -3.1 -3.1 -3.1 -3.1 -3.1 -3.1 -3.1 -3.1 -3.1 -3.1 -3.1 -3.1 -3.1 -3.1 -3.1 -3.1 -3.1 -3.1 -3.1 -3.1 -3.1 -3.1 -3.1 -3.1 -3.1 -3.1 -3.1 -3.1 -3.1 -3.1 -3.1 -3.1 -3.1 -3.1 -3.1 -3.1 -3.1 -3.1 -3.1 -3.1 -3.1 -3.1 -3.1 -3.1 -3.1 -3.1 -3.1 -3.1 -3.1 -3.1 -3.1 -3.1 -3.1 -3.1 -3.1 -3.1 -3.1 -3.1 -3.1
-3.1 -3.1 -3.1 -3.1 -3.1 -3.1 -3.1 -3.1 -3.1 -3.1 -3.1 -3.1 -3.1 -3.1 -3.1 -3.1 -3.1 -3.1 -3.1 -3.1 -3.1 -3.1 -3.1 -3.1 -3.1 -3.1 -3.1 -3.1 -3.1 -3.1 -3.1 -3.1 -3.1 -3.1 -3.1 -3.1 -3.1 -3.1 -3.1 -3.1 -3.1 -3.1 -3.1 -3.1 -3.1 -3.1 -3.1 -3.1 -3.1 -3.1 -3.1 -3.1 -3.1 -3.1 -3.1 -3.1 -3.1 -3.1 -3.1 -3.1 -3.1 -3.1 -3.1 -3.1 -3.1 -3.1 -3.1 -3.1 -3.1 -3.1 -3.1 -3.1 -3.1 -3.1 -3.1 -3.1 -3.1 -3.1 -3.1 -3.1 -3.1 -3.1 -3.1
-3.1 -3.1 -3.1 -3.1 -3.1 -3.1 -3.1 -3.1 -3.1 -3.1 -3.1 -3.1 -3.1 -3.1 -3.1 -3.1 -3.1 -3.1 -3.1 -3.1 -3.1 -3.1 -3.1 -3.1 -3.1 -3.1 -3.1 -3.1 -3.1 -3.1 -3.1 -3.1 -3.1 -3.1 -3.1 -3.1 -3.1 -3.1 -3.1 -3.1 -3.1 -3.1 -3.1 -3.1 -3.1 -3.1 -3.1 -3.1 -3.1 -3.1 -3.1 -3.1 -3.1 -3.1 -3.1 -3.1 -3.1 -3.1 -3.1 -3.1 -3.1 -3.1 -3.1 -3.1 -3.1 -3.1 -3.1 -3.1 -3.1 -3.1 -3.1 -3.1 -3.1 -3.1 -3.1 -3.1 -3.1 -3.1 -3.1 -3.1 -3.1 -3.1 -3.1
-3.1 -3.1 -3.1 -3.1 -3.1 -3.1 -3.1 -3.1 -3.1 -3.1 -3.1 -3.1 -3.1 -3.1 -3.1 -3.1 -3.1 -3.1 -3.1 -3.1 -3.1 -3.1 -3.1 -3.1 -3.1 -3.1 -1.3 -0.3 1.9 3.7 4 2.9 1.7 0.4 -3.1 -3.1 -3.1 -3.1 -3.1 -3.1 -3.1 -3.1 -3.1 -3.1 -3.1 -3.1 -3.1 -3.1 -3.1 -3.1 -3.1 -3.1 -3.1 -3.1 -3.1 -3.1 -3.1 -3.1 -3.1 -3.1 -3.1 -3.1 -3.1 -3.1 -3.1 -3.1 -3.1 -3.1 -3.1 -3.1 -3.1 -3.1 -3.1 -3.1 -3.1 -3.1 -3.1 -3.1 -3.1 -3.1 -3.1 -3.1 -3.1
-3.1 -3.1 -3.1 -3.1 -3.1 -3.1 -3.1 -3.1 -3.1 -1.3 -1.7 -3.1 -3.1 -1.7 -1 -0.6 -0.7 -0.9 -1 -0.8 -0.3 0.2 0.5 1.2 2.2 2.3 1.9 2.9 8.8 41.9 37.9 26 23.7 12.5 3.1 2.1 1.7 1.1 0.5 -0.1 -0.1 -0.3 0.1 0.3 0.9 0.7 0 -0.8 -3.1 -3.1 -3.1 -3.1 -3.1 -3.1 -3.1 -3.1 -3.1 -3.1 -3.1 -3.1 -3.1 -3.1 -3.1 -3.1 -3.1 -3.1 -3.1 -3.1 -3.1 -3.1 -3.1 -3.1 -3.1 -3.1 -3.1 -3.1 -3.1 -3.1 -3.1 -3.1 -3.1 -3.1 -3.1
-3.1 -3.1 -3.1 -3.1 -3.1 -1 -0.6 0.6 1.4 1.6 1.3 0.2 0.2 0.2 0.6 1.1 1 0.8 0.8 1.2 1.8 2.6 3.3 3.7 15 22 9.4 32 45.1 78.6 74.4 57.4 57.9 47.9 37.5 27.7 21.5 12.4 9.5 3.6 3.5 3.4 3.3 3.6 5.6 4 3.4 2.9 1.9 0.3 -3.1 -3.1 -3.1 -3.1 -3.1 -3.1 -3.1 -3.1 -3.1 -3.1 -3.1 -3.1 -3.1 -3.1 -3.1 -3.1 -3.1 -3.1 -3.1 -3.1 -3.1 -3.1 -3.1 -3.1 -3.1 -3.1 -3.1 -3.1 -3.1 -3.1 -3.1 -3.1 -3.1
53.4 50.8 40.3 6.9 3.4 3 3 7.2 26.4 28.1 4.2 3 2.5 2.4 2.4 2.8 2.8 2.6 2.6 3 4.6 35.3 37.7 41.9 61.7 62.2 60 61.9 68.1 94.8 100.8 84.6 80.5 89.3 83.7 71.6 67 62.5 59.8 49.9 48.7 43.6 32.1 44 40.4 43.4 38.2 37.9 22.5 5.9 2.6 1.3 -0.1 -0.9 -3.1 -3.1 -3.1 -3.1 -3.1 -3.1 -3.1 -3.1 -3.1 -3.1 -3.1 -3.1 -3.1 -3.1 -3.1 -3.1 -3.1 -3.1 -3.1 -3.1 -3.1 -3.1 -3.1 -3.1 -3.1 -3.1 -3.1 -3.1 -3.1
88.6 83.4 83.9 62.8 46.3 36.4 37.2 51.8 59.2 68.7 60.2 53.2 25.6 18.3 16 24.4 24.2 20.9 21.2 31.9 45.6 64.2 83.4 90.7 107 105.7 97.7 73.8 86.8 111.4 124.6 114.6 111.3 111.4 118.4 112.7 103.7 96.6 93.4 87.9 82.4 78.7 66.8 68.3 62.4 64.6 58.8 56 52 46.7 34.9 19.1 3.6 2.7 1.6 0.6 -0.4 -3.1 -3.1 -3.1 -3.1 -3.1 -3.1 -3.1 -3.1 -3.1 -3.1 -3.1 -3.1 -3.1 -3.1 -3.1 -3.1 -3.1 -3.1 -3.1 -3.1 -3.1 -3.1 -3.1 -3.1 -3.1 -3.1
111.3 117.9 114.1 92.8 76.4 55.9 57.5 64.8 77.5 101.9 95.7 88.2 75.6 64.5 61.9 68.6 66.4 61.6 56.2 65.1 81.7 106.7 126.8 147.6 147.6 140.2 115.5 86.1 95 124.8 154.9 154.7 145.7 151.5 149.6 142.2 136.3 127.1 120.2 106.7 107.4 104.8 101.6 93 90.2 92.4 83.9 77.1 72.3 70.9 68.2 62.4 53 39.3 29.2 17.9 3.4 1.9 0.6 -0.4 -3.1 -3.1 -3.1 -3.1 -3.1 -3.1 -3.1 -3.1 -3.1 -3.1 -3.1 -3.1 -3.1 -3.1 -3.1 -3.1 -3.1 -3.1 -3.1 -3.1 -3.1 -3.1 -3.1
94.3 121.5 133.7 112.1 95.3 90.6 94.7 108.2 114.5 130.8 126.2 116.3 109.2 102.4 100.2 93.7 106.5 104.4 98.9 102.7 92.3 122.8 158.7 184.2 185.8 163.8 135.1 106.4 92.8 117.8 149.7 177.9 192.4 187.8 180.2 172.1 165.1 158.2 149.2 138.3 139.1 129.2 135.3 122.4 121.3 120.5 113.4 104.4 98 97.7 95.2 93 82.8 73.4 67.5 60.1 49.1 30.3 12.8 3.4 2.3 0.6 -3.1 -3.1 -3.1 -3.1 -3.1 -3.1 -3.1 -3.1 -3.1 -3.1 -3.1 -3.1 -3.1 -3.1 -3.1 -3.1 -3.1 -3.1 -3.1 -3.1 -3.1
86.6 111.2 140 132.3 123 139.8 152 157.7 157.1 155.2 151.1 145.7 144.5 138.5 135 126.4 123.9 134.6 131.8 123 103.5 128.7 163.7 202.1 207.3 185.7 160.2 132.1 108.7 104.2 131.7 157.2 181.7 202.7 204.8 207.7 198.1 183.8 176.7 177.7 166.8 157 163.2 158 156.6 148.6 141.5 132.5 128.7 127.5 127.5 123.4 109.3 98.6 95.5 93.1 85 71.4 57.5 47.1 33.6 10.5 2.1 -0.5 -3.1 -3.1 -3.1 -3.1 -3.1 -3.1 -3.1 -3.1 -3.1 -3.1 -3.1 -3.1 -3.1 -3.1 -3.1 -3.1 -3.1 -3.1 -3.1
78.7 98.1 123.6 148.9 173.9 185.1 184.4 180.7 185.2 187.3 181.5 177.2 167 164.6 163.4 151.8 143.1 150.4 156 147.9 119.1 134.6 168.1 203.1 217.2 204.3 183.8 159.1 134 132.1 115.4 133.5 158.2 181.9 198.5 212.3 225.9 220.3 218.4 206.2 196.4 190 195.9 191 186.2 179.7 174.3 166.4 161.3 161.2 160.3 153 138.2 133.1 126.7 123.4 115.2 95.3 89.1 90.1 74.2 53.9 31.2 3.2 0.8 -3.1 -3.1 -3.1 -3.1 -3.1 -3.1 -3.1 -3.1 -3.1 -3.1 -3.1 -3.1 -3.1 -3.1 -3.1 -3.1 -3.1 -3.1
75.9 90.3 109.5 133.9 158.7 176.9 192.8 203.7 208.9 207.9 200.8 198.3 192.1 186.5 183.3 178.9 178.2 183.1 184.4 171.2 139.5 144.6 176.3 206.7 226.4 222 206.2 182.2 160.9 155.1 141.1 128.9 137.4 157.6 177.2 199.3 221.1 234.4 236.4 234.3 229.6 222 222 214 207 204.4 203.5 201.8 197.3 197.6 193 182.5 170.2 169.3 163.1 150 139.7 130.4 119.4 116.7 102.1 89.7 72.3 45.9 19.6 2.9 0.7 -3.1 -3.1 -3.1 -3.1 -3.1 -3.1 -3.1 -3.1 -3.1 -3.1 -3.1 -3.1 -3.1 -3.1 -3.1 -3.1
89.2 100.7 106 119.8 138.9 157.9 179.1 197.4 212.2 219.3 215.1 210.4 207.9 204.9 204.4 205.8 203.9 204.9 204 188.4 157.6 145.5 178.2 210.8 225.4 227.8 223.3 205.5 180.9 182 173.3 162.4 149.3 139 159.7 189.3 213.7 234.2 242.2 243.6 240.6 236 231.7 228.2 222.5 220.8 219.2 217.7 215.8 212.8 211.9 206.5 200.3 192.4 184.4 175.3 162.2 157.6 147.1 146.9 137.5 117.6 104.5 78 54.9 34 9 2.2 0.6 -3.1 -3.1 -3.1 -3.1 -3.1 -3.1 -3.1 -3.1 -3.1 -3.1 -3.1 -3.1 -3.1 -3.1
102.1 125 133.6 142.2 149.3 153.1 167.1 187.9 211.1 222.2 226.2 225.9 224.2 223.6 221.6 220.7 217.8 216 212.6 196.8 168.2 148 176.8 205.5 220.8 227.4 230.5 223.6 205.7 213.2 206.8 193.3 180.2 162.6 152.5 181.1 214.6 237.7 245 249 249.6 246.2 242.8 239.4 234.5 230.8 230.1 229.1 229.2 227.6 221.2 215.7 212.2 209.3 201.6 196.7 187.7 184.7 179.8 168.2 166.6 153.7 133.2 110.6 85.6 61.2 44.6 32.7 6 2.9 1.5 -0.4 -3.1 -3.1 -3.1 -3.1 -3.1 -3.1 -3.1 -3.1 -3.1 -3.1 -3.1
112.8 141.2 163.2 172.2 177.7 179.1 179.4 185.1 205.1 223.6 229 231.6 232.7 231.8 230.8 228.8 225.9 222.6 218.1 207.1 183 160.9 165.3 189.9 208.3 218.8 228.7 232.3 230.7 224.9 224.2 219.7 200.5 178.9 153.3 179.7 213.3 235.7 244.6 248.8 252.9 250.8 249 247.4 242.6 239.5 238.2 238.4 236.5 234.9 231.6 225.1 221.9 220.9 219.9 216.7 210.7 204.6 195.9 188 175.3 172.7 157.8 141.3 112.3 94 81.9 69.3 56.4 44.7 20.8 3.9 1.9 0.4 -3.1 -3.1 -3.1 -3.1 -3.1 -3.1 -3.1 -3.1 -3.1
123.6 155.1 177.7 189.9 200 205.6 208.7 206.8 208.6 221.9 229.5 234.8 239.4 241.3 239.1 237.7 234.9 229.7 224.1 216.6 202.6 185.9 180.5 182.7 196.8 211.9 225.8 232.5 235.7 233.4 230.4 227.5 218 193.6 165.5 176.6 202.2 227.8 239.2 246 249.3 251.9 253.3 252 249.9 248 246.2 245.5 244.6 243.3 239.7 233.9 231.8 231.5 231.8 229 224.9 219.2 215 203.8 192.2 181.4 175.1 160.6 142.7 128.9 109.9 89.2 78.3 71 54 40.1 30.5 8.4 3.3 2.1 0.4 -3.1 -3.1 -3.1 -3.1 -3.1 -3.1
131.9 164.5 193.3 206.8 212.3 217.5 218.3 219.7 220.4 223.8 231.6 239.7 244.9 248.4 248.1 246.1 242.8 239.1 232.6 225.5 216.6 199.8 198.2 197.9 215.1 222 228.4 233.7 238.5 238.3 235.9 233 224.3 196.8 180.5 170.7 185.4 207.7 229.2 240.1 243.8 247.3 251 253.3 253.2 252.9 254.2 254.7 252.7 250.2 249.2 243.4 240.3 240.8 240.7 238.3 235.7 232.4 227.3 222.3 213.5 198.1 190.6 181.7 166.3 149.7 131 114.8 104.8 98.6 93.2 87.7 72.5 65.1 50.3 37.5 6.2 3 1.6 -3.1 -3.1 -3.1 -3.1
139.8 172.7 203.8 217.7 221.2 223.8 226.5 227 226.9 228.6 233.1 241.4 248 253.4 255 252.1 248.6 244.1 239.1 233.8 226.1 215.8 213 215.4 218.7 229.1 234.3 237.9 242.1 243 241.3 236.4 227.3 202.8 207 197.2 188.8 190.4 214 229.7 235.5 238.9 245.6 249.8 252.6 257 259.6 261.6 260.2 257.2 254.3 251.4 248.7 248.6 248.4 247.1 245.2 241.4 235.8 229.7 225.7 220.6 209.3 200.1 187.6 174.3 157.4 141.8 127.2 124.2 118.3 116.2 108.7 97.4 90.2 84.6 49.8 44.8 28.8 3.6 1.6 -3.1 -3.1
141.7 174.2 203.6 221.2 226.2 229.9 231.5 232.7 232.8 233.2 236.2 240.1 246.1 253.2 259.2 257.5 253.7 250 246.5 242.1 237.2 232.7 226.1 227.1 228.7 236.7 242.4 246.8 248.1 248.7 247 242.4 229.6 212.1 226.2 223.1 211.6 196.9 197.5 212.1 219.4 226.1 234.6 243.5 249.9 255.6 260.3 264.2 265.1 263.1 260.6 258.4 257.6 256.3 255 253.7 251.6 249.1 244.9 239.1 233.6 227.6 222.9 216.7 206.8 187.6 177.4 166.8 156 151.2 146.6 146.6 139.4 134.4 126.2 111.9 90.3 89.9 68.2 53 21.7 3.2 1.5
142 175.3 204.9 223 230.8 234.8 236.2 236.6 236 235.4 235.7 238.2 242.4 247.9 254.8 259.7 258.3 255.4 252.4 249.7 246.8 244.1 240.1 238.8 239.7 245.1 250.9 254.5 256.3 254.9 252.6 247.6 236 224 234.4 237.2 233.3 217.2 204.4 201.8 208.7 213 219.6 237 244.5 249.5 257.2 261.2 262.7 265.7 265.3 264 264 264.5 260.2 257.2 256.2 255.3 251.9 246.8 241.8 236.8 230 224.1 220.1 214.5 207.5 193.3 186 178.4 179.5 179.6 173 166.5 156 142.9 123.4 116.6 109.6 83.6 51.9 37 28.4
146.6 178.7 204.1 221.5 231.9 238.5 242.1 241 235.6 232.3 231.7 234.5 237.5 242.7 250.3 258.2 261.8 259.6 258.3 255.9 254.6 252.2 250.1 249 250.2 254.3 258.2 261.3 262.8 261.5 258.1 253.4 244.2 231.5 238.2 244.8 243 235.5 221.6 226.9 232.3 230.4 228.7 227.6 239.5 245.5 250.5 255.8 259.7 262.9 265.5 266.7 268.3 269.5 267.1 262.5 257.9 256.5 255.1 252.1 248.2 241.8 236.7 231.3 228.3 224.9 220.1 214.4 206 200.6 202.1 201.9 199.5 195.2 182.9 166.4 136.4 137.8 106 79 56.5 59.8 64.8
148.2 176 196.9 214.1 226.5 235.6 239.7 235 229.3 224 222.6 226.8 232.3 237.1 246.7 254.8 258.7 260.7 261.5 261.2 260.1 259.5 259.1 258.7 259.3 262.1 265.8 268.7 269.2 268 264.1 258.4 251.2 239.9 240.3 245.9 244.9 241 239 240.7 242.2 243.2 240.8 235.5 231.9 242.7 248.6 252.6 256.8 261 264 265.2 265.7 265.7 264.8 260.1 256.4 253.7 252.4 251.6 249.8 245.6 242.5 238.6 235.6 232.5 228.4 222.8 217.3 213.9 213.4 213.6 214.8 212.2 204.2 187.6 164.9 133.7 101.3 74.9 76 75.7 78.5
145.2 166.6 185.4 203.5 217.8 226 230.7 223.6 215.4 208 210.2 218.1 224.8 233.4 242.4 250.3 257.1 260.9 263.9 264.8 265.7 266.1 267.2 266.9 269.6 270.7 273.4 275.3 275.1 273.4 268.7 262.5 255.1 244.2 245.8 249.4 249.1 248 247.9 249.7 251.4 251.7 248.9 245.3 239.6 244.7 252.7 258.1 260.6 262.7 263.4 263.8 262.4 261.1 257.9 255.9 252.8 250.2 247.1 244 243.7 242.6 242.2 242 241 238.2 235.3 230.6 225.9 220.7 220.9 222.8 223.8 220.7 211 184.1 155.4 124.2 90.4 111.5 112.1 99.4 97.1
136.3 154.8 172.6 192 207.1 212.6 212.8 203.2 192.1 184.5 192.1 204.6 223.2 233.4 240.3 247.8 255.4 262.4 266.2 269 271.8 272.9 273.5 275.6 278.1 279.2 280.4 282 281.5 277.7 271.9 265.5 257.9 248.4 251.8 255.5 255.8 256.7 257.8 259.1 259.2 258.5 257 253.6 248 250.5 258.3 263.4 266.6 267.4 267.7 266.3 263.6 259.7 254.6 250.4 246.6 242.2 237.4 234.8 234 234.7 235.4 235.9 236.9 239.6 238.9 234.4 231.6 228.7 228.4 230.1 230.2 222.2 205.1 176 144.3 111.9 115.8 139.5 141.5 128 116.2
122.9 140.3 159.2 179.4 190.4 189.8 189.5 176.8 167.9 177.9 195.5 215.3 226.1 234.7 241.4 246.8 253.7 261.4 267.4 272.1 275.6 278.4 280.5 282.8 284.6 285.1 286 286.3 283.9 278.7 272.9 265.8 257.8 256.9 259.7 261.9 263.4 264.5 264.6 265.4 265.8 265.9 264.3 260.9 255.7 256.1 263 267.3 269.5 271.6 272.4 269.7 267.2 262.7 257.9 251.6 246.2 240.3 234.4 227.5 226.1 227.6 226.7 227 228.6 230.8 232.6 231.8 233.1 232.9 231.4 233.4 229.1 214.8 194.5 166.5 132.1 112.7 133.2 157.8 169 160.7 138.1
107.7 124.2 144.6 163.7 165.1 161.9 160.7 155.2 167.1 190.8 207.9 221.4 230.9 236.3 240.7 244.8 251.2 258.1 264.3 270.1 275.5 280.3 284.3 286.3 287.9 288.9 290.5 289 285.8 280.9 274.6 267.7 262.7 263.4 265.9 267.8 269.6 270.8 271.7 272.8 273.3 273.4 270.7 267 262.4 262.4 267.5 270.7 273.7 275.7 276.3 275.2 272.3 269.1 264.7 257.6 252.7 247.5 239.7 233 222.3 216.3 215.6 215.3 214.4 215.7 217.7 221.7 227.9 229.6 223.8 223.6 221 205.5 184.4 156.4 126.1 138 163.3 183.4 188.1 179.1 162.9
91.6 107.9 130.1 143.1 136.2 133.5 135.6 151.7 178 201.3 213.9 220.5 223.4 226.1 228.3 228 243.2 253.9 258.8 266 269.8 275.7 279.8 283.9 287.1 289.7 293.6 291.3 288.3 284.3 279.7 274.2 271.9 270.7 272 273.5 274.9 279 284 284.4 282.2 280.1 277.2 272.7 268 268 271.8 275 277.7 279.6 280.2 278.5 276.1 272.2 268.3 263.3 257.4 252.6 243.9 236.2 228.6 216.1 204.7 197.7 194.5 194.8 195.9 204.7 216.8 221 216.6 211.8 212.6 191.9 167.8 139.7 139.4 162.5 186.6 200.3 202.8 197.8 188.8
