UK/data/sh/sh56_OST50GRID_20230518/SH56.asc
ncols 200
nrows 200
xllcorner 250000
yllcorner 360000
cellsize 50
[rows 144 to 179 of 200, columns 0 to 80 of 200]
55.9 54.6 50.8 51.9 48.7 51.3 51.7 40.1 45.2 42.6 41.2 42.5 43.1 43.3 44 44.6 46 52.1 64.8 67 68.5 67.4 64.2 64.6 67.3 67.9 69.1 70.6 72.7 73.2 72.5 73.8 87.2 90.2 91.5 94.2 96.8 99.6 101.5 102.1 101.8 102.1 102.6 104.6 106.2 108.1 110.3 111.4 112.6 112.5 110 110.7 110.9 111.1 112.2 114.1 117.8 116 115.9 117.7 118.1 117.7 118.5 118.8 118.8 118.7 119.2 119.9 120.6 122.1 123.7 124.9 124.7 124.5 125 126.1 127.4 128.3 129.2 129.7 131.2
54.7 53.5 54.3 53.2 45.4 49.3 49.9 40.4 48.3 47.5 41.1 41.7 41.6 42.1 42.7 45.7 48.8 64.6 66.9 68.2 69 67.3 62.9 63.6 66.3 68.3 69.6 72.2 74.8 79.7 81.6 88.2 91 92 93 95.5 99.1 100.4 101.5 102.5 102.8 103.6 105 108.4 110.3 112.1 112.7 113.1 113.8 112.8 110.8 110.7 111.1 112.1 115.5 118.6 116.4 117 116.9 117.9 119.2 119.7 119.9 119.6 119.8 119.8 119.7 120.7 121 121.8 123.4 125.3 125.1 125.5 126 126.5 128.2 128.3 128.9 130 132.4
53.3 51.1 54.5 55.2 50.7 38.8 38.4 46 49.7 52.9 40.7 40.9 41.5 42.7 45.4 52.8 62.4 66.1 67.6 67.7 67.5 64 63.3 63.9 66.1 67.8 69 78 81.8 84.2 87.1 90.2 91.9 92.9 94.6 96.4 99.9 100.4 101.6 103.3 104.7 106.9 108.6 111.2 112.8 114 113.7 113.7 112.7 111.1 111.3 111.6 113.6 117.5 120.5 121.6 117.8 118.4 117.7 118.3 119.6 121.1 120.1 119.8 120.4 120.9 120.3 121.4 121.8 122.3 123.5 125.9 126 126.5 127 127.5 128.8 128.8 130 131.9 134
50.5 53.6 54.6 54.3 48.2 37.5 39.1 46.9 53.7 60.1 58.4 48.7 47.1 48.8 52.3 60.4 64.2 66.5 64.7 62.8 61 60.8 62.4 64.3 66.7 69.4 73.3 79.4 82.6 85.7 88.6 90.6 91.5 92.7 94.9 97.3 100.5 100.8 103 105.2 107 109.3 111.4 112.8 114 114.2 113.6 113.5 112.2 111.7 112.3 115.3 119.2 122.1 123.5 123 119.7 120.5 123.8 120.5 120.6 121.1 121.3 120.5 120.8 121.4 121.7 122.2 122.7 123.1 124.2 126.6 127.1 127.6 128.1 128.4 128.7 129.6 132 135.3 137.9
51.4 53.3 54.9 52.5 47.7 37.3 39.7 47.8 55.5 62.4 62.8 61.2 60.5 59.8 61 65.4 65.6 66.1 62.5 59.9 61.3 61.7 62 65.2 67.5 71.5 76.3 81 84.4 87.3 89.3 90 90.6 92.4 95.1 98.1 100.6 102.7 104.8 107 109.1 111.7 113 112.9 114 114.2 112.5 113.9 113.5 113.7 115.1 119.3 121.1 125.6 128 126.6 121.2 120.9 123.8 121.2 122 124.2 122.6 121.8 121.2 121.8 122.2 122.9 123.5 124.1 125.7 126 128.3 128.5 128.7 129 128.8 131.3 135.1 137 138.7
51.2 53.1 53.5 51.6 46.1 38.4 38.4 49 57.5 63.8 66.5 66.9 66.6 65.4 64 63.6 66.2 66.4 62.5 59.7 60.8 62.7 65.3 71 74.8 75.6 78.1 81.8 85.3 87.7 87.9 88.9 90.5 94.2 96.3 99 101.9 104.3 107.4 109.6 111.7 113.7 114 113.4 114 114.6 115.3 116.4 116.7 118 119 120.6 123.2 126.8 128 128.8 126.5 121.4 122.3 122.6 123.1 124 123.7 122.9 122.4 122.5 123 123.6 124.3 125.3 125.1 125.6 128.6 130.2 130.5 131.4 131.3 131.8 133.5 135.5 136.2
48.9 49.7 50.7 51.6 43.9 38.3 35.4 48.4 59 64.7 67.7 67.3 67.9 67.7 65.1 62.6 66.2 63.2 58.9 60.2 62.7 65.7 72.8 76.5 77.5 77.9 80 82.8 85.4 87.1 87.9 89.1 91.9 97.1 100 101.4 103.6 105.6 108.8 111.9 113.7 113.5 114 115.2 116.2 117.2 117.8 118.9 121.6 122.8 123.6 122.1 123.5 127.7 127.1 129.9 128.3 124.6 124.8 123.7 124.2 125.3 124.7 124.5 124.3 123.2 123.9 124.9 125.1 126.9 127.1 127.1 128.5 132.2 134.2 134.2 133 132.7 133 133.7 135.9
45.8 46.4 47 45.7 40.2 36.7 34.6 50.6 59.8 65.6 66.7 66.3 66.6 65.7 63.9 60.3 61.1 58.5 60.3 64.9 68.6 73.7 77.4 79.4 79.6 77.9 79.6 82 84.6 86.6 88.5 91 96.6 100.6 102.5 103.3 104.8 107 109.3 112.6 113 112.7 113.7 115.9 119.8 120.4 121.8 125 124 122.4 122.5 121.7 124.4 127.9 128.9 129.4 130.4 128.9 127.7 125.3 125.2 126.7 126.5 126.2 127.3 127.1 125.8 127.3 128.2 127.9 127.9 128.9 130.1 133.9 138.2 137.5 134.8 134.3 134.3 135.7 140.5
43.4 43.6 43.4 41.4 36.1 36.5 38.8 48.8 59.2 64.7 64.9 64.7 64.6 62.7 59.4 57.4 58.8 60.2 64.9 70 74.6 76.1 78.5 80.1 80.2 78.8 80.3 82.3 84.5 87.3 91 94.5 99 102.2 103.6 104.1 106.2 108.9 110.1 111.4 111.9 111.7 113.7 116.3 119.9 122.2 127.7 129.4 124.8 123.1 122.2 122.6 125.7 128.7 130.4 130.8 130.2 130.2 129.1 128.2 127.7 127.8 127.9 127.6 129.5 130.8 129 129 130.2 129 129.7 131 130.8 132.7 133.7 135.5 136.1 137.3 138.6 141 146.3
35.1 38 38.5 35.7 35.2 33.4 42.9 52.1 59 61.3 61.6 61.1 59.2 55.1 56.9 60.9 62.1 63.9 69 72.8 75.4 77.2 78.7 79 79.2 79.7 81.3 83.5 86.1 89.1 93 98.2 102 102.4 103.9 105.6 107.8 109.5 109.5 110.1 110 111.7 113.5 115.3 123 125.6 126.8 120.7 119.3 121.2 124.1 124.6 128.7 132.2 134.1 134.9 133.5 131.8 130.8 131.1 131.6 130.3 130.3 129.7 129.5 130.5 131.3 129.4 131.5 131.7 132 131.9 131.8 132.6 133.4 135.2 138 140.1 142.8 146.7 148.6
30.6 32.4 32.9 33.9 34 32.4 49.2 54.3 59.1 59.2 57.1 56.3 53.9 58.4 63.5 65.6 67 66.7 69.3 74 76.1 77.4 77.8 78.1 79.5 80.7 83.3 85.7 88.1 91 95 101.1 104.5 103.5 103.9 106 107.6 108.5 109.7 109.9 110.5 111.4 112.5 113.5 118.5 120.7 119.1 119 121.2 124.4 127.2 127.4 129.4 131.4 137.4 138.9 136.8 136.8 135 137.3 136.7 135.8 134.7 133 132.8 133.8 133.5 133.4 132.6 133.6 134.1 133.8 133.9 135 135.7 136.9 142.1 144 144.1 146.6 150.8
29.4 31.1 32.1 32.8 33.7 41.6 54.7 58.6 58.8 56 53.4 56.8 61.8 63.9 66.9 68.5 70.6 72.2 72.8 73.8 76.5 76.9 77.6 78.3 81.3 83.2 86.8 88.7 90.6 92.6 97.8 102.1 100.8 102.1 103.1 106 107 107.4 109 112.2 113.7 113.5 113.5 113.7 115.2 117.2 119.6 120.1 121.9 124.1 127.1 131.5 131.3 136.7 138.3 139 139.8 140.1 136.8 136.5 136.8 136.6 137 136.2 135.3 137.2 135.9 138.7 135.6 135.7 136.7 136.4 136.4 137.7 138.9 141.1 143.4 146.7 148.1 153.1 155.7
29.4 30.1 29.1 30.2 37.3 53.3 58.3 59.6 56.6 53.5 52.8 61.7 65.3 67.8 69.4 71 72.8 74.2 74.8 74.7 76.3 77.3 78 79.6 83.7 87.2 89.9 91.8 92.9 94.6 100.5 101.4 100.8 101.9 102.8 105.1 105.9 106.9 108.3 114 115 115.9 117.7 116.4 116.5 119 121.8 121.4 123.2 124.6 129.1 134 132.7 134.3 138.2 140.9 139.4 140.2 137.9 136.4 136.9 138.2 138.6 138.8 138.9 139.2 140.5 140.2 139.1 139.1 140.9 141.2 140.7 140.7 142.9 146.4 147.7 150.7 155.6 158.5 159.9
29.7 30.4 36.5 49.9 56.5 59.9 60.9 59 54.5 51.3 56 62.9 66.7 69.1 71.4 73.1 75 75.2 75.8 76.4 75.8 77.5 79.5 81.7 85.6 88.6 91.5 94.5 96.4 97.9 101.1 101 100.7 102.9 106.9 106.6 106.2 107 109.7 112.8 117.1 119.7 121.6 121.1 120.2 121.9 123.5 123.9 125.1 126.9 131 133.3 133.9 133.4 132.9 138.1 138.5 138.5 138.1 137.5 140.6 140.7 140.8 141 141.4 142.7 143.3 142.8 143.2 145.8 146.9 146 148.4 147.9 148 150.3 152.7 158.6 162.8 162.3 166.4
41 47.7 54.4 56.7 59 60.6 60 57.6 52.2 52.1 57.2 64.5 68 70.8 73.1 74.7 74.6 74.4 75.4 76.5 77.3 78.8 80.7 83.6 86.9 89.7 92.6 95.5 98.4 99.4 100.2 100.5 105.7 110.5 110.3 109 107.3 107.7 110.6 114.3 117.5 118.7 121.3 119.2 122.3 122.7 123.6 126.3 127.4 130.3 132.8 134.2 134.7 132.5 134.8 134.5 135.8 139.3 140.4 141.2 142 142.4 143.1 143.4 144.7 145.9 147.8 148.8 153.1 152.9 153.6 153.4 156.4 160.3 160 159.2 162.4 165 169.2 174.9 174.6
52 55.2 57.4 58.9 60.1 60.2 59 53.2 50.5 53.3 60.6 65.8 69.6 72.3 73.4 73.6 72.7 73.7 75.3 76.7 78.6 80.1 82.3 85.8 87.6 90.6 92.8 95.4 96.8 97.5 100 102.4 106.3 108.8 109.2 110.1 108.3 109.9 112.7 115.2 119.3 119.3 120.3 120.5 121.7 123 127.3 129.4 128.1 130 131.7 133.8 133.1 133.7 134.5 135 138.2 139 139.8 141.7 142.2 143.2 144.9 147.6 149.3 150.7 153.7 157.1 156.5 155.8 157.7 161.1 166 168.4 167.3 169.2 171.9 174.2 181.3 180.9 182.4
53.4 56 57.4 57.9 57.6 58.2 51.2 50.4 50.5 57.2 61.2 66.7 70.3 70.4 71.3 71.1 72.5 73.9 75.4 77.2 79.2 81.3 83.2 86.1 89.2 91.5 92.1 94.2 95.9 97.8 100.4 103 105.2 106.1 105.9 106.3 109.4 113.6 115 116.2 117.4 120.6 119.4 120.8 122.7 125 128.6 129.2 130.6 130.3 131.4 132 131.9 132.4 135.5 137.8 139.6 139.6 140.2 142.6 144.5 145.2 146.8 149.5 152.1 155 157.6 158.7 159 159.9 164.8 170.9 179.3 177.8 184.3 187.3 188.4 189.5 192 193.9 197.2
52.5 56.7 56.4 53.6 49.9 49 49.8 51.3 58.7 64.3 67 68.5 69.2 69.2 69.2 71.8 73.4 74.9 76.2 77.8 79.7 83.3 84.7 86.5 88.3 90.7 92 94.7 96.8 99.1 100.8 103.6 104.9 105.1 106 109.8 112.3 116.3 118.5 119.9 120.1 118.8 119.7 121.3 123.9 125.9 129.7 129.1 132.5 131.4 131.9 132.7 131.9 132.8 136.6 138.5 140.1 141.4 141.8 142.6 144.2 146.4 148.7 149.9 151.9 155.1 158.2 161.6 164.3 169.9 175.7 181 187.5 191.4 194.4 199.7 202.1 203.3 204.5 210.3 216.6
42.7 45.3 48.7 48.3 50.2 52.2 58 64.8 60.9 67.9 67.8 68.1 69.2 69.2 72.9 73.7 74.9 75.8 77.4 79.1 82.8 85.3 86.8 88.2 89.9 91.6 93.4 94.4 97.3 101.1 105 104.1 103.8 105.3 111.1 113.4 112.9 118 117.6 118.4 119.2 119 120.4 121.7 124.3 125.8 129.8 132.9 132.4 132.7 132.5 132.3 132.2 133.1 135.3 137.5 138.9 140.1 141 142.3 144.9 146 147.4 149.4 152.1 157.2 160.5 164.5 171.3 177.2 182.8 189.9 199.6 201.9 205.8 210.2 212.5 212.8 213.1 221.3 235.2
51.8 52.2 53.9 53.6 55.2 59.9 63.4 65.6 65.3 67.9 68 68.8 70.8 73.7 74.2 74.6 75.3 76.5 78.6 82.2 86.1 87.7 89.1 90.5 91 93.2 95.7 96.6 98.1 100.6 105.2 103.3 107.3 110.7 113.2 115 115.3 118.2 117.8 118.3 119.2 119.2 120.4 124.8 129.5 130.9 133.6 134.1 135.3 133.2 132.9 132.6 133.4 133.8 134.4 136.3 138.1 140.2 142.8 144.3 145.6 146.9 149.3 151.7 155.7 161.1 164.8 170.8 177.7 183.2 189.6 203.7 209.7 212.7 218.6 223.3 222.1 222.6 232.9 243.4 251.5
58.2 60.2 60.6 62.6 63 64.6 66 65.8 66.4 67.9 69.1 71.1 72.6 73.4 75 76 77.3 79.3 82.1 87 90.3 92.3 92.8 92.6 93 96.6 100.2 100 99.6 102.3 101.4 102.6 109.6 111.9 113.3 114.7 116.5 117.3 117.7 117.2 118.3 121.1 123.4 130.4 135.4 135.6 136.9 135.9 133.6 135.2 134 134.1 134.3 134.5 134.6 136.4 138.7 141.3 143.5 145.1 146.9 148.3 151 153.5 159.3 164.1 170.2 177.6 185.2 189.8 201.1 210.9 215.9 222.7 230.9 234 232.6 242.1 252.6 260.1 262.1
59.7 62.1 65 65.9 65.9 65.9 66.5 65.7 65.5 67.6 69.6 71.2 72.3 73.4 77.2 78.6 80 81.5 85.1 91 93.7 95.6 95.3 94.7 94.7 98.8 101.7 102.8 103.9 104.2 103.5 103.4 106.9 110.7 112.2 113.6 115.1 117.5 119.4 119.2 121.9 123 125.5 132 136 139.9 139.1 138.8 133 137.5 136.3 134.4 134.3 134.5 135.3 137.1 139.4 141.5 143.6 145.5 147.4 149.3 152.3 155.6 162.2 168.7 176.5 183.9 189.1 195.2 211 220.1 225 233 237.9 240.5 250.2 259.5 265.2 267.8 270.1
60.9 63.3 66 66.4 65.8 65.4 64.2 64.6 65.2 67.4 69.5 71 72 75.4 79.2 80.9 82.4 83.9 88.9 93 95.7 97.7 98.2 98.3 99 100.2 101.4 102.4 104.9 106 107.5 109.2 108.8 110.6 112.8 114.3 115.7 117.5 121.4 120.9 121.6 126.9 127.4 136 142.1 143.7 143 139.9 133.9 137.6 138.7 135.2 134.7 135.4 136.6 137.7 139.5 141.5 143.7 145.7 147.9 150.3 154.6 162.9 167.3 173 179.7 185.8 191.5 204.7 217.8 227.6 236.8 242.4 246.4 255.1 265.1 269.9 273.9 275 273.3
61.6 61.8 65.6 65.4 64.6 64.1 64.2 64.8 65.9 67.6 69 70.5 74 78.2 80.9 82.6 84 86.3 91 94.2 96.3 98.5 99.3 99.9 100.1 100.6 101.1 102.6 106.2 108.2 109.6 111.3 113.9 112.5 114.5 116 116.5 117.7 120.4 121.3 122.5 125.4 129.6 135 141.1 144 146.3 145.1 143.8 140.2 138.7 136.4 135.5 136.2 137.8 138.7 140.6 142.4 144.1 146.1 148.9 154.3 161.1 165.2 171.1 176.6 183.6 190.8 197.9 213.4 230.1 232.8 244.2 251.4 258.5 265.1 271.7 276.4 278.6 278.7 276.7
61.4 59.7 62 63.6 62.4 63.8 64.5 65.6 67.6 70.3 70.7 72.6 76.9 79.2 81.3 84 85.5 88.7 92.8 95 96.9 98.5 99.8 100.9 101.6 102.3 103.1 103.9 109.1 110.5 111.5 112.4 114.7 115.3 115.8 117.7 118.9 119.5 120.4 121.7 123.7 125.3 128.6 132.8 135.4 139.5 143.1 147.7 148.5 141.2 137.8 136.9 136.2 137 138.7 139.8 141.6 143.5 145.3 147.7 153.4 158.8 163.4 168.2 174.8 181.4 189.1 195.6 205.6 222.2 231.3 241.8 255.8 258.9 264.6 273.1 278.8 283 284.3 282.6 281.6
61.1 59.6 59.2 59.4 61.1 63.5 64.7 66.3 69.7 71.8 72.6 74.5 78 79.9 82 85 87.5 91 94.1 96.2 98.2 99.1 100 101.2 102.6 104.8 106.1 108.3 110 111.5 112.7 114 115.6 117.4 117.7 119.5 120.8 121 121.5 123.2 125 126.6 129.9 132.3 133.6 133.2 137.2 147.5 146.4 139.8 137.9 136.9 136.8 137.7 139.5 140.8 142.6 144.5 146.8 151.1 156.1 161.1 165.6 171.4 178.4 185.1 192.1 199.5 215 227 234.3 251.2 258.9 260.8 268.2 277.1 283.7 283.8 284.6 284.5 288
60.7 59.2 59.1 59.2 61.5 63.8 64.6 66.5 69.6 72.5 73.2 75.8 78.5 80.9 84.2 87.6 89.6 92.7 95.4 98.1 99.4 102.1 101.3 102.4 104.6 107.3 109.1 111 111.7 112.6 115.3 117 118.1 120.1 120.5 120.8 122.1 122.6 123.1 124.7 126.4 128.8 130.3 130.8 132.7 134 136.1 142.9 145.2 138.8 135.7 136.2 137.4 138.7 140.2 141.9 143.6 146 148.9 153.6 158.7 163.5 168.5 175.5 183.2 192.1 198.2 209.3 218 228.4 240.3 252.2 254.8 260.1 272.4 277 280.1 283.2 286.5 291.5 303.5
60.2 59 58.9 58.4 60.1 61 63.5 67.7 70.8 72.3 74.4 77.1 79.8 83.6 87.8 91.2 92.2 94.4 96.8 101.6 102.5 103.4 104 104.9 107.4 109 110.6 112.4 113.8 115.7 117.6 119.6 122.4 122.8 122.6 122.2 122.8 122.7 124.1 125.8 127.5 128.9 129.4 130.9 131.8 132.6 134.6 136.8 139.8 136.4 135.4 136.5 138.7 140.8 142.1 143.5 145.5 147.7 152.4 157.1 161.7 165.9 172.7 180.2 188.9 196.3 205.3 213.5 221.9 229.6 239.7 245.9 255.3 260.5 270.8 277.3 282.4 285.1 287.6 300.4 313.5
59.1 58.2 58.3 57.7 60.6 63.5 65.8 68.7 71.5 72.8 75.9 79.2 82.3 87.7 91.6 94.2 94.7 96.1 97.6 99.1 103.5 104.9 106.3 107.5 109.5 111 112.5 113.9 115.8 117.6 119.6 121.7 122.7 123.7 123.5 122.7 122.5 123.5 125.1 126.6 126.8 127.3 128.5 130.7 133.8 134.5 133.7 134.5 135.8 135.2 135.8 139.5 142.1 143.9 145 146.2 148.2 153.5 158.6 162.1 164.2 170.3 179 187.2 192.3 200.4 210.2 217.9 224.7 230.4 238.2 248 254.6 261.8 272.3 280 285.3 286.6 295.5 305 313.8
57 57.4 58.4 60.4 62.2 64.7 67 69.3 72.2 73.9 78.6 82.6 86.2 90.7 93 95.7 96 96.6 98 102.4 105 106.3 108 110.1 111.5 112.9 114.4 115.8 117.8 119.6 121.6 122.7 123.4 124.3 123.7 123.1 122.6 123.7 124.6 125.4 125.6 126.1 127.7 129.4 132.2 132.1 132.3 133.4 134.5 135.6 138.3 141.9 144.4 145.7 147 149.6 153.4 157.5 162.3 166.5 173.4 174.8 186.2 191.1 195.9 203.2 212.6 220 225.6 230.5 240.7 246.1 253.5 264.4 272.4 277.9 281.9 290.3 299 306.8 317.2
56.5 58.4 60.4 62.1 64.5 66.8 68 70 73.1 77.9 81.5 85.4 89.1 91.8 94.4 95.2 95.4 97.6 101.1 104.5 106.5 107.4 109.6 111.7 113.4 114.9 116.3 117.7 119.6 121.6 122.9 124.9 126.1 126.8 126.3 125.4 123.6 123.1 123.2 124 125.3 127.1 128.3 129.3 130.4 131.8 133.6 134.9 135.6 137.2 139.5 143.1 145.5 147.7 149.4 152.7 156.3 160.5 166.5 175 178.8 184.1 188.9 192.9 199.6 208.1 214.7 221.1 226.4 232.6 238.9 248 255.6 265.6 267.9 280.5 287.7 293.9 299.8 308.2 314.9
57.2 59.6 61.7 63.1 65 66.6 68.4 71.7 76.4 82.7 85.9 88.8 90.4 92.5 94.2 96 97.6 100 102.4 105.8 107.9 109.6 111.4 113.3 115.4 116.8 118.3 120.3 123.2 125.3 126.7 128.3 130.2 129.9 128.5 127.3 124.5 122.4 123.1 124.2 127.1 128.3 128.8 129.9 131 132.2 134.6 135.8 138.2 139.3 142.3 144.9 147.3 149.4 153.3 156.1 159.3 165.6 171.8 177.8 183 188.3 192.7 196.3 203.2 211.8 217.5 223.3 228.7 234.4 239 246.9 255.6 261.7 272.8 281.3 289.5 296.1 305.6 310.5 317.6
57.8 60.3 63.1 64.1 66.2 67.6 70.1 74.7 80.6 85.9 88.6 90.8 92.1 95.5 95 97.3 100.3 102.5 104.8 107.2 109.2 111 112.7 115.1 117.6 119.4 121.7 124.6 127.9 130.6 132.6 134.4 134.2 133.1 130.9 127.9 124.2 122.4 124.5 127.5 128.3 128.4 129.6 130.7 131.7 133.5 135.5 138.8 142.2 143 145.6 147.2 150.3 153.1 156.8 159.6 163.5 169.7 174.9 180.7 187.4 193.1 197.2 202 211 217 220.4 225.5 231.6 237.1 243.6 248.7 256.2 264.7 273.9 283.9 291.9 297.9 303.6 310.2 313.8
59.7 61.6 64.2 66.6 69.2 72 74.8 80.7 85.5 88.8 91.2 93.2 95 96.9 97.1 99.5 102.5 104.8 107 108.6 110.6 113.1 115.4 118.1 120.5 123 125.7 128.9 132.1 135.9 137.4 138 137.4 135.7 131.7 127.3 122.8 122.6 125.3 127.4 128.6 129.9 130.9 132.8 134.3 137.5 141 144 145.5 147.6 148.6 150.3 152.5 156 160.1 163.8 169.8 174.9 180.4 184.4 192.7 197 202 211.4 217.2 220.3 223.5 228.9 233.5 240.5 245.5 252.3 259.6 266.9 274.6 282.8 291.2 296.5 303.2 309.2 312.8
61.6 63.9 69.8 71.9 74 76.7 80.5 85.2 89 91.3 93 95.8 98.1 98.5 100.2 101.7 104.6 106.6 108.3 109.9 115.1 116.6 118.6 121.4 124.2 126.9 129.6 133 136.7 139.4 140.5 140.9 139.5 136.3 132.1 127.6 120.7 122.2 129.5 130 131.3 132 133.4 135.7 139.1 142.4 145.2 147.7 148 148.7 150 152.3 155.5 159.5 163.5 168.4 174.7 181.3 187.3 193.9 198.7 202.8 208.8 216.2 220.3 223.1 227.3 231.1 236.7 244.1 250.8 256.2 262.6 268.2 275.5 283.1 288.9 295.5 302 308.1 313.4
65.7 71.3 74.3 76 77.7 81.6 84.8 88.3 91.6 94.2 96.3 98.5 100.5 101.4 102 104.3 106.2 107.7 109.6 113.6 117.5 120 122.6 125.6 128.4 131 133.6 137.4 139.6 140.9 141.8 141.3 139 135.5 132.1 125.9 122.5 127.4 129 131 132.5 133.6 135.9 139.8 142.2 143.2 144.8 147.1 148.1 151.1 153.4 155.4 160 164.7 169.9 175.1 180.8 188 195.5 200.8 204.3 209.5 213.9 222 224.5 227.8 231.7 236.6 241.1 247.8 253.1 259.1 265 271.2 278.5 284 288 296.1 301.9 307.4 315.2
