UK/data/nh/nh59_OST50GRID_20230518/NH59.asc
ncols 200
nrows 200
xllcorner 250000
yllcorner 890000
cellsize 50
[rows 36 to 71 of 200, columns 0 to 79 of 200]
62.1 63.4 60.8 59 58.9 58.4 58.8 57.8 58.5 58.5 59.2 58.9 59 59.1 59.2 58 57.6 60.3 62.7 64.1 65.1 66 72.9 74.4 73.7 75.3 76.2 78.5 79.4 81.1 82 83.5 82.9 81.6 79.2 77.5 76.2 74.4 73.8 76.9 74.6 70.4 68.9 67.1 64.4 64 64.6 67.9 71.1 70.1 69.3 69.5 69.6 70.8 72.4 75.9 71.6 69.3 70.2 74.2 75.7 73.9 74.5 74.8 75.4 77.8 82 85.5 88.4 93.1 96.8 95.7 90.2 90.7 93.8 97.9 101.9 104.2 106.8 104.9
66.8 65.5 63.5 63.1 62.7 61 61 61.7 64.1 64 63.3 62.6 61.9 61.8 61.6 62.7 66.3 68.2 68.5 68.8 70.7 73.6 77 77.1 78.1 81.3 84.6 86.2 85.9 85.6 86.4 86.3 86.6 84 83.9 82.1 80.9 79.7 80.5 78.8 76.8 79.2 72.4 71.1 68.9 69.1 68.7 69.8 75.6 74.3 74.2 73.3 73 71.5 81.7 84.1 79.3 77.4 77 78.5 80.5 79.5 78.6 78.3 79 80.7 83.3 89.3 91.2 93.4 95.8 98.2 96.8 97.1 96 98.5 104.2 107.6 108.3 108
69.6 67.4 67.6 67.6 66.7 66.4 68.3 67.3 67 66.7 66.8 67.7 65.8 64.3 69 70.5 71.9 74.7 78.6 78.5 76.4 80.3 82.2 82.9 86 89.1 90.9 92.2 92.7 91.8 89.7 89.4 89.6 89 87.2 86.5 85.2 82.8 84.1 84.1 82.4 81.2 77.8 76.1 76.4 75.2 75.2 74.8 78 79.4 78.3 77.4 77.6 79.4 80.4 81.1 82.8 82 82.4 82.8 84.7 85.3 83 81.6 81.9 83 85 87.1 90.4 93.1 94.3 95.6 97.3 99.2 100.1 101.4 102.9 106.5 108.5 113.1
72.3 71.7 71.7 70.9 71.2 73.5 73.2 72.7 71.7 70.8 71.5 71.6 70.8 71.2 76.9 77.8 79.1 82.8 84.7 83.7 86.1 86.1 87 91.3 92.1 93.4 94.6 96.9 97.3 96 94.6 95.3 92.8 92 90.1 89 88.2 86.4 86.9 87 87.2 87.7 79.8 80.3 81.5 82.7 81.8 82.7 83.4 82.7 82.9 82.5 84 82.3 82.6 84 84.1 84.4 85.9 89.1 91.1 90.9 89.8 86.5 84.4 84.5 85.2 88.2 90.9 92.7 94.1 95.4 96 98.3 102.2 101.6 102.7 105.7 109.4 112.9
81 78.8 77.1 75.5 77.2 78.1 77.8 76.7 76.3 76.4 76.8 76.2 74.1 79.1 82.3 84.3 86.6 88.6 90.9 92.5 92.8 94.7 96.8 98.1 98.6 98.2 99.4 99.9 100.4 99.3 99.7 99.3 97.4 96.8 93.1 92.4 90.7 91.8 92.7 91.4 90.9 92 87.8 87.1 90.8 89.8 89.8 89.6 89.7 86.2 86.8 89.9 88.4 85.7 88.1 88.3 87 86.7 86.3 91.4 94.4 95.2 93.9 91.9 89.2 86.6 86.7 92.6 92.9 92.7 94.1 94.7 95.1 97.2 99.2 101.1 103.1 105.1 108.4 111.3
84.5 82.8 82.8 81.3 79.6 81 81.4 80.7 80.4 81.9 83.4 82.7 83.4 86.8 90 90.7 92 93.1 98.5 97.1 98.8 101 103.5 104.7 105.8 104.6 104.2 104.3 103.9 103.6 102.8 101.3 100.5 98.7 98.4 96.7 94.2 95.3 95.9 96.3 94.7 93.9 91.5 93.9 98 94.7 94.4 94.9 94.6 92.8 96.6 96.3 94.1 92.7 92.4 91.9 90.2 91.2 89.5 90.9 93 96 97.2 95.7 93.3 89 88 91.3 92 93.2 94.6 94.3 94.5 97.5 98.3 101 103.2 105 105.7 107.4
88.1 86.5 85.8 84.8 84.2 83.4 83.8 86.4 88.4 90.6 91.6 91.2 91.3 94.3 95.6 96.2 98.2 101.8 103.1 101.3 103.6 107.4 109.2 110.9 111.1 110.3 109.8 109.8 108.2 107.4 106.7 105 102.8 101.1 101 99 98.4 97.7 97.3 97.5 98.4 98.9 95.9 98.4 97.7 97.7 98 98.9 99.8 98.5 100.3 99.1 98.5 99.4 98.4 97 93.7 93.2 92.5 92.2 91.8 93.7 94.2 96.9 95 91.6 90.5 92.4 91.9 92.7 94.4 94.4 93.7 94.5 95.2 96.7 99.7 101.5 102.2 103.3
91.8 90.2 90 89.9 89.4 89 91.8 96 99.5 99.2 97.8 96.6 97.8 99.1 100.5 102.2 104.9 107.1 108.3 108.7 110.7 112.9 113.4 113.9 114.3 114.5 113.8 113 112 110.3 109.8 109.2 107.7 106.1 102.3 103 100.3 101.4 103.9 100.9 101.1 100.2 99.8 102 102.3 101.7 104.9 106.3 106.4 105.4 103.4 102.2 103 104.3 103.6 103.1 98.6 95.6 96.9 94.1 92.7 93.9 93.5 94.3 94.3 93.7 93.8 92.5 91.6 91.1 90.1 90.8 90.8 90.7 90.7 92.4 93.7 95.2 96.5 96.7
95.4 94.4 95 94.7 95.4 95.2 101.6 106.9 104.4 103.7 101.5 102.4 103.5 104.7 106.8 109.4 112.2 115.1 114.2 115.3 116.4 116.6 116.5 116.5 116.9 117.3 116.8 116.1 115.4 113.9 112.9 112.3 112.5 108.2 109.8 108.8 106.6 109 110.3 107.7 105.3 100.7 103.8 106.1 106.7 106.1 110.1 113.7 113.5 114.1 110.7 107.4 107.2 105.6 105.5 103.7 102 101 99.3 97.5 97.6 96.5 95.5 95.4 97 102.1 102.3 100.7 97.3 93 90.9 88.5 87.9 87.4 87.8 88.3 88.2 88.3 89.5 90.3
97.1 98.6 102.9 103.7 102.8 105.2 111.6 108.5 108.5 107.5 107.3 108.5 109.6 111.9 113.2 115.4 118.3 120.2 119.6 120 120.7 121.3 121.2 121.1 120.9 120.9 120.2 119.2 118.4 117.5 116.4 116.5 116.4 113 112.5 113.7 110.3 111.4 112.4 110.8 108.6 104.3 108.3 109.2 109.2 109.5 110.2 113.6 117.4 117.7 115.2 112.3 112.2 110.3 107.4 105.6 104 101.3 99.3 97.6 99.6 98.4 97.3 97.2 100.4 104.3 106 104.2 101.4 96.5 92.7 90 88.1 87.3 86.4 86.2 85.7 84.8 84 84.3
107.4 108.6 113 110.7 112.4 115.1 114.1 114 113.5 113.1 114.4 114.9 115.3 116 117.8 120.6 123.2 123.9 124.1 124.6 125 125.5 125.9 125.8 125.6 125.5 124.6 123.4 122.3 121.3 121 120.4 119.1 116.8 118.7 118.1 119.5 115.9 114.9 113.1 112.1 108 111.5 111.9 111.6 110.9 110.5 111.2 111.2 111.2 111.2 111.2 112.6 111.8 109 108.1 103.5 101.5 100.5 102.9 102.8 99.2 100.6 98.9 99.4 101.5 104.7 105.4 102.6 98.7 97.9 95 92 88 86.9 85.9 85.2 84.9 83.9 82.2
117.1 118.7 120.3 122.4 122.1 121.3 120.9 121 119.9 120.6 120.5 120.2 120 121.1 123.3 125.9 128 127.9 128.4 129.2 129.3 129.8 130.6 130.5 130.4 130.4 128.9 127.8 127.7 127.4 124.8 123.3 122.4 121.7 124.4 123.9 122.9 124.2 122.6 119.7 115 111.2 115.7 116.2 116.7 113.4 111.2 111.2 111.2 111.2 111.2 111.2 118.6 113.2 110.7 107.7 105 103.1 108.8 108.3 111.2 107.2 108.3 106.7 103.5 105.5 107.7 107.9 106.3 102.9 102.7 102.7 102.1 96.3 90.1 87.8 87.9 89.4 88.9 85.3
125.1 127.4 132.2 131.9 130.7 129.2 128.1 126.7 126.1 125.8 125.5 125.5 126 127.2 129.2 131.3 132 132.2 132.7 133.7 133.6 134.1 134.8 135.2 135.3 134.8 133.4 133.7 134 132.8 130.1 127.8 127.4 127.9 127 126.1 129 129 127.2 124.1 116.7 118 122 122 122.7 122.1 118.7 114.4 111.2 111.2 111.2 111.2 113.6 113.1 110.3 107.9 109.1 109.6 110.3 114.1 120.3 114.1 113.7 111.8 109.2 107.8 113.1 115.6 113.3 108.6 105 104.8 103.3 100 95.6 92.2 90.4 91.7 92.6 91.8
132 134.7 135.3 135.6 136.6 135.7 134.7 133.2 132.9 132.7 131.9 132.4 132.8 135.3 136.5 136.8 137.5 138.1 138.7 138.4 137.9 138.3 139.1 139 138.6 138.2 137.5 137.9 138.8 137.9 134.3 131.6 131 131 128.1 129.7 130.8 130.5 129 126.2 121.3 125.1 125 125.7 130.8 132.4 128.5 122.8 117.9 114.3 113.4 113.2 111.3 113.7 111.8 112.7 114 113.8 113.1 114.3 120.6 117.5 119 115.7 113.2 111.1 109.5 114.1 116.8 114.6 111.2 108.6 106.1 103.1 101.6 100.4 95.4 94.1 94.6 93.9
140.9 143.6 141.9 141.5 142.4 141.5 140.9 140 139.6 139.5 139 139.5 139.9 141.1 142.4 141.8 142.5 143.3 143.2 142.4 142.1 142.6 143.2 142.3 141.9 141.5 141.2 141.3 140.6 139.6 137.7 134.9 134.8 133.7 133 132.8 132.5 131.8 130.9 128.3 127.8 128.6 128.3 129.3 131.9 133 131.3 129.3 123.1 119.9 116.1 116.1 113 115.1 114.2 114 115.4 116.6 116.9 115.9 119.1 120 119.9 119.3 117.5 116.6 116.2 113.6 116.4 116.5 116.4 113 109.4 107.3 108.2 104.7 102.2 100.5 100.6 100
151 151.4 150.4 149.5 148.6 147.9 146.9 145.7 145.4 145.7 146 145.8 145.8 147.7 148.5 147.1 147.8 149.3 148.1 146.2 146.6 147 146.6 145.7 145.3 144.9 144.2 143.5 142.5 141 139.5 138.3 137.5 137 136.3 134.9 134.4 133.6 132.7 131.4 132 130.7 130.7 132.1 132.5 132 130.8 129 127.6 126.6 126.5 122.8 120.2 118.8 117.9 119.6 121.4 119.6 118.3 120.6 120.7 121.6 121.7 121 121.2 121.3 120.3 119.6 118.3 118.3 119.5 117.5 115.4 118.9 124.1 120.9 117.6 112.9 110.2 109.6
158.2 158.6 157.5 156.4 155 153.3 152.6 151.8 151.1 150.5 150.9 151.4 152.6 154.3 154.8 153.7 154.4 154.6 152.6 150.7 152.1 152 150.7 149.2 148.2 147.8 148 146.2 144.8 143.1 141.2 140.1 139 137.6 138.2 137 136 135.4 135 134.3 133.2 132.3 133.3 133.9 134.2 133.5 131.4 129.3 129 130.9 133.7 131.9 127.6 125.3 125.8 126.1 126.5 125.8 126.1 124.3 124.7 123.6 122.9 123.3 123.9 124.6 124.2 123.2 122 120.1 120.7 123.1 123.8 130.5 133.6 136 135.5 129.9 125 121
165.7 164.7 163.3 162.5 160.9 158.9 158.4 157.9 157.2 156.1 156.1 157.1 158.8 159.9 159.6 159.5 159.1 158.8 157.4 154.9 155.9 155.1 153.6 152.5 151.4 150.8 151.9 149.8 147.4 145.1 143.1 142.3 141.7 139.7 140.7 138.4 138.2 137.7 137.4 136.9 137.7 136.2 135.2 135.7 135.6 134.9 133.4 132 131.8 133.2 133.3 134.2 132.8 130.7 131.1 131.3 131.4 129.6 131.3 129.8 126.7 124.7 126.5 126.3 126.9 127.5 126.5 126.3 125.6 123.5 127.1 132.2 136.4 141.7 145.1 146.5 147.7 145.8 140.8 139.1
171.5 170.9 169.1 168.2 166.5 164.5 164 163.2 162.3 161.3 161.7 163.3 164.3 165.2 165 165.3 166.2 165.7 166.3 162.3 160.5 158.1 156.6 155.5 155.3 154.4 153.3 152.5 150.5 149 147.7 145.6 143.5 143.2 143.2 140.6 139.9 141 140.5 139.7 140.7 139.9 140.2 139.3 138.1 137.4 136.6 136 135.4 139.6 140.7 138.7 136.2 135.8 136 135.6 135 133.7 133.6 132.3 130.5 129.8 130.2 129.9 129.8 130.5 128.8 128.6 130.1 130.5 134.5 139.5 143.5 151 157.1 157.4 159.1 158.2 158.5 155.6
179.7 177.4 175.2 173.5 171.9 170.1 169.3 168.4 167.3 166.5 167.1 168.7 168.4 170.1 170.6 171.2 173 173.3 172.7 169.4 165.2 162.9 160.8 160.9 160 158.7 156.3 156.1 156.1 154.7 152.2 148.7 147.1 145.9 144.3 142.8 142.3 144.1 143.3 142.6 142.8 142.7 143.9 143.3 142.1 141 140.2 140 140.8 143.9 144.7 142.7 140.2 138.8 138.5 137.6 137.5 137.1 136.4 134.8 133.1 133.2 133.7 133.5 133.3 133.4 131.5 133.1 136.2 137.5 141.9 145.8 152.3 156.7 161.3 167.1 168.1 168.8 171.9 169.6
186.1 183.4 181.6 179.8 178 177.1 176.2 175 174.8 172.8 172.4 174.1 175.5 177.7 177.7 178 179 178.2 177.4 176.3 173 169.6 167.3 166.4 164.7 162 159.5 159.4 159 158.8 156.1 152 151.4 148 146.6 144.7 144.8 146.7 146.4 145.4 144.8 146.5 147.5 146.9 146.3 147.9 147.9 146.3 145.6 146.9 148.4 146.7 145 143.1 142.3 140.9 139.7 140.9 139.1 137.2 137.4 138.1 137 137.1 136.9 135.4 137.1 138.2 140.4 144 147.3 152.6 162.2 168.2 171.3 176 174.8 173.9 175.1 176.3
191 188.8 187.5 187 187.1 185.7 182.5 180 178.7 177.7 177.4 178.3 179.5 180.9 182.2 183.3 182.7 181.4 180.6 179.3 177.3 175 174.2 172.2 169.2 167.2 164.5 162.3 161.4 158.7 156.5 156.3 154.4 153.4 151.7 148.4 148.9 148.5 148.3 148.8 149.3 151.4 151.2 150.9 150.4 151.4 151.4 152.1 154.5 153.6 152.6 150.9 150.1 149.8 150.4 150.6 148.8 146.6 144.2 142.4 142 142.5 141.2 140.9 140.3 140.8 142.9 147.3 149.6 148.5 152.2 159.7 168.9 179.3 185.9 191.1 192.8 184.9 178.2 177
195.8 194.3 192.8 192.1 190.3 188.6 187.2 187.2 184.1 183.2 183.7 183.8 182.8 183.7 184.7 186.1 185.2 184 182.9 182 180 178.1 177.2 174.6 173.6 171 168 166.1 163.9 161.8 160.4 157.4 155.9 156.3 156.2 153 152.9 151.8 152 153.7 154.2 155.3 153.9 154.5 155.9 155.8 156.3 158.9 161.7 161.4 158.1 156.2 156.9 157.5 157.2 156.4 154.1 152.2 150.2 148.2 146.4 145.7 145.2 144.8 144.7 145.5 149 153 159.6 157.6 162.7 168.6 173.8 185.1 195.7 201.1 203.1 197.2 193.5 186.4
203.6 200.5 196.2 196 194.7 193.6 193.1 191.7 189.7 189.5 190 189.6 188.5 188.5 188.2 188.2 186.9 185.9 185.7 184.5 182.6 181.5 179.7 176.8 175 174.9 171.8 169.5 165.7 164.4 163.5 161.8 160.5 159.3 159.3 158.4 159.8 157.2 156.8 158.5 158.5 157.7 158.3 161.5 161.9 161.2 164.1 165.4 168.7 167.2 164.1 164.7 163.7 162.6 161.8 160.9 159.4 157.6 155.5 154 151.7 154.6 150.8 149.1 149.2 151.2 158.7 161.7 164.6 167.4 174.6 178.2 184.9 193.2 200.5 203.7 206.8 207.2 203 197.6
212.5 208.4 205 203.1 200.3 198.3 196.9 195.8 195.7 198 196.8 197.2 196.5 194 193 190.8 189 188.6 188.4 187.1 185.1 184 181.7 178.8 177.7 177.2 175.4 171.9 169.3 169.4 167.6 168.1 165.7 164.3 162.8 163.1 164 162.8 164.6 162.6 161.8 161 166.4 164.6 166.1 169.5 172.3 174.7 175 174.3 171 170.4 169.1 168.2 166.5 166.2 164.7 162.9 161.2 158.6 159.5 161.2 162.1 158.9 156.1 158.2 164.8 167.5 171.1 174.5 178.6 185.5 189.7 194.1 198.6 202 204.2 205.2 204.4 197
216.2 215.4 213.1 210.4 207.3 205.4 204.3 205.4 205 205.8 205.3 205 202.5 199.3 197.5 197.3 194.2 194.6 192.3 190.1 187.6 186 183.6 183.2 181.5 179.1 176.6 173.3 173.7 172.3 171.3 171.7 170.6 169.8 168.4 169 167.9 166.8 167.5 167.5 168.3 168.8 169.1 170 171.5 173.1 176.6 178.2 179 179.3 179 178.7 176.9 175.2 174.2 172.9 170.7 167.1 167.8 168.5 168 171.6 174.9 171.5 165.1 167.3 171 173.9 176.7 180.1 184.2 186.7 189.3 191.8 195 197.7 199 195.6 188.4 183
224.3 224.2 220.2 217.3 215.4 216.3 217.1 216 214.3 213.4 212 210.8 209.4 207.1 204.6 203.1 201.2 202.9 199.5 194.3 191.5 189.8 189.5 187.8 184.6 181.9 177.5 176.6 177.6 177.3 178.2 176.6 176.4 175.8 174.2 172.9 172.7 171.6 171.7 173.2 174 174.3 174.7 175 176.9 177.9 180.5 181.5 182.8 182.8 183 183.7 183.5 182.2 181.2 179.4 177.8 181.2 181.3 180.4 179.7 181.3 184.7 181.7 179.5 179.9 185.7 191.3 192.5 188.5 188.8 189.4 191.3 194.1 194.7 194.9 192.9 185.8 176.8 171
228.2 227.2 227.2 227.6 228.7 228.6 226.3 224.8 223.2 223 222.4 220.3 217.8 214.5 211.9 209.6 206.9 204.7 202 198.3 196 194.9 195.2 193.3 189.5 185.5 181.8 180.7 182.9 183.8 183.3 181.5 181.2 180.1 180.6 178.4 179.1 175.8 177.2 177.9 179.2 179.2 180.5 181.3 183.6 184.8 185.7 185.9 187 187 187.4 188.8 190 188.9 187.1 183.5 185.9 189.6 189 188.6 190.1 191.5 193.3 190.8 191.1 195.7 202.9 209.3 210.5 203.9 196.5 194 192.7 192.7 192 190.1 183.5 175.2 173.5 172.7
228.8 230.6 230.9 239 244.2 245.6 240.3 235.4 233.4 231.4 228.9 226.7 224 221.8 218.6 215.4 211.5 209.1 205.1 203.6 202.4 200.9 198.4 196.1 193.1 189.1 186.9 188.7 190.3 191.1 190.1 187.8 186.2 187.4 185.7 185 183.8 182.8 181.6 182.7 184.7 184.8 187.9 188.8 191.3 192.2 194.6 194.8 194.1 194.9 193.9 194.5 194.9 194.9 193.9 191.2 192.1 194.1 195.7 196.4 198 202.3 204.7 203 205.5 214.8 219.3 220.8 220.5 216.4 208 200.1 197.1 193.8 191.4 187.1 184.3 181.9 177.5 175.7
230.9 231.7 232.9 243.6 249.4 252.6 252.1 246.1 245.4 245.7 242.4 235.4 228.8 225.2 222.3 219.8 216.6 212.6 209.4 206.8 204.8 203.4 202.2 199.7 195.5 194.4 193.1 195.6 197 198.2 197.1 194.4 192.6 191.3 190.4 190.2 190.2 190.7 189.8 189.2 190.4 191.5 192.8 195.1 197.9 204.7 208 208.2 205.7 204.8 203.7 201.6 199.8 199.7 198.1 198.8 199.3 201.5 204 208.7 210.2 212.6 216.3 220.4 233 237 237 231.2 225.4 222.4 216.5 208.8 203 200 194.5 191.8 189.5 186.1 181.8 179.2
232.3 233.8 238.6 246.1 255.4 260.3 260.5 254.8 254 255.1 252.7 248.1 243.4 234.1 227.8 224.5 221.1 217.7 214.6 211.7 210.6 208.9 206.7 203.8 200.8 201.5 199.8 202 201.9 202.3 203.2 202.4 200.4 197.4 197.5 198.2 198.2 199.3 197.3 196.4 197.3 197.7 197.5 199 204.9 213.4 219.6 226 224.6 222.5 217.4 213.6 211.5 206.7 204.3 206.2 207.6 210.1 217 223.9 223.3 231.4 238.8 255 258.4 256.3 252.9 246.5 235.8 226.2 220.1 213.5 206.6 204.6 201 198 194.9 190.8 186.7 183.2
238.4 242.3 239 243.6 253.6 259.2 263.4 266.1 263.3 260.2 257.4 254.7 251.3 245.8 239.8 234.1 230.9 226.3 221.6 218.5 216.8 216.3 212 209.5 206.8 206.4 206 208.6 208.7 210.7 209.3 209.2 208.6 207.8 208.7 208 208.3 207.9 209.1 206.9 205.2 204.7 205.6 209 217.4 227 235.1 244.5 247.5 244.5 236.5 229.2 223.6 219 215.2 218.2 219.9 222.1 225.9 234.5 240.7 253.2 260.2 268.9 272.3 270.8 266.9 259.1 248.7 236.7 224.9 215.9 211.5 209.7 206.6 206.7 203 198.9 195.4 191
240.8 241 240.8 244 249.5 257.5 261.3 264 264.4 262.3 260.6 257.1 253.6 250.1 246.1 242.9 239.3 236.5 231.9 227.9 225.1 223.7 220.6 216.5 212.7 212.5 212.2 214.4 216.3 215.7 216.2 216.5 218.4 218.9 219.4 219.8 219.7 219.1 219.8 217.3 216.3 217 217.5 225 235 246.4 252.6 257.1 257.6 257.3 254.2 246 237.4 229.1 227.8 228.5 233.8 236.8 244.6 252.6 260.1 266.2 275.1 279.3 280.8 280.7 276.7 268.9 259.9 247.8 233.8 225.6 220.3 215.7 215.3 214.3 213.2 210.2 204.8 202.6
245.1 245.8 244.5 246.9 251.5 256.3 261.2 262.5 262.8 261.9 260.8 258.8 255.6 252.2 249.4 247.1 244.9 242 238.8 236.8 233.9 230.6 227.8 224.7 219.7 219.3 220.8 221.5 223.5 224 225.2 225.5 226.4 228.7 231.3 232.8 232.4 233.6 231.7 229.3 229.4 229.5 232.5 240.6 254.6 265.1 271.3 275.1 274.6 271.1 264.3 258.1 250.9 239.3 233.8 239.2 246.5 251.1 259.9 267.3 274.2 281.7 290.5 294.6 290 286.7 283.8 272.1 265.8 255.4 245.5 234.2 228.1 223.9 221.4 218.1 215.7 214.2 213.4 209.1
248.6 254.5 253.4 253.5 256.7 260 261.5 263 262.4 261.4 263 260.3 257.6 254.5 251.6 250.4 249.5 247.6 246.7 244.8 242.2 238.4 235.1 233.1 229 227.5 226.9 228.6 230.4 232.6 234.5 235.1 235.6 239.6 241.5 242.9 243.7 246.7 246.9 245.6 244.9 247.1 254.2 260.7 266 280.9 281.7 285.6 288.2 286.5 277.6 268.9 259.5 249.9 244.9 248.6 255.7 263.9 269.4 279.4 288.2 293.6 298.8 302.6 304.4 301.9 294.9 289.5 282.5 270.3 258.7 246.3 235.6 228.3 225.5 223.6 220.6 219.1 217.9 216.4
259.1 258.7 258.9 261 263 266.6 266.8 264.4 262.3 262.2 262.5 261.7 258.5 256.8 255.3 255.4 253.5 251.3 251 248.8 246.7 244.9 242.4 239.3 237.2 234.5 234.3 234.5 235.3 237.6 239.5 242.9 244.7 246.7 249.2 251.2 253.7 256.9 260.3 258.6 261.3 266.4 271.9 277.7 286.9 299.9 309.2 310.6 306.8 299.1 292.9 281.7 268.6 259.7 260.6 259.9 265.3 271.2 277.7 284.9 295.5 307.4 311.2 309.9 312.4 312.5 306.3 294.1 288 278.6 265.6 253.3 241 233.1 230.4 230.3 229.4 228.1 223.9 222
