WholeMapElevations/data/sd/sd28_OST50GRID_20230518/SD28.asc
ncols 200
nrows 200
xllcorner 320000
yllcorner 480000
cellsize 50
[rows 152 to 189 of 200, columns 84 to 167 of 200]
141.5 149.2 156.4 161.1 166.8 173.6 177.6 181.8 185.1 188.1 193.3 197.1 200.2 204.6 206.3 208.5 210.6 215.9 223 230.8 238.6 245 249 254.5 262.7 271.4 281.7 292.6 302.1 305.3 304.8 303.7 301.7 298.4 293.9 289.7 287.7 285.3 283.8 281.7 278.9 272 264.5 260.5 251.5 242.9 233.5 224.8 218.2 211.8 211.2 209 204.9 199.4 186.5 177.9 181 182.5 178.1 170.6 163.5 157.5 151.3 144.9 140.7 137.1 135.9 133.6 130.4 129 127.4 123.4 119.7 117.2 117 118.1 117.4 115.6 114.8 112.3 108.2 102.4 97.9 91.9
146.4 153.7 160.1 166.2 171.5 179.7 184.7 186.5 190.6 196.8 202.8 206.7 207.9 210.8 213.2 215.9 220.8 228.9 234.4 242.9 249 256.8 259.7 262.4 268.4 276.7 288.8 299 306.5 307 305.8 305.1 303.5 299.9 294.9 292.1 291.1 290.1 288.4 286.5 284 279.5 274.5 269.1 261.6 249 240.1 230.7 224.1 218 214.6 210.3 203.1 196.5 182.6 180.3 183.9 184.5 180.4 174.2 167.2 160.7 153.7 147.1 140.8 138.1 135.8 133.2 129.8 127.7 126 122.6 118.9 117.8 117.5 118 117.1 116.8 114.6 113.1 109.1 104 99.6 92.6
151.6 158.7 165.7 173.3 180.2 185.3 190.6 195.3 201.3 209.2 215.5 220.2 222.3 223.8 224.5 228.4 235.7 239.3 244.1 250.5 257.2 262.4 266.6 271.8 276.5 284.3 294.7 304.5 308.8 309.6 309.5 307.8 304.9 301.3 297.8 295.7 294.7 293.3 291.1 289.7 287 282.5 277.7 271.6 264.6 253.7 243 235 228.9 221.8 214.3 208.1 200.7 191.3 183.4 181.3 181.2 180 176.7 173.2 168.2 162.4 155.4 147.6 142.2 138.6 134.7 132.2 128.6 126.6 125.1 120.5 119 118.3 117.9 118.3 118.2 117.7 114.7 112.5 110.1 105.1 101.2 94.6
158.3 163.3 170.5 179.1 184.8 191.4 199 206.4 213.7 220.2 227.8 233.2 237.2 236.6 238.3 241.2 245.2 247.9 251.1 259.1 262 264.6 270.6 280.1 286.8 294.8 303.8 311.1 314.3 314.3 313.1 309.3 305.9 303.4 300.9 299.5 297.8 295.8 293.3 291.4 288.1 283.2 278.2 272.6 266.1 256.9 247.4 239.8 230.9 224 214.5 205.6 198.1 189.8 184.3 180.6 178.2 175 171.7 169.8 167 162.7 157 149.3 143.1 139.1 135 131.9 127.4 125.4 123.8 120 120.2 118.8 118.7 119 119 117.1 114.3 112.3 109.8 105.4 102.2 95.6
164.1 171 177.7 184.4 192.5 201.3 209.9 218.4 226.4 233.7 238.2 242.7 244.8 247.4 251.1 252.7 253.5 257.5 262.3 263.7 263.4 265.7 275.3 286.7 295 303.7 311.2 316.3 317.7 315.2 312.5 310.6 308.8 308.4 307.1 305.4 303.6 301.1 297 291.9 288 283.2 277.5 272.1 266.8 259.6 251.9 243.5 233.7 224.5 212.9 204.9 196.1 189.2 185.3 182.2 179.5 175.2 170.5 167.4 165.2 162 157 149.4 143.2 140 135.2 132.1 127.6 123.6 121.5 121.1 120.2 119.3 116 117.2 118.4 115.8 113.5 112.4 111 107 103.7 99.3
171.1 177.9 184.2 191.4 201 211.4 221.3 230.6 238.1 244.8 246.8 249.5 255.6 260 262.8 264.5 264.7 268.3 268.5 264.9 262.8 265.6 281.3 291.5 298.2 306.6 313 315.4 314.2 311.8 310.2 312.4 311.3 307.8 307.7 309.1 308.2 306.1 300.7 292.8 288 282.9 276.2 271.3 266.6 261.1 253.8 245.1 234.3 224.9 211.8 202.7 195.8 192.1 189.2 186.6 183.1 176.8 173.4 166.3 163.8 161.4 156.9 150.6 143 139.1 135.1 132.8 129.5 124.6 121.7 122.1 119.5 116.7 114.4 114.8 115.2 113.6 111.6 111.5 113.6 112.1 106.6 100.7
176.8 184.5 190.7 199.7 209.9 221.2 231.5 240.2 247.8 251.8 255.8 262.4 267 267.7 274.2 273.3 271.7 273.3 271.1 265.1 262.4 266.2 281.6 291.2 297.7 305.1 309.8 310.2 307.4 306 307.9 308.4 304.5 305.2 308.7 311.5 310.6 308.1 302.9 296.1 291.9 282.4 275.5 271.5 267 262.7 256.3 248.4 239.1 228.8 215 205.6 198.6 195.5 194.1 188.5 186 176.6 171.3 165.9 162.7 161 156.7 150 142.2 137.8 135.6 132.8 130.1 125.8 121.3 121.7 118.2 115.2 114 112.1 111.9 111.4 109.5 110.9 115.6 116 110.3 101.9
180.5 189.7 196.8 206.9 219 229.6 239.1 247.4 255.2 258.3 267 271.6 272.2 275.4 280.5 278.3 279 281.5 272.4 266.9 262.3 265.4 277.7 287.7 295.4 300.1 302.4 300.6 299.3 300.3 300.4 297.9 296.9 302.1 308.2 311.1 311.5 309.6 305.6 301.6 295 283.9 278.8 275.3 269.2 263.4 256.8 250.3 240.8 230.9 220.5 209.3 202.6 198.7 195.3 190.9 181.5 175.5 174.8 170.4 162.4 161.6 158.6 152.8 141 136.8 137.3 136.7 131.8 125.6 120.2 119.1 116.7 116.2 113.4 110.9 110.8 109.2 107.4 110.2 116.5 117.7 110.8 103.1
185.6 193.9 201.6 214.6 226 236.8 247.2 255.7 261.7 265.4 274 279.5 277.2 280.7 287.2 291.2 289 283.5 275.8 266.8 261.2 263 272.2 282.3 289.1 293 293.1 290.9 290.4 289.8 287.9 286.5 291.6 299.4 305.7 309.9 311.5 311.4 309.6 307.2 297 288.2 285.2 280.7 272.8 263.1 258.1 252.2 244.7 235.3 222.7 213 203.9 199.1 195.6 189.3 183 179.9 176.2 169.4 166 163.4 159.4 153.2 142.5 135.8 137.5 138.9 133.1 125 119.2 117.1 117.9 117.5 113.4 109.7 109.6 107.4 105.3 109.6 116.7 118.1 110.6 103.4
191.2 197.9 208 220.4 232.5 245.5 254.9 263.1 268.1 272.8 282 282.1 286.2 289.1 296.4 297.3 293.7 287.1 275.3 264.6 260.3 259.8 267.3 275.1 281.6 283.9 282.8 281.2 279.2 278.2 278.4 280.5 290.2 299 305.4 311.2 313.8 314.8 316.2 312.3 299.9 293 290.7 285.5 276.4 267.7 260 255.7 246.4 239.2 226.2 211.2 199.9 195.3 194.5 189.6 186.5 185 180.3 173.7 169.3 163.1 159.1 152.8 144.9 137.2 134.6 138.1 132.9 124.3 116.7 115.5 115.7 115.3 112.7 108.4 107.1 105 103.7 109.5 116.7 117.7 110.4 103.6
194.8 204.3 215.4 227.9 241.2 253 262.8 269.2 275.9 282 283.1 284.3 293.4 300.6 300.1 298.6 294.2 283 269.5 261.5 258.1 258.1 263.7 269.3 273.5 274.4 273.6 273 272.4 273.3 274.5 281.9 292.1 301.5 309.3 315.8 317.2 320.7 321.1 311.7 302.1 298.5 297.1 288.9 280.4 272.4 263.8 260.8 251.2 239.2 227 209.7 200 196.2 194.9 192.9 190.1 188.7 179.9 175.6 170.2 162.6 159.6 154.1 147.3 139.6 131.7 132.4 129.9 121.5 115.3 114.4 113.9 112.9 110.2 106.3 104.4 102.5 102.7 110.1 116.6 117.1 109.5 102.8
200.3 212.7 225.4 239.3 252.9 262.1 270.3 277.5 282.9 283.3 285.9 293.6 300.1 299.3 299 297.3 291.3 278.7 266 258.4 256.2 256.9 261.2 266.2 268.8 269 268.6 269.2 271.2 273.8 277.6 285.5 296.3 307.2 317.8 321 323.8 324.4 318.2 308.8 304.9 301.9 300 292.2 280.7 270.9 266.4 260.9 253.4 238.1 221.6 209.8 205.2 198.4 194.3 192.2 190.2 186.2 181.3 177.7 172 163.5 159.4 156.4 148.4 142.5 132.8 127.7 124.8 119.7 115.3 113 112 110 108.4 104.1 102.7 102.1 102.4 109.7 114.8 114.6 108.1 102.7
207.3 220.7 234.2 246.6 257.1 267.2 273 277 281.3 285 290.5 292.9 292.8 295.4 295 291.6 283.5 276.1 259 255.1 254.4 256.3 260.5 264.4 265 265.2 266 270 274.1 278 282.4 291.5 304.3 315.2 320.8 327.4 329 323.5 311.9 308.6 306.8 303.3 298.9 289.5 279.6 269.8 267.4 261.3 251.5 237.7 223 213.4 203.6 196.5 192.9 192.2 190.6 186.3 184.6 178.5 172 165.4 159 156 151.4 144.5 138 135.3 130.1 121.5 115.6 111.4 109.8 109.9 105.4 102.4 102.2 101.9 101.9 108.2 112.1 111.7 106 103.6
212.4 226.4 239.3 250.4 259.3 267.6 271.7 276.3 280.7 287.4 287.3 288.2 293.6 295.5 291.8 284.2 276.6 268.5 257.1 250.8 253.3 256.1 260.2 262 261.8 262 266.8 272.4 277 281.5 288.2 300.9 311.1 319.7 329 329.6 324.9 315.2 309.9 306.5 305.8 301.2 294.7 284.7 276.6 270 266.1 260.8 252 237.8 223.3 212.7 203.5 198.2 193.8 192.8 191.3 188.9 185.1 177.6 171.2 166.3 157.5 154.4 151.7 146.9 145.8 143 135.3 121.4 114.7 111.6 109.4 107.5 103.1 102 102.3 101.9 102.1 105.9 108.7 108.5 104.8 103.4
217 228.8 240.1 249.7 258.7 265.4 269.7 275 280.7 284 284.8 289.6 294.4 295.1 288.9 282.6 275 268.9 259.8 249.8 251.4 255.5 258.6 258 257 262.1 267.1 273.3 279.4 286.5 298.2 308.1 316.9 324.2 326.1 322.3 315.2 307.8 306.9 301.9 299.3 294.9 287.6 281.2 276.1 268.9 266.1 262 254.4 239.8 224.7 217.3 209.5 202 196.4 194.1 191.1 187.9 183.8 176.3 170 166.9 155.8 150.9 149.8 147.9 151 147.3 138.9 127.9 117.5 112.4 109.2 105.3 103.3 102.6 102.4 102.9 102.2 103.1 105.3 105.9 102.9 102.5
219.8 229 238.5 247.5 256.3 260.8 267.7 273.2 277 279.3 283 289.5 291.2 290.6 289.2 286.6 278.4 269.8 258.7 249.6 246.5 252.8 254.9 251 258.4 261.9 266.9 274.5 284.9 296.6 306.1 313.8 320.5 319.3 318.3 314.8 305.4 302 300.6 295.9 292.7 287.8 283.5 278.4 274.9 270.6 267.3 262.9 255.2 242.7 230.4 225.3 215.4 208.5 200.7 192.4 188.8 185.1 181.4 176.2 168.5 167.6 160.6 150.5 144.2 144.6 150.8 146.9 138.2 130.2 119.8 112.5 108.8 104.2 102.6 102.3 105.7 107.2 103.5 102.2 102.5 102.5 101.7 101.9
219.2 226.7 236 245.4 253.1 257.6 263.6 267.2 272.7 276.1 282 286.7 287.3 287 289 287.7 280.4 270.7 258 248.2 240.5 248 244.4 253.2 256.8 260.4 268.9 280.9 292.3 302.1 311.7 312.7 312.8 311.1 309.4 303 295.1 294.2 292.1 287.3 285.6 283.1 279.1 277.3 274.6 270.4 267.3 263.2 256.9 246.7 237.4 230.6 222.9 213.3 202 190.3 184.9 182.8 181.7 178.3 169.2 165.4 160.1 149.2 141.1 137.9 146 143.3 136.7 130.2 121.1 113.9 109.1 103.9 102.3 102.9 108.5 111 107.2 102 101.3 101.3 101.2 101.3
214.8 222.8 231.6 239.9 246.5 251.7 255.3 261.1 266.9 272.4 278.3 283.6 285.3 288.2 289.5 285.6 279.9 271.4 257.6 245.9 237 240.9 245.8 250.3 254.2 261.5 273.2 286.9 298.7 307.1 309.5 305.4 304.8 302.2 297.9 291.7 285.6 284.9 282.5 280.7 280.3 278.7 276.3 276 272.6 269.2 267.4 264.2 259.7 251.7 243.5 235.4 224.9 212.3 202.5 189.6 183.9 182.1 182.1 176.5 168.1 162.4 158.1 148.9 140.9 133.7 138.5 136.9 133.1 131.9 125.2 117 111.1 105.3 102.6 104.5 111.2 114.2 108.4 101.9 101.1 101.4 101.2 101.2
206.9 214.6 222.9 230.2 237.7 242.8 245.9 254.5 260.5 267.5 275.6 282 286.3 290.1 288.3 284.1 279.3 271.1 257 243.4 234 234.6 239.7 245.3 252.8 264 277.7 290.9 300.7 306.2 301.9 297.7 295 290.9 286.2 281.9 278.8 276.9 275.5 275.4 275.2 275.1 274.1 273.8 271.1 269.7 268.1 265.4 261.8 254.2 246.5 233.9 224.6 211.1 201.2 191.8 183.1 179.4 180.1 174.9 167.8 162 156.8 149.8 138.7 129.5 130.5 129.8 128.5 133.4 127.5 119.9 113.6 108.8 103.2 104.8 112 115.3 108.9 102.2 103.3 104.9 103.1 101.3
198.4 205.4 212.9 221.6 228.6 230.5 239.8 248.7 256.2 265.4 274.6 281 287 289 287.4 284 279.5 271.6 258.2 242 231.8 231.7 231.6 240.4 253.9 267.3 281.3 290.3 296.7 297.1 292.3 287.7 285.1 283.9 281.1 277.5 275 272.4 271.4 271 271.2 272.4 274 273.9 271.4 269.7 268.4 265.7 262 253.3 242.7 232.2 222.2 212.4 202.1 190.4 183.8 178.4 176.6 172.7 165.7 160.9 156.6 150.6 138.4 128.1 125.2 121.8 126.7 134 129.4 121.2 115.2 110.3 105.3 105.1 112.1 114.8 108.3 103.3 107.1 107.5 104.1 102.3
202.4 209 215.1 220.9 227.4 233.8 239.8 246.6 253.4 264.4 272.9 279.6 285.8 287.5 287.6 283.9 278.9 269.3 256.9 239.9 230.4 229.2 229.1 238.2 254.7 268.2 279.4 285.8 289.6 288.4 282.9 280.9 280 278.4 276.6 275.5 272.7 268.3 267.3 267.8 269.5 273.6 275 274.4 272.3 270.4 268.6 264.3 258.8 248.5 237.9 228 220.6 213 201.6 191.4 184.8 179.9 174.5 170.7 164.5 159.4 156 149.8 138.8 128.1 123.4 121.5 125.6 133.2 131.2 126.7 121 113.6 108.8 105.5 109.4 112.6 107.6 105.1 110.4 109.8 104.6 101.7
204.4 209.9 215.4 221.3 228.7 234.7 239.8 245.1 251.8 262.9 270.5 277.7 283.2 284.2 284.6 281.1 276.4 265.6 253.1 239.2 232.1 227.3 227.9 237 252.2 266.1 274.6 279.7 280.1 278 276.1 275.5 274.8 272.4 272.4 272.2 269 265.6 263.7 266.2 271.4 274.6 275.5 274.9 273.1 270.7 266.3 260.7 253.2 244 233.4 224.7 218.1 210.7 200.7 191.6 185.4 180.6 175.6 169.6 163.9 160 156.5 150.4 140.9 129.4 123.6 121 122.4 129.7 130.8 129.7 122.9 116.3 110.3 105.2 105.7 108.1 106.8 108.5 112.3 110.5 105.3 101
201.8 207.8 214.8 222 229.1 234.8 238.4 243 250.5 259.6 267.5 275.4 279.4 280 279.8 277.7 271.3 260.7 250.6 239 231.9 227.1 227.1 235 248.9 259.7 266 269.5 270.6 269.6 269.4 268 267.6 264.9 267 265.8 262.9 260 261 266.6 273.2 275.7 276.8 276.2 274.1 271.3 265.4 258.8 250.1 240.5 229.8 221.3 215.4 207.4 197.7 191.2 184.8 179.8 173.9 168.8 164.2 161 157.1 151 144.1 133.8 123.9 120.2 119.2 122.3 124.8 129.8 126.3 118.5 111.5 105 102.2 102.7 104.2 108.1 111.4 108.9 104.4 102
201.7 209.9 216.9 222.9 229.2 234 237.4 241.9 249.2 257 265 272.6 275.5 276 275.2 272.6 267.3 256.8 247.9 236.3 229.6 225.8 228.2 234.1 244.9 255.6 261.7 264.9 263.6 261.2 260.3 258.3 257.9 257.3 258.6 256.8 250.6 256.6 262.5 268.1 274.4 279.3 279.8 278.5 275.4 270.5 264.2 257.3 248.9 236.7 226.6 218.6 211.7 202.8 195.7 188.9 186.2 180 173.7 168.9 165.5 164.5 160.3 153.2 144.8 136.4 126.2 121.1 118.5 118 119.5 125.4 127.4 118.3 110.8 105.3 99.3 97.4 98.6 103.2 106.2 104.8 101.8 102.3
203.9 208.1 208.6 214.4 222.7 232.8 239.3 243.6 249.4 256 263.2 268.6 271.8 271.9 270.9 268.9 264.5 253.1 243.9 232.1 225.9 226 230.6 240 247.7 254.2 260.7 260.5 256.3 252.5 250.5 248.3 247.4 248.2 248.4 244.7 248.5 257 264 272.2 279.4 284 283.9 279.7 274.4 268.3 260.4 254.8 246.3 234.8 224.6 216 207.8 202 198.9 196.2 191.3 182 174.2 169.8 168 167.3 161.6 154.9 146.8 138.1 131.7 125.7 120.3 116.9 117.8 122.6 127.4 116.9 108.9 103.1 97.9 95.3 96.1 96.9 98.3 99 100.9 102
214 221.1 224.5 229.9 234 240 242.7 246.2 250.7 255.8 261.8 266.5 269.1 269.1 268.5 267 259.8 249.5 238.2 229.2 222.5 226.3 233.4 241.5 247.8 252.7 256.1 252.2 247.6 243.1 240.9 236.7 238.3 238.5 236.6 239.9 251.1 260.4 270.3 281.6 286.4 288.9 287.5 281.5 273.9 266.5 259.3 252 243.3 233.1 225.9 220.9 212.6 205.6 203.6 200.9 192.8 182.9 174.9 170.1 169.9 170.8 163.6 155.1 148.2 139.9 132.5 128.6 120.2 116.9 116.1 119.8 123.9 117.3 106 100.5 96.1 94.8 95.2 94.7 94.6 94.9 97 101.8
220 224.4 231.1 238.6 244.6 246.3 248.4 249.6 253.5 257.9 261.6 264.9 266.7 266.8 266.3 263.8 256.6 246.9 235.7 228 220 223.4 230.7 239 243.7 247.5 246.1 242 238.3 232.9 228.7 226.6 227.8 225.9 232 243.5 254.8 266.5 280.6 289.6 293 294.9 292.4 285.3 276.5 268.8 258.3 250 241 233.8 229.3 223 215.7 207.9 209 205.8 197.7 190 177.9 169.6 173.9 175.2 168.9 157.5 150.3 144.3 136.3 130.4 122.9 118.6 116.4 115 119.2 112.7 102.4 96.6 95.8 95.1 95.1 94.8 94.6 94.9 97.2 100.4
226.3 234.2 241.3 248.2 250.8 252.3 254 254.3 257.1 260 262.7 264.2 264.3 263.7 262.7 259 252.4 243.6 234.3 227 220 217.7 223.3 231.3 237.1 240.4 237 232.4 228.4 219.5 218.8 218.2 218.4 222.7 236.6 249.1 261.7 276.2 288.2 294.7 298.2 299 295.4 288.5 280.6 272.2 260.9 251.8 244.5 241 234.9 225.7 217.7 209.1 210.6 210.8 203.6 195.4 185.6 175.2 178.7 178.6 171.5 163.2 155.2 148 141 134.9 128.8 123.7 117.9 112.6 115.1 108.8 99.6 97.3 96.6 95.4 95.4 95.2 94.9 95.9 98 100.1
237.9 245.8 252 256.2 258.1 257.8 258.8 259.2 261.2 263 264.1 263.3 262.2 260.3 257.9 254.4 248.3 241.6 234 228.4 222.3 220.6 215.2 223 229.4 232.2 229.3 223.8 217.1 211.1 210.9 212.7 215.1 225.9 241.3 256.5 271.6 284.6 292.5 298.3 301.7 301.2 297.1 289.9 282 272.7 262.2 254.9 249.8 246.4 238.9 228.7 219.6 211.8 209.2 210.9 207.6 198.4 188.7 180.4 180.5 179.8 177.6 170.6 160.5 153.4 147.9 142.3 135.2 124.6 117.4 112.2 109.2 106.9 100.6 97.7 96.9 95.5 94.8 94.8 95.1 96 98.5 101.6
243.9 252.6 258.3 262.3 264.3 264.4 264.5 264.9 265.3 266.3 266.2 264.3 262.7 258 253.5 249.9 242.6 237.7 233.2 228.5 224.4 221.8 215.2 216.1 220.9 223.2 220.2 215.3 209.6 208.5 210 211.6 217.7 233.2 249.3 264.7 278.5 287.4 294.4 301.6 303.5 302 298.4 291.5 283.1 274.3 265.6 258.4 252.3 248.5 240.5 229.2 219.5 213 208.2 207.4 207.3 199.5 189.2 181.3 178.7 176.7 177.4 173.2 163.1 158.3 152.3 145.4 138.3 127.1 120.1 114 107.8 103.5 100.6 98.7 97.2 95.4 94.7 94.6 95.1 95.3 99.1 103
253.6 261.7 265.7 267.8 269.8 270.7 271.3 270.5 269.9 269.7 269 267 264.4 258.5 254.3 249.6 244.2 237.9 232.4 228.3 224.2 219.3 216.8 211.6 212.6 214.2 211.9 209.1 207.2 207.1 208.2 212 224 239.6 256 269.2 279.5 288.3 295.8 301.9 302.4 303.6 300.4 294 286.2 278 269.1 260.7 253.8 248.2 241.3 231.3 220.5 212.5 205.8 202.7 203.2 197.5 188.1 177.6 173.8 172 172.6 172.2 165.4 160.5 155.1 146.8 139.3 129.1 121.6 114.1 109.2 105.1 102 99.5 97.8 96.1 95.1 94.7 95 95.1 99.4 102
265.6 272.9 277.6 278.6 278.2 277.7 277.9 276.7 275.5 274 272.3 270 267.2 262.7 258.1 251.9 246.8 241.2 235.4 230.2 225.9 221.4 215.9 211.2 209.7 209.3 207.7 206.2 205.8 206.4 207.9 215.7 229.6 244.4 258.9 269.6 279.8 289.3 295.5 298.7 301 304.3 301.8 294.5 286.2 278.6 271 262.3 255.5 246.8 239.8 231.9 224.5 210.2 203.2 200.4 197.5 193.6 189.1 184.9 174.6 173.6 172.6 169.8 166.5 160.5 154.5 146.5 139.4 126.1 119.1 114 109.6 106.9 102.9 99.8 97.3 96.6 96 95.4 94.8 96 98.9 101.9
275.8 282.5 287.1 288.1 288.4 286.9 284.9 283.5 282 279.5 276.8 274.1 271.8 266.2 261.5 255.9 251.2 247.4 241.6 234.2 228.6 223.1 217 209.8 208.6 208.1 207 205.7 205.2 206.1 208.7 220.2 233.6 247.2 260.6 269.8 279.1 289.6 293.1 294.8 299.7 301.1 298.2 291.6 283.5 277 272 266.8 260.1 248.5 238.4 231.2 223.5 211.5 207.2 202.6 197.7 194.9 191.9 188.5 186.6 180.4 181.6 176.4 169.7 161.9 155.4 148.7 137.6 126.6 120.6 116.7 111.5 108.1 103.8 100.1 97.9 99.1 100.8 98.8 94.7 95.2 98.4 101.2
283.7 290.2 294.7 296.4 296.1 294.6 291.3 289.2 287.8 285.5 282.6 280.4 278.1 273.2 267.7 262.6 258.6 253.5 247.3 241.6 234.3 226.6 218.6 211.7 207.7 207.4 206.4 205.4 205 206 211.3 222.4 235.8 248.3 258.9 269 278.7 286.2 286.9 290.1 293.1 293.3 290.8 284.9 278.3 276 273.7 269.6 262.2 251.8 239 229.7 223.5 216.2 213.3 209.5 200.6 197.1 195.3 197.1 196.7 195.1 189.3 184.6 175 161 153.7 147.3 138.7 131.3 123.8 119.4 112.8 109.1 105.8 102.3 101.2 104.9 106.2 100.4 94.8 94.9 96.6 98.8
290.3 295.9 300.3 303 301.5 299.5 295.5 293.6 292.5 290.4 288.9 287.9 285.7 282.9 279.2 274.5 269.9 263.4 256 248.6 239.6 232.2 222.2 212 207.8 206.9 205.8 205.1 205.1 206.4 213.2 224.6 235.7 247.7 257.4 266.6 275.5 279.4 280.7 283.9 285.6 284.8 282.3 277.6 275.3 275.4 273.6 268.7 262.6 253.7 240.7 229.6 223.8 220.2 217.9 215.1 207.6 200.3 200.5 201.3 205.1 201.8 201.2 192.4 176.2 160.3 154 149.6 142.8 135.9 129.6 123.5 116.4 111.2 106.3 102.9 102.2 107.6 108.2 99.8 94.9 94.8 96.4 98.9
296.3 300.4 303.6 305.8 305.2 301.6 297.3 297.8 296.1 295.3 294.4 293.4 291.8 289.2 285.9 280.1 276.4 268.4 261.2 251.9 241.6 234.2 223.1 211.5 206.9 206 205.1 205 204.9 206.8 213.4 222.9 236.8 248.7 256.6 264.5 270.8 272.8 275.4 276.9 278.4 277.3 274.9 272.7 273.8 274.2 271.3 266.1 261.4 252.4 240.8 231.5 228.1 225.6 222.3 218.8 214.1 203.9 201.5 201.5 206.8 209 207.1 196.2 179.9 162.6 154.1 151.4 145.8 139.9 134.4 127.2 120.9 113.6 106.6 103.2 102.5 106.8 105.8 97.3 96.2 99.4 100.5 102.8
299 303.2 307 308.5 305.6 304.1 303.1 302.5 301.3 299.5 298.4 298.2 297.3 295.2 289.9 282.3 278.1 270.4 262 251.8 242.2 233.1 222.1 212.1 205.7 205.1 204.8 204.5 204.6 207.3 216.2 227.3 239.2 248.2 255.3 261.8 265.1 266.8 268.9 270.2 271.2 270.3 269.2 271.4 272.9 270.5 267 263.5 259.3 249.4 241 234.1 231.4 229.1 227 222.9 217.2 207.9 202.6 206 210.5 214.5 208.6 198.1 182.5 165.1 156.5 153.8 147.9 140.9 134.6 129.8 125.2 115.7 108 101.8 101.7 106.1 101.9 95.2 101.1 104.8 108 109.1
300.8 306.6 306.6 305.9 306.5 308.5 307.7 306.7 304.5 302 300.8 299.9 297.8 295.8 290.2 283.9 270.6 268.9 263.6 251 241.2 230.3 219.5 212.1 205.6 204.8 204.6 204.5 204.6 205.5 212.4 225.8 237.4 245.8 252 259.4 260 261.3 262.8 263.1 263.4 263.7 266.5 268 266.8 265.1 263.5 260 252.9 243.4 239 235 233.5 232.1 231.1 227.3 220.2 210.3 209 209.8 213.5 215.1 208.5 199.2 186.5 176.3 163.4 156.3 151.1 145.9 139.2 133.8 125.1 114.8 110.8 103.3 101.4 100.9 94.9 100.1 105.3 108.5 113.1 114.5
