UK/data/sk/sk15_OST50GRID_20230518/SK15.asc
ncols 200
nrows 200
xllcorner 410000
yllcorner 350000
cellsize 50
[rows 35 to 69 of 200, columns 0 to 77 of 200]
320.8 305.8 289.7 280.4 266.7 253 241.4 235.7 236.7 242 247.4 253.5 262.9 270 278.8 280.6 282.1 281.7 280.2 277.6 278.2 276.9 275.5 274.4 272.7 272.3 271.1 269.7 268.4 266.8 264.3 261.4 258.9 257.1 254.8 252.1 249.2 245.8 242.3 238.5 232.7 237.3 235.9 233.9 232 230.4 228.8 227.3 225.2 223.5 222.1 220.2 218.4 216.6 214.1 211.5 219.9 234.6 249 255.7 258.4 249 222.3 206.1 232.9 257.1 266.5 272.5 279.9 295.4 316.8 335.9 350.2 363 371.3 374.6 374.4 372.5
330.5 313 297.8 288.7 275.5 258.9 247.9 241.5 239.5 240.6 246.2 252.5 260.4 269.9 279.2 283.2 284.7 284.3 283.8 281.7 280.5 280.1 279 277.9 275.6 274.9 274.2 272.1 269.7 267.9 265.5 262.6 259.8 257.3 254.9 253.2 250.8 248 241.9 237.2 239.7 240.2 237.7 235.4 233 231.4 229.3 227.2 225.2 223.4 221.8 220 218.1 216.3 213.1 213.4 224.4 236.7 251.1 257.5 259.5 259.1 245.5 214.2 212.6 250.7 268.7 274.5 280.6 288.2 303.4 321 338.8 351 359.2 365.6 367.8 367
340 321.7 305.4 297.3 285.9 268.7 256.1 247.9 241.3 240.2 246.7 252.9 259.3 268 278.3 286 287.3 287.2 286.7 285.4 284.2 283 281.7 280.3 278.3 277.4 276.8 274.3 271.5 268.9 266.4 263.9 261.4 258.7 254.9 249.7 247.6 244.8 243.6 241.6 243 242.1 239.5 236.5 233.4 231.3 229.2 227.1 225.2 223.4 221.2 219 216.8 214.2 214 219 228.7 240.5 256.7 262 270.3 270.7 260.7 230.2 204.5 229.7 251.6 266.1 279.6 288.6 300.4 308.8 323.6 335.9 346.3 355.4 359.8 360.8
352.5 334.5 313.4 303.5 293.7 276.3 264.4 254.6 247.4 241.8 247.1 252.6 258 266.4 275.7 284.5 288.9 290.3 287.3 286.9 286.6 285.4 284 282.7 281 279.8 279.1 277 274.5 271.7 269.1 266.3 263 261 255.8 254.3 251.5 251.5 250.5 246.8 243.8 241.5 239 236 233.1 231.1 228.7 224.8 223.2 221.7 219.6 217.7 216.3 216.2 218.3 222.2 231.1 239.4 262 279 279.9 277.5 273.7 240.6 209.8 209.9 235.2 260.9 280.6 290.7 299.4 306.4 313.7 321.4 332.7 343.3 352.6 354.6
361.3 346.3 327.5 311.3 302 285.2 270 259.9 251.9 245.3 246.7 252.8 257.6 264.3 271.6 278.5 283.4 289.1 288.1 288.1 288.1 287.8 286.4 285.1 283.7 282.5 281.4 279.3 277.1 274.7 272.1 269.5 266.7 263.3 261.2 258.6 255.3 254.5 253.1 249.3 244.2 240.2 237.4 235 232.2 228.6 226.4 225.5 225.6 224.2 222.9 222.2 220.5 217.8 218.4 225.7 234 245 261.1 279.6 284.7 284.9 280 256.8 228.7 203.4 215.9 245.7 277.4 292.4 299 304.6 310.5 315.7 323.8 332.4 342.7 348.4
363.8 355.5 341.2 321.3 309 293.9 274.2 264 255.7 248.5 248.4 253.6 257.9 263.7 270.5 276.1 280.6 284.4 289.7 291.4 292.3 290.9 289.2 287.5 286.4 285.2 284.1 281.9 279.9 277.4 274.5 271.8 268.4 266.7 264.2 262 259.6 257.9 253.2 247.2 244.3 240.7 237.5 235.8 234.2 230.3 228.8 230.6 231.2 228.5 226 223.9 221.2 218.9 222.8 229.4 238.5 250.2 267.4 278.1 282.2 284.3 282.9 271.9 253.2 225.7 203.3 227.9 262.9 292.7 302.8 307.5 309.8 312.9 317.6 324.6 334 339.2
360.3 355.6 349.2 331.8 316.3 301.9 280.1 268.5 260.3 253.5 248.5 255.5 259.3 263 267 273.3 278.4 283.1 288.6 294.5 295.3 294 291.9 289.9 289.3 288 286.8 284.6 282.3 278.8 275.3 272.1 270.7 269.3 267.2 265 262.3 254.5 251.2 246.9 242.9 240.6 239 237.6 235.9 231.1 235.6 234.4 232.8 230.3 227.5 224.2 221.2 220 228 234.8 249.1 260.5 271.1 277.7 280.6 282.4 279.7 274.9 258.8 239.1 207.8 213.7 248.1 284.7 304 309.4 310.8 312.1 314.7 319.9 324 331
356 354.4 352.3 340.1 324 309.7 288.1 274.5 266 259.5 254 251.4 257.6 262.9 267.9 275.5 278 283.9 287.5 293.1 297.8 296.3 294.2 292.3 292.4 291 288.9 285.2 281.8 278.8 276.5 273.2 270.8 269.5 267.9 265 260 254.6 250.7 248 245.2 241.8 240.1 238.8 237.2 232.6 236.5 235.2 233 230.7 227.4 222.8 220.2 226.4 234.5 249.9 265.2 271.9 276.1 278.8 281.4 282.2 281.1 276.4 261 243 214.3 204.8 239.3 275.9 305.5 312.7 313.2 313.4 314.5 316.4 318.9 325.1
351.7 352.1 353.2 345.1 328.4 316.8 297 280.5 273.2 265.9 261.7 256.9 261.7 264.5 268.8 276 281.1 284.4 289.3 294.8 299.5 298.8 296.6 294.8 295.2 293 288.8 285.1 282.5 280.4 277.8 274.7 271.7 269.5 267.7 263.4 260.2 257 253.4 250.5 247.3 243.4 241.1 239.8 237.3 234.1 236.7 234.6 232.4 230.2 226.9 223.5 226.4 232.7 251.4 266.3 272.5 277.3 279.7 282.6 285.7 286.9 286.7 284.1 271.2 247.6 217.7 201.4 234 269.7 301.7 314.4 315.3 315.6 315.7 315.5 316.6 319
348.5 349.3 350.4 345.9 333.1 323.2 304.8 289.6 279.8 272.3 267.4 263.4 265.2 268.9 274.3 279.9 284.9 288.7 291.1 295.3 300.9 301 298.8 296.8 294.8 292.8 289.4 286.7 284 281.9 279.1 276.1 273.2 270.3 267.4 264.3 261.6 258.5 256 253 249.3 245.5 242.1 240.5 237 237.8 236.2 234 231.8 229.7 226.2 223.5 231.6 241 263.8 270.2 275.5 280 283.7 286.9 290 291.8 292.5 290.4 279.6 251.2 221 201.1 229.2 263.2 294.8 311.7 317.4 318.1 317.5 316.5 315.2 315.8
341.9 344.3 346.3 342.2 335.7 326.8 310.9 295.5 286.8 279.2 273.4 269.9 271.3 275.3 278.1 285.8 289.9 292.7 295.1 296.8 302.4 302.9 300.8 299 297 295.1 292.1 289.3 286.6 283.1 280.4 277.5 274.3 271 268.1 265.2 262.8 260 257.2 254.1 250.9 247.5 243.6 239.9 240.5 239.4 236.4 233.6 231.4 228.6 227 227.4 234.1 242.5 263.6 270.5 278 283.1 288.4 292.8 295.6 296.9 296.8 294.4 285 255.9 226.3 201 222.9 258.1 286 301.8 316 320.5 319.8 318.5 316.6 313.6
336.2 338.1 341.6 341.5 338.2 330.8 316.9 300.7 293.1 287.3 281.1 275.8 277.9 281.3 284.8 291.5 295.9 298.3 298.9 301 303.8 304.8 303 301.2 299.3 297.8 295 292.2 285.6 283.2 279.7 276.9 274.4 271.2 268.5 265.6 263 259.8 256.8 251.9 250 246.8 243.2 241.5 242 239.1 236.4 233.5 230.4 228.6 228.5 229.9 237.2 247.5 261.7 271.3 280.7 288.5 294.8 299.3 300.9 302.1 301 298.2 290.8 261.2 231.9 202.7 216.3 250.8 274.4 292.9 308.6 320.5 321.5 321.5 318.5 315.4
329.4 332 336.1 338.4 339 335.2 321.7 306.2 296.2 290.6 285.3 280.9 281.7 285.3 290.6 294.9 300.9 303 302.6 302.7 305.7 306.5 305.3 303.4 301.8 300.3 297.1 291.2 283.9 283.7 278.7 275.2 273 270.2 267.9 263 258.7 255.5 252.8 249.4 247.6 246.7 246.1 244.8 241.3 236.7 233.4 232.3 234.1 234.8 235.1 233.7 234.8 250.3 261 273.6 284.6 292.8 298.9 304.9 306.8 307.4 304.5 300.8 296.7 269.6 239.2 209.9 208.3 235.7 256.1 275.8 293.8 312.4 322.3 325.9 324.1 317.6
325.3 325.9 330.7 335.8 340.1 340.6 325.6 307.9 298.3 291.2 285 281.1 281.8 286.7 290.9 295.5 302.1 305.1 304.7 305.4 307.6 308.1 307.5 306.2 304 301.4 295.5 290.8 289.3 285.4 281 277.4 272.7 267.7 264.6 262.4 263.3 258.8 257.3 256.2 255 251.9 247.5 242.2 238.1 239.2 241.1 241.7 243.1 241.6 241.7 241.1 241.7 251.8 265 278 289.8 296.5 302.7 309.1 312.2 311.3 307.9 303.6 297.7 282.9 253.1 222.1 200.7 215.3 233.8 252.7 272.2 291.5 308.8 322.1 327 320.2
320.7 321.1 324.9 331.6 339.2 339.5 327.3 306.5 295.8 287.2 282.3 278.1 278.1 283.8 289.3 293.3 300.5 305.1 306.2 306.4 308.5 310 309.5 307.9 304.1 300.3 295.7 293.9 291.7 288.8 284.1 281.3 276.1 272.4 268.4 268.2 265.1 261.9 261.6 260.4 256 248.7 242.1 245.1 246.6 250.1 250.1 251 249.9 248.8 248.5 251.6 252.1 245.5 269.7 284 295.2 301.4 307.4 313.9 316.8 316.7 312.9 308.1 300.6 293.9 271 240.3 212.6 201.2 208.4 225 243.1 261.8 282.5 301.2 320.5 324.1
318.4 317.9 320.1 327 334.5 337.9 328.9 306.4 292.3 284.1 278.9 274.7 274.6 280.2 285.9 291.3 296.8 302.5 306.4 306.4 308.5 310.9 310.1 306.3 303.1 301.7 298.9 296.5 294.4 290.9 286.9 282.6 279.9 277.5 275.4 273.1 270.8 266.9 263.9 257.3 250.6 247.9 254.5 259.4 266.2 271.4 278.2 268.4 258.5 258.2 258.6 267 267.6 249.2 265.9 285.5 299.1 307.4 313.7 318.3 321.1 321.8 319.2 313.9 306.3 298.6 291.3 265.5 240.2 223.5 203.9 198.8 209.2 232.3 256.2 277.1 295.9 316.1
316.9 315.8 316.4 321.4 328.6 333 329 306.2 288.8 280.6 275.4 270.7 270.3 276 282.4 287.4 291.9 298 304.3 305.9 306.6 308.6 310.1 307.7 305.5 302.7 301.1 298.3 291.9 286.9 282.6 280.3 279 277.2 273.9 269 265.2 261.7 255.5 254 258.7 263.4 274.6 286.6 299.3 302 308.3 299.4 275.5 269.9 277.3 279.5 277.6 265.4 258.4 282.4 302.3 311.5 319.5 322.8 325.4 326.7 325.6 318.4 310.7 303.8 297.7 288.9 274.5 256.8 241.9 223.3 202.4 203.8 228.5 250.3 271.9 298.2
315.5 313 315.5 319.8 324.3 327.6 326.8 305.8 286 277.7 270.5 265.4 267.6 273.8 278.9 283.5 287.2 293.1 299 302.7 305.9 308.7 310.9 310.5 307.7 304.7 300.6 294.3 289.3 284 281.6 275.4 272.2 268.8 266.4 261.8 258.5 260.4 264.3 266.7 273.7 284.5 298.1 305.9 318.7 328.3 332.1 326.2 308.6 288.5 286.7 286.7 282.3 276.8 255 278.6 296 313.5 323.9 327.4 329.7 331 330.9 326.5 318.7 311.4 304.7 298.2 284.7 277.1 268.9 249.6 229.8 205.1 200.8 223.7 248.2 276.2
314.5 312.1 317.4 323.6 326.6 325.3 322.4 303.6 283.8 274.6 267.2 262 265.5 269 273.7 278.3 282.1 285.6 291.6 301.6 305.6 307.9 308.5 308 303.8 299.5 295.6 292.2 287 281.7 278.1 276 271.2 264.9 264.9 266.8 269.7 273.8 280.5 290.7 297.3 308.2 310.6 320.4 333.6 344.2 351.7 348.4 333.4 313.8 296.9 288.8 283.1 276.1 257.6 278.3 291.1 310.5 325.7 331.5 334.1 336.4 336.6 334.7 329 319.1 312.1 305.2 294.7 279.9 273.6 260 244.6 229.9 206.8 199.6 225 255.3
316.4 310.8 318.2 324.7 327.3 322.8 313.4 297.8 282.1 272.5 263.5 260.7 263 265.4 269.2 273.8 276.2 281.7 287.2 295.8 301.1 302 301.1 299.1 297 295.5 292.6 290.7 285.6 279.9 274.1 272.2 266.9 270.2 274.1 281.3 293.3 300.4 308.1 310.1 313.8 318.4 321.9 335.7 348.1 356.7 363.3 366.8 349.4 330.3 311.9 294.7 283.6 272.5 260.8 272.6 286.8 306.2 325.2 333.8 341 344.8 343.7 342.5 339.3 329 319.2 312.4 302.5 288.9 276.1 264.8 250.5 242.7 224.8 200.8 204 235.4
318.5 309.3 317.7 325.6 325.3 319.6 307.9 291.8 280.2 270.6 261.4 257.4 260 263 266.9 269.1 271.1 275.9 282 286.2 289 290 291.3 291.6 292.7 292.4 290.2 287.6 285.9 284 280.7 277.8 274.7 276.8 281.1 300.2 315.8 323.5 324.7 323.1 322.1 323.6 328.3 342.2 354.8 361.1 366.3 363.4 357.5 335.8 325.1 307.4 288.1 270.5 262.7 267.2 283.5 300.2 320.3 333.4 342.7 350.8 356.5 354.1 348.2 341.9 327.6 318.1 311.1 298.6 283.7 272.7 260.9 250.4 236.4 214.5 197.1 217.4
318.1 306.8 316.2 323.5 324.8 314.9 302.1 286.7 276.6 268.9 260.5 254.7 257.4 260.5 264 265.4 267.2 272.4 276.6 280.7 284.1 284.7 286.9 287.8 289.2 288.9 288.2 288 290.2 288.3 285.2 282.5 281.4 283.3 289.7 308.6 324.4 333.7 332.3 329.5 327.7 328.4 332.6 340.7 351.6 355.7 357.2 356.2 348.8 337.7 327.6 315.2 294.9 272.2 265.3 267.4 281.7 295.1 309 326.6 340.6 349.9 357.2 362.1 356.5 349 335 323.5 317.8 307.2 292.6 280.1 271.1 261 246.9 225.9 202.6 202.9
312.3 303.3 317.6 325.3 327.4 311.1 297.9 282.9 273.2 266.2 258.2 251.6 256 258 260.4 260.8 261.4 265.6 269.1 275.6 278.3 279.8 282.6 283.9 284.5 285.6 287.3 289.5 294.1 305.7 300.1 294.1 288.3 291.7 295.3 308.7 321.6 329.5 334.4 330.6 326.9 329.3 334 338.9 344.3 346.9 348 346.2 340.8 334 327.3 319.1 301.6 279.9 268 268.6 278.3 293.4 304.1 313.8 331.8 344.8 352.8 358.4 361.2 352.4 340.5 326.9 320.5 312.8 301.2 286.8 278.4 271.2 261.1 240.6 214.4 198.3
299.1 310.2 323.2 331.2 332.6 309.3 292.3 278.2 269.8 262.7 256.2 250 253.8 255.4 255.8 254.7 258.2 259 265.7 269.3 270.6 275.8 279.1 279.8 280.4 281.1 284 288.4 293.4 313.3 317.4 310.3 305.1 298.3 299.2 307.4 317.6 326.7 331.1 327 324.3 323.5 328.1 332.7 335.1 337.1 336.9 336.2 332.7 327.2 324.5 319.6 308 290.4 272.8 269.4 275.4 291 302.8 310 319.7 336.3 346.7 352.5 355.7 353.5 344.4 329.1 322.4 315.6 306.4 293.3 283.4 278.6 274.2 257.6 230.2 197.5
302.4 319.1 331.7 342.1 329.4 305.3 287.1 275.3 266.5 260 254.3 248.2 250.7 247.7 249.4 251.2 252.5 259 260.4 266.1 271.6 274.2 275.8 276 276.3 278.5 282.4 286.2 289.2 310.1 318.8 316.1 311.9 306.5 301.9 304.9 314.6 327 329.5 323.3 319.7 318.2 320.4 324.3 327.2 328 327.8 325.5 323.8 322.8 321.1 319.2 313.8 302.6 282.7 272 273.9 284.9 298.8 306.7 314.5 323.5 337.3 344.2 350 349.8 345.2 332.8 323.3 316.7 309 299.7 286.9 283.7 279.4 265.1 228.8 227.7
305.8 323.5 340.7 343.2 321 303.2 282.6 272.2 263.7 257.8 252.3 245.1 245.1 252.2 255.9 257.6 254.5 255.8 260.6 265.1 268.6 270.8 273 273.4 274.2 277.9 281.8 285.3 289.3 299.5 303.9 304.4 303.7 302.1 300.4 302 304.9 313 318.8 317.4 315 313.3 314.8 317.1 319.7 320.9 321.5 321 320.1 319.5 318.2 316.6 313.1 308.1 295.2 276.2 274.9 279.6 291.4 300.4 307.1 312.8 321.8 335.3 342.7 345 342.4 334.8 324.7 316.9 309.7 300.9 290 285.3 281 253.3 225 246.9
304.6 324.8 343.7 333.6 315.8 299.9 279.3 269.4 261.5 255.3 249.4 243.5 249.4 254.1 256.8 259 262.7 261.8 257.8 260.8 262.3 263.3 267.3 270.4 274.4 277.2 281.1 285.2 289.5 292.5 296.6 297.4 296.9 296.5 296.9 297.5 300.3 302.8 307.9 310 310.1 308.3 309.8 311.9 314.1 317.1 318.5 318.5 317.9 316.9 316.2 314.1 311.5 308.4 299.6 285.6 278.9 280.8 288.7 296.5 300.4 307.4 313.5 320.5 332.8 336.7 335.9 332 324.4 315 308.8 301.9 292.6 287 276.5 246.3 240.3 267.3
302.3 320.6 337.1 323 308.9 296.5 277.1 266 259.2 252.6 245.8 244.5 248.7 253.8 259.5 263.6 267 269.9 270.5 271.4 271.9 274.4 279.2 283.9 285.7 284.4 282.7 287.8 293.2 294.1 295.2 295.5 294 293.4 293.6 294.9 296.3 299.2 301.6 304 304.5 304.3 305.3 308.7 311.5 313.5 315.2 315.5 315.7 315.5 315.4 314.1 311.8 310.2 306.3 298.9 285.8 286.8 295.2 302.1 303.9 305.2 309.5 313.1 319.4 328.1 328.8 326.1 321.4 312.1 306 300.1 293 286.9 273.9 245.4 255 279.9
304.2 317 326.7 314.4 304.3 291.3 275.8 264.3 257.2 250.7 244.5 243.4 249.4 253.7 259.7 266.5 272 279.2 285.4 288.3 292.4 298.4 305.2 309 307.8 299.6 292.9 292 294.6 294.9 294.5 294 292.9 291.3 290.9 292.3 293.6 294.6 296.5 297.7 299.5 301 303.8 306.9 309 311.2 313.2 313.9 314.7 314.6 314.5 314.5 314 313.6 311.5 306.4 298.2 295.5 299.5 304.7 308.1 307 308.3 311.6 314.9 317.5 322.3 321.3 317.8 311 303.7 297.6 292.2 285.8 272.8 248.6 270.5 289.8
307.7 317.3 318.8 309.1 298.7 287.4 274.1 263.3 255.3 248.9 240.5 245.4 250.1 252.5 259.5 266.4 274.5 285.8 296.2 302.8 306.6 314.8 318.8 319 320.5 316.7 304.9 296.9 295.3 295.2 293.7 292.5 291.5 290 288.4 289.6 290.8 293.3 293.2 295.5 297.2 300.9 303.8 306 308.2 309.3 311.6 312.7 313.5 313.8 313.8 313.8 313.6 313.6 312.7 311.3 308.4 307.5 306.9 308.1 310.6 309.8 308.4 309.5 312.2 314.4 315.7 316.9 315.4 310.1 304.1 297.9 290.9 281 273.8 262.3 281.8 291.7
315.6 315.8 310.2 302.4 293.4 283.6 272.5 262.4 253.7 245.7 240.4 247.9 250.2 252.1 259.4 267 275.4 285.6 295.6 306.5 314.5 325 328.9 329.4 338.2 335.1 322.7 305.4 297.1 293.5 292.6 291.7 289.5 287.8 286.6 286.8 288.2 290.9 290.9 294.7 297.4 300.3 302.8 305 307.3 309 310.4 311.5 312.4 313.1 313.2 312.9 312.5 313 313 314.6 315.6 316.4 315.8 315 314.1 312 310.6 308.9 308.6 311.6 312.7 313.8 312.1 310 305 298.7 291.5 282.8 276.5 272 283.2 289.9
313.7 303.1 298.4 292.2 286.2 279.1 270.4 260.7 250.7 240.1 245.8 252.5 256.3 254.8 259.8 267.2 276.2 284.8 294.8 309.3 322.8 333.6 336.5 344.3 356.3 359 340.7 318.9 298.5 292 290.4 289.4 288.2 286.1 284.9 285.5 286.3 289.5 291.9 294.5 296.8 299.5 301.9 304.1 306.3 307.7 309 310 310.8 311 312.4 312 311.7 310.7 312.8 314.8 319.5 322.5 323.9 322.5 317.9 315.6 312.6 310.5 312.2 312 311.6 312.6 310.3 308.1 305.3 300.5 295.1 288.4 284 278.5 280 286.4
303.3 291.4 285 279.7 278 272.4 265.9 256.3 244.8 240.4 250 254.8 258.5 259 261.2 267.2 275.6 284.5 296.6 312.1 327 338.3 348.6 358.6 366.1 370.7 353.5 328.7 304.5 291.4 288.2 287 285.8 284.6 283.1 282.1 285.4 288.5 291.1 293.8 296.4 298.9 301 303.2 305.2 306.4 307.4 308.3 309 310.9 313.1 311.4 309.2 308.3 310.3 314.5 320.1 330.3 332.5 327.8 322.3 319.4 316.4 313.3 313 312.3 311.7 311.5 309.1 306.3 303.2 299.2 297.8 293.7 289.6 284 281.6 283.5
290.5 276.9 266 264.1 265.3 263.4 255.5 244.9 233.5 240.2 246.7 252.6 257.4 260.5 263.6 269.2 276.5 286.4 298.5 313.2 330.5 343.7 351.9 358.9 366 369.7 356.8 331.5 308.5 290.2 285.9 284.3 283.1 281.8 280.9 280.3 283.4 285.2 289.5 292.4 295.3 297.8 299.9 302.1 304.1 305.2 305.4 305.7 306.5 308.8 310 310 307.5 304.6 307.4 312.3 320 330.9 334.9 331.4 326.8 323.2 319.9 316.6 314.4 313 312.3 311.6 310 308 305.4 302.6 299 296.4 291.4 288.3 285.8 285.5
275.7 259.6 249.1 245.2 244.2 243.8 238.2 232.8 247.4 260.2 267.3 269 263.5 263.7 265.8 271.4 278.4 289.7 301.8 315.6 331 343.9 350.5 354.3 360.9 363.4 355.3 329.6 307.6 289.2 284 281.3 280 278.9 277.8 279.3 282.8 285.4 288.9 291.4 294 296.4 298.5 300.6 303 304.2 303.5 303.4 303.4 304.9 305.7 306.3 304.9 302 304.4 309.7 319.2 327.3 331.6 329.2 327.6 325.5 322.6 319.6 317.1 315.2 313 312.1 310.4 308.4 306.1 303.9 301.4 298.5 295.4 292 290 288.2
