UK/data/nr/nr35_OST50GRID_20230518/NR35.asc
ncols 200
nrows 200
xllcorner 130000
yllcorner 650000
cellsize 50
[rows 111 to 147 of 200, columns 0 to 83 of 200]
-0.1 -0.1 -0.1 -0.1 0.5 1.1 3.3 10.6 9.1 7.6 11.4 9.4 8.7 9.7 7.8 8.7 8.6 10.6 8.6 8.2 8 8.2 8.9 9.9 10.2 10.4 10.3 10.5 10.7 10.8 11.1 11.2 11.9 11.7 12.9 13.9 15.8 16.3 17.4 18.5 19.4 20.3 20.8 20.5 20.7 20.5 20.6 21.4 24 26.1 25.7 25.7 26.5 27.1 27.9 28.6 29.1 29.9 30.5 30.7 31.6 31.7 32.1 32.7 33.6 34.4 35.2 37 38.2 39.5 40.8 42.8 43.9 44.5 45.1 46.7 47.9 47.9 47.9 48.1 48.4 48.8 49.1 49.1
-0.1 -0.1 -0.1 -0.1 -0.1 0.6 1.7 8 10.2 7.9 10.7 11.5 8 8.8 7.7 7.1 7.8 10.7 9 8.5 8 8.3 8.6 9.1 9.9 9.8 10 10.2 10.4 10.6 10.8 11.2 11.4 12.3 13.8 15 15.7 16.5 17.3 18.1 19 20.1 20.8 20.5 20.6 21.2 22.4 23.4 22.1 25.7 26 25.7 26.1 26.4 28.2 29.4 30.4 30.5 30.8 30.5 31 31.5 32.1 32.3 32.9 33.5 35.9 38.2 39.4 40.6 41.9 43 43.7 43.9 44.6 46.2 47.4 48.1 48.2 48.4 48.3 48.5 48.5 50.1
-0.1 -0.1 -0.1 -0.1 -0.1 -0.1 0.7 1.8 11.1 10.6 8.2 8.2 9.2 7.7 8.5 7.5 7.6 9.5 10.8 8.6 8.6 8.7 8.8 9 9 9.4 9.7 9.9 10.1 10.4 10.6 10.6 10.7 12.9 14.2 14.7 15.5 15.9 16.7 17.6 18.5 19.5 20.4 20.5 20.9 21.7 22.8 24.1 23.5 23.2 25.2 26 26.8 27.8 29.1 30.3 30.6 30.7 30.8 30.9 31.2 31.7 32.1 32.8 33.4 34.1 36.5 38.4 39.3 40.9 41.6 42.8 42.7 43.4 44.2 45.4 46.7 47.6 48.4 48.2 48.1 48.5 49.3 51
-0.1 -0.1 -0.1 -0.1 -0.1 -0.1 -0.1 0.9 2.3 11.3 8.2 5.8 9.2 7.6 9.4 10 8 9.3 10 9.3 8.5 8.5 8.9 9.1 8.8 8 8.8 8.9 8.9 9.5 10.4 10.6 11.5 13 14 14.8 15.4 16.1 16.4 17.2 18.1 19.2 21.2 20.7 21.1 22.1 23 23.8 25.1 24.3 25.6 26.6 27.5 28.7 29.9 30.4 30.9 31.2 31.1 31.2 31.4 32 32.8 33.5 34.2 35.1 36.8 38.3 39.3 41.1 41.6 42.1 42.5 43.7 44.7 46 46.1 47.2 48.2 48 49 49.9 50.3 51.3
-0.1 -0.1 -0.1 -0.1 -0.1 -0.1 -0.1 0.5 1.2 3.9 9.7 6.5 8.2 7.2 7.2 8.6 9.5 9.4 8.5 10.4 8.8 9 9.1 8.9 8.6 7.8 8 9.3 9.6 10.1 10.4 11.4 12.3 13 14.2 14.9 15.6 16.4 17.3 17.6 17.9 19.2 20.8 20.7 21.8 22.1 22.7 23.4 24.5 25.1 26 27.1 28.1 29.4 30 30.5 30.9 31.4 31.8 31.6 31.8 32.5 33 33.8 34.9 36.1 36.2 38 39.3 40.8 41.1 42.1 43.7 43.9 44.7 46.3 47.4 48.5 49.2 48.9 50.6 51.6 52.1 53.2
-0.1 -0.1 -0.1 -0.1 -0.1 -0.1 -0.1 -0.1 0.6 1.9 9.2 7.5 6.3 8.5 6.5 7.8 8.5 8.5 8.6 10.1 11.2 8.7 8.5 8.6 8.5 8.2 7 8.3 9.8 10.6 10.9 11.7 13 13.4 14.6 15.1 15.4 16.9 17.7 18 18.3 19.1 21.3 21.4 22.1 22.7 23.3 23.7 24.5 25.9 25.7 27.7 28.8 29.5 30.1 30.6 31 31.5 32 32.4 32.5 32.9 33.4 34.4 35.3 36.2 36.6 37.7 39.5 40.9 41.5 43.4 44.1 44.8 45.4 46.6 48.2 49.6 50.2 49.6 50.6 50.9 52.7 58.1
-0.1 -0.1 -0.1 -0.1 -0.1 -0.1 -0.1 -0.1 -0.1 0.8 2 8.1 5.4 6.5 7.4 6.2 8 9.1 10.2 9.8 9.1 8.9 8.1 8 8.4 7.4 7.3 7.8 10.5 11.1 12.4 13.5 14.4 14.1 14.9 15.3 15.9 16.8 18.1 18.5 18.8 19.4 20.5 21 22.4 23 23.5 23.8 24.2 25.8 26.5 28.2 29 29.7 30.2 30.7 31.2 31.6 32 32.5 32.7 33.5 34.4 34.8 35.5 36.1 36.6 37.6 38.8 40.3 42.6 44 45 46.2 46.6 47.1 48.7 49.7 50.3 49.9 51 51.5 54.2 57.1
-0.1 -0.1 -0.1 -0.1 -0.1 -0.1 -0.1 -0.1 -0.1 0.4 0.9 2.7 6.5 5.9 6.5 6.7 6.5 7.8 10.1 8.5 7.9 10.8 8.2 8 7.7 7.4 6.8 6.9 8.3 10.7 11.4 12 13 14.2 15.2 15.5 16.8 17.5 18.2 18.4 19.2 19.7 20.6 21.7 22.2 22.4 23.6 23.9 24.1 25.2 26.2 27.7 28.7 29.6 30.2 30.6 31 31.5 31.9 32.4 32.9 33.9 34 34.4 35.2 36.2 37.3 38.3 39.3 39.9 41.2 43.8 45.6 46.8 46.5 47.9 48.7 49.3 50.1 50.5 52.7 52.9 56.2 56.8
-0.1 -0.1 -0.1 -0.1 -0.1 -0.1 -0.1 -0.1 -0.1 -0.1 0.6 1.6 5.8 5.7 5.1 5.6 6.2 7 8.2 8.6 10.5 10.3 9.4 8.3 7.7 7.4 6.3 7.2 9.7 8.4 10 11.4 13.6 15.2 16.7 17.7 16.9 17.3 17.8 18 18.2 20 21 21.5 22 22.6 23.6 23.7 24.3 25.9 26.3 27.1 28.6 29.5 30.2 30.6 30.9 31.3 31.8 32.4 33.1 33.7 34.4 35.3 35.4 37 38 38.8 38.9 39.7 41 43.3 44.1 44.7 45.5 46.5 47.3 48.7 48.9 49.6 51.2 52.4 54 55.7
-0.1 -0.1 -0.1 -0.1 -0.1 -0.1 -0.1 -0.1 -0.1 -0.1 0.3 0.9 3.5 4.1 4.9 5.4 5.8 6.3 7.3 8.8 9.5 9.4 9.3 8.2 7.4 7.3 7.4 7.6 8.5 9.1 9.8 11.7 14.3 15.9 16 15.6 16.6 17 17.3 17.8 18.5 19.6 21.2 21.4 21.7 22.2 23.1 23.2 24.1 25.3 26.4 27.8 28.2 29.3 30.2 30.6 31 31.7 32.1 32.6 33.2 34 35.1 35.4 35.9 37.6 38.9 38.6 39.1 40 42 42.8 43.7 44.6 45.2 46.5 47.8 48.3 49.1 50.6 52 53.4 54.4 55.7
-0.1 -0.1 -0.1 -0.1 -0.1 -0.1 -0.1 -0.1 -0.1 -0.1 -0.1 0.5 1.2 3.5 5 5.2 5.8 6.2 6.7 7.8 9.1 9.8 9.1 8.3 8.1 7.6 7.6 7.7 8.6 9.7 9.9 12.1 14.2 14.4 15 14.7 15.8 16.8 17.5 17.7 21 21.8 21.5 22.7 21.6 21.5 21.2 21.2 23 24.9 26.4 27.7 28.2 29.1 29.5 30.3 31.1 31.8 33.5 33.5 33.8 34.4 35.8 37 37.9 38.8 38.6 39.1 39.9 40.9 41.8 42.3 43.4 44.5 46.2 48 49.2 49.6 51.3 52.2 54.8 56.1 55.8 56.3
-0.1 -0.1 -0.1 -0.1 -0.1 -0.1 -0.1 -0.1 -0.1 -0.1 -0.1 -0.1 0.8 1.9 3.9 4.5 5.6 6 6.4 7.3 8.5 7.5 9.8 11.5 8.2 7.7 7.8 7.9 9.4 9.8 10.5 12.6 12.5 13.6 13.6 14.6 15.5 16.4 17.3 18.7 21 21.9 21.7 21.2 20.7 20.7 20.7 20.7 22.3 24.9 26.9 27.8 29.6 30.4 30.4 30.7 31.6 32.2 33.3 34.8 35.3 35.8 37.1 37.7 38.1 38.2 37.6 38.3 39.4 40.4 41.4 42.4 43.6 44.5 46.3 48.6 50.4 50.3 50.6 52.7 57.5 57.6 57.6 57.8
-0.1 -0.1 -0.1 -0.1 -0.1 -0.1 -0.1 -0.1 -0.1 -0.1 -0.1 -0.1 0.4 1 2.7 4.9 5.5 5.9 6.3 4.5 7.7 8.4 8.8 10.3 8.6 7.8 8 8 9 10.3 11.5 11.6 12 12.7 13.8 14.9 15.8 16.7 17.3 17.7 20.8 21.7 21.4 21.5 20.7 20.6 20.7 20.7 21.1 23.7 26.6 28.9 30.8 31 30.9 32 32 32.5 34.2 35.6 36.4 37 36.4 36.4 36.4 36.2 36.7 37.6 38.7 39.9 41 42.5 43.9 44.9 45.5 47.6 49.1 48.5 49.3 51.3 56.8 56.9 57.5 58.1
-0.1 -0.1 -0.1 -0.1 -0.1 -0.1 -0.1 -0.1 -0.1 -0.1 -0.1 -0.1 -0.1 0.6 1.3 2 2.9 5.2 3.7 6.6 7.9 8.7 8.6 9.3 11.6 8 8.1 8.8 10.3 11.3 11.6 12.3 12.6 12.9 14 15.1 16 16.2 16.8 17.4 19.9 21.7 20.7 21.3 21.1 20.6 20.6 20.7 20.8 23.3 27.1 30.3 30.3 30.5 30.8 32.9 33.2 34.4 34.7 34.4 35.4 34.3 34.3 34.3 34.3 34.3 34.3 36.8 37.9 38.7 40.3 42.6 44 44.7 44.9 45.6 46.4 47.4 48.5 49.9 52 52.9 56 57.2
-0.1 -0.1 -0.1 -0.1 -0.1 -0.1 -0.1 -0.1 -0.1 -0.1 -0.1 -0.1 -0.1 0.3 0.9 2 3.2 4.6 4.7 6.2 7.5 8.6 8.7 9.2 9.8 9.2 9.7 10.3 11.7 12.4 12.8 13.5 13.8 14.2 14.7 15.2 15.7 16.1 16.7 17.4 19.1 21.1 21.9 21.9 21.7 20.6 20.5 21.6 21.7 22.7 26.9 30.6 29.8 30.8 31.8 33.6 34.1 35 35.7 34.3 34.3 34.3 34.3 34.3 34.3 34.3 34.3 35.9 37.7 38.5 40.2 43.8 44.4 43.7 44 44.6 45.2 46.9 47.7 49.1 50.2 51.4 52.5 55.1
-0.1 -0.1 -0.1 -0.1 -0.1 -0.1 -0.1 -0.1 -0.1 -0.1 -0.1 -0.1 -0.1 -0.1 0.7 1.7 3.2 4.7 5.5 5.8 7 8.1 8.6 8.7 9.4 10.7 10 10.9 12.3 13.1 13.9 14.6 14.2 14.2 14.6 15.5 15.9 16.1 16.6 17.3 18.7 21.1 21.8 22.3 22.3 21 21 21.3 21.8 23 26.6 28.4 29.4 31.5 33 34.4 35.3 35.9 34.9 34.3 34.3 34.3 34.3 34.3 34.3 34.3 34.3 36.6 37.5 38.3 39.7 41.3 42.9 43.2 43.7 44.1 44.6 46 47.7 48.7 49.7 51.1 51.9 53
-0.1 -0.1 -0.1 -0.1 -0.1 -0.1 -0.1 -0.1 -0.1 -0.1 -0.1 -0.1 -0.1 -0.1 0.3 1.1 2.7 4.2 4.8 5.3 6.2 7.2 7.7 8.6 9.7 11.2 10.1 11.5 12.8 13.6 14.2 14.3 14.4 14.3 14.7 15.8 16.1 16.4 17 17.9 19.2 21.6 22.3 22.7 23.1 22.1 21 21 21.9 23.7 28 30.2 30.7 31.9 33.3 34.4 35.5 36.6 35.1 34.3 34.3 34.3 34.3 34.3 34.3 34.3 35.2 36.4 37.3 38 39.2 40.4 42 42.6 43.3 43.7 44.6 46.4 48.2 49.4 50.3 50.2 50.9 52.8
-0.1 -0.1 -0.1 -0.1 -0.1 -0.1 -0.1 -0.1 -0.1 -0.1 -0.1 -0.1 -0.1 -0.1 -0.1 0.8 2.1 3.6 4.5 5.1 5.7 6.4 7.5 8.9 9.9 10.7 10.4 12 13.2 13.8 14.2 14.4 14.6 14.8 15.3 15.9 16.3 16.6 17.4 18.3 19.1 21.7 23 23.4 23.3 23.4 21.3 21.4 21.5 24.1 29.5 30.9 31.6 32.7 33.5 34.6 36.3 37.3 37.3 37.5 37.9 34.6 34.3 34.3 34.9 36.4 36.8 37.1 37.7 38.2 38.6 39.9 41.3 42.9 43.6 45.1 46.1 47.2 48.3 49.6 50.8 50.7 51.8 53.1
-0.1 -0.1 -0.1 -0.1 -0.1 -0.1 -0.1 -0.1 -0.1 -0.1 -0.1 -0.1 -0.1 -0.1 -0.1 0.5 1.3 2.2 4.3 4.9 5.6 6.4 6.9 8.2 8.2 9.9 10.7 11.9 13.3 13.8 14.2 14.2 14.8 15.4 15.7 16 16.5 17 17.8 18.6 19.3 21.3 22.9 22.4 23.1 23.2 24 23.5 24.2 25.1 29 31.8 32.5 33.6 36.4 37.5 37.9 37.9 37.9 38.2 38.9 36.6 35.9 36.2 37.9 36.7 36.2 36.6 37 38 39.4 40.8 41.5 42.8 44.4 45.3 46.1 47.3 48.4 49.4 50.7 51.2 52.7 54.6
-0.1 -0.1 -0.1 -0.1 -0.1 -0.1 -0.1 -0.1 -0.1 -0.1 -0.1 -0.1 -0.1 -0.1 -0.1 0.3 1 1.9 4 4.7 5.4 6.4 6.6 7.2 8.3 9.2 9.4 11.5 13 13 13.1 13.7 14.9 15.5 15.8 16.2 17 17.8 18.2 18.8 19.5 21.7 22.3 22.5 23.1 23.9 24 23.8 24 25.3 27.7 31 33.9 35.2 36.5 37.1 38 38.5 38.5 38.9 39.4 38.7 39 38.4 37.5 36.5 36.4 36.8 37.1 37.9 39.3 40.3 41.1 42.7 44.1 44.9 46.2 47.4 48.5 49.5 50.8 52.8 53.9 53.4
-0.1 -0.1 -0.1 -0.1 -0.1 -0.1 -0.1 -0.1 -0.1 -0.1 -0.1 -0.1 -0.1 -0.1 -0.1 -0.1 0.7 1.8 3.1 3.9 5 5.9 6.3 7.1 8.5 8.4 8.4 10.7 12.7 13.5 14.4 14.7 15.4 15.7 16 16.6 17.8 18.8 19.4 19.9 20.9 22.3 22.4 22.7 23.3 23.9 24.1 23.5 23.5 24.6 26.1 30.6 32.2 34.4 36.5 36.9 37.3 38.9 39.2 39.6 39.8 39.3 38.6 38 37.4 36.4 36.6 37 37.4 38 38.8 40.1 41 42.2 43.3 44.9 46.3 47.5 48.7 51.3 53.7 54.6 55.9 57.4
-0.1 -0.1 -0.1 -0.1 -0.1 -0.1 -0.1 -0.1 -0.1 -0.1 -0.1 -0.1 -0.1 -0.1 -0.1 -0.1 -0.1 0.9 2.1 3.6 4.6 5.5 6.2 6.7 7.8 8 8.3 8.8 11.8 15.4 15.6 16.1 16.1 16.1 16.9 17 17.8 18.5 19.9 20.6 22.7 23 22.6 22.8 23.4 23.8 23.9 23.1 23.2 24.1 25.1 28.2 31.1 33.5 35.8 36.8 37.9 39.1 39.8 39.8 39.3 39.1 38.4 37.8 37.1 36.4 36.8 37.2 37.6 38.2 38.9 39.7 41.7 42.8 43.9 45.9 47.1 48.2 50.2 51.6 54 57.3 58.3 61
-0.1 -0.1 -0.1 -0.1 -0.1 -0.1 -0.1 -0.1 -0.1 -0.1 -0.1 -0.1 -0.1 -0.1 -0.1 -0.1 -0.1 0.4 1 1.5 2.3 4.7 5.7 6.7 7 8.1 8.3 9.9 10.2 14.3 14.1 15.3 15.7 16.7 17.4 17.7 17.7 18.2 19 21.5 22.1 22.5 23.1 23.2 23 23.4 23.4 23 22.1 23.9 24.8 26.8 31.3 33.5 35.6 37.7 39.3 39.7 40 39.6 38.8 38.9 38.3 37.6 36.3 35.8 36.1 36.5 37.6 38.5 39.1 39.9 42.9 44.6 45.7 47.7 48.4 49.2 51.3 53.5 55.3 58 61.3 62.5
-0.1 -0.1 -0.1 -0.1 -0.1 -0.1 -0.1 -0.1 -0.1 -0.1 -0.1 -0.1 -0.1 -0.1 -0.1 -0.1 -0.1 -0.1 0.6 1.1 1.6 3.7 4.4 6.1 6.4 7.8 8.4 8.4 8.9 10.2 11.2 11.9 12.4 14 15.4 17 17.6 18.1 18.6 21.1 21.5 21.6 20.9 21 21.4 22.6 22.8 22.5 22.2 22.2 23.5 24.5 28.7 34.3 36.2 38.1 39.8 40.1 40.4 40.2 38.9 38.4 38 37.1 35.8 35.4 35.6 36.2 37.4 38.5 39.4 41 43 45.5 47 48.6 50.6 49.9 52.2 54.5 55.9 57 58.4 60.9
-0.1 -0.1 -0.1 -0.1 -0.1 -0.1 -0.1 -0.1 -0.1 -0.1 -0.1 -0.1 -0.1 -0.1 -0.1 -0.1 -0.1 -0.1 0.2 0.7 1.2 2.6 4.9 5.2 6.1 7.2 8.1 8.4 8.4 10.4 10.2 10.8 11.4 11.9 13.8 15.1 16.7 17.7 18.4 20.1 19.8 19.2 18.7 18.5 18.7 19.9 21.4 22.6 22.1 21.9 22.8 23.8 24.1 32.2 36.1 38 39.6 40.6 40.6 39.6 38.2 37.7 37.1 36.3 35.1 34.4 37.1 37.3 37.3 38.4 40.7 40.9 43.1 45.4 47.3 49.3 51.3 52.1 52.7 54.2 55.8 57.4 58.8 60.3
-0.1 -0.1 -0.1 -0.1 -0.1 -0.1 -0.1 -0.1 -0.1 -0.1 -0.1 -0.1 -0.1 -0.1 -0.1 -0.1 -0.1 -0.1 -0.1 0.5 1.2 2.4 3.7 6 5.7 6.6 7.5 8.4 9 10 10.6 10.8 11.1 11.9 12.1 13.6 16.1 17.1 18 17.6 17.7 17.2 17 16.9 17 17.7 19.1 20.6 21.8 21.5 22.4 23.3 24 27.1 34.2 37.8 39.5 40.2 39.3 38.3 37.3 36.6 35.8 35.2 33.1 35 37.7 37 37.8 40 42 43.5 42.7 45.1 47.3 48.8 50.3 51.6 52.6 53.3 55.1 57.2 58.9 60.7
-0.1 -0.1 -0.1 -0.1 -0.1 -0.1 -0.1 -0.1 -0.1 -0.1 -0.1 -0.1 -0.1 -0.1 -0.1 -0.1 -0.1 -0.1 -0.1 -0.1 0.8 1.4 2.8 4.7 4.9 6.2 7.1 7.8 8.7 9.3 10 9.5 10.8 12.1 12.4 12.7 15.2 16 15.3 15 15.1 15.8 15.5 15.7 16 16.3 17.7 19.7 21.1 21.6 21.9 22.8 23.9 25.2 29.5 34.9 38.1 37.7 36.6 34.7 34.3 33.5 33.3 32.2 32.4 34.1 36.1 36.8 38.7 40.6 42 43.9 44.1 45.7 46.9 48.3 49.9 51.5 52.4 53.7 55.3 57.5 59.9 62.7
-0.1 -0.1 -0.1 -0.1 -0.1 -0.1 -0.1 -0.1 -0.1 -0.1 -0.1 -0.1 -0.1 -0.1 -0.1 -0.1 -0.1 -0.1 -0.1 -0.1 0.5 1.2 2 4 4.4 4.9 6.3 7.5 8.3 9.1 9.8 10.4 9.3 10.9 12.4 12.5 13.1 13.9 14.1 14.5 14.8 14.9 15.1 15.4 15.7 16.1 17.2 18.5 19.8 22.2 22.4 22.4 23.2 24 25.3 29.5 32.8 33.7 32.3 31.3 31.2 30.6 30.3 30.7 31.7 33.1 34.8 37.1 38.3 39.4 41.7 44.1 44.5 46 47.2 48.5 50.2 52.5 52.9 54.8 56.1 58.7 60.2 62.9
-0.1 -0.1 -0.1 -0.1 -0.1 -0.1 -0.1 -0.1 -0.1 -0.1 -0.1 -0.1 -0.1 -0.1 -0.1 -0.1 -0.1 -0.1 -0.1 -0.1 -0.1 0.8 1.6 3.3 4.5 4.5 6.1 7 7.6 8.8 9.6 10.2 9 10.5 11.2 11.8 12.1 12.5 13.1 14.2 14.5 14.6 14.9 15.1 15.4 15.9 17.1 18.6 19.8 21.7 22.3 22.2 22.7 24.1 24.6 26.2 28.4 30.9 32.2 31.1 30.4 30.1 29.5 30.2 30.9 33.9 35.3 36.7 37.5 40.2 41.9 44 44.9 46.4 48 49.5 50.6 53.2 54 56 57.4 59.8 62.3 63.6
-0.1 -0.1 -0.1 -0.1 -0.1 -0.1 -0.1 -0.1 -0.1 -0.1 -0.1 -0.1 -0.1 -0.1 -0.1 -0.1 -0.1 -0.1 -0.1 -0.1 -0.1 0.5 1.1 2.6 4.1 5.3 4.9 6.6 7.3 8.3 9.3 9.5 9.5 8.2 10 10.4 11.4 11.4 11.9 12.5 13.5 14.2 14.8 15 15.2 16 16.8 18.3 19.4 21 22.3 22.2 22.7 23.6 24.8 25.8 26.8 28.3 30.6 31.5 30.1 29.7 29.2 29.4 30.9 32.7 34.4 36 38.1 40.3 42.1 44 45.1 46.8 48.5 50.2 51.5 53.5 55.7 56.5 59 60.7 63.1 64
-0.1 -0.1 -0.1 -0.1 -0.1 -0.1 -0.1 -0.1 -0.1 -0.1 -0.1 -0.1 -0.1 -0.1 -0.1 -0.1 -0.1 -0.1 -0.1 -0.1 -0.1 0.3 0.7 1.6 2.3 3.9 4.8 5.8 6.6 6.7 8.7 9.7 9.9 8.5 9.4 10.4 11.3 11.4 11.3 12.2 13.5 13.2 14.4 14.9 15.3 15.8 17.3 18.1 18.9 20.5 22 22.5 22.5 24 24.3 25.2 26.9 27.4 29.1 31.3 31.4 30.3 28.4 29 30.7 32.5 34.4 36.5 38.4 39.9 41.6 43.6 45.3 46.8 48.6 51.2 52.5 53.9 56.4 58.1 59.6 61.5 63.3 64.5
-0.1 -0.1 -0.1 -0.1 -0.1 -0.1 -0.1 -0.1 -0.1 -0.1 -0.1 -0.1 -0.1 -0.1 -0.1 -0.1 -0.1 -0.1 -0.1 -0.1 -0.1 -0.1 0.5 1 2.7 3.7 5.6 5 4.6 6.6 5.7 8.5 6.8 10.6 8.9 9.9 11.2 11.3 11.3 11.9 13.3 14.1 14.7 14.5 15.2 15.7 17.8 17.8 18.2 20.1 21.4 22.2 22.3 23.1 24 24.9 26.3 27 27.4 29.6 30.1 27.7 28.4 28.7 31.1 34.1 36.1 36.7 38.9 41.2 44.1 45.7 48.6 49.9 50.2 51.8 53.1 54.9 56.8 58.7 59.9 62 63.7 65.7
-0.1 -0.1 -0.1 -0.1 -0.1 -0.1 -0.1 -0.1 -0.1 -0.1 -0.1 -0.1 -0.1 -0.1 -0.1 -0.1 -0.1 -0.1 -0.1 -0.1 -0.1 -0.1 0.2 0.7 1.3 1.9 3.5 3.8 4.3 6.3 6.7 6.3 9 10 9.3 9.7 11.1 11.1 11.1 11.6 12.5 13.7 14.1 15.1 15.2 15.5 16.5 17.3 17.7 18.5 20.8 21.4 21.5 22.4 23.5 24.6 25.6 26.7 25.6 25.6 26.4 28 29.7 30.2 31.9 34.4 37 39.6 41.5 44.7 45.8 47.1 48.1 49.9 51 52.6 54.5 56.4 57.7 59.2 60.6 62.2 64.4 66.7
-0.1 -0.1 -0.1 -0.1 -0.1 -0.1 -0.1 -0.1 -0.1 -0.1 -0.1 -0.1 -0.1 -0.1 -0.1 -0.1 -0.1 -0.1 -0.1 -0.1 -0.1 -0.1 -0.1 0.4 0.9 1.2 2.7 5.5 5.8 7.2 8.9 8.3 8.9 9.8 10.6 9.4 10.9 11.1 11.1 11.6 12.9 13.8 14.3 15.4 15.3 14.9 15.8 17 17.8 18.9 20.4 20.3 21.5 22.3 22.5 23.7 23.8 24.2 25.1 26 26.9 28.9 29.8 31.9 34 36.9 39.8 41.1 43.2 44 45.8 47.5 49 50.5 51.2 52.9 55.5 57 57.7 59.6 61.4 62.6 65.8 68.4
-0.1 -0.1 -0.1 -0.1 -0.1 -0.1 -0.1 -0.1 -0.1 -0.1 -0.1 -0.1 -0.1 -0.1 -0.1 -0.1 -0.1 -0.1 -0.1 -0.1 -0.1 -0.1 -0.1 -0.1 0.7 1.5 2.3 6.4 5.8 6.4 7.6 7.8 7.6 9.1 10.3 9.8 10.7 10.9 11.3 12.3 13.5 14.3 15.2 15 14.1 14.9 16.2 17.6 18.5 18.8 20.2 21.1 22 21.5 22.2 23 23.9 24.5 25.6 26.6 27.9 30.5 31.2 34.6 35.8 38.3 40 42.1 44.5 46.6 47.5 48.7 51.3 52.3 52.6 54.7 55.8 57 58.7 60.6 62.2 63.4 65.3 68.2
-0.1 -0.1 -0.1 -0.1 -0.1 -0.1 -0.1 -0.1 -0.1 -0.1 -0.1 -0.1 -0.1 -0.1 -0.1 -0.1 -0.1 -0.1 -0.1 -0.1 -0.1 -0.1 -0.1 -0.1 0.4 1 1.7 3.1 6.7 5.5 6.6 6.9 7.4 8.5 9.8 10.8 10.1 10.7 12.3 11.7 11.7 12.7 13.7 13.2 13.8 14.4 15.7 17.2 18.5 18.9 20 21.6 21.5 22 22.7 23.4 24.1 25.1 26 27.1 31.6 34.2 37.9 37.9 37.8 38.7 41.5 42.8 45.6 46.5 48.6 50.4 52 53.2 53.9 55.8 57 59.5 61.6 62.5 63.6 64.6 65.8 67.8
-0.1 -0.1 -0.1 -0.1 -0.1 -0.1 -0.1 -0.1 -0.1 -0.1 -0.1 -0.1 -0.1 -0.1 -0.1 -0.1 -0.1 -0.1 -0.1 -0.1 -0.1 -0.1 -0.1 -0.1 -0.1 0.7 1.3 1.9 4.4 5.9 6.1 6.5 7.7 8.2 9.4 10.1 9.7 11 11 10.9 11 11.8 12.8 12.9 13.2 13.8 15.4 17.1 18.4 19.1 20.7 21.6 21.8 22.5 23.2 23.9 24.5 25.8 26.9 30.3 37.1 45.3 40.9 38.3 38.4 40.3 41.4 43.8 45.7 48.9 50.5 51.9 53.4 55.2 56.1 57 58 59.5 62 63 63.7 65.2 67 68.6
