UK/data/nm/nm88_OST50GRID_20230518/NM88.asc
ncols 200
nrows 200
xllcorner 180000
yllcorner 780000
cellsize 50
[rows 72 to 107 of 200, columns 80 to 159 of 200]
338.8 334.5 334.5 334.5 334.9 339.3 345.8 353.2 355.6 355.9 357.7 359.8 358.1 356.2 354.5 361 366.4 381.5 380.7 389.8 398.2 422.2 426 420.7 432.1 431.6 425.7 435.2 444.1 459.3 466.4 471.8 481.6 490.1 505.3 516.5 512.8 516.8 517.8 533.1 547.2 554.7 555 561.2 579.9 594.5 593.2 592.5 598.2 595.8 600 608.7 625.7 634.3 641.7 668.6 682.4 694.8 711.9 726.6 741.6 737.2 737.1 718.9 687 652 628.2 619.8 610.3 603.3 603.1 607.5 596.1 590 588.7 594 584.9 567.2 555.3 554.9
339.3 335.9 334.5 334.5 334.5 334.5 343.3 346 348.7 353.3 358 364.8 362.4 361.3 360.7 359.2 362.9 376.9 376.2 380.7 395.9 406 411.2 413.1 412.1 414.9 413.9 415.5 430.8 444.6 454.8 465.4 476 474.1 482.3 487.2 496.7 499.9 500.9 516.4 528.3 531.2 539.8 534.2 558.8 561.3 563.6 576.4 574.4 594.8 583.6 595.1 611.9 612.6 624.6 639.3 651.8 678 682.1 691.7 715.1 699.2 709.5 695.9 656.2 640 623.2 611.5 607.8 586.3 577.6 571.6 581 585.5 571.1 575.5 577 557.3 555.2 561
338.3 339.4 334.5 343.4 334.5 338.8 344.3 346.5 347.5 353.1 360 363 364 367.8 376.7 368.4 359.9 363.3 371.4 379.5 388.7 398.6 396.2 394.9 394.7 399.8 397.1 396.5 408.4 421.6 428 430.2 439.9 460.2 471.3 485.6 497.6 489.2 476.6 499.4 508.7 521.7 519.3 519.9 531.5 542.8 561.3 557.7 559.3 571.1 580 584.2 589.7 596.4 602.9 614.8 625 646 658.3 668.4 667.7 669.5 654.9 625.6 622.8 630.3 611.9 593 595.1 582.5 571.7 556.6 563.4 561.7 569.6 552.1 562.6 551.4 552.3 549.1
334.5 334.5 339.6 345.1 342.2 338.1 340.5 350.2 348.3 353.2 358.6 361.8 366.2 372.9 377.3 374.1 369.5 362.6 365.1 369.8 373.7 381.5 382.8 385.2 381.7 383.2 380.8 384.5 386 396.4 398.5 410.3 414.6 425.7 443 471.8 468.7 470.6 462.9 476.7 486.9 507.1 513.4 508.1 508.8 522.7 533.7 536.6 544.1 555.4 555.3 570.7 571.4 571.6 579.2 585.6 605.4 611.1 636.2 632.3 636.2 622.7 602.4 589.6 599.8 604 593.1 576 580 581.8 563 549.4 536.6 544.2 548.8 542.9 532.5 547.8 544.9 526.1
334.5 334.5 339.6 342.9 341.4 337.9 342.7 344 350.2 353.1 358.9 365 372.3 380.2 378.9 381.9 377.6 370 359.7 358.1 363.3 369.3 374.8 374.7 366.1 367.9 370.5 370.5 373.1 379.8 381.4 383.4 393.6 411.6 424.3 449.9 453.5 449.9 451.1 466.3 479.5 500.9 510 499.5 492.3 496.4 509.1 512.6 529 541.9 542.2 547.2 554.8 555.4 557.3 564.6 587.9 583.1 600.9 601.8 587.8 576.5 567.8 571.7 578.1 569.8 560.7 556.4 548.2 560.8 561.1 541.3 529.1 515.7 532.7 524.5 521.5 537.7 538.3 519.6
334.5 335.4 342.1 346.6 342.8 338.6 341.3 349 346 349.5 358.6 373.8 379.6 385.4 397 390 385.6 374.5 366.2 351.5 347.9 351.9 354.7 348.9 349.4 350.5 351.7 354.6 355.8 361.1 363.1 375.3 375 387.7 412.1 430.7 435.5 437.3 431.5 443.3 455.3 479.4 503.8 485.4 476.4 468.6 481.4 484.3 506.9 516.7 523.3 541.8 534.3 541.3 541.4 543.7 547.2 541.7 546.4 555.4 549.2 538.5 550.8 552.8 552.5 542.7 535.9 532.5 519.4 519 532.4 537.1 519.6 503.3 494.7 498.5 517.8 522.5 513.2 508.7
337 340.7 347.9 344.6 341 338.3 341.4 346.7 344 349.7 362.4 378.5 389.9 397 397.7 395.7 391.6 380.8 371.5 359.3 347.5 347.7 342.9 338.3 343 346.3 344.4 336.8 340.8 340.9 339.9 353.9 360.9 373 394.2 398.2 406.5 418.3 420.3 434.9 446.6 454.5 459 461.6 449.4 442.3 441.1 453 487.2 490.4 497.5 532.4 534.5 521.7 522.1 526.3 519.3 515.9 499.8 498.9 502.6 508 529.8 531.5 524.8 523.2 522.7 511.2 499.6 501.5 493.6 500.5 504.1 498.1 476.4 504 501.1 512.9 503.4 494.1
351.3 345.5 341.9 343.6 344 340.6 339.8 341.8 343.9 352.8 355.9 364.5 390.6 399.6 399.4 397.8 394.2 383.9 371.2 360.6 349.6 345.8 339.3 331.7 334 335.7 336.7 330.4 333.1 328.1 330.4 342 348.3 361.9 372.8 382.9 390.1 401.4 403.3 414.3 416.4 417 416.5 413.9 414.4 417.3 414.8 421.7 453.2 472.9 472.8 484.5 492.1 506.1 484.7 486.9 489.4 474.4 457.2 456 462.4 486.4 487.8 505.2 513.6 498.2 493.7 487.5 484.7 480.7 478 474.5 480.1 472.2 467.4 484.8 482 486.9 471.9 472.2
357.6 350.8 344.9 350.1 348.1 346.9 342 342.9 343.4 349.8 358.1 379.4 397.9 414.1 422 415.3 412.1 394.4 379.9 372.9 360.3 347.4 339.9 328.9 328.8 327.3 326.4 326.8 322.1 323.4 321.4 325.8 335.3 347.3 354.2 363 376.8 384.5 386.5 396.9 397.9 387.8 389.3 385.5 386.1 390.7 393.7 390.9 423.5 443 448.1 457.3 471.4 468.3 455.1 440.4 441 430.4 431.2 421.4 433.3 455.5 461.8 467.3 465.5 457 426.8 443.5 453.8 429.6 464.8 454.9 455 466 464.6 458.6 453.7 435.1 422.5 410.7
357.9 357.1 356.2 354.1 355.2 352.4 355.7 347.1 354 369 376.6 394.1 417.3 421.8 430.6 429.8 427.2 410.4 402.6 388.2 371.4 352.8 335.3 328.7 324.3 323.6 322.7 319.2 317.3 315.6 314 319.1 329 331.5 342.5 347.7 363 365.7 365.7 376.5 371 368.1 369.6 372.7 367.1 372.4 375 369.5 385.6 411.6 429.9 433.3 445 455.6 431.8 400 395.4 391.4 387 389.6 405.9 419.6 422.4 428.1 418.8 420.1 410.7 396.7 408.8 400.4 406.3 411.6 431.7 461.3 459.6 444.6 432.2 406.9 388.1 375.6
361.3 364.5 365.3 362 363 363.9 361.5 363.8 367.6 384.4 407.5 402.8 432.2 442.3 442.8 448.7 430.6 419.6 415.7 397.5 379.3 363.4 350.3 333.7 323.4 318.2 315.4 316 308.4 308.3 307.8 316.5 319.5 323.4 329.4 341.7 343.1 338.6 345.1 353.1 352.1 351.8 354.7 359.1 356.2 354.8 357.8 354.3 359.7 380.2 408.5 409.9 426.8 417.8 399.8 376.3 363 359.7 354.3 351.4 360.6 370.2 379.1 391.2 382.3 377.9 364.4 339.4 345.8 348.5 349 398.2 409.8 446.7 442.9 439 430.9 398.8 364.2 352.6
362 368.9 375.8 369 370 367.4 373.4 378 383.6 399.1 417.3 422.9 413.7 417.6 432.8 435.9 438.1 422.1 415.1 398.9 392.6 378.9 356 339 326.2 321.7 313.8 306.8 303.2 299.5 299.2 304.3 305.6 310.6 321.3 326.7 328.9 326.4 331.8 341.2 344.3 344.9 342.8 340.9 338.8 339.6 346.4 347 348.6 362.4 376.9 388.8 395.8 386.3 372.5 353.7 332.4 332.6 328.4 320.9 318.4 321 316.2 305.3 307.6 313.7 303 316.9 301.8 300.1 320.7 366.3 394.5 421.8 416.7 421.5 399.4 376.6 349.3 320.1
364.4 370.5 370.3 362.3 366.4 364.6 366.3 377.2 385.9 406.3 409.8 415.3 412 405.5 408.3 418.6 419.8 405.1 397.5 387.9 380 364.4 351.4 334.8 322.4 318.3 310.2 303.6 300.2 291.1 288 293 293.2 298.6 304 307.5 313.4 318.9 321.4 337.2 334.6 329.1 330.6 334.1 334.1 336.8 350.9 357.8 349.9 352.5 356.6 368.1 370.2 363.9 350.8 330.5 307.2 309 305.3 296.3 285.9 284.2 282.4 281.5 268.5 263.3 258.4 265.4 267.5 266.7 281.1 303.7 351.8 362.7 399.5 401.4 386.2 357 329.6 299.8
345.6 350.6 339.1 337.4 348.2 346.2 347.8 366.1 377.6 378.9 387 391.8 388.9 391.4 392.1 389.1 389.5 385 378.1 367.3 356.7 348.3 334.8 326.1 317.9 310.4 302.3 294.9 293.3 287.1 288.3 282.5 296.3 303.1 310.4 316.1 317.9 309.8 312.2 315.8 324 321.8 326.7 329.2 331.5 334.1 347.7 349.9 346.4 352.3 351.9 349.3 349.8 339.5 326.2 309 286.8 285.6 278.4 269.2 257.6 254.3 249.1 239.7 244.6 237.9 233.3 234.5 240.7 242.9 252.8 271.2 299.5 338.6 347.9 365.9 344.9 339.9 303.4 274.1
314.9 311.9 298.4 305.4 310.7 319.1 345.4 340.2 348.2 337.6 360.7 381.6 379.7 379 389.8 379.4 373.3 368.3 371.3 360.1 343.3 330.4 320.1 313.6 309.9 295.8 288.7 279.9 274.4 274.1 281.9 281 292.9 303.2 315.8 317.5 308.5 302.6 307.2 310.3 314.3 312.8 313.4 315.4 329.7 327 331 332.3 329.2 339.3 352.6 341.6 339.1 331.1 308.2 292.3 268.5 261.1 256.6 244.1 233.2 231.1 217.7 207.3 203.6 210.8 206.7 209.1 212.5 217.9 233.3 251.7 279 304.9 329.2 341.2 322 292.5 272.1 253.2
273.8 267.8 262.5 266.3 273.4 294.7 307.7 297 293.7 310.9 342.5 357.7 368 368.2 366.8 359.3 354.2 344.2 339.8 324.2 322.7 312.4 305.7 295.2 284 274.7 269.7 257.8 273.8 278.1 277.9 281.3 291.3 303 307.8 302.1 296.3 298.2 300.9 305.3 304.9 299 302.8 306 303.8 326 321.2 327.5 326.6 331.4 332.8 325.9 314.7 312 305.2 278.5 264.8 224.6 232.4 216.7 215.3 201.6 192.4 181.5 182.1 183.8 188.9 194.3 194.8 201.6 218.2 233.8 264 286 299.2 314.5 292.4 275.7 250.9 232.7
235 230.9 226.8 229.6 232.9 255.4 254.9 258.5 264.2 272.6 301.5 337.1 340.1 345.8 334.3 328.2 322.4 296.8 293.8 289.7 283.5 284 282.6 271.3 261.5 252.4 245.9 259.1 262.8 267.1 278.2 286.1 277.5 289.4 299.4 286.2 294.2 291.5 289.5 290.5 285.7 284.1 281.3 286.4 295.5 315.7 310.5 317.7 316.3 302.6 306.4 310.2 293.8 283.3 276 246 236.3 218.2 202.4 196.6 190.5 183.7 176 170.1 170.6 176.4 181.4 185.7 185.9 192.2 202.5 223.5 239.4 268.9 276.7 266.7 254.4 232.6 226.7 219.3
203.9 192.5 190.1 191.1 194.1 204 213.4 230.9 247.3 243.6 261.6 283.7 295.9 303.5 304.4 293.4 280.4 262.9 256.3 255.5 253 253.7 243.4 243.6 232.8 222.4 215.6 217.7 258 261.7 260.7 264.2 267.4 280.2 271.7 266.6 270.1 273.3 271.7 281.4 273.7 267.9 267.2 262.8 277.7 278.9 300.1 302.2 293.1 289.5 299.8 288.8 265.8 246 228.4 216.9 203.6 188 181.5 174.7 171.7 169.8 166 162.7 163.4 175 183.4 185.7 189.2 192.9 195.2 210.3 225.1 238.9 256.6 241.5 228.1 214.6 219.7 237.4
170.1 160.9 158.9 158.9 156.7 171.2 180.9 188.8 218.5 231.8 231.5 240 242.5 247.5 248.5 243.4 238.9 224 216.5 215.7 214.6 213.7 205.5 200.3 203.5 198.5 186.5 187.5 210.6 229.1 223.1 236.6 254.9 251 246.3 236.5 225 242.1 257.1 251.1 253.6 252 249.2 256.2 259.9 275.6 273.2 269.4 279.9 279.3 284.8 262.1 236 216.5 205.7 189.1 174 163.4 167 162.9 160.1 161.8 157.9 160.3 166.7 174.8 183 192.2 195 203.4 207.7 194.5 205.7 215.5 230.3 216.9 208.3 221.8 246.3 257.3
141.5 134.1 132.7 130.9 128.6 138 157.7 159.9 181 202.5 215.8 223.5 222.5 223.6 218.2 222.8 215.3 195.2 188.3 180.1 180.9 178.9 171.2 169.1 173.1 169.1 155 157 165.9 186.4 193.6 212.7 223.3 217.6 214.7 207.7 191.6 200.1 207.7 224.9 230 230.9 234.4 241.3 240 249.8 254.9 269.6 284.9 276.9 236.7 229.9 205.1 191.2 175 162.7 151.8 147.1 152 155.4 161.3 158.8 162.5 165.6 176.2 180.7 191.3 196.9 210.9 226.2 228.9 218.6 210.7 202.3 202.1 208.4 222.2 237.5 263 275.5
115.3 111 111.3 113.4 109.2 107.1 115.3 125.4 131.6 149.2 179.3 169.9 167.4 179.6 178.5 169 162.6 154.7 143.2 149.7 151.9 151.5 146.7 143.5 146.6 139.8 129.7 128.8 140 149.1 153.4 169.1 191.8 190.7 183.4 172 164.2 164.8 171.2 181.8 194.4 204 210.8 224.2 234.7 235.1 240.7 244.3 247.9 258.9 215.5 191.4 179.9 166 151.9 142.5 150.5 162.2 171 181 181 181.4 180.6 181.2 187.9 193 199.3 206.3 220.6 250.4 249.2 241.7 232.6 231.2 220.4 223.1 231.6 257.2 275.1 294.6
94.1 91.5 92 88.4 84.7 81.3 84.4 90.2 96.2 98.7 103.8 116.1 118.3 131 132 123.6 115.5 110.2 111.2 123.3 130.4 133.5 127.2 122.1 119.1 113.8 108.5 111.2 119.6 126.1 132.4 152.1 165.4 161.8 153.7 141.7 138.7 139.8 143.9 153.4 164.7 174.9 186.9 194.7 226.3 215.1 244.2 239.9 228 213.7 194.1 173.8 158.6 146.9 137.1 152.5 168.1 186.2 199.8 211.4 212.4 208 204.7 206.1 208.4 217.1 222.5 225.7 244.7 264.7 272.3 268 256.9 254.4 247.5 246.8 250.2 269.1 287.8 341.9
74.7 72.7 75.9 64.5 61.5 57.3 60.5 67.7 77.1 76.8 75.7 78.1 83.8 84 87.9 88.4 82.8 82.3 89.3 100 116.6 113.9 103.3 97.7 94.5 91.8 97.6 115.2 121.5 113.2 109.7 127.8 131.6 134.5 124 115.4 111.5 115.9 123.7 126.3 137.5 149.7 180.7 186.5 191.9 213.2 227.9 233.8 216.1 183.3 171.3 151.5 140.3 136.5 156.9 173.7 220.4 223.6 229.8 242.1 239.5 237.1 237.4 233.1 254.9 254.5 253.2 264.6 273.4 297 298.3 289.9 281.2 284.1 280.2 277.1 276.7 284.1 302.9 346.8
53.5 56.2 54.3 52.2 52.2 52.2 52.2 52.2 65.5 63.3 58.6 52.7 55.6 54.6 61 67.8 63.7 66.7 72.7 82.4 101.2 94.7 86.6 86 77.7 74.8 92.4 110.7 99.5 90.8 94.6 99.6 102.8 102.4 98.1 96.6 96 99.1 112.3 110 119.8 137.6 167.6 169.6 184.6 210.5 206.5 190 169 154 143.1 126.5 136.7 155.3 169.3 216.9 255.7 260.8 271.1 267.4 270.1 274.4 266.8 258.7 283 290.2 293.7 310.9 322.2 329.8 319.8 312.2 320.2 316.8 313.5 306.3 304.7 305.2 321.1 356.2
52.2 52.2 52.2 52.2 52.2 52.2 52.2 52.2 52.3 52.2 52.2 52.2 52.2 52.2 52.2 56.1 52.2 56.9 60.8 66.7 72.4 71.7 74.3 72.4 67.3 70.1 81.8 86.4 86.2 79.3 88.3 87.3 81.2 82.1 78.2 79.3 83.4 85.7 94.1 99.7 108 130.7 142.6 170.9 181.8 191.4 179.4 154.1 141.9 131 119.6 147.4 163.7 175.6 193.2 244.9 272.3 285.2 294.4 289.1 288.6 287 277.5 295.1 318.3 326.2 332.8 334 343.1 350.7 354.2 347.4 352.1 339.5 329.5 338.9 334.5 336.6 355.5 370.3
52.2 52.2 52.2 52.2 52.2 52.2 52.2 52.2 52.2 52.2 52.2 52.2 52.2 52.2 52.2 52.2 52.2 52.2 52.2 54.7 58.7 63.4 62 61.2 60.1 69.5 83.1 88 79.4 74.6 81.9 81.6 74.9 72 65.4 70 75.6 76.4 83.5 87.4 100 115.1 143.6 169.6 162.3 148.2 141 127.5 118.3 124.8 161.3 172.7 186 191.7 216.7 256.5 269.4 263.5 282.8 290.1 298.8 289.4 284.7 276.9 314.7 330.1 330.9 324 342.8 360 373.3 371 367.8 352.9 360.2 367.1 364.6 371.7 385.3 383.6
52.2 52.2 52.2 52.2 52.2 52.2 52.2 52.2 52.2 52.2 52.2 52.2 52.2 52.2 52.2 52.2 52.2 52.2 52.2 60.5 53.9 55.8 52.2 55.3 60.6 79.5 95.7 76.7 71.4 65.9 67.2 65.9 63.4 63.1 60 65.6 70.8 68.8 72.8 84.4 96.3 114.6 154.6 149.8 130.2 128.3 111.1 101.9 128 155 182.9 182.5 182.5 197.9 209.1 226.8 231.1 237.4 240.3 247 253.4 276.1 270.7 270.6 271.2 283.3 285 318.6 343.6 347 367 378.6 374.5 369 389.9 392.7 385.7 395.9 396.3 392.7
52.2 52.2 52.2 52.2 52.2 52.2 52.2 52.2 52.2 52.2 52.2 52.2 52.2 52.2 52.2 52.2 52.2 52.2 52.2 52.2 52.2 52.2 52.2 53.1 54.1 69.5 77 71.2 66.4 56 55.2 55.5 60.7 56.5 54.4 59.3 67.1 63 65.9 76.5 95.4 125.1 119.4 111 105.6 95.8 110.1 134.6 161.5 181.9 161.2 150.5 159.9 177 179.9 198 195.2 217.7 221.9 217.3 221.8 228.4 240.2 249.5 237.4 248.2 257.6 273 297.9 318.5 354.4 358.5 373.4 363.6 379.3 377.6 395.8 403.7 400.6 392.1
52.2 52.2 52.2 52.2 52.2 52.2 52.2 52.2 52.2 52.2 52.2 52.2 52.2 52.2 52.2 52.2 52.2 52.2 52.2 52.2 52.2 52.2 52.2 52.2 53.1 53.1 53.4 53.8 54 54.5 54.9 54.7 53.5 55.2 55.7 55.5 56.2 57.4 62.4 70.4 85.4 89.7 90.7 83.9 78.8 120.1 124.4 147.1 142.2 126.8 121.2 122.9 131.7 157 141.8 152.7 161.9 172.9 183.2 186.6 193.7 204.1 210.9 214.6 221.8 232.7 239.5 249.4 274.7 302.9 324.4 327.5 340 362.5 357.5 365.5 390.1 390 396 391.1
52.2 52.2 52.2 52.2 52.2 52.2 52.2 52.2 52.2 52.2 52.2 52.2 52.2 52.2 52.2 52.2 52.2 58.9 61.1 61.6 55.7 53.6 53.6 53.9 52.9 55.6 59 53.2 53.9 53.6 54.1 54.3 55.5 55.8 56.1 55.5 56.3 55.8 57.6 66.1 63.8 69.6 67 73.1 94.9 107.7 106.8 98.7 96.4 97.4 98.6 101.1 104.3 108.6 115.1 126.5 140.2 155.1 168.8 184.3 187.5 198.5 218.1 236.4 237.3 231.1 227.1 235.4 249.1 261.3 312.8 324.5 324.9 344.7 340.9 339.2 343.2 352.2 347.6 362.6
61.1 56.8 52.2 52.2 52.2 52.2 58.9 53.1 52.2 52.2 52.2 52.2 56.3 55.6 55.3 54.9 62.2 70.4 72.2 78.5 81.2 73.5 84.2 71.4 67.2 82.1 75.4 58.8 54.5 55 55.2 55.2 56.1 56.6 57.8 57.9 55.7 56.7 57.3 58.9 64.1 62.9 62.5 64.4 68.3 72.4 76.6 84 91.4 94.7 98.7 100.2 104.7 110.2 114.6 117.6 119.6 133.6 151.2 161.2 170.9 188.1 209.5 226.1 225.8 218.8 216.3 225.4 236 247.4 299.9 305 302 333.6 338 314 304 304.1 308.5 305.8
83.6 75.8 67.6 66.9 69.2 74 72.5 63.4 64.2 65.9 69 68.6 72.5 69.6 67.4 65.9 75.1 80.3 87.5 97 101.2 98.1 98.5 89.2 85.9 100.7 96.3 80.8 69.1 62.3 59.5 58 58.4 60.4 64.5 67.7 60.6 60.4 63.3 68.5 76.2 81.9 94.4 113.8 89.5 86.9 79.5 87.7 94.6 100.7 113.5 115.6 125.1 132.4 139.8 140 141.6 146.2 153.5 161.7 165.9 168.8 176.1 185.5 199 206.4 207 211.3 219.7 232.3 250.8 261.3 262 270.8 277.6 278.1 275.6 271.9 272.6 271.3
106.8 94.2 90.4 91.9 95.3 94.8 89 85.7 90.2 93.4 96.6 96.3 86 94.3 83 82.4 86.4 96.3 109.4 117.2 121.3 115.2 111.2 108.2 119.5 131.4 124.9 111.5 96.9 80 70.3 68.8 70.1 74.5 76.7 73.4 68.7 69.9 75.5 84.1 94.5 96.3 116.8 113.5 102.6 105.3 102.6 95.3 94.6 101.6 111.9 127.2 141.7 157.5 169.9 170.5 172.2 177.6 193.2 200.7 200.6 205.1 215.7 220 221.3 221.5 218.8 220.9 221.7 223 232.4 245.8 256.8 260.5 264.4 266 270.3 269 271.3 273.5
128.1 118.2 118.4 118.3 129.6 123.7 112.2 112.2 117.2 119.5 125.4 124.6 111.7 109.6 103.8 103.2 108.2 122.6 130.3 133.2 130.3 129 125.3 128.7 138.9 149.9 156.9 151.6 119.2 108.9 100.7 92.3 86.2 89.8 91.6 88.4 92.7 85.7 92.6 102 110.9 121.6 118 116.2 123.8 128.5 130.9 128.1 117.6 102.7 106.1 121 139.2 161.6 175.2 186 198.1 211.2 228.8 240.3 232.3 231.5 239.7 240.7 240.3 237.9 241.6 238.5 245.7 252.1 268.4 295.7 286.6 286.5 287 303.6 304 295.7 290 290.7
158 144.9 153.2 149.9 159.7 150.4 132.8 145.3 145 140.6 153.1 149.3 140.7 130.4 127.9 131.8 138 144.4 147 149 149.1 144.1 142.7 161.1 172.3 178.3 177.1 161.5 138.5 138.9 128.5 112.3 108.9 126.6 108.3 120.3 111.1 112.3 115.9 123 126.3 127.4 130.3 137.6 148 140.9 146.8 147.2 143.5 127.8 118.4 126.8 141.2 158.2 182.3 201.8 223.4 229.2 241.4 255.7 258.8 264.1 266.8 267.5 269.5 261 264.4 261.8 280.8 285.5 312.6 340.9 325.5 319.2 325.2 336 332.6 328.5 320.3 312.8
183.8 174 180.9 182.3 198.4 177.4 169.2 179.6 170.4 159.2 164.2 160.1 156.8 159.1 167.8 170.1 174.8 177.4 179.2 184.6 178 171.7 174.7 179.8 199.1 212.3 201.1 176.5 170.9 164.4 150.1 146.9 145.9 156.8 136.8 136.2 134.7 146.9 150.2 149.2 155.5 165.6 173.8 172.2 185.2 176.8 162.7 173.9 165.4 143.7 135.8 147.2 165.3 174.6 190 213.7 230.9 254.1 270.7 283.8 289 301.6 310.6 318.9 309.4 285.2 297.7 317.9 316.9 331.2 357 366.7 365.4 383.6 369.6 366.4 375.2 364 353.3 346.6
