UK/data/sh/sh53_OST50GRID_20230518/SH53.asc
ncols 200
nrows 200
xllcorner 250000
yllcorner 330000
cellsize 50
[rows 126 to 167 of 200, columns 94 to 187 of 200]
0.6 0.6 0.6 0.6 0.6 0.6 0.6 0.6 0.6 0.6 0.6 0.6 0.6 0.6 0.6 0.8 0.9 1.1 1.2 1.4 1.5 1.7 2.8 13.1 4.5 5.8 7.3 10.8 9.1 6.3 5.4 5.8 5.2 4.2 4.9 4 3.7 3.8 3.7 4.6 4.6 4.6 3.8 4.3 4.4 4.4 4.5 4.5 4.9 3.3 4 4.2 4.4 4.6 4.8 5 5.5 5.9 8.6 11 12.5 14.4 15.8 15.5 13 7.6 7.6 6.4 7.5 7.1 7.2 7.1 7.7 6.9 7.2 7 7.1 7.3 6.4 5.6 6 4.7 3.7 2.9 2.8 3 2.6 2.5 2.5 2.5 2.8 3.2 3.4 2
0.6 0.6 0.6 0.6 0.6 0.6 0.6 0.6 0.6 0.6 0.6 0.6 0.6 0.6 0.6 0.6 0.9 1 1.2 1.3 1.5 1.6 1.8 7.6 6.4 4.7 5.4 7.7 9.7 8.2 5.7 8.2 6.6 4.4 5.3 4.3 3.6 4.4 3.6 4.1 4.3 4.8 4.3 4.5 4.5 4.6 4.6 4.6 3.4 3.8 4.1 4.5 4.7 4.7 4.8 5.6 5.7 5.2 5.8 5.9 10.1 12.4 13.9 13.7 10.2 7.1 7.2 6.8 7.5 7.6 7.1 7.2 6.4 7.5 7 6 6.4 6.7 6.9 6.1 5.3 4.4 3.5 2.7 3.1 3 2.5 2.5 2.6 2.7 2.9 2.4 2.4 2.7
0.6 0.6 0.6 0.6 0.6 0.6 0.6 0.6 0.6 0.6 0.6 0.6 0.6 0.6 0.6 0.6 0.8 0.9 1.1 1.2 1.4 1.5 1.7 3.5 9.8 3.9 6.5 4.8 9.6 9.6 10.7 5 6.3 4.8 4.4 4.6 4.2 4.2 4 4.3 4.3 4.5 5.2 4.4 4.6 4.5 4.5 4.5 3.7 4.3 4.5 4.7 5 5.5 5.9 5.4 4.9 4.9 4.9 5.3 6.3 6.6 9 12 9 7.7 6.7 7.1 7.5 6.8 7.4 7.1 6.6 6.7 6.9 7 6.7 7 5.9 5.8 5 4 3.2 2.7 2.9 3.1 2.3 2.4 2.9 2.5 2 2.2 2.8 3
0.6 0.6 0.6 0.6 0.6 0.6 0.6 0.6 0.6 0.6 0.6 0.6 0.6 0.6 0.6 0.6 0.6 0.9 1 1.2 1.3 1.5 1.6 1.8 8 5.5 5.9 5.6 10.7 10.5 14.2 10.3 4.3 5.9 5 4.8 4.2 3.8 3.9 4.3 4.3 4.7 6.8 3.6 4.7 4.6 4.5 6.3 4.1 4.3 4.4 4.4 4.7 5.3 5.4 5.2 6 5.1 5.5 5.6 5.6 6 6.6 6 7 6.8 7 6.7 7.5 7.4 7.1 6.4 6.4 6.5 6.9 6.7 7 6.8 6 5.6 4.7 4.1 3.3 3.2 3 2.7 2.6 2.3 2.1 2.5 2.1 2.6 3.2 3.3
0.6 0.6 0.6 0.6 0.6 0.6 0.6 0.6 0.6 0.6 0.6 0.6 0.6 0.6 0.6 0.6 0.6 0.8 1 1.1 1.3 1.4 1.6 1.7 3.6 7.3 5 5.4 7.4 11.2 13.4 15.2 8.9 8.4 4.8 5.1 4.4 4.1 4.2 4.2 4.8 4.3 5.4 3.5 4.1 4.7 4.5 4.1 4.1 4.2 4.2 4.2 4.2 5.3 4.8 4.6 4.8 5.5 5.9 5.9 6.1 6.1 5.8 6.5 7.6 7.9 7.5 7 7.2 7.4 7 6.5 6.1 6.4 6.5 6.4 6.8 6.6 6.4 5.7 5.1 4.4 3.5 3.4 3.5 3.2 2.9 2.6 2.9 2.9 3 3.2 3.2 3
0.6 0.6 0.6 0.6 0.6 0.6 0.6 0.6 0.6 0.6 0.6 0.6 0.6 0.6 0.6 0.6 0.6 0.7 0.9 1 1.2 1.3 1.5 1.6 1.8 9.4 5.6 6.4 7.2 14 11 5.8 6.1 6.5 6 5.1 4.7 4.4 4.5 4.5 4.6 4.8 4.9 3.8 4.3 4.6 4.8 3.2 4 4 4 4 4 5 5.4 5.6 5.4 5.6 6.3 6 5 6.4 5.7 6.8 7.1 7.1 7.2 7.2 7.4 7.2 6.9 6.5 6.1 6.1 6 6.7 6.2 6.6 5.7 5.2 4.7 4.3 3.7 3.8 3.5 3.3 2.8 2.2 2.6 3.1 3.1 3.4 2.6 2.6
0.6 0.6 0.6 0.6 0.6 0.6 0.6 0.6 0.6 0.6 0.6 0.6 0.6 0.6 0.6 0.6 0.6 0.6 0.8 1 1.1 1.3 1.4 1.6 1.7 4.2 6.7 6.9 3.7 6.8 14.1 14.3 6.7 10 5.1 5.1 4.9 4.8 4.3 4.4 4.5 4.5 4.3 4.3 4.3 4.5 4.7 3.7 4 4.3 4.4 4.6 4.6 5.6 5.4 5.5 5 6.2 5.6 5.5 5.6 6.6 6.5 6.8 6.8 6.5 6.8 6.9 7.3 6.6 6.9 6.7 6.3 6 6.6 6.9 6.9 6.4 5.5 4.9 4.5 3.9 3.6 2.9 3.1 3 3 2.7 2.3 3.2 2.9 2.6 2.4 2.1
0.6 0.6 0.6 0.6 0.6 0.6 0.6 0.6 0.6 0.6 0.6 0.6 0.6 0.6 0.6 0.6 0.6 0.6 0.8 0.9 1.1 1.2 1.4 1.5 1.7 2.2 10 6.4 4.8 4.8 13.7 13.7 5 10.1 5.6 6.4 6 4.4 4.3 4.8 5.1 4.6 4.8 5.2 4.2 4.4 4.5 4.8 3.9 4.2 4.3 4.4 4 5.5 5.6 6 6 5.6 6.3 6.7 6.2 6.6 6.8 6.4 6.3 6.4 6.9 6.5 6.4 6.1 6.7 6.9 6.2 6.8 6.2 6.5 6.5 6.2 5.5 5.1 4.7 4.3 3.8 3.7 3.1 2.8 2.4 2 3.1 3.3 2.9 2.6 1.7 2.3
0.6 0.6 0.6 0.6 0.6 0.6 0.6 0.6 0.6 0.6 0.6 0.6 0.6 0.6 0.6 0.6 0.6 0.6 0.6 0.9 1 1.2 1.3 1.5 1.6 1.7 4.8 6.3 6.8 4.3 10.1 21.2 5 6.6 7.1 15.9 8.1 4.3 4.4 4.9 6.7 5.7 5.2 6.3 4 4.3 4.4 6.1 3.6 4.1 4.3 3.9 5.3 5.8 5.4 6 6 5.9 6.3 6.8 6.9 6.2 6.7 6.4 6.2 6.2 6.8 6.7 6.7 6.7 6.6 6 6.8 6.5 6.6 6.4 6.9 6.3 5.8 5.1 4.8 4.1 3.7 3.4 2.9 2.4 2.4 2.8 3 2.2 2.6 2.6 2.5 2.1
0.6 0.6 0.6 0.6 0.6 0.6 0.6 0.6 0.6 0.6 0.6 0.6 0.6 0.6 0.6 0.6 0.6 0.6 0.6 0.8 0.9 1.1 1.2 1.4 1.5 1.7 2.4 10.1 6.8 5.1 7.3 11.8 13.2 13.1 19.6 9.9 7.9 5.8 4.7 7.4 11.2 9.6 6.1 5.7 3.7 4.2 4.6 5.5 3.8 4 4.1 4.3 5.7 5.7 5.7 5.9 5.6 6.9 6.6 6.8 6.9 6.7 6.3 6.2 6.2 6.2 6.8 6.5 6.1 6 6 5.8 6.3 5.9 6.7 6.6 6.2 6.5 5.2 4.8 4.3 3.9 3 3.6 2.9 2.7 2.7 3.4 3.1 2.2 2.6 2.6 2.2 2.1
0.6 0.6 0.6 0.6 0.6 0.6 0.6 0.6 0.6 0.6 0.6 0.6 0.6 0.6 0.6 0.6 0.6 0.6 0.6 0.6 0.9 1 1.1 1.3 1.4 1.6 1.7 4.3 8.2 5.4 4.8 10.4 14.7 14.7 4.2 4.2 8.3 7.5 9.7 5.5 5.5 9 5.7 4.9 4.8 4.8 3.9 5.2 4.6 4.2 4.2 4.7 5.5 5.5 4.8 5.2 5.7 6.6 6.8 6.5 6.9 6.7 6.2 6.3 6.3 6.7 6.5 6.2 5.9 6 6 5.9 5.9 5.8 5.9 5.8 6.2 6.1 5.5 4.9 4.4 4 3.5 3.7 3.1 2.4 3.3 2.9 2.9 2.6 2.5 2.3 1.6 2
0.6 0.6 0.6 0.6 0.6 0.6 0.6 0.6 0.6 0.6 0.6 0.6 0.6 0.6 0.6 0.6 0.6 0.6 0.6 0.6 0.8 0.9 1 1.2 1.3 1.5 1.7 2.5 11.8 8.3 4.8 7.8 12.6 3.9 5.2 5.3 10.4 11.3 8.2 4.3 4.6 11.8 9.4 5.3 5.3 4.3 4.6 4.3 4.7 4.3 5 5 5 4.6 5.2 5.6 5.4 5.8 6.2 6.5 6.4 5.9 6.2 6.3 6.4 6.5 6.3 5.9 5.9 5.9 6 5.9 5.7 6 5.7 6.2 5.9 5.4 5.4 4.7 4.4 3.4 3.7 3.6 2.9 2.3 3 2.7 2 2 2.3 1.8 2.2 2
0.6 0.6 0.6 0.6 0.6 0.6 0.6 0.6 0.6 0.6 0.6 0.6 0.6 0.6 0.6 0.6 0.6 0.6 0.6 0.6 0.6 0.8 1 1.1 1.3 1.4 1.6 1.8 4.6 8.9 4.8 6.3 4.7 4 11.5 6.1 9.5 4.4 4.4 4.4 4.6 9.4 13.2 5.9 4.7 4.7 4.8 4.5 3.8 4.4 4.6 4.7 4.8 5.2 4.8 5.2 5.6 6.1 6.5 6.5 6.5 5.8 6.2 6.3 6.3 6.3 6 5.8 5.9 5.9 6 5.7 5.8 6.1 5.6 6.1 6.1 5.5 5.1 5 4.3 3.6 3.5 2.9 3 2.2 2.4 3 2.5 2.3 2 2.1 2.3 2.3
0.6 0.6 0.6 0.6 0.6 0.6 0.6 0.6 0.6 0.6 0.6 0.6 0.6 0.6 0.6 0.6 0.6 0.6 0.6 0.6 0.6 0.6 0.9 1 1.2 1.4 1.5 1.7 2.9 10.8 7.4 4.6 10.1 15.1 11 7.9 4.3 5.4 4.4 4.5 4.3 6.7 12.7 14.5 7.5 6.5 4.6 5.3 4.8 4.6 5 4.9 4.9 5.3 5.3 5.1 5.5 6.1 5.9 6 5.5 5.7 6.1 6.3 6.3 6.2 6.2 5.8 5.8 5.9 6 6 6.1 6.2 6 5.6 5.7 5.7 5.3 4.9 4.4 4 3.7 3 3.2 3.2 3.5 3.5 2.5 2.3 2.2 2.2 2.4 2.3
0.6 0.6 0.6 0.6 0.6 0.6 0.6 0.6 0.6 0.6 0.6 0.6 0.6 0.6 0.6 0.6 0.6 0.6 0.6 0.6 0.6 0.6 0.8 1 1.1 1.3 1.4 1.6 1.8 7.8 9.7 4.4 6.5 5.4 5.9 10.7 5 5.1 4.5 4.3 5.4 4.4 5.1 11.1 14.8 5.1 4.4 4.7 6.9 3.5 4.8 5 5.2 5.3 5.4 5.4 5.2 5.4 6 6.4 5.7 5.7 6 6.2 5.8 6 6 5.7 5.7 5.7 5.7 5.7 5.8 5.5 5.6 5.5 5.5 5.5 5.3 4.8 4.2 3.8 3.7 2.9 3.3 3.3 3.4 2.5 2.2 1.9 2.3 2.5 2.1 2.5
0.6 0.6 0.6 0.6 0.6 0.6 0.6 0.6 0.6 0.6 0.6 0.6 0.6 0.6 0.6 0.6 0.6 0.6 0.6 0.6 0.6 0.6 0.6 0.9 1 1.2 1.4 1.5 1.7 2.5 11.7 7.8 4.6 8.6 13.6 11.7 7.4 4.1 5.2 5.5 5 4.9 4.6 5.3 12.8 11.5 5.1 3.8 6.1 3.9 4.8 4.6 5.2 5.3 5.3 5.4 5.5 5.5 5.5 5.9 5.9 5.6 5.7 6.3 6.2 5.7 5.7 5.9 5.7 5.4 5.4 5.3 5.3 5.3 5.7 5.6 5.6 5.5 5.4 5.1 3.9 4.2 4.5 3.7 3.5 3.1 2.7 2.6 1.8 2.2 2 1.9 2.2 2.5
0.6 0.6 0.6 0.6 0.6 0.6 0.6 0.6 0.6 0.6 0.6 0.6 0.6 0.6 0.6 0.6 0.6 0.6 0.6 0.6 0.6 0.6 0.6 0.8 1 1.1 1.3 1.4 1.6 1.8 4.8 9.2 4 6.9 14.9 4.7 4.8 4.5 4.3 5.5 4.2 4.5 5.5 4.6 10.2 14.9 7.3 4.2 3.5 4 4 4.2 4.8 5.2 5.3 5.3 5.1 5.2 5.3 5.7 5.4 5.8 5.9 5.9 5.9 6.4 6.5 6.1 5.4 5.8 5.2 5.2 5.2 5.2 5.9 5.3 5.6 5.5 5.4 5 4.4 4.3 3.8 3.9 3.9 2.9 2.6 2.3 1.9 2.4 2.3 2.2 2.6 2.8
0.6 0.6 0.6 0.6 0.6 0.6 0.6 0.6 0.6 0.6 0.6 0.6 0.6 0.6 0.6 0.6 0.6 0.6 0.6 0.6 0.6 0.6 0.6 0.6 0.9 1 1.2 1.4 1.5 1.7 3.5 11.3 7.4 4.4 7.1 5.1 9.5 4 4 4.9 6.9 4.2 5.4 4.6 5.2 9.3 11.1 5.4 4.8 5.4 3.7 4.3 4.5 5.1 5.2 5.3 4.9 4.9 5.6 5.4 5.3 5.5 5.7 5.9 6 6 6 5.9 5.4 5.1 5.1 5.1 5.1 5.1 5 5.6 5.5 5.1 4.8 4.8 4.1 3.8 3.8 3.8 3.8 3.5 2.5 2.3 1.8 2.4 2.4 2.5 2.3 2.7
0.6 0.6 0.6 0.6 0.6 0.6 0.6 0.6 0.6 0.6 0.6 0.6 0.6 0.6 0.6 0.6 0.6 0.6 0.6 0.6 0.6 0.6 0.6 0.6 0.8 0.9 1.1 1.3 1.4 1.6 1.8 4.1 11.7 4.6 6.2 12.2 8 5.7 4.2 4.9 5.4 4.3 4.2 5.4 5.1 8.3 11.5 7.6 4.7 4.2 4.7 5.2 4.8 4.6 4.5 4.9 4.4 5.2 5.6 5.6 5.6 5.4 5.6 5.8 5.9 5.8 5.8 5.7 5.5 5.3 5.1 5.1 4.8 4.8 5.6 5.3 4.8 4.8 4.7 4.5 3.8 3.9 3.5 3.8 3.8 3 2 2 1.9 2.3 2.2 2.1 2.5 2.4
0.6 0.6 0.6 0.6 0.6 0.6 0.6 0.6 0.6 0.6 0.6 0.6 0.6 0.6 0.6 0.6 0.6 0.6 0.6 0.6 0.6 0.6 0.6 0.6 0.6 0.9 1 1.2 1.4 1.5 1.7 3.3 9.1 8.1 4.8 6.8 5.1 12.8 5 5 4.1 4.7 5.3 4.9 4 8.8 8.2 8.9 4.5 3.8 4.6 4.9 4.6 5.8 6.6 4.7 4.8 4.9 5.5 5.9 5.4 5.7 5.6 5.7 5.6 5.4 5.7 5.7 5.6 5.6 5.6 5.5 5.7 5.5 5.6 5.1 5.1 5 4.4 4.4 4.1 3.9 3.8 3.4 2.5 2.3 2.6 2.5 2.6 2.4 2.3 2.5 2.7 2.6
0.6 0.6 0.6 0.6 0.6 0.6 0.6 0.6 0.6 0.6 0.6 0.6 0.6 0.6 0.6 0.6 0.6 0.6 0.6 0.6 0.6 0.6 0.6 0.6 0.6 0.8 0.9 1.1 1.3 1.4 1.6 1.8 5 11.6 5.9 5 9.4 8.2 4.3 4.2 5.1 4.3 5 4.8 5 5.6 6.1 9.8 7.2 3.9 3.9 4.7 5.1 4.5 5 4.4 5.8 5.3 5.5 5.3 4.9 5.1 5.5 5.5 5.4 5.3 5.5 5.3 5.5 5.3 5.1 5.1 5.2 5.2 5.7 5.1 5 5.1 4.8 4.8 4.3 4 3.8 3.4 2.2 2.3 2.5 2.6 2.2 2.1 2.4 1.6 2.6 2.9
0.6 0.6 0.6 0.6 0.6 0.6 0.6 0.6 0.6 0.6 0.6 0.6 0.6 0.6 0.6 0.6 0.6 0.6 0.6 0.6 0.6 0.6 0.6 0.6 0.6 0.6 0.8 1 1.2 1.3 1.5 1.7 2.7 7 7.2 4.2 7.8 6 7.1 4.4 4.2 4.3 4.8 6.4 5 4.8 5.2 11.7 5.3 4.7 4.7 4.9 4.8 4.5 4.8 5.3 5.2 5.1 5.3 5.3 5.2 5 5.4 5.5 5.5 5.5 5.3 5.1 5.3 5.3 5 4.7 5.6 5.2 5.3 5.3 4.8 5.1 4.6 4.4 4.5 3.9 3.8 2.8 2.5 2 2.3 2.3 2.5 2.7 2.2 2.2 2.2 1.8
0.6 0.6 0.6 0.6 0.6 0.6 0.6 0.6 0.6 0.6 0.6 0.6 0.6 0.6 0.6 0.6 0.6 0.6 0.6 0.6 0.6 0.6 0.6 0.6 0.6 0.6 0.7 0.9 1.1 1.2 1.4 1.6 1.8 3.7 13.8 6.6 5.7 6.5 13 4.8 5.3 4.7 4.3 5.5 4.8 4.6 6.2 12.2 7.5 5.9 4.6 4.6 4.7 4.4 4.5 5.7 5.2 4.6 4.9 4.9 5.1 5.2 5.3 5.3 5.2 5.4 5.2 4.9 5.2 5.3 5 4.8 5.5 5.6 5.6 5.4 5.1 4.6 4.2 4.1 3.8 3.9 3.5 2.6 2.5 2 2.1 1.8 2.2 2.5 2.4 2.4 2.2 2.2
0.6 0.6 0.6 0.6 0.6 0.6 0.6 0.6 0.6 0.6 0.6 0.6 0.6 0.6 0.6 0.6 0.6 0.6 0.6 0.6 0.6 0.6 0.6 0.6 0.6 0.6 0.6 0.8 1 1.2 1.3 1.5 1.7 2.3 6 6.8 5.3 5.3 13.3 5.1 5.7 4.9 4.3 4.8 5.4 4.5 4.8 9.4 8.6 6.1 4.5 4.9 4.2 4.9 5.3 4.8 4.6 4.8 4.9 4.7 4.9 5 5 5 4.9 5.3 5.4 5.4 5.1 5.2 5.2 5.2 5.5 5.6 5.1 5.2 4.6 4.4 4.3 4.1 4 3.8 3.2 2.2 2.3 2.4 2.4 2.4 2.5 2.4 2.1 2.4 2.1 2.7
0.6 0.6 0.6 0.6 0.6 0.6 0.6 0.6 0.6 0.6 0.6 0.6 0.6 0.6 0.6 0.6 0.6 0.6 0.6 0.6 0.6 0.6 0.6 0.6 0.6 0.6 0.6 0.6 0.9 1 1.2 1.4 1.6 1.8 3.3 13.9 7.5 5.5 15.6 5.9 6.2 4.8 4.8 4.4 5.3 4.6 4.9 6.4 7.4 6.1 4.7 5.1 4.6 5.1 4.5 4.9 5.1 5.1 4.6 4.5 4.6 4.7 4.7 4.7 4.6 5 4.8 5.3 4.7 5.3 5.2 5.2 5 4.8 5.1 5.2 4.8 4.6 4.4 4.2 3.9 3.2 2.2 2.3 2.3 2.2 2.5 2.6 2.7 2.5 2.3 2.2 2.6 2.9
0.6 0.6 0.6 0.6 0.6 0.6 0.6 0.6 0.6 0.6 0.6 0.6 0.6 0.6 0.6 0.6 0.6 0.6 0.6 0.6 0.6 0.6 0.6 0.6 0.6 0.6 0.6 0.6 0.8 0.9 1.1 1.3 1.5 1.7 2.1 6 6.9 6.1 9.5 19.2 5.9 4.7 4.5 4.4 4.3 6.2 4.9 5.1 4.7 7.8 5.5 4.1 5 4.5 4.6 5.3 5.6 5.3 5 4.6 4.9 4.5 4.5 4.4 4.7 4.6 4.5 5.2 4.7 4.6 5.1 5 4.6 4.8 5.1 5 5.1 4.3 4.6 4.2 4.5 3.5 2.1 2.2 2 1.9 1.7 2.1 2.4 2.1 2.2 2.7 2.3 3
0.6 0.6 0.6 0.6 0.6 0.6 0.6 0.6 0.6 0.6 0.6 0.6 0.6 0.6 0.6 0.6 0.6 0.6 0.6 0.6 0.6 0.6 0.6 0.6 0.6 0.6 0.6 0.6 0.6 0.8 1 1.2 1.4 1.6 1.7 4.1 13.1 8.6 5.9 5.1 13.1 4.3 5.2 4.7 4.4 4.2 5.5 5.2 6.4 4.6 4.2 5.7 4.9 4.9 4.4 4.7 4.5 5.3 4.7 4.3 4.7 4.5 4.2 4.3 4.3 4.4 4.7 4.9 4.7 4.7 4.5 4.3 4.5 5.3 4.7 4.5 4.8 4.4 4.8 4.3 3.7 3 2.3 2.1 2.1 1.8 1.8 1.8 1.9 2.1 2 2.4 2.5 3.1
0.6 0.6 0.6 0.6 0.6 0.6 0.6 0.6 0.6 0.6 0.6 0.6 0.6 0.6 0.6 0.6 0.6 0.6 0.6 0.6 0.6 0.6 0.6 0.6 0.6 0.6 0.6 0.6 0.6 0.6 0.9 1.1 1.3 1.5 1.6 2.4 7.8 10.2 5.9 7.5 11.8 6 4 5 4.8 4.2 4.5 4.2 11.7 7.8 6 5 5 4.7 4.4 4.6 4.7 4.4 4.1 4.1 4.7 4.3 4.4 4.1 4.8 4.4 4.5 4.6 4.6 4.7 4.6 4.2 4.5 4.5 4.7 4.6 4.9 4.9 4.7 4.3 3.9 3 2 2.3 2.4 2.3 2.2 2 1.9 2.1 1.8 2.4 2.8 2.7
0.6 0.6 0.6 0.6 0.6 0.6 0.6 0.6 0.6 0.6 0.6 0.6 0.6 0.6 0.6 0.6 0.6 0.6 0.6 0.6 0.6 0.6 0.6 0.6 0.6 0.6 0.6 0.6 0.6 0.6 0.8 1 1.2 1.3 1.5 1.7 3.5 11.4 6.2 6.3 17.7 6.2 4.1 5.6 4.2 4.8 4.1 4.5 7.1 9.7 4.7 5.4 5.2 5.3 4.7 4.4 4.8 4.7 4.6 4.3 4.2 4.2 4.2 4.6 4.7 4.4 5.4 4.6 4.5 4.4 4.4 3.6 4.4 4.1 4.8 4.8 3.7 4.7 4.4 3.9 3.6 2.7 2.4 2.3 2.1 2.3 1.8 2.4 2 2.2 2 2.5 2.5 2.7
0.6 0.6 0.6 0.6 0.6 0.6 0.6 0.6 0.6 0.6 0.6 0.6 0.6 0.6 0.6 0.6 0.6 0.6 0.6 0.6 0.6 0.6 0.6 0.6 0.6 0.6 0.6 0.6 0.6 0.6 0.6 0.9 1.1 1.2 1.4 1.6 2.1 4 10 6 10.8 12.7 10.5 5.5 4.7 4.8 4.4 3.9 4.1 6.3 4.6 4.5 4.7 4.5 5.3 4.8 4.1 4.8 5.4 5.1 4.4 4.3 4.4 5.4 4.1 4.4 4.5 5 4.8 4.4 4.4 5 5 4.4 4.1 4.4 4.4 5 3.6 3.9 3.4 2.4 2.3 2.2 2 1.7 1.8 1.9 1.9 1.9 2.1 2.1 3.1 2.7
0.6 0.6 0.6 0.6 0.6 0.6 0.6 0.6 0.6 0.6 0.6 0.6 0.6 0.6 0.6 0.6 0.6 0.6 0.6 0.6 0.6 0.6 0.6 0.6 0.6 0.6 0.6 0.6 0.6 0.6 0.6 0.6 1 1.1 1.3 1.5 1.7 3.1 8.8 6.2 7.9 11.5 5.4 5.1 4.6 4.1 4.6 3.9 5.6 5.4 4.9 4.8 4.7 5.2 4.9 4.7 4.2 4.9 5 5.7 4.6 4.4 4.4 4.7 4.3 4.7 4.6 5.1 4.9 4.8 5 5.2 4.4 4.3 4.2 4.3 4.9 3.8 3.9 3.7 3 2.5 2.3 2 2.1 1.7 1.8 1.9 2.1 2 2.1 2.2 2.8 2.7
0.6 0.6 0.6 0.6 0.6 0.6 0.6 0.6 0.6 0.6 0.6 0.6 0.6 0.6 0.6 0.6 0.6 0.6 0.6 0.6 0.6 0.6 0.6 0.6 0.6 0.6 0.6 0.6 0.6 0.6 0.6 0.6 0.8 1 1.2 1.4 1.6 1.8 4.8 13 9.7 4.2 11.5 7.9 5.4 4.3 4 4.2 5.7 5 4.7 4.7 5 5.2 4.8 4.4 4.4 5.5 5.4 5.5 4.9 4.6 4.4 4.7 4.8 4.6 4.7 5.2 5 4.9 4.7 4.6 4.4 4.4 4.2 4.1 4.3 4 4.5 3.5 1.9 2.2 1.9 1.7 1.8 2.1 2.5 2.5 2.5 2.6 2.6 3 2.6 8.6
0.6 0.6 0.6 0.6 0.6 0.6 0.6 0.6 0.6 0.6 0.6 0.6 0.6 0.6 0.6 0.6 0.6 0.6 0.6 0.6 0.6 0.6 0.6 0.6 0.6 0.6 0.6 0.6 0.6 0.6 0.6 0.6 0.6 0.9 1.1 1.3 1.5 1.7 2.6 7.2 7 6.2 13.6 7.9 6 5.7 5 4.8 5.3 4.1 4.5 4.4 4.4 5.3 4.5 4.4 5.7 4.9 5.2 5.7 5.3 4.8 4.5 4.6 4.7 4.8 4.9 5.3 5.1 5 4.8 4.7 4.5 3.3 3.4 4.5 4.1 3.6 4.1 2.9 2.4 1.7 1.6 1.9 1.6 2.2 2.5 2.1 2 2.4 2.4 3.1 11.6 28.9
0.6 0.6 0.6 0.6 0.6 0.6 0.6 0.6 0.6 0.6 0.6 0.6 0.6 0.6 0.6 0.6 0.6 0.6 0.6 0.6 0.6 0.6 0.6 0.6 0.6 0.6 0.6 0.6 0.6 0.6 0.6 0.6 0.6 0.8 1 1.2 1.4 1.6 1.8 3.6 13.5 9.5 10.5 11.4 8.6 5.5 3.7 5.7 4.1 3.9 4.4 4.7 4.9 4.9 4.9 5 4.7 4.5 4.5 5 5.4 5 4.8 4.8 4.9 5 5.1 5.4 5.2 5.1 5 4.8 4.7 4.2 3 4.2 4.4 4.2 3.3 2.8 2.3 1.9 1.6 1.5 1.8 2.1 2.1 2.5 2.5 2.9 2.8 3 25.8 45.4
0.6 0.6 0.6 0.6 0.6 0.6 0.6 0.6 0.6 0.6 0.6 0.6 0.6 0.6 0.6 0.6 0.6 0.6 0.6 0.6 0.6 0.6 0.6 0.6 0.6 0.6 0.6 0.6 0.6 0.6 0.6 0.6 0.6 0.6 0.9 1.1 1.3 1.5 1.7 3.4 9 8.6 6.3 11.6 13 6.4 5.9 4.8 3.8 4.1 4.5 4.7 4.8 4.8 4.9 4.7 4.9 4.7 4.5 4.6 4.8 4.6 5.4 5 5.1 5.2 5.2 5.5 5.3 5.2 5.3 4.9 4.9 4.6 5 4.1 4.5 3.8 2.3 2.4 2.3 2 1.9 2.2 2 2.7 2 2.4 2.5 2.9 3.4 22.1 41.4 60
0.6 0.6 0.6 0.6 0.6 0.6 0.6 0.6 0.6 0.6 0.6 0.6 0.6 0.6 0.6 0.6 0.6 0.6 0.6 0.6 0.6 0.6 0.6 0.6 0.6 0.6 0.6 0.6 0.6 0.6 0.6 0.6 0.6 0.6 0.8 0.9 1.1 1.4 1.6 1.8 4.5 13.3 9.2 7.9 10.9 6.9 6 4.5 3.6 4.2 4 4.6 4.5 4.8 4.7 4.9 5.1 4.9 4.7 4.5 4.7 4.7 5 5.3 5.3 5.4 5.4 5.6 5.4 5.4 5.6 5 5.1 5.1 4.7 4.6 3.8 3.4 2.6 1.6 2 1.9 2.2 2.3 2.7 2.2 2.8 2.4 2.8 7.7 27.3 43.9 67 85
0.6 0.6 0.6 0.6 0.6 0.6 0.6 0.6 0.6 0.6 0.6 0.6 0.6 0.6 0.6 0.6 0.6 0.6 0.6 0.6 0.6 0.6 0.6 0.6 0.6 0.6 0.6 0.6 0.6 0.6 0.6 0.6 0.6 0.6 0.6 0.8 1 1.2 1.4 1.7 2.3 5 10 6.3 10.4 17.9 8 4 4 3.9 4.9 4.2 4.3 4.2 4.8 5.7 5.5 5.2 4.9 4.7 4.6 5.2 5.3 6.2 5.5 5.6 5.6 5.6 5.6 5.7 5.9 5.2 5.7 5 4.9 4.4 3.8 3 2.6 2 2 1.7 2.1 2.4 2.2 2 2.7 2.7 7.4 28.2 44.6 73 99.2 109.5
0.6 0.6 0.6 0.6 0.6 0.6 0.6 0.6 0.6 0.6 0.6 0.6 0.6 0.6 0.6 0.6 0.6 0.6 0.6 0.6 0.6 0.6 0.6 0.6 0.6 0.6 0.6 0.6 0.6 0.6 0.6 0.6 0.6 0.6 0.6 0.6 0.9 1.1 1.3 1.5 1.8 3.6 13.3 11.4 3.8 19.5 9.2 4.7 3.7 4 4.2 5.4 4.6 4.7 5.3 5.6 5.2 5 5 4.8 4.8 5.2 5.2 5 5.2 6.1 5.6 5.8 5.4 5.6 5.6 5.2 5 5 4.9 4.1 3.6 2.9 2.6 2.4 2.5 2.3 2 2.4 2.6 3.2 2.6 11.4 31.3 50 74.7 97 113.2 127
0.6 0.6 0.6 0.6 0.6 0.6 0.6 0.6 0.6 0.6 0.6 0.6 0.6 0.6 0.6 0.6 0.6 0.6 0.6 0.6 0.6 0.6 0.6 0.6 0.6 0.6 0.6 0.6 0.6 0.6 0.6 0.6 0.6 0.6 0.6 0.6 0.6 1 1.2 1.4 1.6 2.7 6.2 13.6 8.9 15.1 20.9 13.1 4.7 4.2 5.1 4.6 5.1 5 5.2 5.6 5.5 5.5 5.3 4.9 5.2 5.4 5.3 5.3 5.4 5 5.3 5.1 5.3 5.3 5.6 5.2 5 5 4.9 4.7 3 3 2.6 2.7 2.2 2.4 2.9 3.1 3.7 4.6 10 34 56.2 74.8 100.3 118.1 129.9 138.4
0.6 0.6 0.6 0.6 0.6 0.6 0.6 0.6 0.6 0.6 0.6 0.6 0.6 0.6 0.6 0.6 0.6 0.6 0.6 0.6 0.6 0.6 0.6 0.6 0.6 0.6 0.6 0.6 0.6 0.6 0.6 0.6 0.6 0.6 0.6 0.6 0.6 0.8 1.1 1.3 1.5 1.8 3.8 12 8.8 18.2 11.2 13.5 10.3 5.6 6.2 4.3 4.7 4.7 4.9 4.9 5.7 5.3 5.3 5.3 5.2 5.3 5.3 5.3 5.6 5.2 5.1 5.3 5.3 5.5 5.2 5 5 4.6 3.5 2.8 3.2 3 2.5 2.3 2.5 3 3.7 4 4.4 19.2 37.7 57.7 82.3 101.2 124.3 135.4 145.3 150.6
0.6 0.6 0.6 0.6 0.6 0.6 0.6 0.6 0.6 0.6 0.6 0.6 0.6 0.6 0.6 0.6 0.6 0.6 0.6 0.6 0.6 0.6 0.6 0.6 0.6 0.6 0.6 0.6 0.6 0.6 0.6 0.6 0.6 0.6 0.6 0.6 0.6 0.6 0.9 1.2 1.4 1.6 2.4 4.5 11.3 8.1 8.5 10.2 12.7 8.8 5.7 5.5 5.2 4.6 5.2 5 5.4 5.4 5 4.7 5.7 5.8 5.8 5.2 5.6 5.2 5.2 5.3 5.6 6 5.1 5 5 4.6 4.1 3.6 3.2 2.5 3.2 3 2.9 3.7 11 16.7 30.3 40.8 62.2 88.4 109.2 125.4 140 148.9 158.8 162
0.6 0.6 0.6 0.6 0.6 0.6 0.6 0.6 0.6 0.6 0.6 0.6 0.6 0.6 0.6 0.6 0.6 0.6 0.6 0.6 0.6 0.6 0.6 0.6 0.6 0.6 0.6 0.6 0.6 0.6 0.6 0.6 0.6 0.6 0.6 0.6 0.6 0.6 0.6 1 1.2 1.5 1.7 3.4 10.7 12.1 9.8 9.8 6.4 9.5 6.8 5.4 4.8 4.9 4.8 5.2 5.6 6.1 5.7 5.3 5.5 5.6 5.6 6 5.5 5.3 5.4 5.9 5.5 6 5 5 4.9 4.6 4 3.7 3.3 2.7 2.3 2.8 3.7 12.2 22.3 36.3 53 60.9 83.5 109.5 130.3 143.4 153.8 163.3 169.3 172.1
