WholeMapElevations/data/nm/nm42_OST50GRID_20230518/NM42.asc
ncols 200
nrows 200
xllcorner 140000
yllcorner 720000
cellsize 50
[rows 152 to 189 of 200, columns 0 to 84 of 200]
39.2 37.1 36.7 34.7 35.2 36.6 38.4 41 47 54.4 60.6 65.4 73.3 79 82.9 86.7 87.8 88.8 91.2 98.9 108 128.8 140.4 149.9 160.8 168 171.6 185.8 190.2 193.8 196 173.4 170.9 165.6 172.7 186.3 188.6 190.3 191.1 190.3 191.8 194.4 197.4 201.1 203.4 206.8 213.4 225.1 229.9 234.4 232.9 230.9 222.2 217.2 222 241.4 248 250.2 246.8 237.5 238.8 245.2 246.2 245.9 249.9 255.8 248.3 257.9 260.9 262.3 256.2 253.2 251.5 245.5 246.6 247.7 245.4 249.3 251.9 253.7 256.8 251.8 250.1 258.2 260.7
41.3 38.7 37.1 34.8 35.7 36.4 37.2 39 43.3 50.4 57.5 64.6 70.7 78.7 80.1 82.5 83.4 84.5 89.7 102.6 107.2 119.2 134.2 148.3 165.4 168.6 171.3 182.9 188.2 192.9 194.9 181.5 171.7 168 169.1 183.7 191.5 197 196.5 195.7 195.6 200.6 202.2 203.1 208.3 211.4 216.2 227.2 230.2 231.9 233.2 232 231 228.7 225.9 242.1 249.7 246.7 245.9 241.1 247.3 243.2 244 244.4 257.3 253.8 255.8 257.1 258.2 255.9 256.1 255.3 255.2 251.4 252.1 252.6 252.4 256.2 257.7 259.2 261.3 257.7 257.8 262.8 266.9
43.4 39.9 39.7 37.4 36.5 35.8 36.8 38 42 46.6 53.8 59.3 66.7 76.3 76.3 78.3 79.4 80.5 85.4 99 105.4 119.1 129.6 144.1 164.1 168.2 172.1 187.9 188.4 191.8 195.5 195.6 173 168.2 170.7 185.3 191.7 195.9 199.8 200.3 199.6 201.4 206.3 211.3 216.7 215 220.7 221.1 222.8 231.9 233.1 233.1 232.5 233.3 232.1 230.3 239.6 243.3 245.9 244.9 253.4 254.9 248.8 248.4 260.1 259.1 260 262.1 259.1 257.5 257.7 260.5 261.6 254.9 260 256.7 255.7 261.1 268.6 271 265.1 265.5 267.7 269.5 275.7
42.5 41.5 40.4 41.2 40 38.2 37.8 38.4 40.4 44.2 47.6 51.9 60.1 73.1 75.4 75.3 76.3 78.2 81.7 92.4 102.8 123.3 134.4 144 155.9 167.9 170 180.9 189.4 192 194.2 195.4 179.5 171.1 172 182.4 192.1 196.7 204.3 203.1 201.7 206.3 210.7 215.6 219.8 218.2 220.3 223 224.8 227.6 235.1 241 235.8 239.8 244.4 234.8 239.8 243.1 245.2 250.3 253.2 253.4 251.9 253.9 256.6 263.4 264.1 265.8 266.9 267.4 261.8 264.9 265 259.3 260.8 266.2 268.7 269.1 272.5 274.9 272.9 274.7 280.3 284.1 284.2
42.4 41.9 41.7 41.8 41.5 40.7 39.6 37.5 38.8 41.4 44.2 46.5 52.1 63.7 73.8 73.5 74.4 77.5 80.9 88.4 102.3 114.2 130.1 139.2 148 167 168.1 176.1 190.4 191.6 193.3 194.4 193.9 176.8 171.2 181.8 189.3 194.6 200.5 201.5 198.5 205.9 215.6 220.1 222.3 222.1 223 224.4 226.1 227.6 235.1 240.2 236.3 238.3 244.2 247.4 240 246.4 246.5 252.4 255.2 256.1 259.9 260.8 259.4 266.4 269.7 274.5 272.8 265.8 264.6 268.2 266.9 262.2 262.1 269.5 276.1 275.1 277.7 283 281.6 282.6 286.8 287.7 290.6
42.6 42.4 42.7 41.8 41.2 41.2 39.9 38.7 39 40.8 43.4 45.4 48.2 54.2 62.3 69 70 73.3 77.5 85 97.2 105.3 116.2 132.7 143.1 160.2 165 173.5 189.4 189.3 188.3 192.7 195 184.2 173.1 176.5 186.1 190.5 193.7 194.1 196.6 206.3 214.5 218.9 220.9 222 222.7 224.5 225.7 227.1 230.7 231.7 232.7 233.3 239.7 248.4 252 250.4 253.7 255.5 257.1 257.9 260.2 264.2 266.3 270.2 278.4 283.7 277 268.8 266.7 268.5 271.2 266.6 264.5 269.4 276.3 276.2 276.6 279.5 285.2 285.8 291.5 293.5 293.9
42.8 42.4 42.3 41.9 41.3 41.3 40.6 39.5 40.5 41.7 43 43.9 46.7 50.2 53.4 58.9 66.1 70.1 75.1 82 90.4 97.2 106.4 120.5 139 147.7 164.4 171.6 185 185.3 189.7 193 192.1 182 179 173.9 184.6 187.7 188.8 190.3 193.5 198.1 205 216.5 218.8 219.9 221.9 224.1 224.6 226.7 228.7 231.3 233.1 237.9 241.2 246.2 252 254.2 258.8 263.3 262.6 262.4 263.6 267 269 271.8 281.3 282.5 280.9 273.8 268.8 269.3 270.4 265.8 265.8 265.8 276.2 283 282.5 287.4 295 294.6 294.3 295 297.6
43.6 42 41.6 41.2 41.9 41.8 41.4 41 41.4 42.7 43.3 44.5 46 49.6 50.8 55.1 61.7 67.1 72.9 79.2 86.6 92.1 102.5 115.4 133.9 144 156.2 180.1 185.7 189.1 193.3 194 183.1 186.9 192.1 173.7 180.9 185.3 185.2 187.7 191.8 195 205.7 215.1 218.3 214.4 220.9 224.8 224.5 227.6 228.1 231.3 234.1 241.9 244.1 246.3 252.6 256.8 259.3 265.8 268.5 271.2 270.5 269.4 267.6 268.2 280.6 279.3 274.7 271.8 270 269.1 268.3 265.8 265.8 265.8 271.5 284.7 293.4 297.7 298.2 297.6 300.6 309 311.1
43 42.9 41.1 40.5 41.9 42.2 41.7 40.9 41.4 43 43.7 44.9 46 48.5 51.2 54.4 57.2 64.2 70.1 75.6 80.2 87.5 97.7 110.3 123 136.7 147.4 175.1 185.6 188.3 189.1 181.2 181.2 191.8 193.1 180.1 172.6 182.1 181.5 183.9 188.9 193.9 198.8 217.4 218.1 214.4 218.9 221.8 223.7 225.6 223.3 227 237.9 243.9 245.5 250.3 255.4 257.3 258.6 262.5 269.3 275.1 276.3 272.3 266.9 266.5 269.8 266.7 260.7 260.2 264.9 268.7 270.2 266.2 265.8 265.8 276.4 285.7 297.1 301.9 301 309.1 312.2 315.4 316
43 41.7 40.9 40 41.2 41.9 42.5 41.6 41.5 42.1 44.1 45.1 46 47.1 50.8 54.1 57.5 61.6 67.7 72.5 76.5 80.5 92.9 104.2 114.5 124.9 140.1 159.6 185.7 189.6 182.6 177.9 183.1 188.7 195.3 188.4 172.6 176.6 180.8 184.1 189 192.3 196.8 211.7 211.6 214.5 219.7 221.8 222 223.1 218.5 228.2 237.3 243.8 245.9 251.5 255.9 256.8 258.2 258.2 266 272.3 274.9 270.2 264.4 261.1 259.2 257 256.4 256.6 264 269.4 267.5 267.3 273.5 277.6 280.4 283.4 292 303.2 311 311.2 313.1 317.7 320.8
39.9 39.6 39 38.7 39.9 40.6 42.3 42.5 41.8 42.1 43.1 44.6 45.4 45.9 47 53.4 58.6 61.8 65.3 68.7 72.6 76.9 85.8 95.1 105.6 116.1 132.3 148 175.8 186.4 174.2 181.2 186.9 188.9 192.5 185.2 174.1 172.6 181.5 185.9 188.1 191.1 194.8 204.4 209.4 215.6 218.1 220.1 217.5 214.4 224 230.2 234.8 240.1 242.4 244.2 249.3 254.7 257 257.2 259.1 267.5 269.3 267.1 268.6 253 251.3 252.7 246.7 255.1 262.4 264.1 262.6 269.4 270 273.4 278.6 281.4 290.3 303.1 306.7 312.7 315.7 318.7 319.9
37.4 38 37.2 37.2 38.7 40.2 40.6 41.6 41.8 41.8 42.5 43.2 44 44.2 45.6 51.5 59.9 65.9 67 68.1 69.4 74.6 80.5 89.3 98.3 109.5 124.7 137 162 168.6 171 186.7 190.3 191.3 191.6 186.4 180.9 172.6 172.9 184.9 187 189 193.2 202.3 211.8 216.4 208.1 207.4 209.1 216.3 223.4 230.8 232.3 236 237.1 237.9 240.8 246.4 252.5 255.9 255.8 258.5 258.9 256.8 254.2 251.9 250 244 241.1 249.1 258.1 257.5 256.1 266.5 269.3 272.1 273.3 280.1 286.8 302.1 310.4 315.5 317.7 318.8 319.2
34.5 36.3 34.8 34 35.9 38.7 39.6 39.7 40 40.6 41.4 43 43.5 43.8 44.9 48.5 55.2 64.9 71.4 67.5 68.9 72.9 77.7 86 93.2 101.8 115.6 128 141.1 161.1 171.6 186.3 188.6 186.9 190.1 188.2 182.5 172.6 172.6 180.6 185.8 188.4 192.9 195.5 200.7 202.2 200.7 205.6 216.7 212.1 212.9 223.9 232.2 233.4 235.1 235.8 237 241.7 249 252.6 252.4 250.6 252.6 253.4 248.8 251.1 248.1 238.4 236.1 245.6 250 250.7 249.4 254.8 267.2 269.9 271.5 276.8 283.6 293 306.9 314.2 315.3 316.8 319.5
30.3 31.6 31.1 31.7 32.2 35.9 36.4 38.3 38.9 39.3 40.4 41.6 43.1 43.4 43.8 45.6 51.8 59.2 65.3 66.5 68 70.2 76.6 81.2 89.1 95.5 106 119.5 137.1 151.7 167.5 180.8 184.9 183.8 183.9 182.9 183.7 175.1 172.6 172.6 182.4 187 190.4 192.6 193.5 194 197.6 205.1 212.3 214.2 210.3 214.6 223.2 233.5 232.4 235.1 237.2 237.4 239.3 243.9 248.3 248.5 248.4 249.8 250 239.9 237.2 235.3 234.4 237.6 245.1 245 244.5 250.4 258.3 262.9 269 276.4 285.9 293 306.7 314.7 313.7 315.8 324.9
35.8 33.1 36.1 32.6 31.6 32.8 35.6 36.8 37.5 38.4 39 39.9 41.8 43.1 43.4 45.4 48.8 55.5 60.2 64.9 65.6 66.8 73.3 77.4 84.2 90.9 98.3 111.9 131.1 141.8 156.7 176.1 181.7 180.8 180.1 180.2 183.8 183.6 172.6 173.9 179.4 185.2 188 189.6 191.3 194.8 197.1 197.7 199.8 203.1 208.3 213 214.2 220.4 219.6 222 232.4 238.2 236.4 241.5 246.3 249 242.8 246.4 246.4 235.5 233.7 232.8 233.2 235.2 239.2 243.2 239.6 239.1 244.4 256 271.1 275.1 283.9 297.2 301.4 303.2 309.7 320 328.1
37.4 35.7 36.1 34.5 33.6 32.6 34.5 35.2 36.7 38.1 38.7 39.9 40.7 42.1 43.5 45 47.8 51.5 59.1 62.2 64.3 65.8 69.8 74 79 87.1 94.1 103 120.4 136.6 149.4 156.2 172 178.1 175.4 178.4 181.7 184.1 182.7 172.6 176.6 183.2 184.6 187.8 190.7 193.1 194.4 194.1 194.7 196.6 201.4 207 207.6 205.9 204.9 208.3 214.7 219.2 222.9 233.7 244.2 247 236.6 243.1 240.1 230.5 230.4 231.4 232.1 233.4 236.3 236.5 234.5 235.3 245.1 251.9 261.2 272.3 275.2 289.6 293.8 297.6 314.1 319.7 327.5
37.9 36.5 36.6 35.7 35.4 34.5 34.7 35.7 36.5 38.5 39.6 40 41.1 42.6 44.1 45.6 47.6 49.1 56 59.3 61.6 64.1 67.1 70.9 76.3 84.1 92.1 100.6 110.6 129 141.7 151 155.4 160.9 165.2 178.8 180.1 182.6 184.1 172.6 176.7 175.4 180.8 185.3 188.3 190.6 193.7 196.1 198.3 199.8 196.8 198.5 199.4 201.3 202 202.2 203.4 205.3 209.3 217.6 225.8 233.4 239.1 231.4 230.4 226.8 227 230.1 230.2 230.9 234.9 235.7 229.6 230.6 234.8 244.8 255.8 263 271.8 278.7 287.3 295.1 313.6 322.4 326.6
38.3 36.9 36.6 36.5 36.3 37 36.9 39.1 39.4 37.7 39.3 41 41.9 43.1 44 44.7 45.3 47.7 54.2 58.6 61.2 62.8 66.3 70.7 74.5 79.5 88.3 102.1 105.4 112.2 128.5 138.5 149.2 151.7 155 165.7 179.8 187.2 189.8 183.8 173.3 182.7 172.9 179.9 186.3 190.1 192.1 195 198 201.2 202.1 198.1 200.9 205 204.3 203.5 204.3 206 207.2 210.6 216.4 220.1 223.7 222.9 224.1 222.1 228.4 231.8 228.9 227.7 228.5 229.3 226.9 228.5 233.7 239.2 256.5 267.7 267.3 278.5 285.8 294.3 302.5 317.2 323.1
40.4 43.1 40.7 36.3 38.3 42 40.7 42.2 42.2 40.5 38.7 40.1 42.2 43.3 45 44.4 45.8 47 50.6 59.2 63 65.3 68 71.5 75.6 79.3 87.4 96.1 100.7 106.6 111.8 128.7 133.2 142.3 151.9 154.8 168.5 182.9 189.2 189.9 185.2 181.2 181.4 171.5 184.5 188.6 191.5 193.1 196.4 199.9 202.1 203.8 202.5 203.5 204 205.2 207.7 210.2 211 211.5 212.7 215.9 216.6 217.8 218.7 221.3 227.2 232.2 228.4 221.8 223.6 224.2 226.3 226.5 228.8 235.7 243.7 254.3 266.4 272.8 276.6 288.4 293.7 307 312.2
49.5 46.1 43.8 38.6 41.3 43.5 44.8 43.2 42.4 41.3 40.5 40.3 42.2 43.6 45.2 46.6 47.1 48.1 49.8 56.8 64.2 67.5 71.6 75.8 76.6 79.9 86.2 93.3 95.1 99 105.4 114.4 126.3 132.5 137 146.5 154.2 162.4 180.1 190.6 189.8 172.9 181.9 171.3 174.5 184.7 188.9 191.5 193.9 196.2 200.5 201.3 200.9 201.5 203.7 205 206.9 209.4 214.7 214.8 214 217.9 218.5 218.9 220.9 220.5 223.6 227.5 225.2 221.8 222.1 222.5 223.2 224.9 227.3 230.4 233.8 240.2 250.4 257.5 264.7 278.2 286.3 298.4 311.2
37.4 39.2 38.5 37.5 38.6 46.6 48.1 44.9 43 42.6 42 41.2 42.5 43.6 45.2 46.7 50.2 50.4 50.6 53.8 62.9 67.9 71.4 75.8 77.5 82.2 85.9 91.3 96 100.2 107.5 112.3 122.4 123.8 127.6 134 142.4 154.5 159.2 163.9 171.7 170.2 164.2 165.5 161.1 177.5 186.4 187.3 188.1 190.5 195.4 196.4 196.9 198.5 200.7 204.1 206 210.1 215.3 213.9 213.3 216.6 218.1 220.2 222.2 218.8 219.9 221.4 220.6 221.4 220.8 221.9 224 226.6 226.3 227.3 228.2 234.9 240.3 249.2 259.4 273.3 281.3 294.6 304.3
35.4 37 37.4 37.8 39.2 43.8 48.1 45.9 48.2 45.1 44.9 43.4 44.9 43.5 45.5 48 50.6 52.1 51.7 54.2 57.8 65.4 69 73.3 75.7 81.3 92.5 97.9 100.9 105.9 109.7 112.5 113.4 120.1 124.2 127.8 132 139.4 151.2 153.3 155.7 154.9 153.8 152.3 152.3 156.9 174.9 181.2 183.2 183.2 189.4 192.4 192.1 194.8 198.3 200 200.8 206 211.3 212.2 211.2 213.3 214.2 215.6 217.9 216.2 218.1 220.2 219.9 217.9 219.4 219.5 221.7 222.6 224.8 224.9 227.4 235.6 240.2 251.9 259.6 271 277.5 292 297.9
36.5 38.6 38.4 42.4 41.3 41.5 45.2 46.4 46.6 47.6 51.4 49.3 48.9 47.7 46.5 48.8 51 51.7 52.6 54.1 57.4 61.1 65 68.8 72.7 77 85.5 98.5 101.9 105.8 109.7 112.3 113.3 116.1 117.9 124.3 129.4 132.4 135.6 141.6 145.4 144.9 142.6 136.5 142.7 148.1 152.6 160 168.6 180.6 183.7 187.8 184.1 190.6 194.9 195.8 197.8 202.8 205.3 206.1 206.9 207.7 209.4 212.7 215.9 216.2 216.4 217.1 214.7 215.3 216.7 215.7 219.7 223.4 223.5 224 227.2 232.5 242.8 255.3 265.7 274.4 284.3 289.8 293.3
39.8 35.4 37 39.9 42.2 43.5 48.1 49.5 53.6 50.8 51.5 52.5 52.8 51.1 49.4 50.6 51.9 53 54.7 54.7 57.7 61.2 63.9 66.2 68.5 71.4 77.6 87.4 95.1 105 105.2 108.5 109.7 115.5 117.9 120.7 123.5 124.7 131.7 133.8 136.1 136 132.6 126.3 134.7 139 145.3 151 155.3 159.3 161.4 162.1 163.8 169.1 175 184.3 185.5 200.2 206.7 206.9 208.7 210.5 212.5 213.7 213.2 214 213.4 212.1 212.9 214.3 215.6 212.9 218.7 219.2 221.4 222 225.7 232.7 243.7 258.9 274.2 279.8 285.8 290.5 294.5
33.4 33.9 34.2 36.7 43.2 47.1 50.4 52.9 58.2 55.1 56.8 57.3 57.4 56.2 53.2 54.3 54.7 54.3 55.7 57.2 59.3 61.5 62.7 65.9 67.4 68.9 71.1 77 84.8 94.6 95.8 103 108.2 106.5 109.7 114.2 118.8 122.1 122.8 126.2 125.8 126.7 126.1 124.3 129.5 131.7 135.8 137.2 141.9 145.7 147.7 148.4 151.1 154.9 157.9 162.8 168.4 176.4 182.1 184 187.1 194.9 205.2 207.9 207.7 207.8 216 216.6 209.6 212.3 214.9 209.8 214.1 213.5 216.1 217.6 221.9 231.5 242.8 255.1 270.8 279.6 284.5 288 294.8
30 33.1 33.7 35.1 38.1 45.7 50.8 56.9 55.3 59 61.7 61.9 62.5 61.1 59.3 58 59.1 57.6 56.7 60.3 61.7 62.9 62.8 63.9 66.7 66.8 68.6 71 73.9 81.4 87 87.7 91.7 95.1 99.6 106.7 111.8 116.1 115 120.7 122.9 124.8 124.3 123.8 123.6 123 128.4 125.2 129.1 132.8 133.3 136.9 140.8 144.2 146.9 150.1 155.9 161.3 164.9 166.8 169.9 175.1 178.9 184.9 187.5 196.4 205.8 201.1 197.8 197.5 200.5 199 199.9 201.1 202.6 212.9 219.5 228.3 237.3 252.8 263.7 275 279.5 281.8 285.8
18.3 26.5 29.7 32.1 34.5 36.7 42.9 49.6 55.4 58.2 63.3 65.1 65.2 66.1 65 62 60.9 59.1 59 58.8 61.4 61.8 61.8 63.9 64.7 66.1 68.9 73 74.7 76.8 79.9 84.5 84.7 88.8 90.9 93.7 97.6 101.3 104.5 110.1 114.6 117 115.6 118.8 117.7 119.6 119.7 119.2 121.8 124.4 127.8 132 134 136.5 139.3 142.3 147.4 151.3 155.5 158.6 161 164.1 167.2 170.2 175.3 183.1 186.5 188.5 187.8 185.5 189.5 189.8 195.4 196.6 203.7 210.6 217.1 224.5 233.3 243.8 254.4 271 281.2 280.5 284.8
18.3 18.3 18.3 23.5 29.6 32.3 34 42.8 47.3 52.1 57.9 63.7 65.2 67.7 68.4 66.1 62.4 60.5 59.7 60 60.1 60.2 60.6 62.9 62.9 63.9 67.4 68.2 72.3 74.6 78 86.3 87.3 87.4 89.2 90.4 91.3 94.7 96.8 98.1 99.6 103.2 104.8 105.9 104.5 107.3 109.9 112.4 114.7 117.7 120.7 124.3 127.2 130.6 134.8 136.7 138.9 140.3 144.6 150.1 153.3 155.5 159.4 162.4 167.1 174.6 178.5 179.8 177.5 176.6 178.6 177.6 190.9 190.8 198.4 204 210.6 222.9 230.1 237.1 247 255.1 261.3 268.8 279
18.3 18.3 18.3 18.3 18.3 23.2 25.1 31.3 38.4 44.3 45.9 53.9 58.4 60.9 61.3 64.1 65.7 60.7 60.9 60.1 60.5 58.9 60 61.2 61 62 64 65.7 66.6 67.2 69.5 75 76.8 80 85.6 91.2 92.2 94.6 95.1 94.1 95 96.4 98.7 99.5 99.4 100.9 102.9 106 109.9 111 115.2 117.3 119.9 122.6 123.9 127.5 130.3 132.6 134.7 139 142.1 147.1 151.1 153.3 157 162.2 166.1 168.5 167.2 165.6 169.4 174.6 186.2 192 198.9 202.2 209.6 218.8 232.2 239.3 242.7 247 255 258.7 268.2
18.3 18.3 18.3 18.3 18.3 18.3 18.3 20.9 24.9 30.9 40.3 43.9 47.7 48.8 53.8 57.5 63.7 59.9 54.9 58.6 57 56.3 60.5 58.2 59.2 59.9 62.2 64.7 65.2 66.6 66.5 70.2 73.8 78.5 82.6 87.2 92.5 94.4 94.7 92.6 93.1 94.9 95.4 96.8 98.6 99.1 100.6 100.8 102 105.4 108.1 111.2 114.4 118.9 119.7 120.4 120.3 125.2 127.6 129.7 133.4 137.1 142.1 145.5 147.3 150.3 154.8 156.4 156.2 153.6 161.7 169.5 179.6 187.6 195.6 203.7 206.6 215.5 227.8 239.3 242.9 244.9 247.6 257.2 259.9
18.3 18.3 18.3 18.3 18.3 18.3 18.3 18.3 18.3 19 26.2 30.9 40.7 41 42.7 46.5 47.4 49.1 48.9 51 50.1 51.5 51.5 51.2 55.1 59.5 61.6 63.8 65.5 65.4 65.9 66.5 70.5 75.3 79.3 82.6 87.9 94 90.3 90.9 94.3 96.3 98.1 99.5 100.1 99.9 99.1 99 100.8 102.1 106.1 110.1 113.9 116.6 117.6 118.2 120.3 123.3 125.4 126.6 128.5 131.5 135.2 138.2 141.7 144.2 149 149.9 149 153.5 157.4 162.6 170.7 180.9 192.6 196.8 201 208.4 224.7 237 240.3 245.4 250 250.4 254.8
18.3 18.3 18.3 18.3 18.3 18.3 18.3 18.3 18.3 18.3 18.3 18.3 20.6 26.4 34.5 36.2 40.3 43.9 42.7 44.5 45.8 45.4 45.6 45.7 56.1 59.8 62.4 65.6 65.2 65.2 65.1 65.4 66.6 70.6 75.9 77.6 83.3 83.6 88.3 92.9 97.3 99.3 100.8 101.7 101.2 100.8 97.5 95.2 97.4 99.8 104 111.4 114.8 117.7 118.4 118 117.2 119.9 122.4 122.8 125.4 127.2 130 133.8 135.5 138.6 142.2 143.4 145.3 150.3 154.8 159 163.2 172.8 183.5 189.5 191.3 200.3 210.7 223.3 234.3 244.5 246.5 246.9 253.6
18.3 18.3 18.3 18.3 18.3 18.3 18.3 18.3 18.3 18.3 18.3 18.3 18.3 18.3 18.3 24.9 32.3 39.4 37.1 40.5 40.8 42.9 42.9 45 48.3 52.5 60.6 68.9 68.6 62.7 62 63 65.9 66.9 71.4 72.6 77.8 85 89 92.3 96 98.4 100.5 101.8 101.7 101.4 95.8 93.8 92.5 94.8 96.2 106.5 111.6 114.1 113.2 112.7 113.2 113.6 116.2 118.7 121.2 123.6 125.9 127.5 130.1 131.2 133.8 136.1 141.3 147.2 152.3 155.5 157.4 165.3 172.1 175.1 182.4 190.6 200.8 211.3 228.4 231 236.1 237.6 249.9
21.7 18.3 18.3 18.3 18.3 18.3 18.3 18.3 18.3 18.3 18.3 18.3 18.3 18.3 18.3 18.3 18.3 27.3 30.2 33.8 40.2 37.5 39.1 43.3 50 50.2 52.2 59.6 68.3 64.3 58 60 64.3 66.4 65.5 66.1 75.6 82.6 90.3 91.6 94.7 97.2 100.7 101.3 101.8 101.3 95.6 92.6 89.8 89.4 89.8 94.5 99.6 106.7 109.1 107.1 108.8 109.2 111.2 113.8 116.3 118.9 122.2 123.6 125.8 125.4 133.1 135.6 138.6 142.3 148.3 156 153.2 159.1 163.9 172 177.6 184.7 192.2 201.7 214.8 219.3 226.3 226.4 232.4
21.3 18.3 18.3 18.3 18.3 18.3 18.3 18.3 18.3 18.3 18.3 18.3 18.3 18.3 18.3 18.3 18.3 18.3 18.3 22.7 26.1 28.5 33.8 38.5 47.6 51.3 55 55.2 55.9 55 52.6 55.2 57.2 58.8 58.8 63 66.7 72 79.5 87.5 92.6 94.4 96.6 97.4 101.9 100.2 95.2 90.9 87.1 85.5 85.9 86.8 89.8 93.2 96.4 99.5 102.8 105.1 106.7 108.8 111.6 115.1 118.8 120.9 121 122.9 129.6 133.4 136.2 138.4 141.9 145.7 148.9 153.7 158.6 166.4 172.7 179.8 184.3 189.7 196.8 201.7 208.1 213.7 224.5
21.7 18.8 18.3 18.3 18.3 18.3 18.3 18.3 18.3 18.3 18.3 18.3 18.3 18.3 18.3 18.3 18.3 18.3 18.3 18.3 20 22.4 25.9 32.3 35.3 41 46 50.3 49.6 44.9 45.1 49.9 54.3 57 59.7 62.4 64.3 67.1 71.3 76.9 79.6 83.3 89.5 92.5 95 95.4 93.1 87.8 82.4 80.6 79.9 84.6 87.1 89.7 93.4 96.5 99.9 102.3 103.8 105.2 107.8 111.4 115 116.5 116.3 118.3 123.9 130.1 132.4 134.5 137 140.3 143.9 148.7 153.7 162.1 170.8 176.6 179.7 180.5 184.8 189.7 194.2 199.5 207
22.3 21 18.3 18.3 18.3 18.3 18.3 18.3 18.3 18.3 18.3 18.3 18.3 18.3 18.3 18.3 18.3 18.3 18.3 18.3 19.4 21.1 22.7 25 27.4 30.2 34.4 39.1 38.2 41.7 47 54 57.4 60.2 61.5 62.9 62.9 64.3 67.1 72.1 77.8 76.7 76.5 80.1 82.7 84.2 85 81.2 78.9 78.1 77.8 81.8 83.9 86.4 90.1 94.2 97.8 100.1 101.4 102.7 104.9 108.7 111.9 113.1 111.8 114.8 120.2 125.3 128.5 130.6 132.8 136.5 140.6 145 149.5 156.3 162.5 168.3 171 174.9 176.8 179.9 184.5 189.7 195.9
24.6 23.9 19.8 18.3 18.3 18.3 18.3 18.3 18.3 18.3 18.3 18.3 18.3 18.3 18.3 18.3 18.3 18.3 18.3 19.4 19.4 21.4 21.5 22.6 24.1 24.9 25.5 27.5 29.8 36.5 42.5 49.2 50.7 54 58 57.6 58.1 64.4 65.9 65.1 67.3 69.9 72.6 76.9 76.9 78.5 78.5 78.2 77.5 76.9 75.1 78.2 80.6 83.3 88.5 94.5 97.3 97.4 99 100.4 100.8 105.4 108.1 109.7 109.3 111.1 116.1 121.2 124.2 126 128.9 132.5 139 143.2 146.7 148.6 154.6 160.8 165.2 171 171.4 172.3 176.8 181.9 185.7
