UK/data/nm/nm55_OST50GRID_20230518/NM55.asc
ncols 200
nrows 200
xllcorner 150000
yllcorner 750000
cellsize 50
[rows 111 to 147 of 200, columns 82 to 163 of 200]
-1.6 -1.6 -1.6 -1.6 -1.6 -1.6 -1.6 -1.6 -1.6 -1.6 -1.6 -1.6 -1.6 -1.6 -1.6 -1.6 0.8 5.3 10.9 17.3 10.5 10.8 12.8 15.6 15.7 15.6 16.4 19.6 26.9 34 41.1 51.6 58.1 67.7 74.8 81.5 92.6 100.6 100.3 100.9 101 108 106.6 107.5 117.6 113.9 103.4 101 106.3 111.2 118.6 120.2 122.7 116.1 112.7 128.5 136.7 143.1 145.9 148.2 156.3 160.4 163.1 166.3 170.6 175.9 180 186.2 189.7 190.5 199.6 206.6 208.2 215.8 223.8 228.5 227.7 236.2 249.1 254.1 259.7 264.7
-1.6 -1.6 -1.6 -1.6 -1.6 -1.6 -1.6 -1.6 -1.6 -1.6 -1.6 -1.6 -1.6 -1.6 -1.6 -1.6 -1.6 -1.6 2.1 8.3 8.5 9.6 11.1 15.1 17 15.7 18.7 23.7 24.8 28.1 34.8 44.2 54.5 65.9 71.9 71 80.5 85.9 93.1 99 101.8 103.6 105.6 105.1 108 109 109 96 99.9 104.2 108.2 114.1 113.6 110.4 108.3 119.5 129.6 135.1 140.1 142.7 149.2 151.6 154.2 159.3 165.3 171.1 178.2 181.7 184.2 186.9 191.1 195.7 201.5 202.3 216.7 218.9 222.1 232.7 249.8 254.5 256.8 262.4
-1.6 -1.6 -1.6 -1.6 -1.6 -1.6 -1.6 -1.6 -1.6 -1.6 -1.6 -1.6 -1.6 -1.6 -1.6 -1.6 -1.6 -1.6 -1.6 1.5 4.2 10.3 12.4 13 20.2 22.1 17.8 24.5 27.2 26.3 30.9 37.3 48.7 60.8 65.3 67.6 68.9 76.9 86.9 91.2 97.9 104.2 107.4 106.1 103.3 103.4 105.4 100.8 95.8 97.8 99.8 107.1 107.7 97.8 107.3 111.7 118.1 124.6 134.1 136.4 143.8 147.6 150.1 151.9 155.3 160.4 166.2 173.9 176.3 182 190 189 198.2 195.3 205.3 205.9 215.8 231.5 242.8 250.7 254.4 259.9
-1.6 -1.6 -1.6 -1.6 -1.6 -1.6 -1.6 -1.6 -1.6 -1.6 -1.6 -1.6 -1.6 -1.6 -1.6 -1.6 -1.6 -1.6 -1.6 -1.6 1.5 6.5 10.6 12.8 19.4 24.3 23.2 20.4 22.8 26.1 28.1 37 42.2 49.6 61.2 64.2 65.9 72.4 87.3 90.9 93.7 100.8 105.9 105.6 101.4 101.9 102.5 103.1 91.1 92 93.9 98.7 102.5 84.1 104 106.9 116 121.3 124.8 130.3 135.2 131.9 135.4 131.4 136.1 140.3 144.8 149.5 160.6 170.9 180.8 180.9 183.5 187.9 186.7 202.9 217.5 227.3 235.8 242.2 252.1 253.4
-1.6 -1.6 -1.6 -1.6 -1.6 -1.6 -1.6 -1.6 -1.6 -1.6 -1.6 -1.6 -1.6 -1.6 -1.6 -1.6 -1.6 -1.6 -1.6 -1.6 -1.6 2 6.3 9.8 13.8 21.8 24.9 21.8 24.2 22.5 23.3 30.5 35.5 42.1 51 60.1 61.6 67.1 74.8 83.6 89.2 93.9 103.6 108 107.7 98.7 98.3 98 90.4 87 89 91.6 93.4 90.3 97.6 98.2 105.7 113.7 120.9 124.7 116.7 115.5 122 136.9 145.1 151.7 154.4 158.7 155.2 151.4 161.7 159.2 165.2 174.4 182 199.5 212.9 223.7 229.5 236.2 245.2 252.8
-1.6 -1.6 -1.6 -1.6 -1.6 -1.6 -1.6 -1.6 -1.6 -1.6 -1.6 -1.6 -1.6 -1.6 -1.6 -1.6 -1.6 -1.6 -1.6 -1.6 -1.6 -1.6 4.7 7.5 9.6 14.9 22.6 22.4 23.3 21.3 21.1 25.5 29.7 35 42.4 53.1 62.5 66.3 69.4 75.6 80.7 89.3 95.8 100.9 104.8 103.5 95.4 96.4 89.5 80 82.9 82.9 80.5 89 89.9 89.9 94.9 104.6 110.6 110.9 112.4 125.4 147.6 161.1 164.7 167.4 173.8 177.1 177.1 177.4 177.3 179.6 182.1 187.9 188.8 194.5 202.9 220.8 224.1 231.5 239.9 251.4
-1.6 -1.6 -1.6 -1.6 -1.6 -1.6 -1.6 -1.6 -1.6 -1.6 -1.6 -1.6 -1.6 -1.6 -1.6 -1.6 -1.6 -1.6 -1.6 -1.6 -1.6 -1.6 -1.6 5.1 5.7 9.7 13.8 16.4 19 21.5 17 23.6 27.3 31 37.5 49.4 59.7 64.6 66.9 70.8 72.6 81.6 91.4 96.6 100.2 101.5 98.4 83.4 77.5 69.2 72.8 72.1 71.6 78.6 84.8 94.7 99.7 102.2 105.5 115.2 126.3 141.1 151.9 165.6 169.9 174.3 178.6 182.6 186 189 192.4 191.9 201.8 202 199.7 200.8 194.9 213.5 222.8 230.8 237.3 245.9
-1.6 -1.6 -1.6 -1.6 -1.6 -1.6 -1.6 -1.6 -1.6 -1.6 -1.6 -1.6 -1.6 -1.6 -1.6 -1.6 -1.6 -1.6 -1.6 -1.6 -1.6 -1.6 -1.6 -1.6 3.5 7.4 10.2 11.1 12.2 17.9 14.7 16.3 22.6 26.9 31.2 44.2 53.5 61 63.5 66 69.7 72.9 81.3 88.7 94.8 95.1 86.4 72.5 64.8 58.3 63.1 71.6 76.6 79.8 90.2 101.1 113.5 120.3 124 129.7 137.7 148.5 159.7 168.3 168.8 174.8 178.8 184.5 191.3 195.3 199.4 200.6 208.5 212.5 207.5 209.2 205.1 208 219.3 226.2 231.9 237.4
-1.6 -1.6 -1.6 -1.6 -1.6 -1.6 -1.6 -1.6 -1.6 -1.6 -1.6 -1.6 -1.6 -1.6 -1.6 -1.6 -1.6 -1.6 -1.6 -1.6 -1.6 -1.6 -1.6 -1.6 2.5 2.1 4.7 4 5.1 10 14.5 7.3 18.6 20.7 25.1 32.3 44.1 54.6 58.7 62 65 67.8 71.6 76.8 79.4 77.9 68.2 56 55.3 63 70.3 75.4 80.3 82.9 91.3 104.2 116.5 123.3 128.8 134.8 141.7 151.1 163.3 171.8 174.4 174.6 179.4 182.5 191.2 196.6 202 204 213.3 219.3 218.5 215.5 217.3 204.6 214.2 223.3 229.1 235.1
-1.6 -1.6 -1.6 -1.6 -1.6 -1.6 -1.6 -1.6 -1.6 -1.6 -1.6 -1.6 -1.6 -1.6 -1.6 -1.6 -1.6 -1.6 -1.6 -1.6 -1.6 -1.6 -1.6 -1.6 -1.6 -1.6 -1.6 1.7 2.7 5 5.9 2.8 6.4 16.3 19.3 23.4 33.5 43.6 51.3 55.2 60.5 63.6 66.2 66.5 66.8 60.2 41.7 54.7 53.9 59.2 75.1 80.9 83.2 86.8 94.7 105.1 114.9 124.6 131 136.2 143.2 151.3 162.6 172.8 175.6 177.5 180.8 183.3 189.3 196.8 201.2 205.2 213.6 217.6 223.7 220.3 223.9 221.1 207.1 221.1 227.8 232.6
-1.6 -1.6 -1.6 -1.6 -1.6 -1.6 -1.6 -1.6 -1.6 -1.6 -1.6 -1.6 -1.6 -1.6 -1.6 -1.6 -1.6 -1.6 -1.6 -1.6 -1.6 -1.6 -1.6 -1.6 -1.6 -1.6 -1.6 -1.6 -1.6 -1.6 2.1 0.8 1.5 5.9 16.5 19.3 23.9 32.1 40.2 46.8 51.9 55 54.3 54.9 47.5 38.4 58.3 63.1 63.5 61.5 75.8 81.3 87.4 94.5 97.8 101.6 114 123.1 131.1 138.1 143.9 150.3 161 172.6 179.2 180.9 182.4 185.4 187.1 195.3 200.1 204.2 218.5 222.3 224.2 226 223.6 230.4 224.8 213.3 224.6 228.9
-1.6 -1.6 -1.6 -1.6 -1.6 -1.6 -1.6 -1.6 -1.6 -1.6 -1.6 -1.6 -1.6 -1.6 -1.6 -1.6 -1.6 -1.6 -1.6 -1.6 -1.6 -1.6 -1.6 -1.6 -1.6 -1.6 -1.6 -1.6 -1.6 -1.6 -1.6 -1.6 -1.6 2.9 7.7 18.9 21.8 25.9 28 31.1 32.1 28.3 25.4 28.4 47.3 64.3 65.8 68.7 69.1 59.2 73.1 81.7 86.6 93.2 98.7 100.1 110.9 120.9 128.7 138.2 144.2 148 157.1 169.8 180.6 186.8 186.7 188.5 189.2 194.8 197.6 203.3 213 225.2 227.3 230.5 230.7 229.5 228.9 234.5 226.4 228.9
-1.6 -1.6 -1.6 -1.6 -1.6 -1.6 -1.6 -1.6 -1.6 -1.6 -1.6 -1.6 -1.6 -1.6 -1.6 -1.6 -1.6 -1.6 -1.6 -1.6 -1.6 -1.6 -1.6 -1.6 -1.6 -1.6 -1.6 -1.6 -1.6 -1.6 -1.6 -1.6 -1.6 0.7 4.2 11.9 13.9 12.8 15.3 10.6 29.3 35.5 46.8 58.1 66.6 75.3 73.4 76.3 74.1 65 67.3 77.9 85 92.9 96.1 99.9 105.2 117 127 135.4 140.1 145.3 150.9 163.5 177.9 186.5 192.7 192.2 193 194.2 196.4 202.4 207.2 222.9 229.9 233 234.9 235.5 236.9 237.2 235.6 240.2
-1.6 -1.6 -1.6 -1.6 -1.6 -1.6 -1.6 -1.6 -1.6 -1.6 -1.6 -1.6 -1.6 -1.6 -1.6 -1.6 -1.6 -1.6 -1.6 -1.6 -1.6 -1.6 -1.6 -1.6 -1.6 -1.6 -1.6 -1.6 -1.6 -1.6 -1.6 -1.6 -1.6 -1.6 2.8 4.6 2.9 7.7 12.8 25 30.7 42.6 57.5 64.6 70.2 77 79.4 78.1 77.3 73.7 64.5 75.6 82 89.6 93 97.9 103.2 113.4 125 133.2 143.7 144.9 149.7 157.7 171.3 183.9 191.2 195.1 196.4 197 199.2 203.6 206.2 216.3 225.8 232.1 234.4 235.9 237.7 240.4 241.6 240.8
-1.6 -1.6 -1.6 -1.6 -1.6 -1.6 -1.6 -1.6 -1.6 -1.6 -1.6 -1.6 -1.6 -1.6 -1.6 -1.6 -1.6 -1.6 -1.6 -1.6 -1.6 -1.6 -1.6 -1.6 -1.6 -1.6 -1.6 -1.6 -1.6 -1.6 -1.6 -1.6 -1.6 -1.6 1.4 3.1 4.4 6.2 17 26 30.9 44.7 55.9 66 74.7 81.5 87.4 87.4 85.4 79.3 61.7 73.8 80 84.8 91.5 97.4 103.7 108.4 119.8 132.1 140.9 143.2 149.1 154 164.4 178.4 188.4 193.9 194.9 199.5 203.6 205.6 208.1 212.1 222.1 228.8 232.8 234.5 237 241.2 243.7 245.9
-1.6 -1.6 -1.6 -1.6 -1.6 -1.6 -1.6 -1.6 -1.6 -1.6 -1.6 -1.6 -1.6 -1.6 -1.6 -1.6 -1.6 -1.6 -1.6 -1.6 -1.6 -1.6 -1.6 -1.6 -1.6 -1.6 -1.6 -1.6 -1.6 -1.6 -1.6 -1.6 -1.6 -1.6 -1.6 3.7 3.4 7.2 14.6 24.7 36.1 43.1 56 64 74.9 84.6 94.2 96.5 95.3 86.3 70.1 70.8 76.8 82.7 87.5 93.4 102.8 108.1 115.8 126.7 136.6 139.7 144.4 151.1 158.1 170.4 181.8 188.1 193.1 200.2 212.3 214.1 217.1 214.5 220.2 225.8 229.9 231.9 234.9 240.5 244 246.4
-1.6 -1.6 -1.6 -1.6 -1.6 -1.6 -1.6 -1.6 -1.6 -1.6 -1.6 -1.6 -1.6 -1.6 -1.6 -1.6 -1.6 -1.6 -1.6 -1.6 -1.6 -1.6 -1.6 -1.6 -1.6 -1.6 -1.6 -1.6 -1.6 -1.6 -1.6 -1.6 -1.6 -1.6 -1.6 -1.6 1.8 6.5 15.2 22.8 35.9 41.8 54.9 64.4 74.7 84.2 96.9 99.5 100.8 91.5 72 73.7 73.5 79.6 83.1 87.8 98.5 106.9 111.9 120.5 129.6 135.6 141.1 147.6 155.7 161 172.1 179.6 186.3 195.4 200 208.5 222.4 227.3 220.9 222.4 225.6 228.5 232.5 237.9 242 245.5
-1.6 -1.6 -1.6 -1.6 -1.6 -1.6 -1.6 -1.6 -1.6 -1.6 -1.6 -1.6 -1.6 -1.6 -1.6 -1.6 -1.6 -1.6 -1.6 -1.6 -1.6 -1.6 -1.6 -1.6 -1.6 -1.6 -1.6 -1.6 -1.6 -1.6 -1.6 -1.6 -1.6 -1.6 -1.6 -1.6 -1.6 2.1 11.3 23.6 31.4 40.4 53 63.5 75 85.2 96 99.9 101 94.8 78.1 79.2 71.2 78.3 81.7 84.4 91.8 103.1 108.9 117.4 125.6 132.9 139.9 145.6 152.1 157.3 163.2 174.2 179 190.1 195.7 200.9 212.7 223.7 230.3 222.2 217.6 221.9 225.8 232.9 238.1 242.3
-1.6 -1.6 -1.6 -1.6 -1.6 -1.6 -1.6 -1.6 -1.6 -1.6 -1.6 -1.6 -1.6 -1.6 -1.6 -1.6 -1.6 -1.6 -1.6 -1.6 -1.6 -1.6 -1.6 -1.6 -1.6 -1.6 -1.6 -1.6 -1.6 -1.6 -1.6 -1.6 -1.6 -1.6 -1.6 -1.6 -1.6 1.5 8.8 20.9 28.8 37.8 50.2 62.8 75.1 89.4 96.5 99.4 100.3 95.2 87.5 75.8 73.6 76.8 81.7 84.5 88.6 95.9 104.6 114.1 123.1 131.1 138.9 144 148 152.5 158.9 167.1 175.6 179.6 191.6 198.4 206.9 223 227.1 226.5 215.4 215.5 218.8 226.1 231.1 236.1
-1.6 -1.6 -1.6 -1.6 -1.6 -1.6 -1.6 -1.6 -1.6 -1.6 -1.6 -1.6 -1.6 -1.6 -1.6 -1.6 -1.6 -1.6 -1.6 -1.6 -1.6 -1.6 -1.6 -1.6 -1.6 -1.6 -1.6 -1.6 -1.6 -1.6 -1.6 -1.6 -1.6 -1.6 -1.6 -1.6 -0.6 3.2 5.1 17.2 28.9 35.9 49 63.3 76.2 90.1 100.4 101.8 100.9 98.3 93.3 75.9 79.2 82 81.5 84.4 88.8 94.2 101.7 110.1 119 128.1 136.4 141.5 144.9 149 155.4 160.9 169.1 176.6 187.1 196.2 203.2 212.5 227.4 225.8 218.5 213.9 216.7 221.2 224.8 229.3
-1.6 -1.6 -1.6 -1.6 -1.6 -1.6 -1.6 -1.6 -1.6 -1.6 -1.6 -1.6 -1.6 -1.6 -1.6 -1.6 -1.6 -1.6 -1.6 -1.6 -1.6 -1.6 -1.6 -1.6 -1.6 -1.6 -1.6 -1.6 -1.6 -1.6 -1.6 -1.6 -1.6 -1.6 -1.6 -1.6 -1.6 -1.6 4.1 17.1 26.1 33.2 47.3 64.2 76.5 89.6 95.8 101.9 105.3 103.5 94.1 81.3 82.6 83 84.6 84.9 86.7 94.8 99.6 107 116.5 124.9 133.2 139.1 142.7 147.3 153.8 157.7 162.9 170.8 182.5 192.7 198.7 204.2 209.6 222.1 221.8 211.5 214.3 218.3 221.7 225.1
-1.6 -1.6 -1.6 -1.6 -1.6 -1.6 -1.6 -1.6 -1.6 -1.6 -1.6 -1.6 -1.6 -1.6 -1.6 -1.6 -1.6 -1.6 -1.6 -1.6 -1.6 -1.6 -1.6 -1.6 -1.6 -1.6 -1.6 -1.6 -1.6 -1.6 -1.6 -1.6 -1.6 -1.6 -1.6 -1.6 -1.6 -1.6 4.7 18.5 24.5 31.3 44.9 69.6 80.9 88.4 93.2 101.2 106.2 107 99.1 86.8 81.2 88.7 85.7 87 92.9 94.2 100.3 106.3 114.5 122.7 130.3 135.8 140.1 144.7 150.2 155.2 159.7 164.2 173.9 185.7 193.9 201.2 204.9 209.8 213.5 210.5 209.6 214.1 218 220.6
-1.6 -1.6 -1.6 -1.6 -1.6 -1.6 -1.6 -1.6 -1.6 -1.6 -1.6 -1.6 -1.6 -1.6 -1.6 -1.6 -1.6 -1.6 -1.6 -1.6 -1.6 -1.6 -1.6 -1.6 -1.6 -1.6 -1.6 -1.6 -1.6 -1.6 -1.6 -1.6 -1.6 -1.6 -1.6 -1.6 -1.6 -1.6 7.8 19.6 26.4 30.2 40.4 69.3 86.5 90.2 90.9 98.7 103.9 106.1 101.1 91.9 80.7 89 89.4 88.7 93.1 97.5 96.8 107.6 114.1 120.5 126.4 131.2 136.2 141.7 147.3 152.5 157 162 166.3 177.3 186.5 194.7 200.4 203.9 207.5 206.3 204.1 209 212.2 214.6
-1.6 -1.6 -1.6 -1.6 -1.6 -1.6 -1.6 -1.6 -1.6 -1.6 -1.6 -1.6 -1.6 -1.6 -1.6 -1.6 -1.6 -1.6 -1.6 -1.6 -1.6 -1.6 -1.6 -1.6 -1.6 -1.6 -1.6 -1.6 -1.6 -1.6 -1.6 -1.6 -1.6 -1.6 -1.6 -1.6 -1.6 -1.6 6 20.9 27.3 29.9 37.4 66.6 86.4 91.6 94.2 97.3 103.4 104.7 104.2 95.2 79.4 91.5 90.3 91.5 94.7 101.2 106.2 110.1 108 116.1 123.1 128 133.4 138.8 144.3 149.7 154.6 158.2 160.8 168.7 178.2 185.6 191.7 194.9 201 203.3 198.6 202.7 203.6 210.2
-1.6 -1.6 -1.6 -1.6 -1.6 -1.6 -1.6 -1.6 -1.6 -1.6 -1.6 -1.6 -1.6 -1.6 -1.6 -1.6 -1.6 -1.6 -1.6 -1.6 -1.6 -1.6 -1.6 -1.6 -1.6 -1.6 -1.6 -1.6 -1.6 -1.6 -1.6 -1.6 -1.6 -1.6 -1.6 -1.6 -1.6 -1.6 3.1 20 26.5 29.6 35.2 63.6 82.3 91.5 96.3 98.1 103 107.4 105.8 100.8 83.5 86.4 90.4 93.4 94.7 101.9 108.4 114.1 117 119.7 114.3 125.9 130.8 136.1 141.9 144.7 150.9 155 157.8 161.4 170.2 177.2 182.9 187.9 195.2 198.9 199 199.2 201.8 205.4
-1.6 -1.6 -1.6 -1.6 -1.6 -1.6 -1.6 -1.6 -1.6 -1.6 -1.6 -1.6 -1.6 -1.6 -1.6 -1.6 -1.6 -1.6 -1.6 -1.6 -1.6 -1.6 -1.6 -1.6 -1.6 -1.6 -1.6 -1.6 -1.6 -1.6 -1.6 -1.6 -1.6 -1.6 -1.6 -1.6 -1.6 -1.6 1.4 13.5 24.4 28.7 34.2 58.7 83.1 99.1 99.1 99.7 102.1 110.6 108 101.5 95.7 85 91.3 95 102.2 103.6 111 117.9 120.1 120.7 125.2 119.9 129 133.8 136.6 143.9 147.5 151.1 154.8 158.4 161 168.9 174.9 180.8 188.5 194.3 197.3 196.5 198.5 201.4
-1.6 -1.6 -1.6 -1.6 -1.6 -1.6 -1.6 -1.6 -1.6 -1.6 -1.6 -1.6 -1.6 -1.6 -1.6 -1.6 -1.6 -1.6 -1.6 -1.6 -1.6 -1.6 -1.6 -1.6 -1.6 -1.6 -1.6 -1.6 -1.6 -1.6 -1.6 -1.6 -1.6 -1.6 -1.6 -1.6 -1.6 -1.6 1.3 9.7 24.9 28.5 35.3 57.3 78.5 99.7 106.9 105 101.8 105.4 106.7 101.6 98.1 91.4 90.5 96.6 104 105.7 113 125.5 126.6 122.1 127.3 129.6 125.8 126.7 138.2 145.4 150.5 155.4 160.5 163 165.3 171.1 175.7 180.5 183.7 187.5 190.2 195.8 198.1 201.2
-1.6 -1.6 -1.6 -1.6 -1.6 -1.6 -1.6 -1.6 -1.6 -1.6 -1.6 -1.6 -1.6 -1.6 -1.6 -1.6 -1.6 -1.6 -1.6 -1.6 -1.6 -1.6 -1.6 -1.6 -1.6 -1.6 -1.6 -1.6 -1.6 -1.6 -1.6 -1.6 -1.6 -1.6 -1.6 -1.6 -1.6 -1.6 0.7 4.7 20.4 28.5 40.2 59.1 75 98.8 110.1 112.1 106.5 102.7 106.6 104.8 101.7 96.7 90.2 96.6 102.1 112.9 113.3 126.1 132.3 128.7 129 133.9 134.1 129.9 141.1 147.5 152.6 157 164.1 169.1 172.2 172.7 182.5 187 190.1 192.8 195.6 195.4 197.6 200.7
-1.6 -1.6 -1.6 -1.6 -1.6 -1.6 -1.6 -1.6 -1.6 -1.6 -1.6 -1.6 -1.6 -1.6 -1.6 -1.6 -1.6 -1.6 -1.6 -1.6 -1.6 -1.6 -1.6 -1.6 -1.6 -1.6 -1.6 -1.6 -1.6 -1.6 -1.6 -1.6 -1.6 -1.6 -1.6 -1.6 -1.6 -1.6 2.4 2.4 21.1 30.5 47.5 58.5 74 93.7 108.9 114 111.6 104.8 104.6 105.3 105.2 102.8 89.9 98.6 102.2 115.2 121 121.7 133.5 135.7 131.9 136.8 138.7 133.6 141.9 148.8 155.7 159.6 164.1 170.5 175.8 175.1 184.1 190.3 191.3 197.9 198.1 197.6 200.2 201.7
-1.6 -1.6 -1.6 -1.6 -1.6 -1.6 -1.6 -1.6 -1.6 -1.6 -1.6 -1.6 -1.6 -1.6 -1.6 -1.6 -1.6 -1.6 -1.6 -1.6 -1.6 -1.6 -1.6 -1.6 -1.6 -1.6 -1.6 -1.6 -1.6 -1.6 -1.6 -1.6 -1.6 -1.6 -1.6 -1.6 -1.6 -1.6 5.6 11.8 12.9 29.9 49.5 57.7 76.7 93.9 104.3 113.4 112.5 107.8 104.1 105 105.6 105.7 96.9 97 100.4 114.9 124.4 129.3 132.5 138.4 134.9 139.4 141.8 140.3 139.9 149.8 158.4 162.3 167.4 174.6 179.8 181.3 182.5 191.1 194.2 198 200.5 204.7 205.5 207
-1.6 -1.6 -1.6 -1.6 -1.6 -1.6 -1.6 -1.6 -1.6 -1.6 -1.6 -1.6 -1.6 -1.6 -1.6 -1.6 -1.6 -1.6 -1.6 -1.6 -1.6 -1.6 -1.6 -1.6 -1.6 -1.6 -1.6 -1.6 -1.6 -1.6 -1.6 -1.6 -1.6 -1.6 -1.6 -1.6 -1.6 -1.6 -1.6 10.3 13.6 23.6 47.6 56.4 75.8 94.4 104.6 113.7 117 111.7 105 103 105.8 106.7 102.7 97.8 98.6 108.7 120.5 129.2 133.5 135.1 137.5 142.9 147.7 146.8 143.5 151.3 159.3 165.3 170.6 177.8 184.8 187.4 186.9 193.1 198.8 203.1 202.4 206 208.2 212
-1.6 -1.6 -1.6 -1.6 -1.6 -1.6 -1.6 -1.6 -1.6 -1.6 -1.6 -1.6 -1.6 -1.6 -1.6 -1.6 -1.6 -1.6 -1.6 -1.6 -1.6 -1.6 -1.6 -1.6 -1.6 -1.6 -1.6 -1.6 -1.6 -1.6 -1.6 -1.6 -1.6 -1.6 -1.6 -1.6 -1.6 -1.6 -1.6 10 14.2 19.8 41.8 55.9 74.6 91.3 101.6 111.9 121.1 118.6 105.1 102.8 106.7 107.8 107.1 102.2 97.7 104.5 114.3 127.1 138 135.4 138.3 144.4 148.3 151.6 152 154.5 160 166.2 174.4 181.4 189 194.2 195.3 189.7 200.4 205.3 206.8 209.8 215.2 216.8
-1.6 -1.6 -1.6 -1.6 -1.6 -1.6 -1.6 -1.6 -1.6 -1.6 -1.6 -1.6 -1.6 -1.6 -1.6 -1.6 -1.6 -1.6 -1.6 -1.6 -1.6 -1.6 -1.6 -1.6 -1.6 -1.6 -1.6 -1.6 -1.6 -1.6 -1.6 -1.6 -1.6 -1.6 -1.6 -1.6 -1.6 -1.6 -1.6 6.1 15.8 18.5 31.6 53.3 69.2 86.5 100.1 108.1 118.6 121.2 109.4 103.4 105.5 109.9 109.4 107.8 102.9 103.3 111.9 122.2 136.1 142.9 136.5 144.3 148.6 152.4 156.6 158.8 160.5 167.2 175.5 183.1 190.4 198 203.9 200.6 195.7 204.6 208.4 214 218.3 220.8
-1.6 -1.6 -1.6 -1.6 -1.6 -1.6 -1.6 -1.6 -1.6 -1.6 -1.6 -1.6 -1.6 -1.6 -1.6 -1.6 -1.6 -1.6 -1.6 -1.6 -1.6 -1.6 -1.6 -1.6 -1.6 -1.6 -1.6 -1.6 -1.6 -1.6 -1.6 -1.6 -1.6 -1.6 -1.6 -1.6 -1.6 -1.6 -1.6 7.7 16.3 17.5 22.1 47.6 62.2 83.3 98.3 109.1 116.2 121.6 112.8 105.5 106.1 112.6 113.1 113 109.9 104 114.9 120 131.7 144.1 139.2 143.5 149.4 152.8 157.2 160.3 161 167.6 174.2 185 193.2 199.6 209 213.2 208.3 208.6 211.4 216.5 222.1 228.1
-1.6 -1.6 -1.6 -1.6 -1.6 -1.6 -1.6 -1.6 -1.6 -1.6 -1.6 -1.6 -1.6 -1.6 -1.6 -1.6 -1.6 -1.6 -1.6 -1.6 -1.6 -1.6 -1.6 -1.6 -1.6 -1.6 -1.6 -1.6 -1.6 -1.6 -1.6 -1.6 -1.6 -1.6 -1.6 -1.6 -1.6 -1.6 -1.6 -1.6 14.7 16.8 19.7 37 54.4 75.2 93.4 108.2 117.6 120.9 114.7 107.1 107.2 113.5 118 116.7 115.7 109.3 118.2 124.5 129.6 141.6 142.6 147.3 150.3 153.3 157.8 159.4 161.7 167.3 174.2 183.4 196.2 203.2 209 220.1 220.5 210.1 215.6 216.6 220.8 228.6
-1.6 -1.6 -1.6 -1.6 -1.6 -1.6 -1.6 -1.6 -1.6 -1.6 -1.6 -1.6 -1.6 -1.6 -1.6 -1.6 -1.6 -1.6 -1.6 -1.6 -1.6 -1.6 -1.6 -1.6 -1.6 -1.6 -1.6 -1.6 -1.6 -1.6 -1.6 -1.6 -1.6 -1.6 -1.6 -1.6 -1.6 -1.6 -1.6 -1.6 12.3 16.3 18.6 26.4 49.6 66.8 82.6 99.3 113.3 117.6 116.6 108.6 111.2 112.4 116.1 120.4 122.4 119.3 117.5 127.1 133.7 136.2 142.4 149.2 158.4 157.3 159 161.2 163.3 166.5 173 179.5 191.8 203.3 207.5 215.6 224.8 223.5 215.8 217.3 220.7 227.7
-1.6 -1.6 -1.6 -1.6 -1.6 -1.6 -1.6 -1.6 -1.6 -1.6 -1.6 -1.6 -1.6 -1.6 -1.6 -1.6 -1.6 -1.6 -1.6 -1.6 -1.6 -1.6 -1.6 -1.6 -1.6 -1.6 -1.6 -1.6 -1.6 -1.6 -1.6 -1.6 -1.6 -1.6 -1.6 -1.6 -1.6 -1.6 -1.6 -1.6 -1.6 8.5 15.9 23.1 45.5 62.3 74.4 89.2 102.9 114.1 118.7 117.1 111.7 113.1 115.3 120.6 125.8 126.6 119.8 131.2 134.5 143.4 144.1 150.5 161.1 165.3 159.9 164 163.5 165.9 169 176.4 183.1 194.1 201.3 205.9 211 223.5 224 220.6 221.8 225.5
