WholeMapElevations/data/nx/nx69_OST50GRID_20230518/NX69.asc
ncols 200
nrows 200
xllcorner 260000
yllcorner 590000
cellsize 50
[rows 140 to 174 of 200, columns 0 to 77 of 200]
232.6 238.5 239.1 238.7 241.6 241.3 241.5 242.3 245 241.4 245.2 247.5 252.3 254 263.6 266.5 264.9 273 279.4 284.7 293.7 298.1 301.5 308.5 313.2 314.8 314.4 315.7 315.8 315.4 314.7 311.5 307.9 303.7 298 295.7 293.4 291.3 289 286.3 283.8 282 281.4 281.5 282.3 282.7 280.8 279 275.4 272.5 269.7 267.6 265.2 262 257.8 254 250.8 246 240 235 229.1 224 220.6 216 209.9 203 197.8 195.1 191.4 190.3 190.5 196.2 199 209.1 214.8 220.2 226.1 228.3
227.1 230.5 232.6 236.8 238.1 239 240.9 242.3 240.6 239.5 242.6 245.5 250.2 254.5 262.4 262.9 264.4 272.3 278.2 285.7 291.8 298.7 304.6 309.5 314 315.1 314.8 317.3 316.9 315.9 314.9 313.1 309.3 305.1 300.5 297.8 294.7 292.3 290.1 287.4 285.7 283.9 283.8 284.2 283.6 283.8 283.2 281.1 276.9 274.2 271.6 269.9 266.8 263 259.1 254.8 250.4 245.8 238.3 235.6 230.5 222.7 219.4 214.7 211.1 203.2 197.5 194.7 192.3 190.4 191 193.8 197.8 206.3 211.9 218.4 222 227.8
225.1 227.1 231.1 233 234.8 238.1 240.6 239.8 237.5 237.9 240.6 243.8 249.7 253.4 254.7 261.5 266.7 272.6 278.6 286.9 292.1 299.6 306.5 309 312.9 314.3 318.3 319.8 319.4 317.1 317.3 315.3 311.7 309.6 304.5 301.4 297.2 293 291.1 290.1 287.3 288.3 287.3 286 284.6 283.9 282.9 279.7 277.9 276.4 274.5 271.2 269.6 265.1 261.4 254.2 248.3 243.6 236.1 232.2 228.4 223.1 217.6 213.1 209.1 204.4 198.5 195.1 193.5 192.1 190.5 192.3 196.7 205.1 209.3 217.5 222.5 227.7
222.4 225.1 226.2 229.9 232 235.7 237 232.2 233.7 237.1 238.9 241.1 247.6 249.8 254.1 259.6 267.2 273.9 278.8 287.3 292.7 298.1 304.1 309.6 313 314.2 320.6 323.8 323.3 324.1 322.6 320 317.7 313.8 310 306.9 300.4 295.3 295 293 291.9 293.2 291.2 289 287.2 284.7 283.3 282.5 280.1 279.4 277.4 274.3 271.1 268 261 252.9 246.6 241.7 235.2 232.8 227 220.3 216 211.9 207.9 202.7 196.9 194.6 193.8 190.9 188.4 192.3 195.4 204 211.3 215.7 222.5 230.4
222.8 221.5 224 227 228.8 230.3 232.6 231.9 233.6 234.9 235.7 240.1 244.5 248.4 252.9 257.4 265.9 273.6 278.5 284.5 291.8 297.9 303.7 309.5 312.6 318 323 325.9 326.5 327.2 324.6 324 321.6 317 313 310.9 304.5 301.8 299.9 297.3 296.9 296.4 295.2 291.4 289 286.8 284.9 282.9 281.4 280.6 279.8 276.9 272.5 264 254.9 251.5 246.5 242 236.6 230.8 226.4 219.9 215.2 212.4 207.8 202.2 196.6 195.2 192.8 191.1 188.6 192.6 197.7 205.4 208.7 216.9 226.1 230.1
216.1 217.7 222.4 222.8 226 226.7 229.2 230.5 231.4 231.7 234.9 243 244.2 248.8 252.7 256.7 264.5 270.8 277.2 284.3 290.9 297.2 303.8 310.1 316.7 320.3 324.8 327.4 328 329.5 328 329.3 326.9 324.5 318.7 312.1 309.1 305.7 304.3 300.2 300.4 299.4 296 295.4 292.3 287.9 287.1 283.9 282.9 280.7 278.5 275.7 265.1 261.1 258 253.6 246.2 239.9 232.9 228.2 223.9 218.1 212.5 207.7 204.8 200.4 197.4 195.8 191.9 191.1 188.9 191.2 195.8 203.6 208.8 217.5 226.7 229.3
212.1 216.4 217.5 220.1 223 225.3 224.4 228 229.5 229.8 236.1 239.7 245.3 248.8 253.9 257.6 264.6 269.7 276 282.8 290.6 296.9 303.3 310 316.8 321.5 326.3 329.1 331.4 334.2 333.4 333.6 332 327.6 321.5 316.6 313.7 310.5 304.9 304.6 303.1 300.8 302.4 298.4 292.6 288 287.2 284.6 282.4 280.3 272.9 267.1 263.9 263.5 258.7 249 244.6 238.3 232.3 226.7 221.4 216.1 211 207.3 203 199.8 197.9 195.2 191.6 190 187.9 190.2 197 203 206.6 216.4 226 231.7
209.9 212.5 215 218.6 220.9 222.1 222.2 223.3 227.8 233 236.9 239 245.2 247.4 250 255.1 262.1 266.8 274.8 281.6 289.2 295.9 303.8 310.2 316.6 322.7 328 332.3 336.5 337.5 340.8 341.2 336.8 332.7 326 321.2 317.3 313.9 310.6 307.1 304.9 303.1 300.3 294.7 291.6 287.4 284.9 286.7 280.1 276.1 271.5 269.4 264.2 261.8 256.6 248.2 242 235.9 230.4 226 219.4 214.8 210.3 207.1 204.2 199.8 197 193.3 191.6 189.8 187.5 191.1 195.7 202.6 208.6 217.8 229.2 237.2
208.7 210.5 215.4 217.3 218.9 219 220.1 222.3 228.7 234.5 236.2 239.9 244.2 245.5 249 254.2 260.5 267.2 274 280.7 287.4 294.4 302.2 309.9 316.3 323.5 329.2 335.6 339.3 345.6 348.4 348.4 346.3 340.7 334.1 326.8 320.5 314.6 311.4 306.4 305.4 300.7 297.5 292.1 290.1 286.9 282.9 282.2 277.3 273.2 270.2 265.2 261.1 259.1 253.6 245.8 239.4 233.2 228.9 223.5 218.3 213.5 208.9 206 203.3 198.4 196.4 193.1 191.9 189.7 187.7 189.6 195.8 203.1 211.4 220.6 230.7 237.6
207.7 208.4 212.9 216.5 216 217 219.5 223 229.9 235.5 234.2 237.9 241.1 242 247.3 252.4 259 265.4 272 278.6 285.8 292.9 300.6 308.2 316.1 322.1 329.1 336.8 344 351.1 354.6 356.2 355.5 349.7 341 334.1 326.8 319.1 313.5 308.6 304 300.3 295.3 291.9 287.7 283.2 281.2 276.9 274.4 272.4 268.1 263.5 259.8 257.1 249.3 242.4 236.1 231.9 225.6 219.4 215.2 210.8 206.8 204.3 201.2 198.1 196 193.7 193.2 189 188.1 192.6 196.6 205.1 218.5 225.7 231 239
207 207.5 208.9 213.4 213.1 217.4 220.1 224.1 232.3 232.4 232.3 234.8 237.7 239.7 243.4 250.6 256.7 263.2 270 277.5 284 291.4 299.4 307.5 314.7 321.5 329.8 337.7 346.5 354.3 361.1 362.8 362.9 358.8 349.5 341.1 329.5 321.8 315 309 303 297.4 293.2 289.7 284.8 280.8 276.8 274.6 272.8 267.3 264.1 262.2 258.2 255.1 249.5 240.2 235.2 229.6 222.5 217.8 213.8 208.8 205 203.9 201.4 196.8 194.4 193.1 191.4 188.4 186.7 193 197.2 209.6 217.1 224.6 233.1 239.2
205.9 208 209 211.9 214.2 216.8 220.2 225 230.5 230.1 233 233.5 236.3 239.3 242.5 248.7 254.3 261.5 268.2 275.1 282.3 290.5 298.3 307.2 313.7 322.6 331.5 340.6 349.7 359 367 370.3 369.4 366.4 356.6 342.9 329 321.5 315.1 308.5 303.4 295.9 290.2 286.5 281.4 279 275.4 272.8 267.2 264 262.9 259.5 253.2 252.3 247.8 240.6 232.1 225.4 221.6 216.2 211.1 206.5 203.8 202.8 197.9 195.4 194.1 191.8 190.4 187.4 187.6 190.9 195.6 203.1 213.8 224.1 230.7 242.1
205.3 208.2 209.1 210.5 213.6 217.4 221.3 224.6 225.1 229.4 230.2 231.3 235.8 234.3 240.2 245.4 253.5 260.5 266.9 273.4 281 289.3 298.1 305.7 313.2 323.4 333.7 343.8 353.3 363.1 373 376 376.4 370.3 359.9 341.9 333.9 325.5 314.5 308.6 300.3 293 288.5 282.9 280.7 276 272.4 268.5 261.9 257.7 256 254.9 250.3 246.9 244.8 239.6 231.5 222.2 216.4 212.9 207.5 204.8 202.5 200.7 197.8 194.7 193.2 191.6 189.7 185.9 188.3 191.2 194.5 204.8 215.4 225 234.9 245.8
203.8 207.5 208.2 210.2 216.4 218.7 220.8 219.4 223.8 227.5 228.8 226.5 232.1 230.9 237.6 243.5 251.4 258.6 265.5 271.4 279.6 288.6 296.9 304.1 312.3 321.9 332 343.3 354.7 364.5 376.2 381.5 376.4 365.8 356.3 344.7 331.1 323.2 313.3 303.8 298.4 291.5 285.3 280.1 276.3 272.6 268.5 260.9 258.3 255.6 255.1 250.8 248.2 243.7 241.4 237.6 230.1 220.6 213.4 210.7 206.5 202.2 201 198.9 196.2 193.7 192.1 190.7 189.9 187 188.3 191.6 197.9 207.1 216 226 235.7 245.6
206 206 206.6 210.5 215.4 218.4 221.7 217.3 222.1 224.1 224.8 225.3 230 228.7 236.5 243.1 249.5 257.1 263.8 269.9 278.7 286.5 295.2 303.7 314 317.1 328.6 343 353.7 365.6 374.2 379.8 377.7 367.5 353.9 339.5 330.2 319.7 308.6 303.3 295.4 288.8 284 278.1 273.4 269.6 266.9 258.9 255.8 253.1 248.8 245.9 243.8 240.9 237.1 233 228 219.8 211 206.8 203.3 201.9 200.2 197 194.5 192.3 190.7 190.8 189.7 186.9 187.5 192.8 198.8 205.2 214.7 224 234.8 245.8
202.9 205.6 206.7 209.5 214.7 215.2 214.2 217.7 222.2 221.2 222.4 227.3 223.7 228.5 238.3 243.4 249.5 256.7 263.4 270 278.8 286.8 294.6 303.9 315 321.6 331.1 341.5 352.1 363.4 370.8 374.5 371 363.6 353.1 339.8 328.8 316.2 305.6 300 292.2 287.2 279.1 274.9 271.3 267.5 260 257.4 254.2 250.3 245.3 241.8 239.3 234.8 234.1 229.1 224.4 218.3 208.1 205.7 202.1 199.3 197.7 195.6 193.3 190.6 189.8 189.6 189.6 186 187 193.5 198.5 204.8 213.5 222.7 234.5 246.9
202.7 203.5 204.6 207.4 212.6 210.3 211.2 214.3 216.1 216.4 217 220.2 220.3 230 237.4 242.3 248 256.1 263.3 268.7 277.2 285.7 294.6 303.5 313.6 321.1 330.4 341 350.3 362.1 365.1 366.5 362.8 359.4 348.4 340.4 326.8 313.5 303.1 292.4 288.6 283.6 274.7 270.5 267.5 264 257 256.2 250.6 245.4 242.6 238 234.8 230.3 229.6 226.4 220 216.5 207.9 205.1 201.9 198.9 197.1 195 192.2 189.6 189.3 189.3 191.8 189.2 186.5 192.4 199 205 215 228 235.3 244.1
198.2 201.8 203.1 207.8 208.6 209.2 209.2 213 214.1 212.7 216.6 216.9 225.5 232.9 236.9 241.1 249.4 256.1 262 268.8 276.4 284.9 293.9 302.5 312 320.5 329.6 338.9 346.9 353.6 358.4 360.7 354.7 350.2 343.9 332.9 321.4 312.5 300.5 291.5 283.6 277.8 270.9 266.6 261.6 258.4 255.6 252.2 246 242.8 236.3 232.6 230.4 227.6 227.2 222 216.6 213.1 207.2 202.2 198.8 198.3 195.9 193.6 191.5 189.3 188.3 191.8 191.9 190.3 184.6 190.9 201.5 212.5 224.8 233.9 231.9 229.7
197.3 197.9 200.8 203.6 206.9 205.4 205.6 207.9 209.1 210.4 212.5 220.8 227.7 232.7 236.9 240.6 247.4 254.1 261.2 267.9 276.2 283.7 292.3 301.1 309.7 318.2 326.8 333.8 341.1 346.5 348.8 348.6 347.6 344.8 336 326.4 315.8 307.2 296.1 287.5 279.2 271.5 267.7 264.1 261.2 255.1 249.4 246.6 242.5 239.2 231.6 228.9 224.7 223.8 223.1 218.5 213.9 211.4 206.1 201.4 197.3 195 194.3 190.7 189.2 188.5 187.5 191.6 189.3 186 185.5 194.9 207.3 224.8 230.4 223.7 223.1 227.2
192.5 199.5 196.9 198.8 202.9 202.7 202.4 204.8 208.2 207.2 212.6 220.6 226.2 231 234.5 238.4 245.3 252.4 259.8 266.5 273.3 281.4 289.7 297.6 305.6 313.6 321 328 333.2 337.8 339.8 338.7 339.9 333.6 328.3 318.4 308.7 301.7 292.6 283.7 274.1 265.9 262.5 259.4 255.1 247.8 245.4 243.1 239.6 234.5 228.7 222.8 221.2 221.1 219.3 215.5 210.1 209.8 205.3 200.7 196.8 194.8 195 190.6 188.9 187.9 185.9 191.2 185.8 185.4 184 202.1 207.9 213.1 214.9 222.3 225 226.5
189.6 190.4 193.8 194.5 197.7 200.4 199.8 204.4 204.8 202.9 208.9 217.2 222.6 227.5 232.7 238.3 244.4 251.5 258 263.9 271.3 278.3 286.8 294.7 301.6 308.2 314.9 321.5 325.8 329 332.3 332.6 329.3 327 320.3 309.8 303.6 296 287.1 278.5 270.6 259.7 255.1 253.2 249.5 244 241.4 238.2 235.4 229.5 224.7 220.7 219 216.8 214.1 210.8 208.8 206 203.7 200.2 196.1 194.5 193.4 191.3 188.7 187.8 186.1 189.5 184.9 185.5 199.7 200.8 196 201.8 214.7 221.2 222.4 221.4
184.9 188.5 190 192.4 192.7 192.3 197.2 199.4 197.1 204.6 211.4 216.3 221.5 227.9 233.2 237.9 243.5 249.9 255.9 262.6 269.1 275 282 289.3 296.2 303.1 308.6 313.5 317.7 321 323.7 324 320.9 317.9 311.2 303.6 297 291 282.6 273.7 264 254.8 250.3 248.6 243.3 241 238.7 234.6 227.9 225 221.2 219.3 218.1 214.7 209.2 207.1 207.3 202.8 200 195.7 194.7 194 192.1 191.4 189.2 188.6 184.7 183 185.3 187.4 188 189.3 199.3 201.4 207.9 216.6 218 216.4
180.3 187 184.3 185.7 185.1 189.9 190 191.3 198.6 205.4 211.4 216.3 222 227 231.6 236.1 242.3 248 254.1 260.1 265.3 271.2 277.2 283.9 291.5 298 302 306.2 310.5 313.9 315.8 315.7 313.1 308.2 302.9 296.6 292 284.4 275.6 266.9 256.7 252.4 246.5 245 242.6 235.7 232.5 230.8 227 221.2 221.2 218.4 216.7 213.7 205.9 200.7 199.7 197.9 196.8 195.3 195 192.7 191.6 189.1 187.6 184.5 185.3 184.4 185.4 185.2 186.5 191.3 195.6 200.7 203.9 209.3 214.9 213.3
176.5 182.4 179.3 180.7 181.9 185.8 190 193.2 199.6 205.6 210.6 215.1 218.8 223.8 228.3 234.2 240.6 245.2 251 256.2 261.5 266.9 272.6 278.9 285.7 291.8 297.5 301.6 304.7 307.4 308.1 308.5 305.2 298.7 293.9 285.5 285.6 275.7 268.5 263.3 252.6 247.9 243.8 242.3 240.1 233.5 227.1 224.5 222.5 219.6 219.2 213.9 211.9 207.3 203.1 200.6 199.2 196.7 194.3 192.7 192.4 192.1 189.9 186.1 185.7 184.2 184 184 184.8 184.9 185.9 188.3 193.5 198.6 201.8 204.1 207.8 209.7
175.4 177.4 179.6 176.6 180.6 185.9 188.9 192.9 198.6 202.9 206.6 211.4 216.1 220 225.9 232.4 237.5 242.1 247.8 252.3 257.4 262.5 268.2 274 279.1 286 291.3 295.7 299.1 300.7 300.9 299.5 298.1 293.9 287.1 285.1 276.5 271.5 264.5 257.6 248.3 245.7 244.1 238.5 235.2 227.2 224 220.5 217.2 214.4 213.8 208.5 207.9 205.1 201.9 200 197.8 195.9 193.7 191.1 189.8 188.9 186.6 185.9 185.5 184 183.7 183.6 183.5 183.8 183.8 186.5 190.8 196.1 200.2 202.1 203 203.7
172 175.5 173.7 174.5 180.2 183.7 187.2 191.3 195.4 198.1 201.2 206.4 212.5 216.7 222.8 228 233.6 238.6 244.1 249.2 253.3 258.7 263.3 268.4 273.8 279.8 284.8 289.5 293.1 294.1 294.6 295.8 292.3 288 283.2 276.7 272.7 266.4 259.4 252.7 250.7 245.2 239.6 234.3 229.9 224.8 219.4 217.7 214.7 211 207.9 207.3 203.5 201.9 199.9 198.9 195.2 193.2 192.1 189.3 186.6 186.4 185.7 185.2 187 187.7 181.8 182.4 182.9 183 183.2 185.8 188.5 193.1 197.4 198.9 199.5 199.9
169.1 168.3 167.5 172.9 176.8 180.2 184.9 190.1 191.3 195 197.3 202.2 208 214.5 219.2 224 229.3 235.2 240.7 244.5 249.7 254.4 259 264.3 269 273.7 278.3 283 286.7 288.3 288.1 288.4 288.4 284.8 280.9 275.8 270 261 255 250.3 248.5 240.4 233.6 229.8 225.2 220.5 213.2 210.6 211 211.2 207.5 204.9 202.3 201.4 200.5 199.6 195.2 191.8 190.3 188.9 186.3 186.6 184.7 184.8 185.8 185.7 186 182.6 181.8 182.1 182.5 183.2 187.7 190.6 192.8 195.1 195.3 195.2
164.3 161.9 165 168.1 172.6 176.1 180.2 185 188.2 191.4 194.5 198.7 202.8 209.1 214.6 220.3 225.6 231.5 236.1 240.7 245.5 249.5 254.4 259.9 264.2 268.4 272.1 277.6 281.8 283.4 284.4 284.6 283.9 282.1 279.1 274.4 268.3 258.5 250.9 249.5 241.4 236.8 230.4 224.6 218.6 215.1 210.2 209.4 209.3 207.5 203.3 200.9 201.3 201.7 197.4 198.4 194.8 191.8 188.4 187 185.8 185 184.7 184.6 185.2 185.6 183.5 181.9 183.1 183 181.8 182.9 185.2 187.8 189.5 190 191.3 192.8
157.9 156.5 158.1 162.8 168.7 172.6 176.5 180.3 184.7 187.9 191.3 192.6 197.5 203.3 208.1 214.3 222.6 227.5 232.1 237.2 241.1 244.1 250 255.6 259.3 262.6 266.4 271.6 278 281.4 281.4 282.3 281.8 280.5 279.1 272.8 263.4 255.5 252.7 249.1 236.8 230.6 226.2 221.2 215.2 211.3 209.1 206.5 205.1 203.7 199.6 199.7 198.4 199 194.7 194.1 192.7 190.9 187.9 186.1 185.5 184.2 184.6 184.9 185.5 185.4 181.7 182.1 182.6 182.7 182.7 182.6 180.5 185.4 186.6 188.4 189.5 190.9
154.3 154.5 154.7 159.7 166.4 170.7 174.6 177.8 181.4 185.6 186.2 188.6 191.8 196.5 204.2 213 218.6 222.6 227.7 233.3 236.9 240.6 244.7 250.8 253.5 257 261.8 265.9 273.1 276.9 278.7 279.6 279.7 279.2 277.6 271.7 259.2 257.3 252.6 242.9 236.6 229.1 221.3 216 211.6 209.6 205.3 202.5 201.6 200 198 195.7 197.9 197 194.5 194.5 193.8 191.5 188.3 186.9 185.9 184.1 184.4 183.9 185.6 184.9 181.5 181.8 182 182.3 182.1 182.1 182.2 185.6 186.9 188 195.6 189.6
154.5 154.5 154.5 158.3 164.4 168 171.1 173.3 178.4 179.4 179.9 182 188.6 196.9 203.9 209.9 215.9 220.3 224.3 228.5 232.8 235.2 238.6 244.3 248.2 251.1 255.1 259.5 266.3 271.3 273.4 278.8 280 280.3 275.2 268.9 259.1 256.7 247.5 238.3 232.9 226.6 221.6 211.3 209 206.9 205.4 202.5 198.5 198.2 197.2 193.7 192.5 194.3 194.6 193.5 192.1 190.8 188.6 186.9 185 184.7 183.8 183.8 185.2 184.6 181.1 181.1 181.4 182.1 181.7 182 182.5 185 185.8 186.8 189.9 188.6
157.3 154.5 154.5 154.5 161.2 164.5 167.5 170.4 175.5 174.7 174.5 179 185.7 192.3 198.9 205.7 209.6 216 218 221.9 225.5 231.6 233.9 239.2 242 245.6 249.8 254.7 259.4 266.4 273.3 279.7 280.7 275.1 269.7 263.4 257.2 248.5 243.9 237.3 227.7 226 220.1 213.4 205.4 204.3 205.6 199 195.9 196 193.9 191.8 192.8 190.5 192.7 191.6 190.6 188.9 188.7 187.5 185.9 185.1 182.5 182.4 183.2 184.6 180.6 181 181.1 181 181.2 181.9 182 182.3 184.7 186 188.2 187.8
163.1 157.4 154.5 154.5 154.5 161.6 165.1 167.3 170.7 171.7 171.7 177.1 183.1 187.7 194.3 202.9 205.6 210.5 214 219.5 218.8 226.6 230.5 234.1 236.6 240.8 245.3 249.3 254.3 259.6 267.5 275 272.8 268.5 262.1 257.3 251.7 245.5 240.5 232.2 227.2 222.6 217.7 212.8 205.5 202.6 199.6 195.9 194.1 193.3 190.7 189.9 191.8 188.9 191 190 189.5 188.5 187.7 186.7 185.8 185.1 182.4 181.6 181.9 184.9 179.1 180.4 179.6 179.9 181 181.2 182 181.6 184.4 185.3 185.9 186.9
167 164 157.4 154.5 154.5 156.3 162 165 163.8 167.8 168.2 173.8 179.8 185.3 189.8 196.5 202.2 205.9 208.4 207.1 214.8 220.6 225.1 227.1 230.1 236.5 238.3 244.1 249.2 254 257.9 259.5 260.8 260.5 256.6 251.3 246.3 240 233.4 229.8 226.1 219.8 215.3 211.6 205.2 198.6 196 195.8 194.1 191.1 189.9 189 191 188.1 189.3 189.1 189.1 188.7 187 186.4 185.7 184.5 182.9 182 180.9 183.5 179.3 180.3 181.2 181.6 179.7 180.2 181.7 182.2 184 184.9 185.6 184.9
171.6 166.3 162.8 156.7 154.5 154.5 154.5 154.8 163.1 163.6 165.6 170.3 175 179.7 185.6 190.9 194.9 196.7 200.5 202.3 210.2 212.9 217.4 223.1 227.8 231.9 234.5 238.8 241.3 245.7 246.3 248.7 248.8 249.7 250.3 245.8 238.1 233.2 228.2 227.2 222.1 215.8 210.3 207.4 201.3 196.4 194.2 193.1 191.9 189.7 189.2 187.3 189.2 187.7 187.5 189 188.7 187.8 187.3 186.9 185.4 184 182 180.5 180.9 180.3 178.2 180.7 180.8 181.3 181.3 181.2 182 182 182 181.8 182.6 185.5
