WholeMapElevations/data/sd/sd39_OST50GRID_20230518/SD39.asc
ncols 200
nrows 200
xllcorner 330000
yllcorner 490000
cellsize 50
[rows 72 to 107 of 200, columns 81 to 161 of 200]
198.5 201.3 204.5 205.2 207.4 203 201.9 200.3 198.5 190.2 184.4 178.4 175.7 175.2 167.7 165.6 166.6 163.3 160.3 158.2 148.8 138.7 122.7 113.7 116.9 119.4 117 105.7 99.2 96 91.7 89.1 77.6 67.5 66.3 67.8 70.7 69.5 65.5 65.5 65.5 65.5 65.5 65.5 65.5 65.4 70.6 72.7 80.2 92.9 105.5 115.2 124.9 139.8 151.9 160.7 170.1 174.8 177.9 172.2 164.1 153.3 145 138.2 136.5 132.3 132.8 140.1 147.9 155.5 161.9 168.6 175.8 179.4 181.6 182.7 185.7 189.5 197.1 206.7 210.6
199.4 204.5 206 207.6 209.9 201.7 198.8 196 192.1 188 185 179.7 172.9 169.6 166.5 164.8 166.1 163.4 161 161.4 156 148.4 132.9 119.2 123.6 120.9 117.3 113.4 102.5 100.5 100.6 95 82.1 69.4 66.6 66.1 66.8 66.3 65.5 65.5 65.5 65.5 65.5 65.5 65.5 65.5 67.2 72.7 77.9 87.5 102.2 116.5 121.2 132.1 144.4 158.8 167.9 173.2 175.9 168.1 160.6 152.5 146.6 140.3 132.1 128.8 129 136.1 144.4 151.9 158 164.7 171.6 176.2 178.6 178.4 180.3 184.3 190.6 197.6 199.8
200.4 205.3 208.7 210.5 209.9 202.4 199.9 196.4 192.5 188.4 184.6 177.4 176 169.9 165.1 163.4 162.9 164.1 167.8 169 163.9 155.7 142 127.4 130.8 129.8 121.2 120.5 110.2 96.7 102.1 97.7 82.9 70.8 67 65.5 65.5 65.5 65.5 65.5 65.5 65.5 65.5 65.5 65.5 65.5 65.2 71.8 76.9 83.1 97.5 108.7 115.9 127.4 141.5 152 163.9 168.3 169.8 167.6 160.7 152.6 149 147.3 132.9 128.1 126.4 134.6 140.7 146.4 153.1 160 167.2 172.7 175.9 176.6 176.6 180.8 185.2 193.9 194.3
203.7 209.2 213.6 215.2 213.1 207.7 201.9 199 197.5 191.7 187.2 181.4 175.9 172.3 165.2 162.6 166.2 172.7 176.6 177.2 172.3 160.8 148.7 134.5 140.6 141.1 126.1 118 110.6 95.8 87 87.2 78.3 72.8 67.4 65.5 65.5 65.5 65.5 65.5 65.5 65.5 65.5 65.5 65.5 65.5 65.8 67.5 72.5 77 92.5 99.6 115.2 123.9 138.8 148.9 159.2 165.6 169.3 170 161.9 151.8 148.3 147.5 134.8 129.4 123.9 128.2 137.2 142.4 147.1 153.7 162.4 171.1 174.9 172.5 173.2 178.7 180.8 184.3 187.1
206.4 213.4 217.6 218.7 216.6 212.8 211.1 207.9 202.4 196.7 192 185.9 180.1 172.5 164.4 165.2 173.2 180 184 181.3 174.1 163.4 153.2 144.5 148.2 143.5 131.7 121.4 113.1 98.6 86.4 80.6 75.1 72 68 65.5 65.5 65.5 65.5 65.5 65.5 65.5 65.5 65.5 65.5 65.5 65.9 66.6 70.9 76.3 87.2 95.9 110.3 121 133.3 143.5 157.2 166.1 168.6 166.5 159.1 151.2 148.6 145.7 136.2 130.4 123.2 126.6 132.2 136.2 140.7 147.4 160 169.5 173.4 168.7 171.1 173 177.3 181.6 183.1
208.9 218.2 222.5 221.3 220.7 220.5 223.3 220 210.2 201.6 195.3 189.1 181.7 170 164.6 171.3 180.6 186.6 187.1 184.2 175.1 163.9 157.9 149.3 145.2 141 134.6 128.4 118.4 98.3 86.8 83.4 77 71.5 68.8 66.3 65.5 65.5 65.5 65.5 65.5 65.5 65.5 65.5 65.5 65.5 65.5 66.3 70.5 76.9 84.7 93.3 107.4 116.3 120.9 134.3 150.5 154.9 159.2 159.8 154.8 152.8 150 145.3 134.7 128 122.7 125 125.8 130.1 134.9 144.8 155.7 164.6 169.1 163.6 167.1 171.5 177.4 181.7 178.3
213 222.7 225.9 225.6 227.9 230.9 230.9 227.2 219.2 205.7 195.3 187.5 179 169 169.4 179.5 185.5 188.5 189.2 186.5 176.4 165.9 159.6 148.8 144.6 140 135 129.9 118.2 99.6 86.6 79.1 75.8 72.4 70.1 67.2 64.9 65.5 65.5 65.5 65.5 65.5 65.5 65.5 65.5 65.1 65.4 65.5 70.3 75.9 83.5 90.3 96 103 113.7 122.6 135.8 141.6 147.1 154.4 154.3 155.5 152.5 144.5 131.7 121.2 117.6 116.5 120 125 132.4 141.1 150.2 158 160.7 161.4 167.2 172.2 173.6 174.4 176.5
217.4 224.6 228.5 232.6 238.9 239.5 234.3 229.9 221.7 207.7 193.3 186.3 178.7 168.5 174.4 184.3 185.9 187.6 190.2 186.5 176.8 166.4 160.3 148.6 144.2 138.9 132.7 126.8 117.2 103.6 96.8 86.2 77.3 74 69.8 67 65.7 65.5 65.5 65.5 65.5 65.5 65.5 65.5 65.5 65.7 65.9 66.6 71 75.8 82.5 87.4 93 99 112.3 116.4 127.8 133.2 143.3 150.2 150.5 153.6 151.6 141.6 130.4 119.3 112.6 111.5 117.2 120.6 126.7 137.4 147 152 155.7 158.2 161.8 170.3 175 175.5 179.9
218.1 224.5 232.6 244.7 249.1 241.2 235.7 231 221.7 205.5 191.2 185.3 176.8 173.5 179.4 182.2 182.8 186 187.6 184.1 173.4 165.4 159.4 147.4 139.9 135.9 128.8 124.2 116 106.5 98.5 88.8 77.9 79.3 71.8 66.8 66.4 64.6 65.5 65.5 65.5 65.5 65.5 65.5 65.5 65.5 64.6 66.8 72.4 77.2 80.7 85.8 93.6 96.2 105.9 112.7 123.9 128.3 136.1 141.8 143.9 147 144.1 136.7 127.7 119.5 111.7 109.8 113.5 114.9 122.8 133.6 143.6 149.3 152.5 156.5 160.7 165.5 169.6 176.1 183.7
218.3 227.7 240.4 249.7 250.9 244.6 238.1 231.4 218.6 203.7 191.4 184.7 176.3 180.1 182.7 183.8 183.3 183.4 183.5 179.3 169.9 163.6 158.9 152.5 143.5 135.1 130.7 124.6 117.7 108.3 99 91.6 82.3 75.8 72.2 69.6 67.7 66.6 64.6 65.5 65.5 65.5 65.5 65.5 65.5 65.5 65.5 65.8 72.9 77.6 83.9 83.4 89.4 95.5 104.5 106.5 114.5 122.2 127.9 133.6 133.2 134 136.6 127.5 122.5 118.7 111.2 109.9 107.6 111.2 117.2 128.1 137.5 145.4 148.7 151.3 158.4 162.1 168.4 172.9 173.7
219.9 230.9 243.2 247.3 247 244.1 237.8 228.9 215.5 202.2 190.7 183.2 180.3 182.7 186.5 190 188.9 178.7 175.7 173.4 165 161.4 159.5 160.8 156.3 147.4 140.2 131.7 122.4 109.5 98.5 92.3 84.7 74.6 72.6 69.9 68.5 67.1 65.8 65.5 65.5 65.5 65.5 65.5 65.5 65.5 65.5 67.8 74.3 79.1 81.8 81.5 85.5 92.8 98.7 99.5 107.3 112 119.5 125.4 124.3 124.6 128.8 124.3 120.3 117.5 107.5 108.8 109.9 107.7 112.3 120.4 129.4 136.8 141.8 144 153.3 157.3 162.2 162.8 170.1
222.6 233.5 243.1 243.7 242.9 239.7 233.5 225.9 212.2 200.1 189.1 184 182.5 186.1 191 194.4 189.2 175.6 165 162.1 156.1 156.9 158.6 165 163.7 159.8 150.8 138.3 126.5 114.3 100.7 91.8 83.4 75.7 72.9 70.5 68.9 67.6 66.5 65.5 65.5 65.5 65.5 65.5 65.5 65.5 65.5 69.9 75.1 79.4 80.2 79.9 84.1 85.7 92.6 97.9 100.9 104.2 110.8 116.1 121.4 120.5 121.1 122.6 116.4 109.9 105.4 102.7 105.2 105 107.3 113 120 127.5 133.8 141.3 147.4 151.5 156.5 161.6 169
224.7 235.1 240.3 241.1 239.7 236.8 231.7 223.5 210.4 199.1 189.2 184.7 185.7 187.7 189.1 189.3 183.1 169.9 157.5 148.5 145.1 146.4 151.7 160.7 162.1 161 160.9 143.6 132.5 116.3 102.9 92 84.8 78.9 73.5 71.4 69.8 68.1 66.1 65.5 65.5 65.5 65.5 65.5 65.5 65.5 65.5 71.3 76.6 77.3 77.9 77.4 79 83.1 88.9 97.2 98.3 102.9 107.5 110.8 116.8 115.2 115 115 111.5 106.4 104.6 99.1 99.5 99.7 101.7 104.1 110.9 118 127.8 136.1 140.8 149.2 156.5 166.1 169.8
225.6 235.9 240.2 241.9 240.1 235.3 229 218.3 207.8 203.1 190.1 185.2 186.7 187.3 186.9 183.8 175.7 163.1 152.2 146.1 146.5 147.3 144.2 149.6 151.9 154.2 162 154.8 136.8 122.6 105.8 91.7 86 78 75.3 72 70 67.9 66.1 65.5 65.5 65.5 65.5 66 65.5 65.5 65.5 70 74.5 75.2 73.8 74.8 76.9 83.2 89.3 94.9 96.4 100.9 101.5 103.2 104 106.4 108.6 108.1 105.8 99.9 97.1 97.1 97.2 97.4 98.4 101.8 105.1 113.2 123.7 131.9 143.9 150.5 160.8 164.2 167.8
225.4 233.2 238.1 240.2 237.8 230.4 219.9 211.9 211 205.5 192.5 185.1 184.1 184.4 183.3 179.2 170 158.7 152.1 153.4 156.7 159.4 154 142.6 142 148.2 157.7 157.5 146.6 127.5 109.8 93.3 84.9 81.5 76.9 73.4 71.1 68.3 65.9 65.5 65.5 65.5 65.5 70 68.9 65.5 66.1 70 73.5 73 72.8 73.8 77.6 81.9 87.8 92 90.4 94.5 98.2 99.5 100 100 100.3 100.4 98.6 97.6 95.5 95.9 95.9 96.1 97.4 100.4 102.3 109.3 118.5 129.1 141 147.8 157 165.8 172.6
223.4 230 234.7 234.9 229 219 214.2 215.4 213.5 206.5 193.4 183.4 181 180.2 178.4 173.2 165.1 162.2 163.2 165.1 167.6 168.9 162.7 151.1 140.5 147.5 151.7 152.1 147.9 134.2 111.8 97.1 92.1 88.1 84.3 77.5 73.2 68.5 65.5 65.5 65.5 65.5 65.5 68.9 70.5 65.8 69.5 69.7 71.3 72.1 72.8 73.2 74.9 77.2 79.9 87.2 86.9 95 97.3 98.3 97.3 96.4 95.7 95.3 95 96.1 94.5 94.7 94.6 97.4 99 95.8 98.3 103.3 112.4 123.4 134.8 145.6 154.7 168.1 172.1
219.8 225.9 228.8 226.6 216.3 216.3 221.7 216.9 214.5 205.1 190.8 181.1 178.2 175.4 172.2 169.4 168.7 169.8 169.4 169.1 171.9 171.7 166.8 161 149.3 135.6 137.5 139.8 142.8 139.4 114.5 106.3 99.7 93.8 89.1 83 79.6 75.8 66.6 65.5 65.5 65.5 65.5 65.5 66.9 65.9 67.7 70.1 72 72 73.1 72 72.3 75.1 77.5 80.5 85.3 92.5 95.8 99.1 98.9 99.7 98.4 97 97.8 100.6 96.1 93.1 94 97.8 98.3 95 95.2 97.9 103.6 117 119.7 132.1 154.4 164.6 169.8
216.2 221.6 223.2 216 219.6 225.3 220.2 214.7 209.2 200 187.5 179.1 177 177.5 176.4 173.3 173 173 171.2 168.2 170.3 173.9 170.2 164.2 153.6 143 134.9 129.1 125.3 127.7 113.7 111.2 107 101.5 97.1 95.4 90.1 84.2 73.3 65.5 65.5 65.5 65.5 65.5 65.5 65.5 65.5 68.3 69.3 69.7 70.4 70.4 72.5 74.4 74.2 75 81.2 93.8 98.2 101.3 104.7 106.5 105.8 106.4 104.5 101.8 97.2 92.2 91.9 92.8 93.5 92.2 91.5 92.4 94.8 100.6 111.2 125.8 155 162.1 162.3
212.6 216.2 215.8 219.9 222.1 223.2 219.5 212 203.7 195 188.8 183.1 183.3 182.7 182 180.1 180.8 178.7 174.7 168.9 168.5 171.5 170.4 164 158.3 151 143.5 138.2 129.2 126.7 119.6 118 114.5 106.9 106.9 106.2 101.9 90.9 82.5 71.8 65.5 65.5 65.5 65.5 65.5 65.5 65.5 67.5 68.5 68.4 68 69.5 70.9 72.3 72.8 75 82.4 92.1 99 106.8 110.8 110.5 110.4 107.9 103.1 99.3 94.5 92 91.2 90.6 90 89.3 88.2 87.8 88.7 95 102.6 119.5 147 164.1 158.9
208 210.8 214.1 217.8 220.4 221.9 216.6 208.5 200 199.1 191 185.5 186.3 189.9 187.9 184.6 183.9 180.8 178.3 171.5 168.4 166.4 165.1 165.4 163 159.8 152.7 146.4 138 138.6 129.9 126 121.1 117.9 115.6 113.4 111.1 100.8 93.8 81.5 72.2 66.3 65.5 65.5 65.5 65.5 65.5 65.3 65.6 66.7 66.4 68.4 67.9 69.6 72.2 74.4 81.9 92 101 112.2 116.7 116.1 112.8 107.7 104 100.8 98.9 97.4 92.4 90.5 89.9 88.8 87.9 87.5 92 95 108.1 114 138.8 147.5 150.8
204.8 208.6 212.6 216.1 218.4 219.6 212.8 204.4 204.4 199.7 192.7 190.8 197 199.4 195.7 188.2 185 184 179 173.5 170.4 171.5 172.2 172.9 169.9 165.2 159.6 154.6 154 146.3 135 132.8 129.8 123.8 120.6 115.9 112.6 106.5 101.1 91.7 78.6 68.6 65.5 65.5 65.5 65.5 65.5 65.5 64.6 66.3 66.4 66.6 66.7 67.4 71.2 77.5 85.3 94.2 104.9 114.5 119.5 117.7 113.9 112 108.6 104.5 103.9 101.5 97.9 97.3 91.8 89.3 87.9 87.3 92 94.8 105.1 109.9 121.8 128.1 136.1
203.2 208.5 213 216.8 219.4 216.5 209.1 204 203.4 200.6 197.7 196.7 199.7 201.9 199.6 196.8 192.7 187.4 182.9 177.3 173.9 178.1 181.8 178 174.2 169.9 169.3 170.2 169 164.7 150.9 140.2 132.7 128.9 124.5 127 124.2 114.1 105.9 96.3 87.7 74.6 66.9 65.5 65.5 65.5 65.5 64.8 64.8 64.8 66.4 67.3 67 69.4 75.9 82.9 92.4 96.3 104.6 115.1 124.4 121.5 116.1 113.6 111.8 108.5 109.5 112.7 108.9 97.6 91 88.7 87.3 87 88.8 92.3 98.3 101.4 114.4 124.5 128.1
205 210.3 214.3 216.5 215.8 212.2 207.6 202.2 202.6 202.6 200.6 200.9 202.6 202.9 201.5 199.6 196.1 191.3 189.5 184.5 180.6 185.1 185.7 187.3 185.7 189.6 187.9 183.8 182.4 174.6 159.2 148.9 136.7 133.8 128.9 134.7 130.1 117.5 111 102 88.1 78.7 71.1 65.3 65.5 65.5 65.5 65.5 65.5 65.5 66.3 68.9 68.1 71.9 79 83 89.8 96.8 104.9 114.3 120 121.1 120 119.8 117.5 112.8 110 105.1 101.9 102.8 90.3 87.6 86.8 86.5 88 91.9 97.2 99.8 103.8 114.3 118.4
210.9 214.4 214.3 212.4 210.1 206.9 202.6 200.2 201.6 204.5 203.2 207.3 206.9 205.7 202.8 200.3 198.1 194.9 191.8 188.3 184.3 189.3 194.3 198.7 202.8 201.4 200.5 195.4 193.7 176.8 169 157.2 143.2 137 130.8 135.5 130.7 120.2 115.6 107.2 100.8 90.5 80 73 71.3 73.3 70 65.5 65.5 65.5 65.5 66.8 67.6 70 73.3 78.9 90 97.3 104.9 114.6 124 131.5 130.1 125.3 119.4 112.2 108.6 107.8 100.7 97.6 91.1 87.3 86.4 86.3 88.9 93.5 94.6 98.1 102.7 107.2 112
214.7 215.1 211.9 206.9 203.2 202.9 198.9 198.4 203.8 207.5 206.5 207 206.3 204.8 203.6 201.3 200.1 197.6 193.4 189.8 189.4 197.9 209.6 215.7 218.4 211.7 207.3 203 194.4 178.7 175.5 166.7 152.2 138.5 133.2 130.6 127.7 125.3 120.1 115.9 110 100.4 89.7 81.9 76.9 81.3 78.9 69.5 65.5 65.9 65.6 66.3 66.8 67.2 70.6 78.7 88.9 98 107.8 118.4 128.7 134.5 133.1 126.7 119.3 113 108.4 108.5 101.8 100.1 93.3 92.6 89.3 86.9 89.8 94.1 97.5 100 102.9 108.6 112.1
212.8 211.3 208.2 202.9 195.7 196.7 195.2 200.5 207.9 212.6 211.5 209.3 206.8 205.2 203.7 202 201 197 192.1 191.7 196.7 208.9 221.1 224.3 219.1 214.1 205.1 196.3 194.3 184.3 179.4 171 158 141.8 134.7 130.9 134.1 132.4 123.6 121.7 116.2 111.6 102.5 90.9 82.2 82.5 82.3 74.7 68.8 66.3 65 65.3 66.3 66.5 69.5 79 89.7 99.3 109.9 121.1 129 133.7 133.6 127.2 119.2 112.7 107.5 103.2 99.7 96.9 96.3 99.8 98.3 89.1 88.2 92.2 96.9 97.5 101.2 108.4 113.3
208.3 206.7 204.9 202.3 196.1 192.6 194.5 203.9 211.9 215.3 215.5 212.7 207.3 204.8 202.1 201.2 198.6 195.4 197.7 202.2 208.6 216.4 223 219.3 214.4 205.2 201.1 193.8 188.6 184.7 182.4 173.4 162.4 151.2 136.1 133.7 136.2 138.3 136.2 128.1 118.5 108.6 98.5 88.4 79.9 76.5 77.6 73.5 67.7 67.3 65.5 64.8 66.3 66.3 69.9 79.7 90.1 98.5 107.2 127.9 129.9 131.8 132.8 126.3 119.2 113.5 108.7 104.9 102.9 101.8 101.4 104.3 103.8 96.9 88.1 93.4 98.4 94.3 101.9 107.5 112
205.6 204.3 202.6 200.7 195.7 189.9 197.9 208.2 214.1 216.8 217.4 216.3 213.1 211.2 209.7 206.1 202.9 205.2 208.7 212.6 213.6 212.8 215.8 212.6 209.2 204.9 200.2 193.1 191.5 187.4 185 178.7 169.4 155.5 141.5 139.9 144.3 145.5 136 125.2 116.2 107.9 99.1 89.5 79.5 72.2 70.8 68.8 66.8 68.3 66 64.6 65.9 66 71 80.3 88 95.5 103.5 113.7 122.7 128.4 130.1 126.6 121.7 116 109.8 105.3 103.3 101.8 101.7 102.1 101.5 95.5 87 89 88.5 94.7 102.8 106.1 108.7
203.9 202.4 199.4 196.4 191.5 192.7 202.7 210.9 214.1 217.1 218.7 220.3 221.6 222 217.7 211.1 209.3 212.5 214.2 212.4 209 209.5 211.2 211.3 212.5 209.1 204.3 199.1 197.6 194.7 185 178.7 170.5 158.3 147.9 145.1 145.2 144.1 136.5 128 121.2 113.5 104.9 93.3 81.2 70.7 67.5 66.8 66.4 66.3 65.6 65.6 65.2 65.5 71.2 78.4 84 91.4 101.8 114.4 123.6 126.3 128.3 130.2 126.3 118.5 110.4 105.2 104.1 104.7 98 91.3 89.9 84.5 83.7 84.1 86.1 93 97.5 103.8 108.1
205.2 204.9 202.9 193.3 187.2 194.4 203.9 210.6 213.9 218.8 222.9 227.7 229 227.5 221.5 214 210.1 210.2 209.7 207.9 207 208.6 211.4 213.6 215.5 212.3 207.5 204.6 201.3 195.6 184 178.8 174 168.2 156.4 151.4 150.2 149.5 143.8 136.4 130 122.6 112.9 99.1 84.2 73.4 68.8 66.6 65.9 65.6 65.4 64.9 64.6 65.2 67.6 74.4 80.9 89.8 101 116.5 127.1 126.9 127.8 131.7 128.7 118.8 108.8 101.8 100.3 100.5 91.7 86.2 82.5 82.2 82.5 85.1 88.5 88.5 94.6 103 106.4
205.3 202.5 198.9 188 184.6 194.4 204.4 212.6 219.4 225.5 229.4 232.2 232.4 228.4 221.9 211.4 206.5 207.8 206.9 205.6 206 208 211.2 215.2 215.6 213.9 208.9 206.6 204.5 195.2 187.9 182.3 179.1 175 164.6 157.7 157.3 158.2 152.9 146.9 141.6 132.1 119.9 103.9 88.1 74.6 67.7 66.5 65.9 65.2 65.4 65.4 64.9 65.1 67.3 73.3 79.6 87.6 99.5 114.4 127.7 127.6 128.3 128.3 124.9 116.4 106.9 102 100.3 94.1 87.6 84 82 82.1 83.8 89.4 88.7 87.4 93 99.7 105.2
194.7 192.5 188 181.3 185.2 197.7 208.6 218.4 225.7 230.3 233.2 234.8 230.7 224.5 218.2 211.4 205.7 205.9 205.4 203.1 204 207 209.7 214.1 215.2 212.7 213.9 213.1 212.2 205.6 196 187.1 182.6 177.8 169.5 161 162.1 165.2 161 154.4 145.7 133.1 123.3 111.1 89 74.8 67.4 66.8 66.3 65.5 65.4 65.4 64.9 65 67.8 73.7 79.9 86 96.1 109.8 121.9 126.4 127.2 126.5 123.6 112.8 103 100.5 100.3 99.3 93 91.1 87.4 83 86.3 92.4 87.1 84.1 91.1 98.6 103.2
188.6 188.1 184.8 172.1 189.8 205.1 216 224.2 230.7 232.9 231.5 229.4 223.7 221.4 224.8 220.5 205.1 204.9 206.1 200.8 201.2 204.1 206.8 210.5 213.1 212.2 218.9 215.9 214.1 209 200.7 190.8 182.5 174.9 166.7 164 168.9 168.9 164.1 152.6 139.8 130 118.9 105.9 87.5 75.3 67.7 66.4 65.8 65.7 65.4 64.8 64.7 65.3 67.9 77.2 84.4 87.7 95.5 105.8 115.4 121.3 123.1 121.1 115 106.6 104 103.5 107.9 109.5 100.6 95.4 88.4 83.1 85.5 89.4 86.1 80.6 88.6 96.1 102.7
185.7 187.2 177.4 173.2 196.3 212.9 222.4 229.2 234.6 232.6 227.9 231.8 230.1 224.4 223.8 218.7 206.9 200.1 199.7 202.6 199.9 200.1 204.9 208.3 210.6 213.3 214.8 217 215.6 207.8 198.9 191.9 180 167.5 159.3 166.8 175.4 167.6 156.5 143.3 131.3 122.3 107.1 95.1 86.4 76.1 68.5 66.9 65.7 64.3 64.9 65.1 65.2 65.8 70.7 78.8 89.3 88.5 92.6 101.2 109.4 115.3 115.2 112.7 109.8 107.6 105.3 105.8 109.5 110.5 100.1 95.5 90 84.9 79.2 74 68.5 74.9 82.6 91.1 100.9
182.9 179.7 165 178.9 200.5 216.2 225 230.4 234.4 232.3 233.1 232.7 223.4 220.4 218.3 208.8 202.1 200 199.1 198.9 198.7 196.5 201.4 206.8 211.4 210.4 208.9 207.9 207.4 202.2 193.8 185.7 170.9 159.2 154.4 163.2 166.1 158.9 148.9 139 129.4 117.2 101.9 90.4 84.8 77.6 72.8 67.9 66.3 65 67 70.1 67 68.1 76.1 79.2 87.7 87.9 89.1 96.2 104.4 110.8 112.1 111.6 111.5 110.8 113.5 112 109.9 107.6 103.6 101.8 94.8 90.1 84.3 76.7 68.5 64.3 73.2 80.6 91.2
179.7 170.4 164.3 185.7 206.1 219.5 225.1 229.4 233.6 234.1 230.4 228.1 217.9 214.7 213.9 207.7 210.4 206.3 201.9 202.4 198.7 195.8 202 206.4 212.5 209.9 205.2 208 209.7 204.5 186.3 172.4 157.8 149 152 160.6 163.4 160.7 153.1 139 128.6 118.5 106.1 95.5 86.3 81 74.6 68.6 66.2 65.2 72.8 78.3 73.7 72.8 76.3 78.6 85.2 84.9 86.8 93.7 101.9 108 110.4 114.7 117.1 118.8 119.8 119 114.8 109.6 107.3 104.4 98.4 93.6 88.7 83.2 71.8 62 68.1 71.3 79.3
