WholeMapElevations/data/ns/ns54_OST50GRID_20230518/NS54.asc
ncols 200
nrows 200
xllcorner 250000
yllcorner 640000
cellsize 50
[rows 140 to 174 of 200, columns 0 to 77 of 200]
167.5 167 166.3 164.3 167.7 169.6 170.8 171.7 172.9 173.3 173.9 175.5 176.9 178.1 179.2 180.1 181.1 181.8 182.9 184.8 186.4 188 189.6 190.8 192.4 194 194.7 195 196 196.6 197.2 197.7 198.5 198.9 199.2 199.7 200.5 200.7 200.8 201 200.8 201.2 201.3 202.4 203.8 205.1 206.5 207.7 209 210.1 211.8 213.4 214.3 215.1 215.9 216.7 218.1 219.7 221.2 222.7 224.1 225.4 226.5 226.8 226.9 227.4 227.8 228.2 229.2 230.1 231.4 232.7 234.4 236.2 238 240 241.9 244.2
168.5 168.9 168.9 169.4 170.3 171.6 173.1 174.2 174.6 175.4 176 176.7 178.2 179.5 181.2 181.5 182.4 183.7 185.4 186.9 188.7 190.3 192 193 194.2 195.1 196 196.3 196.5 196.5 196.7 197 197.4 197.9 198.9 199.9 200.6 201.6 202.2 202.2 202.8 203.7 204.4 205.1 206.2 207.2 208.1 209.1 209.9 210.6 211.6 213.1 213.8 215.2 216.1 217.4 218.9 220.4 221.8 223.2 224.5 225.9 227.1 227.5 227.8 228.4 229 229.6 230.3 231 232.1 233.1 234.2 235.6 237.4 238.9 240.8 243.1
169.8 170.2 171.2 172.1 172.8 173.9 175.1 176 176.9 177.7 178.3 178.8 179.6 181.5 183 183.5 184.8 186.3 188.1 189.6 190.7 192.3 193.7 194.6 195.1 195.6 195.9 195.9 195.7 195.5 195.7 196.1 196.5 197.5 198.7 200 201.1 202.2 203.2 204.3 205.2 205.8 206.5 207.2 208 209 210 210.9 211.6 212.1 211.8 212.4 213.4 214.6 216.3 217.9 219.3 220.7 222.2 223.5 224.8 226.2 227.1 227.5 228.4 229.5 230 230.7 231.3 232 232.9 233.7 234.9 236.3 237.7 238.9 240.2 241.5
171.1 171.6 172.7 173.7 174.6 175.6 176.8 177.9 178.8 179.4 180 180.5 181.2 183 184.2 185.1 186.4 188.2 189.4 190.3 191.2 192.8 194.5 195 195.3 195.5 195.2 194.7 194.6 194.6 194.9 195.9 196.2 197.3 198.6 199.6 201 202.8 204.1 205.7 207.1 207.7 208.5 209.2 210 210.9 211.8 212.7 213.5 213.6 214.1 214.4 215.2 216.1 217.3 218.6 219.9 221.3 222.7 223.9 225.1 226.5 227 227.5 228.6 229.7 231 231.7 232.3 233 233.8 234.4 235.6 237 238.4 239.6 240.7 242
171.6 173.2 174.2 175.6 176.6 177.6 178.8 179.8 180.8 181.3 181.6 182 182.8 184.5 185.4 186 187.3 188.1 188.4 189.1 189.9 191.1 192.8 193.5 193.3 193.6 193.7 193.5 194 194.6 195.5 196.5 197.1 198 199.1 200.4 202.1 203.7 205.3 206.9 208.5 209.5 210.4 211.2 212 212.8 213.7 214.5 215.3 215.9 216.3 216.6 217.2 218.2 219.1 220.3 221.5 222.9 224.1 225.2 225.9 226.7 227 227.7 228.9 230.2 231.5 232.6 233.1 233.6 234.4 235.2 236.3 237.6 239.1 240.3 241.5 242.6
172.4 174.5 175.8 177.6 178.9 180 181.3 182.4 183.3 183.3 183.6 183.8 184.5 185.8 186.4 186.2 186.8 187.3 187.6 187.9 188.7 189.3 189.5 190.5 190.9 191.3 192.7 193.7 194.2 195.2 196.2 197.1 198.7 199.8 201 202.3 203.9 205.4 206.8 208.5 210.2 211.2 212.2 213 213.9 214.7 215.6 216.6 217.5 218.1 217.8 217.8 218.5 219.8 220.8 222 223.2 224.4 225.7 227.3 228.3 228.8 228.5 228.5 229.4 230.7 232 232.9 233.4 233.9 234.7 235.6 236.9 238.2 239.8 241.1 242.5 243.5
173.1 175.3 177.7 179.5 181.1 182.4 183.7 184.9 185.4 185.3 185.2 185 184.7 185.4 185.3 185.9 186.5 186.7 187.2 187.4 188.4 189 190.5 191.3 192.2 193.4 194.4 195.3 195.8 196 196.6 197.9 199.4 201.3 202.7 203.8 205.5 207.3 208.6 210.5 211.8 212.7 213.7 214.8 215.6 216.4 217.6 218.8 219.7 219.5 219.2 219 219.9 221.2 222.4 223.5 224.6 226 227.6 228.9 229.6 229.8 229.7 229.8 230.5 231.2 232.4 233.1 233.6 234.2 235.1 236.1 237.3 238.2 239.9 241.7 243.5 244.2
173.1 175.8 178.3 179.9 180.9 182.2 183.4 184 184.7 184.2 182.8 182.6 182.1 183.7 184.5 186 187.4 188.4 189.4 190.4 190.5 190.9 191.9 192.8 194.2 195.3 196.3 197 197.6 197.6 197.7 198.5 200 201.9 203.7 205.3 207 209.1 210.7 212.1 213.1 214.1 215.1 216.2 217.3 218.2 219.4 220.4 221 220.9 220.5 219.9 220.5 221.9 223.4 224.7 226 227.2 228.5 229.6 230.3 230.5 230.7 230.8 231.4 232.1 232.7 233.2 233.8 234.6 235.6 236.5 237.5 238.3 239.5 241.4 243.1 243.6
171.8 173.8 175 175.5 175.2 176.5 178.8 181.9 181.5 187.3 188 187 185.6 187.5 188.3 188.8 189.8 190.3 191.3 191.9 192.4 192.8 193.2 194.5 195.9 197.1 197.9 198.6 199.1 199.1 199.1 199.9 200.8 202.5 204.4 206.5 208.6 210.9 212.4 213.4 214.4 215.4 216.4 217.4 218.2 219.1 220.2 221.3 221.7 221.8 221.2 220.8 221.4 222.7 224.4 225.5 226.6 227.8 228.9 229.7 230.4 230.9 231.3 231.8 232.2 232.6 233 233.6 234.1 235 236 236.7 237.2 237.9 238.7 239.7 241.5 241.9
169.8 170.5 170.9 172.6 174 178.2 182.7 186.5 187 187.9 189.2 189.4 190 189.8 190.7 191.4 191.8 192.1 192.8 193.5 194.2 194.7 195.2 196.2 197.6 198.6 199.3 199.9 200.5 200.7 200.7 201.6 202.8 204 205.4 207.4 209.4 211.5 213.4 214.7 215.7 216.3 216.9 217.9 218.7 219.7 220.7 221.7 222.1 222.4 222.1 221.9 222.4 223.7 224.9 226 227.2 228.2 229.2 229.9 230.6 231.1 231.6 232.1 232.5 232.9 233.3 233.9 234.5 235.4 236.2 236.3 236.7 237.2 238.1 239 239.8 240.1
170.3 171.3 173 174.7 177.2 180.6 184 187 188.4 189.2 190.1 191.1 191.9 192.1 192.9 193.4 193.8 194.1 194.7 195.3 196 196.6 197.3 198.1 199.2 199.9 200.6 201.3 201.8 202.2 202.4 203.6 204.8 206 207.1 208.6 209.8 212 214 215 215.8 216.5 217.3 218.4 219.3 220.3 221.2 221.9 222.5 223.1 222.9 222.7 223 224.1 225.3 226.4 227.5 228.5 229.4 230.1 230.9 231.3 231.9 232.4 232.9 233.3 233.7 234.2 234.9 235.8 235.9 235.9 236.4 236.8 237.1 237.7 238.5 239
171.8 173.5 175.2 176.7 179 182.2 185.1 187.4 188.8 189.7 190.8 192.1 193.5 194.3 194.8 195.4 195.8 196.1 196.8 197.4 198 198.6 199.4 200.1 200.6 201.3 201.9 202.6 203.2 203.5 204.3 205.6 206.8 208 209 210.2 211.1 211.6 213.5 214.3 215.1 215.9 217.7 218.7 219.7 220.7 221.6 222.3 223 223.6 223.8 223.7 223.6 224.6 225.6 226.7 227.8 228.8 229.6 230.3 231.1 231.6 232.2 232.7 233.2 233.6 233.9 234.5 235.3 235.5 235.5 235.6 236 236.2 236.5 236.8 237.2 237.9
172.6 174.5 176.4 178.3 180.2 182.6 185.3 187.3 189 190.3 191.7 193.5 195.3 196.4 196.9 197.4 197.7 198.1 198.6 199.1 199.7 200.3 201.1 201.6 202.1 202.7 203.4 204.1 204.8 205.5 206.3 207.2 208.7 210 211.1 212.3 213.4 213.9 214 213.9 214.3 215.8 217.3 218.6 219.9 221 221.9 222.6 223.2 223.9 224.4 224.2 224.2 225.3 226.1 227 228.1 229.1 229.8 230.6 231.2 231.7 232.3 232.9 233.4 233.7 234 234.6 235 235.1 235.1 235.2 235.5 235.6 235.9 236 236.2 236.8
173.7 175.6 177.5 179.4 181.3 183.2 185.1 187.2 189.2 191.3 193.5 195.5 197.4 198.3 199 199.1 199.2 199.7 200.3 200.8 201.4 202 202.6 203 203.6 204.4 205.2 206 206.8 207.5 208.3 209.1 210.1 211.9 213 214.1 215.4 216.3 216.2 215.8 215.7 216.1 216.5 217.8 219.1 220.6 222.1 222.8 223.4 224 224.6 224.6 225 225.8 226.7 227.5 228.4 229.3 230.1 231 231.4 231.7 232.3 232.9 233.4 233.7 234 234.5 234.6 234.7 234.7 234.8 234.8 235 235.1 235.2 235.2 235.4
175.1 176.6 178.5 180.4 182.2 184.1 185.9 188.1 190.2 192.4 194.6 196.6 198.8 200 200.6 200.5 200.7 201.3 201.9 202.5 203 203.5 203.9 204.3 204.9 206.1 207.1 208 208.8 209.7 210.7 211.6 211.9 213.1 214.5 215.7 216.6 217.3 218.1 217.8 217.8 218 218.2 218.1 218.4 219.9 221.7 222.9 223.5 224.1 224.7 225 225.6 226.4 227.2 228 228.8 229.7 230.6 231.2 231.6 231.7 232.3 232.8 233.4 233.7 234.1 234.1 234.2 234.2 234.3 234.3 234.4 234.4 234.5 234.6 234.2 234
176.3 177.7 179.3 181.2 183 184.9 186.6 188.9 191.2 193.3 195.4 197.7 199.9 201.2 201.9 201.6 201.5 201.9 202.4 203.3 203.8 204.4 204.9 205.5 206.3 207.4 208.4 209.5 210.6 211.6 212.7 213.4 213.9 214.4 215.8 216.9 217.9 218.6 219.2 219.4 219.8 219.8 219.8 219.7 219.4 219.4 221.1 222.4 223.6 224.2 224.9 225.3 226.2 226.9 227.7 228.4 229.4 230.2 231 231.4 231.7 231.9 232.2 232.5 232.8 233 233.1 233.3 233.4 233.5 233.6 233.7 233.8 233.9 233.9 233.5 233.1 232.7
177.6 179 180.6 182 183.9 185.6 187.4 189.6 191.7 193.9 196.2 198.3 200.6 201.9 201.9 201.7 201.7 202.1 202.8 203.5 204.4 205.2 205.4 205.9 206.7 207.8 208.9 210 211.2 212.4 213.8 215 215.8 216.2 217 218 219.1 219.7 219.9 220 220.4 220.7 221 221.3 220.7 220.2 221.5 222.7 223.8 224.5 225.1 225.8 226.5 227.3 228 229 229.9 230.6 231.4 231.5 231.9 231.8 231.6 231.7 231.9 232.1 232.2 232.3 232.5 232.6 232.7 232.8 232.9 232.8 232.6 232.4 232 231.6
178.5 180.4 181.8 182.9 184.3 185.8 187.7 189.9 192.2 194.2 196.1 198.2 200.1 201.4 201.6 201.8 201.6 201.5 202.2 203.1 204.1 204.9 205.3 206.1 207.1 208.2 209.4 210.6 211.6 212.5 213.6 215 216.1 216.6 217.3 218.4 219.4 220.1 220.5 220.7 221 221.3 221.5 221.5 221.7 222.1 222.4 223.5 224.2 224.9 225.5 226.3 227.1 227.7 228.5 229.5 230.4 231.2 231.6 231.7 231.8 231.5 231.2 231 231.1 231.2 231.2 231.3 231.5 231.6 231.8 231.8 231.6 231.5 231.3 231.2 231 230.6
177.8 180 181.6 183 184.3 185.8 187.9 189.8 191.8 193.7 195.5 197.2 198.9 200.1 200.5 201.1 201.1 201 201.6 202.6 203.6 204.7 205.4 206.5 207.7 209.1 210.4 211.5 212.3 213 213.6 214.9 216.4 217.1 217.9 218.8 219.6 220.3 220.8 221.2 221.5 221.6 221.6 221.7 222.1 222.7 223.2 223.8 224.5 225.2 225.9 226.8 227.6 228.7 229.6 230.5 231.3 232.1 232 232.1 231.4 231.1 230.9 230.6 230.4 230.4 230.4 230.3 230.4 230.5 230.7 230.6 230.5 230.3 230.1 229.9 229.5 229.1
176.5 178.7 180.7 182.3 183.9 185.8 187.8 189.6 191.4 193.3 194.7 196.2 197.6 198.7 199.4 200.4 200.4 201.2 202.4 203.4 204.4 205.4 206.3 207.2 208.8 210.3 211.8 212.9 213.5 214 214.6 215.5 216.8 217.7 218.5 219.2 219.9 220.5 220.9 221.2 221.6 221.8 221.8 221.9 222.5 223 223.4 224.1 224.9 225.6 226.4 227.2 228.5 229.9 231.1 232.2 232.9 233 232.7 232.1 231.3 230.7 230.5 230.3 230.1 229.9 229.7 229.5 229.4 229.5 229.6 229.4 229.3 229.1 228.9 228.5 228.1 227.6
175.7 177.6 179.9 182 183.9 185.8 187.8 189.6 191.3 192.7 193.9 195.2 196.2 197.3 198.9 199.9 201.1 202.3 203.6 204.7 205.7 206.5 207.4 208.5 209.9 211.5 213 214.1 214.6 215.1 215.7 216.3 217.3 218.3 218.9 219.6 220 220.4 220.7 221.1 221.4 221.6 221.8 222.3 222.7 223.2 223.6 224.4 225.1 225.9 226.8 228.3 230.2 232 233.1 233.9 234.2 234 232.9 232 231.2 230.4 230.1 229.8 229.5 229.1 228.7 228.5 228.4 228.1 228.2 228.3 228.1 227.9 227.6 227.2 226.8 226.3
176.9 178.4 180.1 182.1 184 185.9 187.8 189.4 191 192.3 193.2 194.1 194.9 196.6 198.5 200.6 201.5 202.8 204 205.5 206.6 207.6 208.5 209.7 210.6 211.8 213.6 215.3 216 216.4 216.8 217.4 218.1 218.7 219.1 219.5 219.9 220.3 220.6 221 221.3 221.5 221.7 222.3 222.9 223.4 223.9 224.7 225.4 226.4 227.9 230.6 232.5 234 235 235.6 235.2 234.1 233 231.9 231.1 230.2 229.4 229.1 228.7 228.2 227.6 227.2 226.8 226.5 226.6 226.8 226.9 226.6 226.3 225.9 225.4 225.5
177.5 179.5 181.2 182.7 184.1 186 187.8 189.2 190.7 192 192.9 193.9 194.8 195.9 197.8 198.5 199.9 202 204 205.6 206.7 207.7 208.9 210 211.3 212.7 214.6 216.2 217.1 217.4 217.8 218.3 218.8 219.1 219.3 219.4 219.9 220.2 220.5 220.8 221.1 221.4 221.6 222.2 222.8 223.5 224.2 224.9 225.7 227.2 229.4 233 235.1 236.3 236.3 236.4 235.4 234.2 233 231.9 230.8 229.9 229.1 228.3 227.8 227.2 226.7 225.7 224.9 224.9 225.1 225.3 225.5 225.1 224.9 224.5 224.2 225.1
178.9 180.7 182.4 183.6 184.7 186.3 187.9 189.3 190.9 192.1 193.2 194.2 195.2 196.1 197.1 197.5 199.6 202.3 204 205.7 206.8 207.9 209.2 210.4 212.6 214.1 215.4 217 218.2 218.3 218.4 218.9 219.2 219.3 219.4 219.6 219.8 220.1 220.4 220.7 221 221.2 221.5 222.1 222.8 223.4 224.2 225.1 226.2 228.1 231.7 235.1 237.3 237.2 236.9 235.8 234.5 233.6 232.3 231.3 230.4 229.3 228.3 227 227 226.4 225.9 224.8 223 223.1 223.5 223.8 224.1 223.9 223.1 224 225 225.7
180.1 181.8 183.3 184.5 185.7 186.9 188 189.5 191.2 192.6 193.6 194.6 195.6 196.5 197.3 197.5 200.3 202.1 203.9 205.6 206.8 207.9 209.4 211.7 213.8 214.6 215.9 217.8 218.2 218.5 218.7 219.1 219 219.2 219.3 219.5 219.7 220 220.3 220.6 220.9 221.1 221.4 222.1 222.8 223.4 224.2 225.3 226.4 229.3 232.2 235.3 237.3 237 235.1 233.7 232.9 232.2 231.7 230.8 229.7 228.6 227.6 226.2 225.2 225.1 224.7 223.9 222.1 221.5 221.8 222.1 222.6 222.4 223.7 225.4 225.9 226.6
181.2 182.8 183.9 184.9 186.1 187.3 188.5 189.9 191.6 193.1 194 195 195.9 197 197.4 197.7 200.2 202.1 203.6 205 206.4 207.5 209.7 212.5 214.4 215 216.5 217.4 217.9 218 218.8 219.2 219 219 219.2 219.3 219.5 219.5 219.5 219.6 220.1 220.3 220.8 221.7 222.7 223.4 224.2 225.4 226.5 228.5 231.5 233.6 234.3 233.9 232.5 231.6 230.9 230.4 230 230 228.9 227.8 226.8 225.2 224.1 223.6 223 222.3 221.1 219 220.6 222.5 223.3 224.5 225.8 226.3 227 227.5
182 183.2 184.2 185.5 186.6 187.8 189.2 190.7 191.9 193.3 194.4 195.3 196.2 197.3 198.2 198.9 200.4 201.8 203.1 204.4 205.8 207.4 210 212 213.7 214.4 215 215.6 216.1 216.9 217.9 218.7 218.7 218.7 218.9 218.8 218.2 218 218.1 218.6 219.1 219.5 219.9 220.7 221.7 222.9 223.8 225 226.2 227.4 229 230.6 230.9 230.7 230 229.5 229.1 228.6 228 227.4 226.4 225.7 224.8 223.7 222.9 222.4 221.8 220.9 220.3 220.7 222.6 223.6 224.6 225.8 226.7 227.3 227.9 228.4
181.6 182.8 184.5 186 187.4 188.6 189.9 191 192.1 193.3 194.3 195.4 196.5 197.7 199.3 199.9 201.1 202.4 203.5 204.7 206.3 208.2 210.2 212.1 212.5 213.2 213.9 214.1 214.5 215.1 215.9 216.7 216.7 216.8 216.9 216.7 216.4 216.5 216.8 217.3 217.7 218 218.3 219.4 220.8 222.1 223.2 224.4 225.6 226.7 227.6 228.4 228.6 228.6 228.2 227.9 227.5 226.9 226.1 225.2 224.4 223.7 223 222.3 221.7 221.2 220.6 219 221.4 222.5 223.7 224.7 225.7 226.5 227.4 228.2 228.8 229.3
181.9 183.2 185.1 186.7 188.1 189.4 190.4 191.4 192.4 193.7 194.9 196.2 197.4 198.2 199.1 200.1 201.8 203.1 204.4 205.7 207.4 209.3 211.3 212.9 213.2 213.3 213.3 212.9 213.1 213.6 214.3 215 214.8 214.9 214.7 214.6 214.6 215 215.3 215.7 216 216.3 217.1 218.5 219.8 221.4 222.7 223.9 225.1 226 226.5 226.6 226.7 226.6 226.3 226 225.5 225 224.4 223.6 222.7 222 221.4 221.1 221 220.6 218.6 221.3 222.7 223.8 224.7 225.4 226.1 226.9 227.7 228.5 229.2 230
183.2 184.2 185.7 187.4 188.9 189.9 190.8 191.8 192.9 194.2 195.5 196.6 197.4 198.2 199.1 200.8 202.5 203.8 205.5 207.5 209.5 211.3 212.9 213.6 213.4 212.3 211.9 211.8 211.7 212.1 212.7 213.2 212.8 212.4 212.1 212 212.2 212.6 212.9 213.7 214.2 214.9 216.2 217.9 219.9 221.4 222 223.2 224.5 224.8 224.9 224.7 224.4 224.1 223.9 223.8 223.4 223 222.7 222 221 220.6 220.2 220.2 220.2 220.1 220.7 221.9 223.2 224.1 225 225.8 226.5 227.3 228.1 228.8 229.7 230.6
184.8 185.7 186.5 188 189.4 190.4 191.3 192.2 193.3 194.6 195.7 196.6 197.5 198.3 199.4 201 202.7 204.8 208.2 210 211.3 212.2 212.5 212.5 211.6 210.7 209.6 209.6 209.6 209.7 209.9 209.9 209.9 209.7 209.5 209.5 209.6 210.1 210.6 211.4 212.4 213.7 215.5 217.7 219.9 220.9 221.3 222.2 222.5 222.5 222.4 222 221.8 221.6 221.4 221.4 221.3 221 220.5 220.4 219.6 219.2 219.1 219.6 219.8 220 221.1 222.4 223.4 224.4 225.3 226.3 226.9 227.6 228.4 229.2 230.3 231.1
186.1 186.4 187 188.4 189.8 190.7 191.7 192.6 193.6 194.6 195.7 196.7 197.6 198.4 199.5 201.2 203.6 206.2 209 210.1 210.6 210.5 210.3 210 209.4 208.4 207.4 207.2 207.2 207.3 207 207 207 207.1 207.2 207 207.1 207.6 208.5 209.7 210.9 212.9 215 216.8 218.6 219.6 219.7 219.7 219.9 219.9 219.7 219.4 219.1 219 218.8 218.6 218.6 218.3 218.1 218.6 218.4 217.9 217.8 218.8 219.4 221.1 222.3 223.2 224 224.7 225.6 226.6 227.4 228 228.8 229.8 230.8 231.7
186.3 186.6 187.5 188.8 189.7 190.8 191.8 192.7 193.7 194.8 195.9 196.9 197.7 198.6 199.7 201.5 204.3 206.7 207.7 208 208.1 207.8 207.5 207.3 206.6 205.6 205.2 205 204.8 204.6 204.3 204.4 204.6 204.7 204.9 205.3 205.7 206.3 207.6 208.8 210.6 212.5 214.1 216.1 217.2 217.8 217.7 217.7 217.5 217.3 217 216.7 216.4 216.2 216 215.5 215.9 215.4 216.3 217.2 216.8 219.5 220.3 220.3 221.3 222.4 223.3 224 224.6 225.2 225.9 227 228.1 229 229.9 230.9 232 232.6
186.5 186.7 187.8 188.7 189.6 190.7 191.7 192.9 193.9 195 196 197.1 197.9 199.2 200.5 202.3 204.8 206.1 205.7 205.8 205.6 205.2 204.8 204.5 203.8 202.9 202.4 202.2 202.1 201.8 201.8 202 202.2 202.3 202.7 203.6 204.5 205.3 206.7 208.8 211 213.1 214.5 215.4 216.2 216.2 215.8 215.7 215.5 215.1 214.4 213.9 213.7 213.5 213.3 212.6 214 214.4 217 218 220 221.3 221.6 221.4 222.3 223.4 224.3 225.2 225.8 226.9 227.8 228.9 229.9 230.9 231.7 232.7 233.5 234
186.4 186.6 187.5 188.4 189.4 190.4 191.4 192.5 194.1 195.1 196.2 197.7 199.2 200.5 201.2 202.1 204.3 204.6 203.8 203.3 203 202.7 202.3 201.6 200.9 200.3 199.7 199.3 199.3 199.2 199.4 199.7 199.9 200.3 200.6 201.6 202.8 204.7 206.9 209 211.2 213.4 214.1 214.7 214.9 214.3 213.9 213.7 213.3 212.9 212.1 211.2 211.1 211 211.5 213.3 215.6 217.9 219.8 221 221.6 222.3 222.7 222.8 223.4 224.6 225.6 226.7 227.6 228.7 229.8 230.8 231.8 232.7 233.6 234.4 235 235.5
