WholeMapElevations/data/nt/nt86_OST50GRID_20230518/NT86.asc
ncols 200
nrows 200
xllcorner 380000
yllcorner 660000
cellsize 50
[rows 140 to 174 of 200, columns 78 to 155 of 200]
174.1 170.1 166.4 159.3 152.3 143.3 131.8 120.5 109.7 100.5 95.8 90.2 82.7 82.6 83.2 85.5 90.9 89.7 90.7 92.2 97.8 97.7 101.2 103.9 107.7 109.9 112 112.8 113.3 113.7 114.7 116.4 118.9 120.7 121.6 119.5 117.3 116.3 115.6 115.6 116.2 116.9 117.3 116.8 116.4 114.9 112.6 99.5 100.4 108.6 107.3 107.1 106.9 106.7 106.3 105.8 106.3 105.4 105.1 103.9 101.5 99.4 96.5 94.9 94.5 94 93.4 93.2 94.4 95.5 95.4 95 94.2 94.5 94.7 95.4 95 94.1
178.2 175.4 171.1 166 159.6 151 139.8 127.4 115.6 104.9 98.1 90.5 82.3 82.7 82.6 86.2 89.5 89.8 88.6 89.6 90.1 91.9 97.4 97 100 103.3 105.6 106.9 107.8 108.6 109.8 111.2 115.7 119.2 120.4 120.4 118.5 116.4 113.8 113 113 113.2 113.3 113.9 114.3 113.3 111.8 108.8 92.5 99.1 104.2 103.9 103.7 103.5 103.1 102.8 102.8 102.7 102.6 101.1 99.1 98 96.1 93.9 93.5 92.7 92.1 91.9 91.7 92.7 92.7 92.7 92.3 92.2 92.3 92.5 92.8 92
185.6 181.2 176.5 170.1 163.8 156.5 148.5 136.8 126.4 113.8 103.8 95.2 82.1 82.8 81.7 81.8 88 87.9 87.6 88.5 91.2 89.5 91.8 92.5 96.5 96.4 98.7 101.2 103.6 104.1 105.3 107.4 111.5 114.8 116 117.1 117.1 116.5 115 113.4 110.9 108.8 108.7 110.8 111.2 110.8 109.7 108 104.6 88.2 99.6 101.2 101.1 100.8 100.7 100.2 100.1 100.9 100 99.5 97.3 95.9 94.8 93.3 92 91.6 91 90.5 90 90.3 90.4 90.5 90.3 90.3 90.4 90.4 90.6 89.5
192 187.7 184 180 171.9 166.1 154.5 145 134.8 122.5 112.2 101.4 87.3 82.1 81.3 81.7 81.6 85.3 86.5 88.5 90 91.1 91 91.8 92.4 93.1 96.6 95.5 95.4 100.3 102.6 104.7 107.3 109.1 110.5 111.7 113 113.9 113.7 113.4 111.2 108.4 100.4 104.4 106.7 106.8 106.7 105.9 104.3 98.9 85.4 97.2 99.1 98.4 98.5 97.7 98.5 99.1 98.3 98 96.8 95.4 93.6 91.6 91.4 91.1 90.5 89.8 89.1 89 88.6 88.7 88.4 88.6 89 88.6 88.5 86.3
201.8 197.1 190.5 186.4 182.1 176 166.5 155.5 145.3 135.4 122.6 110.4 100.3 86.2 79.8 81.4 80.9 81.3 81.5 84.2 87 89.7 89.3 89.8 90 90.6 91 92.3 95.7 95.5 96.9 102.3 103.1 103.5 105.2 106.4 108.1 109 111 110.9 109.7 108.8 107.8 104.2 101.3 100.2 100.8 101.5 101.8 100.7 94.7 80.6 91.2 95.4 95.8 95.2 96.9 97.4 96.5 96.5 95.6 94.4 92.7 90.4 90.2 90.3 90.2 89.3 88.4 88 86.8 86.9 87.2 87.9 87.5 86.9 86.5 85.1
209.8 204.6 201.6 198.7 192.2 185.3 177.4 168.9 159.3 146.1 136.4 123.6 111.2 99.3 88.6 84.9 79.1 81.1 80.7 80.4 80.3 80.7 82 83.5 86.4 89.3 89.2 90 91.2 89.5 96.6 96.6 97.5 98.4 99.7 99.8 101.7 104.2 106.9 108.4 107.6 107.2 106.6 105.8 103.5 97 91.5 93.1 95.6 95.5 87.1 85.5 85.4 86.1 87.2 88.3 89.6 90.3 94.9 95.2 94.3 92.6 90.8 89.3 89 89.5 89.2 88.8 87.6 87.1 85.5 84.5 86.1 87 86.3 84.9 85.1 84.5
215.6 214.9 210.4 204.3 199.7 195.6 191.3 182.9 173.1 162.3 149.3 136.7 126 113.3 100.3 90.9 85.9 83.5 80.1 80.3 78.5 79.7 79.5 79.5 79.9 87.3 89 89.2 89 88.3 84.4 88.2 92.5 97.8 98.7 98.6 92.9 99 99.6 103.9 105.6 106 104 104.3 103.8 101.7 95.3 89.4 90.2 88.2 87.5 83.8 77.8 78.5 80.6 80.5 83.3 84.5 87.4 91.9 90.6 90.9 88.7 88 87.9 87.9 87.6 87.5 86.9 86.5 85.8 84 83.6 84.4 84.9 84.4 83.8 84.3
219 216.6 214.9 211.6 208.7 203.8 198.1 193.4 184 175.4 164.5 151.4 137.1 125.3 112.5 103.7 95.7 88.7 85.6 80 79.9 79.7 78.3 79.1 79 81.5 86.2 86.5 84.5 83.6 84.3 87.8 86.7 92.1 91 93.5 93.6 95.5 97.6 99 98.4 97.7 97.2 96.3 95.6 94.6 94.3 89.6 82.3 80.1 81.1 79.6 75.3 74.1 74.6 69.8 70.8 69.4 83.1 91.3 91.3 90 88.8 88.1 87.9 87.3 86 85.4 85.9 86.1 84.9 85 83.6 82.5 83.7 83.2 83.4 83.2
225.5 222.9 220.1 217.5 214.5 208.4 204.5 199.5 190.7 184.3 174.5 165.8 153.6 141.6 129.6 117 107.8 100.9 94.3 88.9 83.5 79 79.2 78.9 78.7 78.9 80 79.6 79.8 80.4 81 80.8 80.4 82.3 83.2 87.3 87.4 89.7 91 93.3 96.1 97.1 96.6 94.2 92.4 88.4 85.6 82.5 81.2 79.3 76.1 72.1 72.2 71.9 74.8 73.6 71.3 70.4 83 87.1 86.7 86.9 88.2 87.4 86.4 86.2 85.9 82.5 84.9 84.6 84.7 84.8 83.8 81 82.5 82.1 80.6 80.7
230.1 226.6 224.2 220 216.4 212.3 206.1 201.8 196.9 190.9 183.1 173.7 165.5 156.7 143.8 132.2 122.4 114 106.7 101.3 96.8 92.9 87.8 81.7 78.4 77.5 77.8 78.1 78 78.6 78.5 78.7 78.3 77.7 77.3 77.3 81.6 82.3 82.5 84.8 86.7 88.1 86.9 84.9 82.5 80.5 78.1 73.9 73 73.1 72.2 78.3 81.9 84.5 86 84.6 82.1 71.1 70.7 71.3 72.3 73.9 83.6 86.5 86.2 85.6 85 81.4 82.5 83 83.7 83.5 83.1 81.4 81.1 79.9 79.1 78.9
232.2 229.5 226.6 223.1 217.9 213.4 207.8 202.2 197.7 192.3 186.9 180.7 173.6 166.6 157.7 146.9 136.8 128.9 121.9 116 109.1 103 99.6 95.6 92 85.4 78.1 77.9 77.2 76.9 78 77.5 76.9 76.6 76.7 76.1 76 76 76.2 77.5 78.9 80 79 74 74.4 74.1 72.8 72.3 77.8 81.9 84.7 88.2 91.8 93.4 93.1 91.4 84.2 86.6 85.9 69.3 68.6 70 69.6 81.3 83.9 83.2 83.2 80.3 79.7 82.9 82.7 81.8 81.7 81.6 80.6 80.4 79.8 71.8
234 229.8 226.4 222.9 217.7 213 208.6 203.6 199.2 193.7 187.5 182.6 177.1 172.1 166.3 159.5 152 145 138.4 131.2 124 117.2 107.9 102.6 99 95.7 92.7 90.1 86.9 83.4 78.7 77.9 75.2 76 76.3 75.9 75.3 73.8 75.4 74.7 74.7 74.7 74.4 75.5 81.9 83 84.3 86.5 89.4 95.8 95.2 96 95.7 96.6 96.5 95 94.1 91.8 84.3 87.5 76.4 69.5 68.4 68.9 72.4 71.8 77.2 76.6 74.9 78.5 79.5 78.6 78.5 78.7 79.5 79.7 77.7 74.8
233.6 229.6 225.2 221.1 216.8 212.8 208.5 203.5 198.7 193.8 188.7 184.2 179.9 175.2 170.4 165.8 160.5 155.8 150.8 143.8 137.8 130.3 120.6 112.7 106.2 102.4 98.5 97 94 91.9 89.9 87.7 81.1 82 77.9 76 76 75.1 74.9 74.5 73.8 80.5 86.4 88.6 90.7 92.2 92.7 96.7 98.1 100.8 101 102 102.2 101.3 100.5 99.4 97.8 95.7 94.9 92.9 83.8 71.3 69.5 69.3 67.2 68.5 70.6 73.6 72.5 71.3 71.7 71.5 71.6 71.5 72 71.6 70.7 70.2
231.7 227.3 223 219 215 211.7 207.5 202.8 198.2 194.2 190.1 184.7 180.5 176.3 172.3 169 164.8 160.7 155.2 148.5 142.9 137.1 130.4 123.4 115.5 109 103.4 101.7 98.6 97.3 95.2 93.8 87 91.9 89.6 86.1 84.5 85.4 87.7 89.4 89.9 92 94.7 95.7 97.5 99.7 101.6 106.1 110 113.4 113.8 112.1 109.3 108 106.9 104.9 102.1 100.5 98.5 97 95.4 91.6 78.6 68.7 68.6 69.1 68.3 67.6 68.1 68.2 67.9 67.6 67.3 66.9 67 66.7 66.1 66
229.5 224.1 219.6 215.4 211.5 208.8 205.5 202.4 198.7 194.2 189.9 185.8 181.6 176.4 172.7 168.7 166.2 161.8 156.2 151 146.5 141.7 135.2 129.5 124.5 120.6 111.5 106.6 102.1 99.3 97.6 96.3 91.6 96.4 95.6 94.4 93.5 92.9 94.3 95.8 98 99.1 100.9 104 106.4 107.9 113.4 119.5 122.8 125.6 126.2 122.9 120.1 114.2 110.7 108.5 107.4 105.4 103.3 102 99.4 96.9 93.4 83.7 87.4 69.8 68.4 69.2 67.9 67.3 67.7 67.2 67 66.7 66.3 65.9 66.3 65.7
225.9 220.4 215.9 211.3 207.6 204.6 202.9 200.2 197.7 195.4 191.3 187.1 182.1 178 172.4 167.6 164.2 161.5 157.6 153.8 149.5 145 140.3 135.1 130.7 125.4 119.9 111.5 106.8 103.1 100.4 99.2 97.1 100.4 100.5 100.5 99.8 100.2 100.6 102 104.6 107.2 110.2 114.3 115.9 118.1 122.6 128.3 132.9 132.2 131.7 130.5 127.7 122.6 117.2 112.8 109.4 107.8 105.4 102.7 101.3 98.7 95.9 93.1 91.1 86.3 79.4 70.5 68.1 66.6 65.8 67.2 65.7 66.6 66.1 66.5 65.3 64.7
220.2 215.3 210.5 206.2 202.4 199.5 197.8 197.4 196.7 196.3 193.3 188.4 183.7 179.9 174.2 168.9 164.4 160.5 158 154.7 151.2 148.2 142.4 138.8 134.8 130.5 125.4 118.2 112.2 106.6 103.9 102.6 100.5 104.9 106.2 107 108.5 110 111.7 115.2 116.2 119 122.2 125.9 128.5 130.5 131.8 133.9 134.1 134.6 133.2 131.2 128.8 126.7 122.5 118.4 113.8 109.1 106.5 104.2 102 99.5 97.9 95.6 92.6 89.9 87.1 87 82.5 83.6 84 81.4 79 73.1 73.1 72.9 67.9 66.2
213.2 207.3 202.4 199.7 196.8 194.3 193.4 192.8 193.8 193.6 192.8 190.3 186.4 182.2 177.4 171.1 165.5 161.2 157.1 154.5 151.5 148.1 144.9 141.5 138.3 134.1 129.8 125.2 119.3 112.9 109.3 108.3 107.1 110.8 113.1 114.2 117.9 121.7 124.2 126.7 129.3 132.2 134.4 135.9 137.8 139.7 139.1 138.6 136.1 134.9 133.2 131 128.3 126.4 124.2 121.2 117.4 113.3 109.7 107 104.2 101.8 99.1 97.1 94.5 92 88.8 88.1 87 87.2 81.9 84.9 81.9 81.1 81 80.8 80.4 78.3
206.1 201.2 195.7 192.5 190.1 189.7 189.3 188.9 189.7 191.4 191 190 187.7 183.7 178.6 173.7 169 163.8 158.2 153.5 149.8 147 144.1 141.5 138.8 136.7 133.3 129.7 125.1 120.9 116.9 115.9 116.2 119.2 122.4 124.3 129.2 132.6 135.6 138.6 140.6 142.2 143.2 143.7 144.5 144.1 142.9 140.7 138.3 135.3 132.7 130.4 127.3 124.3 122.5 120.4 118.2 114.5 111 108.9 105.1 102.5 100.5 98 94.9 93.5 90.5 89.3 87.8 86 84.4 84.9 83.2 80.8 81.4 80.5 80.5 79
202.8 197 192.4 189.4 188 187.5 186.2 186.8 188 190.1 190.6 190.2 188.7 185.4 181.2 176.7 172.5 166.8 160.6 155.3 150.4 145.7 142.9 140.4 137.6 136 134.1 131.8 128.6 126 122.8 117.7 121.6 125.2 129 132.9 138.4 142.4 144.9 146.6 146.7 147.8 148.1 146.4 146.3 145.2 143.8 141.3 138.3 135.1 131.7 128.4 125.6 123.1 120.1 117.5 115.4 113.5 110.9 107 104.7 102.9 100.7 99 96.3 94.2 92.6 89.4 87.6 85.7 83.2 83.3 84.2 83 80.8 80.2 79.3 77.5
201.5 196.5 192.1 189 187.3 186.1 186.2 188.5 190 191.2 192 192.1 190.8 188.8 184.5 179.6 176.2 171.2 164.5 158.3 153.1 146.8 143 138.8 135.7 134.2 132.5 130.6 128.9 128.1 125.2 124.4 125.9 128.7 133.4 140.3 146.5 149.1 149.9 150.5 150.5 151.2 149.9 147.1 144.9 143.7 142 140.1 137.3 134.2 130.8 126.8 124 121.1 118.8 115.7 112.8 110.7 109.5 107.5 104.2 101.6 99.2 97.9 96.1 95.2 92.9 91.6 89.4 85.8 83.1 82 82.1 82.8 82.2 81.5 81.5 80
205.8 201 195.1 191 188.5 187.6 190 192.3 194 195.3 195.8 195.2 193.7 190.8 187.6 184.1 179.5 174 168.6 162.8 156.5 150.6 144.6 139.5 135.1 132.6 131.2 129.8 128.3 127.7 126.5 127.4 128.1 130.1 135.9 142.3 149 152 152.3 153.6 152.9 151.4 149.4 146 142.6 140.8 138.3 135.3 132.6 130.5 127.9 125.1 122.3 119.2 116.6 113.7 110.7 108.1 105.9 105.1 103.4 101.3 98.1 97.6 95.9 95 92.9 91 89.1 88.1 86.5 83.3 83 81 80.9 79.8 78.6 76.5
205.5 202.1 197.5 195 191.9 188.8 192.3 195 197.6 200.3 200.3 198.9 196.8 193.9 191.1 186.8 181.6 175.8 171.2 165.2 158.9 153.7 148.7 142.5 137.7 133.1 130.5 129 127.2 126.5 125.8 126.9 127.6 129.7 134.8 141.7 147.8 151.8 153.7 153 152.2 150.1 147.6 144.5 140 137.5 135.5 132.1 128.9 126.9 123.6 121.1 118.3 116.5 113.5 111 108.5 106.1 103.8 102.2 101.6 100.9 98.6 97.1 95.1 96.3 95.3 92.9 89.9 86.9 86.1 84.6 81.7 81.1 80.3 79.5 79.5 77.6
205.3 201.2 197.2 194 191.7 189.1 192.1 195.3 198.4 201.5 202.5 201.7 199.8 195.4 191.5 187.5 182.3 177.2 172.5 166.5 161.3 156.8 151.7 146.4 141 136.1 131.5 129.2 126.5 125.4 125.6 125.1 127 129.1 134.2 138.6 143.7 148.3 150.7 151.5 150.2 148.4 145.3 143.3 138.7 135.2 131.9 129.5 126.5 122.8 120.5 118 115.6 114 111.3 108.9 107.1 104.3 102 100.2 99.8 99.3 98 95.2 94.9 92.9 92.1 92 90.5 86.5 84.9 83 82.9 81 80 79.3 78.7 78
207.2 202 197.8 194.1 191.4 187 190.2 194.2 199 201.8 202.8 201.6 198.7 195.2 191.1 186.7 182.5 177.8 173.4 168.9 164 158.8 153.9 149.5 144.7 139.9 135.3 130.3 127.3 125 124.7 124.8 125.8 127.1 131.4 135.1 139.2 144.4 146.6 147.7 147.3 145.5 143 139.5 136.3 132.7 129.9 127.8 124.4 121.2 118.7 115.9 113.7 111.4 109.4 106.9 104.7 103.5 101.1 99.6 97.5 97.1 94.8 94.2 94.8 91.7 90.1 90.4 88.4 87 85.1 85.3 83.6 81.1 79.9 80 79 78.4
206.8 203 198.8 194.3 191.1 187.3 186.8 191.8 195.9 198.5 199 197 195 192.9 189.3 185.3 181.6 178.6 175 170.5 165.8 161.4 156.1 151.8 147.4 143.8 139 133.9 129.5 126 125.2 124.7 125.2 126.5 130.9 135.4 138.9 141.5 142.4 144 143.3 141.8 139.3 137.6 134.2 131.1 128.4 125.4 123.6 120.5 117.3 114.5 112.9 110.3 108.2 106.4 103.6 102.1 100.2 98.1 96 95.5 94 92.6 92.2 90.7 89 89 88.3 85.7 84.4 86.8 85.9 82.1 80.4 79 78.8 77.9
206.4 202.3 198.8 194.2 190.3 186.6 182.2 185.9 189.1 190.5 190.7 189.7 189.9 188.6 186.2 183.6 180.2 177.9 174.5 170.8 166.5 162.4 158.2 153.7 149.2 145.4 141 137.3 132.3 128.4 126.1 125.3 125.8 127.5 132.8 138.6 140.7 141.3 141.3 141 140.1 138.2 136.1 134.2 131.5 129.1 126.2 124 121.9 119.4 116.9 114.5 112.8 109.6 107.6 105.6 104.4 101.3 99.1 97.6 96.5 95 94.5 92.6 90.8 89.4 88 87.3 86.4 85.3 84.2 84.8 83.4 82.1 80.4 79 78.2 77.6
207.9 202.7 197.4 194 190 185.3 180.4 178.3 179.5 181.4 182.3 182.6 182 181.2 181.9 180.2 178.9 175.7 172.5 170 166.5 162.4 157.9 152.7 150 146.4 142.8 139.1 136.1 131 128.5 126.2 126.2 129.3 136.3 139.5 140.7 141 139.8 138.9 137.1 135.1 133.7 131.1 128.7 126.8 124.4 123.1 120.9 118.7 116.4 114.7 111.8 109.5 107.1 106.7 104.2 100.6 99.6 98.2 96 94.5 92.9 91.8 90.5 88.8 88.7 87.8 86.9 85.7 84.2 83.1 82.4 81.1 79.9 78.5 77.9 77.6
210.8 204.9 197.2 193 189.6 184.4 178.3 172.3 171.5 171.3 172.1 174 174.7 175.5 175.8 176.5 175.1 172.4 169.4 166.4 163.7 160.5 156.9 153.1 149.7 146.6 143.7 140.3 137.6 133.7 130.4 128.9 128.7 132.9 136.2 138.3 139.2 139.5 138.1 136.5 134.6 132.8 130.3 128.3 126 124 122.7 121.3 119.6 117.4 115.1 113.7 112.3 109.4 107.7 104.9 102.2 100.2 99.7 97.1 96.5 96.2 93.2 94 90.5 89.7 89.8 88.7 87.6 86.2 84.4 83.3 81.6 81.1 79.3 78.5 79.7 79.8
212.4 207.5 200.5 193.1 188.4 183.3 176.7 171.9 166.6 163.1 162 162.2 165.7 168.2 169.1 169.4 168.7 167 164.6 161.8 159.1 156.1 153 150.5 147.5 145.9 143.6 141.2 138.3 135.6 133.3 132 131.7 132.8 134.7 136.2 136.5 136.7 135.4 134.8 132 129.5 127.4 125.5 123.4 121.3 119.6 119 117.3 115.5 114 112.7 111.3 109.8 107.3 105.2 104.1 102.5 101.4 98.8 97.2 96.7 94.3 92.3 90.3 90.3 88.4 88.2 88 85.5 83.9 83.2 82.1 81.5 80.7 81.4 81 80.6
210.5 206.4 200.9 194.2 188.2 182.4 176.7 170 165.1 159.4 155.2 154.6 155.3 158.5 159.8 161 161.5 160.4 158.4 155.2 153 150.6 148.4 146.7 144.9 143.3 141.3 139.4 137.7 135.9 134.5 133.8 133.2 132.5 132.3 134.3 134.7 134.5 133.3 131.4 129 126.9 124.2 122.7 120.7 118.4 116.9 115.6 115 113.5 112.5 111.6 110.4 109.2 107.2 106.6 106.7 104.1 101.6 100.8 98.4 96.1 94.9 91.9 91.5 91 90.4 88.6 86.7 86.7 85.3 84.3 83.4 82.6 81.3 81.2 81.3 81.2
204.8 203.1 199.2 193.4 186.9 181.3 175.7 167.9 162.8 158.8 153.5 147.3 147.9 149.1 150.8 151.2 152.9 153.4 152.4 149.3 147.5 145.2 143.1 141.1 139.8 138.6 137.6 136.8 135.8 134.9 134.2 134 133.7 132.2 131.1 129.2 132.7 132.6 131.2 128.9 126.5 124.2 122 118.9 116.9 115.6 114 112.8 112.1 111.2 110.5 109.9 109.1 108.6 107.2 106.7 106 105.4 102.5 101.4 98.6 96.2 93.3 94.6 94.1 92.9 92.2 91.2 89.3 87.4 86.5 85.9 84.2 83.4 83.4 82.2 82.2 81.5
199.6 198.3 196.4 192.5 186 180.6 175.1 167.4 160.6 155.4 150.5 144.9 141.4 141.2 141.3 143 144.3 144.3 145.2 143.9 140.9 138.4 137.3 135.4 133.9 132.7 132.7 132 131.1 131.5 131.5 131.6 132.3 132.5 131.6 128.6 129.8 130.3 128.6 126.5 124.4 121.6 119.4 117.4 115.1 113 111.7 110 109.3 108.7 108.6 108.6 107.8 107.3 106.2 106.5 106 105.1 103.6 102 100.4 96.9 99.3 97.2 96.9 95.6 93.9 91.6 90.2 88.8 88.1 86.8 86.2 85 83.1 82.6 82.3 81.9
193.2 193.2 192 190.1 186.5 182.5 176 169.8 162.4 155.4 147.7 143.1 138.6 135.2 136.2 135.9 137 136.8 136.4 136.4 134.8 132.1 129.9 129.2 128.7 126.9 126.9 127.3 126.4 126 127.5 128.4 129.7 130 129.3 127.2 125.5 128.4 126.6 124.7 122.2 119.7 117.1 114.5 112.4 110.7 109.5 107.7 106.9 106.4 106.4 106.3 106 105.5 105 105.7 104.6 104.8 105.1 102.7 101 100.7 101.4 100 97.6 95.9 94.4 92.6 92.2 91.1 91.1 89.7 88.9 86.5 85 83.5 83 82.4
186.7 187.2 188.7 188.6 187.8 183.3 178.1 172.7 166 158.8 150.4 143.3 138.1 134.2 130.5 131.5 131.7 131 130.2 128.6 127.1 125.2 124.1 123.4 122.7 122 120.9 122 122.1 123.1 123.2 124.4 126.5 127.5 126 125.4 122.9 125 124.1 122.3 119.9 117.7 115.5 113.1 110.5 108.5 107.1 105.4 104.5 104.2 103.7 103.4 103.7 103.5 103.9 103.8 103.3 103.6 103.5 102.4 101.9 101.5 101.7 101.6 99.9 98.9 97.1 94.2 94.7 92.9 91.6 89.8 89.8 88.7 87 84.6 83 82.9
