UK/data/sj/sj30_OST50GRID_20230518/SJ30.asc
ncols 200
nrows 200
xllcorner 330000
yllcorner 300000
cellsize 50
[rows 35 to 69 of 200, columns 0 to 78 of 200]
346 345.3 343 338.9 334.2 329.1 325 320.4 316.2 311.8 307 300.6 296.1 292.3 287.1 278 265.3 256.7 251.5 243.2 246.7 259.7 278 287.2 293 296.8 298.3 298.5 295.6 292.4 288.9 286.3 289.3 289.2 288.2 285.9 283.4 280.5 279.2 278.6 275.9 274.3 271.6 269.3 267.3 265.6 265.7 268.8 270.5 276.1 277.2 273 267.4 261.3 256.1 247 239.7 238.5 237.1 235.7 229.6 225.7 225.4 223.1 220.4 217.8 215.3 216 213 207.9 206.2 200.2 193.7 187.1 180.5 179.4 181.2 172.1 168.8
344.1 342.3 338.5 334.3 329.2 324.6 320.2 316.2 312.6 307.9 302.3 297.1 293.3 287.5 283.7 275 264.3 253.5 246.3 242.8 238.5 247 266.9 283.9 291.9 296.4 298.5 296.9 292.6 287.1 283.3 280.1 286.3 291.6 291.2 289 286.8 285.8 284.7 281.6 278.1 274.8 272.4 268.4 261.4 256.7 251.6 252.3 258.7 264.9 265.2 258 250.9 243.6 239.1 235.7 233.7 232 228.6 227.4 225.7 221.3 220.5 220.4 217.7 215.3 213.4 212.6 210.1 207.5 202.6 191.9 193.3 193.4 189.9 174.6 162.7 167.9 169.1
342.2 338.5 334 329.2 324.6 320.1 315.9 311.5 307.1 301.9 296 290.7 289.3 282.6 271.3 263.2 255.1 247.1 241.5 240.3 236.2 237.4 254.1 278.2 290.1 295.1 295.9 294 288.7 281.4 275.7 272.7 281 292.1 294.1 293.4 291.3 290 287.7 286.5 285 281.2 276.5 271.8 265.2 254.2 240.4 243 239 239.1 241.4 243 237.7 232.9 229.2 228.5 231.1 226.6 223.5 222.2 223.7 221.6 222.6 220.3 216.5 214 211.1 208.5 207.6 203.4 202.7 200.5 199.7 194.6 187.8 167.4 169.3 180.5 186.4
338.7 335 330.6 324.9 319.9 315.1 311.2 305.4 297.1 292.1 286.2 279.4 272.9 266.6 257.3 251 245.4 247.6 255 255 239.8 232.2 244.2 268.6 286.2 291.6 291.8 289.2 285.1 277.8 269.7 265.7 275.9 291.2 296.3 295.6 295.5 295.1 294.2 292.1 289.6 286.3 282.9 278 271.9 262.4 249.9 233.7 228.5 226.3 225.8 227 226.8 224.4 223.9 225.7 224.5 226.6 227.1 223.4 221.2 222 220.2 219.4 220.8 221 220.2 214 209.8 205 201.8 198.2 195.3 189.9 171.7 172.8 183.3 194.6 195.9
333.8 330.3 324.7 318.9 313.3 308.2 303.4 299.1 295.7 292.3 276.3 266.3 263.1 260.9 258.9 259.1 266.2 274.6 267.7 257.5 241.2 234.9 237.6 257.9 279.9 285.8 286.2 284.9 282.3 272.4 263 258.3 268.8 287.2 296.8 298.6 300.5 299.3 298.3 297.2 295.2 292 288.1 283.6 274.1 263.2 251 241.1 228.1 222.2 221.6 220.5 217.9 218.3 220.9 221.2 220.9 223.5 224.6 222.9 222.2 221.7 222.3 222.8 220.9 215.6 210.2 204 200.1 197.8 194.3 190.4 184.8 172.3 174.9 185.1 198.2 203.3 201.4
323.3 320.1 319.2 321 321.3 321.2 318 313.8 307.2 287.4 287.5 293 287 284.6 285.4 288.2 284.5 280.2 271.7 261.3 244.7 234.9 234.6 248 273.3 278.7 280.8 279.5 276.9 264.9 254.3 251.2 263 282.4 295.1 299.8 302.1 303.2 303 302.2 299 295.7 291.8 281.6 269.5 258.7 249.1 241.3 232.5 223.9 222.2 218.5 213 213.5 214.8 213.5 216.1 217.5 220.6 221.6 221.6 220 218.9 213.6 204.6 203 201.1 197.4 193.2 189.5 184.5 179.1 167.7 178.7 192.2 204.8 206.1 207.6 211.9
333.4 334.4 333.7 331.7 328.8 325.2 320.4 315 306.9 294.2 302.3 302.2 301.7 299.5 295.6 291.1 285.3 276.3 267.2 260.2 248.1 236.1 230.4 240.3 263.6 271.5 274 271.5 267.7 258 246.8 245.4 257.6 276.9 294.8 301.8 305.6 307.2 306 303 298.8 287.6 279.5 269.2 260.6 253.1 243.7 233.8 227.2 225.4 219.1 214.4 214.2 206.7 207 207.8 209.6 211.9 214.2 216.4 211.5 207 203.6 202.4 200.8 198.1 195.2 191.5 187 182.7 176.3 169.5 183.9 193.4 204.5 208.7 212.1 214.9 210
340.5 339.3 337.9 335.9 332.6 328.5 323.9 318.2 304.3 306.5 307.6 307.3 305.5 301.8 296.8 290.3 281.7 271.8 263.1 255.9 245.6 236.4 230.7 231.9 250.8 262.2 264 262.4 257.2 250 240 237 249.3 267.3 284.7 295.2 298.2 296.6 291.4 285.3 278.3 272.4 261.7 254.7 247.2 234.7 227.6 221.6 219.7 216.6 212.2 206 205 206 201.5 200.4 201.1 203.9 201.2 197.3 194.5 194 194.1 194.4 192.9 190.7 187.8 183.1 178.2 173.8 170.6 185.1 200 205 210.2 216.2 219.4 216.1 202.5
344.6 343.4 341.9 338.9 335.4 330.7 326.5 321.4 307.6 313 311 309 306.2 301.9 295.4 287.3 278.5 270.1 259.2 247.8 245.5 239.5 232.9 227.9 236.7 253.5 252.2 250.9 248.7 241.7 231.4 228.2 234.5 247.8 262.9 271.4 273.1 273.4 267.1 261.1 254.7 248 240.8 233.4 225 218.1 214.4 210.6 209.3 207.6 204.2 199.4 197.4 198.8 199.5 193.3 192.2 189.8 188.9 187.1 186.6 185.6 184.4 184.2 182.8 180.4 177.7 174.4 173.4 175.9 185.6 199.4 207.5 213.6 219.1 220.1 214.7 201.7 192.8
348.4 346.4 344.5 340.7 336.6 333 329.1 319.2 317.7 317.4 313.9 310.5 306.3 300.7 290.9 283.8 275.9 268.2 262.6 261.1 256.5 242.8 233.2 227.4 223.9 234.6 236.9 238.1 239.6 237.5 225.5 222.1 219.4 224.4 232.3 237.7 239.2 241.2 239.9 234.9 229.1 222.7 217.9 213.8 208.9 204.9 202 200.5 200.5 199.3 196.3 193.6 192.7 190.8 191.8 191.2 188.6 187.1 184.5 182.2 180.1 178.8 177.7 177.1 176.3 175.1 174.9 175.9 179.2 185.9 195.2 204.3 211.1 215.4 216.6 208.6 196.2 188.6 185.1
350.9 348.5 345.3 341.7 338.4 334.7 326.7 325.6 325 323.1 319.3 314.6 308.2 302.9 293.7 286.8 280.5 275 270.7 266.5 259.1 240.6 225.9 227.2 223.4 218.2 219.1 219.1 221.2 223.1 219.5 215.4 213 211.2 209.9 210.2 214.9 217.2 215.9 213.8 211 207.9 203.8 199.4 196.3 194.5 193.9 193.3 192.6 192.1 190.3 189 188.4 186.7 185 185 184.4 182.9 180 179.2 178.7 177.9 178.1 178.2 177.8 177.4 177.5 178.9 181.5 185.9 193.7 200.1 206.4 206.9 196.4 190.2 182.3 178.2 178.4
352.1 349.7 346.3 342.9 339.7 336.1 333.6 332.5 331.3 329.6 326.1 320.4 313.9 306.9 300 293.5 286.7 280 274 267.7 253.8 241.7 242.4 237.2 230.3 227 223.2 217.5 213.4 212 210.2 209.9 208 205.4 204.9 201.8 203.7 205.8 205.4 203.7 201.4 199.4 195.7 191.5 194.3 191.3 188.5 190.4 189.1 187.2 187.7 186.8 185.6 184.1 182.9 181.3 181.4 180.8 180.4 181.1 181.2 179.8 179.9 179.6 179.4 179.7 179.9 180.6 181.2 184.2 184.3 183.3 187.1 185.7 181.3 175.4 173 172.5 171.4
352.9 349.6 347.4 344.5 341.6 339.9 339.5 337.6 336.8 335.2 330.6 323.7 317.7 311.5 304.7 297.7 290.7 282.5 275.9 267.3 252.8 255.1 253.8 246.5 240 235.5 234.2 224.7 215.8 213.2 211.5 212.6 216.5 214.6 210.7 205 202.1 200.1 199.3 199.1 198.3 197.7 198.2 199.8 200.4 198.5 195.4 192.5 189.6 188 187.2 185.3 185 182.7 183.8 185.6 186.3 184.8 184.8 185.2 184.2 182.8 183.4 181.3 179.8 181.5 181.5 181.3 180.6 182.1 179.9 173.9 171.6 169.5 169 166.9 166.2 166.4 164.7
352.8 350 348.2 345.6 343.6 343.4 342.5 343.5 342.1 337.8 331.9 326 319.8 312.6 304.6 297.6 289.3 280.4 274.5 263.8 260.2 258.6 254.1 252.2 246.9 242.8 238.2 231.1 222.8 215.6 218.9 224.3 223.5 219.4 215.1 209.1 207.1 204.1 205.1 205.4 203 202.9 202.4 201.4 201.3 200.2 196.9 192.1 190.1 188.1 187.6 185.2 185.5 189.9 192.6 193.8 191.9 189.1 186.9 188.6 187.9 186.6 184.7 182.8 183 184.8 185.7 181.1 174.4 171.5 169.8 166.4 163.4 161 159.5 159.3 159.4 158.7 159.9
352.5 350.3 348.7 347.1 346 346.1 347.4 346.7 342.8 336.4 330.5 323.9 316.9 308.3 299.9 291.6 284.5 278 270 268.4 263.3 256.7 251.9 249.5 247 240.4 235.9 227.5 221.6 221.4 232 234.4 228.4 222.3 217.6 211.6 210.7 209 208.7 207.5 205.4 204.5 202.7 201.4 200.1 198.2 194.2 190.8 190 188.2 188.3 186.8 191.1 197 199.2 196.8 194.6 190.8 189.6 188.7 187.3 186 185.4 186.5 187.9 190.1 192 187.1 176.1 166.7 161.5 156.8 155.6 155.3 153.7 151.9 152.4 152.1 153.6
351.3 349.5 348.9 348.5 347.9 349 348.5 344.4 339.2 333.7 326.5 319 310 301.3 292.8 284.1 277.3 274.1 276.7 269.4 258.4 250.7 246.2 246 242.7 234.5 233 226.9 223.1 232.5 240.8 241.6 233.5 225.9 218.4 215 214.8 215.3 211.7 210.8 210 206.8 204.7 203 201.3 197.6 195.5 195.2 194.3 190.3 188.5 191.1 195.6 201 200.6 197.8 194.8 192.6 191.7 190.1 189.8 189.7 189.8 191.6 193 194.5 195.4 191.7 186.7 176.3 169 158.6 154.3 152.6 149.5 147.2 145.2 145.4 146.9
350.2 348.7 347.9 347.4 348.6 349 346.2 341.3 335.8 324.6 320.4 311.4 301.5 293.2 283.8 276.6 275.5 277.2 272.3 262.7 253.8 248.6 244.2 241.7 243.8 241.3 237.3 228.9 231.7 239.8 241.5 237.3 230.3 223.8 222.5 221.5 219.1 214.8 213.9 215.1 213.4 210 208.7 207.3 204.9 200.4 200.4 197.8 192.3 191.7 192.5 197 200.5 203.6 201.6 199.2 197.4 196.2 194.5 192.9 193.7 196 196.6 197.5 200.4 201.5 201.5 200.3 194.3 189.3 180 173.3 165.4 158.3 152.1 147.1 144 142.5 141.6
348 347 346.2 346.1 346.4 345.5 342 336.7 329.7 321.6 314.3 303.4 295.3 288.7 283.9 287.5 285.5 282.1 280.3 274.3 266.6 251.9 245.9 244.4 244.6 240.8 236.3 236.5 241.5 242.2 239 233 231.9 229.9 230.2 227 221.6 221.5 222.4 221 218.1 215.8 214.4 211.2 206.9 202.3 199.8 193.2 198.3 199.3 196.8 202.4 206.8 206.2 203.1 201.2 202.3 200.8 199.6 199.1 200.8 201.7 203.5 206.3 208.1 212.6 217.4 208.5 202.3 192.9 185.2 179.2 171.5 166.2 159.3 153.1 148.4 142 139.8
344.5 344.5 344.1 343.7 343.3 340.9 336.5 330.3 324.3 314.8 309.9 306.5 304.3 299.3 295.7 294.2 290.1 288.6 284.8 279.3 264 255.6 251.4 250.1 248 247 246.1 247.9 247.4 245.8 244.1 241.7 240.1 239.3 238 235.5 228.8 230.8 229.1 226.8 223.5 220.5 217.1 212.1 205.9 201.7 194.4 200.2 201.8 201 199.1 204.5 209 207.5 206 205.9 206.1 206.5 207.2 207.2 208.3 210.6 213.9 216.6 218.7 224.5 227 221.7 209.5 201.7 194.9 187.4 180.2 172.1 164.7 158.6 152.6 144.6 139.3
338.8 340.6 341.5 342.9 341 337.9 332.3 330 328.6 322.5 316.9 311.3 308.2 304.4 302.7 299.6 296.7 291.8 286.9 280.2 266.6 263 258.8 257.4 256 254.5 253 254 254.7 254.4 251.9 250.3 249.6 247.1 245.6 241.6 238.6 236 233.2 229.3 226.2 221.7 217.8 213 203.2 199 194.1 199.5 203.5 203.6 202.1 206.3 209.8 210.6 210.9 211.1 212.4 214.7 215.8 217.5 218.7 221.6 226.4 231.3 234.5 237.1 235.1 230.2 218.3 208.1 201 193.5 184.3 173.3 165.4 159.1 152.2 145.8 140.7
331.6 338 341.3 343.8 343.7 340.5 337.1 332.8 327.1 322.1 318.4 315.2 310.6 309.4 306.7 303.8 298.3 293.3 287.9 281.3 272.5 270.5 268.8 262.7 264.3 262.7 261.2 259.2 260.2 260.9 260.4 260.3 259.2 255.5 250.8 246.6 242.5 238.2 233.7 229.6 226.2 222.6 218.4 212.2 201.3 195.4 196.2 202 205.9 206.9 207.3 211 214.4 215.8 217.1 219.6 220.4 224.7 227.2 230 232.6 235.5 239.9 246 249.9 245.1 238 230.2 220.1 210 201.8 191.6 179 170.1 163.6 157.1 150.5 146.2 142.2
335.5 340.6 343.4 345.1 343.5 340.9 337.1 332.9 328.5 324.8 320.9 316.8 315.7 312.6 308.8 303.5 298.7 294.4 290.7 281 280.3 280.1 274.9 269.2 270.5 268.7 266.5 264.7 265 266.5 267.7 269.5 264.7 256.9 251.9 246.9 242.2 238 234.2 230 226.1 222.8 217.1 209.9 198.4 196.3 201.5 206.8 210.8 212.1 215.4 218.7 222 224.3 226.5 228.6 233 237.5 240.5 243.8 246.4 249.2 252.7 258 251.9 244.7 236.4 225.5 217.1 207.8 197.7 185.4 171.2 164.5 159.2 153.1 148.4 145 141.6
340.7 343.5 345.5 346 344.4 340.9 338.4 334 329.3 325 322.3 319.7 316.3 314 308.8 304.5 299.6 295.6 289.4 290.3 289.1 285 278.6 277.1 276 272.7 269.8 269.3 271 272.4 276.8 271.7 263.1 256.7 252.1 247.3 242.4 237.7 233.5 229.4 226.1 220.6 212.7 202.7 198.3 203.2 208.6 213.1 215.8 221.2 226.6 228.2 230.7 235.3 238.4 243.1 247.7 251.1 253.7 257.2 259.5 260.7 261.7 256.7 249.1 239.9 230.4 221.1 212 201.9 190.3 176.9 167 159.6 154.5 149.5 145.9 142.6 140
344.4 346.7 347.3 347.1 345.6 343.2 338.3 333.4 328.8 325.6 321.6 318.4 315.3 313.1 309.7 304.5 298 299.3 297.7 295.6 293.4 288.6 285.2 284.6 281.3 276.9 275.6 276.3 278.3 279.3 274.9 268.3 261.8 256.1 250.9 245.8 241.1 236.7 232.8 227.5 222.3 214.8 206.7 200.3 202.4 211.4 216.8 220.4 224.1 229 236.1 240.4 242.5 247.9 253.4 257.7 262 264.8 267.7 269.4 268.1 264 259.1 251.1 242.5 232.2 223.4 213.5 203.4 190.7 180.2 170.2 162.8 156 150.1 146.4 143.2 139.9 136
345.9 349.1 349.3 347.7 344.6 341 336.5 331.8 328.8 324.9 320 317.3 314.3 311.6 309.1 304.9 297.2 301.5 301 299.5 296.5 293.7 291.5 290.1 287.3 284 282.1 279.9 277.5 274.2 270 266.4 259.5 254 248.6 243.7 238.4 234.2 229.3 223.6 217 211.1 203.7 202.6 210.6 218.2 223 228 235 241.2 248.5 253.8 258.9 261.7 264.9 268.7 271.7 274.6 275 272.7 266.8 258.6 249.9 242.5 233.2 224.4 215.5 206.2 193.5 181.1 173.7 166.4 159 153.1 148.5 144.1 140.4 137.9 137.2
347.6 349.5 349.2 346.3 343 339 334.1 330.9 326.6 321.8 317.4 315.1 313.6 310.4 307.6 303.7 301.8 303.7 302.8 301.2 298.9 298.1 297.4 295.7 291.9 286.9 284 279.9 277 272.5 267.5 262 256 250.6 244.9 240.3 235.4 230.5 224.1 212.7 208.6 205.3 201.3 209.8 218.9 225.4 233.4 240.7 246.4 254 261.7 266.2 268.3 270.3 272.5 275.8 277.2 275.5 271.1 266.3 258.5 249.9 241.8 233.6 225.1 216.7 208.7 199.5 190.4 181.6 170.4 162 155.5 150.6 146.8 142.9 141.3 142 139.7
347.9 348.1 346.5 343.7 340.3 336.8 332.9 327.6 323.4 318.8 315.7 314.7 311.9 308.2 305.6 303.7 304.9 306.6 305 304.2 303.9 303.6 302.3 297.1 292.1 288.1 284.1 281.7 276.8 270.2 263.1 256.6 251.4 247.3 241.8 236.3 228.9 220.1 211.2 204.5 205 206.2 213.5 222.4 231.5 239 247.5 255.9 265.7 269.4 271 273.5 276.3 277.7 278.1 278.8 273.9 268.9 263.3 255.6 247.4 239.3 231.3 223.6 216.2 208.7 201.2 193.7 186.2 178.5 168 158.4 153.3 149.3 146.6 143.8 146.7 146.6 141.8
345.4 344.8 343.5 341.6 338.6 334.1 329 324 319.6 316.5 314.7 312.2 308.9 306.9 305.9 305.5 305.9 307.7 307.9 307.5 306.6 304.4 300.7 295.4 291.3 286.7 282.1 276.2 270.2 262 255.7 249.8 246.2 242 237.9 233 223.7 213.1 209.5 209.9 212.6 220.3 226.5 237 247.3 256.8 266.8 272.5 275.4 277.4 279.5 280.7 280.5 281 278.8 270.9 263.4 257.2 248.2 240 233 226.7 221.2 215.5 208.9 201.8 195.6 188.8 183.5 176.4 165.6 157.9 151.3 147.4 145.3 146.7 150.3 148.2 142.6
342.3 342.6 341.9 337.5 333.8 329.3 325 320.9 316.3 312.9 311.9 309.4 307.7 305.2 305.5 304.6 304.6 305.2 304.3 303.4 302.7 299.7 294.4 289.8 283.8 279.4 272.5 266.4 260.5 255.1 250.4 245.6 239.2 237.8 233 224 214.2 209.9 213.4 219.3 225 232.3 243.6 254.4 263.1 272.7 278 280.9 283.2 283.2 283.8 282.3 280.8 273.5 265.2 256.5 249.6 242.5 235.9 230.1 224.9 219.8 213.8 207.8 202.4 196.8 192.9 187.5 183 172.1 162.4 154.7 150.1 146.2 143.6 146.4 147.3 143.8 139
343.8 341.5 337.6 329.9 329.5 325.4 321.6 317.3 312 309.7 306.2 304.5 302.7 301.1 301.4 302.2 301.9 301 299.6 298.2 294.7 289.9 284.7 279.1 274 268.3 263.7 258.3 254.5 249.1 243.9 237.7 230 225.1 219.4 213.6 213.9 219.4 227.5 232.8 241.5 252.4 261.2 268.9 274.5 280.2 285.5 287.5 286.7 285.5 281.4 274.2 266.3 258.2 252.1 245.9 239.5 234.1 229.5 224.3 218.7 211.5 205.4 199.9 195.9 192.3 189.3 182.9 175 166.3 158.2 151.8 147.5 144.6 140.4 140.2 140.9 138.1 135
340.4 336.4 332.7 325.5 323.4 320.1 316 311 306.8 304.5 303.5 300.4 297.7 297 299.7 300.2 298.8 298.4 296.4 290.4 285 276.6 274.2 268.1 264.6 259.5 255.7 250.4 248.2 240.3 231.6 224.7 219.8 216.5 219.1 222.3 227.5 233.9 243.7 252 261.1 268.6 275.6 279.2 281.9 285.7 288.8 288.3 280.1 272.5 266.4 259.4 252.7 246.8 241.5 237.2 232.9 227.8 221.5 215.3 209.7 203.4 198.1 193.8 190.6 186.7 181.3 176.3 168.7 161.3 154.7 151.1 148.4 145.3 141.3 137.5 134.9 133.5 130.6
337.1 332.1 324.5 322.8 318.5 313.2 308.8 306.8 302.1 299.3 299.1 296.9 292.4 291.3 293.8 293.7 290.2 287.5 283.6 275 268.7 264.9 260.6 257.6 254.2 250.1 242.6 235.4 229 223.7 219 221.3 221.8 231 229.9 235 243.1 252.1 259.2 267.5 276.2 281 285.9 288.2 288.4 287.3 281.5 272.1 265.2 260.1 254.9 249.1 242.9 238.4 234.9 229.6 223.5 217.1 211 206 201.2 197.5 193.5 189.5 185.6 181.7 176.9 169.8 163.7 159.4 156 151.9 148.1 143.5 139.4 136.2 133.4 132 130.3
335.5 330.3 323.2 316.9 312 307.7 304.7 296.7 292.1 289.5 287.3 285.1 284.8 283.7 283.5 281.4 277.1 272.3 266.6 261.3 258.7 255.8 251.6 250.3 247.3 244.3 240.3 230 225.2 224.7 234.6 232 236.3 237.4 238.1 244.8 259.3 268 273.2 277.6 282.3 286.6 287.6 284.7 278.6 272.3 265.3 260.2 254.8 250.9 246.9 241.9 234.7 228.7 224.5 219 213.5 207.7 202.8 198.9 195.2 192.8 189.7 186.1 181 176.5 171.6 167.6 163.6 159.8 155.3 151 145.9 141 137.1 134.3 131.8 129.9 127.9
329.1 324.2 317.9 312.6 307.2 301 297.1 288.8 284.5 284.4 282.6 281.8 281.5 277.6 274.5 272.6 268.8 265.1 261.4 255.9 252.1 249.3 241.9 237.3 231.8 232.6 229.6 228.8 225.9 241.1 241.8 240.6 239.7 240.7 247.4 258.5 270.2 276.3 279.9 282.9 282.7 281.7 278.1 271.7 265.7 259.9 255.2 246.3 245.9 243.9 238 230 223 217.6 214.1 209.8 205.2 201.2 196.4 193.3 189.9 188.3 184.9 180.4 176.8 171.2 167.6 163.3 159.8 157 152.6 147.9 143.5 139.3 135.9 133 131.6 128.8 125.4
323.7 317.5 311.1 305.7 298.9 293.1 289.1 280.4 281.5 281.7 281.5 279.9 277 275 271.5 269.4 265.9 262.3 257.8 252 245.3 239.7 236.6 243 243.7 239.5 240.3 235 240.6 245.3 245.3 246 246.1 249.8 258.7 268.2 274.8 280.5 282.7 282.6 277.8 272 266.4 261.5 255.4 250.4 246 242.3 236.6 231.8 225.7 218.4 213 209.4 207 202.5 199 195.1 191.5 187.9 185.1 182 178.7 175.4 171.3 166.6 162.3 159.3 156.6 153.1 149.2 145.2 141.3 137.3 133.9 132.3 130.7 128.2 123.9
