UK/data/sd/sd98_OST50GRID_20230518/SD98.asc
ncols 200
nrows 200
xllcorner 390000
yllcorner 480000
cellsize 50
[rows 70 to 104 of 200, columns 0 to 77 of 200]
310.5 305.7 298.1 291.3 285.4 284.8 284.1 284.2 283.5 279.5 273.5 266.6 260.1 257 255.9 254.9 253.9 252.9 252.1 251.8 251.7 251 250.8 251 251.4 250.2 250.6 250.7 250.8 251 254.4 263.7 262.8 259.5 264.3 274.8 284.7 292.9 302.1 312.1 321.8 328.8 340.4 350.1 345.2 355.8 365 372.9 379.1 383 391.1 393.3 397.8 404 408.3 411.2 414.3 420.5 419.6 427.1 427.3 427.4 428.7 429.7 431.3 433.1 435.2 438.7 443.4 447 448.5 447.9 444.8 439 434.3 434.8 437.2 440.8
298.9 294.2 290.1 284.5 281.2 281.6 283 280 277 271.2 266 262.3 257.9 256.9 255.8 254.7 254 253.4 253 252.7 251.8 251.2 250.9 250.6 251 251.7 251 250.9 251.2 253.2 262 267.9 265.1 266.5 274.5 283.8 293.1 303.8 312.5 322.1 332.5 339.2 347.9 352.9 356.1 365.4 373.5 380.4 384.9 391.2 395.2 398.3 404.4 408.8 412.6 416.1 420.7 427.3 429.9 430.7 432 433.7 434.7 435.6 436 437.3 441 445.4 449.1 451.6 450.9 447.4 442.7 437.9 441.1 443.7 446.3 449.1
291.7 289.4 287 283 277.5 279.9 276.3 269.5 265.8 264.7 262.6 259.7 258.8 257.7 256.6 255.4 254.5 253.9 253.6 252.7 251.7 251.2 251.1 251 251.7 251.7 251.3 251 251.9 258.3 264.8 266.5 269.1 275.3 283.6 293.3 303.3 310.6 322.1 332.3 341.2 349.4 358.9 354 363.9 373.7 380.8 385.8 393.4 396.2 398.6 403.4 409.6 414.2 418.4 422.8 429.5 433.3 434 435.6 437.1 438.6 439.6 440.1 441.2 443 446.9 451 454.1 452.5 448.9 448 446.8 445.6 448.4 451.7 453.7 452.9
288.7 284 280.7 276.2 271.4 269.2 267.8 265.3 264 262.7 261.4 260 258.9 258.1 257.1 256 255 254.4 253.5 252.7 251.8 251.4 251.4 251.7 251.9 251.5 251.1 251.3 252.2 256.7 259.1 267.2 275.6 282 290.8 301.6 311.8 320.5 332.5 343 351.3 358 360 360.7 372 380.5 386.2 394.1 397.4 400.3 404.6 410.9 415.3 420.4 425.8 431.6 435.5 438 438.3 439.8 442 443.1 444 444.4 445.3 447.8 452.8 455.4 455 453.6 452.3 451.7 450 449.9 453.5 454.8 454.4 453.8
285 277.2 271.6 269.7 268 266.5 266.4 264.5 263.6 262.3 261.6 260.4 258.9 258.3 257.4 256.4 256.1 255 254.2 253.3 252.4 252 252.5 251.7 252 251.6 251.5 251.9 252.7 256.6 268.3 275.6 280.7 288.7 298.1 307.8 317.9 328.6 340.1 351.5 360.9 363.4 361.8 370.4 379.2 385 392.6 397.7 401.2 405.1 412.2 417.3 421.8 427.2 432.9 438.1 442.1 444.9 439.6 444 445.8 447 448.2 448.8 449.9 454.2 457.3 458.8 459.7 459.2 457.9 454.9 452.8 454.1 455.1 455.6 457.1 458.6
273.4 271.5 269.3 265.8 268.2 266.5 262.9 263.8 262.5 261.9 261.5 260.2 259.1 258.6 258 257.6 257.2 255.6 254.8 253.9 253 252.3 253.2 252.4 252.1 251.8 251.8 252.1 255 266.6 276.8 283.8 286.3 295.7 305 315.5 326 334.9 345.8 355.9 364 365 369.6 378.6 384.4 389.1 397.9 401.5 405.6 412.8 419.6 424.1 428.6 434.5 439.9 445.5 450 448.7 445.4 448.7 450 451.2 452.5 453.9 456.3 459.2 461.1 462.5 463.3 462.1 457.8 456.2 457.1 457.7 458.9 460.6 462.2 463.2
272.8 272.4 278.9 277.6 270 267.5 264.9 263.7 262.8 261.6 260.1 259.9 259.6 258.4 257.9 257.1 256.9 256.4 255.2 254.4 253 252.9 253.3 252.7 252.3 252.3 252.9 256 263.6 275.2 284.6 292.1 292.8 302.2 313.7 323.2 331.1 341.9 352.8 361 365.7 368.8 378.3 385.6 388.9 397 401.2 406 414.2 421.4 426.2 430.8 434.8 440.5 447.1 455 455.6 451.6 451.1 453.6 455.6 455.6 457 459.7 461.9 463.4 463.7 463.4 462.8 459.2 460 460.5 461.3 461.8 463 464.6 465.6 465.6
278.8 286.8 286.7 279 268.5 267.1 266.5 265.6 263.3 262 260.9 260 260.5 262.9 258.7 256.7 256.3 255.3 255.6 254.5 253.6 253.4 253.1 252.9 253 253.4 256.2 262.7 273.1 280.4 289.9 295.8 297.3 310.2 321.8 328.8 337.9 349.4 357.4 363.5 369.3 376 384.9 391.3 397 400.9 405.6 413.7 423.2 428.8 432.8 435.9 441.3 448.5 457.3 461.2 459.3 455 456.7 459.6 460.6 460.5 462.2 464.2 465.2 465.3 464.2 463.1 462 462 458.4 462.7 463.1 463.6 464.3 465.6 466.8 466.8
295.7 296.2 288.6 277.4 267.1 265.7 265.1 264.5 263 261.8 260.9 260.4 265.9 264 258.2 255.8 255.4 254.9 254.7 254.7 254.3 254.3 253.6 253.1 253.5 256.6 265.9 273.1 280.5 287.8 296.8 302.4 303.9 316.4 327.3 334 345.5 355.7 361.6 368.3 373.6 382.7 391 395.9 400.9 404.3 413.9 423.9 430.2 435.7 438 441.8 448.9 458.3 465 465.7 462.8 457.7 462.7 463.8 464.3 463.8 465.1 466.6 467.4 466.3 465.3 463.8 463.3 463.5 462.7 462.5 464.2 464.7 465.4 466.8 467.9 468.1
304.3 297.8 286.5 275.3 265.4 264.2 263.8 263 262.6 261.7 260.7 264.1 267 262.6 256 255 254.9 255.2 254.6 254 254.8 254.5 254.2 253.4 256.1 259.9 271.3 278.1 286 294.2 303.7 308.9 312.8 321.9 330.9 341 350.5 359.6 366.2 371.5 378.1 387.9 395.3 399.4 403.3 411.5 422.4 430.9 437.5 441.1 443 449.4 460.5 468 471.4 470.2 466.9 461.2 465.9 466.7 467.4 466.8 467.1 468.2 468.4 467.5 466.4 465.2 465.1 464.9 463.6 462.7 464.3 465.7 467.4 469 470 469.2
303.5 293.5 283.9 273.7 265.5 263.4 262.4 261.3 261.1 260.9 260.2 263.3 263.5 257.8 255 254.9 255 254.2 253.9 254.9 254.6 254.4 254.2 254.5 261.1 268.2 277.5 283.5 288.5 300.5 308.6 315.5 322.3 327.3 334.6 345.1 353.9 362.1 369.4 374.7 385.2 394.7 399.2 402.2 406.2 418.5 430 438.8 442.8 445.8 449.7 460.8 472 476.9 476.7 472.9 468.7 465.4 467.2 469.2 470.6 469 469.2 470.1 470.4 468.6 467.6 467 466.7 466.3 465.6 465.2 465.6 467.3 469.4 472.1 474.9 473.4
296.8 289.3 282.2 276 266.4 262 260.8 260.3 259.3 259.4 259.5 259.8 257.1 254.7 255.6 254.8 254.8 255.5 254.6 255.4 254.8 254.6 254.9 261.6 270.5 279.1 282.7 290.3 297.1 306 310.3 320 327.6 330.2 339.6 349.5 358.5 365.5 372.4 381.4 391.9 398.6 401.7 404.6 410.7 427.1 439 443.5 447 451.4 459.1 473 480.2 482.5 480 473.8 470 467.7 469 470.9 471.5 471.4 471.3 472.1 471.6 470.2 469.2 468.8 468.7 468.9 468.5 468.8 469.6 471.2 475.7 484.5 482.8 483.4
297.9 294 289.3 282 267.3 260.2 259 258.5 257.5 257.5 257.8 255.4 255.1 255.2 255.5 255.6 255.4 255.5 255.7 255.8 255.5 255.6 256.5 267.4 276.5 283.7 287.8 298 303.8 308.4 315.1 323.1 328.5 331.5 344 353.4 364.1 370.5 377.6 389.4 397.9 400 404.2 411.6 423.3 436.7 444.3 446.9 451.2 456.7 471.2 480.5 484.4 484.4 479.6 474.1 471.6 469.8 471.2 472.9 473 473.1 473.7 473.7 472.3 471.8 471.5 471.9 472.6 472.1 471.5 472.9 473.6 478.4 482.9 485.9 487.6 488.7
306.4 302.1 295.3 282.1 266.2 259.1 257.1 256.7 256.1 255.6 255 254.7 255.1 255.5 255.7 255.8 255.9 256 256.7 256.9 256.6 257.7 260 272.8 280.3 289.2 295 302.4 304.7 310 318.9 327.2 329.4 339.1 349.4 360.4 368 375.6 387.5 398 399.8 402.8 409.6 421.1 432.8 443.6 447.2 449.8 455.9 466.7 477.9 483.5 486.6 483.3 479.8 475.6 472.5 471.1 473.8 475.3 475.6 476.2 477.7 477.4 479.3 480.1 477.8 478.2 477 475.9 476.7 476.8 478.9 483 485.4 488.2 490 490.1
313.8 306.3 294.3 280.6 267.3 259.6 256.2 255.6 255 254.8 254.9 254.8 255.1 255.4 255.9 255.8 255.9 256.6 257.6 257.4 257 257.3 262.1 274.5 282.1 293 298.6 302.5 304.4 313.6 322 328.2 333.3 345.2 354.5 364.9 372.4 382.8 395.7 401.5 403 405.7 417 430.1 442.3 448.1 449.7 455.9 464.1 473.8 482.1 486.6 487.5 485.8 481.1 477.7 473.7 473.1 475.9 477.8 478.7 482.1 484 485.9 494.4 496.8 495.3 487.6 486.5 485.5 486.2 486.3 489.8 491.3 492.1 492.7 492.2 490.8
315.4 303.7 290.5 275 265.5 258.8 255.2 254.7 254.7 254.7 254.9 254.9 255.2 255.5 255.8 256.3 256.8 258 258.2 257.9 258 258.3 267.1 277.3 285.6 292.2 299.1 303.5 308.3 317.9 325.4 331.1 336.4 351.9 360.7 368.3 379.6 391.7 401.7 402.7 406.6 414.9 429.2 438.3 448.7 451.7 458.3 462 470.3 478.3 484.4 489.5 494.4 492.8 483.4 479 475.9 476 477.6 480 482.5 487.7 488.9 492.4 497.4 500 500.5 499.8 497.7 495.5 494.1 496.3 497.7 496.2 494.1 494.2 492.7 491.5
309.5 297.4 284.5 270.5 261 256.8 255.2 254.8 254.6 254.6 254.9 255 255.3 255.6 255.6 256.8 259.1 260.2 259.5 258.6 258.9 259.3 264.3 276.7 285.2 293.4 300.5 306 312.2 321.6 329.1 332.3 343.9 358.6 365.4 374.8 384.7 398.3 402.1 405.3 412.3 424.1 437.6 447.6 454.1 461.1 465.8 470.8 476.5 482 486.7 491.4 500.6 499 485.9 480.7 479.3 478.4 478.2 480.6 484.2 487 489.8 493.9 497.7 502.1 503.7 504.3 504 503 501.5 500.3 498.9 499.3 495.6 493.5 490.1 488.1
301.9 290.3 276.2 265.6 259.5 258.3 255.3 255.2 255 254.8 254.9 255.1 255.3 256.5 256.1 258.5 260.4 261.3 261.9 259.1 259.5 260.1 266.2 275.4 287.1 295.6 304.5 308.9 315.6 324.7 334.1 337.1 355.5 362.1 369.7 381.5 392.3 402.1 404.8 409.2 419.3 435.1 445.4 453.4 463.3 469.8 473.2 478 483.7 483.6 487.7 493.3 498.9 504.8 488.3 481.5 480 478.4 479.1 481.1 483.4 487.3 491.5 496.4 499.3 505.3 505.1 508 510.8 507.6 507 504.6 502.9 501.1 496.7 493.4 489.5 488
293.9 281.2 269.1 262.7 260.9 258.8 255.2 255.3 255.3 255.2 255.3 255.5 255.9 256.1 256.7 258.9 260.6 261.8 262.9 263.8 259.8 261.6 267.7 278.8 289.7 298.2 305.5 311.4 320.5 331.9 334.7 344.5 359.9 366 375.4 387.2 398.1 403.9 406.7 413.7 430.4 442.1 452.7 463.7 472.2 476.6 479.2 483.9 486.3 487.4 489.1 494.6 499.7 506.5 488.2 483.5 482.2 480.7 482.3 484.8 487.4 488.5 492.6 501.4 503.6 507.7 509.7 520.5 518.7 518.5 513.3 510.1 506.5 502.4 496.9 492.4 489.2 486.1
284.1 273.7 266.5 263 260.7 256.3 255.4 255.5 255.5 255.7 255.8 256.1 256.6 257 257.2 259.6 260.8 262 263.3 264.2 264.7 260.8 268.6 277.7 292.6 300.1 308 314.2 323.9 335.4 336.8 354.3 362 369.6 380.2 389.9 399.6 403.3 408.7 418.1 436.8 449 460.9 473 479.8 482.3 483.8 490.2 492.4 491 491 494.7 499 501.4 488 486.3 486.4 488 486.9 491 491.6 489.9 494 501.3 507.2 512.7 518 519.6 522 522.3 516 514 511.6 504 499 493.7 487.9 486.4
278.6 270.6 263.8 261.3 258.2 255.9 255.7 255.8 256.1 256.5 256.8 256.5 256.9 257.3 257.4 259.1 260.7 262.2 263.5 265.4 266.7 264.7 268.4 274.3 293.8 302.5 310.2 317.8 329.8 336.5 342.4 355.9 364.7 371.6 384.6 396.1 402.4 406.9 416 431.2 443.5 456.4 471.8 479.6 485.5 486.8 490.3 494.3 503.5 491.8 492.6 495.6 499.5 501.1 493 493.3 493.1 502.4 492.5 492.5 492.7 492.9 495.7 501.4 509.2 514.5 520 519.6 518.8 517.7 516 518.7 515 505.4 500.9 496.3 490 487.2
280.1 270.2 258.3 257.4 255.6 255.9 256.2 256.5 256.8 257.1 257.6 257.1 257.1 257.3 256.5 259 260.4 262.1 264.1 274.2 272.8 268.6 275.4 273.6 295.1 304 313.7 320.4 333.1 337.5 345 360.7 366.4 373.5 390.2 399.9 405.8 412.3 423.6 439.9 450 466 479.4 484.4 488.9 490.7 493.7 497.2 508.5 498 494 497.4 502.3 503.3 499.1 498.5 500.4 508 500.2 493.3 492.8 494.7 499.6 505.1 512.3 519.1 525.2 526.8 523.3 520.4 520.9 524.7 516.3 505.8 501.9 498.3 492.1 488.6
278.8 263.6 258.4 256.7 257.1 256.9 256.7 257.3 257.7 257.6 257.8 258 257.2 256.7 257 258.9 260.6 262.2 272.4 282.6 278.3 272.2 281.7 286.9 297.9 299.5 315.5 323.6 336.2 339.4 345.6 361.1 370.1 381 395.7 402.4 409.1 416 433.2 444.6 457.6 476.9 484.5 487 490.3 492.9 493.9 496.3 502.3 504.9 496 499.3 503.3 503.4 504.2 504.2 507 506.2 503.3 494.7 495 499 504.4 508.8 519.5 528.3 525.9 526.9 526.6 524.1 521.6 524 515.9 506.5 501.9 498.5 494.3 491.2
271.2 260.9 259.1 258.1 258 257.7 257.4 257.6 258.2 258.1 258.3 258.2 257.8 257.1 257.6 258.8 261.1 271.1 281 290.3 284.6 275.6 288 299 309.5 304.4 316.3 327.5 339.5 340.6 347 360.9 373.3 386.1 399.7 406.4 412.1 423.6 439.3 449.2 465.3 483.9 488.3 489.9 491.4 493.5 494.4 495.4 497.4 498.5 497.8 502.1 502.7 504.1 505.4 507.7 508.1 507.8 503.4 497.9 496.8 501.2 508.6 515 529 532.6 526.8 527.3 528.1 528.9 525.5 521.8 514.1 508.7 505.2 500.6 497.7 493.4
266.9 262.5 260.7 259.6 258.8 258.5 258.2 257.9 258.1 258.5 259.1 258.7 258.4 257.6 258.6 259.7 265.9 278.1 289.2 297.1 288.6 282 295.4 307.6 318.2 309.6 317.5 328.3 341 343.5 350.8 365.4 376.6 392.3 402.9 409.6 418 430.4 443.6 456.4 472.9 487 490.4 492 492.6 493.3 494.5 496.5 498.3 498.5 500.6 503.3 504.2 505.2 506.3 508 510 510.6 504.1 499.9 498.9 502.9 509.8 522.2 528.8 532.4 529.5 526.7 529.8 530 526.6 528.1 516.5 512 509 503.3 500 498
265.6 263.6 262.1 260.5 259.3 258.9 258.7 258.5 259 259.4 258.7 258.4 258.4 258.8 260.9 263.3 276.6 288 300.3 303.6 293.1 290.5 302.5 313.4 319.9 312.6 318.4 329.6 342.5 345.6 354.2 366.7 381.5 397 407 412.9 423.5 439.7 447.1 462.1 477.8 488 491.5 492.7 493.9 495.4 498.6 499.9 499 499.7 500.1 503.7 502.6 504.4 504.9 507.1 512.4 514.7 507.4 500.5 501.7 506.1 516 525.5 528.2 532.6 530.9 527.3 529.9 530.5 529.9 530.4 519 514.4 510.7 505.3 503.7 502.9
266.3 264.7 263.1 261.3 259.9 259.4 259.3 259.3 259.8 259.8 260.8 260.5 261.3 263.8 264.8 270.2 283.3 295.5 306.9 309.4 294.6 298.6 309.8 318.4 319.9 314.1 318.5 331.2 343.3 346.6 355.8 369.7 386.5 401.1 411.9 416.2 430.9 444 451.5 466.8 480.4 488 491.2 494.1 500.1 502.7 507.7 500.4 500 500.3 500.3 500.5 500 500.8 501.9 506.6 514.6 512.6 508.8 504.2 504.1 508.8 520.5 527.3 529.3 533 532.8 527.7 531.7 530.7 529.5 530.3 517.6 515.5 514.6 510.6 508.8 508.4
267.9 265.9 264 262.3 260.8 260.2 259.8 260.1 260.5 262.1 265.9 267.2 271 276.3 277 281 290.9 304.1 316 313.8 297.9 302.1 315 323 324.3 313.8 318.1 331.9 343.3 347.9 357.7 374.1 392 405.9 414.7 420.2 435.7 446.6 454.3 468.6 481.3 489.2 492.4 495.3 498.8 499 499.8 499.7 500.2 500.4 500.1 499.5 500 500.3 501.8 504.7 513.8 511.4 507.7 507.2 504.1 508.8 521 529.2 531 533.2 534.9 533 534.7 534 534.6 532.7 522.9 519.8 518.6 515.2 514.8 516.6
268.7 266.4 264 262.7 261.4 261.1 260.7 260.7 260.4 268.4 272.5 280.5 284.9 288.6 291.1 293.4 303 315.2 324.7 320.1 304.5 304.8 318.7 326.9 328 315.4 316.8 332.3 343.2 348.6 359 374.1 395.3 412.5 416 422.7 434.3 448.1 456.8 470.7 481.9 488.7 491.7 494.7 497 498 498 499.1 499.7 498.9 499.7 499.1 499.8 502.5 500.5 503.8 514 511.1 508.2 507.8 507.1 510.2 520.7 530.9 533.9 535.2 535.5 534.5 537.1 536.1 535.5 534.9 533.8 526.1 522.2 523.9 521.5 520.1
268.5 266.2 264 262.8 261.8 261.6 261.5 260.4 268.2 273.8 282.7 290 297 304.4 307.4 304 313.7 324 330.6 327.5 313.5 312.2 321.9 330.1 331.4 318.4 317.3 328.6 340.8 348.2 359.5 373 394.2 411.3 416.8 423.1 438.2 449.6 459.4 471 481.4 486.5 489.5 491.9 496.5 497.5 498.4 499.5 499.5 502.2 501 498.7 499.4 508 506.2 504.6 510.9 512.8 509.8 507.5 508.4 513.3 516.9 528.6 533.5 534.9 536 535.1 538.8 537.2 536.7 536.3 536.9 535.9 534.3 534 532.7 530.6
268.4 266.2 264.4 263.5 262.5 261.6 261.9 265.2 274.2 279.9 290.1 299.5 307.8 315.9 320.4 318.6 327.3 333.7 338.6 335.6 324.3 321.1 332.7 334.4 334.4 324.4 317.5 324.2 337.3 346.4 358 373.2 390.9 410.6 417.1 422.7 437.2 448.9 461.1 471.1 479.6 483.9 486.2 488.3 492.4 497 497.9 497.9 498.2 502.7 503 498.8 499.3 504.6 512.7 507.9 507.2 514.6 510.6 508.3 509.1 515.2 518.1 521.7 532.3 534.6 536.9 535.7 538.3 537.4 537.2 537.3 537.7 538.1 538.5 536.6 535.1 533.2
267.2 266 265 264.3 263.1 261.7 261.4 270.2 279.8 284.2 296.8 308.8 317.1 326.2 331.3 333 332.1 341.2 346.4 344.1 332.4 332.9 342.8 339.7 337 332 321.9 318.4 332.6 344.7 353.6 370.7 386.1 404.4 415 421.2 432.5 444.3 458.9 469.5 476 479.7 481.9 484.2 486.9 492 496.1 496.9 497.2 497.3 497.6 497 497.4 502 501.8 502.4 504.5 513 510.8 509.3 509.9 515.3 519 519.7 528.1 533.2 536.2 535.6 538.1 538.7 538 538.1 538.1 538.6 539.3 538.6 537 536.6
266.5 265.3 264.3 263.8 263 263.9 263.4 274.3 284.5 289.7 302.8 315.6 326.2 334.6 340.4 338.8 339.7 349.4 355.3 351.4 346 350.3 341.2 344.9 338.8 333.5 329.4 329.4 322 338.3 350.5 365.7 379.9 396.9 411.5 419.8 429.9 438.6 454.9 464.3 471 475.2 477 478.2 481 483.8 488 493.6 494.8 496.3 495.9 494.1 496.1 498.7 500.7 499.6 501 511.6 511.8 508.5 505.2 509 514.7 516.8 525.6 533 536.5 536.6 539.3 539.9 539.6 538.8 538.5 540 540.8 539.8 538.9 539.3
266.5 266.7 266.2 264.9 264.8 266.3 269.8 279.8 287.5 293.7 304.2 319.1 331.6 342.3 349 345.8 349.9 358 364.4 359.1 358.2 361.8 356.1 346.8 340 335.4 335.1 334.1 321.4 324.9 344.8 361.6 378 386.5 404.6 417.6 426.6 434.6 445.3 457.1 463.8 468.3 470.7 471.7 472.7 473.4 475.6 478.4 484.1 488 486.7 484.5 488.4 490.1 496.3 497 497.6 504.4 509.4 504.5 501 504.4 506.8 513.9 523.2 532.3 537.3 535.4 539.2 540.6 541.5 540.1 538.4 541.1 540.9 540.3 539.3 540
270.9 270.4 266.7 265.9 265.9 267.5 273.5 284.2 293.8 302.9 314.9 323.2 335.8 347.9 355.9 354.1 359.1 366.5 371.3 365.4 366.5 368.9 365.3 349.4 343.2 339.8 340.3 341 326.4 324 328.1 349.7 367 381.2 394.1 410 420.6 429.6 437.9 449.4 456.6 461.6 462.5 463.5 465 464.6 465.5 468.5 470.3 471.5 472.4 472.7 476.1 477.6 481.4 486.6 490.6 498.8 504.5 498.3 497.3 499.2 499.7 506.4 517.8 530.5 536 534.5 537.5 539.1 540.2 539.7 539.3 541.9 541.7 540.9 540.6 540.6
