WholeMapElevations/data/nc/nc73_OST50GRID_20230518/NC73.asc
ncols 200
nrows 200
xllcorner 270000
yllcorner 930000
cellsize 50
[rows 36 to 71 of 200, columns 81 to 161 of 200]
127.7 128.7 129.8 130.5 131.3 132 133 133.4 133.6 134.2 135 135.9 136.9 137.8 140.1 143 146.2 148.2 149.5 152.7 158.2 163.7 166.1 168.3 170.1 171.5 173.2 175.7 178.3 181.4 185.1 188.2 187.3 183.9 180 176 172.1 167.2 162 156.7 151.5 146.4 143 140.1 137.4 135.4 133.6 131.9 130.1 127.4 128.7 129.8 130.6 131 131.5 131.9 132.4 132.8 133.4 134.8 137.5 140.1 141.7 142.6 143.6 144.7 145.7 146.5 147.2 148.3 148.8 149.4 149.9 150.6 151.3 152.2 153.6 156.2 155.7 155.8 155.8
127.4 128.5 129.5 130.5 131.3 132.1 133.1 133.6 133.8 133.9 134.7 135.7 136.7 137.4 139.7 141.9 144 145.4 147 149.9 154.3 159.4 163.7 167.1 169.3 171 173.5 176.1 178.6 181.8 185.5 186.3 185.1 182.3 178.9 175 170.6 165.8 161 156.3 151.5 146.7 142.6 140.5 137.4 135.4 133.4 131.4 129.4 127.2 128.1 129.1 130.1 130.7 131.1 131.4 131.6 132 132.8 135.6 137 139.1 141.9 142.9 143.9 145 146 146.8 147.4 147.8 148.2 148.7 149.2 149.8 151.1 152.3 153.9 155.2 155.4 155.8 156.6
126.8 128 129.2 130.3 131.3 132.2 133.2 134.1 134.2 134.4 134.6 135.5 136.2 137 138.5 141.6 143.6 145.2 146.4 148 152.2 157.1 162.4 166.2 168.8 171.4 173.9 176.5 179 182.1 184.2 183.3 182.5 180 177.3 174 169.2 164.3 159.5 154.7 150 144.3 143.1 141.1 137.3 135.5 133.4 131.4 129 127.3 127.5 128.5 129.6 130 129.7 130.2 131.5 132.3 134.5 136.4 138.4 140.5 141.5 142.2 144.1 145.3 146.4 147.2 146.9 147.3 148.1 149.1 149.8 151.5 152.5 153.8 155.1 155.9 155.9 156.1 156.9
126 127.2 128.6 130 131.6 133 134.2 134.8 135.3 135.5 135.6 135.6 135.8 136.5 137.2 140.9 143.3 144.9 145.9 146.7 150.4 155.4 161.3 165.9 168.3 170.9 173.4 176 178.1 181.1 181.7 180.8 179.9 177.8 175.1 172.2 167.5 162.7 158 153.2 147.9 143 144.7 141.1 137.3 135.4 133.5 131.5 129.3 127.7 127.6 128.2 129 129.1 130.6 132.7 133.8 134.9 135.6 137.2 139 140.9 142.5 143.8 144.3 145.2 146.6 146.9 147.6 148.4 149.5 150 150.4 151.7 152.5 153.8 155.1 156.1 156.4 156.5 157.2
126.1 127.5 129 130.7 132.3 134 135 135.5 135.9 136.4 136.7 136.7 136.6 136.5 136.8 139.5 143 144 144.5 145.9 148.6 153.6 159 163.6 167.4 169.9 172.4 174.1 176 178.5 179.4 178.5 177.2 175.5 172.9 170 165.5 160.8 156.1 152.1 148.9 144.1 143.9 141 137.2 135.4 133.6 131.4 129.8 128.2 127.7 128.3 128.5 129.1 133.1 133.8 134.7 135.4 136 137.1 139 140.9 142.8 144.1 145.5 146.3 146.9 147.9 148.7 149.5 150.2 150.6 151 151.8 152.5 153.7 155.1 156.3 156.7 157 157.5
126.2 127.9 129.6 131.3 133 134.7 135.7 136.2 136.6 137.1 137.6 137.9 137.9 137.8 137.8 138.1 138.6 140 143.2 145.6 148.4 151.5 156 160.6 165.2 168.5 170.2 171.8 174 175.6 176.7 176.2 174.5 172.8 170.6 167.7 163.6 159.2 155 151.4 148.2 145 142.3 139.7 137.2 135.3 133.5 131.9 130 128.2 127.9 130.8 131.5 131.8 133.8 134.5 135.1 135.8 136.5 137.1 138.9 140.8 142.8 144.1 145 146.1 147.3 148.2 149.2 150 150.6 151.1 151.5 152 152.4 153.7 155.1 156.5 156.9 157.3 157.4
126.2 127.8 129.5 131.2 133.3 135.5 136.6 137.4 137.9 138.3 138.8 139.3 139.7 139.6 139.7 139.9 140 140 141.9 145 147 150.3 154.6 159.2 163.6 167.1 168.3 169.5 171.2 172.8 173.8 173.5 171.7 169.8 167.6 164.9 162.2 158 154.2 150.7 147.4 144.1 141.8 139.4 136.5 134.7 133.3 132.2 130.9 129.2 127.3 131.4 132.4 133.3 133.9 134.5 135.1 135.8 136.5 137.4 138.6 140.2 142.1 143.2 144.9 146.4 147.6 148.6 149.5 150.4 151 151 151.3 151.9 152.4 154.3 155.5 156.4 157.1 157.4 156.8
126.1 127.7 129.8 132.2 134.5 136.1 137.2 138.3 139.1 139.5 140 140.6 141.1 141.4 141.5 141.6 141.6 141.6 141.8 144.6 147.2 149.8 153.2 157.6 162 165.4 167.2 168.1 168.9 169.9 170.9 170.4 168.6 166.8 164.6 162.2 159.7 155.3 151.9 149 146.2 143.1 139.8 139.1 136 134.5 133.3 132.2 131.2 129.9 127.5 131 132.6 133.3 133.9 134.5 135.1 135.8 136.5 137.6 138.9 140.1 141.4 143.1 144.9 146.5 147.9 148.9 149.9 150.7 150.6 150.6 151.1 151.7 152.4 154.5 155.4 156.2 157.1 156.9 156.3
126.1 128.7 131 133.3 135.5 136.6 137.7 138.9 140 140.8 141.2 141.8 142.3 142.8 143.1 143.1 143.1 143.2 143.2 144.3 146.9 149.5 152.1 156.4 160.7 163.7 165.3 165.8 166.6 167.4 167.6 167.1 165.4 163.7 161.4 158.9 156.3 152.2 149.1 146.7 144.1 141.2 138.3 138 135.5 134.4 133.3 132.2 131 129.8 130 131.5 132.7 133.2 133.9 134.5 135.2 135.8 136.7 137.9 139.1 140.3 141.3 143.2 144.9 146.6 148 149.3 150 150.6 150.4 150.6 151.1 151.8 152.5 153.7 155.1 156 156.7 156.5 155.9
126.8 129.8 132.2 134.5 136.1 137.2 138.3 139.4 140.6 141.7 142.4 143 143.5 143.9 144.4 144.6 144.6 144.6 144.2 145.2 146.5 148.5 151.1 155.4 159.1 161.7 162.8 162.9 163.5 164.2 164 163.9 162.2 160.5 158.3 155.4 152.9 149.2 146.9 144.5 142.1 139.1 137.5 136.2 135.3 134.2 133.1 132 131 130.4 129.1 132.1 132.6 133.1 133.8 134.6 135.2 135.8 137 138.1 139.2 140.2 141.4 143.2 145 146.6 148 149.2 150.1 150.4 150.6 151 151.4 151.9 152.7 153.6 154.7 155.8 156.1 155.9 155.3
127.7 130.7 133.4 135.5 136.6 137.8 138.9 140 141.1 142.2 143.4 144.1 144.6 145 145.5 145.9 146.1 145.7 145.3 146.3 147.5 148.8 150.2 153.3 156.3 158.4 159.2 159.8 160.5 160.6 160.6 160.5 159 157.3 155.1 152.3 149.4 147 144.6 142.3 139.9 137.1 135.8 135.8 135.1 134 132.9 132 131.2 130.2 126.6 131.6 132.3 133 133.7 134.4 135.2 136 137 138.1 139.1 140.2 141.4 143.2 145 146.5 147.8 149 150.2 150.6 151 151.4 151.7 152.1 152.9 153.8 154.7 155.6 155.2 154.7 154.2
128.4 131.4 134.7 137 138.5 139.6 140.8 141.9 143 144.1 145.3 146.2 146.6 147.1 147.5 148 147.6 146.7 146.2 145.4 146 146.7 147.2 149.5 152.4 153.9 154.8 155.4 156.5 157.4 157.1 157.1 155.9 154.2 151.9 149.1 147 144.8 142.5 140.1 137.7 135.5 135.4 135.4 134.8 133.3 132 131.4 130.9 130 125.8 131.4 132.2 132.9 133.6 134.3 135 136.2 137.2 138.1 139.1 140.1 141.4 143 144.5 145.9 147.4 148.9 149.8 150.2 150.6 151.1 151.5 151.9 152.9 153.9 154.8 155.4 155 154 153
129 132.3 135.8 138.4 140.5 141.6 142.7 143.8 145 146.1 147.2 148.1 148.7 149.2 149.6 149.8 149.4 148.4 146.9 146.2 145.4 145.9 145.5 145.7 148 149.3 150.4 151.4 152.9 154.3 153.8 153.6 152.6 151 148.8 146.7 144.4 142.5 140.3 138 135.8 135.1 134.7 134.3 133.9 133 131.3 130.2 129.6 129.2 125.9 131.4 132.1 132.8 133.5 134.1 135.1 136.5 137.4 138.4 139.4 140.3 141.4 142.6 143.9 145.3 146.8 148.3 149.4 150 150.4 150.9 151.3 151.8 152.5 154 155 155.1 154.7 154.4 153.3
129.3 132.8 136.3 139.7 142.1 143.6 144.7 145.8 146.9 148.1 149.2 150.1 150.8 151.2 151.7 151.6 151.2 150.2 148.2 146.3 145.7 144.9 144.5 144 144.1 145.4 146.7 147.9 149.3 150.8 150.8 150.3 149.4 147.7 145.7 143.4 141.1 139.3 137.5 136.6 135 135 134.8 134.4 133.5 132.6 131.3 130.3 129.7 127.6 128.8 131.3 131.9 132.6 133.3 134 135.3 136.7 137.7 138.7 139.6 140.6 141.7 142.9 144.1 145.4 146.5 147.3 148.4 149.5 150.2 150.7 151.1 151.7 152.3 153 155 154.8 154.4 154.1 153.6
129.3 132.7 136.5 140.3 143.4 145.5 146.7 147.8 148.9 150 151.2 152.1 152.8 153.3 153.6 153.4 153 152 149.5 147.3 145.3 144.3 143.8 142.5 142 142.5 143.8 145.1 146.1 147.2 147.8 147.3 145.8 143.8 141.9 140 137.9 136.5 136 135.2 134.3 134.6 134.6 133.7 132.8 131.9 131 129.7 129.2 127 129.4 131 131.8 132.5 133.1 134 135.4 136.9 138 138.9 139.9 141 142 143.2 144.4 145.7 146.3 146.9 147.6 148.6 149.6 150.5 150.9 151.5 152.2 152.8 153.7 154.3 153.9 153.7 153.3
129.2 132.8 136.7 140.5 144.3 147.1 148.6 149.8 150.9 152 153.2 154.1 154.8 155.4 155.4 155.2 154.7 153.3 150.9 148.6 145.7 143.6 142.3 140.8 140.4 140.5 141 142.3 143.6 144.6 145.2 144.4 142.3 140.1 138.1 136.8 135.6 135.1 134.7 133.9 133.6 133.5 133.8 133.1 132.1 131.2 130.3 129.4 128.2 124.7 129.2 130.7 131.6 132.3 132.9 134.2 135.6 137 138.2 139.2 140.2 141.3 142.4 143.5 144.7 145.4 146 146.6 147.2 148 148.9 149.8 150.7 151.3 151.8 152.4 153.1 153.8 153.5 153.3 152.9
129.1 133.4 137.3 141.1 145.1 148.3 150.1 151.2 152.4 153.5 154.7 156 156.7 157.7 157.9 157.7 157.2 155.3 152.7 149.6 146.4 143.2 140.9 139.2 138.7 138.7 138.7 139 140.3 141.5 141.5 140.7 138.5 137 136.4 135.1 134.2 133.8 133.5 133.1 132.9 132.8 132.7 132.7 131.6 130.5 129.5 128.2 126.9 124.4 129.7 130.6 131.4 132.1 132.9 134.4 135.8 137.2 138.5 139.5 140.5 141.6 142.7 143.8 144.6 145.2 145.8 146.4 147 147.5 148.3 149.2 150.1 150.9 151.4 152 152.5 153 152.9 152.7 152
129.4 133.6 137.9 141.8 146.2 149.4 151.2 152.6 153.7 154.8 156.6 157.9 158.6 160 160.6 160.4 159.9 157.7 155.1 150.7 146.3 143.3 140.2 138.4 137.2 136.8 136.7 136.7 136.9 137.8 137.4 136.8 135.7 135.1 134.4 133.5 132.9 132.7 132.5 132.4 132.2 132.1 131.9 131.8 131.2 130.1 129.5 128.4 126.3 127.8 129.5 130.3 131.1 131.9 133.1 134.5 136 137.4 138.7 139.8 140.9 141.9 142.8 143.7 144.5 145 145.6 146.2 146.7 147.3 147.9 148.6 149.4 150.2 150.8 151.3 151.8 152.3 152.1 151.9 150.9
129.9 134 138.3 142.5 146.5 149.8 152.3 153.8 155.1 156.5 158.5 159.9 160.8 162.4 163 163.1 162.6 160.1 156.2 151.9 147.5 143.1 140 138.4 137.1 136.1 135 134.9 134.6 134.7 134.9 135.2 134.5 133.7 132.9 132.3 132.1 132 131.8 131.6 131.5 131.4 131.2 131.1 131 130.5 129.5 128.4 124.4 128.4 129.2 130 130.9 131.8 133.1 134.6 136 137.4 138.7 139.7 140.7 141.7 142.7 143.3 144.1 144.9 145.7 146.2 146.8 147.3 147.9 148.3 148.7 149.3 150 150.6 151.1 151.6 151.4 151.2 150.5
130.8 134.5 138.7 142.9 146.6 150.1 152.6 154.5 156.5 158.5 160.4 161.8 163.2 164.7 165.3 165.8 165.1 161.7 157.4 153 148.6 144.3 139.9 138.4 136.9 135.7 134.6 133.3 133.4 133.5 133.7 134.3 133.9 132.9 132 131.7 131.8 131.3 131.1 130.9 130.8 130.6 130.7 131.1 130.3 130.2 129.2 126.9 123.8 127.8 129 130 131 131.8 133 134.5 135.9 137.3 138.5 139.6 140.6 141.5 142.3 142.9 143.7 144.5 145.3 146.1 146.8 147.4 147.9 148.3 148.6 149 149.3 149.9 150.4 150.9 150.8 150.7 150.5
131.2 134.9 139 143.1 147.1 150.3 152.7 154.8 157.1 159.8 162.4 164 165.5 167.1 167.7 168.2 167.3 162.9 158.7 154.5 150.4 146.2 140.5 138.4 137 135.5 134.2 133.3 132.5 132.5 132.5 133.4 133.3 132.3 131.4 131.3 131.9 131.4 130.4 130.2 130.1 130.5 130.9 131 129.7 129.6 129.3 128.5 122.8 127.2 129.2 130.2 131 131.9 132.9 134.3 135.8 137.2 138.3 139.4 140.4 141.3 141.8 142.5 143.3 144.1 144.9 145.6 146.4 147.2 147.8 148.1 148.4 148.6 148.9 149.2 149.4 150.4 150.3 150 148.3
131.6 135.7 139.8 143.7 147.1 150.3 153.2 155.2 157.7 160.4 163.2 166.1 167.8 169.5 170.9 171.4 169.7 165 160.8 156.6 152.5 146.6 141.1 138.4 137 135.5 134.2 133.8 133.4 132.5 131.2 132.5 132.6 131.7 131.4 131.5 131.5 131.3 130.5 129.9 130.3 130.7 131 130.5 129.2 128.9 128.7 128 125.5 126.4 129 130.2 131.1 131.9 132.8 134.2 135.7 136.9 138.1 139.2 140.2 140.8 141.3 142 142.8 143.7 144.4 145.2 146 146.8 147.2 147.4 147.7 148 148.3 148.5 148.1 148.5 147.9 146.4 146.4
132.3 136.3 140.3 143.9 147.1 150.2 153.3 155.7 158.4 161.4 164.3 167.2 170.1 172.1 173.6 174.1 172.8 167.7 162.9 158.8 152.9 147 141.7 138.5 137 135.5 134.1 133.8 133.5 133.2 132 130.6 131 131.1 131.1 131.3 131.1 130.5 129.7 129.3 130.2 130.6 130.7 130.4 129.1 128.3 127.9 127.6 122.9 127.3 128.5 129.7 130.9 131.9 132.8 134.1 135.4 136.7 137.9 139.1 139.9 140.4 140.9 141.6 142.4 143.2 144 144.8 145.6 146.2 146.6 146.8 147 147.3 147.6 147.7 147.3 146.3 144.7 150.1 149.7
132.8 136.8 140.8 143.9 147 150.1 153.3 156.4 159.3 162.3 165.3 168.4 171.4 174.4 175.9 175.9 174.2 170.5 165.1 159.3 153.4 147.5 142.2 138.9 137 135.4 134.1 133.8 133.4 132.9 132.1 130.8 129.5 129 129.1 130.2 130.2 129.4 128.6 128.6 129.6 129.7 129.9 129.8 129.1 128.1 127.4 126.7 121 127.1 128 129.2 130.4 131.6 132.8 133.9 135.2 136.4 137.6 138.8 139.4 139.9 140.4 141.2 142 142.8 143.6 144.4 145.2 145.6 145.9 146.3 146.5 146.6 146.9 146.9 146.5 143.8 149.6 149.4 150.1
133.3 137.3 140.7 143.8 147 150 152.9 156 159.4 162.5 165.5 168.8 172.4 175.5 177.5 176.9 174.9 170.9 166.1 160.2 154.2 148.1 142.3 138.5 136.9 135.4 134 133.7 133.2 132.8 131.9 130.7 129.5 128.3 127.4 128.3 129.4 129.2 127.8 128 128.7 128.9 129 129 128.9 127.9 127.3 126.6 121 126.4 127.6 128.8 130 131.1 132.1 133.4 134.6 135.7 136.9 137.9 138.9 139.5 140 140.8 141.6 142.4 143.2 144 144.6 145 145.3 145.7 145.9 146.1 146.3 146.1 145.4 143.4 146.8 148.1 149.6
133.9 137.5 140.7 143.7 146.6 149.5 152.4 155.6 159 162.4 165.7 169 172.1 174.8 177.1 177.4 175.5 171.3 167 161.1 154.9 148.8 142.6 138.1 136.7 135.3 134 133.6 133.3 132.9 131.9 130.7 129.6 128.5 127.3 126 127.6 128 127.8 127.4 128 128 128.1 128.1 128.1 127.8 127.1 126.3 121.4 125.2 127.1 127.9 128.9 130 131.2 133 133.8 135 136.1 137 138 138.9 139.6 140.4 141.2 142 142.8 143.6 144 144.3 144.7 145 145.4 145.6 145.6 145 144.3 142.7 144.8 147.2 148.9
134.4 137.5 140.4 143.3 146.2 149.1 152 155.3 158.6 161.9 165.3 168.4 171.5 174.3 176.5 177.1 176.9 173 167.8 161.3 155.2 149.2 143.1 137.9 136.5 135.1 134 133.5 133.2 132.8 132.1 131 129.9 128.7 127.5 126 124.6 126.2 126.6 126.8 127.4 127.5 127.5 127.5 127.5 127.4 126.6 125.9 121.7 126.4 127.2 127.8 128.5 129.1 130.6 132.6 133.1 134.3 135.2 136.1 137.1 138.2 139.3 140.2 141 141.8 142.6 143.2 143.6 143.8 144.1 144.4 144.8 145 144.7 144 143.3 142.2 143 146 147.9
134.1 137 139.9 142.8 145.7 148.6 151.5 154.9 158.2 161.6 164.9 168 170.8 173.8 175.9 176.6 176.7 173.8 168.3 161.8 155.2 148.8 142.7 137.8 136.2 135.2 134.3 133.4 132.9 132.5 132 131.2 130.1 129 127.7 126.2 124.8 124.1 125.8 126.4 127 127.1 127.2 127.2 127.2 126.9 125.9 124.9 121 126.4 127.1 127.7 128.3 128.8 129.3 131.5 132.6 133.4 134.5 135.6 136.7 137.8 138.9 140 140.9 141.7 142.3 142.8 143.3 143.7 144 144.3 144.2 144 143.6 142.8 142.2 141.7 142.9 146.2 147.4
134.1 136.6 139.5 142.4 145.3 148.2 151.2 154.5 157.8 161.2 164.5 167.6 170.4 173.1 175.2 176.4 175.9 173.7 168.7 162.3 155.6 149 142.3 138.1 136.3 135.4 134.5 133.7 132.8 132.3 131.9 131.1 130.3 129.2 127.9 126.5 125.1 123 124.4 125.5 126.2 126.7 126.8 126.8 126.8 126.5 125.8 124.2 121 125.3 126.9 127.5 128 128.5 129 130 131.5 132.9 134.1 135.2 136.3 137.4 138.5 139.6 140.8 141.4 141.9 142.3 142.8 143.3 143.3 143.2 143.1 142.9 141.5 140.6 140.2 142.2 145.8 147.1 148
134.3 136.8 139.3 141.9 144.8 147.7 150.8 154.1 157.5 160.5 163.2 165.9 168.7 171 173.2 174.3 174.3 173.1 167.4 161.1 154.5 147.9 142 137.7 136.3 135.6 134.8 133.9 133.1 132.2 131.6 131 130.2 129.3 128.2 126.6 124.5 122.3 122.9 124.9 125.4 126.1 126.5 126.5 126.3 126 125.7 123.9 121 125.1 126.6 127.2 127.7 128.3 128.8 129.3 130.8 132.2 133.5 134.7 136 137.1 138.1 139.2 140.4 140.6 141.1 141.5 142 142.4 142.4 141.3 141.2 140.3 140 141.3 142 143 144.6 147.4 148.9
134.5 137.1 139.6 142.1 144.5 147.3 150.4 153.4 156.1 158.8 161.5 164.2 166.5 168.7 170.8 171.9 172.1 171.4 165.8 159.4 153.3 146.8 141.6 137.8 136.4 135.6 134.8 134 133.2 132.4 131.6 130.9 130.1 128.9 127.7 126.4 124.5 122.5 121.1 124.1 124.5 125 126.1 126.1 125.8 125.5 125.3 123.3 121 123.8 126 126.8 127.5 128.1 128.6 129.1 130.2 131.6 132.8 134.1 135.3 136.5 137.8 138.9 140 140.2 140.3 140.7 141.2 141.5 141.3 139.8 138.6 138.4 139.2 140.8 142.5 143.7 144.5 146.9 147.7
134.1 136.8 139.3 141.8 144.3 146.8 149 151.6 154.3 157 159.7 161.9 164.1 166.3 168.1 169.3 169.5 168.7 163.4 157.2 151 146 141.5 137.5 136.1 135.4 134.6 133.8 133 132.2 131.4 130.2 129.1 127.8 126.6 125.4 125.7 125.1 121.6 122.8 123.1 123.7 123.8 124.8 124.2 123.9 123.1 121 121 123.4 125.2 126 126.8 127.6 128.4 128.9 129.5 130.9 132.1 133.4 134.6 135.9 137.1 138.4 139.6 139.7 139.7 140 140.4 140 138.8 137.6 139.9 140.4 140.1 140.6 142.1 143.5 144.5 145.9 147.3
133.1 135.8 138.5 141 143.4 145.5 147.6 150 152.4 155 157.7 160 161.8 163.9 165.5 166 165.9 165.3 160.4 154.2 148.9 144.5 140 137.6 135.7 134.9 134.1 133.3 132.3 131.3 130.3 128.7 127.8 126.6 125.4 124.2 125.5 124 121.8 121 121.2 121 121 121 121 121.2 121 121 124.4 123 124.5 125.2 126 126.9 127.7 128.5 129.3 130.2 131.5 132.7 134.2 135.6 137 138.4 138.9 139.1 139.1 138.3 137.1 136.9 139.4 140.3 141.2 141.9 141.5 141.1 141.1 142.4 143.5 144.9 146.9
132 134.7 137.5 140.1 142.2 144.2 146.3 148.6 151 153.4 155.8 158 159.8 161.6 162.2 162.6 162.2 161.4 157.4 151.6 147.3 143 139.6 137.7 135.8 134.3 133.3 132.3 131.2 130.2 129 127.3 126.4 125.4 124.2 123 122.4 121 121 121 121 121 121 121 121 121 121 121 123 122.5 123.7 124.4 125.3 126.1 126.9 127.7 128.9 130.1 131.9 133.3 134.7 136.1 136.9 137.4 137.8 138.2 137.5 135.6 138.3 139.2 140 141 142 142.1 142.2 142.3 142.9 143.1 142.8 143.9 145
130.6 133.3 136 138.1 140.4 142.8 145 147.3 149.5 151.4 153.3 155.1 156.9 158.2 158.7 159.1 158.6 157.5 153.5 149.9 145.8 141.6 139.6 137.2 134.7 133.1 132.2 131.2 130.1 129.1 127.6 125.8 124.9 124 122.9 122.3 121 121 121 121 121 121 121 121 121 121 121 121 121 122.2 122.9 123.7 124.5 125.4 127.2 127.8 128.5 129.7 131.9 133.8 135 135.5 136 136.4 136.8 136.9 134.7 137.7 138.8 139.7 140.5 141.5 142.2 142.8 142.9 143.1 143.9 144.5 145.5 146.3 146.6
129.2 131.9 133.9 136 138.1 140.4 142.9 144.6 146.5 148.4 150.3 152.1 153.5 154.7 155.2 155.6 155.4 153.3 151 146.6 143.3 140.4 138.1 135.7 133.6 132.1 130.9 130 129 127.8 126.1 124.4 123.5 122.6 121.5 121.6 121 121 121 121 121 121 121 121 121 121 121 121 121 121 121.8 123.3 125.5 126.2 126.8 127.4 128 129.3 131.4 133.2 134 134.5 135 135.4 134.9 133.5 137 137.9 139 140.1 140.9 141.6 142.3 143 143.6 143.9 144.7 145.3 145.9 146.6 147.2
