UK/data/sn/sn22_OST50GRID_20230518/SN22.asc
ncols 200
nrows 200
xllcorner 220000
yllcorner 220000
cellsize 50
[rows 105 to 139 of 200, columns 79 to 157 of 200]
149.7 148.8 134.1 153 168.3 175.6 181.3 185.9 189.2 191.5 192.6 192.1 191.5 190.9 190.5 192.4 193.8 195.2 196.4 197.4 197.9 198.4 198.9 199.1 198.7 198.1 196.9 195.5 193.9 191.6 188.8 186.8 185.6 182.2 177.6 172.3 166.8 156.9 137.3 118.4 101.7 93.5 94.3 98.3 98.5 89.2 79.5 72.7 83.7 101 118.2 136.3 149.9 160.5 166.7 170.8 173.8 175.8 176.6 176.5 175.7 174.7 173.9 172.7 171.6 170.4 169.3 166.8 163 159.4 153.4 137.2 126 106 82 60.7 59.6 68.2 94.4
135.3 130.2 141 159.6 169.4 176.2 182.2 187.1 190.1 192.1 193.1 192.8 192.4 191.9 192 192.6 193.8 194.8 195.9 197.1 198.2 199.1 200.1 200.2 199.7 198.6 197 195.2 192.6 189.4 186.3 185.5 181.3 177.1 173.4 168.8 162 139.4 116.5 102.9 105.2 111.5 117.5 123.4 115.7 107.1 96.5 82 70.2 82.2 97.1 117.3 138.9 153.8 162.4 167.1 170.3 172.1 173 173 172.8 171.9 171.8 171.2 170.1 169 167.8 165.6 162.2 158.4 144.4 119.7 101.2 84.3 62.7 58.1 68.7 86 107.2
128.3 125.7 141.9 159.1 168.8 176.1 182.2 187.3 190.1 192.2 193.2 193.6 193.6 193.3 193.1 193.1 193.8 194.8 195.5 196.4 197.8 199.6 200.6 200.9 200.7 199.5 197.8 195.7 194 190.7 185.9 181.3 173.7 168.9 166.8 163.2 149.7 123.4 115.7 123.7 129.2 136.9 144.6 145 134.5 123.5 115.8 101.3 83.7 72.8 83.1 103 124.6 142.8 154.8 161.5 164.6 166.8 168 168.5 169 169 169.4 169.1 168.7 167.6 166.1 163.9 161 156.9 133 104.7 81.9 58.3 58.6 69.3 89.1 107.8 130.7
126.3 121.6 138.8 157.7 168.1 175.1 181.7 186.2 189.6 191.7 193.2 193.7 194.6 194.5 193.8 193.6 193.9 194.5 194.8 195 196.9 199.8 201.1 201.5 201.3 200.3 198.8 197.5 195.8 193.2 189.1 184.7 180.9 175.2 153.6 152 139.3 132.9 142.6 151 158.3 160.6 159.8 157.3 153.6 141 129.1 118 97.7 78.9 73.7 87.8 105.9 127.6 145.7 153.7 158.5 161.3 162.6 164.6 165.6 166.5 167.1 167 166.9 165.3 164 162.2 159.8 151 127.8 100.7 73.5 56.4 62.2 87.9 113.8 135.1 148.2
125.8 118 139.1 158.8 167.8 174.4 180.1 184.8 188.2 190.6 192.1 193.1 193.9 194.6 194 193.5 193.7 193.3 192.9 193.1 194.3 193.8 201.7 202.6 202.7 201.4 200.6 199.4 197.5 195 191.9 188 184.4 179.9 173.1 163.1 145.5 158.9 166.9 169 169.1 167.4 165.4 162.6 159.1 153.2 143.3 130 112.7 89.9 69.4 74.8 92.7 112.9 136.6 146.2 149.2 155.9 158.2 160 161.6 163.1 164.4 164.8 164.7 163.5 162.2 160.4 155.8 146.7 129.5 104.8 77.7 58.2 57.1 85.2 124.8 136.7 145
123.3 116.9 139.3 158.1 167.3 173.5 178.3 182.6 186.5 188.6 190 191.2 192.1 192.7 192.7 192.2 191.6 190.8 190.4 190.2 193.5 195.7 202.1 204.3 204.2 204.2 202.7 201.3 199.3 196.7 194 190.4 186.6 182.4 174.3 163.3 159.5 171.6 175.2 176.2 174.7 172.3 169.5 166.7 163 158.2 151.6 141.5 122.8 101.9 75.2 69.2 77.7 99.2 126.6 140.6 147.3 150 154 154.4 156.9 159.5 161.1 161.9 162.2 161.4 160 156.4 152.1 145.8 131.7 108.5 87.7 64.7 56.6 76 108.7 125.1 137.5
114.5 119.6 140.2 159.4 166.4 172.1 176 179.9 183.1 185.8 187.4 188.8 190 190.1 189.9 189.4 188.6 187.6 186.3 186.3 193.7 199.4 202.3 204.1 205.2 205.2 204.4 203 201.9 198.9 196.4 192.9 188.6 183.8 177.4 173.1 177 180.9 182.6 181.9 179.4 176.2 173.2 169.1 165.3 161.3 155.6 148.9 131.6 108.5 85.5 67.3 74.7 94 120.2 133.4 139.9 141.8 146 149.1 153 155.7 157.6 158.7 159.1 158.8 155.9 154.1 151 145.2 130.8 109.2 89.5 68.3 55.9 75 107.6 125.3 136.6
111.7 117 138.2 160 165.8 170.7 173.9 177 180.1 182.5 184.7 186.4 186.8 187.2 187 186.1 185.4 184.9 181.2 185.8 191.7 198 201.4 203.5 205.2 205.3 205.6 205.1 203.4 201.3 198.9 195.9 192.5 188.6 184.3 184.5 186.7 187.6 187.7 186 183.3 179.5 175.3 170.8 166.9 163.5 158 151.9 136.5 112 88.1 66.6 74.7 91.5 114.8 126.1 129.9 130.5 133.8 141.3 146.6 150.7 153 154.3 154 153.4 152.9 151.7 149.7 140 120.9 101.6 80.9 63.1 54.6 73.4 106.2 121.4 125.9
109.9 113.4 134.5 159.2 165.9 169.1 171.4 174.1 176.6 178.9 181.2 182.9 183.5 183.5 182.9 182.1 181.4 180.7 176.1 182.5 190.7 196.1 199.6 202.6 204.3 205.5 205.5 205.6 204.5 203.4 201.6 199.1 196.6 193.8 191.7 191.6 192.2 191.9 190.8 188.6 184.9 179.8 175.6 171.1 167.7 163.7 158.4 151.3 134.9 111.3 89.4 65.9 75.1 90 111.1 122.3 123.8 122.2 120 129.7 139 142.6 144.5 145.8 148.8 149.2 149.3 149.3 144.3 125.8 106.7 89 71 55.3 54.3 67.8 89.6 95 97.7
109.2 111.8 130.4 155 163.2 167 168.7 171 173.6 175.8 178 179.8 180.5 180.2 178.5 177 175.6 171.7 175.5 181.7 189.8 194.3 197.8 200.6 202.7 203.8 204.5 204.6 204.8 204.2 202.7 201.3 199.6 197.8 196.5 196.6 196 194.8 193 190.4 186 180.5 176.2 170.2 166.4 162.7 157 147.3 128 107.6 87.3 68.2 75.4 88.2 107.2 115.4 115.3 113.2 105.2 112 120.5 129.9 136.4 137.9 141.2 145.6 146.7 146.1 133.4 112.2 93.5 76 60 54.6 53.3 71.1 80.9 91.3 102.8
111.8 110.3 132.3 149.7 156.7 161.8 164.5 166 169.8 172.7 174.5 176 177.2 176.9 175.5 172.4 166 165.6 173.6 182 188.2 191.9 195.2 198 199.8 201 201.9 203 203.5 203.8 203.5 202.2 201.4 199.9 199.7 199.5 198.5 197 195 192.2 187.8 182.1 176.8 169.6 161 156.5 151.7 136 116.5 93.9 81.4 67.7 72.3 79.8 91.3 98.4 99.1 97.7 88.2 87.2 94.2 111.4 122.9 125.9 132.6 140.6 142.7 140.1 122.9 101.7 80 66.1 52.3 53.5 59.9 87.6 100.2 112.3 122.2
112.9 108.7 130.1 143.7 149.9 154.9 157.4 159.6 165.5 169.2 171.2 172.2 173 173.2 172.5 169.6 160.3 166.4 174 181.3 185.8 189.1 192.4 194.8 196.5 197.6 198.5 199.7 200.8 202 203 202.4 201.9 201.4 200.9 200.5 199.9 198.1 196.6 193.5 189.2 184.1 178.5 169.8 153.7 136.9 134.7 122 101.4 83.3 79.7 74.5 66.4 70 73.2 78.2 80.9 75.8 65.5 64.9 75.5 91.3 103.7 112 121.6 131.2 134.1 129.4 112.6 94.1 73.9 60.2 53.7 54.6 72.1 97.6 115 130.9 143.3
116.3 105.5 125.2 140.2 143.5 146.5 148.6 153.1 159.7 164 167.5 169.2 170.2 169.4 168.2 165.7 157.2 167.4 175.8 179.8 183.8 186.5 189.5 191.5 193 194.3 195.4 196.7 198.1 199.5 200.5 200.8 200.9 200.6 200.8 200.6 199.7 198.8 196.4 194 190.7 186.3 181.6 175 163.5 142.9 124.4 107.1 98.3 101.7 103.6 91.2 79.2 66.2 65.1 64.6 62.5 66.5 70.8 67.1 56.4 71.4 83.4 95.4 107.6 112.4 117.2 113.7 103.3 84.5 69.7 51.4 52.9 56.7 76.3 106.7 124.4 142.2 157.5
117.4 103.6 122.1 132 138.6 138.7 136.8 145.3 152.2 157.7 161.7 164.9 166.2 166.2 164.2 156.8 153.8 166.6 174.8 178.1 181 183.9 186 188 189.6 191.3 192.6 193.7 195.1 196.4 197.5 198 199.2 199.1 199.5 199.6 199.3 198.3 196.8 194.7 192.2 188.4 184.2 179.7 173.2 159.4 142.9 130.1 123.3 129.1 127.9 115.7 99.7 89.4 83.2 79.6 83.1 90.7 98.6 94 75 58.7 63.3 74.6 86.1 94.2 98.4 97.6 95.6 78.1 61.8 51.8 53.1 59.6 80.8 105.4 130.6 154.3 166.8
114.6 102.7 115.5 123.2 127.9 130.9 132.5 137.7 143.3 150.2 155.4 158.6 161 161.7 160.4 153.7 149.7 164.3 170.8 175.3 179 180.7 182.7 184.4 186.1 187.7 189.4 190.8 192.1 193.4 194.4 195.3 196.7 197.5 198.1 198.4 198 197.4 196.3 194.5 192.3 190.1 186.8 182 176.6 168.9 160.1 153.4 149.1 144.4 139.2 131.2 121.9 114.5 108.8 106.2 114.5 121.4 124.2 113.9 97.4 78.7 60.9 54.6 61.2 71.6 78.5 80.4 80.6 69.3 55.7 51.2 52.5 66.4 86.7 111.5 141.3 158.2 167.5
110.6 98.5 110.6 115.5 119 122.3 126.2 130.9 136 142 148.7 153.4 155.7 155.9 155.3 151.6 143 158.3 166.2 170.8 174.7 177.4 179.2 180.8 182.5 184.2 186.1 187.8 189.2 190.3 191.3 192.5 194.5 195.4 196.4 197.2 196.9 196.1 195.1 193.5 191.7 190 186.7 182.3 176.6 170.6 164.7 159.6 155.1 150.7 145.9 141.5 136 136.5 132.8 132.4 139.4 142.5 143.2 135.8 119.3 103.3 87.1 71.3 59.7 51.9 54.9 63.2 64.2 57.4 49.7 51.3 57.3 70.7 92.4 119.1 144.5 158.1 166.2
102.7 97.4 103.8 110.2 112.6 118.3 122.2 126.2 129.7 134.5 141.1 147.5 149.7 150.2 149.9 148.3 135.1 151.6 161.1 165.6 168.7 171.9 174.9 176.7 178.6 181.2 183.1 184.6 185.7 186.9 188.4 190.3 192.5 194.1 195.2 195.8 195.6 194.7 193.4 191.6 189 186.7 183.3 178.4 173.3 167.4 164.1 161 157.6 153 148.2 143.9 142.2 142.7 145.2 148.3 150.8 150.5 148.8 142.9 131.1 119.2 105.4 88.8 74.4 63.1 53.3 52.4 56.7 51.9 51 51.1 58.3 74.9 96.5 122 147.3 156.1 163.8
105.2 102.4 97.6 106.4 110.5 115.3 118.4 121.6 124.8 127.8 132 137.5 142 143.4 144 143 126.1 148.3 156 159.6 162.2 165.1 168.4 172.2 174.8 177.8 180.1 181.4 182.2 183.6 185.8 188.6 191.4 193.3 194 194.7 193.9 192.5 191.1 187.4 183.3 179.6 174.7 170.6 165.1 160.1 157.1 157.4 156.6 153.5 150.1 147.4 145.7 146 147.3 150.8 153.3 153 151.1 145.7 138.2 129 117.6 106 88.9 70.4 56.1 52.1 50.4 50.8 50.3 50.6 59.9 79.8 97.7 123.6 143.3 153.5 159.4
108.8 105.6 93.9 103.4 108.4 112.2 114.4 117.2 120.2 122.7 125.6 129.9 134.5 138.4 139.6 137.9 120.5 144.3 149.8 153.4 156.1 157.7 161.4 165.7 170.8 174.5 176.5 177 178 180.9 184.5 187.8 190.6 192.6 193.2 193.3 192.9 191.7 189 184.4 176.2 160.3 150.3 144.7 139.4 137.2 137.9 142.1 147.7 149 148.4 147.6 147.4 148.3 148.4 150 152 152.8 151.3 147.4 140.7 130.4 120.7 109.2 88.3 66.8 52.8 51.1 50.1 48.5 49.3 50.4 65 84.3 104.4 123.5 135.2 143.5 148
107.5 103.1 99.1 95.1 104.8 108.2 110.8 113.1 115.7 118.3 121.5 124.7 130 134.1 135.9 126.1 118.8 138.3 142.9 146.6 149.2 150 155.9 161.7 166.9 169.9 170.9 172.1 177.6 182.1 184.9 188 191 192.9 193.7 193.2 192 191.4 189.9 184.4 170 138.5 120.3 114.6 114 115.3 116.5 120.3 126.3 132.6 141.6 143.4 146.9 148.1 146.9 146.3 148.5 150.7 149.7 146.4 138.7 126 112.9 92.4 75.6 60.3 51.2 50 49.6 47.6 49.5 55.5 71.8 91.3 108.3 118.9 125.6 128.4 130.2
106.2 98.7 97.5 90.6 101 104.4 106.7 108.9 110.6 114.9 118.4 121.9 127.6 130.5 131.3 112.1 122.4 132.3 136 136 141.2 148.3 154.2 158.9 162 163.7 165.6 171.6 179.1 182.7 185.7 188.6 191.5 193.1 193.7 193.2 191.9 191.3 190.1 186.5 177.9 156.6 127.4 108.3 94 97.2 97.9 99.1 103.1 109.5 117.2 126.1 137.4 142.6 142.4 141.9 141.8 144.2 142 135.8 120.9 107.6 91.1 74.9 65.1 55.3 50 48.5 48.6 47.8 51.7 60.4 78.4 94.9 104.6 110.8 114.8 115.3 108
108.7 102.9 96.2 88.9 96.7 100.3 102.9 105.9 109.3 112.6 116.1 119 122.4 125.1 125.1 104.2 122.4 126.9 122 134.3 140.6 145.3 150.2 153.2 156.3 158.7 166.2 175 179.9 183.4 186.5 189.4 191.4 192.9 193.2 192.3 191.5 191.3 189.4 186.4 180.6 167.5 144.1 121.6 105.5 91.1 84.3 83.6 85.8 88.7 93.1 103.4 116.3 129.3 134.1 134.8 134.6 132.9 128.1 116.3 97.1 82.5 71.3 63.1 57.5 52.3 48.1 47.9 47.6 50.2 54.7 58.4 64.4 78.7 92.4 100.8 96.5 93.2 107.9
112.3 106.9 101.1 91.1 91.4 96.7 100.6 104.2 106.9 110 112.8 114.7 117 119 118 103.3 115.7 120.2 116.9 130.6 136.4 138.8 139.3 144.2 149.7 160.6 170.5 176.1 180.1 183.6 187.4 189.9 191 192.2 192 191 190.6 190.2 188.9 186 181.3 174.1 159.5 139.7 121.9 107.3 94.1 79.6 75 72.7 74.1 81.5 96.8 112.4 120.8 125.7 125.5 120.8 114.2 97.6 77.6 65.1 58.3 54.2 48.6 47.1 47.4 47.5 47.7 57.2 63 73.9 68.2 69.6 75 81.6 87.3 104.4 115.8
115.5 109.8 104 97.2 87.6 90.2 98.5 101.2 104.1 106.6 109.2 111.3 112.1 112.5 107.8 100.7 111.1 106.4 113.8 120.8 124.6 133.6 146.1 152 159.8 166.1 171.8 176.2 180 183.1 186.5 188.6 189.8 190.9 190.6 189.7 189.1 188.4 187.3 185.1 181.4 176.6 170 154.2 142.8 128.6 112 99.4 90.7 83.9 74 67.3 80 99.6 107.8 111.7 111.1 106.2 93.9 77.4 62.1 54.7 49.8 46.3 46.4 46.9 47.2 47 53.1 64 74 91.3 93.5 87 85.9 86.4 100.7 118.3 131.9
119.3 112.9 106.6 99.8 88.3 91.3 94.7 97.5 100.1 102.9 104.7 106.4 107.4 105.3 94.8 97.7 102.7 110.7 119.7 128.9 135.9 143 149.4 155.5 161.3 166.7 171.5 175.6 179.4 181.8 184.4 186.6 187.7 188.3 188.2 187.9 187.2 186 185.6 183.6 181.1 177.8 173.7 169.3 160.9 152.4 137.6 124.1 110.6 96.7 81.4 62.6 70.7 84.3 95.7 98.5 94.5 82.2 73.8 60.4 47.5 45.9 45.5 45.8 46.3 46.3 46.7 52.5 63.6 72.6 89.6 111.9 114.8 110.3 109.8 113.5 124.2 138.4 145.9
121.7 116.7 109.2 103.1 95.6 86 89.7 93.5 95.7 97.9 100 101.4 101.9 98.6 96.1 106.9 115.1 121.2 127 132.7 138.8 145.2 150.7 156 161.2 166.4 171.1 174.3 177 179.7 182.5 184.5 185 185.6 185.6 185.3 185 184.5 182.3 181.2 179.4 177.6 174 171.5 168.9 164 157 142.8 127.1 108.3 87.6 68.9 59.3 75.6 80.5 85.4 76.3 59.6 48.3 44.3 44.7 45.1 45.3 45.7 45.6 45.5 56.2 66.8 77.1 89.3 109.7 132.2 134 135 133.8 136.7 148.3 156.7 158
125.3 119.6 114.4 107.7 99.9 89.1 83.9 86.5 90.8 93.1 95.8 96.7 96.6 88.6 101.5 108.6 114.9 120.5 126.8 133 138.7 144.4 150.3 155 159.5 164.5 168.8 172.1 175.2 177.7 180.5 182.1 182.8 182.9 182.9 182.8 182.9 177.9 179.3 177.8 176.1 174.3 171.5 168 167.1 162.1 158.3 152.1 140.3 117.5 96.2 74.3 53.5 66.2 74.4 67.2 51.3 43.7 43.7 44.1 44.3 44.3 44.8 47 51.8 59.5 70.6 83.3 95.6 109.9 132.7 150.7 152.8 154.7 157.6 165 169.6 169.7 168.8
128.5 123.2 117.4 111.4 95.5 100.2 95.6 83.2 83.5 89 92.3 92.5 86.5 94.5 100.9 107.7 112.4 118.2 124 130.6 136.5 142.3 148 152.8 156.7 161.7 165.8 169.2 172.4 175.2 177.6 179.8 180.1 180.5 181 180.7 179.9 177.4 176 172.7 170.7 168.2 165.6 163.6 160.5 157.4 153.6 149.3 140.9 122.4 102.2 80.3 58.8 56.9 63.1 47.6 42.9 42.9 42.4 43.5 44.9 46.9 48.8 53 62.6 73.8 87.2 101.2 118.5 137 156.9 160.3 162.9 166.7 172.1 175.7 177.4 176.9 176.1
129.8 124.8 119.3 105.6 109.6 108.9 104.8 97 82.8 82.7 82 86.1 94.7 98.7 101.7 105.8 110.2 115.2 119.9 125.5 132.8 139.3 144.7 149.5 153.2 157.5 161.7 165.7 168.9 172.1 174.2 176.5 177.7 179 179.2 179.2 179 176 172.2 170.4 168.8 166.4 159.1 154.7 151.5 148.8 145.7 141 133.5 119.5 103.5 83.3 63.6 46.3 47.4 42.4 42 43.9 46.6 47.3 48.7 51 55.8 65.1 77.2 91.7 106.6 124.4 144.4 161.9 165.4 167.3 169.6 172.8 175.9 178.8 181.1 182.3 181
130.3 125 115.8 115.3 113.8 111.9 108.3 103.6 94.3 78.2 88.8 91.3 94.4 97.2 100.4 103.9 107.4 111.4 116.3 121.5 126.4 134.1 140.4 145 148.1 152.5 157.1 161.3 164.6 167.6 170.5 172.5 175 177 178.2 178.7 178.8 176.6 173.2 171.1 161 139.1 137.5 141.4 141 138.8 135.4 131.5 124.6 110.6 91.6 74 58 47 42.7 41.5 44.1 46.7 49.1 51 52.4 58.2 67.1 81 97.8 112.9 129.7 149.5 165.7 168.4 170.4 172 173.8 176 177.9 180.5 182.8 184.2 184.1
128.8 126.8 123.3 119 114.2 111.6 108.5 104.7 99.4 80.1 84.5 88.7 92.3 95.7 98.2 101.3 105.1 108.9 113.6 117.7 121.9 126.7 133.2 138.5 143.3 147.4 152.1 156.1 159.4 162.8 165.6 168.1 171.7 175.2 176.5 177.3 177.3 176.2 173.6 167.1 156.9 133.8 106 121 128.4 127.4 122.9 117.9 108 88.6 69.2 53.7 45.3 40.5 42.4 44.3 46.1 48 50.5 54.2 58.6 67.4 83.1 102.2 120 135.5 154.6 165.2 168.8 171.1 172.8 174.6 175.9 177.7 179.5 181.3 183.1 185 185.5
132.2 129.4 125.5 120 115.6 111.4 107.9 104.5 98.5 83.2 80.1 86.1 89.5 93.2 96.6 99.9 103.1 105.9 109.8 113.5 117.5 122.2 126.8 132.3 137.2 141.7 145.8 149.6 153.2 156.6 160 164.4 168.4 171.9 173.5 174.5 174.9 174.4 170.6 163.6 154.5 129.8 100.9 100.6 111.9 113.6 109.3 100.2 83.8 67.2 46.7 41.2 40.2 41.4 44.3 46.2 47.9 50.5 54.3 61.4 70.5 73.3 100.5 122.6 139.6 154.6 161.4 166.2 169.3 171.9 173.6 174.7 176.2 177.6 179 180.5 182.4 184 185.3
133.2 129.8 125.7 120.7 116.7 111.8 107.5 103.9 99.1 89.6 78.3 82 86.2 91.7 95 97.4 100.9 103.7 106.6 110.1 113.3 116.7 120.3 126.1 130.8 135.1 139.5 143.4 147.6 151.3 155.3 159.6 164 166.8 169.4 171.1 172.8 172.8 169.1 162 149.9 129 101.6 82.1 88.1 94 89.6 78.6 64.6 44.6 40.6 40.9 40.1 43.4 46.3 48.2 51.5 58.7 68.3 78.4 92.7 102.2 106.7 136.5 147.7 155.5 160.4 164.9 168 171 172.4 174 175.4 176.5 177.4 178.6 180.2 181.4 183.2
134.8 129 124.1 119.7 115.1 110.5 106.1 101 96.4 90.5 75.8 83.2 87.3 89.9 92.4 96.3 97.9 100.6 103.4 106.1 109 112 115.6 120.5 124.4 129 133.9 138.3 142.2 147 151.3 155 158.5 161.7 164.4 167.1 170.3 171.3 169.4 161.9 151.9 132.1 105.1 83.6 70 73.5 69.2 61.3 45.4 40.1 39.7 41.4 44.5 45.7 48 52.3 61.6 74.8 90.9 102.8 113.8 126.3 133.4 134 145.5 151.6 156.3 161.4 165.6 168.4 170 171.5 173.1 174 175 176.2 177.1 178.4 180.3
134.2 128.2 122.2 114.6 110.3 107.1 102.8 93.4 84.5 80.3 75.9 81.1 85.1 87.6 90.3 93 94.9 97.5 100.4 101.9 104.5 107 110.9 115 118.9 123.3 128.1 133.6 139.1 143.5 147.3 150.5 153.4 156.1 158.9 162.4 166 168.4 167.3 161.4 151.9 133.8 108 89.1 71.7 55.7 53.2 49.7 39.7 39.2 43 44.2 45.7 47.7 51.7 62.4 81 98.6 111.9 128 139.6 150 150 145.7 144 147.9 151.7 156.6 161.4 164.5 166.2 168.2 169.9 171.2 172.2 173 174 175.2 176
