WholeMapElevations/data/nh/nh34_OST50GRID_20230518/NH34.asc
ncols 200
nrows 200
xllcorner 230000
yllcorner 840000
cellsize 50
[rows 0 to 34 of 200, columns 0 to 77 of 200]
489.8 498.9 506.4 521.8 538.2 555.4 567.4 577.9 586.8 601.4 615 632.2 632.8 624.3 611.7 597.8 582.4 571.5 564.3 551.5 542.4 532.8 533.3 536.9 542.9 553 559.3 565.2 562.5 561.8 558.9 554 543.7 531.9 522.3 507.9 497.3 488.4 481.2 474.3 473.9 468.6 468.1 462.4 463 469.4 471.7 473.3 476.7 486.1 484.7 484.7 487.6 485.8 482.1 482.3 475.5 465.6 455.3 443.2 439.2 434.3 423.8 430.4 426.4 428.4 427.1 429.3 434.6 438.8 440.7 444.3 441.1 440.6 439.5 442.3 444.3 445
493.1 494.8 503.8 517.9 537.4 553.9 566.7 576.4 584.4 592.3 603.5 620.1 620.9 613.8 605.2 591.8 574.6 565.2 558.5 545.5 536.7 531 531.8 534.8 545.6 557.5 561.8 561.8 559.9 558 555.6 547.8 543.3 525.6 517.2 502.7 493.3 488 477 471.3 467.9 461.6 463.7 460.8 461.8 462.2 468 467.5 472 480.7 485.5 490 486.7 486.3 484.1 484.1 479.3 467.3 452.3 446 436.1 428.7 423.4 422.5 422.5 422.3 421 422.4 426.9 430.6 433.2 434.2 432.9 431.5 433.8 437.6 440 443.5
488.7 497.2 508.8 520.7 537.3 553.7 566.5 575 580.4 586.7 595.8 607.2 610.7 603.2 594.2 586.3 572.1 568.2 563.9 549.2 537.6 530 530.8 537.8 545.2 556.7 561.2 568.8 566.6 561.7 555.5 549.5 537.2 524.4 510.6 502.3 491 482.5 475.4 475 469.1 458 458.9 460.1 456 454.5 456.4 460.7 466.5 475.1 481.3 485.3 486.2 487.6 487.6 485.1 481.6 464.8 451.9 444.4 431 423.1 421.2 412 416 415 414.1 415.8 417.8 420.6 423.3 424 424.2 425.8 427.5 433.1 435.7 441.9
493.5 504 513.4 523 537 553.3 562.5 569.2 573.2 580.1 587 590.5 599.5 595.6 598.1 586.7 568.6 570.5 564.1 545.4 533 529.4 530.4 536 542.4 556.2 563.4 573.9 572.9 569 559.2 550.3 538.3 534.2 531.8 516 497.8 479.8 477.9 475.6 466.8 460.6 447.9 448.3 447.6 449.9 449.6 451.4 461.4 468.2 474.2 479.7 482.9 486.2 485.5 480.9 472.8 458.3 448.9 441.3 425.4 417.9 414 410.8 403.9 406.6 405.8 408.2 411.6 414.8 417.8 417 419.4 423.5 425.5 432.8 437.7 443.5
503.1 513.4 519.6 524.6 541.1 553.8 562 565.4 567.9 574.8 576.8 581.2 586.8 591.7 595.4 586.5 570.4 566.2 559.3 540.4 526.1 527.9 533.6 536.3 541.9 552 562.5 576.6 579.1 575.4 562.5 551.6 544.6 544 536 517 494.5 483.8 480 472.7 462.8 450.8 445.6 443.8 444.9 444.8 446.7 448.4 460 466.7 471 476.8 480.6 483.3 483.5 477.8 468 455.3 445 435.5 422.3 412.7 408.1 408.5 408.5 399.2 397.2 401.5 405.1 400.5 412 412.7 416.4 419.5 422.6 425.1 432 440.3
509.3 520.8 528 535.6 544.7 553.3 558.2 560.9 563.3 571.5 569.9 573.1 580 584.6 590.2 581 565.2 552.7 548.3 535.5 522.7 530.1 536.7 536.6 540.7 550.6 562.8 576.1 583.3 576.5 566.8 559.3 556.4 556.6 540 523.9 503.3 494.7 485.1 476.5 466.1 454.2 446.6 441.8 441.5 441.5 445.2 444.8 452.2 459.3 466.7 474.4 479.6 479.4 479.4 472.2 462.5 450.3 440.6 433.4 419.7 411.3 405.6 403 405.8 402.3 394.3 393 398.8 399.9 404.9 408.5 413.1 416.5 419.4 420.3 424.7 431.6
519.4 526.7 534 542.5 548.7 553.1 554 556.2 559.4 561.4 561.7 566.1 571.3 576.8 578.9 570.5 555.8 548.1 541.6 529.1 521.3 527.9 532 537.2 541.8 549 560.8 573.5 579.1 574.2 566.4 557.9 557.5 553 537.1 525.1 517.2 500 486.6 479.6 469.7 456.1 449.1 441.5 441.5 441.5 442.7 444.1 445.5 452.8 459.6 471.6 476.3 480.3 479.7 478.7 468.3 462.4 448.3 439.8 421.6 418.2 408.7 398.1 398.2 397 394.1 381.4 384.3 393.4 399.1 403.3 405.9 410.2 411.7 414.4 416.6 422
525.5 538.2 548.2 554 559.7 560.5 560.3 557 558.7 559.8 559.5 562.7 569.4 573 570.2 559.4 547.3 542.1 535.9 521.6 514.8 525.7 527 537.4 539.1 543 557.2 568.8 573.8 570.2 568.6 555.7 556.7 552.5 544.4 531.4 520.5 505.9 490.4 479.4 465.8 458.7 453.1 444.6 441.5 441.5 441.5 445.7 445.4 451.8 457.8 469.2 476.7 480.4 480.5 481.9 476.3 473.2 460.7 447.2 430.5 426.4 414.7 396.9 391.4 386.9 388 384.9 368.4 382.3 389.6 395.6 397 403.6 402.9 407.6 409.1 412.1
543 554.3 563.5 569.5 572.6 570.4 564.6 562.1 560.8 560.3 558.8 554.6 564.4 570 566 555.9 544.3 533.2 522.7 514 512.5 520.2 522.2 529.8 532.8 541.8 552.3 565.2 569.8 561.8 560.8 556.6 567.6 564.8 549.4 536.7 522.4 507.9 495.4 481.7 468.5 458.1 451 444.2 441.5 441.5 441.5 447.6 450.4 453.7 458.7 467.7 477 480.7 484.7 485.3 485.9 481.8 476.3 458.2 436.2 430.3 419 399.8 385.8 380.6 376.9 377.8 371.1 370.5 376.8 386.4 389.4 393.1 396.2 396 397 405
559.9 568.4 572.5 574.4 575.7 573.3 568.6 568.5 572.6 569.2 560.6 551.1 556 560.8 560 554.4 543.2 530.7 518.8 507.9 503.4 512.6 515.4 524.9 528.1 536.3 545.1 559.5 562.9 554.5 549.4 551.3 556.4 553.4 539 521.1 515.8 506.4 493.1 481.1 468.5 457.1 450.9 442 441.5 441.5 441.5 443 450.5 457.5 464 471.7 480.8 486.4 490 492.7 492.9 492.2 487.4 475.9 445.6 433.5 422.4 406.6 386.7 377.4 365.3 366.3 360.8 360.9 367.6 374.6 374 382.6 384.6 381.9 384.9 387.8
578.3 583.9 584.8 578.7 575.2 571.2 570.6 574.8 578.6 584.2 578 557.6 545.6 552.7 549.5 542.9 534.9 524.8 512.9 500.3 497.5 504.9 509 522 524.5 531.2 541.3 550.1 552 546.3 541.1 539.3 547.5 538.3 533.7 518.8 507.9 500.3 489.3 478.9 474.3 462.3 451.7 447.1 441.5 441.5 441.4 445.6 452.9 460.1 468.4 475.4 483.9 490.2 495.8 498.8 500 497.7 494 486.3 459.2 439.5 424.9 406.8 385.7 375.5 364.2 355.9 354 351.5 355.1 361.6 364.7 367.8 366.2 368 369.4 376.3
585.7 589.7 590 586.6 579.4 572.1 571.3 575.8 581.2 586.8 582.1 565.5 545.5 538.8 543.3 537.5 529.5 520 509.4 496.1 491.3 498.1 505 516.4 518.9 523.8 533.2 538 536.9 537.5 533.7 529.5 531.8 528.9 532.9 515.8 500.2 492.5 485.5 479.3 473 464.3 454.1 444.8 442.9 442.3 444.6 449.4 456.7 464.2 471 476.3 484.1 490.9 496.9 499.9 501.2 498.7 492.6 485.7 466.8 458.3 436.8 412.4 389.6 374.3 361.2 351.9 343.9 336.3 338.7 344.9 349.4 355.1 351 354.6 356 360.7
591.1 595.7 593.7 590.2 580.4 575 577 579.5 579.6 577.4 571.5 556.9 544.2 533.2 534.9 531.7 523.6 514.1 503.7 493 487.2 494 504.2 512.5 513 516.9 525.3 525.1 526.1 527.5 526.8 526.3 532 523.5 521.4 506 499.8 494.5 488.4 481.6 475.9 467.8 455.2 446.2 445.1 440.6 442.9 447.7 455.3 462.9 469.2 475 480.7 487 492.5 496.8 499 497.5 491.9 485.7 480.9 470.3 447 419.5 392.1 376.5 362.1 347.1 336.5 328.7 324.3 327.9 328.6 334.8 337 340.6 340.4 341.3
585.5 592 591.6 585.9 581.1 580.8 582.2 580.7 578.4 573.8 563.6 544.3 539.4 531.6 521.9 521.5 512.4 504.9 498.4 489.8 481.2 490.9 500.4 506.9 506.8 510.4 516.4 514 519 522.6 520.3 520.9 522.7 519.7 511.8 502.5 498 494.9 490.1 487.4 481.7 470.8 457.3 453.4 445.7 437.7 441.6 446.6 451.6 459.3 464.4 471 475.9 482.4 486.2 492.5 496.5 500.1 494.3 488.1 484.2 474.5 457.3 429.6 402.9 378.2 360.2 344.5 332.2 322.4 316 314.6 314.4 315.3 318.3 323.2 323.3 323.1
581.2 586.7 582.7 574.5 577.7 583.9 584.3 580.9 572.6 567.3 555.2 536.6 534.8 528.7 517.4 509.6 501.9 492.7 488.8 483.8 477.1 488.6 499.2 503.2 503.4 505.3 506 508 511.1 515.3 511.4 515.9 515.4 515.7 508.7 505.3 509.1 504.8 493.2 488.3 482.3 475.6 465.1 462.4 450.6 438 434.3 438.9 444.8 451.4 455 461.5 469.1 476.7 481.8 485.3 490 493.8 491.2 484.9 480.8 469.4 458.7 432.1 403.3 377.9 358.3 342.4 328.6 321 309.6 303.9 301.6 302.7 303.2 303.2 307 309.9
573.4 575.2 570.9 571 579.8 589 589.5 580.7 565.1 552.3 535.1 529.1 534.5 526.8 513.7 503.6 492.8 485.3 480.6 476 469.9 482 493.7 497.5 498.8 502.3 502.9 498.5 504.8 505.5 506.4 510.8 514.3 511.9 512.6 514 517.7 514.1 501.6 492 483.3 474.9 474 467.4 457.4 441.8 432.6 428.2 432.9 441.1 445 451.5 460.6 468.7 473.8 478.7 483.4 484.7 484.3 480.7 480.7 469.9 458.3 434.7 405.7 378.8 357.4 340.6 326.2 319.3 309.3 300.8 296.6 292 289.8 288.4 290.9 295.3
565.2 564.6 565.7 575.4 585.5 594.3 592.6 583.2 571.7 548.7 523.9 520.6 531.9 533.5 526.9 511.1 495.3 484.3 473.8 469.1 461.5 475 489.5 490.5 493.5 498.4 495.3 491.2 495.6 496.2 498.9 502.5 504.7 502.4 502.8 509.3 512.9 506.2 496.8 487.8 480.3 478.3 479.3 470.2 454.4 442.4 435.2 430.6 419.9 431.9 435.4 444.1 452.7 461.2 468.2 472 475.5 478 482.6 483.4 479.9 472.3 464.1 435.1 404.2 379.9 361.2 346.2 329.9 322.9 309.4 300.2 289.9 287.7 282.1 279.8 278 278.5
553.3 555.9 562.4 571.9 579.6 583.3 580.4 574.3 564.7 540.3 518.7 510.7 517.7 527.3 525.5 511.4 494.2 482.9 472.6 464 454.5 466.8 477.6 483.8 486.9 492.2 487.5 484.3 488.1 489.2 491.2 495.6 496 492.2 495.7 505.7 506.7 500.8 494.5 485.4 480.5 478.2 474 466.3 448.7 435.7 428.9 425.1 418.3 422.8 429.9 436.8 446 454.5 462 468.1 469.5 471.2 479 480.2 476.9 470.3 461.8 434.6 404.6 382.7 361 342.6 322.6 311.1 306 295.9 288.9 283.8 279.3 274.8 272.5 270.6
539.9 543.7 550.6 560.2 566.7 569.6 563.2 561.2 546.5 520.9 510.7 504.7 503.7 518.7 518.9 506.1 485.9 476.8 465.9 457.6 448.3 460.6 471.6 476.2 479.8 481.6 478.3 477.5 483.9 484.4 486.4 488.4 491.3 485 490 498.5 504.4 504.4 500.8 491.7 485.5 480.4 473.1 466 450.1 434.4 419.8 416 414.3 412.6 420.4 426.4 438.2 447.1 453.7 460.4 462.7 463.3 470.5 474.1 467.9 469.1 464.3 430.6 402.9 387.3 363 338.4 308.4 298.7 294.3 289.3 287.2 281.5 276.9 273.5 268.4 268.9
518.5 525.2 532.3 541.9 549.1 549.6 546.3 537.6 514.1 502 499.8 497.4 490.8 493.1 491.7 483.3 471.5 463.3 454 444.1 443.9 455.8 465.9 468.2 470 469.8 470.2 474.7 479.7 481 483.1 482.1 482.3 476.5 483.5 492.6 499 498.7 491.5 490.2 489 479.8 471.4 464.2 452.7 437 416.4 405.4 402.9 400.9 408.9 417.4 429.3 437.9 445.8 451.2 455.7 456.8 464.1 467.4 456.6 461.7 461.4 440 414 377.7 353.1 328.2 298.5 290.3 287.8 287.7 284.5 278.5 269 268.9 265.2 260.9
494.5 502.6 514.1 524.2 526.4 524.8 521.7 507.8 490.6 484.3 487.4 483.9 479.9 471.7 467.1 457.7 451 445.5 436.5 431.1 442.2 449.1 460.2 463.4 463.3 463.6 462.9 468.5 473.7 475.8 476.7 472.5 468.5 463.8 473.5 484.9 492.4 487 485.3 487.8 485.3 477.5 467.3 463 453.7 438.1 416.9 402.3 392.1 390.4 396.3 406.1 418 428 436.7 444.4 449.3 449.6 457.1 458.4 447.5 459.8 454.5 441.7 402.7 363.3 340.4 313.9 294.4 285.3 281.6 281.8 278.2 272.5 266.5 264.7 260.7 257.6
475.6 481.1 488.3 495.4 496.5 494.5 495.1 478.5 470.3 470.9 473.2 473.3 467.1 461.1 452.7 442 435.8 428.1 418 406 434.4 440.9 451.6 456 455.6 454 453.6 461.1 462.6 467.4 464.4 460.8 454.4 449.7 464.1 474.3 477.6 474.5 476.8 476.5 473.9 465.7 457 448 443.2 431.6 411.5 395.9 386.9 381.4 381.9 391.1 405.3 415.6 425 433.9 439.8 440.2 445.8 450 433 444.8 443.4 432.3 378.5 348.3 325.5 307.7 291.9 284.5 275.6 273.7 271.5 266.6 262.9 260.9 258.7 251.9
461.9 467.2 472.7 468 466 462.3 459.9 454.2 450.1 451.8 451.8 455.8 447.6 445.1 435.3 417.6 415.9 409.1 401.9 401.6 422.4 426.2 431.2 436.6 444.6 446.2 439.1 442.5 449.2 448.7 446.5 449.1 439.9 436.5 450.7 456.3 459.9 464.9 462.9 462.7 458.2 453.4 445.6 434 434.5 423.2 403.6 389.3 376.6 373.1 371.9 378.7 394.8 405.7 411.3 420.7 426.9 425.1 435.2 439.6 414.9 423.6 414.3 406.2 358 333.6 308.7 295.4 285.7 277.7 271 266.5 265.1 263.6 259.9 257.9 258.6 252.5
448.1 455.1 456.3 447.7 440.5 438.3 431.9 429.5 425.6 425.6 426.3 426.1 424.3 420.8 411.1 402 394.4 396.4 379.4 397.1 405.9 410.3 414.4 416.6 427.7 426.2 423.2 427 429.8 431.9 428.1 426.7 421.5 418.8 436.4 439 439.5 443 442.5 445.7 442.3 442.5 430.5 417.4 408.9 401.7 388.4 376.8 371.1 364.6 359.1 366.7 379.8 388.8 391 404.8 407.6 402.7 417.7 421.4 390.3 397.7 386.2 376.9 340.6 327.6 304.2 289.9 276.5 271.4 265.7 261.6 261.1 257 254.3 251.6 248.8 248.2
443 446.7 440.6 432.7 423.7 418.1 413.1 410.2 408.5 402.7 400.3 397.5 395.5 390.1 389.3 378.3 370.7 376 348.8 374.3 382.2 390.4 394.3 395.3 403.1 398.4 402.5 416.5 412.5 421 405.5 401.9 396.6 400.1 417.4 418.8 417.8 424.6 424.6 430.5 429.9 423.8 417 403 392.7 380.7 372.2 365.6 359.5 357.6 332.7 344.1 360.1 366.2 369.7 377.9 380.1 375 386.8 391.2 366 372.6 363.7 359.9 327.4 315.8 298.7 285.7 273.8 266.9 264.1 257 248.2 248.2 248.2 248.2 248.2 248.2
422.3 413.4 417.4 413.5 415.4 405.4 397.9 396.6 388.3 380.7 383.1 380.3 379.7 376.7 369 354 350.8 351.6 330.2 352.3 354.2 367 367.9 368 376.9 373 378 385.8 387.4 395.1 383.2 379.7 374.8 380.5 397.5 398.7 396.3 402.5 402.7 412.2 411.3 405.3 393.7 384.2 378.8 367.9 356 349.8 347.3 345.6 330.6 323.3 339.5 349 355.2 356.4 357.2 349.5 356.5 359.1 340.6 349.7 335.7 331.7 313.3 306.1 292.5 281.2 269.3 264.2 257.6 248.2 248.2 248.2 248.2 248.2 248.2 248.2
387 380.9 385.5 388.4 394.4 379.3 379.7 374.9 368.1 367.7 367.2 363.6 356.1 350.3 337.8 332.2 331.4 328.9 325.8 325.8 326.9 339.7 341.4 341.6 344.1 344 350.2 357.3 356.5 356.3 355.2 350.6 350.7 352.4 368.8 369.3 365.9 380.4 377.2 384.4 392.9 387.5 371.5 370.3 358.7 352.5 345.3 339.1 337.1 334 321.7 307.3 327.3 329.6 337 340.4 344.6 334.8 332.1 324.3 323 325.7 318.9 304.8 298.4 296.6 288.6 278.3 264.8 260.3 248.2 248.2 248.2 248.2 248.2 248.2 248.2 248.2
349.3 351.8 358.2 364.9 359.1 356.7 357 354.4 352.6 347.6 347.2 342.3 335.4 327.9 310.6 310.1 313.5 307.3 304.9 298.7 303.4 307 312 315.3 314.4 310.9 315.9 326.9 328.9 331.3 328 321.8 322 327.8 337.9 336.4 336.9 349.6 348.4 355.8 354.3 349.7 348.3 349.4 342.2 338.8 330.7 321.6 322.3 317 305.8 290.9 311.3 315 317.9 322.6 325.2 317.2 315.5 302.7 304.8 304.3 300.5 287.5 285.9 288.2 280.3 275 260.6 248.2 248.2 248.2 248.2 248.2 248.2 248.2 248.2 248.2
323.6 325.8 328.3 331.5 329.8 334.5 333.7 337 334.8 331.4 330.4 326.7 315.3 299.5 295 296 296.1 292.1 285.7 283.1 284.3 286.9 294 294.6 290.8 288.3 290.9 297.1 308.1 302.7 299 290.8 296.5 306.1 306.7 307.4 310.7 319.7 320.1 332.5 328.7 329 329.6 321.7 325.2 319.5 318.3 304.1 296.2 292.2 288.4 279.2 297.6 301 303.4 306.3 310.1 301.6 295.9 286.9 284.6 281.1 282.8 271 274.5 271.2 266.8 261.2 257.3 248.2 248.2 248.2 248.2 248.2 248.2 248.2 248.2 248.2
308.4 306.4 307.9 310.2 308 312 310.2 313.4 308.5 310.2 309.4 304.6 295.2 280.7 277.6 279.1 276.3 274.3 276.6 275.6 270.6 266.5 269.5 276.1 278.2 271.1 270.6 275.9 287.9 283.4 277.3 278 277 276.5 283.2 280 282.8 289.6 296.3 301.8 302 305.4 304 300.8 293.2 290.8 289.6 280.1 280.4 279.6 273 269.9 279.3 282.7 283.5 287.4 290.5 282.1 279.7 272.2 266.4 264.3 257.7 254.5 250.7 248.2 258.8 249.3 248.2 248.2 248.2 248.2 248.2 248.2 248.2 248.2 248.2 248.2
310.3 306.2 302.8 300.6 294.9 280.6 289.3 291.4 287.2 284.2 281.4 277 272.2 267.7 267 265.5 265.5 266.9 268 268.7 267.5 265.3 263.1 262.4 263.2 262 260.4 260.5 259.5 261.1 260.6 260.1 260.4 260.9 260.3 260.3 260.2 262.6 268.3 275 283.7 284 282.2 277.3 273.1 273.6 269.9 263.5 264.2 264.8 261.4 263.7 262.3 261.9 265.3 265.4 267.9 263.5 259.7 248.2 248.2 248.2 248.2 248.2 248.2 248.2 248.2 248.2 248.2 248.2 248.2 248.2 248.2 248.2 248.2 248.2 248.2 253.3
333.9 332.3 322.9 313.9 308.4 300.7 295.5 292.1 284.5 282.8 279.5 272.6 268.9 267.7 266.4 264.9 264.4 264.2 265.1 264.2 263.6 262.8 261.3 261.3 260.8 261.9 260.9 261.4 261.5 260.9 261 261 260.7 260.4 259.8 259.9 259 258.9 258.6 258.1 262.5 262.2 261.7 262.2 259.8 258.7 258.2 258.6 258.3 257.9 258.4 260 259.3 257.3 255.5 252.9 248.2 248.2 248.2 248.2 248.2 248.2 248.2 248.2 248.2 248.2 248.2 248.2 248.2 248.2 248.2 248.2 248.2 248.2 248.2 248.2 259.8 265.6
353.9 346.9 340.3 329.4 318.4 306 296.4 291.3 285.8 282.9 276.2 270.1 267.7 266.9 265.5 265.4 264.1 263.9 262.9 262.1 262.3 262.1 269.7 269.5 266.2 262.7 261.8 265 264 261.8 263.6 261 260.8 260.5 260 259.9 260.1 259.8 259.5 258.2 258.9 257.9 259.1 258.1 257.6 257.4 257.5 257.5 257.9 257.6 257.2 256.5 256.4 255 251.1 251.4 248.2 248.2 248.2 248.2 248.2 248.2 248.2 248.2 248.2 248.2 248.2 248.2 248.2 248.2 248.2 248.2 248.2 248.2 248.2 250.9 266.8 275.3
355.5 347.3 337.8 324 314.7 304.7 294.8 286.7 283.1 281.4 273 268.7 266.8 266.1 266 265.7 263.5 262.6 264.9 266.6 267.1 279.3 282.2 278.8 274.4 268 267.5 269.4 272.2 262.6 264.1 261.9 260.8 260.1 265.8 267.3 264.7 259.6 259.1 258.6 258.4 260.5 264.3 262.2 258.2 258.1 258.2 257.4 258 257.5 256.9 256.4 257.8 252.1 248.2 248.2 248.2 248.2 248.2 248.2 248.2 248.2 248.2 248.2 248.2 248.2 248.2 248.2 248.2 248.2 248.2 248.2 248.2 248.2 260.9 266.7 275.1 281.5
355.4 346.2 336 319.3 313.2 300.7 291.1 284 278.9 272.3 268.1 269.3 266.8 266.2 265.8 264.7 263 267.9 273.6 273.8 281.5 293.1 294.9 290.7 286.1 279.2 279.1 273.6 275.4 263.2 261.8 262.1 263.2 270.7 275.4 283.7 275.8 273.2 267.5 264.7 267.3 267.2 267 264.9 266.5 259.1 257.8 256.8 258.6 258 256.3 257.2 257.8 253.2 248.2 248.2 248.2 248.2 248.2 248.2 248.2 248.2 250.7 248.2 248.9 253.6 259.4 250.4 248.2 249.6 257.9 259.4 261.5 258.1 267.1 275.8 283.8 289.7
