WholeMapElevations/data/sn/sn61_OST50GRID_20230518/SN61.asc
ncols 200
nrows 200
xllcorner 260000
yllcorner 210000
cellsize 50
[rows 140 to 174 of 200, columns 0 to 79 of 200]
111.3 107.6 104.5 101.7 99 96.6 94.1 92.2 90.9 90.4 90.1 90.5 90.9 87.6 85.6 83.9 81.9 80.3 80.6 81.2 80.7 80.1 79.3 77.5 74.4 71.1 67.4 63.8 60.8 60.3 59.9 60.5 61.6 63.1 66.3 67.8 65.7 61.9 57.5 53.4 49.5 44.6 43.1 40.4 34.1 36.3 36.2 36.5 37.7 39.1 39.4 38.8 39.1 39.3 39.6 40.6 44.5 53.2 59.1 63 64.2 63.4 60.3 55.8 55.9 56.4 57.1 58.6 60.7 61.3 62 65.7 69.1 72.1 73.7 72.5 70.9 69.5 69.3 72.8
107.7 105 103.1 102 98.1 96.3 94.7 93 91.1 90.4 89.5 90.2 89.8 86 84.3 82.6 80.7 79.2 79.4 80.1 80.5 79.7 78.8 76.9 74.1 70.9 67.1 63.1 60.7 60.7 60.7 61.5 62.8 66.9 69.7 68.5 65 60.8 56.2 52.4 48.6 45.9 43 39.9 39.2 34 35.5 35.8 37.6 38.5 38.2 37.3 38 38.7 39.4 42.8 47.6 55.4 62.5 66.5 67.4 66 61.1 55.8 56.1 56.5 57 58.5 58.2 58 59.3 63.4 66.4 69 69.1 69.2 68.6 68.2 70.9 73.1
105.3 103.5 102 101.1 99 98 95.9 93.8 91.2 89.8 88.9 89.7 88.6 84.4 83.1 81.4 79.8 78.6 79.1 79.8 80.2 79.4 78.4 76.4 73.7 70.7 66.5 62.3 59.9 59.8 59.9 61.9 66.9 69.7 70.6 67.4 62.3 58.2 54.1 50.5 48.1 44.8 39.5 38.7 38.5 34.4 34.6 34.9 36.8 36.8 36.6 36.5 37.1 37.7 39 42.7 51.1 58.7 65 68.1 68.7 65.8 60.7 55.8 56.2 56.5 56.7 58.3 56.8 55.9 57.6 61.2 63.5 64.4 65.6 66.7 67 68.1 72.2 73.2
106.1 104.5 103 101.4 100.5 97.9 95.5 93.1 91.1 89.5 88.1 88.6 86.3 83.5 82 80.5 78.9 78.2 78.8 79.5 79.9 79.1 77.4 75.6 73.2 69.7 65.6 61.4 59 58.9 59.6 64.4 68.6 70.5 68.9 64.4 59.5 54.7 51 48.2 46.4 42.3 38.8 37.2 34 34 32.8 34.4 34.9 35.4 35.4 36 36.5 37.6 38.6 44.9 51.8 58.9 63 66.2 66.2 63.6 58.8 55.7 55.9 56.1 56.3 55.7 54.9 54.8 56.2 58.9 60.6 62.5 64.3 65.2 68.5 69.9 71.6 71.8
106.4 104.6 103.2 100.5 97.8 100.3 95 93.1 91 89.3 87.8 86.2 84.5 82.6 81.1 79.7 78.1 78 78.5 79.2 79.5 78.1 76.3 74.4 72 68.6 64.7 60.9 58.4 58.7 59.8 64.7 68.6 68.8 65.7 60.3 54.3 48.6 45.5 43 40.8 36.6 35.5 34.8 33.6 33.6 32.3 34 34.3 34.5 35.1 35.7 36.6 37.4 39.1 44.6 48.8 55.3 60.6 62 63 60.4 56.2 55.1 55.7 55.8 55.9 54.7 53.5 53.7 55.1 57.6 59.4 61.5 62.6 66.8 68.3 69 69.6 69.2
106.6 104.7 102.5 100.5 98.2 96.3 94.9 93.1 91 89.1 87.7 85.9 83.9 82.1 80.3 78.8 77.6 77.7 78.1 79.3 78.5 77.1 75.1 73.1 70.4 67 63.4 60.4 58.6 58.4 60.6 64.6 67.2 65.3 61.7 55.3 47.9 45 43.2 43.7 42.8 37.9 34.4 33.4 33.3 33.4 31.6 33.6 34.3 34.5 35.1 35.9 36.8 37.7 39.7 41.7 43.9 49.6 53.9 56 56.8 54.9 52.2 52.4 54.1 54.5 54.5 53.5 52 53.3 55.8 57.5 58.7 60.3 63.8 65.7 65.5 64.6 65.6 65.5
106.4 104.5 101.8 99.7 98 96.2 95.7 93.5 91.3 89.5 88.1 85.7 83.6 81.7 79.7 78.3 77.5 77.5 78.4 79.5 77.8 76.2 74.1 71.9 69.1 65.8 61.6 59.4 58.5 59 61.2 62.2 62.8 60.8 54.6 48.6 44.8 48.8 50.3 49 46.3 41.1 33.9 33 32.9 32.9 31.6 33.4 33.7 34.3 35.6 36.4 37.3 38.1 38.8 40.1 41.2 45.1 48.8 50.8 49.5 48.8 47.5 49.1 51 51.6 51.4 50.6 51.2 53.2 55.2 56.5 57.8 58.9 61.5 62 60.9 59.9 60.3 61.5
105 104 101.7 99.9 98.4 96.9 95.3 93.6 91.8 90.3 88.3 87 84.6 81.6 79.3 78.2 77.4 78 79 78.9 77.2 75.2 73 70.5 67.5 63.5 60.4 59.4 58.9 59.6 60.3 59.2 57.8 55.5 48 48.8 53.2 53.9 52.9 51.3 47.4 41.6 34.5 32.5 32.4 32.3 32.5 32.8 33.1 35.1 36.2 37 37.8 38.6 39.2 39.8 40.3 41.4 44 45.6 45.8 45.5 45.7 46.7 48.1 48.8 48.9 49.5 50.6 52.3 53.9 55.3 56.2 56.9 58.3 57.4 56.3 55.7 53.1 54.8
101.8 102.1 101.3 99.7 97.6 95.6 93.9 92.5 91.8 91.3 90.9 88.6 85.8 82.2 79.1 77.8 77.3 78.6 79.2 78.2 76.1 74 71.5 69 65.6 61.3 59.7 59.2 58.8 59.2 59.3 57.1 53.4 50.8 48.7 53.4 55.7 56 53.1 50.2 47.5 41.7 34.4 32 31.9 31.7 32.1 32.4 33.4 35.8 36.9 37.6 38.4 39 37.5 37.9 38.2 40.1 41 42.7 43.5 44.9 45.3 46.2 47.2 48 48.8 49.6 50.2 51.4 52.7 53.5 54.2 55 54.7 52.6 45.6 42.4 43.2 48.8
102.2 101.8 101.7 99.6 96.8 94 92.8 93 93.4 93.2 91.5 88.7 85.7 82.6 79.1 77.5 77 77.8 78.5 76.8 74 72.1 69.9 67.3 63.4 59.9 58.8 58.1 57.6 58.2 56.3 54.4 51.1 48.1 50.9 54.8 56.6 56.1 52.9 49 44.5 39.4 32.7 31.7 31.6 31.4 31.6 32.1 34.6 36.7 37.5 38.1 38.1 37.8 35.9 35.2 35.9 37.3 39.9 42.1 43.6 44.6 44.9 45.9 46.9 47.9 48.6 49.1 49.7 51 52.1 52.9 53.1 52.9 45.3 41.7 48.7 51 54.5 49.1
100.9 101.4 101.4 99.4 95.8 93 92.3 93.4 95 94.1 91.1 88.2 85.6 83.1 80.3 77.7 77 78 77.6 74.4 71.2 69.2 66.7 65 61.4 58.9 57.5 56.7 56 54.8 53.2 52.1 49.8 49.9 53.4 56.3 56.6 54.6 50.6 46.1 41.5 36.8 32.8 31.7 31.5 30.8 31.4 32.7 35.4 36.2 36.9 37.4 37 35.7 34.5 34.7 35.4 38 41.8 43.2 44.1 44.4 44.6 45.5 46.4 47.4 47.7 48.5 49.2 50.6 50 50.5 50.3 44.3 41.4 49.8 51.3 57.9 54 48.9
100.5 100.4 99.8 98.3 95.2 92.3 92.1 93.9 95.8 93.7 90.7 87.6 85.4 82.7 80.5 78.1 76 76.5 75.7 72.2 69.4 67.3 66.5 65.8 63.9 61.1 60.2 59.5 59.5 55 54.1 53.1 51.5 52 55.5 57.3 56.3 53.5 49.3 44.6 40 37 35.1 32.2 31.3 30.5 29.9 32.8 34.9 34.6 34.5 33.4 33.6 34 34.3 34.6 35 39 41.7 42.8 44.2 44.9 44.5 45 45.9 46.5 46.8 47.2 47.3 47.2 46.6 43.1 43.5 48 40.7 52.1 47.3 47.1 50.6 50.4
101.4 99.2 97.7 96.2 93.1 91.7 93.3 95.7 95.6 92.5 89.2 87 85 83.4 82 81.2 82.8 81.3 80.4 77.6 73.2 69 67.5 66.5 67.1 67 67.6 67.9 67 59.2 58.4 56.6 54.4 54.3 57.1 57.2 55.6 53 48.7 43.8 39.1 35.9 34.4 32.2 30.7 29.4 29.6 32.2 32.4 32.7 32.4 32.9 33.4 34 34.3 34.6 35 37.1 39.3 41.5 43.1 44.3 44.1 45.1 45.6 41.3 44.6 43.1 43.2 41.9 42.7 44.3 43.1 43.6 40.1 46.8 47.5 47.6 52.8 53.9
103.1 100.7 97.3 94.8 92.9 91.6 93.9 96.1 94.8 91.6 88.2 86 83.8 81.8 80.6 78.1 77.5 82.3 84.6 83.9 82.6 80.3 77.5 73 70.4 68.5 67.5 67.5 66 62.4 61.8 58.6 55.9 55.4 56.8 56 54.4 52.4 48.2 43.3 38.2 33.8 33 32 30.6 28.7 30.1 31.4 32.1 31.9 32.4 32.9 33.3 33.9 34.4 34.6 35.1 35.8 36.7 37.2 37.8 39.2 40.3 40.6 40.7 40.7 41.2 40.5 41.4 39.8 41.4 41.5 43.3 43 39.5 45.8 46.9 50.1 52.3 54.1
104.5 102.2 98.8 95.3 92.7 91 94 94.8 93.4 90.2 86.6 83.7 81.5 79.3 77.6 75.1 75.6 79.1 81.3 81.7 81.3 80.5 78.3 75.9 73.7 71.4 69.4 67.5 67 67.9 63.8 59.8 55.9 54.8 54.3 54.1 53.5 51.9 48.1 42.9 37.4 32.6 31.9 30.8 29.7 28.6 29.9 31.3 31.5 31.8 32.4 32.9 33.4 33.7 34.3 34.7 35.2 35.5 36.4 36.7 37.3 38.5 39.3 39.8 39.8 39.6 39.3 40.1 40.8 41 40.1 40.9 40.5 38.4 48.9 50.4 51.8 52.7 53.4 55.7
104.9 102.8 100.3 96.6 92.5 90.5 92.4 92.4 91.3 88.4 84.6 81.3 78.6 77.2 80.3 79.3 76.9 75.3 77.1 77.9 80.3 80.5 78.4 76.6 74.3 72.4 70.5 69 69 67.5 63.6 59.4 55.2 53.6 53.5 53.9 53.4 50.9 47.2 42.5 37 32.4 30.6 29.4 28.3 28.9 29.8 31.1 31.4 31.9 32.4 32.9 33.5 33.8 34.1 34.7 35.2 35.2 35.9 36.2 36.7 37.8 38.5 39.2 38 38.4 38.7 39.2 39.7 40.3 40 38.3 41 48.3 50.6 51 52.2 53.1 54.6 58.1
104.5 103.2 100.3 96 93 89.4 89 89.9 88 84.1 80.4 80.6 82.4 83.9 83.9 82.3 80.1 77 75.4 76.8 79.6 80.2 78.3 75.6 74.1 71.7 68.9 67.2 65.3 64.2 60 56.8 53.8 52.2 52.8 53.2 52.5 49.9 45.5 41 36.6 32 29.8 28.3 28.4 29.4 30 30.9 31.3 31.9 32.4 33 33.5 34.1 34.2 34.6 34.9 35 35.4 35.7 36.2 36.9 36.9 37.1 37.4 37.7 38.1 38.4 38.8 39.3 37.8 40.4 47.9 50.1 50.8 51.4 52.2 54.8 58.9 61.5
106 103.8 100.5 96.9 92.9 89.2 84.9 84.9 83.4 84.3 85.3 86.1 86.3 85.4 84.3 82.3 80.9 78.8 76.1 77.2 78.8 78.9 76.6 74 71.7 69.3 66.2 63.5 61.3 57.6 55.3 52.7 50.9 49.4 51.1 51.4 50.8 48.2 43.7 39.3 34.9 31.2 28.9 27.6 28.3 29.2 29.8 30.8 31.2 31.8 32.4 33 33.5 34.1 34.6 34.6 34.5 34.6 35 35.3 35.6 35.9 35.9 36.6 37.4 37.7 37.4 37.3 37 37.8 40 48.3 49.4 50.1 50.6 51.4 55.4 60.4 63.4 64.2
105.5 102.5 99.4 96.4 93 89.8 87.9 88.2 88 87 87 87.6 87.1 85.6 84 81.8 80.2 78.3 77.3 78.2 78.1 77.1 75.1 72.5 69.5 66.3 63.3 60.7 58.1 54.7 51.7 49.9 48.7 47.6 47.9 48 49.5 47 42 37.4 32.5 29.6 27.3 27.7 28.2 28.8 29.6 30.8 30.9 31.3 31.9 32.5 33.1 33.7 34.3 34 34 34.2 34.6 35 35.3 35.2 34.9 36.3 36.9 35.2 37.2 38.3 38.5 40.4 47.7 48.8 49.4 49.9 50.4 53.3 58.4 63.4 65.4 65.8
104.4 101.3 98.3 95.8 93 89.6 88.6 89.3 89.8 89.2 89.2 89.4 88.5 86.5 84 81.3 79.3 77.5 77.6 78.8 78.8 76.8 74.1 71.5 68.3 64.5 60.8 57.9 55.4 52.9 50.2 48.5 46.8 45.6 46.6 42.1 41.9 40.5 38.6 33.9 30 27.5 27.1 27.6 28.2 28.8 29.3 30.6 30.8 30.9 31.3 31.9 32.7 33.4 33.8 33.5 33.6 33.8 34.2 34.7 34.9 34.2 33.8 33.2 35.8 37.3 37.2 38 45.2 46.6 48.1 48.6 49 49.6 51.4 57 61.7 64.5 64.3 64.7
103.2 100.4 98 95.6 91.8 88.2 88.7 90.4 91.1 91.4 91.4 90.3 88.9 86.7 84.1 81.3 78.9 76.8 78.5 79.2 78.9 76.4 73.4 70.4 67 63.6 59.9 56.3 53.9 51.3 49.6 48.8 48.3 48.7 49.5 48.7 45.4 39.7 34.5 29.3 26.7 27 27.5 27.9 28.4 28.8 28.9 30.5 30.5 30.7 31.3 32.3 33.3 33.8 33.7 33.2 33.1 33.4 33.8 34.1 34.2 34.2 30.3 35.5 36.5 36.8 39.4 44.7 46.1 47.3 47.8 48.2 48.6 49.7 56.3 60.3 62.5 63.1 62.4 64.5
102.5 99.7 97.2 94.7 91.3 87.5 89.3 92 92.8 93.3 91.5 90.6 89.1 86.7 84 81.2 78.8 77.9 78.9 79.4 77.9 75.1 72.2 69.4 65.9 62.3 59 55.8 53 51.1 50.2 50.2 50.2 50.5 51.3 51.2 48.7 45.4 41.4 31.4 26.6 27.6 27.9 28.3 28.8 28.8 28.4 29.9 30.2 31 31.3 35.1 33.5 32.9 32.3 32.2 32.5 32.8 32.8 32.9 32.8 32 34.7 35.3 35.5 40.6 43.8 45.5 46.4 47.2 47.5 47.9 48.6 53.1 58.2 61.5 60.8 59.8 63 68.2
102.4 99 96.1 92.9 89.6 88.6 91.3 93.5 94.6 94.6 92.3 90.5 89.2 86.7 83.9 81.1 79.1 78.6 79.4 78.6 76.7 73.8 71 67.8 64.1 60.9 57.9 55.1 52.6 51.7 51.7 52.7 52.2 52.3 53.4 52.6 50.4 46.6 41.9 33.2 27.2 28.1 28.3 28.6 28.5 28.7 28.4 29.3 30 35.3 36.8 36.5 32.5 31.6 31.5 31.7 32 32.3 32.4 32.4 32.3 28.4 34.2 34.7 41.6 42.5 44.3 45.6 46.3 47 47.4 48.1 48.7 54.2 58.3 58 57.9 60.9 65.5 68.7
102.2 98.8 94.8 90.8 88.7 89 92.6 95.1 95.1 94.3 92.5 90.3 89.6 86.7 83.9 81.1 78.6 79.1 79 77.3 75.5 72.6 69.4 66.3 62.7 59.7 57.7 55.9 53.8 53.7 53.6 54.2 54 53.5 53.3 52.6 50.3 46.3 42.2 35.4 26.3 27.6 28.3 28.3 28.3 28.2 28.7 30.1 31.1 36.1 36.6 34.8 31.2 31 31 31.1 31.5 31.8 31.7 32.6 30.1 33 33.7 33.8 42.3 42.5 44.4 45.7 46 46.1 47.2 48 49.3 53 55.9 56.7 59.7 61.3 64.3 65.3
101.7 98.1 93.4 89 87.8 90.1 92.9 94 93.5 91.8 90.3 89.6 89.1 86.8 84 81.3 79.4 79.2 78.9 76.9 74.2 71 67.8 64.5 62 60.3 59.9 57.6 55.6 55.8 55.5 54.7 54.4 53.6 49.7 49.9 48.4 45.1 41.9 38.8 32.2 24.2 27.4 27.8 28.5 29 28.8 33.1 35.1 36.2 36.4 35 30.3 30.3 30.4 30.7 31.1 31.3 30.7 30.8 31 32.4 33.3 41 41.9 42.5 43.9 44.5 44.1 45.1 46.2 47.9 48.9 51.5 53 55.2 57.1 58.1 59.4 61.3
101.2 97.2 92.6 87.2 87.2 90 91.7 91.9 90.4 88.9 87.3 87.2 86.7 85 82.5 80.9 80.3 79.7 78.2 75.8 72.2 68.4 65.4 62.3 60.7 59.9 60.2 58.6 57.2 57.1 55.6 54.4 50.7 46.8 47.2 46.5 44.8 43 40.9 37.2 33.5 30.8 27 23.8 26.6 27 29.6 34.3 34.9 35.5 35.9 34.5 29.5 29.7 29.9 30.3 30.7 30.9 30.4 28 31.2 31.8 32.2 38.4 40.6 43.6 41.9 42.1 43.4 44.4 45.7 47.3 48.1 48.4 50.3 52 54 55.3 57.7 58.2
100.1 96.5 91.3 85.8 86.9 89 90 88.9 86.9 85.3 83.8 83.9 84.1 82 80 80.2 80.4 79.8 77.2 73.9 70.2 66.4 61.9 59.2 59.2 60.1 60.9 59.5 58.3 56.7 55.5 52.3 46.8 46.4 45.2 42.7 38.8 38.2 32.7 33.2 32 30 26.3 25.3 25.4 26.4 31.4 33.7 34.3 34.8 34.9 29.9 28.8 29.2 29.5 29.9 30.5 30.8 29.4 29.7 30.9 32.1 38.2 39.6 40.4 39.8 41.3 43.5 44.8 45.6 47.4 52.4 56.6 58.2 57 57 60.3 64.1 64.5 63.4
99.4 95.8 90.3 84.7 86.1 87.6 87.7 86.1 84.1 82.1 80.4 80.9 80.5 79.7 78.5 79.4 79.1 77.2 76 72.3 68.6 64.7 60.7 59.2 59.4 60.9 61.1 58.8 56.8 55.2 52.9 46.7 45.3 44.5 37.5 31.6 30.7 30.6 29.5 28.5 28.3 27.2 26.3 25.7 23 26.3 32.7 33.6 34.1 34.7 35 28.3 28.5 28.7 29.1 29.4 29.5 29.6 29.2 30.5 30.8 31.9 35.6 38.2 37.7 39.3 43.2 44 44.9 46.1 51.3 55.5 58.3 56.9 57.9 61.1 64.4 66.7 66.2 65.3
98.4 95.1 89.7 83.5 83.9 85.6 84.8 82.7 80.7 78.9 77.9 77.5 77 75.9 75.9 76.8 77.1 76.1 74.9 72.3 67.3 63.3 59.9 57.9 60 61.8 60.7 57.8 54.2 51.3 50.6 48.8 39.8 33.9 34.9 36.2 38.6 42.1 43.1 37.8 29.3 27.3 27 26.8 26 23.9 33.5 33.7 33.9 34.6 34.7 28.2 28.1 28.1 28.5 28.9 28.8 26.3 29.6 30.8 31.2 32.4 35 35.7 38.9 41.9 43.4 44.1 45 48 52.5 54.8 56.5 57.3 61.6 63.2 65.1 66.8 69.1 68.7
96.6 94.4 90.7 83 81.5 81.8 82 79.4 77.4 76.4 75.4 73.8 72.9 71.5 72.7 73.9 74.1 74.2 73.7 70.2 65.1 59.6 56.9 58.4 61.2 60.8 58.9 56.2 51.5 46.9 49.1 45 36.7 39.8 41.2 43.1 48.8 57.1 52.9 43.8 32.2 26.9 26.1 25.5 25.6 22.2 33.5 33.4 33.8 34.3 33.6 28.1 28.1 27.7 28.8 28.6 28.4 27.8 29.7 30.3 31 32.4 35.4 39.2 41.2 42.3 43.2 43.6 46.6 50 51.9 53.9 55.7 59.9 64 65.6 66.8 68.2 69.9 72.3
93.8 92.5 89.7 84.2 77.5 77 77.4 75.5 74.5 73.9 72.9 71.7 69.2 66.9 69.2 70 70.5 71.2 71.3 67.7 62 56.7 56.5 60.3 60 59 56.5 53.1 47.3 41.2 36.8 37.9 43.1 48.7 51.6 54.6 62.3 68.9 59.9 45.6 31.3 26.6 25.8 25.3 24.8 23.7 33.3 33.3 33.7 33.4 29.1 27.9 27.9 28 28.2 28.1 26 28.6 28.9 29.4 30.5 31.9 36.2 39.9 40.9 41.9 42.5 43.4 48.6 51.3 52.2 55.2 59.3 62.3 64.9 67.4 69.5 70.4 73.9 77.1
89.9 88.8 86.8 81.6 74.1 69.7 69.2 68.7 70.6 70.8 69.7 68.6 63.4 63.9 66.6 66.6 67 68.1 67.9 63.7 57.4 55.3 57.2 60.6 58.8 56.7 53.7 44.4 37.1 37.2 43 47.5 52.9 57.7 63.1 68.1 73.3 72.9 60.8 47.2 34.2 26.6 26.1 25.5 23.8 23.5 32.3 32.6 32.8 31.1 26.2 27.2 27.5 27.4 27.6 27.6 28.3 28.4 28.6 29 29.9 35.7 36.6 39.8 40.6 41.4 42.5 44.3 48.4 51.1 53.5 57.1 61.2 63.9 66.1 68.6 71.2 73.5 76.3 81
84.3 81.7 80.8 81.4 74.6 70.5 68.4 66.6 62.3 61.1 62.6 61.6 59.2 60.7 63.4 63.7 64.1 64.6 62.1 58.6 53.6 54.3 57.3 59.1 57.6 54.1 44.1 39 41.5 48.6 54.7 60.8 66 67.9 67.4 72.7 74.7 73.2 60.6 49.9 37.8 27.2 26.5 25.9 24.2 23 30.8 31.9 31.6 25.9 25.8 26.2 26.8 27 27.1 26.7 28 28.3 28.5 29.3 36 36.1 37.3 39.6 40.7 42.1 43.2 45.5 48.2 51.7 55.5 59.3 62.3 65 67.4 70 73.4 77.8 83.4 88
80.1 84.1 83.7 83.4 80.6 75.6 71 68.7 64.3 62.2 61 57.8 56.7 56 55.7 55.4 55.6 54.8 56.2 51.8 48.5 49.3 54.7 56.1 53.1 42.9 40.9 46.3 54.1 61.8 68.9 74 75.7 74.2 69 67.7 70.8 72 66.9 54.6 41.5 29.1 26.4 25.7 24.9 20.9 28.3 31.1 29.8 26.3 25.9 25.9 26.2 26.4 26.4 25.1 27.8 28.2 28.5 30.4 33.9 33.9 37.1 39.2 40.1 41.3 43.5 46.3 49.3 53.7 57.1 60.7 63.6 66.7 69 73.1 79.7 87.4 94.1 99.8
86.8 87.6 87.3 85.1 81.6 77 73.2 70.9 68.6 65.9 62.7 60.1 54.5 53.1 52.3 51.4 50.2 49.2 48.8 47.7 50.9 47.1 45.4 45 44.3 42.8 50.6 56.2 64.7 73.9 76.3 78 78.5 76 67.5 65.3 65.3 65.7 67 55 40.4 28.7 26.5 25.9 24.8 23.7 26.1 30.5 25.3 25.3 25.5 25.5 25.7 26.1 25.1 27.3 27.4 27.9 29.1 30.6 30.7 32.9 36.8 38.5 39.9 41.2 43.8 47.6 51.4 55.7 59.1 61.9 65.1 68.3 73 81.1 89.2 96.4 102.5 108
