UK/data/sn/sn92_OST50GRID_20230518/SN92.asc
ncols 200
nrows 200
xllcorner 290000
yllcorner 220000
cellsize 50
[rows 140 to 174 of 200, columns 78 to 155 of 200]
330.9 337.8 345.5 353.5 360.7 365.3 366.6 365.6 361.9 358.1 355.3 353.6 354.4 355.7 355 359.7 364.6 368.9 373.1 378.4 384.1 390.7 397.6 401.7 405.9 411.2 420.1 428.9 437.8 450.8 464.9 480.5 501.1 523.8 547.4 571.1 600.8 612.4 616.5 612.6 607.2 606.9 609.4 612 606.9 598.5 584.8 577.3 566.4 555.6 538.5 524.5 512.8 501.8 490.1 479 465.5 455.6 446.2 437.1 426.3 410 396.4 388.6 378.5 360.1 342.7 329.9 318.1 306.7 295.2 284.7 273.9 264.3 253.3 250.4 249.5 249.8
333.4 341.4 349.9 358.2 366.1 370 371.5 370.2 367.4 363.8 361.1 359.9 360.1 361.2 360.3 365.6 370.5 375.2 380.2 386.9 396 403.6 410.3 415.9 423.7 429.3 436.4 445.5 456.9 471 486.1 502.5 523.2 552.1 580 604 615.3 620.3 622.6 621.4 618.7 616.8 616.8 611 601 586.5 568.3 553.6 541.4 532.8 520.4 510.3 502.6 492.5 483.1 473.1 462.7 454 445.2 435.4 423.8 407.5 389.8 377.1 361.1 352.3 337.1 326.5 316.7 303 292.1 281.7 271.6 262.3 253.8 251.3 250.5 252.1
337.3 345.7 354 362.1 369.3 374.2 376.2 374.7 373.5 373.1 370.6 368.1 367.5 367.1 367 371.6 376.4 381.7 388.1 395.3 406.4 415.9 425.5 436.4 444.5 449.3 454.9 463.5 476.5 492.5 511.3 532.2 552.4 580.9 608.1 619.2 622.4 623.6 624.2 624 623.2 620.8 617.4 605.5 589.4 570.8 553.1 538.2 527.4 516.5 507 499.5 491.1 483.2 474 466.9 458.6 451.1 440.7 428.1 414.9 398.6 381.9 368 357.8 346.1 331.9 321.3 308.7 299.5 289 280.1 271.2 262.2 252.6 251.7 250.3 254.5
341.5 349.6 357.7 365.5 372.3 377.7 381.1 382.2 382.9 382.9 379.6 377.6 374.7 372.9 371.4 377.4 382.9 389.2 395.8 406 419.4 432.2 446.4 458 466.6 471.8 476.4 485.2 500.6 520.7 544.1 570.7 591.1 606.1 619.5 623.9 625.2 626.4 626.5 625.7 624.4 621.4 615.3 598.4 577.7 559.1 543.5 529.8 516.8 504.9 497.5 490.2 482.5 474.2 466.2 459.1 451.2 442.9 432.2 418.8 405.5 389.7 375.8 363.5 354 343.5 332.6 322.5 308.4 296.1 287.8 278.5 269.6 262.6 253.5 254.8 255.6 258.8
344.9 353.1 361.4 369.3 377.2 382.8 388.4 392.8 393.8 392.4 388.1 385.1 381.7 381.7 380.8 382.5 389.5 396.6 404.8 417.7 434.3 453.3 467.6 481.3 492.3 499 503.4 510.4 529.1 554.4 579.7 599.7 610.6 619.9 623.7 624.6 625.7 627 625.9 625.3 623.9 620.2 612.6 592 567.7 551.3 537.1 521.7 509.5 499.5 488.4 482.8 475.4 466.7 459 451.5 441.8 432.2 422.7 413.6 401.1 387.2 373.9 362.4 351.6 340.4 330.7 317.1 305.6 295.1 287.1 273.2 264.7 262.3 253.4 257.5 259.6 261.9
347.6 356 364.4 374.2 384 390.1 398.3 405.2 405.8 403.3 396.5 391.1 388.3 388 388.1 388.2 395.9 404.8 417.1 429.8 450.1 470 488.4 505.6 521.3 533.5 538.3 543.9 564.3 586.9 600.8 611.2 617.8 621.2 622.2 623.2 624.1 623.5 624.5 624.3 622.8 619.5 611.2 590.6 569.3 554.1 538.6 520.4 508.4 498.9 489.1 478.7 469.7 457.2 448.7 440.8 429.2 418.6 404.1 394.7 396.5 384.5 372.4 361.5 350.2 336.5 326.3 309.7 301.7 293.5 285.4 276.9 269 260.8 257 260.5 263.6 265.7
349.5 358 368.2 380.6 390.3 398.8 409.5 417.1 419.6 413.6 406.7 397.6 395.4 394.9 395.8 398.9 403.5 413.9 429.2 443.7 465 487.4 511.2 534.2 556 570.7 575.8 581.9 594 603.9 610.6 616.3 617.1 619 619.9 621.1 622.2 621.2 621.7 623 622.5 619.4 607.9 596.3 579.7 559.7 545 530.9 515.7 502.6 490.6 480.3 470.8 462.7 453 442.6 431.7 420 411.1 402.4 391.6 378.5 366.3 361.1 351 339.3 325.8 313 303.6 296.2 288.3 277.9 267.7 259 258.2 263.9 268.1 272
352.1 361 372 383.5 395 409 422.5 429.6 430.9 427.2 419.5 409.8 405.1 404.8 404.7 409.7 412.8 427.4 446.5 464.7 479.4 504.7 532.1 558.7 578.1 588.3 594.2 599.8 604.7 610.9 614.5 616.3 615.5 616.6 617.7 618.9 620.2 619.2 619.4 620.5 619.7 614.2 604.8 597.9 581.3 564.5 550.6 534.7 519.6 504.9 492.2 480.6 469.3 460 452.1 440.5 429.5 417.7 407.4 398 388.7 380.2 368.8 358.4 349.1 337.8 324 312.6 304.6 296.6 288.3 277.3 267.7 261.3 260.7 268.1 273.3 277.1
355 364.2 375.9 387.6 403.6 417.9 431.5 441.2 444.3 442.7 435.9 428.5 419.6 417.6 417.4 421.3 427 442.9 463.5 484.4 501.5 516.2 542.9 571.1 587.7 596.2 601 604.7 609 612.7 613.6 613.1 612.1 613.9 615.3 616.7 618.1 618 617.7 618.9 614 609.6 604.2 590.8 580.7 561.8 548.3 533.7 516.1 502.2 489.3 478.7 466.6 456.4 448.9 437.8 427.6 416.1 403.7 392.6 384.3 375.7 365.4 355.3 346 332.6 322.6 310.9 303.3 293.7 284.7 275.7 268.2 261.8 265 271.7 276.6 281.6
357.5 368.1 380.2 393.4 408.4 423.9 439.2 451.4 455.8 456.8 454.2 452.2 442.6 436.2 435.4 438.2 445 460.4 483.5 503.9 521.8 537.1 560.3 582.1 594.2 599.2 602.8 605.9 608.6 610.7 610.6 609.2 609.2 611.1 611.6 612.4 614.7 615.6 615.2 616.6 612 608.9 599.4 585.5 573.5 559.7 545 529.9 514.4 494.9 476.6 467.8 461 450.2 442.9 434 423 411.7 398.9 387 378.7 368.4 359.9 350.8 341.7 330.6 319.3 306 302.6 296 288 278.8 269 260 268.4 274.7 280.4 286.1
361.1 371.6 382.4 396.6 412.5 429.8 444.3 457.8 466.6 474.4 479.4 477.1 470.2 463.6 461.7 464.5 469.5 476.2 502.2 528.1 553.5 569.6 580.4 588.8 595.3 599 601.2 603.8 606.3 607.1 606.5 606.3 606.5 606.7 606.7 608.3 611.2 612.9 612.4 611.6 608.6 603.8 593.2 576.8 561 549.4 533.7 516 498.8 482.4 462.3 454.8 449.6 441.9 433.8 423.9 415.2 404.8 392.3 379 375.6 369.3 360.9 346.7 336.3 324.4 318.2 311 305.6 298.9 289.2 278.2 269.2 263.4 267.6 278.1 284.1 290.2
362.2 373.4 386.3 400.7 417.2 433.4 448.3 462.7 476.9 493.5 507.4 509.8 505.7 500.7 499.4 498.9 503.2 506.8 521.5 547.6 566.6 576.5 583.6 588.7 592.9 595.4 598.2 600 601.6 602.1 601.8 600.8 600.2 600.7 602.9 605.2 608.2 610.4 609.5 603.8 602.2 591.9 580.2 565.5 547.4 536.2 517.4 497.3 480.2 464.7 454.8 446.2 442.4 436.1 427.4 418.2 409.5 397.9 389.8 383.8 377.5 372.2 365 356.9 338.4 327.7 320.6 314.6 308 300.9 290.3 280.7 271.6 266.2 273 281.9 288.2 294.9
366.8 377.7 390.7 405.2 419.4 435.1 451.2 467.2 483.9 502.3 519.4 529 534.9 536.7 536.3 537.2 540 541.4 549.7 559.9 568.1 574.6 581.2 585.8 589.9 591.2 594 596.1 596.2 596.1 595.1 594 593.5 595 599.6 602.8 604.7 606.1 606.3 599.9 596.9 584.1 572.2 559.8 535.3 523.3 501 482.4 468.6 457.6 444.7 441 437.4 432 424 414 407.5 400.9 393.2 385 378.5 372.2 366 357.2 346.2 329.9 324.7 319.2 312.2 302.6 292 282.9 275.3 267.6 277.2 286.1 292.2 299.8
369.8 381.3 395.4 409.2 422.9 437 452.7 468.9 488.7 508.6 524.7 537.1 545.9 551.7 556.7 559.3 560.1 560.8 564.5 566.7 569.7 574.6 577.9 583 586.1 587 588.4 589.2 588.5 588.4 586.7 585 585.6 592.3 596.6 599.4 601.5 602.2 601.9 600.5 594.7 580.7 569.3 556.7 535.8 513.1 490.6 469.8 455.5 453.1 446.7 440.1 434.5 430.2 426 418.2 408.6 401 393.3 387.3 380.5 375.1 368.8 360.1 347.7 334.3 327.4 319.5 310 299.6 290.9 283.4 276.5 272.4 281.2 288.1 295.8 303.6
373 385.9 398 410.8 423.9 437.2 454 471.9 494.1 511.3 528.1 539.8 547.3 552.7 557 562 565.8 565.9 567.5 567.1 568.9 571.6 574 577.3 579.6 580.9 582.5 581.4 580 576.5 573.8 574.5 584.7 590.1 593.8 595.7 598 597.6 597.5 597.2 592.6 577 565.9 548.6 524.5 498.2 477.5 457.7 451.6 451.2 450.6 442.3 437.1 433.2 424 414.9 406.7 399.1 392.5 387.5 381.4 377.8 371.7 363.6 345 337 324.1 321.9 310.8 300.4 288.1 283.1 277.2 276.6 285.3 293.4 295.3 304.4
376.7 389.8 399.9 412.7 424.9 439.9 456.9 478.6 498.7 514.3 530.5 539.9 547.1 552.1 557.1 562.3 565.3 564.6 563.8 564.4 564.2 565.4 568.4 570.7 572.5 574.5 574.1 569.8 564.7 559.5 561.4 577.4 583.4 587.2 589.1 591.6 592.8 592.3 591.7 592.5 589.2 575 560 540.9 512 491.9 470.8 456.8 452.2 452.7 451.4 440.5 434.3 428.1 420.3 413.6 405.5 398.4 392.7 387.8 385.3 384.1 370.9 357.9 345.6 342.2 338.3 330.8 319.5 307.3 294.5 285.8 274.6 281.4 287.5 294 304 313
381.9 391.9 401.9 412.5 426.4 443 461.4 483.5 501.3 517.7 530.7 539.3 547.6 553.3 558.6 562.3 564.3 562.3 559.3 557.6 557.3 558.1 560.6 562.4 562.9 559.9 555.5 546.8 541.8 550.1 569.4 577.5 580.7 582.3 583.4 586.5 585.9 585.1 586.2 586.8 585.3 583.2 559.1 531.8 500.2 481.5 470 460 456.7 459.5 449.9 440.1 437.6 430.8 422.1 413.4 405.6 397.7 393.5 391.7 388.4 375.5 358.5 355.5 351.2 348.2 342.7 334.4 324.3 312.8 299 288.2 277.1 283.8 290.8 298.6 299.7 317.1
381.8 390.8 402.1 413.3 428.4 445.6 467.2 486.4 504.3 518 528.6 537.9 547.8 554.3 558.3 560.5 560.2 556.4 550.1 544.4 541 541.5 542.1 540.5 537.8 535.4 533.9 522.4 540.3 559.7 568.4 573.6 575.9 576.5 577.4 579.2 578.7 578.8 580.9 581.6 582.8 581.9 563.7 527.2 495.2 480.3 471.1 458.3 447.9 445.9 441.7 436.3 435.7 433.3 423 415 404.7 397.9 396.3 392 381.8 373.1 369.7 364.9 359.9 355.6 349.6 340.6 329.7 318.6 304.9 291.4 279.4 283.8 292.9 302.1 311.5 314
380 390.2 403.2 414.3 430.6 450.8 471.9 489.4 504.3 515.2 524.8 535.4 544.4 549.7 554.6 556.8 554.3 542.9 532.9 524.3 519.1 516.3 514.7 508.4 511.2 514.8 513.4 515.3 542.7 554.8 561.7 565.5 567.3 568.3 569.7 571.3 571.7 574.1 578.6 582.3 585.2 583.3 575.1 540.8 509.4 479.1 467.4 458.3 446.1 437.2 431.1 428.4 430.6 429.2 424.3 418.9 409.6 398.8 392.1 390.1 388.7 386.6 382.6 376.2 370.9 364.4 352.5 343.8 332.1 320.3 308.8 294.9 281.2 285.4 295 305.8 316 325.4
380.1 394.6 404.3 416 433.4 456.2 473.5 491.7 502.1 511.3 519.8 531.3 538 543.4 547.4 548.7 541.9 525.2 510.6 500.4 492.1 487 485 488.8 494.1 497.5 493.9 511.2 528.8 541.3 548.4 552.9 555.2 558.4 561 565.5 571.8 580.3 584.4 587.9 592.9 591.7 589.2 559.1 524.2 495.6 474.8 458.3 445.2 435 426.5 422 421.6 420.3 415.7 413.7 405.8 396.8 399.2 401 403.2 403.1 396.7 389.6 383.3 371.4 358.9 345.9 332.7 321.5 309.7 296.3 283.4 289 297 307.2 318.9 329.5
381.9 394.3 404.2 418.5 438.2 457.2 472.1 485.9 494.4 500.6 507.8 515.6 521.4 528 533.7 535.5 524.9 504.8 485.6 472.9 464.2 465.3 472.9 477.7 480 478.7 484.5 495.2 508.5 520.5 528.7 534.8 546.5 558 565.2 574.5 583.9 590.8 593.8 597.8 600.8 602.8 601.2 579.8 547.7 519.4 490.4 466.7 452.8 444.6 433.5 424.1 418.8 417.9 420.6 416.7 409.9 408.9 413.3 417.5 422.9 418.2 411.3 401.9 391.6 378.4 362.8 348.1 334.5 319.9 308.5 296.8 284 292.1 297.9 310.2 309.9 329.4
381.6 393.2 403.8 419.7 439.1 452.7 464.8 471.8 475.6 480.2 486.6 491.4 497.1 504.3 510 512.8 504.5 482.2 460.5 448 444.3 449.5 456.9 454.9 463.9 478.3 493.7 515.1 530.3 538.1 548.4 552 563.8 572.1 578.8 586.4 592.2 596.8 600.9 605 608 610.5 612.4 595.7 574.5 542.9 504.2 475.1 466.9 459.6 448 435 431.3 435.4 436.3 436.6 440.6 456.8 446.3 441.7 438.4 432.2 424.4 413.5 400.7 386.1 368.7 352 336.7 322.4 308.4 296.9 281.9 294.4 303.3 315.4 326.3 333
379.5 391.7 402.3 417.9 435.5 443.6 449.9 452.4 454.2 456.7 459.8 463.8 467.4 475.2 480.4 487.8 486.2 463.3 442.5 425.8 429.3 443.3 454.5 468.7 479.9 493.5 511.6 536 558.4 561.7 566.8 569.3 576.7 582.2 587 592.2 596.5 601.7 606.3 609.8 612.7 616 618.6 621.5 617.2 582.8 536.2 500.4 485.6 478.5 464.3 455.4 460.3 468.3 474.4 481.1 495 492.9 476.8 463.8 453 446.5 437.8 425.3 409.6 390.8 371.7 355.4 338.4 323.4 309.3 296.9 285.5 297 306.3 318 329.1 338.2
377.6 388.7 398 412.5 423.8 428 431.2 432.1 432.7 434 435.9 436.8 440.4 447.1 453.7 465.6 466.4 446.5 426.2 421.4 450.4 468.8 481.1 492.5 502.7 515.1 533.3 561.2 572 575.4 578 581 585 588.9 592.6 596.5 600.6 605.5 610.4 614.4 616.3 618.5 623 625.9 623.6 608.4 569.8 536.5 513.4 506.6 507.4 519.5 519.5 512.6 521.5 535.4 544.2 525.1 501.7 486.7 472.8 459.5 446.4 433.1 416.4 396.8 375.5 357 339.1 323.3 308.9 298.9 290.8 298.4 308.8 320 331.6 342.2
373.4 383.6 392.1 402.6 409.8 414.7 417.1 418 418.5 418.6 418.5 418.6 421.6 426.7 431.7 437.7 440.6 430 415.1 431.3 463.2 492 507.7 521.9 535.4 549.8 562 574.5 579.3 582.6 585.4 588.3 590.9 594.8 597.6 600.8 604.6 609.1 613.3 617.2 619.9 622.8 626.5 628.2 626.6 622.7 587.2 565.5 554.6 557.7 584.9 587.1 583.8 574.6 563.9 559.4 551 531 508.5 495.3 482.6 468.3 454.2 440.3 422.4 401.9 380.1 359.4 341.3 324.1 309 298.7 292.8 301.9 310.1 321.4 333.5 345.4
367.4 377.2 385.7 393.6 397.8 401.5 404.3 404.3 404.8 404.8 405.4 406.9 409.4 412.2 415.1 416.1 417.6 412.7 415.2 436.5 464.4 492.7 517.6 535.6 553.7 566.9 574.4 580.5 584.7 588.8 591.8 594.4 596.7 599.6 602.1 604.8 608.3 611.6 615.5 619.8 622.6 624.8 626.3 626.4 624.5 622.3 620.6 617.9 600.9 598.9 612.5 605.1 595.8 584.6 570.3 557.4 543.6 528.7 509.1 494.4 481.6 470.5 458.5 444.2 428.1 407.9 383.4 361.6 343.6 327.3 310.9 300.9 297 304.3 310.9 323 335.9 349.3
361.4 371.1 378.4 384.5 389.5 391.5 391.9 393.2 393.7 396.9 396 395.1 396.5 400 401.4 403.2 404.3 405.9 418.7 435.9 454.7 478 502 523.7 547.8 570.1 580 586.3 591.1 594.9 597.3 598.9 599.9 602.4 604.7 607.3 610.6 613.4 617 620.8 623.7 625.5 627.3 625.6 622.5 620.5 619.5 618.8 617.9 614.7 609.2 604.9 599.1 586.2 571.6 555 540.7 521.4 506.6 493.7 481 469.5 458 445.2 427.7 407.3 378.6 360.7 343.8 328.6 317.4 303 299.8 308.4 313.1 323.3 337.5 351.5
356.2 364.8 373.9 380.3 383.4 385.1 387.7 389.9 389.7 389.3 389.2 389.4 391.4 393.4 395.3 398.1 400.5 408.6 420.5 436 454.1 478 504.6 530.7 558.4 575.3 584 590.6 595.2 598.4 600.5 601 602 603.7 605.5 607.7 610 612.9 616.3 619.9 623.4 625.7 626.8 623.8 620.1 618.1 616.9 616.2 615.4 613.6 610.1 605.7 601.2 587.6 573.4 557.5 533.6 513.9 504.5 494.7 480.4 468.3 458.9 448.6 431.2 411 384.1 362.2 343.3 326.5 316.6 306.4 302.7 310.7 315.7 324.3 338.7 353.1
340.7 345.5 358 367.6 378.1 381.8 384.6 385.7 386.6 386.8 385.5 386.7 388.9 391.6 393.5 396.5 400.2 408.8 421.3 439.2 459.6 486.7 519 547.4 570.4 580.2 587.9 594.1 598.2 600.4 600.9 601.3 602.7 603.4 604.6 606.2 608.3 611.3 614.3 618.2 622.1 624.2 624.1 621.7 617.9 615.6 614.3 614.2 615 612.9 608.8 604.6 598.4 588.6 576.6 555.2 526.6 507.8 498.5 491.5 480 469 460.5 451.5 437.6 412.7 386.5 364.1 343 325.1 315.9 310 305.8 313.9 319.2 328 340.4 353.6
362.3 375.6 366.9 360.2 375.7 379.2 379.6 379.1 380 381.4 382.4 385.4 387.8 389.5 390.9 395.6 403.9 413.8 427.7 444 469.6 500.4 534.9 563.5 576.3 584.4 591 595.7 598.1 599.3 599.6 600.1 600.7 600.6 601.3 602.9 606.5 608.7 612 615.5 619.1 619.4 619.9 617.5 614.3 611 609.9 611.9 612.8 610.8 607.1 603.1 596.3 586.1 573.3 552.5 520.9 501.6 492.8 485.9 480.2 470.3 462.7 453.9 437.2 414.1 389.1 365.3 344.7 327.8 317.9 312.9 308.4 318.1 324.2 331.3 342.1 355.9
367 376.4 377 376.7 376.2 376.6 374.8 375.1 374.6 379.4 382.4 383.9 385.4 387.8 392.3 397.8 408.8 423.3 438.1 456.4 493.7 528.2 554.4 570.9 580.1 586.2 591.8 595.2 597.1 597.8 597.8 597.5 597.4 597.4 597.5 600.1 602.9 604.9 607.8 612.3 614.6 615.4 613 611.8 609.1 604.5 605.3 608.3 609.6 608.1 604.8 601.3 593.9 582.3 568.3 545.4 514.5 496.2 487.8 480.6 474.9 469.2 461.2 452.5 437.5 413.5 389.4 367.8 346.7 329.4 323.1 317.5 310.4 319.5 327.3 335.1 343.7 356.8
381.4 384.5 383.1 378.2 374.3 375.8 377.4 378.4 379 379 380.7 383.6 387.1 392.8 399.4 406.8 418.6 434.4 453.3 479.2 511.5 545.7 562.3 572.5 579.9 585.9 590.6 592.8 594.9 595.5 595 594.4 594.1 594.1 593.8 595.9 598.4 600.7 603.4 607.9 607.5 609.5 606.5 605.5 603.1 599 600.2 604.7 606.3 606.7 605.3 601.4 596.9 588.8 567.8 537.7 508.7 494.1 483.9 474.6 467.4 458.6 451.8 445 433.8 411 388.6 366.8 349.3 334.2 326.3 320.1 315.2 322.4 327.9 336.4 345.6 358.3
391.4 393.4 389.8 382.1 375.5 375.9 377.5 380.5 382.7 384.2 389.4 401 410.1 411.7 416.3 427.4 440.2 456.9 480.5 504.5 532.9 556.5 565.5 573.9 579.2 584.7 588.3 590.3 592.3 593 592.2 591.1 590.1 589.4 589.5 590.4 592.7 595.4 599.6 602.2 600.9 602.7 600 598.1 594.9 593.9 596.2 600.5 603.8 605.7 603.4 598.7 593.8 589.5 565.5 533.3 508.8 493.3 481.4 471.9 460.8 449 440.7 432 422.8 408.3 387.3 367.8 348.8 337.4 333.4 326.7 320 328.1 331 339 348.4 360.2
402.3 405 403.9 392.2 380.1 379.1 383 391.2 400.1 407.9 421.8 433.3 444.1 453.4 452.1 460.6 481.7 498.3 519.2 540.3 551.3 558.2 567.7 574.7 579.3 583 585.9 588.2 589.8 589.4 588.4 587 584.6 583.6 583.4 585.6 588.1 590.3 594.5 596 595 595.8 593.3 591 588 586.7 593.4 597.3 600.7 602 601.7 595.1 588.1 582.5 567.9 536.6 509.9 492.7 479.5 470.6 461.2 450 438.7 427 409.7 399.3 380.6 363.6 351 344 336.6 324.9 323 331.5 334.6 342.4 352 362
415.1 419.7 420.1 409.5 397.5 392.3 398.7 410.5 423.7 446 474.6 501.7 515.4 516.1 506.7 503.2 520.8 530.5 537.9 547 555.2 561.9 569 575 578.8 581.1 584 585.2 585.4 585.1 583.5 581.7 579.2 577 575.9 578.4 580.2 585.8 588.2 589.7 588.6 588 586.6 584.5 581.6 580.6 588.3 593.1 596.5 597.7 596.7 592.5 586.5 577.5 567.1 539.5 510.7 491.1 477.3 468.4 460.5 450.4 439 428.7 418.2 401.8 382.1 366.5 354.3 345.2 337.5 328 326.5 332 338 346.3 354.9 364.2
