UK/data/sh/sh87_OST50GRID_20230518/SH87.asc
ncols 200
nrows 200
xllcorner 280000
yllcorner 370000
cellsize 50
[rows 144 to 179 of 200, columns 0 to 79 of 200]
56.3 68.5 80.6 89.1 99.6 117.1 119.5 119.6 119.9 122 119.1 123.4 124.5 124.9 129.2 133.1 132.7 134.6 139.4 147.4 150.3 153.3 157.4 162.4 168.2 172.2 175.7 179.5 181.9 192.7 197.6 202.3 209.3 217.8 224.7 226 217.9 209 213.2 217.8 221 224.5 226.1 229 234.3 236.5 234.8 234.1 234.5 233 229.6 226.5 229.5 231.7 228 221.4 214.8 218.1 220.4 219 211.3 223.1 234.2 244.1 250.3 261.1 279.2 291.7 297.8 306.5 314.1 316.6 319.4 320.6 317.7 316.4 312.6 310.4 310.4 308.7
59 71.2 85.4 90.5 98.4 108.5 114.1 115.8 116.6 119 114.6 117.1 116.4 123 124 125.3 126.6 131.6 140.7 147.5 149.5 155.4 160.5 164.8 169.1 173.4 180.3 184.7 184.8 194 198.6 202.6 209.1 217 226.2 224.4 218.8 210.9 215.4 218.6 221.7 223.2 226.7 228.3 232.9 235.8 236.4 236.8 240.3 241.3 239.8 231.6 239.7 240.1 236 225.6 219.6 217.2 219.2 218.8 210.4 220.6 229.2 233.8 240.9 246.4 261.9 270.5 277.1 285 301.6 308.6 309.2 309.9 310.8 307.6 304.7 302.2 301 299.5
60.7 75 88.6 88.4 93 102.1 109.9 110.8 111.7 112 108.9 108.6 112.6 115.4 120.3 124.9 126.5 130.6 136.3 146.7 152 155.8 162 166.4 171.4 179.9 184.8 190 188.4 193.8 199.3 203.5 209.3 215.5 223.8 222.5 217.9 214.9 214.3 220.5 222.4 223.5 226.3 228.5 232.7 236.7 240.4 243 245.6 245.8 244.2 242.1 244.5 247.1 247.5 236.1 224.9 221.7 221.4 220.9 215.3 213.7 223.9 229.3 234.6 237.8 244.9 253.3 259.5 275.2 288.6 294.8 299.2 302.6 303 298.9 297.3 295.7 294.4 291.7
58.8 73 84.8 92.5 89.1 94.2 101.4 104.9 106.8 106.3 103 104.7 108.5 113.5 119.4 122.3 126.6 129.2 140.3 149.1 154 156.3 160.2 170.1 176.2 183.2 188.8 193.9 190 191.2 197.5 202.7 208.7 215 221.8 218.4 215.7 216.5 218.7 216.7 219.8 223.1 223.4 228.2 235 239.1 243.5 247.6 250.5 250.1 249.3 248 248.6 251.4 252.4 249.5 237 227.8 224.6 224.1 221.9 214.1 220 225 229 232.7 237.5 242.8 249.4 262.3 279.2 291.5 293.8 294.4 293.8 292.1 291.5 289.9 289.2 284.3
63 68.7 80.6 86.2 86.3 88.2 93 95.7 99.8 99.3 97.8 104.4 110 112.4 115.4 121.5 124.7 126.8 139.6 147.3 152.9 156 160.3 173.7 179 183.9 191.9 190.6 190.4 192.1 195.6 201.2 206.5 212.4 216.4 214.3 213 217 218.9 220.6 223.9 227 224.2 232.5 237.7 241.1 246.5 251.1 255.4 255.6 256 258.3 258.1 257.4 260 257.3 250.4 240.2 233.4 230 225.3 222.2 214.3 221.2 226.4 228.9 233 237.1 242.3 253 270.2 281.1 289.3 290 289.2 285 285.2 283 281 273.6
61.5 64.2 74.1 82.6 83.8 85.2 89.2 94 98.6 95.1 93.6 102.6 106.9 111.8 114.5 118.4 121.1 128.9 138.9 145.5 151.1 155 160.5 169.9 178.2 185.3 189.5 187.7 192.8 196.8 197.6 198.4 202.2 208.4 209.8 210.3 212.1 215.7 220.2 224.9 231.4 234.5 227.3 234.6 238.7 243 248.8 253.5 260.1 262.8 263.8 264.6 265.6 267.1 266 263.2 258.2 255.6 248.8 243.3 233.8 228.6 222.1 217.5 222.8 226.7 229.8 232.7 237.6 249.7 262.7 275.7 279.7 283.3 282 281.3 278.6 280.1 277.6 270.2
58.5 60.4 68.5 75.9 76.5 82.6 84.2 85.1 90.7 94.2 91.4 101.3 105.6 112 114.8 117.9 118.1 125.2 136.5 142.8 148.7 151.4 158 168.9 177.3 184.1 186.3 189.8 194.6 197.5 198.8 197.6 200.9 203 203.7 205.1 209.8 216.1 221.6 227.9 236.1 239.4 232.9 234.9 239.6 244.8 250.7 256.3 261.5 267.7 270.3 271.7 273.6 272.6 270.9 268.6 265.6 261.6 259.2 259.7 245.4 234.9 224.4 219.4 218.7 222.3 225.3 229.7 234.7 242.3 254.8 265.7 272.8 275.7 274.7 276.6 276.5 276.3 274.1 274.6
51.2 55.7 62.2 63.5 74.8 80.3 82 82.9 85 88 90.8 99.5 105.5 112 115.4 116.8 116.7 125.9 135.5 139.1 143.6 146 153.1 165.2 175.6 182.4 186.6 191.9 195.8 199.1 199.5 198.8 198.5 200.9 199.3 202.1 209.9 217.1 222.5 228.5 236.4 243.6 237.2 233.1 239.7 246.6 252.4 258 264.8 271.7 274.9 278.4 281.1 276.8 274.9 272.7 271.1 268 265 263 258.5 249.5 233.5 224.6 220.1 222.3 227.4 232.2 238.7 243.4 243 252.9 262.4 271.2 272.5 274.3 276.7 277.4 274.8 279.8
47.4 50.3 56.3 60.5 70.9 76.4 79.3 82.1 84.6 83.3 88.7 97.5 104.3 110.5 114.7 114.8 115.4 119.4 128.8 130.9 135.7 140.6 148.2 157.8 171.2 177.3 182.9 190.4 193.2 194.5 194.1 188.7 192.9 199 199.7 204.9 211.5 217.4 222 229.2 237.2 246.4 240.3 237.3 243.2 247.5 252.8 258.9 265 272.1 281.9 286.8 284.1 279.9 277.8 277.2 275.9 273.1 267.9 265 261.5 254 238.2 228.2 221.1 223.6 228.3 234.1 239.7 246.5 251.9 257.2 263.2 263.4 268.6 270.4 275.5 277.8 279.1 283.1
46.8 48.7 52.6 56.9 63.7 69.1 73.3 77.6 79.1 79.9 85.3 91.8 100.6 105.9 110.4 112.6 113.3 110.2 111.3 116.8 122.4 131 140.5 149 155.7 161 168.8 173.6 179.9 184 180.4 186.1 196 203.4 202.5 205.5 212 216.9 222.8 230.3 237.6 247.1 240.9 238.5 244.6 248.2 253.1 257.8 265.1 271.6 281.2 284.6 281.5 279.9 279.6 279.7 280.3 277 272.8 267.1 262.5 255.5 240.7 229.6 222.2 224.4 227.5 234.9 246 254.5 258.9 264.2 269.5 269.7 269.2 272.2 276.7 279.6 279.8 284.1
45.3 48.5 53.3 58 69.3 75.2 74.7 72.2 74.7 74.6 80.4 87.5 91.4 97.6 98.4 95.3 91 100.2 102.3 114.9 123.3 129.5 138.8 145.9 151.2 158 163.8 169.9 174.9 171.4 186.4 191.4 198.6 208.2 211.5 210.3 211.7 219.6 226.7 232.3 237.5 244.7 241.8 236.7 243.9 247.9 252.4 257.4 263.2 271.5 278.2 279.9 278.6 277.7 279.4 281.1 282.8 280.7 276.5 270.7 264.4 256 243.2 235.6 227.8 224.1 226.9 234.1 251.4 258.3 262.9 268.2 272.8 276.7 276.6 276.5 280.1 281.8 281.4 285.2
45.1 49.4 52.7 59.5 68.5 74.3 75.5 70.9 71.9 72.8 75.1 79.5 80.4 84.8 84.3 91.4 105.4 110.7 109.4 107.7 112.6 123.5 136.9 143.7 146.4 154.8 160.6 160.6 164.4 180 187.4 194.2 202.5 210.2 215.6 220.3 215.9 224.3 229.1 234.1 238.9 247 247.1 234.4 243.4 247.1 250.8 257.2 262.5 269.5 275.3 275.9 276.1 275.5 277.5 279.9 283.5 284.6 279.9 275.1 265.6 257.3 249 241 233.2 229 226.5 239.8 252.6 260.4 266.8 270.9 275.8 282.4 282.6 280.5 283.6 283.1 282.3 286
45.2 47.2 50.1 58.3 64.5 71.9 67.2 64.5 68.8 69.9 70.8 70.3 75.1 75.7 86.5 97.1 105.9 111 112.3 119.6 128.6 139.4 141 144 145.7 150.5 154.4 160.6 176.7 183.4 190.9 198.4 205.1 213 219.5 226.8 226.5 224.3 231.5 236.7 241.8 248.2 250.5 242.1 240.7 245.7 250.3 256.9 262.2 266.7 270.4 271.6 271.1 272.6 274.9 278.7 283.2 285.9 283.3 276.9 267.1 258.8 243.4 237.8 236.9 236.9 227.6 238.2 251.8 261.1 268.7 273.8 278.9 285.9 286.4 284.8 285.2 287.3 287.5 286.1
43.4 46.5 48.5 60.7 63.9 61.4 60.3 59.3 61.1 63.5 73.9 78.9 82.9 89.7 91.4 98 103.3 108.1 111.3 120.1 132.4 143.3 147.5 152.2 155 159.6 166 171.2 174.6 183.3 191.2 199.8 206.7 214 223.8 232.1 228.7 224.5 233.9 238 242.6 249.9 253.2 247.8 240.6 241.9 245.7 255.4 260.7 263.7 266.5 267.7 267.3 269.2 271.7 276.8 282.3 285.5 284.6 278.8 270 260.8 252.4 246.7 245 240.6 232.2 234.8 252.6 263.6 271.6 276 281.3 288.4 290.4 290.6 291.2 290.6 287 285
46.7 47 48 55.2 56.2 57.7 56.5 56 63.7 72.6 79 83.5 86.7 92.5 93.3 100.5 107.6 109 112.7 120.3 131.8 143.4 151.4 154.7 158.5 164.6 171.3 175.2 179.4 187.8 193.9 203.3 211.1 218.4 225.4 234 229.4 229.1 235.8 240.3 245.3 251.9 255.6 251.4 244.3 245.1 246.1 252.4 257.7 261.4 261.8 264 265.6 266.8 269.6 274.8 281.2 284.5 284.7 279.1 270.5 263.9 256 255.7 254.5 252.1 239.5 235.1 253.1 263.4 275.2 281.6 286.3 293.9 295 295.2 295.4 291.3 285.8 285.2
43.4 45.4 41.8 48.3 54.4 51.6 51.2 55.1 66.6 75.6 84.2 89.4 92.1 94.3 97.7 100.6 102.8 107.1 114.7 123.5 132.6 141.8 149.7 156.5 164.1 169.4 174.5 179.4 186.4 191.2 197.8 205.6 213.9 221.2 229 235.9 230.9 231.6 237.1 241.7 245.5 252 255.8 255.2 246.4 241.2 245.7 253.4 257.2 260.2 259.1 261.2 263.1 267.1 268.9 272.8 278.8 282.8 283.2 277.6 269.7 264.4 259.7 260.9 258.9 255.4 247.2 236 253.9 268.6 281.7 288.5 292.1 298 298.1 299.1 296.3 291.8 286.3 286
34 33.3 35 41.2 44.4 45.5 53.7 60 66.8 76.1 90.1 92 93.8 96 99.6 103.9 107.4 112.9 118.3 126.9 134.9 140.6 148.9 160.3 170.8 176.4 180.2 186.3 193.7 199.4 206.1 211.9 216.6 223.4 231.5 236.5 233.2 234.3 238.8 242 246.9 251.7 257.4 258 248.4 243 244.9 254.6 255.8 255.3 254.8 260.2 262.6 266.4 269 272.6 276.6 281 281.2 274.9 269.9 265 260.9 262.2 260.7 256 248.5 241.1 259.9 273.7 289.7 294.5 297.7 300.7 300.5 299.9 295.6 291.6 287.4 287.1
31.9 38.7 42.7 46.4 49.7 56.3 56.5 59.9 66.6 77 88.9 90.4 92.4 96 101.7 108.1 115 120.7 123.8 128.4 135.5 142.9 149.9 163.4 172 178.6 186.2 190.9 197.2 205.1 212.8 218.3 217.5 225.7 233.3 237.3 232.8 236 238.3 241.6 247.5 252 258.5 258.8 250.1 246.2 244.9 247.4 247.8 249.4 252.4 260.9 262.9 267.1 269.3 271.7 276 279.1 278.1 273.8 269.8 266 260.7 261.1 260.8 256.3 246.4 246.4 263.3 282.8 296 298.8 303.8 302.8 302.1 299.1 295.2 291.6 288.9 290.4
33.9 41.3 47.7 54.8 60 59.8 54.8 58.8 68.3 75.9 83.7 86.1 92.2 97.8 102.8 110.5 118.2 123.3 127.1 130.9 140.1 146.1 153.3 164.3 173.2 180 186.8 193.6 200.5 208.2 218.9 226.3 224 229.3 235.4 237.9 234.5 238.4 239.2 241.5 248.4 252.4 258.4 258.3 251.1 252.2 255.2 250.6 251.1 251.2 252.5 255.2 262.2 267.6 268.9 271.1 275.3 275.2 274.2 273.2 270.9 267.7 261.7 260.1 261.4 258.2 245.3 251.4 268.1 291.5 301.8 303.9 305.8 304 302.9 298.6 294.8 291.7 291.9 293.8
35.1 43.8 50.4 57.7 62.8 59.1 53.2 58.7 67.6 75.2 79 87.7 97.2 102.6 106.8 112.5 118.6 122.3 128.2 134.8 141.9 151.1 157.4 167.3 174.7 183.5 193.2 199.3 208.2 215.7 225.7 230.2 230.1 233.7 235.8 237.9 236.4 241.3 241 243.2 247.5 251.9 256.6 259.7 256.5 258 262.6 262.8 258.4 256.7 256.5 261 260.5 267.1 269.7 270.6 273.1 273.1 272.7 271.7 270.7 267.8 261.6 258.2 259.3 257.3 244.2 250.3 274.2 301.3 307.4 308.3 307.3 305 303 299.7 295 292.9 294.9 295.1
35.4 44.1 50.9 57.2 63.1 55.9 50.3 56.2 63.4 68.2 74.3 87.2 97.7 107 111.5 114.7 118.5 123.9 129.1 134.7 141.4 150.6 165.8 171.5 178.2 185.1 194.3 204.7 213.3 219.7 232.7 231.8 233.6 237.2 238.3 238.2 239.1 243.3 241.3 243.1 247.1 251.2 255.4 259.4 263.8 266.2 268.6 270 268.8 264.2 262.1 264.4 263.3 263.6 269.3 270.9 271.9 272.1 271.8 271.8 270.5 267.5 261.9 258.1 254.5 254.6 244.1 252.6 279.9 305.8 313.1 311.4 307.2 304.4 302.1 299.6 294.8 293.1 292.7 291.8
32.5 40.2 50.9 57.1 59.7 53.8 48.5 52.3 54.1 61.7 71.8 84 98.6 108.1 112.8 116.2 119.1 123.3 127.4 133.2 140.3 148.5 160.6 171.7 179.1 188 198.9 205.7 214.9 224.9 232.4 231.6 235.1 238.5 239.5 238.8 240.6 243.1 242.2 242.6 248.8 252.5 256.8 261.5 268.3 273.3 274.4 275.3 274.6 271.8 269.9 271 269.5 267.5 266.2 270.9 271.8 271.8 273.2 272.9 270.9 268.7 263.4 257.7 252.4 248.6 244.9 253.6 284.3 309.3 315.1 313.6 307.7 305 302 299.9 295.5 292.9 292 290.2
32 41 47.4 54.5 54.8 49.1 42.6 42.2 46.6 56.3 70.5 81.6 91.3 102.3 107.4 112.7 116.7 118.1 123.8 131.1 137.8 146.5 157.7 168.7 176.3 186.9 192.5 202.6 214.5 221.3 228.4 231.7 236.5 239.6 240 239.2 241.3 241.1 239.5 244.3 249.9 253.8 258.7 263.4 269 275.8 280.1 282.2 282.5 281.5 280.5 279.4 276.5 273.4 267.9 270.9 273.3 271.7 272.6 272.6 271.7 267.2 262.2 257.1 255.8 252.7 246.8 253 282.9 305.4 311.6 309.7 306.9 305.8 304 300.4 296.8 293.5 290.5 289.5
32.1 39 44.1 51 50.2 45 37 36 39 51.8 68.5 79.1 82.6 93 99.3 104.5 107.3 109 120.8 128.8 136 144 157.2 165.6 172.1 182.2 192.4 204.1 210.4 215.7 223.1 230.8 237.3 239.9 239.1 237.9 238.7 236.1 240.8 245.3 249.8 253.9 258.6 264.5 271.6 277.7 283.9 288.9 290.8 289 287.3 284.9 283.9 279.5 271.9 271 270.6 273 274.8 275.3 274 270.1 264.5 263.5 260 253.9 247.5 251.5 282.3 296.6 306.5 308.1 308.2 309.3 306.9 300.6 296.8 292.9 290.9 287.5
28.6 35.8 40.2 46.4 43.8 39.8 31.9 31.5 35 47.7 62.3 69.4 76.1 80.5 88.3 92.6 99.3 111.6 118.9 122.2 129 144.8 155.3 164 172.4 180.8 191.6 199.9 207.1 216.7 224.1 232.7 238.9 239.7 236.9 235.1 233 234.7 239.8 247.4 250.3 254.6 260.9 267.7 275 281.6 287.5 297.2 297.1 295.1 293.5 290.8 289 284 276.4 273.5 272.8 275.4 276.8 276.4 275.5 271 268.6 265.5 263.6 258.9 249.2 250.4 274.3 289 301.5 308.3 311.2 309.8 307.7 300 297.9 295.4 291.8 288.9
24.6 30.9 34 38 38.3 34.5 28.3 29.8 33.6 42.3 54.9 62.4 67.7 71.9 81.8 89.6 100.8 106.2 106.5 122 131.9 142.9 152.1 159.8 168.1 176.8 185 198.1 208.8 219.4 226 233.9 241.1 238.4 235 232.8 231.9 233.6 242.7 248.5 251.8 255.5 262.3 267.9 275.2 282.9 289.2 297.6 302.7 300.1 297.7 295 291.8 286.7 280 277.2 276.3 277.6 278.3 277.4 274.5 271.7 268.6 266.9 265.9 261.1 254.7 251.3 263.8 280.9 299.5 306.8 307.8 307.4 306.1 301.4 299.8 297.4 295.5 293
20.4 25.4 29.1 32.1 31.9 28.9 26.5 30.1 33.3 38.6 43.4 52.1 57.5 68.7 75 84.5 90.9 95.1 108.2 118.5 129 139 151 161.5 172.7 181.2 190.1 201.9 217.2 227.4 229 234.5 238.7 235.9 234.9 232.7 231.4 234 243.2 248.6 252.2 255.8 262.2 269.6 276.9 284 291 296.3 305.9 302.4 300.3 297.8 294 289.9 284.1 279.8 277.1 283 280.2 279.1 274.2 274.1 272.7 269.8 267.4 265.1 258.9 253.6 263.3 276.5 294.4 301.7 303.8 304.9 303.8 302.8 302.1 301.2 297.2 295.5
19.4 21.9 23.3 24.9 24.4 25.5 27.9 30.7 33.9 37.9 41.6 46.1 53.2 57.5 71 75.9 87 99.8 109.9 118.4 127.3 139.5 151.9 160.2 168.9 178.7 194.2 210.2 223.9 231.4 232.6 234.6 235 233.6 236.8 233.7 231.5 233 241.4 248 253.2 256.6 262.5 270.5 278.1 284.1 293 299.5 308 305.6 302.4 299.5 296.7 292.6 289.3 284.1 278.4 282.9 283.5 280.2 278.3 277.1 276 274.3 272.8 269.9 263.5 254.3 266.8 277.7 289.8 297.1 299.9 303.4 304.8 303.7 302.4 301.5 300 299.1
19.8 20.1 20.3 21.1 22.7 26.1 28.2 30.3 33.3 36.7 40.2 44.5 57.4 68.1 74.5 81.7 90.2 101 109.6 115.9 129 143.7 153.1 162.2 171.3 184.3 204.2 217.8 229.3 233.6 234.1 233.6 231.8 233 238.4 234.5 229.9 233.4 239.8 249 253.7 257.8 262.5 269.6 280.2 291 298.8 304.3 310.2 307.8 304.9 302.4 299.5 295.3 290.6 285.7 281.1 284.5 285.7 281.9 283.5 280.7 279.7 278.1 275.8 272.2 267.6 255.1 266.8 278.1 284.8 293.4 296.6 299.3 302.4 302.8 300.7 300.2 300.2 299.2
19.4 20.3 20 20.9 22.5 24.3 27.2 29.5 32.3 35 38.2 43.1 49.2 67.5 75.1 83.5 93.1 101.8 110.2 122.1 135 145.5 155.9 165 175.6 192.3 211.3 223.2 232.4 235.5 234 231.1 228 230.7 238.9 234.3 231.4 235.8 241.4 247.3 253.4 257.1 262.8 274.1 287.6 300.5 306.7 310.6 312.8 310.8 308.5 306.4 302.9 296.9 292.3 289.5 285.6 289.3 287.5 286.5 288 284.1 283.2 280.2 278.4 274.6 270.8 258.9 257.5 274.5 283.5 290.5 294.4 296.4 298.4 299.4 298.9 299.5 299.2 295.8
20.1 20.2 20.6 20.6 21.6 23.1 26.1 28.3 30.2 33.1 38.7 47 57.7 65.1 79.9 88.5 99.4 107.4 117.5 130.4 142.3 151.8 159.2 170.3 182.8 200 215.9 225.6 234.7 235.4 233.9 227.2 224 227.8 237.2 233.8 230.3 236.5 242.5 248 252.3 256.9 268.8 281.6 296.1 312 317.8 319.2 319.2 318.5 314 311.9 305.5 300.3 298.4 293.1 289.6 291.8 290 291.6 290 287.8 285.6 282.2 281.4 277.4 274.4 268.3 260 260.9 277.7 287.2 292.3 294.9 296.9 297.7 297.2 296.4 296.7 294.2
20.9 20.7 20.9 20.7 21.2 22.5 24.2 26.3 29 35.4 43.9 51.4 62.4 74.3 85.3 92.7 101.9 110.4 125.6 135.8 151.4 157.9 163.4 176.1 190 207.6 219.9 227.8 230.9 231.1 229 222.4 220.6 224.7 234.4 231.2 232.5 238.8 245.6 251.2 257.1 263.5 276.4 291 308.9 324.5 329 327.5 325.5 323.6 319.6 317.2 308.6 303.2 302.8 297.6 293.9 295.7 293.9 294.7 293.1 291.9 286.4 284 280.3 279.8 274.4 264 270.3 269.5 262.9 280.7 288 290.4 294.1 297 295.7 293.6 293.9 295.8
20.6 20.8 21.4 21.5 21.2 22.1 23.1 25.4 29.4 40.4 46.6 54.5 67.1 81.2 90.8 95.8 101.7 116.8 130.7 138.3 153.7 158.3 170.8 182.2 194 208.3 217.4 223.2 224.9 224.6 223.6 216.5 216.2 220.7 228.2 227.1 233.8 241.7 248.7 255.3 264.6 269.3 285.4 302 321.9 332.9 336 331.5 326.7 325 323.6 317.7 308.2 304.3 303.3 299.5 298.3 297.7 295.4 294 293.5 293.9 288.2 284 280.3 275 266.6 270.9 275.5 279.3 276.6 267.4 277.9 284.2 290.3 293.6 293.6 293.4 292.2 295.7
22.3 21.2 21.3 21.9 22 22.2 23.1 25.2 31.8 39.2 46 55.8 71.7 87 94.9 97.3 106.8 118.8 130.6 145.3 152 163.1 176.9 187.9 197.2 207 213.4 218.3 220.4 218.4 217.5 209.9 209.5 215.3 217 227.5 234.8 242.3 251.9 258.9 271 275.9 295.2 312.7 332.6 336.4 339.1 332.1 326.1 323.7 320.8 314.4 307.7 304.8 304.5 302.1 301 298.5 295.3 293.6 293.8 292.3 286.8 280.8 272.9 275.7 280.7 277.3 277.3 281.6 283.2 275.6 272.1 276.8 283.8 289.1 291.6 292.9 292.5 296.4
25.2 21.5 22 22.2 22.7 23.1 23.4 24.8 31.5 38.8 45.4 56.3 76.7 93.9 97.5 101.1 112.8 123.4 133.7 144.4 152 165.9 177.8 190.3 198.5 205.2 209.9 213.3 216.9 212.4 208.1 203.7 202.2 208.1 216.7 228.1 235.3 243.1 253.2 262.9 276.7 282.2 304.4 321.2 332.8 336.1 337.2 330 325.2 321.9 318.4 312.4 308 305.8 306.4 304.5 302.4 299 294.7 295.2 291.6 287.5 284.5 282.8 273.7 281.7 285.1 280.7 281.3 280.6 283.3 278.1 279.8 274.4 277 282.8 284.2 287.2 287.7 291.2
28.4 23 22.3 22.5 23.7 24.5 24.5 26.9 34.4 38.2 46.2 58.7 81.8 100.1 102.6 106.4 114.7 127.6 135.9 141.3 151.7 165.7 176.9 187.1 197.2 202.3 205.5 208.4 209.7 207.9 203.6 198.2 197.6 208.7 217.2 228.9 234.5 241 251.7 264.7 273.5 288.9 306.1 322.2 327 331.3 329.2 322.4 320.9 317.7 313.6 309.7 305.4 304.1 307.5 307.2 303.8 298.5 294.6 293.9 290.5 287 283.3 283.3 277.4 280 281.9 281.6 281 282.9 282.1 278.1 285.4 278.6 280 283.8 280.3 282.1 282.5 286.8
