UK/data/nc/nc26_OST50GRID_20230518/NC26.asc
ncols 200
nrows 200
xllcorner 220000
yllcorner 960000
cellsize 50
[rows 108 to 143 of 200, columns 0 to 80 of 200]
1.1 15.9 60.4 73.8 78.9 80.3 81.3 85.2 88.7 90.6 90.3 89.2 89.2 89.2 93.7 98.7 107.3 111.5 109.4 98.8 98.7 93.7 105.7 115.7 120 131.2 132.5 131.3 124.3 125.8 133.9 134.2 119.4 97.1 78 44.9 30.5 32.5 35.3 33.1 29.5 24.3 14.1 5 3.6 3.6 3.6 3.6 3.6 3.6 3.6 3.6 3.6 3.6 3.6 3.6 3.6 3.6 3.6 12.4 18.6 23.9 26.3 28.3 32.4 37 40.8 49.5 57.8 63.6 71.1 82.5 106.7 131.3 143 145.4 142 140.5 143 148.8 155.6
2.4 31.7 68.3 73.9 75.1 76.2 80.2 85.3 85.2 86 90 89.2 93.1 96.9 95 102 116.7 121.2 122.6 118.7 107.9 106.3 108.6 115.8 124.8 131.7 136.3 137.7 133.5 133 135.5 138.9 130.9 99.4 91.1 71.7 47.1 35.5 41.2 45.4 50.2 36.5 24.9 7 4.6 3.6 3.6 3.6 3.6 3.6 3.6 3.6 3.6 3.6 3.6 3.6 3.6 3.6 3.6 11.1 15.7 21.4 21.9 27.8 31.5 35.3 37.9 42.8 53.1 59.9 72.9 87.1 108.6 130.7 141.8 148.3 148.9 147.5 145.7 150.8 156.6
33.3 48.9 66.9 67.6 69.5 74.9 77.8 83.3 85.2 86.3 93 98.8 95.7 102.3 99.5 99.1 110.7 124.5 127.9 128.2 114.9 112.1 112.8 120.5 126.4 131.9 135.7 139 135.8 137.4 139.7 137.1 129.6 105.2 92.6 84.2 65.1 45 49.9 61.1 68 57.4 38.9 10.6 5.2 3.6 3.6 3.6 3.6 3.6 3.6 3.6 3.6 3.6 3.6 3.6 3.6 3.6 3.6 3.6 10.6 16.9 21.9 26.7 30.5 34.4 37.4 40.9 48.4 56.3 73.2 92.7 109.9 125.4 137.6 145.9 149.8 152.8 148.9 150.9 155.2
54.4 62.8 64.9 68.9 72.3 79.6 84.9 85.8 86.7 89 94.7 100 99.3 103.8 106.3 101.5 102.1 118.4 129.2 133.1 127.7 115.6 119.4 123.6 126.6 130.9 135.9 138.3 140.7 137.4 137.8 130.5 120.3 109.4 95.2 82.2 67.9 53.6 53.9 66.6 68.2 59.9 41.8 19.1 5.9 3.6 3.6 3.6 3.6 3.6 3.6 3.6 3.6 3.6 3.6 3.6 3.6 3.6 3.6 3.6 3.6 12.8 19.7 25 29.3 33.4 36.7 40 42.3 53.7 73.2 95.7 114.6 123.5 133.3 139.8 145.4 148.4 149.9 152.2 155.7
61.7 62.5 69 71.1 75.8 81.1 85.9 88.4 89.2 91.7 97.1 100.9 103.8 107.3 109.8 108.2 104.2 110.4 126.7 135.1 135.3 133.4 140.5 142.4 139.9 136.6 135.8 137.8 141 136.9 131.1 121.9 116.3 110.1 95.1 82 70.2 57.8 55.3 62.7 62.4 53.1 35.9 20.6 9.7 5.1 3.6 3.6 3.6 3.6 3.6 3.6 3.6 3.6 3.6 3.6 3.6 3.6 3.6 3.6 3.6 8.5 15.2 22.1 26.7 32.1 36.3 38.3 40.5 54.4 77 102 121.2 128.3 133.2 136.8 140.8 143.4 146.3 151.7 159.8
67.8 70 71.9 74.1 78 83.2 89.2 90.9 91.2 95.6 101.3 105.9 108.8 110.1 111.6 114.7 112.7 112.9 117.3 129.8 135.2 136.1 142.5 147 148.4 144.9 140 137.1 139.7 133.7 128.8 121.8 115.4 104.5 94.3 83.5 72.3 60.4 55.6 57 56.1 46 33.3 20.1 15.3 15 5.8 8.7 5.3 5.8 3.6 3.6 3.6 3.6 3.6 3.6 3.6 3.6 3.6 3.6 3.6 3.6 12 19.1 26.1 31.3 36.7 38.6 42.6 59 79.1 106.5 119.6 129.5 136.4 139.8 141.4 143.5 147.6 153.4 162.8
75.1 77.1 80.1 78.5 80.4 85.9 90.5 91.8 93.2 98.7 103.6 108.5 111.6 113.2 114.3 116.7 120.9 120.8 121.1 124.5 132.7 136.2 143.5 149 150.3 149.8 142.7 138.3 134.3 131.3 128.2 123.4 112.2 99.8 93.2 85.3 75.1 62 53.4 51.9 48.4 41.3 30.5 21.6 16.8 15.7 10.6 8.9 5.8 7.3 12.7 3.6 3.6 3.6 3.6 3.6 3.6 3.6 3.6 3.6 3.6 3.6 8.7 17.1 24.4 30.5 36.4 41.2 45.7 61.2 84.1 106.6 119 129.3 138.8 147.3 150.6 149.2 151.2 157.3 164.9
84.2 83.6 86.3 85.4 83.9 87.7 91.4 93.2 97.3 102.9 108.1 111.7 113 114.3 115.9 117.8 121.6 126.4 129.9 127.8 129.5 134.3 142.7 147.6 149.1 152.1 145.1 139.9 129 128.2 124.5 117 102.2 96.6 91.2 83.6 75.7 64.7 52.8 47.7 43.2 38.8 34.1 24.7 17.1 13.6 11.4 9.4 9.4 8.3 15.8 10.3 3.6 3.6 3.6 3.6 3.6 3.6 3.6 3.6 3.6 3.6 4.8 14.4 21.8 30 36.2 42.9 48.9 66 84.7 107.3 121.8 131.3 144.9 154.8 156.9 154.6 153.5 157.8 168.6
89.4 92.1 91.7 89.6 89.5 91.3 93.4 95.4 100.8 106.2 111.2 114.2 115.9 116.3 117 118.6 121.7 126.7 133 134.8 130.3 130.6 137.1 142.7 146.2 149.2 141.5 129.2 120.7 110.2 103 99.2 95.7 91.1 87.7 81.3 74.3 67 55 49.1 45 41.2 36.5 30.7 17.9 14.5 12.3 11 13.9 9.9 11 9.3 3.6 3.6 3.6 3.6 3.6 3.6 3.6 3.6 3.6 3.6 3.6 10.2 19.3 28.1 35.7 43.6 52 69.6 94.1 123.7 132.2 138.1 150 156.9 159.3 160.1 157 156.9 167.5
96.3 99.7 97.7 95.6 94.6 94 95.4 97.9 103 109.5 114.7 116.4 116.9 117.9 118.5 119.8 122.3 127.1 131.1 131.6 130.6 129.2 128.6 135.5 136.3 127.6 120.4 111.8 100.2 96.1 92.5 90 89.4 86.6 83.8 77.8 72 66.1 58.9 54.4 51.6 44.8 39.1 31.1 20.8 14.3 12.6 11.8 12.7 16.1 8.9 7.5 3.6 3.6 3.6 3.6 3.6 3.6 3.6 3.6 3.6 3.6 3.6 7.3 16.6 25.5 33 42.4 52.7 71.8 117.4 131 140.6 145.9 151.8 156.4 160.9 164.9 164.5 161 165.8
102.7 105.2 107.6 101.2 98.2 96.2 97.3 100.9 105.8 111.8 116.8 120.3 121.5 121.1 121.4 121.5 123.6 127.3 126.3 125.9 122.8 118.9 115.4 113.8 115.2 113 108.5 101.4 92 87.1 84.5 82.3 80.8 80.1 77.8 73.5 68.8 64.1 60.5 57 53.6 56.9 42.4 33.7 23.1 17.3 13.1 12.4 16.1 21.2 11.2 11.1 8.6 3.6 3.6 3.6 3.6 3.6 3.6 3.6 3.6 3.6 3.6 3.6 13.3 21.4 29.3 39.9 55.2 75.6 110.1 133.3 142.9 148 152.6 157 161.6 166.5 169.3 169.2 170.5
106.3 110.3 113.7 110.9 102.8 100.9 101.3 107.3 111.1 115.4 119 122.3 126.3 124.4 122.9 123.7 123.1 125 118.1 113.7 111.2 110.1 108.8 104.8 100.7 95.4 91 86.2 84.8 82.7 81 80.7 78.1 76.3 74 72.3 67.5 63.3 60 58.5 57.4 61.4 46.1 37.7 26.8 24.9 13.2 12.7 13.6 18.9 12.4 10.5 5.4 3.6 3.6 3.6 3.6 3.6 3.6 3.6 3.6 3.6 3.6 3.6 8.4 17.4 25.8 35.4 55.2 77.8 119.2 136.5 142.9 147.5 153 157.4 161.8 166 170.1 172.5 174.2
110.7 114.5 118.1 120.6 114.6 104.4 105.3 108.4 116.6 122.9 123.7 123.8 123.7 122 116.2 114 112.6 110.1 109.5 108.5 106.7 104.7 102.7 98.7 93.5 88.6 83.2 80.8 80.8 80.8 80.6 79.9 78.4 74.9 74.1 72.8 70.6 65.9 63.4 60.6 59.6 60.4 48 43.4 28.5 30.2 19.6 13.2 11.3 15.8 14.7 3.6 3.6 3.6 3.6 3.6 3.6 3.6 3.6 3.6 3.6 3.6 3.6 3.6 4.1 12.7 21.1 30.2 49 83.4 116.2 131.5 140.4 146.7 152.4 157.4 161.5 165.8 170 171.2 173.2
115.3 120.4 123.1 123.6 125.5 117.2 110.6 112.1 118.4 125.4 123.6 118.4 109.8 102.6 103.5 104.4 104.1 103.7 103.3 102.9 101.6 99.8 96.9 91 87 82.9 80.8 80.8 80.8 80.8 80.9 80.5 79.4 78 74.8 74.1 75 74.8 75.4 69.1 64.4 60.3 48.6 40.5 31.3 28.8 26.7 18.6 11.5 9.7 6.1 3.6 3.6 3.6 3.6 3.6 3.6 3.6 3.6 3.6 3.6 3.6 3.6 3.6 3.6 9.4 16.8 24.4 39.6 76 108 125.4 134.7 143.5 151 156.4 161.3 164.8 167.5 169 170.9
119.1 122.6 126.3 130.4 126.7 123.3 118.4 119.3 119.3 114.8 107.2 103.8 101.3 98 96.4 97.7 98.7 99 98.7 98.2 97.2 95.5 93 87 83.9 80.8 80.8 80.8 80.8 80.8 80.8 87.2 84.4 82.8 80.2 76.8 79.6 79.6 81.4 82.8 74.9 67.1 53.7 42.5 32.3 31.3 28.3 23.5 18 13.4 10.6 3.6 3.6 3.6 3.6 3.6 3.6 3.6 3.6 3.6 3.6 3.6 3.6 3.6 3.6 4.6 12.8 21.6 31.1 55.7 99.6 113.4 126.6 137.8 148.8 155 160.1 162.9 164.3 166.2 168.3
126.6 125.8 128 127.6 124.6 121.9 122.5 117.2 105.7 100.9 100.2 98.5 96 94.8 93.9 93.7 93.5 94.3 94 93.4 92.6 91 87.5 83.8 81.8 80.8 80.8 80.8 80.8 81.7 88.4 89.5 89.5 91.9 90.1 84.3 82.2 85.3 85.4 83.8 79.4 77.1 64.8 55.1 41 35.8 34 30.9 26.2 24.1 22.6 6.1 3.6 3.6 3.6 3.6 3.6 3.6 3.6 3.6 3.6 3.6 3.6 3.6 3.6 3.6 8.8 17.3 26.2 45.7 71.3 97.5 117.6 132.6 144 153.9 159.2 162 163.4 164.7 166.5
125 126.1 126.1 121.3 120.3 117 108.6 101.2 98.3 95.6 93.2 93.2 92.4 92 91.7 91.6 91.5 91.1 90.1 89.5 87.6 85.8 82.9 81.6 80 80.9 81 82.9 82 86 89.9 91.8 92.6 93.4 94.8 92.5 87.9 85.8 86.1 86.3 83.3 81.8 76 74.7 57.7 43.3 41.8 40.9 37.8 33 13.6 18.7 3.6 3.6 3.6 3.6 3.6 3.6 3.6 3.6 3.6 3.6 3.6 3.6 3.6 3.6 7.2 14.5 21.6 34.5 57.9 85.7 105.9 124.3 140.5 150.7 157.9 161.2 162.6 163.7 165.5
117.9 117.8 118.1 114.5 109.8 106 101.8 98.6 96.1 94 92.3 91.4 90.9 90.9 90.2 90 89.6 88.2 87 85.5 82.5 80.5 79.5 78.9 79.7 80.6 83 84 85.3 88.9 91.9 93.6 95.1 97.5 97.6 100.3 102.3 93.1 89.8 86.4 87.3 83 83.4 79.4 65 57.9 49.9 53.5 50.6 48.1 27.6 5.7 14.1 6.1 6.2 3.6 3.6 3.6 3.6 3.6 3.6 3.6 3.6 3.6 3.6 3.6 3.6 10.7 18.3 28 44.9 66.3 93.8 115.5 134.6 145.1 154.2 159.7 161.7 162.7 164.1
107.4 107.9 105 102.3 100.6 98.4 97 94.7 93.9 93.2 91.3 90.6 90.1 89.8 89.1 88.3 86.8 85.4 83.6 80.7 79.1 78.4 77.9 79 80.9 81.2 84.1 87.9 88.9 91.4 93.2 95.5 97.9 98.7 98.6 100.1 101 100.9 92.1 87.3 86 84.2 87.5 82.7 73.5 69.7 60.4 64.6 58.6 51.2 34.4 10.2 20.4 14.4 9.3 3.6 3.6 3.6 3.6 3.6 3.6 3.6 3.6 3.6 3.6 3.6 3.6 7.3 14.1 23.2 38.1 63.8 89.9 114.1 128.9 137.6 145.8 153.7 158.8 160.8 163.5
94.2 94.1 93.9 93 91.7 91 90.4 89.8 91.2 90.2 89.8 89.5 89.1 88.7 88 86.5 85.1 83.3 80.2 77.3 76.7 77.1 77.6 79.2 81.4 84.1 87.3 92.1 97.6 95.7 95.9 96.8 98.1 98.7 99.6 97.9 98.9 97 92.4 87.7 86.9 86 88.1 84.3 78.5 74.2 67 66.8 61.4 54.3 39.7 12.3 27 23.8 18.7 3.6 3.6 3.6 3.6 3.6 3.6 3.6 3.6 3.6 3.6 3.6 3.6 4.7 11.1 17 29.7 64.9 87 107.8 121.1 130.5 138.2 149 154.8 159.2 162.4
83.5 82.4 83.2 83.6 84.2 85 84.7 84.2 84.2 85.3 85.5 86.5 87.2 86.4 85.9 84.5 83 80.7 77.4 74.5 74 74.7 77.3 79.1 84 90.6 91.4 96.1 99.3 98.7 98.2 97.6 97.5 97.8 97.5 96.2 95.1 95.2 91.2 87.7 86.6 85.6 85.3 84.1 80.8 76.2 71.4 68.1 64 56 40 20.4 36.9 33.6 23.2 19.4 3.6 3.6 3.6 3.6 3.6 3.6 3.6 3.6 3.6 3.6 3.6 3.6 8.6 13.4 22.9 54.4 78.7 99.2 108.7 124.3 132.9 143.2 152.5 157.2 163.2
74.2 75.2 77.2 79.1 78.7 78.6 78.5 78.5 79.6 80.7 81.2 82.6 83.8 83.5 83.1 82.1 80.5 78.4 75.4 74 74 74 76.4 78.9 83.8 90.2 97.7 97.7 99 99.6 99.3 98.6 97.6 96.7 95.9 94.9 94 93.1 90.7 88.9 86.4 85.4 84.4 82.4 80.6 78.6 74.8 69.3 64.2 57.7 45.6 24.8 43.5 46 33.5 18.3 3.6 3.6 3.6 3.6 3.6 3.6 3.6 3.6 3.6 3.6 3.6 3.6 6.7 10.7 17.5 36.4 62.2 75.7 98.5 115.1 127 137.6 148.4 155.9 163.7
66.6 68.3 70.5 71.4 73.5 74.3 74.3 74.7 76.1 76.8 77.9 79.1 80 80.7 80.3 79.3 77.6 75.9 74.2 74 74 74 75.3 79.7 84.9 90.6 97.5 97.9 99.3 99.1 99.2 98.5 97.3 96.4 95.6 94.5 93.4 91.9 91.4 87.8 85.9 85.1 82.5 81.6 80.3 78.4 76.6 69.8 63.5 59.3 34.4 46.1 45.1 42 35.6 34.7 20.1 3.6 3.6 3.6 3.6 3.6 3.6 3.6 3.6 3.6 3.7 3.9 5.1 9.4 13.4 26.1 41.2 66.9 93.1 106.5 118.8 131.5 140.5 150.2 164.1
57.6 60.1 63.9 66.1 67.8 69 70.5 71 72.4 73.6 74.8 75.9 76.7 77.5 77.4 75.9 74.2 73.6 73.9 74.4 74.4 74 76.7 80.7 86.5 92.5 97.2 98 98.7 98.7 98.7 98.2 97 96.1 95.2 94.3 93.2 91.5 89.8 87.6 85.3 83.4 81.9 80.4 79.4 77.7 76.1 70.6 64.3 51.1 42.7 49.2 43.2 40.1 38.4 49.5 40.2 15.4 3.6 3.6 3.6 3.6 3.6 3.6 3.6 4 4.5 4.7 5 8.2 12.1 18.7 35 60.8 80 94.9 111.2 119.9 131.5 147.5 160.4
52.7 53 56.9 61.4 63.5 63.4 67 69.6 69.7 70.5 71.7 72.8 73.4 73.1 72.4 72.1 71.5 71.3 73.6 76 77.2 78 80.2 82.6 86.2 91.6 97.3 99.8 99.2 98.8 98.5 97.8 96.7 95.7 94.8 94.2 93.1 91.4 90.4 88.8 84.3 82.8 81.3 79.8 78.5 75.9 72.3 68.2 68.2 50.4 49.7 49.7 50.4 47 47 52.3 53.4 29.9 4.8 3.6 3.6 3.7 3.9 4.1 4.2 4.8 5.2 4.9 5.6 6.4 9.8 13.3 25.4 43.4 62.5 84.5 98.7 117.1 130.3 145.8 155.2
56.1 55.8 55.7 56.3 59.6 61.8 62.8 66.2 66.7 67.7 68.7 69.2 69 68.7 69 69.2 69.1 70.1 73.2 76 79 81.9 83.7 86.1 89 91.9 96.5 99.4 99.8 99.5 98.7 97.9 96.4 95.4 94.8 94.1 93.1 91.9 92 86.9 83.3 81.9 80.4 78.8 76.8 73.7 70.4 66.6 64.2 42.1 56 54.6 54 63.2 54.5 57.1 49.4 43.9 12.9 3.6 4.4 3.5 4.1 5 4.8 4.8 4.7 4.5 5.3 6.6 8.3 11 17.2 30.8 48 68.2 88.2 108.1 130.5 140.7 149.7
59.5 58.5 59.1 60.2 60.7 61 61.4 61.8 63 64.3 65.4 66 66 66.2 66 65.6 65.1 67.8 71.1 75.3 78.9 82.8 86 90.7 92.3 93.8 96 98.7 99.9 100.2 99.5 98 96.6 95.3 95.1 94.9 94.2 92.5 92.7 85.5 82.4 80.6 78.8 77 75.2 72.3 68.8 56.8 59.5 64.2 68.3 70.3 60.5 67.3 67.3 62.4 54.1 42.6 21.1 6.6 5.2 5.2 4.6 4.4 4.9 5.4 4.2 4.3 4.9 6.7 8.1 11.1 15.9 23 37.1 57.7 80.7 98 118.4 132.2 144.9
65.8 63.6 61 61.9 62.5 63.3 63.6 62.9 61.8 61.3 62.1 62.6 62.9 64.3 64.4 63.7 63.4 66.6 68.8 73 77.7 82.5 87.5 93.3 96.6 96.3 96.8 98.8 100.2 100.9 99.9 98.8 97.7 96 95.6 95.1 93.8 92.6 90.1 85.1 81.9 78.7 76.9 75.2 73.5 70.9 63.6 67.1 70 71.1 77.1 75.2 72 76.4 71.5 65.5 59.7 47.5 35.8 10.9 5.8 5.5 3.6 3.6 5.2 4.2 4.4 4.3 4.3 4.8 6.7 9.9 14.3 19.1 29.6 48.5 68.8 84.8 103.8 124.7 137.6
72 68.7 65.7 63.4 64 63.3 64.1 63.1 62.1 62.1 61.3 61.3 61.3 61.4 62.2 62.1 63.4 66.2 68.1 70.5 75.3 81.1 88 93.8 97.3 98.6 98.7 99.4 100.2 101.2 100.9 99.9 98.8 96.7 96 94.7 93.4 92.1 88.6 84.8 81.1 77.4 75 73.3 71.1 69.8 58.1 66.4 72.1 76.6 77.8 78.3 76.5 78.4 76.7 69.2 66.4 50 39.5 17.3 6.8 6.9 6.6 4.6 5.1 3.9 4.4 4.3 4.3 4.3 6.7 8.7 12.2 16.5 23.9 37.3 56.1 74.1 89.6 106.5 128.1
78.2 74.6 70.5 67.1 65.4 64.3 61.3 61.3 61.7 62.4 61.3 61.3 61.3 61.3 61.3 62.1 63.7 65.6 67.6 70.4 73.5 79.6 87.7 93.6 97.2 98.8 99.3 99.1 99.6 100.2 101 100.2 99.3 97.4 95.4 94.1 92.8 90.5 86.6 83.4 79.2 75.5 72.9 71.1 68.6 63.9 63.5 66.1 70.8 76.7 79.7 79.6 79.2 80.3 83.1 75.4 65.6 54.7 40.3 24.2 9 11.7 8.1 7.2 5.9 5 4.3 4.3 4.2 3.7 5.8 7.7 10.2 14.6 19.9 28 45.3 61.8 76.6 93.6 108.3
86.1 81.4 77.1 72.2 69.9 67.2 62.2 61.3 61.3 61.3 62.7 61.3 61.3 61.3 61.3 61.3 64.4 66.4 68.2 70.5 73.2 78.8 87 92.4 96.7 99.1 99.2 98.9 99 99.7 100.5 100 99.1 97.8 95.6 93.3 91.7 88.9 85.4 82 77.6 73.6 70.7 68.6 64 63.1 65.5 66.5 69.4 75 80.1 81 80.8 81.1 83.2 78.2 68.6 56 42 27.2 16.7 12.5 13.4 8.6 5.7 5.3 4.7 4.4 4.4 4.1 5.3 7.1 8.9 12.5 17.7 22.9 33.5 50 65.5 81.6 97.5
94.2 88.6 84.1 78.9 74 71.1 67.4 61.3 61.3 61.3 61.3 61.3 61.3 61.3 61.3 61.3 64.9 67.1 69.7 72.5 75.4 80.1 84 90 94.5 97.2 98.4 98.8 98.4 99.1 99.9 100.2 99 97.9 96 93.3 90.4 87.8 84.3 80.5 76.1 71.8 68.7 67 63.2 65.7 66.6 67.4 68.8 73 78.3 81.3 81.9 83.3 82.9 76.8 72 56.7 47.2 38.8 26.8 15.4 12.9 11.9 9 3.6 5.5 5 4.9 4.6 5.5 6.8 8.5 11.3 15.4 20 26.3 40.2 55.9 68.8 85.6
95.8 92.5 90.3 87.4 82.7 76.7 70.7 63.3 61.3 61.3 61.3 61.3 61.3 61.3 61.3 63 65.4 68.2 71.7 75 79.6 82.2 85.3 87.3 91 94.4 96.1 96.9 97.3 98.5 99.4 100.1 99.3 98 95.6 92.6 89.6 86.3 82.8 78.5 74.1 70 67.2 65.2 66.4 66.6 67.6 68.5 70.5 72 77.9 82.4 83.5 84.4 82.5 74.5 73.6 60.8 58.4 42.9 43.1 24.3 16 13.6 11.3 7.9 5.8 5.6 5.5 5.2 5.7 7 8.2 10.5 14.6 18.8 23 31 47.1 62.3 74.8
98.4 96.4 93.9 91 87.9 85.1 78.4 69.7 63.1 61.3 61.5 64.8 62.8 61.3 62.7 64.4 66 69.1 72.2 75.5 80.8 83.8 85.8 87.3 88.8 90.7 93.2 94.7 95.4 96.5 97.3 98.3 99.2 97.4 94.8 92.2 88.9 85.1 80.4 75.9 72 68.5 66.8 65.4 67 67.9 68.8 69.9 71.1 72.8 78.4 84.5 84.9 85.5 82.6 70.8 67.8 61.7 56.8 50 55.3 40 21.5 16.4 14.1 9.8 4.4 3.6 6 5.7 5.9 7.1 8.1 10 13.8 19.6 22.5 26.3 38 56.1 69.4
103 101.2 99.3 96.4 91.2 88.3 85.1 76.4 68.9 64.7 64.5 67.8 73.5 73.5 66.4 66.2 67.7 69.9 72.6 76.5 81.4 83.8 86.1 87.9 89.1 90 90.9 92.4 93.3 94.1 94.9 96.4 97.8 96.4 93.8 90.5 86.7 81.9 76.9 73.3 70.1 68.2 68.1 68.4 68.6 68.7 69.9 71.3 72.5 74 80.7 86.5 85.4 86.3 74.8 67.4 64.5 60.7 55.5 59.6 54.2 45.8 32.8 22.5 19.2 13.4 7.9 5.8 6 5.9 5.9 7 8 9.8 13.4 17.2 22.1 25.2 30.9 44.2 62.1
104.9 104.2 103.2 100.2 96.8 90.9 87.8 82.2 75.5 69.8 68.8 73.1 81.3 87 72.5 69.4 69.3 71.4 73.9 76.8 81.3 84.5 86.6 88.5 89.4 90.4 91.1 91.1 91.2 92.1 92.6 92.3 92.4 93.1 90.5 86.7 82.3 77.9 74.6 71.8 69.2 67.9 69.3 69.6 69.9 70.5 72.4 73.1 74.3 75.6 80.4 86.2 87.1 82.3 69.6 64.6 62.8 61.2 58.1 58 54.6 49.2 44.6 30.7 27 23.5 16.5 6.1 3.6 5.3 5.8 6.6 7.6 9 11.8 16.1 23.7 26.2 28.3 34.2 52.1
