WholeMapElevations/data/sn/sn65_OST50GRID_20230518/SN65.asc
ncols 200
nrows 200
xllcorner 260000
yllcorner 250000
cellsize 50
[rows 0 to 34 of 200, columns 0 to 77 of 200]
182.7 193.2 197.7 200.1 200.3 199 196.4 192.8 189.5 186.8 183.6 179.7 176.8 176.3 178.9 180.4 179.7 179.6 178.1 174 166.7 155.7 142.6 136.9 128.3 121.6 115.8 110.7 105.8 103.9 103.1 102.5 103.6 104.1 101.8 100.6 100.7 100.6 100.9 100.4 100.6 101 102.2 100.3 101.6 108.3 110 112.2 116.9 121.1 126.7 131.4 136.5 140.4 144.1 147.1 143.7 139.9 158 153.9 154.3 172.8 180.1 184.7 189.8 198 205.8 212.3 215 221.4 225.6 225.7 226.7 226.3 223.3 220.4 217.5 216
187.8 193.5 197.8 198.9 197.2 197.9 195.8 192.5 189 186.5 184 181 179.7 179.4 181.2 182.7 183.1 182.1 178.9 174.2 167.9 157 146.2 137.3 127.2 119.7 114.9 110.3 106 103.8 100.9 101.5 101.4 101.2 100.2 99.9 99.8 100.3 100.5 101.2 101.2 105.2 106.9 107.8 109.8 112.8 119.8 123.9 129 132.7 134.8 140.5 143.3 149.3 151.9 152.6 157.8 160.5 164.4 169.2 168.5 166.7 165.8 180.6 186.7 194.4 200.9 207.7 209.9 217.2 221.7 221.2 221.9 222 218.5 215.8 213.9 213.8
189 192.5 193.9 194.9 195.3 196 194.3 191.1 188.2 186.2 184 179.3 180.1 180.9 182.4 183.3 182.5 180.9 178.2 173.8 167.2 156.1 146.1 135.8 126.9 120.1 114.1 109.8 106.4 103.8 102.8 101.5 100.5 98.2 99.7 99.1 98.3 99.8 100.2 101.1 104.3 106.7 108 110.2 116.5 125 132.1 139.3 144.9 146.3 146.3 149.3 152.1 157.9 162.8 169.5 171.8 172.8 171.5 172.5 174.2 177.3 177.3 179.7 185.8 190.5 195.2 199.6 203.1 207.9 210.4 212.6 217.4 216.9 212.9 210.5 210.9 210.8
181.4 183.7 188.4 194.2 196.2 196.1 193.4 190.6 188.2 185.7 182.5 178.5 179.6 180.9 181.7 182.1 181.6 180.2 177.7 172.1 165.8 157.9 154.6 140.5 130.4 120.6 113.6 108.7 105.7 102.3 101.3 101.2 99.7 99.8 99.3 99.4 99.7 100.1 104.3 105.2 106.3 109 113.8 121.3 128.2 136.2 143.7 150 154.6 157.1 157.8 161.5 167.4 171 176.5 180.3 182 181.1 177.9 176.1 179.4 180.2 179.4 175.1 184.5 187.6 190.3 192.3 195.6 199.2 202.4 206.7 209.1 208.7 209.2 208.9 208.9 206.1
182.3 188.3 193.1 196.9 197.7 196.7 192.9 189.8 187.2 183.1 179.9 175.9 178.8 179.6 179.4 180 180.3 179 175.1 170.5 166.4 162.2 155.1 145.2 134.3 125.4 112.6 105.7 103 101.1 100.3 100.5 100 99.5 98.9 98.9 99.7 103 104.6 105.4 109.2 114.9 122.5 130.3 138.5 145.2 151 157.7 163.8 165 167.2 170.6 176.3 181.6 185.8 188.9 192.1 190.4 184.4 182.2 183.5 183.8 182.7 181.5 181 186.2 188 188.7 190 192.8 196.7 200.7 203.1 204.9 205.6 203.9 204 202.1
187.6 190.9 195.4 198.1 198.7 197.5 194 190.3 184.7 181.2 176.8 173.3 176 177.6 177.7 177.8 177.3 174.5 171.5 168.9 164.9 162.1 155.4 148.1 138.2 122.9 111.3 104.7 101.8 99.4 99.1 99.2 98.4 98.2 98.5 98.6 99.4 102.6 105.1 106.8 112 119.4 129.4 135.1 143.3 152.1 160.6 166.9 170.6 171.1 172.9 176.9 183.1 188.7 194.3 198.4 199.1 196.6 192.5 189.6 188 186.5 186 185.6 184 183.2 185.2 185.1 186.4 188.9 191.9 195.1 197.6 198.6 198.4 198.7 198.1 198.8
190.3 192.9 195.6 197.7 198.1 198 195.8 192.6 187.8 181.9 174.2 169 173.7 174.7 173.7 172.3 170.7 170 167.4 164.8 163.3 159.3 153.9 146.8 134.2 120.8 110.7 104.6 100.5 98.6 98.4 98.4 97.9 97.9 98.6 98.3 99.9 102.5 104.2 106.9 116.6 124 131.2 138.8 148.4 157 163.4 170 174.1 176.7 180 183.9 190.7 196.2 201.4 205.5 204.2 201.8 198.7 195.9 192.9 190.6 188.5 186.7 185.6 183.5 183.6 185.2 185.9 187.5 189.8 191.6 193.5 194 194.1 194.4 193.9 194.6
187.6 189.9 193.1 194.7 195.7 196.1 195.1 192.9 190.1 184.3 173.6 169.8 168.8 168.6 168.2 166.3 166.3 165.1 162.8 161.8 160.4 156.1 150.7 140.6 128.7 118.1 109.3 103 98.3 97.7 97.6 97.8 97.3 97.7 98.3 97.9 100.6 100.9 103.6 107.2 115.6 125 134.7 144.3 149.7 155.5 161.1 171.9 178.8 182.2 186 189.6 195.1 201.9 206.9 209.9 208.7 206.6 203.9 201.1 197.7 195.3 192.3 188.2 186.2 184.3 183.5 184.1 184.6 186.2 188.5 189.3 190 189.9 190.2 191.3 191.7 191.6
181.2 185.2 187 188.9 190.4 191 191 190.7 188.6 183.7 176 167.5 161.9 164.6 163.8 162.9 162.6 160.6 159.2 158 155.5 151.1 142.5 133.8 125.2 114.7 106.7 101.3 97.7 97 97 97 96.4 97.4 97.9 96.1 99.6 101.6 103.2 107.4 117.6 126.4 133.9 140.3 146.9 154.3 162.7 171.4 179.6 184.7 189.2 192.7 198.2 204.8 210.2 212.5 212.6 211.6 209.5 206.8 202.6 199.1 195.9 190.3 188 185.8 184.6 184.5 185 186.1 186.5 186.9 187 187.3 188.3 188.5 188.9 189.6
173.5 176.9 179.3 181.3 182.9 184.4 185.2 185.6 183.4 178.7 172 166.2 163.5 158.4 161.2 160.1 159.4 157.7 155.3 152.9 150 143.8 135.8 127.4 118.7 108.1 100.6 96.7 96.7 96.5 96.3 96.1 96.6 97.1 98.1 98.6 99.5 101.9 103.2 105.3 114.2 124.2 131.8 137.8 145.6 154.2 163.1 169 177.5 181.6 186.6 190.1 197.4 206.2 212.1 215.4 216.7 216.1 215 212.4 207.9 204.6 201.5 193.8 190.1 187.7 187.1 186.7 186.2 185 185.5 185.9 186.6 187.1 186.9 187.2 187.6 188.4
161.3 165.2 169.6 173.5 175.4 177.7 177.7 175.6 171.6 168.4 167.5 165.3 163.7 160.9 157.1 158.3 156 153.2 151.8 150 145 137.3 129.3 120.7 112.5 104.1 97.6 95.8 95.9 95.9 95.5 94.9 96 97.1 98 98.6 99.8 101.3 105 107.8 105 112.5 133.4 138.5 144 152 159.8 165.6 172 175.2 178.1 184.6 192.5 205.4 212.6 216.8 219.3 219.8 219.6 217.7 213.4 211 206.4 199.9 194.3 190.5 189.6 188.7 187.6 186.5 184.7 185.5 186.2 186.8 186.7 186.4 186.5 187.6
148.4 154.8 160.2 163.4 166.8 166.6 166.4 163.2 163.5 165.7 166.3 165.6 163.9 160.9 143.8 151.2 152.7 149.4 148.9 144.9 138.6 129.3 122 113.3 104.7 99.8 95.7 95.4 95.7 95.6 96.1 96.1 96.3 97 98 99.1 100.7 103.6 108.6 120.8 128.2 109.8 126.9 129.8 143.2 148.6 155.8 160.3 165.1 169.4 172.4 178.9 187.7 197.4 205.8 214.6 217.5 220.9 222.1 220.5 218.6 216.9 211.5 206 200.2 195.4 192.8 189.9 189.7 188.8 186.6 186.8 186.4 186.5 186.1 185.2 185.5 186.3
139.5 144.6 149 152.3 153.5 155.5 157.4 159.6 162.6 163.1 162.9 163.7 162.8 160 156.9 143.3 128.7 134.7 142.2 137.1 129.9 121.4 113.5 105.1 98.6 95.9 95.1 94.8 95.4 95.7 95.9 95.5 96.4 96.8 98.6 100.1 102.4 108.9 117.8 129.2 134.7 131.3 128.9 129.2 120.5 141.8 150.4 157.1 160 163.9 168.2 174.8 182.7 191.4 200.5 208.7 213.7 219.9 222.1 220 221.1 219.6 215.9 211.4 207 200.4 195.8 193.6 192.8 191.9 190.8 189.9 188.8 187.1 185.1 184.4 184.3 184.9
130.6 135.4 138.1 141 144.2 149.7 156.2 156.9 157.1 156.5 156 158.2 158.9 158.3 155.1 151.6 142 117.4 134.5 125.7 120.6 112.5 103.9 100 94.5 94.4 94.7 93.7 95 95.1 95.5 95.2 96.1 97.2 98.4 101.8 105 117.7 129 133.6 138.9 141.7 142.7 146 142.8 144.9 146.6 136.8 156.8 162 166.5 172.7 178 184.7 193.6 201.9 207.8 213.8 214.6 216.1 218.5 219.7 219.7 217.2 213.4 209.4 202 197.5 196.8 195.4 194.5 191.9 189.7 186.7 183.5 183.2 182.3 183.4
123.8 126.1 130.5 134.1 141.5 147.8 149.9 148.1 147.5 147 150 152.6 155.7 155.8 152 147.7 138.7 109.1 124.3 117 109.1 103.1 97.7 94.2 95.1 94.4 94.2 95 94.8 94.8 95 94.9 95.4 96.9 98.2 102.1 112.6 118.8 136.3 140.4 143.4 144.9 146 150.8 153.2 154.7 156.5 156 140.6 158.1 165.6 168.6 173.6 181.2 188.7 196.4 204.4 208.5 210.4 211.3 214.3 218.2 220.1 217.4 215.5 215 211.9 203 199.4 197.7 195.5 192.7 189.1 186 182.6 181.4 181.5 183.3
119.9 122.3 126.5 131.7 135.6 141.4 139.8 138.3 137.7 139.2 143.1 145.7 147.5 150.3 144.8 137.9 127.3 106.9 110.9 104.4 100.9 97.3 93.7 91.3 94.1 94.2 94.1 94.6 94.5 94.5 94.6 94.7 94.9 96.3 101.5 108.5 122.4 134.2 138.3 143.5 146.1 148.9 151.3 155 157.1 157.9 159.1 160.3 161.2 148.5 158.8 166.4 170.4 176.8 183.3 191.7 199.3 201.6 205.1 207.6 209.6 210.4 213.3 214.9 213.7 216.8 217.9 211.1 206 202.5 195.3 192.3 189.5 185.1 182.3 180.8 181.5 185.6
115.8 120.3 123.9 128.1 132.3 134.1 132 134.5 134.1 135.1 136.2 137.6 138.8 136.7 131.2 122.4 115.3 106.3 99.9 97.3 94.5 93.7 93 93 93.8 94 94.1 94.1 94.2 94.2 94.3 94.4 94.9 96.2 107.8 117.4 130.4 137.9 143.7 142.7 148.6 151.4 154.4 157.7 159.2 159.9 160.7 161.9 163 161.1 154.7 165.1 169 172.4 179.9 187.6 190.6 193.1 199.2 205.2 205.5 206.8 210.6 209.7 211.5 217.9 221 218.6 212.3 206.7 201.7 192.1 188.2 184.9 182.5 180.3 180.7 186.8
114.9 118.1 120.5 123.6 125.7 126.3 127.4 127.1 128.8 128.5 126.4 125.1 124.2 120.3 114.7 109.7 103.2 99.7 97 93.5 93.5 93 93.4 93.4 93.6 93.7 93.7 93.8 93.8 93.9 94 94.1 95.6 104.1 115.1 127.3 136.1 142.1 146.3 146.7 149.4 152.5 155.7 160 161.5 162.5 163.3 164.6 164.6 163.3 154.7 163.2 166.7 169.8 176 179.4 184.6 189 194.6 200.3 200.9 203.6 204.6 204 209.5 214.7 217.8 219.5 214 209 204.2 196 189.5 184.5 182.2 180.7 181.7 186.4
110.9 114.1 115.9 119 120.3 121.2 121 123.8 123.3 119.3 114.9 112.1 110.2 107.1 103 99.7 96.9 95.8 95.5 93.7 90.1 92.5 92.8 93.1 93.2 93.3 93.4 93.4 93.4 93.8 94.2 95.5 101.8 113.3 125 134.7 141.2 150.4 154.7 151.7 151.4 152.8 157.8 161.2 164.6 165.4 166.5 167.3 165.8 162.9 154.1 154.7 163.5 167.2 170.9 174.3 176.2 185.8 196.7 195.7 193.7 192.5 191.4 194.1 200.7 200.6 204.6 203.8 208.9 207.6 203.4 198.3 191.3 184.5 180.8 181 184.7 188.4
105.7 107.5 109 111.4 111.9 112.9 114.3 114.5 112.2 109 104.2 100.9 100.8 97.3 95.7 93.8 91.4 92.2 92.6 93 90.1 92 92.5 92.8 92.8 92.9 93 93 93.1 93.4 94.7 98.6 108.8 122.5 132.6 142 153.9 159.6 162.4 158.6 158.8 159.7 159 165.1 169 170.4 170 168.3 165.5 160.9 161.4 162.1 161.1 160.7 167.1 170.2 173.1 182.2 180.9 179.7 178.2 178.8 182.1 181.5 184.7 188 186.3 187.3 193.4 196.2 196.8 194.5 190.3 185.7 177.3 182.7 185.8 188.4
101.3 100.8 102.3 102 104.6 106.1 104.1 103.9 102.6 98.5 96.8 95.4 94.2 92.6 91.7 90.7 90.9 91 91.7 91.8 90.6 92.2 92.2 92.3 92.4 92.2 92.6 93 93.1 93.5 99.1 107 116.8 128.4 142.4 153.5 161 166.6 167.4 167.2 167.4 166.3 162.1 165.9 168.3 171.2 170.4 168.4 165 163.1 163.3 164.8 165.9 164.7 162.2 167.4 167.4 169 168.9 168.5 170.2 170.9 171.9 172.8 174.8 176.8 178.4 180.7 182 182.2 182 183.8 185.1 181.7 182.5 183.4 186.6 188.1
95 94.5 95.4 96.8 98.2 97.9 97.6 97 94.7 93.7 92.4 91.3 90 89.7 89.3 90.6 90.6 91.1 91.6 91.8 92.1 91.8 91.8 91.9 92 92 92.1 92.8 93.2 98.7 109.8 119.1 128.3 138 147.5 154.1 163.8 168.2 170.8 171.3 173.2 173.4 168 167.5 169.5 169.2 169.6 167.5 167.9 167.1 168.2 167.8 168.9 169 168.6 165.9 164.6 165 165.6 165.5 166 165.6 166.6 168.4 169 170.3 172.9 174.5 176.5 176.7 177.6 177.4 175.7 177.9 184.8 184.7 185.9 187.6
93.1 92.4 92.1 92.2 92.6 93.4 92.7 92.8 91.8 89.5 89.3 89.6 89.3 89.1 89.8 90.1 90.8 91.2 91.5 91.6 91.7 91.5 91.4 91.5 91.6 91.6 92.5 95.8 102.2 109.4 120.3 130.7 140 146.2 153.9 162.8 168.4 169.6 172.8 175.7 177.3 176.1 174.4 174.6 172.3 170.4 169.8 169.7 169.6 170 170.8 171 172.1 172.3 170.4 169 166.6 165.6 164.9 164.8 164.5 164.6 165.8 166 166.4 167.5 168.9 170.4 171.9 172.6 171.8 172.2 176.4 181.7 188 185.2 185.5 186.5
92.5 92 91.6 91 90.4 90 89.8 89.3 88.6 89.6 89.2 89.2 89.4 89.5 89.7 90.3 90.7 91.1 91.4 91.6 91.4 91.2 91.1 91.3 91.5 92.1 96.2 101.3 108.7 120.3 130.8 138.3 145.6 152.3 163.2 169.1 171.1 174.3 176.5 178.8 179.5 179 179.2 179.1 176.3 172.4 171.3 172 171.9 173.1 173.7 175.1 175.4 174.7 171.4 169 167.7 166.6 166.3 165.2 164.9 164.7 165.1 165.4 166 166.7 167.7 168.9 169.4 169.8 170.8 175.8 179.1 186.3 191.1 184.7 184.4 184.8
91.6 91.4 91 90.4 89.8 89.4 88.9 88.7 88.4 88.3 88.7 88.8 89.2 89.3 89.5 90 90.4 90.7 90.5 91.1 90.8 90.4 90.9 91.1 91.6 94.8 99.4 106.7 116.5 126 135.2 142.3 151.2 160.6 169.9 172.4 175.3 177.9 180.2 181.5 182.5 183.3 183.6 181.8 178.3 172.8 172.5 173.3 173.4 174.7 177.5 178.7 178.8 176.4 173.2 169.1 167.8 167.5 166.9 165.9 165 165 165.1 166.1 166.5 166.8 167.5 168.5 168.9 168.7 170.9 174.8 179.3 185.7 185.6 182.4 182.4 182.9
91 90.7 90.5 89.8 89.2 89 88.7 88 88.1 87.8 87.7 87.8 88.9 89 89.1 89.4 88.8 90.1 90.4 90.7 90.1 90.3 90.5 92.3 95 99.6 105 113.9 123.2 132.2 141.5 150 156.6 168.1 173.2 176.9 180.1 181.7 183.8 185 186 186.1 183.7 178.9 176.2 175.2 173.7 174 175.6 176.8 179.7 180.7 179.3 177 173.8 171 168.8 167.3 168.1 166.4 165.2 166.7 167.6 168.3 169.5 168.4 168.1 168 167.8 167.2 169.4 172.1 176.1 179.5 178.6 178.5 179.9 181.1
89.5 90 89.6 89.2 88.6 88.4 88.2 87.9 87.4 88.2 88.1 88.5 89 89.1 89.2 89.7 88.2 90.4 90.4 90.6 90.4 90.6 90.9 93.9 97.7 103.6 113.4 123.5 132.4 139.6 148.8 154.5 161 171.3 178.4 180.7 182.6 184.3 186 187.5 187.5 185.3 182.3 180.9 178.6 177.4 177.1 176.9 177.7 178.8 181.1 180.8 179.3 177.2 175 172.2 170.5 169.6 168.1 168 168.4 169.8 171.2 172.2 172.4 172 170.2 168.5 166.8 166.4 166.6 169.2 172.6 176.7 174.2 175.6 178.2 179.8
89.2 88.5 88.9 88.6 88 87.8 87.6 87.5 88 88.3 88.3 88.3 88.8 89.1 89.3 89.8 89.5 89.9 90.1 90.5 90.8 90.8 93.2 97.8 102.8 113 123 132.4 143.5 152 155.4 159.2 164.4 171.9 179.2 183.2 184.8 187.2 189.7 192.7 193.3 188.7 185 184.4 180.8 180.2 179.8 180.4 180.9 182.3 182.6 181.1 179.1 177.2 175.8 174.5 172.4 170.5 170 170.1 170.8 173.7 174.4 175.7 176.8 175.2 173.7 171.3 168.1 165.8 165 165.9 168.9 170.6 170.2 173.5 175.8 177.3
88.8 87.9 88.1 87.8 87.4 86.9 86.8 87.5 87.7 88.2 88.4 88.3 87.5 88.6 89.5 89.3 89.7 89.8 90.1 90.7 91.5 92.5 97.9 103.2 110.7 120.1 131.8 143.2 150.6 154.1 157.9 161 164.2 171.1 179.5 185.1 188.1 192.5 196.7 199 195.8 192.5 189.8 187.3 186.2 185.2 187.1 188 188.8 189.9 188.5 184.4 182.2 179.8 177.9 175.9 174.2 172.8 172.1 172.4 174.5 176.6 178.1 179.3 179 177.7 175.5 172.5 171.3 168.4 165.8 164 163.7 164.6 167.1 170.8 172.9 173.6
87.4 87.7 87.5 87.2 86.9 86.5 87 87.4 87.7 88 88.7 89.1 89.4 89.2 89.3 89.4 89.9 90.2 90.2 91.2 93.3 95.9 102.2 109.6 118.6 128.8 137 144.6 148.7 153 156.9 160.4 164.6 171 179.3 184 190.9 196.6 201.9 204.2 200.3 198 197.7 193.6 190.7 192.7 192.9 193.6 194.9 195.5 195.8 195.7 194.8 192.3 189 183.9 181.2 177.3 174.8 174.9 177.2 178.3 180.1 181.3 181.3 180.2 177.9 175.3 172.4 169.7 167.3 163.7 162.8 162.7 165.1 167.3 168.6 169.6
87.4 87.2 86.7 86.6 86.8 87.1 87.4 87.4 87.3 88.5 88.5 88.7 89.2 89.6 89.8 89.4 90.4 90.7 90.9 92.2 94.7 97 107.2 114.4 121 127.2 134.5 140.9 144.2 148.7 155.9 160.3 163.6 173.9 179.9 187 195.4 201.7 205.5 207.5 204.6 204.5 204.6 202.8 200.5 197.3 197 198.1 202.3 203.3 203.2 203.5 203.8 201.9 198.6 196.3 190.9 186.3 181.1 177.3 178.3 179.7 180.7 182.3 183 182.2 180.4 177.9 175.4 173 170.1 166.9 163.5 161.8 161.9 164.1 165.1 164.9
86.8 86.5 86.1 86.6 86.6 87.1 85.6 88.2 88.2 88.1 88.4 88.9 89.7 90.1 90.5 90.9 91.1 92 92.5 94.2 96.1 100.1 104 111.2 119.3 126 132.6 136.6 142.6 150.1 155.8 158.5 167.4 173.8 179.8 186.6 195.1 200.5 203.7 203.6 206.5 208.5 210.1 208.4 206 203.9 204.3 207.1 210.2 211.3 210.5 209.8 211.6 210.9 209.1 207.1 202.6 198.1 194 188.1 186.9 181.5 183 184.3 185.4 185.8 184.2 182.1 179.7 176.3 172.6 169.1 164.9 160.8 160.5 160.6 161 161.6
86.8 86.2 86.5 86.1 86.9 87.3 85.6 87.8 87.4 88.5 88.8 89.1 90.3 90.7 91.1 91.6 93.1 94 94.8 96.7 100.3 104.4 108.3 113.2 118.8 123.7 132.3 137.5 144.8 149.7 153 158.8 164.3 167.9 173.3 180 185.8 187.6 191.6 199.5 205.6 210 213.4 214.4 209.1 208.6 212.2 216.9 215.9 216.6 215.7 217.5 219.5 219.1 216.5 215.3 210.2 205.9 199.6 198.5 195.2 190.4 185.2 186.4 188.3 188.9 188.2 186.5 183.2 178.5 174.7 169.9 165.5 162.5 160.4 160.1 160.4 160.9
85.7 85.7 85.9 86.5 87 85.1 86.4 88.1 88.2 87.8 88.1 89.8 90.7 91.4 91.9 93 94.6 96.9 98.5 101.8 105.6 110.6 116.8 121.9 127.1 130.5 134.2 135 144.8 148 151.5 155.4 158.9 162.9 168.7 174.7 178.2 182.4 187 193 200.9 208.4 213.6 214.3 210.1 213.3 218.3 221.3 220.2 219.4 220.3 222.8 226 225.4 222.7 221.1 217.6 212.2 207.2 204.1 202.3 198.7 195.6 190.6 191.9 192.1 191.9 189.5 185.1 181.1 176.8 171.5 166.2 162.6 160 159.6 159.8 160.3
85.4 86.1 86 86 84.7 87 87 88 88.4 88.9 90.6 90.5 90.7 92.4 93.1 94.4 96.6 98.5 102.6 108.2 113.1 119.9 124.8 128.5 131.7 135.4 139.7 139.9 142.3 144.8 149.6 154.5 157.1 161.1 168 171.7 174.6 177.9 184 189.8 195 206.6 207.5 204.7 209.7 217.1 224 223.9 222.7 222.3 224.1 225.6 227.4 227.1 229 227.3 222.4 217 211.9 209.4 208 204.2 201.6 199.5 195.3 194.6 193.7 191.3 186.4 182.4 176.3 170.9 167 163.4 160.6 159.7 159.4 159.9
