WholeMapElevations/data/se/se87_OST50GRID_20230518/SE87.asc
ncols 200
nrows 200
xllcorner 480000
yllcorner 470000
cellsize 50
[rows 38 to 75 of 200, columns 86 to 171 of 200]
18.2 18.3 18.5 18.7 19.2 19.5 19.9 20.3 20.6 21.4 21.4 21.3 21.2 21.2 21.1 21.1 21.1 21 21.2 21.4 21.5 21.4 21.3 21.3 21.2 21.1 20.7 20.6 21.2 21.3 21.3 21.2 21.2 21.3 21.8 21.5 21.5 21.6 21.5 21.3 21.3 21.3 21.3 21.4 21.4 21.6 21.6 21.5 21.6 21.5 21.3 21.2 21.3 21.3 21.4 21.4 21.4 21.5 21.5 21.4 21 20.7 20.7 20.8 20.8 20.8 20.8 20.7 20.6 20.5 20.5 20.5 20.1 20.5 20.4 20.5 20.5 20.5 20.2 21 21 21 21 21 21 21.3
18.6 18.7 19.1 19.8 20.6 20.9 21.1 21.3 21.4 21.4 21.4 21.4 21.3 21.3 21.2 21.2 21.1 21.1 21.2 21.3 21.4 21.3 21.2 21.3 21.3 19.9 20.6 20.7 20.7 21.2 21.2 21.2 21.2 21.3 21.5 21.4 21.5 21.7 21.6 21.3 21.3 21.3 21.3 21.3 21.3 21.6 21.6 21.6 21.3 21.3 21.2 21.2 21.1 21 21.2 21.3 21.4 21.4 21.5 21.5 21.1 20.9 20.9 20.9 21 21 21 20.9 20.8 20.7 20.6 20.5 20.2 20.7 20.9 20.8 20.9 21 20.9 20.9 20.9 20.9 20.8 20.8 20.9 21.3
19.6 19.2 19.4 19.9 20.3 20.7 20.9 21.1 21.2 21.2 21.2 21.3 21.4 21.3 21.3 21.2 21.2 21.2 21.1 21.2 21.3 21.2 21.1 21 21.1 20.7 20.6 20.6 20.7 21.3 21.2 21.2 21.3 21.4 21.5 21.5 21.6 21.8 21.7 21.4 21.2 21.2 21.2 21.2 21.3 21.4 21.5 21.7 21.1 21.1 21.1 21.1 20.9 20.9 21.1 21.3 21.3 21.4 21.5 21.5 21.2 21.1 21.1 21.1 21.2 21.2 21.1 21 20.9 20.8 20.7 20.3 20.4 20.6 20.7 20.7 20.9 20.9 20.8 20.8 20.8 20.8 20.7 20.9 21 21.2
20.1 20.5 20.4 20.4 20.3 20.4 20.8 20.9 21 21 21.2 21.3 21.3 21.4 21.3 21.3 21.2 21.2 21.2 21.2 21.2 21.2 21.1 21 20.8 20.7 20.6 20.6 20.7 20.8 21.2 21.2 21.4 21.4 21.4 21.4 21.4 21.8 21.7 21.4 21.2 21.3 21.3 21.4 21.4 21.4 21.6 21.8 21 20.9 20.9 21.1 20.9 21 21.1 21.3 21.4 21.4 21.4 21.5 21.3 21.3 21.3 21.3 21.4 21.3 21.1 21 20.8 20.7 20.6 20.3 20.1 20.7 20.6 20.7 20.8 20.9 20.8 20.7 20.7 20.6 20.8 21 21.1 21.3
20.7 21 21.4 21.1 20.8 20.8 20.8 20.8 20.9 21.1 21.2 21.3 21.3 21.3 21.4 21.3 21.3 21.3 21.2 21.2 21.2 21.1 20.9 20.8 20.6 20.7 20.6 20.6 20.6 20.8 21.2 21.3 21.3 21.3 21.3 21.3 21.3 20.7 21.4 21.2 21.4 21.4 21.5 21.5 21.5 21.6 21.6 21.6 20.6 21.1 21 21 21 21.1 21.2 21.3 21.4 21.4 21.5 21.5 21.5 21.4 21.4 21.4 21.4 21.4 21.4 21.3 21.4 21.4 20.8 20.4 20.1 20.4 20.5 20.6 20.7 20.8 20.7 20.6 20.6 20.7 20.9 21 21.3 21.4
21.3 21.8 21.7 21.6 21.4 21.4 21.2 20.9 21 21.1 21.2 21.2 21.3 21.3 21.3 21.4 21.3 21.3 21.3 21.2 21.2 21.1 21 20.7 20.5 20.7 20.7 20.6 20.6 20.7 20.4 21.2 21.2 21.2 21.2 21.2 21.1 21.1 21.3 21.2 21.5 21.6 21.6 21.7 21.7 21.7 21.7 21.5 21.4 21.4 21.2 21.1 21.1 21.2 21.3 21.4 21.5 21.5 21.4 21.4 21.4 21.4 21.4 21.4 21.4 21.4 21.5 21.6 21.4 21.1 20.3 20.6 20.5 20.4 20.4 20.5 20.7 20.8 20.7 20.6 20.5 20.7 21 21.2 21.4 21.5
22.2 22.2 22 22 21.9 21.6 21.4 21.1 21 21.1 21.2 21.2 21.2 21.3 21.3 21.3 21.3 21.3 21.3 21.3 21.2 21.2 21.1 21 20.6 20.6 20.6 20.6 20.7 20.7 20.8 21.4 21.3 21.2 21.1 21.1 21.2 21.3 21.1 21.3 21.7 21.7 21.8 21.8 21.8 21.9 21.9 21.8 21.7 21.3 21.3 21.3 21.3 21.3 21.4 21.5 21.6 21.6 21.4 21.3 21.2 21.3 21.3 21.4 21.4 21.4 21.5 21.6 21.7 21.2 21 21 21 20.4 20.5 20.6 20.7 20.7 20.7 20.7 20.6 20.6 20.8 21 21.3 21.5
22.3 22.5 22.3 22.2 22.1 21.8 21.6 21.3 21.3 21.1 21.1 21 21 21 21 21 21.1 21.1 21.2 21.3 21.2 21.2 21.1 21 20.8 20.7 20.6 20.7 20.8 20.8 21 20.2 21.4 21.4 21.5 21.6 21.6 21.5 21.4 20.7 21.8 21.9 21.9 21.9 22 22.1 22 22 21.9 21.4 21.4 21.4 21.5 21.5 21.5 21.7 21.9 22 21.8 21.7 21.5 21.5 21.6 21.6 21.5 21.4 21.5 21.5 21.3 21.2 21.1 20.9 21 20.9 19.8 20.7 20.6 20.8 20.8 20.7 20.7 20.6 20.6 20.8 21 21.4
21.9 22.3 22.3 22.3 22.2 22 21.7 21.5 21.3 21.1 21 21 21 21 20.9 20.9 20.8 20.9 21 21.1 21.1 20.6 20.7 20.7 20.8 20.5 20.7 20.7 20.8 20.9 20.9 20.9 21.5 21.7 21.7 21.7 21.6 21.5 21.5 21.5 21.6 21.7 21.8 22 22.2 22.3 22.2 22.1 22 21.6 21.6 21.6 21.7 21.7 21.7 21.9 22.1 22.3 22.2 22.1 22 22 22 21.9 21.8 21.7 21.6 21.6 21.2 21.2 21.1 20.4 21 20.9 20.5 20.4 20.7 20.8 20.8 20.8 20.7 20.7 20.7 20.7 20.8 21
21.8 22.1 22.2 22.2 22.1 21.9 21.8 21.6 21.4 21.1 21 21 21 20.9 20.9 20.8 20.7 20.7 20.7 20.8 21 20.7 20.6 20.7 20.6 20.5 20.9 20.9 20.8 20.9 20.9 21 21.5 21.6 21.7 21.7 21.7 21.7 21.7 21.7 21.6 21.7 22 22.2 22.4 22.4 22.3 22.3 22.3 21.7 21.8 21.8 21.7 21.8 21.9 22.1 22.3 22.6 22.6 22.5 22.4 22.4 22.3 22.2 22.1 22 21.8 21.2 21.2 21.2 21.2 21.2 21 20.8 20.7 20.6 20.8 20.9 20.8 20.8 20.8 20.8 20.8 20.8 21 21.1
21.7 22 22.1 22.1 21.9 21.7 21.7 21.6 21.4 21.2 21 20.9 20.9 20.9 20.8 20.8 20.7 20.6 20.5 20.7 20.9 20.8 20.7 20.3 20.4 20.8 20.9 20.9 20.8 20.9 20.9 21 21.2 21.6 21.7 21.8 21.8 21.8 21.8 21.7 21.8 21.9 22.1 22.4 22.5 22.6 22.6 22.5 22.4 21.9 21.8 21.9 22 22 22.1 22.3 22.5 22.8 22.9 22.9 22.8 22.7 22.6 22.5 22.4 22.3 22.1 21.9 21.6 21.3 21.2 21.1 21.1 21.1 21.3 21.4 20.9 20.9 20.9 21 21 21.1 20.9 20.9 21.2 21.2
21.7 21.9 22 21.9 21.7 21.6 21.7 21.6 21.4 21.2 21 20.9 20.9 20.9 20.8 20.7 20.7 20.6 20.6 20.8 20.9 20.4 20.4 20.4 20.4 20.6 20.9 20.9 20.8 20.9 21 21.1 21.1 21.9 21.9 21.9 21.9 21.9 21.8 21.8 22.1 22.2 22.4 22.6 22.6 22.7 22.7 22.6 22.4 22.2 22 22.1 22.2 22.2 22.3 22.5 22.7 22.9 23 23.1 23.1 23.1 22.9 22.8 22.7 22.6 22.5 22.1 21.8 21.5 21.2 21.2 20.4 21.3 21.3 21.4 20.7 21.1 21.2 21.2 21.3 21.2 20.9 21 21.3 21.2
21.6 21.7 21.8 21.7 21.5 21.4 21.7 21.5 21.4 21.2 21 20.9 20.9 20.8 20.7 20.7 20.6 20.6 20.7 20.4 20.5 20.5 20.6 20.5 20.5 20.5 20.8 20.8 20.8 20.9 21 21.1 21.2 22 21.9 22 22 21.9 21.9 21.9 21.9 22.3 22.4 22.6 22.7 22.8 22.8 22.6 22.5 22.3 21.7 22.3 22.4 22.4 22.6 22.7 22.9 23 23.1 23.2 23.2 23.2 23 22.9 22.8 22.7 22.5 22.2 22 21.6 21.3 21.3 21.3 21.3 21.3 21.4 20.2 21.1 21.5 21.5 21.4 21.2 21 21 20.2 21.1
21.3 21.5 21.5 21.5 21.3 21.4 21.6 21.5 21.3 21.2 21 20.9 20.8 20.7 20.6 20.6 20.6 20.4 20.3 20.7 20.7 20.7 20.7 20.8 20.7 20.6 20.8 20.8 21 21.2 21.5 21.6 21.7 22 22.1 22.1 22.1 22 22 22 22 22.3 22.5 22.6 22.7 22.9 22.9 22.8 22.6 22.4 22.2 22.3 22.6 22.6 22.8 22.9 22.9 23 23.1 23.1 23.2 23.2 23.1 22.9 22.9 22.8 22.5 22.2 22 21.8 21.5 21.3 21.2 21.2 21.3 20.5 21.4 21.2 21.3 21.3 21.3 21 20.8 20.9 21.1 21.2
21.1 21.3 21.2 21.2 21.1 21.3 21.6 21.4 21.3 21.1 21 20.9 20.7 20.6 20.6 20.5 20.3 20.4 20.5 20.8 20.9 20.9 20.9 20.9 20.9 20.8 20.7 21 21.2 21.4 21.7 21.9 22.1 20.5 22.2 22.2 22.1 22.1 22 22 22 22.3 22.5 22.6 22.7 22.9 23 23 22.9 22.7 22.4 22.9 22.8 22.8 22.9 23 23 23 23 23.1 23.2 23.2 23.1 23.1 23 22.9 22.5 22.2 22 21.8 21.6 21.4 21.4 20.9 21.2 21.4 21.3 21.2 20.8 21 20.8 21 21 21.1 21.2 21.4
20.9 21 21 20.9 20.9 21.2 21.5 21.4 21.2 21 20.8 20.9 20.8 20.6 20.5 19.4 20.2 20.5 20.7 20.6 21.1 21.1 21.1 21.1 21.1 21.1 20.9 21 21.3 21.5 21.8 22 22 22.1 22.2 22.2 22.1 22.1 22.1 22 22.1 22.1 22.4 22.6 22.7 22.8 22.9 23 23.1 23 23 23.1 22.9 22.9 23 23.1 23.1 23.1 23.1 23.1 23.1 23.1 23.1 23.1 23.1 22.8 22.4 22.2 22.1 22 21.9 21.8 22 22.1 21.7 21.5 21.3 21 20.7 21.2 21.2 21.2 21.2 21.2 21.3 21.5
20.7 20.7 20.7 20.9 20.8 21 21.4 21.2 20.9 20.8 20.9 20.9 20.8 20.7 20.6 20.4 20.2 20.5 20.8 20.6 20.8 21.3 21.3 21.3 21.3 21.3 21.1 21.1 21.3 21.6 21.8 21.9 21.9 21.9 22.3 22.2 22.1 22.1 22.1 22.1 22.1 22.2 22.4 22.6 22.7 22.8 22.9 23 23.1 23.2 24.7 24.1 23 23 23.1 23.2 23.2 23.2 23.3 23.3 23.3 23.2 23.2 23.2 23.2 23 22.7 22.6 22.5 22.4 22.3 22.3 22.6 21.7 21.6 21.5 21.3 21.1 20.9 21.4 21.4 21.4 21.4 21.4 21.5 21.6
20.4 20.5 20.8 20.8 20.7 20.7 20.9 20.9 20.8 20.9 21 21 20.9 20.7 20.6 20.5 20.3 20.4 20.9 20.8 20.8 21.5 21.4 21.3 21.3 21.3 21.3 21.2 21.4 21.6 21.8 21.9 21.8 21.9 22.2 22.2 22.2 22.2 22.1 22.2 22.3 22.4 22.4 22.6 22.7 22.8 22.9 23 23.1 23.3 23.8 22.1 23.9 23.1 23.2 23.5 23.6 23.7 23.7 23.6 23.6 23.5 23.5 23.5 23.4 23.2 22.9 22.9 22.8 22.8 22.7 22.7 21.9 21.8 21.6 21.5 21.3 21.2 21.2 20.5 21.7 21.7 21.7 21.6 21.6 21.8
20.3 20.7 20.9 20.7 20.5 20.5 20.6 20.9 20.9 21 21.1 21 20.8 20.6 20.5 20.5 20.3 20.5 20.8 21.1 21 21.1 21.4 21.3 21.3 21.3 21.3 21.3 21.4 21.6 21.7 21.7 21.9 22.1 22.6 22.5 22.4 22.3 22.3 22.3 22.4 22.5 22.6 22.6 22.7 22.8 23 23.1 23.2 23.4 23.5 25.2 24.5 23.1 23.6 23.7 23.8 23.8 23.9 23.9 23.8 23.8 23.8 23.8 23.6 23.4 23.2 23.1 23 22.9 22.8 22.2 22.1 21.9 21.7 21.5 21.4 21.4 21.4 21.3 21.9 21.9 21.9 21.9 21.9 21.9
20.3 20.5 20.7 20.5 20.6 20.8 21 21.1 21.1 21.1 21.1 20.9 20.8 20.6 20.5 20.4 20.3 20.7 21 21.2 21.3 21.4 21.5 21.4 21.4 21.4 21.4 21.4 21.5 21.5 21.7 21.8 22 22.2 22.5 22.6 22.5 22.5 22.5 22.5 22.5 22.7 22.9 22.5 22.7 23 23.1 23.2 23.4 23.5 23.7 24 23.9 23.8 23.7 23.7 23.7 23.7 23.9 24 24.1 24.1 24 24 23.8 23.6 23.3 23.2 23.1 22.9 22.5 22.4 22.3 22.2 22 21.6 21.6 21.5 21.6 21.6 21.9 22.2 22.3 22.3 22.2 22.2
20.3 20.5 20.6 20.5 20.6 20.8 21 21.2 21.2 21.2 21.1 21 20.9 20.8 20.7 20.5 20.4 19.8 20.9 21.2 21.4 21.4 21.5 21.6 21.5 21.5 21.5 21.6 21.6 21.7 21.8 22 22.2 22.5 22.7 22.9 22.7 22.7 22.7 22.6 22.7 22.8 22.9 22.7 22.8 23.1 23.2 23.4 23.5 23.7 23.9 24.3 24.1 24.1 24 23.9 23.7 23.7 23.8 23.9 24.1 24.2 24.3 24.1 23.8 23.6 23.3 23.1 22.9 22.5 22.7 22.8 22.6 22.4 22.1 21.9 21.6 21.6 21.7 21.8 21.7 22.2 22.5 22.7 23.4 22.4
20.3 20.2 20.4 20.5 20.7 20.8 21 21.2 21.2 21.1 21.1 21.1 21.1 21 20.8 20.7 20.5 20.4 20.7 21.1 21.4 21.4 21.5 21.6 21.7 21.6 21.7 21.7 21.8 21.9 22 22.2 22.5 22.7 22.9 23.1 22.9 22.9 22.8 22.8 22.7 22.8 22.9 22.9 22.4 23.2 23.4 23.5 23.7 24 24.2 24.3 24.3 24.4 24.4 24.2 24.2 24.1 24 24.1 24.2 24.3 24.2 24 23.8 23.6 23.3 23.1 22.7 22.9 23.1 23.2 22.8 22.8 22.6 22.3 21.7 21.9 22 22.2 22 23.6 22.5 22.6 22.7 22.7
20.8 20.6 20.5 20.4 20.6 20.9 21 21.2 21.2 21 21 21 21.1 21.1 21 20.9 20.8 20.7 20.6 21 21.4 21.5 21.6 21.7 21.8 21.8 21.8 21.9 22 22.1 22.2 22.5 22.7 22.9 23 23.2 23.2 23 23 22.9 22.9 22.8 22.9 23 23.3 23.2 23.5 23.7 24 24.2 24.4 24.5 24.5 24.6 24.7 24.6 24.6 24.5 24.5 24.4 24.4 24.4 24.2 23.9 23.7 23.5 23.2 23.1 23.2 23.3 23.4 23.5 23 23 23.2 22.8 22.5 22.9 23.7 22.7 22.5 22.6 22.7 22.8 22.9 22.9
20.7 20.6 20.6 20.5 20.6 20.8 21 21.2 21 20.9 20.9 20.9 21 21 21.1 21.1 21.1 21 20.8 20.7 21.2 21.4 21.6 21.7 21.8 21.9 22 22.1 22.2 22.3 22.4 22.7 22.8 23 23.2 23.3 23.2 23.2 23.2 23.1 23 23 23.1 23.7 25.1 23.3 23.7 24 24.2 24.4 24.7 24.7 24.7 24.8 24.8 24.8 24.7 24.8 24.7 24.7 24.6 24.6 24.3 24 23.8 23.5 23.3 22.8 23.5 23.6 23.7 23.7 23.4 23.4 23.5 23.9 23 22.7 23 23.1 22.9 22.8 22.9 23 23.1 23.2
20.7 20.6 20.5 20.6 20.6 20.8 21 21 20.8 20.8 20.8 20.8 20.9 21.1 21.3 21.4 21.3 21.2 21.1 20.9 20.8 21 21.2 21.4 21.8 22.1 22.2 22.3 22.4 22.5 22.7 22.9 23.1 23.3 23.5 23.4 23.4 23.4 23.4 23.3 23.3 23.4 23.5 23.7 23.9 23.8 23.7 24 24.3 24.6 24.8 24.9 24.9 24.9 24.9 24.9 24.8 25 25 24.9 24.9 24.9 24.7 24.3 24 23.8 23.6 23.2 23.6 23.9 24 24 24.3 23.7 23.5 23.4 22.8 22.7 23.1 23.1 23.1 22.8 23 23.2 23.3 23.4
20.8 20.7 20.7 20.2 20.9 21.1 21.3 21.3 20.7 20.8 20.8 20.9 21.1 21.3 21.5 21.6 21.6 21.5 21.3 21 20.5 20.7 21.1 21.5 22 22.3 22.4 22.5 22.6 22.8 22.9 23.1 23.3 23.5 23.6 23.5 23.4 23.7 23.7 23.6 23.7 23.7 23.8 24 24.2 24.2 24.2 24.1 24.4 24.7 24.9 25 25 25 25 25 25 25.1 25.2 25.2 25.2 25.2 25.1 24.8 24.3 24 23.8 23.3 23.8 24.4 23.4 23.4 23.8 23.7 23.5 23.4 23.1 23.1 23.2 23.2 23.3 23.3 23.2 23.4 23.5 23.6
20.9 20.8 20.7 20.9 21 21 21.2 21.2 20.8 20.9 20.9 21.1 21.3 21.5 21.7 21.8 21.7 21.7 21.1 20.6 20.7 20.9 21.3 21.7 22.2 22.5 22.6 22.7 22.8 23 23.2 23.4 23.5 23.7 23.6 23.6 23.7 24 23.9 24 24.1 24.1 24.2 24.3 24.4 24.4 24.4 24.3 24.5 24.8 25 25.2 25.2 25.2 25.2 25.2 25.1 25.2 25.4 25.5 25.4 25.4 25.4 25.3 25 24.5 26 23.7 23.2 23.6 23.6 23.8 23.7 23.6 23.7 23.8 23.7 23.8 23.7 23.7 23.8 23.6 23.7 23.6 23.7 23.8
20.9 20.8 20.7 20.8 20.9 21.1 21.1 21.1 21.1 21 21.1 21.3 21.5 21.7 21.8 21.7 21.7 21.5 21.1 20.5 20.7 21 21.4 21.9 22.3 22.7 22.8 22.9 23.1 23.3 23.5 23.6 23.8 23.9 23.9 23.9 23.9 24.2 24.3 24.4 24.4 24.5 24.5 24.6 24.7 24.6 24.6 24.6 24.6 24.8 25.1 25.3 25.3 25.3 25.3 25.3 25.3 25.4 25.5 25.7 25.8 25.7 25.7 26.3 25.1 24.5 24 23.5 23.3 23.5 23.8 23.9 24 24.1 24.2 24.2 24.2 23.4 24.2 24.3 24.2 23.9 24.4 24.1 24.1 24.2
20.9 20.9 20.7 20.8 20.9 21 21 21.1 21.1 21.2 21.3 21.5 21.7 21.9 21.8 21.7 21.7 21.4 21.2 21.2 21.6 21.7 21.7 22.1 22.5 22.9 23 23.2 23.4 23.5 23.7 23.8 24 24.2 24.2 24.2 24.1 24 24.1 24.2 24.3 24.5 24.6 24.9 24.9 24.9 24.8 24.8 24.7 24.9 25.1 25.4 25.6 25.5 25.4 25.4 25.4 25.6 25.8 25.9 26.5 26.1 25.9 25.8 25.4 24.7 24.1 23.6 23.6 23.8 24 24.2 24.3 24.4 24.6 24.7 24.6 24.3 24.4 24.7 24.6 24.2 23.9 24.4 24.5 24.6
20.9 20.8 20.8 20.8 20.8 20.9 21 21 21.1 21.3 21.5 21.7 21.9 21.9 21.8 21.7 21.6 21.4 21.5 21.6 21.7 22 21.6 22.3 22.8 23.1 23.3 23.4 23.6 23.7 23.9 24 24.3 24.5 24.5 24.5 24.4 24.4 24.4 24.4 24.5 24.6 24.9 25.2 25.2 25.1 25.1 25.1 25.1 25 25.3 25.6 25.8 25.7 25.6 25.6 25.9 26.7 26.6 26.6 26.4 26.2 25.9 25.7 25.6 24.9 24.3 23.8 23.1 23.9 24.1 24.3 24.5 24.7 24.8 24.9 24.9 24.7 24.9 24.9 25 24.8 24.7 24.8 24.9 25.1
20.9 20.9 20.9 20.8 20.9 20.9 21 21.1 21.2 21.5 21.6 21.8 22 21.9 21.8 21.7 21.6 21.7 21.8 21.9 21.9 22.3 22 22.4 22.8 23.2 23.5 23.6 23.8 23.9 24.1 24.3 24.5 24.8 24.8 24.8 24.7 24.7 24.5 24.2 24.6 24.8 25.1 25.4 25.4 25.4 25.4 25.4 25.5 25.4 25.4 25.7 25.9 26.1 26.8 26.8 26.4 26.6 26.7 26.6 26.5 26.2 26 25.7 25.5 25.1 24.5 24 23.4 24 24.2 24.4 24.6 24.8 25.1 25.2 25.1 25 25.1 25.2 25.3 25.2 25.1 25.2 25.5 25.8
21 21 20.9 20.9 20.9 21 21 21.1 21.3 21.6 21.8 22 22.1 22 21.9 21.8 21.7 21.9 22 22.2 22.2 22.3 22.4 22.3 22.9 23.3 23.7 23.8 24 24.1 24.3 24.5 24.8 25 25.1 25.1 25 25 24.8 24.8 24.7 25 25.4 25.7 25.7 25.7 25.7 25.7 25.8 25.7 26 26.7 26.9 26.9 26.7 26.7 26.5 26.6 26.8 26.7 26.5 26.3 26 25.8 25.5 25.2 24.7 24.3 23.8 24.1 24.3 24.5 24.7 25 25.3 25.3 25.3 25.4 25.4 25.5 25.6 25.6 25.5 25.8 26.1 26.4
21.1 21.1 21.1 21 21 21 21.1 21.1 21.4 21.7 21.9 22.1 22.1 22.1 22 21.9 21.9 21.9 22.1 22.3 22.4 22.6 22.7 22.7 23 23.4 23.8 24 24.2 24.3 24.5 24.8 25 25.3 25.4 25.4 25.3 25.3 25.2 25.2 25.2 25.1 25.6 26 26.2 26.2 26.1 26 26.5 26.1 26 26.7 27.8 26.9 26.6 26.4 26.5 26.7 26.9 26.8 26.6 26.3 26.1 25.8 25.5 25.3 25.2 24.5 24.1 24.2 24.5 24.8 25.1 25.4 25.6 25.5 25.5 25.6 25.7 25.8 25.8 25.9 26.1 26.4 26.8 27.1
21.2 21.2 21.1 21.1 21.1 21 21.1 21.2 21.5 21.8 22 22.1 22.2 22.2 22.1 22.1 22 22 22.2 22.3 22.5 22.6 22.8 22.8 23 23.5 23.9 24.2 24.4 24.5 24.8 25 25.3 25.6 25.7 25.7 25.6 25.7 25.6 25.4 25.5 25.5 25.7 26.3 26.6 26.7 26.4 26.3 26.3 26.4 26.6 26.3 27.6 27.7 26.5 26.5 26.6 26.8 27 26.9 26.6 26.4 26.1 25.9 25.6 25.5 25.4 25.1 24.4 24.6 24.9 25.2 25.5 25.8 25.8 25.7 25.7 25.9 26.1 26.1 26.2 26.3 26.6 27 27.4 27.7
21.3 21.3 21.2 21.2 21.2 21.1 21.1 21.3 21.6 21.9 22.1 22.2 22.2 22.3 22.2 22.2 22.2 22.2 22.2 22.4 22.5 22.7 23 23.1 23.2 23.6 24 24.4 24.6 24.8 25 25.3 25.5 25.8 26 26 25.9 26 26.1 25.7 25.9 25.9 25.4 26.5 26.4 26.6 26.5 26.5 26.5 26.6 26.7 26.5 27.2 27.1 26.5 26.6 26.7 26.8 27 26.9 26.7 26.4 26.2 25.9 25.8 25.7 25.6 25.5 25.1 24.2 25.4 25.6 26 26 25.9 25.9 25.8 26.1 26.4 26.5 26.5 26.7 26.9 27.4 27.8 28.3
21.3 21.4 21.4 21.3 21.3 21.3 21.2 21.5 21.8 22 22.2 22.3 22.4 22.4 22.4 22.4 22.3 22.3 22.3 22.5 22.8 23 23.2 23.3 23.4 23.6 23.8 24.5 24.8 25 25.3 25.5 25.8 26.1 26.3 26.3 26.3 26.4 26.7 26.4 26.8 26.7 26.3 25.6 25.9 26.4 26.6 26.7 26.7 26.7 26.8 26.7 25.9 26.7 26.9 26.9 26.9 26.9 27 27 26.7 26.5 26.2 26.1 26 25.9 25.8 25.7 25.6 25.1 25.6 26 26.3 26.2 26.2 26.1 26.1 26.4 26.6 26.8 27 27.2 27.4 27.7 28.2 28.6
21.2 21.3 21.4 21.5 21.4 21.3 21.5 21.8 22 22.1 22.4 22.6 22.6 22.7 22.6 22.6 22.6 22.6 22.6 22.8 23 23.3 23.4 23.5 23.6 23.7 24 24.6 25 25.3 25.5 25.8 26.1 26.3 26.6 26.5 26.6 26.7 26.7 26.5 26.6 26.5 26.4 26.3 25.7 26.1 26.4 26.6 26.9 26.9 27 27.1 26.8 26.6 27.1 27.1 27.1 27.2 27.2 27 26.8 26.5 26.3 26.2 26.1 26.1 26.1 26 25.8 25.4 25.6 26.2 26.7 26.7 26.6 26.5 26.4 26.6 26.9 27.3 27.5 27.7 27.9 28.2 28.6 29.1
21.2 21.2 21.1 21.5 21.4 21.5 21.7 21.9 22 22.3 22.5 22.7 22.9 22.9 22.9 22.9 22.8 22.8 22.9 23.1 23.3 23.6 23.7 23.7 23.8 23.9 23.7 24.9 25.3 25.5 25.8 26 26.3 26.6 26.8 26.7 26.6 26.6 26.5 26.5 26.4 26.4 26.4 26.4 26.2 26.2 26.2 26.4 26.6 26.9 27.2 27 26.9 26.8 27.4 27.4 27.4 27.4 27.2 27 26.8 26.6 26.6 26.6 26.5 26.4 26.3 26.2 26.1 25.9 26.5 27.1 27.2 27.2 27.1 27 26.9 26.9 27.4 27.9 28.2 28.5 28.7 28.9 29.2 29.7
