WholeMapElevations/data/nc/nc81_OST50GRID_20230518/NC81.asc
ncols 200
nrows 200
xllcorner 280000
yllcorner 910000
cellsize 50
[rows 70 to 104 of 200, columns 78 to 155 of 200]
254.4 255.4 257.7 260.9 263.9 265.8 267.6 269.7 272.9 276.3 278.4 281.6 284.5 288 290.4 293.4 295.8 295.6 292 291.8 292 290.6 291.2 291.7 290.7 293.4 293.3 294.6 297.4 299.1 302 306.6 311.4 315.7 318.8 321.5 325.9 334 340.7 348.6 355.3 357.9 365.5 368.6 371.3 373.5 374.3 375.7 378.3 379.9 381.4 380.9 380.1 379.8 381.8 385.9 392.9 398.4 403.4 407.8 411.4 414 414.9 414.5 412.8 408.2 401.9 391.2 381.1 369.4 357.8 348.1 340.7 334.4 328.2 317.9 313.6 312.2
252.1 252.4 253.3 257.3 261.7 263.6 265.4 267.3 269.7 272.9 276.2 278.5 281 285.5 287 289.1 292.9 293.7 291.2 289.9 289.5 287.5 287.7 288.9 290.7 292 293.1 293.8 295.8 297.9 301.4 306.1 310.3 313.9 316.2 318.4 322 327.1 333.2 339.9 346.3 353 359.2 364.4 367.9 370.1 372.3 374.2 376.5 378.6 379.8 380.2 379.9 380 382 385.6 393.5 398.8 403.5 407.9 411.6 414.9 415.9 415.5 413.8 409.6 401.1 389.1 377.8 366.5 355.6 348.3 343.1 335.8 333.5 328.7 323.2 317.6
249.4 248.6 251 256.4 259.7 261.4 263.3 265.3 267.5 269.6 273.6 275.7 278 281.7 282.1 284.1 288.3 289.3 288.6 286 286.6 284.8 282.8 280.6 288.6 291.6 292.4 293.7 295.4 297.2 299.8 305.6 308.9 312.2 314.5 316.8 320.2 324.2 328.4 333 338.4 345.2 351.3 357.8 363.2 367.4 370.2 372.6 375 376.2 377.6 378.2 378 379.8 381.7 384.7 392.3 398 403.5 408 411.8 415.5 417 416.5 415.1 411.3 403.8 389.9 378.7 368.7 360.3 353 348.2 345 341.6 340.8 337.8 332.5
246.6 248.2 249.5 253.5 257.7 259.4 261.2 263.2 265.1 268 271.1 273 275 278.3 278.8 280 284.4 286.6 286.1 281.2 280.9 278.7 274.9 283.5 290.5 291.1 293 294.8 296.6 298.7 301.5 305.6 308.2 311.4 313.6 315.8 317.9 321 325.2 329.8 334.7 340.1 347 352.7 357.6 362.7 365.8 369.7 372.4 373.2 374.9 376.2 376.7 378.4 380.7 386 392.6 397.2 402.7 408.1 412.2 416.2 417.5 417.9 417.5 413.9 408.7 398.3 385.4 374.4 365.9 359.7 355.6 355.8 356.4 355.8 351.9 346.1
246.4 247.2 249.1 254.4 257.1 258.4 259.7 260.7 262.6 266.8 268.6 270.3 273.6 274.3 275.8 276.2 278.5 281.2 280.2 279.5 278.7 274.6 275.4 282.8 289.1 291.1 292.9 295.6 297.9 299.7 301.6 305.6 308.2 310.5 312.5 314.5 316.3 319.3 322.1 325.9 331.2 335.8 339.8 349.1 353.5 357.1 361.6 365.3 368.6 370.4 371.1 372.9 373.8 377.3 380.5 385.1 392.1 396.6 402 407.2 412 415.8 417.9 419.1 420.1 418.4 414.1 406.1 394.4 382.7 373.4 367.7 365.4 365.6 364.5 363.1 359 352.6
245.5 247.1 250.6 252.9 255.2 257.1 258.3 259.1 261.7 264.5 266.7 268.6 269.3 270.8 272.9 274.5 275 276.2 277.9 278 277.4 272 277.2 282.1 288.1 290.9 292.5 295 297.7 300.4 303 305.6 308.1 309.8 311.4 312.9 314.7 318.3 320.2 323.6 329.2 333.5 338.1 345.1 349.3 354.2 358.4 362 365.1 367 368.9 369.4 371.3 375.7 380.2 385.2 390.6 395.7 401.2 406.4 411.1 414.9 417.4 419.4 421.4 421.3 418.2 413 404.1 393.4 382.8 376.8 375 373.2 370.8 367.5 362.2 354.6
244.8 247.2 248.7 251.3 251.7 254.5 256.4 257.1 260.6 262.6 263.1 265.3 267 269.5 271.2 273 274 274.7 276.3 276.5 273.5 270.7 278.7 281.7 285.8 289.5 292.3 294.4 297.1 299.8 302.7 304.1 307.2 308.4 309.9 311.3 314.6 316.6 319.4 322.7 327 331.3 337.3 343.1 347.6 351.3 355.2 358.4 361.5 363.6 365.6 366.5 369.8 374.6 379.2 385 389.8 395.1 399.9 405.2 410 413.7 416.8 419.2 421 422.3 420.5 417.1 411.1 403.8 395.3 387.7 381.4 377.3 373.7 368.6 361.8 350.7
246.7 247.1 248.2 247.3 247 250.5 254.2 255.1 257.7 258.8 260 261.9 262.8 263.8 266.8 269.8 272.9 273.5 275 271.3 268 273.5 277.5 280.9 284.3 287.9 290.8 293.8 296.5 299.2 300.3 302.1 304.3 307 308.2 309.6 312.7 314 316.8 319.5 325.8 331.4 336.4 342.1 345.9 348.8 351.8 354.8 357.9 360.2 362.4 363.9 367.4 374.1 378.1 383 389.1 392.9 399 403.9 408.5 412.1 415.2 418.2 419.9 421.2 421.7 419.4 415.1 408.7 401 392.7 384.5 379 371.8 367.4 356.2 336.1
245.6 246.7 245.2 244.7 244.5 246 250.2 252.7 254.5 256.4 257.6 259.8 262.2 261.8 262.1 265.6 272.9 271.9 267.8 268.4 271.1 274.3 276.9 279.5 281.8 286.1 290.6 294.5 295.7 297.8 299.9 302.1 304.4 306.5 308.8 310.8 312.8 316.5 318.2 320.3 325 331 335.7 341.2 344.1 346.8 350 353.1 355.6 357.2 358.9 363.2 366.9 373.3 378.5 382.9 387.8 393.7 397.9 402.3 406.8 410.4 413.7 416.5 418.3 420 420.8 419.7 416.4 410.7 403.1 394.6 385.8 377.4 369.3 361 342.7 321.8
244.4 243.7 242.2 241.1 241.3 242.6 247.1 250.3 251.8 253.8 256 257.1 258.8 259.6 259.3 262.3 267.6 269.4 263.4 269 270.9 273.6 276.3 278.7 281.6 286.1 290.5 293.3 295.6 296.3 298.5 301.2 304.1 307.2 308.8 310.2 311.8 314.8 317.8 320.8 324.8 330.5 334.3 339.1 342.9 346 348.6 351.6 354.2 355.2 357.6 361.2 365.7 372.2 378 382.2 386.8 393.2 396.3 400.6 404.7 408.7 412 414.7 417 418.5 418.7 418.2 415.9 411.4 404.1 394.7 385.1 369.4 355.8 344.7 328 311.4
235.5 235.1 235.1 237.2 237.4 239.8 243 244.9 248 251.3 252.6 254.1 256 254.7 253.7 254.3 257.2 265.2 261.2 268.1 270.8 273.2 275 278.2 281.1 284.7 288.2 291.4 294.2 295.5 297.9 299.7 303.1 306.7 308.1 309.6 310.9 313 316.5 321.1 324.2 328.5 333.1 337.2 341.3 344.8 347.7 350.4 352.5 353.3 356.3 360.4 363.3 370.8 377.9 380.9 386 389.7 394.6 398.6 402.7 406.8 410.1 412.6 414.9 416.6 416.7 416.4 414.5 410.2 403.1 393.6 383.9 370.5 347.6 330.1 316.6 302.8
238.2 237.1 232.1 231.8 234.8 237.8 242.4 244.2 245.7 249.4 249.1 247.8 251.5 252.1 258.1 260.9 263 263.9 264.7 267 269 271.1 273.7 276.9 279.5 282.8 286.3 288.2 290.8 294.2 297.2 298.7 302.2 305.7 308.1 309.4 310.6 313.2 316.5 319.9 322.7 326.7 330.5 334.7 339.3 342.9 347.8 349.9 350.6 351.9 354.6 358 362.9 369.3 376.9 380.9 384.3 388.7 392.7 397.1 401.3 405.1 408 410.6 412.5 413.9 414.2 413.1 411.7 407.9 401 392.2 381.9 368.4 351.8 334.6 314.9 300
235.3 234 232.9 232.4 231.4 237.8 242.7 240.6 243.1 244.5 249.1 253.4 252.7 258.1 259.7 261.3 261.6 261.7 263 265.3 268.6 270.5 273.1 275.4 278.4 281.1 284.1 285.4 288.3 291.8 295.2 297.7 300.7 303.7 306.7 308.3 310.8 313.4 316.2 318.7 320.8 323.6 328.2 332 336.2 341.7 346.6 345.4 347.9 351.3 353.6 356.5 361.2 368 375.6 379.5 383.3 387 391.5 396.3 399.6 402.9 405.8 408.2 409.8 411.4 411 409.8 408.1 403.8 397.2 389 377.5 361.6 346.3 332 316.1 297.8
234 233.2 233.1 232.2 232.2 238.6 240.1 238 240.6 242.7 248.4 249.9 253 254.9 258 258.3 258.4 256.7 258.7 260.9 265 269.7 272.4 274.1 275.9 278.5 281 282.3 286.6 289.9 293 296 299.1 302.1 305.2 306.9 309.1 311.8 313.2 315.7 318.9 321.8 324.7 329.5 334.5 338.5 340.7 344 347.5 350.8 353.6 355.6 361 367.7 373.3 378.3 382.3 385.8 389.9 395 397.9 400.7 403.4 405.6 407.6 407.9 407.5 406.7 404.3 400 392.9 382.6 365.9 350 334.7 322.4 309.1 306.2
232.9 232.4 231.9 231.4 229.7 230.7 234.1 233.5 238.1 242.8 247.4 250.6 253.5 253.3 249.8 252.9 260.6 263.2 266.1 268.3 268.3 266.3 270.6 272.5 271.8 274.4 274.7 278.7 284.4 288.3 291.7 295.5 297.6 300.1 303.1 305.6 307.7 310 311.3 315.1 319.1 322.2 325.6 328.4 331.8 334.6 341 344.1 348.3 351.6 354.7 355.9 361.2 367 372.2 376.8 380.7 383.9 388.7 393.8 396.8 399.5 401.5 403.4 405.3 404.6 404.1 403.2 400.6 395.8 387.3 374.3 355.2 339.4 326.4 314.6 316.9 322
231.2 231.3 230.9 230.2 226.4 228.6 231.7 233.2 236.5 240.2 239.8 242.1 244.9 254.2 259.1 262.3 263.2 266.3 268.5 269.8 270.8 271.3 267.8 270.7 273.4 277.6 279.9 279.2 279.1 285.2 286.3 288.5 290.9 296.9 299.8 300.6 303.7 308.5 310.7 313.6 316.6 320.5 324.1 328.5 331.9 336.7 341 345.1 348.8 352.3 354.8 357.8 362.6 367.2 371.5 374.2 378.5 383.3 388.1 392.2 395.5 398.2 399.9 401.8 403.2 403.1 402.2 400.1 395.7 384 372.8 359.6 345 332 329.3 321.4 329.7 338.8
230.2 230.5 229.2 228.9 225.5 228.3 228.9 236.1 237.5 241.8 243.1 248.8 253.6 257.5 260.9 264.4 266.2 266.9 270.1 271 272.3 273.4 273.2 274.8 274.4 277.5 279.9 282.9 285.6 287.2 289.4 293.3 295.9 297.9 299.7 300 304.5 308.1 311.2 314.1 318.3 322.8 325.9 329.7 333.1 336.2 339.7 342.5 347.8 351.4 354.3 356 361.8 367.1 370.8 374.4 378.1 382.4 386.8 390.6 394 396.8 398.3 400.1 401.1 401.2 400.5 397.1 390.3 368.4 356.1 347 343.6 341.8 342.2 335 344.7 356.7
230.9 231.1 229.4 227.1 224.5 226.1 227.3 236.3 238.6 241.2 246.2 251.9 255.2 259.5 263 266 268.1 268.7 269.5 272.2 273.5 274.8 275.9 276.8 277.7 278.9 280.7 283.5 285.8 288.9 292.8 295.9 297.6 300.6 302.6 304.6 306.4 309 311.5 314 318.8 323.3 326.5 329.4 332.4 334.7 339.1 343 347.2 350.5 352.8 355.4 361 366.9 369.8 373.6 376.2 380.8 385.5 388.9 392.4 395.5 397.2 398.8 399.2 399.2 398 395.4 388.2 373.9 364.5 365.5 366 363.8 354.8 352.7 365.7 379
230.5 231.5 228.7 225.5 223 224.9 229.4 234.1 240.1 242.4 246.7 250.8 255.9 260.9 264.1 267.2 269 269.4 269.4 273.3 274.8 276.1 277.1 277.9 278.9 280.3 282.8 285 286.9 289.2 293.7 296.5 298.2 301.3 303.2 305.5 308.8 311.5 313.7 316.1 318.7 321.6 324.4 327.1 329.8 334 338.3 342.6 346.1 349.9 352.3 356.6 362.3 366.9 370.2 372.1 375 379.7 384.5 388.5 392.2 394.1 396.5 397.6 398.5 399 398.4 396.9 393.5 386.3 376.2 387.3 385.5 378 360.3 371.3 387.9 399.8
230.4 230.5 228.3 224.1 222.5 224.6 227.4 232.3 241 244.5 246.9 249.9 256.8 262 264.9 267.2 268.9 270.2 272.9 274.4 275.6 277.5 278.4 279 279.8 281.7 284.1 286.7 289.2 291.2 294.2 295.6 297.7 300.9 302.7 305.6 309.3 312.5 315.1 317.1 319.8 322.6 325.9 328.5 330.7 334.8 337.9 342.4 345.3 349.1 352.4 356.9 361.1 365.7 368.2 370.9 375.2 378.8 383.2 387.1 391.4 393.5 395.4 396.7 397.7 398.6 399.1 399.6 398.1 396 391.1 398.6 396.9 391.8 377.2 387.7 402.2 408.3
228.4 230.3 229.6 223 221.9 224.7 228.6 235.3 241.3 243.2 244.2 248.1 254.6 261.6 265.4 267.5 269.4 271 273.6 275.3 276.4 277.5 278.2 280.8 281.1 283 285.1 287.6 290 292.7 293.4 294.7 296.9 297.5 300 304.5 309 312.4 315.1 317.5 320 322.6 325.9 329 332.1 336.2 340.2 342.9 346.7 350.3 353.2 357.3 362.5 366.8 368.5 371.5 373.3 378.1 382.9 386.7 390.6 393.3 394.8 395.7 396.8 398.2 400.1 401.2 401.4 401.6 402.7 403.5 403.9 400.4 386.4 398.8 407.4 412.8
227.4 226.7 224.1 221.3 220.2 222.7 226.2 232.6 239.8 243.2 245.6 249 255.5 261.7 265.2 267.7 269.2 270.9 273.5 275.8 277 277.5 278.6 280.6 282.6 284 285 288.3 290.6 293.4 294.2 294.7 295.5 299 302.1 305.7 308.8 311.6 315 317 319.4 321.5 324.7 327.5 330.7 335.5 339.1 341.4 346.1 349.8 353.3 359.3 362.7 365 368 371.5 374.1 377.7 381.8 386.5 388.9 391.4 394 395.5 397 398 400.6 402.4 403.6 404.5 406.1 407 406.8 403.4 392.5 401.8 409 414.2
228.3 226 226 223.1 218.9 225.4 228.4 229.5 235 240.6 243.9 248.5 255.6 261.2 264.5 266.9 268.2 270.9 273.5 276 276.9 278 279.2 280.5 281.4 282.4 286.1 289.8 292.1 293.7 294.9 295.6 296.5 300.1 302.8 306 310 312.6 314.7 318.1 321 323.1 324.7 328.3 331.9 335.3 339.4 341.6 345.3 350.1 353.7 358.2 361.5 364.6 367.3 371 373.2 376.7 381.5 385.9 388.6 390.9 391.7 395.8 396.6 398 400.6 402.6 403.7 405.2 407.3 408.3 408.6 405.7 396.1 401.8 408 412.9
229.8 228.2 227.5 226.2 223 223.4 227.9 229 229.5 235.6 240.6 248 254.3 260.4 262.3 266.2 267.8 270.3 273.3 276.1 277.4 278.3 279 279.8 281.1 282.2 284.9 288.6 290.6 292.2 292.2 294.9 297.7 300.3 304.6 306.6 310.5 312.2 314 317.1 321.5 324.2 327 329.9 333.1 336.1 339.6 343.8 348.2 350.1 353.4 357.4 361.6 365.6 367.2 369.4 371.6 375.7 380.7 384.4 386.5 390.4 392.8 394.8 396 398 400.6 402.6 404.2 405.5 406.3 407.4 408.6 407.4 403.7 398.6 405 409.5
232.3 230.5 230.3 230.7 226.8 216.1 221.7 225.7 226.1 236.4 242.2 246.2 251.2 255.8 260 264.4 266.7 269.6 272.4 275.6 277 277.8 278.2 278.8 280.8 283.6 285.5 286.9 290.1 291.9 293.5 296 298.3 301.4 304.9 309.3 311.6 312.3 313.5 316.4 321.6 324.8 327.6 330.8 333.7 336.8 341.7 344.7 347.8 350.4 354 358.3 361.7 365.4 367.1 369.2 371.5 375.8 379.8 383 385.2 389.2 392 394.8 396.2 397 399.8 401.7 403 403.8 404.2 404.9 406.1 406.3 401.8 402.7 398.6 405
234.3 231.8 233.5 232.5 227.6 222.8 216.3 222.5 227.6 237.5 241.3 242.9 248.5 252.5 257 261.6 265 266.6 270.3 274.8 275.9 276.4 275 276.7 281.2 283.7 285.8 287.5 289.6 291.8 293.8 296.3 298.7 301.7 304.6 308.3 310.7 312 313.4 315.2 321.5 323.7 326.4 331.2 334.1 338.1 340.9 344.5 348.1 351.6 355.1 359.3 362.4 365.4 367.7 370.1 372 373.4 379.7 382.3 384.8 387.9 390.5 392.3 394.6 396.9 398.3 399.7 401 401.6 402.1 402.6 403.6 402.2 398.4 399.6 395.1 398.8
235.2 232.6 232 232.3 228.5 223.1 212.7 218 227 234.5 237.7 240.4 244.6 248.4 255.4 260 263.2 263.8 265.8 273.7 276.1 277.6 277.8 278.9 281.9 283.9 285.9 287 290 292.1 294.1 296.1 299 301.7 303.8 306.2 308.4 311 313.6 314.7 320.7 323.7 326.5 329.3 333.4 336.2 340.7 344.3 348.4 352 355.8 358.9 362.6 365 367.3 369.3 370.8 373 378 381.4 383.5 386.7 389.3 391.1 393.7 395.1 396.1 398.1 398.6 399 399.9 400.4 401 400.4 399.4 398.3 390 394
235.7 233.8 232.9 234 230.6 223.1 211.7 214.8 223.4 232.1 236.4 238.2 241.2 246.6 255.1 259 260.6 260.9 266.7 271.6 276.5 277.7 279 279.4 282.1 284.1 285.6 286.6 288.9 292.4 294.3 296.3 298.9 300.7 302.4 304.7 307.8 309.9 311 314.1 320.1 325.3 328 329.7 332 335.8 339.9 343.4 347.7 351.5 355.2 358.4 361.6 364.2 365.7 367.9 369.8 371.6 376.3 380.4 383.1 384.4 388 390.3 391.6 393 394.3 395.7 395.7 396.2 396.8 397.9 397.8 397.3 397 394.7 390.4 387.8
236.2 234.4 233.2 232.1 235.6 226 214.6 214 217.4 226.1 231.5 235.7 239.8 249.7 253.3 255.4 259.8 263 267 271.4 274.5 277.3 279 279.9 282.3 283.7 284.8 287.6 289.8 291.7 294.1 298.2 299.5 301.6 302.6 304.6 305.5 307.3 309.1 313.4 320 322.9 327.4 328.9 331.5 334.6 338.5 342.6 346.4 350.2 353.9 357.5 360.5 363 364.6 366.5 368.8 370.7 374.5 378.5 381.6 384.3 386.7 388.7 390.5 391.3 392.3 392.7 392.7 394.1 394.4 393.6 394.1 394.2 392.1 390.3 387 377.6
236.2 234.2 233 231.4 229.7 225.8 213.1 210.8 214.5 222.1 233.8 235.6 237.7 242.5 250.9 255.3 260.4 265.2 268.5 271.9 275.8 278.8 279.9 282 282.8 284 286.6 288.3 289.8 291.7 294.7 298.1 299.4 300.3 302.6 302.8 303.8 305.4 309.5 313.8 318.8 323.1 325.5 327.8 331.3 333.7 337.3 341.1 344.9 348.7 352.5 356.2 359.1 361.5 363.6 364.4 366.7 368.1 372.6 377 379.3 381.8 384.1 386.3 388.9 390.3 390.3 390.1 389.6 390.1 390.1 390.7 390.3 390.1 387.6 385 381 375.1
235.2 233.6 232.2 229.4 227 223.1 212.1 213.2 214.5 218.8 229.2 233.7 241.2 242.5 249.6 253.5 259.1 265.6 268.5 271.6 276.3 279.4 281.5 282.6 284.2 285.4 287.6 289.2 290.2 292.1 295.1 297.6 298.6 299.6 299.9 301.2 302.4 305 309 313.2 317.3 321.4 324 327.5 330.1 332.7 335.3 339.2 343.1 347.2 351.1 354.9 357.6 360.1 361.7 362.1 364.5 367.9 370.3 375 378.3 380.6 382.2 384.6 386.6 387.8 387.8 386.7 383.6 384.7 387.1 387.5 387.1 386 383.2 381.2 378.3 372.5
235.8 232.3 231.2 228.1 224.7 219 214.8 212 220.3 220.7 230.6 237.1 238.3 245.6 250.7 254.8 260 265.6 268.8 271.9 276.6 279.8 282.3 283.6 284.8 286.5 288.5 290.1 291.2 293.2 295.1 296.5 298 298 298.1 299.4 302.8 307.1 309.9 312.3 315.4 318.9 322.2 326.3 329.1 331.6 333.9 337.7 341.8 345.2 348.3 353 355.3 358.3 359.4 359 362.9 366 369.3 372.9 376.1 378.3 379.7 379.9 382.9 384.7 384.5 382.2 378.3 381.4 383.2 384.1 384.5 382.9 380 377.3 375.7 369.8
234 231.5 230.3 227.6 221.9 217.2 206.9 211.1 217.2 227.6 232.1 236.6 240.6 247.4 251.5 255 259.5 264.7 269.6 272.7 276.3 279.2 282.1 284.1 285.7 287.6 289.5 291.1 292.3 293.6 294.7 296.3 295 295.6 298.1 299.4 303.4 307.3 309.5 311.8 314.1 318.5 320.2 324.9 328.3 330.7 332.9 336.6 340.3 343.6 346.3 350.7 354 355.9 357 358.5 360.6 363.4 366.3 369.3 371.8 374.8 377.3 378.2 380.4 380.9 381.3 378.5 376.4 378.5 380.8 381.6 381.1 379.6 377.1 375 372.7 369.4
230.9 230.5 230.1 227.7 219.4 210.2 209.6 216.6 217.6 224.9 231.2 234.9 239.7 246 249.3 253.5 259 262 268.4 273 276.9 279.9 282.7 285.4 287 288.8 290.1 291.3 292.3 293.2 293.7 293.4 294.2 295.5 297.9 299.9 302.8 305.4 309.1 311 312.6 315.7 319.5 322.5 327.6 329 331.1 334.4 338.1 341.4 345 348.4 351.6 353.7 354.5 356 358.2 360.3 363.2 366.3 369.1 371.9 373.6 374.1 376.5 378 377 374.2 374.1 376 378.3 379.2 377.8 376.1 374.2 372.1 370 367.3
228.7 228.1 228.2 224.9 215.8 207.1 214.1 217.2 221.2 229.3 232.4 233.9 239.7 245.6 250.3 254.3 256.3 261.6 267.4 273.1 276.7 279.7 282.6 285.9 287 288.2 289.8 291.3 291.7 292.4 292.4 292.6 292.8 294.7 297.1 299.1 301.7 303.9 308 309.7 311.5 314.6 318 321.3 323.8 328 330.2 332.2 336.3 340.1 343 346.5 349.1 351 351.9 353.9 356.4 358.5 360.3 362.8 365.1 368.1 370 371.5 373.6 374.3 373 370.1 371.5 372.3 374.6 375.2 374.4 372.8 370.8 368.9 366 367.6
