WholeMapElevations/data/nm/nm66_OST50GRID_20230518/NM66.asc
ncols 200
nrows 200
xllcorner 160000
yllcorner 760000
cellsize 50
[rows 35 to 69 of 200, columns 80 to 159 of 200]
1.1 1.6 2 2.4 5.7 3.1 5.9 5.2 4.2 -1.6 -1.6 3.1 9.5 4.2 2.8 2.9 2.9 2.2 2.4 3.2 3.6 4 4.3 4.4 4.6 4.9 5.2 5.2 2.5 -1.6 4.8 6 6.1 6.8 7.7 8.4 9 9.7 11 12.2 13.3 15.4 16.6 15.1 15.3 15.5 15.7 15.7 15.8 16.2 16.5 16.8 17.4 18.2 18.3 29.6 33.3 42.8 56.1 61.1 44.3 42.2 33.5 29.2 30.1 27.3 40.8 40.5 23 17.1 16.6 13 11.5 6 5.1 3.5 2.5 2.5 2.5 2.5
2 2.4 2.4 2.4 2.4 2.4 4.4 7.7 6 -1.6 -1.6 2.3 4.7 2.4 2.4 2.7 3.7 2.5 2.7 3.9 4.3 4 4.2 4.5 4.7 4.9 5.2 5.4 5.4 -1.6 -1.6 4.4 5.7 7 7.3 7.5 8.1 9.7 11.1 12.3 13.5 15.4 19.9 17.4 16.1 15.7 15.7 15.7 15.8 16.2 16.4 16.7 17.1 18.1 17.9 25.8 34.3 46.1 51.1 61.5 49.2 51.3 62.8 45.1 53.5 52.5 44 37.2 24.8 17.4 16 14.2 12.6 8.1 6 3.2 2.5 2.5 2.5 2.5
2.4 2.4 2.4 2.4 3.4 2.4 2.4 7.1 -1.6 -1.6 -1 1.3 1.9 1.2 0.9 1.6 2 -1.6 -1.6 4.5 4.3 3.8 4 4.4 4.7 5 5.3 5.5 5.7 4.7 -1.6 -1.6 -1.6 6.3 7 7.3 8.2 10.4 11.8 12.7 14 14.9 15.5 16 16.7 15.9 15.9 15.8 15.8 16 16.3 16.6 16.9 17.3 17.5 19 37.4 40.7 54.7 58.2 46.4 57.9 61.7 47.5 58.4 54.8 46 37.1 20 17.7 14.6 13.1 13.7 10.8 6.7 5.2 2.5 2.5 2.5 2.5
2.4 2.4 2.4 2.4 12.2 5.1 3.8 6.1 -1.6 -1.6 -1.6 -0.3 -0.2 -0.3 -0.7 -1.6 -1.6 -1.6 -1.6 1.9 4.4 3.6 3.8 4.5 4.9 5.1 5.4 5.7 6.2 5.5 5.5 4.6 -1.6 5.2 6.6 7.5 8.5 11 12.3 15.3 24.6 24.8 22.8 17.1 16.2 16.1 16 16 16 16.1 16.2 16.4 16.8 17 17.1 19.1 29.4 33.6 40 47.7 36.8 42.6 41.6 49.7 54.3 51.8 36.6 29 20.2 18.8 16.3 13.9 13.2 11.7 9.2 7.3 5.1 4.2 2.5 2.5
2.4 2.4 2.4 2.4 2.3 6.2 2.7 4.9 1.8 -1.6 -1.4 -1.4 -1.4 -1.5 -1.6 -1.6 -1.6 -1.6 -1.6 1 4.4 4 4.4 4.8 5.1 5.5 5.6 6.1 6.6 6.7 6.6 6.6 6.8 4.8 6 7.6 8.5 10.9 15.6 23.7 24.3 25.7 24.5 21.9 17.9 17.4 15.9 15.9 15.9 16 16.2 16.3 16.5 16.7 16.8 24.4 36.3 34.3 33 34.8 27.6 28.4 30.5 33.7 39.3 33.1 29.6 29.7 26.1 19.6 17.3 15.4 13.6 12 10.2 9.1 7 4.3 2.5 2.5
2.4 2.4 2.4 2.4 2.4 2.4 2.4 2.4 2.3 0.4 -0.6 -0.4 -0.4 -0.5 -0.4 -0.2 -1 -1.6 -1.6 1.8 4.6 4.9 5 5.4 5.9 5.9 6 6.2 6.5 6.7 6.8 7.1 6.8 6.9 4.5 6.7 8.3 9.6 10.8 11 11.6 14.3 14 15.5 15.3 15.3 15.4 15.6 15.8 15.9 16 16.2 16.2 16.3 16.6 16.6 24.7 22.5 20 31.5 25.9 39 45.2 37.1 33.8 54.8 65.2 54.8 43.9 30 21.1 16.7 14.1 12.1 11.1 9.8 8.8 7 5.7 2.5
2.4 2.4 2.4 2.4 2.4 2.4 2.4 2.4 2.4 1.3 0.1 0.5 0.6 0.5 0.6 0.8 0.1 -0.8 -1.6 1.9 4.9 4.7 5.1 5.4 5.8 6.1 6.2 6.3 6.6 6.9 7 7.9 7.8 7.5 7.6 4.3 7.1 8 10.1 10.8 11.1 11.5 12.1 13.4 14.2 14.6 15 15.4 15.6 15.8 15.9 16 16 16.1 16.2 16.3 16.1 19.5 18.5 24.7 29.1 48.1 53.4 51.1 49.2 61.5 79.1 76.6 71.9 62.8 43.9 33.8 18.9 12.3 11.5 10.5 10.1 8.4 6.1 5.1
2.4 2.4 2.4 2.4 2.4 2.4 2.4 2.4 2.4 2.3 0.9 1.3 1.6 1.5 1.6 1.8 1.3 -1.6 -1.6 1.9 3.7 4.6 5.8 5.6 5.8 6.2 6.7 6.7 6.7 7.4 7.7 15.2 13.2 8 7.6 5.2 5.6 7.5 9.3 10.2 10.5 10.9 11.6 12.3 14 14.6 15 15.3 15.5 15.7 15.8 15.8 15.8 15.8 15.9 16 15.4 19 45.3 36.9 49.7 62.7 62.4 59.5 57.1 62.9 68.5 83.8 83.8 75.5 62.9 44.3 14.4 12 11.1 11 10.8 8.7 5.5 6.4
13.2 2.4 2.4 2.4 2.7 3.7 2.4 2.4 2.4 2.4 1.7 2.1 2.4 2.4 2.4 2.3 2.4 -1.6 -1.6 2.4 4 5 6.9 7.1 6.2 6 6.8 7.3 7.3 7.8 8.4 14.4 16.6 9 8.3 8.1 6.3 5.8 7.3 9.2 9.6 10.6 10.9 11.4 13.3 14.6 15 15.2 15.4 15.5 15.6 15.6 15.6 15.6 15.6 15.6 15.5 23.2 35 42.6 48.7 71.2 73 69.4 68.2 69.3 83.3 76.1 78.7 79.2 71.7 55.4 30.6 12.2 12.6 12.3 11 9.6 6.3 7.5
19.5 32 24.1 12.6 16.6 15.1 10.4 8 -0.1 2.4 3 2.4 2.8 2.4 2.5 2.5 2.6 -1.6 0.1 2.4 4.2 5.1 5.7 6.7 6.6 6.6 6.8 7.4 7.3 8.4 9 9.8 10.7 9.8 9.6 9.1 9.2 8.3 7.1 7.5 7.8 9.9 9.1 10.7 12.4 14.6 14.8 15 15.2 15.4 15.3 15.3 15.3 15.3 15.3 15.3 14.8 14.6 17 30.6 42.3 62.9 69.5 69.7 78.2 76.6 77.9 82 84 72.2 49.2 32.1 22.7 14 12.7 12.1 10.2 8.9 6.7 7.4
38.3 56 48 45.9 30.3 32.7 28.6 15.2 3.7 2.4 9.1 3.4 2.4 3.3 2.2 2.7 -1.6 -1.6 0.9 2.6 5 7.7 6.8 7.4 8.3 8.7 7.4 7.1 7.2 8.1 8.4 9.4 10.7 10.8 10.5 10.4 10.2 9.9 12.1 9 8.1 10 8.9 9.7 12.3 14.1 14.7 15.1 15.1 15.2 15.1 15.1 15.1 15.1 15.1 14.9 14.5 14.5 20.9 24.9 42.7 55.1 54.9 57.2 64.7 78.1 95.3 95.6 87.9 60.3 39.8 32.5 32.8 27.8 12.9 11.9 11.1 9.5 6.2 6.7
55.1 62.8 59.4 60.1 49.5 43.1 54.6 33.7 12.3 11.6 7.1 10.7 7.2 8 6.5 18.7 -1.6 -1.6 1.4 2.4 -1.6 6.4 12.2 12.6 17.4 8.5 7.7 7.1 7.8 10.2 9.1 10.2 11 10.9 10.9 11 11.1 11.8 19.9 14.8 12.1 8.6 10.9 9.5 12 12.8 14.2 15.1 15 15 14.8 14.9 14.9 14.9 14.7 14.5 13.9 29.9 25.9 27.7 43.1 51.7 50.1 49.3 80.3 87.5 83.9 84.9 85.2 71.8 51.8 47.1 42.9 38.7 18.5 13.3 12 10 7.7 10.8
63.5 59.7 63.8 63.3 58.2 61.9 61.1 45.1 22.9 23.2 26.9 11.8 8.8 10 12.6 16.4 12.7 -1.6 -1.6 -1.6 -1.6 -1.6 -1.6 -1.6 2.8 8 8.4 7.3 8.7 10.7 11.1 11.1 11.5 12.6 13 13.8 13.5 14 16.2 18.1 19.3 12.2 12.3 10.1 11 11.9 12.4 14.2 14.6 13.9 14.6 14.6 14.6 14.1 13.7 13.5 13.5 30.6 29.4 26.1 42.4 46 45 48.7 68.7 72 84.8 100.6 93.1 76.4 57.7 57.5 51.4 45.4 28.5 13.8 12.7 9.9 9 12.3
78.8 70 71.5 68.1 67 70.2 70.5 59.9 44.9 37.7 44.5 45.5 18.9 10.6 22.3 27.6 26.1 5.3 -1.6 -1.6 2.9 -1.6 -1.6 -1.6 2.7 3.2 8.5 5.8 9 13.6 10.7 11.6 12.6 13.3 15.8 20.7 15.5 15 23.8 19.9 18.3 13.4 11 9.7 10.2 10.9 10.3 12.2 13.5 13.2 12.9 13.6 13.5 13.1 12.7 12.7 13.1 16.8 25 21.3 30.5 46.2 35.4 30.6 42.3 71.7 96.6 103.7 99.7 87.2 69.9 61.7 53 50.5 33.2 13.6 12 12.1 11.9 10.9
82.3 74.2 76.1 81.7 89.7 76.5 76.2 63.8 52.6 45.4 42.3 51.5 45 17.9 28.6 36.1 26.6 11.9 -1.6 -1.6 9.6 9.3 19.7 17.2 -1.6 5 2.3 4.6 5.3 4.1 11.4 14.2 12.7 17.2 23.3 21.9 17.2 17.5 22.5 20 15.3 15.9 10.6 10.2 11.2 10.7 10.6 11.3 10.8 11.5 12.3 12.1 12 12.5 11.9 12.7 12.5 13.7 15.1 16.4 26.4 29.9 19.2 34.8 52.5 81.2 94.8 97 100.9 93.3 74.4 59.9 54.2 48.5 40.1 24 13.7 12.9 11.4 10
88.2 75.1 88.8 87.9 96.9 92.5 87.2 74.5 56.4 52.4 44.2 50.1 47.9 35 34 48.1 46.1 21 7.8 2.4 9.9 15 27.9 28.7 28.1 21.8 17.1 9.1 5.6 7.2 5 7 8.4 14.7 17.1 19.7 18.6 17.4 17.1 15.5 13.5 16.2 10.2 10.1 11 10.9 11.4 16.9 11.4 11.9 11.9 11.9 11.6 11.9 11.9 12 12.6 12.7 13.3 14.1 15.8 16.9 17.2 29.2 45.5 74.9 82.4 86.8 90.5 82.4 73.5 63.4 59.4 54.6 55 40.3 16.8 15.7 13.3 10.7
82.6 76.5 97.9 98.8 101.3 101.3 97.9 82.6 68.2 56.8 61 53.9 50.9 52.3 36.9 48.3 53 37.8 17.9 12.1 11.6 16.9 29.2 42.9 32.3 24.6 22.9 16 13.6 7.9 13.6 7.1 8.2 9.2 13.1 20.2 24.3 21.1 21 15.5 12.5 10.4 10.6 10.8 13.2 16.2 19.3 17.7 14.1 16.4 16.6 13.9 15.7 12.9 12.9 12.9 12.9 13.3 12.7 13 13.7 14.7 15.6 19 33.9 57.2 67.9 67.8 65.5 65.3 65.9 58.8 66.1 60.8 47.6 39.4 29.9 20.7 16 14.5
85.2 91.6 100 101.1 112.5 112.7 108.4 95.9 85 72.2 67 62.7 54.8 56.9 44.1 49.1 57.5 49.4 32.4 18.2 9.8 19.2 30.3 37.2 31.3 27.6 26.5 24 17.9 14.5 17.9 19.9 21.7 14.1 9.8 14 21.2 22.5 21.3 17.4 12.2 10.4 12.1 15.1 18.1 21.6 25.6 25.4 18.3 18.7 17.7 18.7 19.6 15.4 14 13.9 14 14.4 13 13.1 13.6 14.1 15.2 17.6 28.8 31.8 41.8 57.6 53.8 52.4 59.2 54.5 60.9 64.6 59.7 47.9 33.8 25.8 19.7 15.7
98.5 91.9 103.4 108.2 117.1 119.7 121.4 118.3 100.4 82.8 83.9 77.3 62.5 65.1 60.8 62.4 56.2 53.6 40.1 22.9 14.1 21.8 29.9 39.3 35.8 24.9 29.5 20.9 17.4 18.6 27.7 32.2 27.9 21.5 21.4 10.2 17.1 15.3 14.6 13.7 13.2 12.3 14.8 16.7 19.6 22.5 26.7 29.1 20.9 20.2 17.9 25 27.2 18.5 15.4 15.1 15.3 15.1 13.6 14 14.4 15 15.4 35.6 55.6 54.8 38.9 42.8 41.4 47.2 44.9 46.5 59.8 72 63.9 52.8 38.6 26.5 17.4 13.5
105.1 126.8 125.5 111.3 113.3 121.4 122.1 126.3 118.4 94.3 90.7 85.8 79.8 72.8 72.2 79.8 79.5 68.5 47.7 32.5 24.1 25.3 34 32.9 30.3 25.1 25.1 22.8 22.7 21.2 23.1 34.9 31.3 22.7 24.8 15 12.3 14.7 20.2 22.5 23.8 17 14.1 19.5 21.3 26.1 26.7 26.7 30.1 27.5 21.2 29.4 25.9 21.3 16.9 16.8 16.3 19.9 14.4 13.9 14.6 16.2 32.3 50.8 70.5 78.8 50.6 45.5 41.7 42 43.7 44.7 50.6 59.4 56.7 48.6 38.1 20.5 13.1 14.2
110.6 122.3 128.7 122.9 135 125.2 121 129.2 122 113.3 103.6 93.7 86.9 83.9 78.7 95 93.6 84.6 67.7 47.6 32 29.9 31.4 41.7 32.6 28.3 34.5 28.5 26.4 26.5 27.3 28.9 23.7 21.5 23.9 23.5 19.3 17.5 22.6 29.2 29.9 27.3 24.6 14.1 16.1 16.8 27.3 25.7 28.1 36.8 26.1 31.1 34.1 31.5 24.2 18.9 26.5 19.6 16.2 14.5 14.2 22.4 46.2 67.3 87.8 88.8 67.4 57.5 45.3 44.1 44.2 44.8 43.6 38.5 35.9 32.7 37.2 28.3 22 28.8
101.8 120.9 129.9 141.8 130.5 134.3 121.6 125.6 127.8 120.2 117.4 106.7 92.8 95 91.2 96.5 98.8 95.1 80.3 62.3 39.9 48.9 37.6 33.8 34.2 35.1 38.2 43.1 31.3 28.1 23.4 21.6 22.4 29.1 38.2 34.7 23.6 23.4 26.2 27.8 28.5 28.9 33.3 24.4 18.8 16.6 17.6 22.9 24.5 25.3 26.7 39.6 41.4 38.7 34.6 32.2 34 25.7 17.7 15.1 14.7 35.7 53.7 69.5 95.2 96.2 79.8 64.3 53.7 46.7 44.8 45.4 44.6 42 34.4 30.3 29.1 26.2 44.7 41.2
99.1 122.7 127.6 152.6 145 139.9 125.4 122.9 124.7 126.4 124.3 113.7 103.1 98.9 103.4 111.5 109.8 104 93.4 75.1 49.2 52.4 50.6 37.7 39.8 37.9 43.5 37.2 34.1 26.1 23 22.3 34.6 34.5 36.5 28.2 22 26.8 27.9 28.7 29.2 26.4 26.2 26.9 24.8 22.7 17.5 18.9 21.1 23.1 28.7 38.8 43.3 41.9 39.2 41.6 41.6 33.9 19.3 15.4 22.9 44.2 59.3 70.7 88.8 98.5 85 76.5 65.8 55.1 46.9 54.1 45.9 44.5 36.6 31.4 30.7 41.9 47.9 48
97.2 110.4 129.9 135.2 155.1 152.8 136.6 129.9 125.9 126.2 123.1 120.2 115.3 107.1 111.4 120.5 121.2 115.1 103.4 86.3 62.3 64.9 62.5 46.1 45.5 42.2 35.3 32.9 29.7 26.4 27.9 28 30.7 35.5 30.8 28.3 24.5 28.9 29 28.9 29.6 26.5 25.8 25.3 23.8 20 18.9 20.9 24 30.1 24.8 34.4 43.3 43.9 41.8 44.8 45.4 38.6 22.9 15.3 29.3 49.6 55.9 72.5 85.5 94.3 85.9 74.7 76 61.3 50.7 52.9 45.4 43.2 38.4 36.6 50.6 56.9 55.8 48.4
97.7 98.7 136.8 138.7 145.9 156.9 147.2 137.3 129.1 130.2 132.7 122.5 120.6 119.5 118 128.5 125.6 123.5 107.3 92.3 75.7 66.6 69.8 52.6 41.4 43.3 49.7 48.7 38.7 34.9 32 39.4 36.5 39.8 36 28.3 30.1 30 37.9 38 39.2 31.6 32 30.3 30.4 26.9 22.1 22.4 26.2 31.3 27.9 30.6 36 36.8 42.2 50.6 41.8 36 24.4 16.8 23 47.3 55.7 69.7 81.1 83.7 81.5 70.7 70.2 67.9 56.1 44.9 43 40.3 35.9 47.1 59 62.6 64.7 65.3
99.8 96.4 108.2 132.7 129.5 155.4 157.1 139.9 131 131.6 137.1 140.3 129.3 128.6 123.4 128.8 125 123.7 111.2 93.1 74.5 61.6 57.2 63 66.3 52.3 66.5 62.3 46 55.7 42.1 56.5 55 51.3 42.3 38.3 27.7 36.4 42.9 45.8 45.2 38.1 34.7 34 32.2 31.4 40.8 45.5 38.7 32.9 35.5 41.7 46.4 41.8 38.1 40.1 42.6 31.8 24.9 17.2 28.6 49.9 56.2 70 68.3 76.6 78.8 66.6 60.1 58.5 48 46.1 47.2 45.8 38.5 49.9 60 68.3 71.2 66.5
95 89.4 91.9 99 119.1 134.5 153.6 145.9 133.4 130.5 138.6 145.3 136.5 138.3 132.1 123.9 115.5 115 102.5 91.3 83.5 68.4 61.8 75.4 78.5 65.5 79 76.6 60.5 63.5 57.2 68.4 75.7 64.3 47.2 46.2 29.6 41.2 43.7 47.2 50 46.1 37.8 36.8 34.3 39.4 46.1 52.7 50.1 41.8 34.7 45.3 52 53.5 46.4 47.2 44.5 34.7 25.5 23.8 30.9 47.1 47.3 53.4 57.9 66.1 73.6 70.5 53.5 52.1 49.7 49.1 48.8 48.1 42.9 46.1 55.7 63.5 64.6 64.8
91.7 85.9 85.3 85.2 109.6 133.1 137.2 141.5 132.7 129.3 129.3 141.8 142.8 140.1 131.4 113.7 106 109.4 112.6 102.5 84.3 76.3 67.1 77.2 88.9 80.8 82.9 79.8 74.1 59.4 61.4 73.5 86.1 74.6 55.3 47.6 39.7 39.3 45.2 48.3 56.1 49 40.1 40.8 41.9 41.4 50.2 55.3 56.5 49.7 39.5 50.1 56.1 54.6 51.5 48.9 52.2 39.3 28.5 30.4 43.1 46.8 45.7 50.7 59.3 65.2 68.4 65.8 54.8 59.3 53 51.7 48.7 46.1 44.3 45 56.6 64.2 67.5 69.5
84.1 84.1 84.1 84.1 88 101.3 121 128.8 124.3 121.6 122.7 131.5 127.2 125.6 120.6 119.4 115.2 109 113 110.8 92.2 81.6 73.7 72.6 89.5 96.2 97.6 94 88 75.6 71.8 75.6 87.7 72.7 59.8 51.4 41.5 38 47.7 53.2 51.7 50.8 50.9 52.4 42.2 46.8 52.5 58 60.1 57.4 46 58.1 67.4 68.5 62.7 59 58.6 45.8 33.8 34.3 44.9 61.4 59.6 59 68.3 72 66.2 60.1 63.6 61.7 59.5 51.5 50.8 48.1 47.7 51.4 56.8 69 71.3 71.8
84.1 84.1 84.1 84.1 84.1 86.9 103 110.3 112.2 118.1 123.3 124.2 129.6 135.7 133.9 128.1 124.7 113.9 112.6 113.2 95.8 87.2 89.1 74.4 89.8 106.7 107 107.3 97.3 90.7 86 77.3 86.7 76.2 65.7 51.3 36.9 41.1 48.6 52.4 52.4 51.9 49.8 46.2 51.1 49.8 53.5 58.4 66.8 64.4 55.1 67.9 71.6 76.7 75.2 73.5 69.6 54.9 37.3 34.1 41.9 68.4 71.1 69.3 72.3 71.2 72.7 77.6 76.4 73 63.1 56.2 50.8 51.5 49.8 54.1 55.9 63.6 71.1 78.7
84.1 84.1 84.1 84.1 84.1 84.1 98.2 116.7 129.8 134.6 138.9 141 132 133.5 141.8 138.3 134 119.6 115.9 115.3 104.8 98.6 93.8 86.5 103.5 107.9 109.9 110.2 106 100.5 91.4 88.9 94.3 82.8 70.3 54.9 45.3 43.4 55.2 55.2 53.8 52.4 48.4 48.3 52.4 52.7 55.4 59.9 66.9 69.6 60.5 76 75.4 83.1 82.4 77.7 79.5 62.6 39.3 36 42.7 85.4 89.3 83.6 89.6 96 89.9 89.8 87.8 77.7 67.3 67.4 68.4 56.2 47.3 49.5 51.3 61.8 73.3 84.2
84.1 84.1 84.1 84.1 84.1 84.1 94.6 100.7 120.4 137.1 143.8 149.6 153.8 151.2 137.8 139.3 139.5 138.3 116.9 124.4 109.4 100.5 99.6 97.1 115.6 126.7 119.6 118.4 108.2 103 92.3 88 96.1 86.3 69.6 59.8 46.3 49.4 52.2 58.8 53.4 49.2 52.3 58.8 58 58.6 57 65 71.3 75.2 67.3 85.9 87.5 92.7 90.6 83.1 82.2 72 51.5 45.2 62.9 96.6 103.4 96 93.6 103.5 102.5 99.9 97.2 86.2 78.6 78.1 79.6 69 54.2 47.2 47.1 59 67 84.8
84.1 84.1 93.7 97.5 83.8 84.1 88.8 91.3 99.6 126.8 139.5 148.2 163.1 168.4 144 144.2 146 146.7 125.7 123.4 118.3 106.5 104.6 105 118.7 125.8 126.3 123.6 119.3 108 94.8 91.6 86.6 81 66.7 56 50.2 54 59 59.4 58 62.7 69.8 73.7 69.1 65.7 66.8 68.9 74.2 80.1 70.8 94.3 88.3 103.6 101.3 89.6 82.3 74.9 64 59 85.4 114.6 117 108.9 97.6 102.9 106.3 106.2 98.9 90.5 91.1 89.5 84 76.4 62.9 57.4 46.5 56.9 62.2 75
87 84.1 88.2 119.2 104.6 95.1 90.6 92.6 97.8 108.7 126.4 141.1 150.1 156.9 151.1 147.4 146.4 144.5 128 124.6 121.5 115.6 104.7 105.1 108.3 115.6 124.4 125.5 119.6 107.5 93.3 90.9 89.4 79.3 67.2 66 61 65.9 73.5 69.9 67.5 70 73.4 80.3 80.1 76 79.3 82.5 86.3 85.1 67 93.4 94.2 109.9 109.5 104.3 90.4 87.2 67 70.4 95.1 112.7 130.1 123.8 115.2 109.3 98.9 107 103.6 96.4 99.1 92.6 89.3 83.9 72.1 58.2 47.8 55.6 64.8 66.5
92.1 84.1 85.2 98 109.2 109.1 94.7 91.2 103 109 118.2 131.5 143.4 148.1 145.5 142.1 135.6 133 134.4 132.9 131.9 121.9 113.4 107.8 109.5 110.7 112.9 115.4 109.6 101.6 92.6 95.4 90.7 80.8 72 67.5 60.4 72.8 78.4 74.5 75.5 78.1 74.6 85.1 86.2 82.8 85.9 90.6 94 97 76.6 99.9 101.3 104.2 116.2 115.4 106.5 91.2 78.2 84.5 103 112.1 127.1 139.1 126.5 118.7 112.5 105.3 105.7 103.6 100.8 96.1 91.9 84.5 74.7 67.7 55.5 58.8 66.6 69.6
