WholeMapElevations/data/so/so23_OST50GRID_20230518/SO23.asc
ncols 200
nrows 200
xllcorner 320000
yllcorner 230000
cellsize 50
[rows 35 to 69 of 200, columns 0 to 77 of 200]
164.2 165.3 165.8 167 169.6 172.1 175 178.4 182.3 185.6 189.1 190.2 206.6 217.4 228.1 237.6 251.3 266.6 282.5 280.3 276.8 272.1 268.4 263.5 257.3 257.4 257.2 255.7 251.7 247.4 243.3 238.9 233.6 229.8 215.8 207.2 225.4 236.6 243.5 246.4 251.4 259.3 268.8 280.1 292.5 308.9 333.2 356.4 380.4 401.5 399.8 394.6 389.8 385.4 380.7 374.5 365.8 361.4 357 351.9 345.9 340 331.8 338.5 340.7 344.5 349.4 356.1 362.2 367.1 371.6 375.1 377.1 377.1 379.5 384.9 390.8 399
163.9 166.6 167.5 170.5 172.5 174 177.5 179.6 183.7 187 191.8 195.3 198.6 197.4 213.1 228.3 243 253.8 270.8 283 283.9 280 275.9 272.7 270.1 271.4 270.1 266.2 261 254 248.5 243 238.9 234.8 231.5 215.1 220 234.9 245.3 248 252.7 257.8 265.5 276.4 286.3 300.7 320.4 342.6 365.8 388.7 399.4 395.6 391 386.7 383.1 378.8 372.7 366.3 361.5 355.4 350.1 345.2 334.7 341.4 342.5 346.2 354.3 359.1 363.8 370 374.6 377.6 378 378.4 382.2 384.8 391.2 399.7
165.6 167.5 170.1 172.4 175.1 177.9 179.2 182.4 185.5 189.3 196 205.7 213.7 214.6 213.9 209.2 226.5 245.8 259.8 273.5 285.6 285.3 285 285.3 283.4 283.6 281.1 277.8 271.6 262.4 251.7 246.2 243 240.2 236.6 225.8 214.9 226.8 242.7 249.5 253.3 256.9 264.2 272.9 281.9 293.8 308.5 328.8 350.6 372.2 391.9 396.5 392.4 389.1 385.8 381.9 378 373.4 367.5 361.5 354.6 350.3 338.3 344.7 345.9 352.3 356.5 361.3 365 369.3 373.4 376.2 380.3 381.2 383.3 387 394.1 401.1
166.5 168.6 171.7 173.9 177.4 180.2 182 184.2 188.4 193.8 203.1 212.1 220.2 228.3 233.2 230.3 217.5 230.2 250.8 261.7 273.8 287.9 294.3 295.3 297.1 296.4 292.7 288.7 284.4 273.4 260.2 253.1 249.1 245.8 242.3 237.2 225.8 213.5 218.8 233.8 248.1 257.5 261.3 269 278.5 286.4 298.7 316.2 336.3 356 376.4 391 392.6 390.9 388.3 385.5 381.7 378.5 374.4 367.9 360.5 353.2 342.4 352.3 348.8 355.4 358.3 363.8 366.8 369.5 371.4 375.5 381.7 384.3 386.1 390.1 396.1 402.1
166.2 168.8 171.9 175.9 179.4 182.4 186.5 189.7 192.9 197.2 206.5 216.1 225.4 234.2 242.3 245.6 240.2 224 237.8 253.7 267.9 280.2 299.8 305 305.2 304.6 303.8 303.4 294.8 285.6 275.3 266.1 256.5 252.5 249.8 246.7 240.9 235.2 226.3 218.9 235 247.7 258.5 265.9 273.7 282.4 292.6 304 321.3 338.1 357.2 374.6 388.1 392.7 390.8 387.9 385.2 381.1 378 374.3 365.9 348 353.6 355.9 353.8 357.1 362 363.1 367.3 369.4 373 376.3 381 384.8 388 391.9 398.3 404.7
166.4 170.3 173.8 177.5 181.7 185.6 189.4 194.1 197.5 199.4 208.3 219 230.2 242.3 251.7 256.3 256.4 248.1 234.9 245.8 264.5 273.9 288.8 302.2 310.4 313.3 315.1 309.6 304.4 299.7 292.2 281.4 269.2 260.5 258.7 255.7 251.8 246.9 243.8 234.5 222.8 233 242.4 252.9 262.5 275.6 284.6 296 309.2 323.6 340.6 355.7 368.4 389.1 392.2 390.6 387.2 383.5 380.1 376.1 366.8 350 357.6 359.2 356.7 357.9 363.4 366.6 370 375.5 378.3 382.5 382.9 386.1 389.5 394 400 407
167.9 171.5 175.5 180.2 184.1 188.6 193.9 198.1 202.4 206.8 211.4 218.6 235.5 248.1 259.3 264.4 268.3 261.3 257.4 243.3 257.6 272.1 281.4 297.1 310.7 318.6 317.8 316.3 314.6 313.2 307.6 298.3 286.6 275 269.1 265.6 261.8 258 253.4 250.2 245.1 234.8 231.7 239.3 248.4 258.5 273.3 285.4 298.9 304.5 323.8 340 354.1 370.5 391.7 391.4 389.5 386.6 381.7 378.1 369.8 353.1 363.2 363.1 361.2 361.5 361.4 365.8 370.7 373.4 376.1 379.3 384.4 387.6 391.5 395.9 401.3 409.9
168.8 173.5 178.7 182.9 187.9 193.6 199.4 205.4 209.8 215.4 220.7 227.4 236.6 249.6 258.6 265.4 268.9 269.2 270 265.2 254.1 270.9 282 291.8 301 316.2 318.2 320.3 322.1 324.3 323.3 316.5 306.1 290.7 280.8 276.4 272.1 267.8 264.5 260.2 256.5 252.5 246.4 236 235 244.1 258 270.1 281.7 295.1 305.8 326.1 343.7 358.2 385.2 390.4 389.7 388.2 386.7 381.5 374.4 352.9 363.5 363.8 361.4 363.4 360.9 363 366.4 369.5 375.2 381.4 386.3 390 394.2 399 405.9 413
170.8 176.3 181.5 187.6 193.6 199.8 208.7 215.2 220.9 221.8 230.8 238.4 244.7 249.6 257 265.1 269 272.8 275.1 277.2 272.3 262.2 280.8 291.5 299.6 311.2 318.2 324.6 327.3 329.2 334.3 331 325.1 310.2 297.5 288.4 282.3 277.3 273.1 268.8 266.9 263.6 259.7 254.5 248.3 237.5 247.4 256.4 266.2 282.4 296.7 311.1 331 350.1 375 389.7 390.1 390.6 389.7 385.8 376.4 366.2 355.2 362 363 363.2 362.4 363.8 367 370.3 376.9 383.4 387.6 393.7 398.5 403.2 411.2 417.8
172.4 177.6 184.8 192.8 200.3 210 220.5 227.7 230.7 235.3 235.6 244.8 250.6 255.6 261.8 267.1 271.7 277.7 282.1 285.7 282.5 277.8 275.2 290 299.1 306.8 315.4 325.2 327.6 332.2 335.8 338.4 341.6 332.9 315.8 304.3 294.7 288.1 283.4 278.9 275.8 272.4 268.8 265.1 262.2 256.1 249.6 242.5 255.1 270.6 285.5 297.9 321.8 341.1 365 388.3 391 392 390.3 388.4 379.6 371.4 365.2 359.6 361 361.7 363 365.2 369.9 374 377.7 385.3 390.9 397.7 403.6 409.6 418.1 420.6
174.4 180.2 188.2 198.4 210.4 220.5 230.6 235.6 239.2 243 245.4 250.2 253.1 259.7 265.3 270.8 278.1 285.6 290.8 294.4 293.8 291.6 275.8 288.1 298.4 305.5 312.3 321.7 327.1 332.5 335.8 339.3 342.9 346.1 342.9 326.7 315.6 304.1 297.2 290.3 286.1 281.5 279.5 274.8 272.6 270.2 265.6 260.7 247.8 259.8 276.9 294.2 311.4 334.2 351.7 381.7 391.6 393.5 390.7 388.4 381.7 373.1 367.1 363.4 361.8 363.6 365.2 367.4 371.5 375.8 381.4 387.9 393.5 400.3 407.4 416.4 420.4 423.9
175.6 181.7 191.3 204.9 219.5 230.4 240.6 247.9 251.1 251.9 257.2 259.4 264.2 268.6 277.6 284.8 292.9 298.7 299.9 301.8 301.5 298.4 291.9 280.3 294.8 302.5 309.4 318.7 324.7 331.7 334.5 338 342 349.3 359 356.4 341.4 327.2 314.2 308.5 298.8 293.7 290.7 285.5 283.7 281.5 278.3 274.9 264.9 253.9 270 289.4 304.4 326.6 347 378.3 391.3 392.7 391.4 389.2 385 378.5 370.3 366.2 363.6 366 367.5 369.5 374.2 379.5 385.2 389.6 395.5 403.8 414.3 419.2 422.6 426.6
177.4 183.1 193.6 209.4 222.8 241.5 252.3 258.6 263.4 268.9 275.4 277.8 283.2 288.2 294.6 301.3 304.4 304.4 304.9 306.7 305.5 303 299.2 292.6 287.3 298.5 305.6 315.5 323.1 328.8 334 337 341.2 349 359.3 368.5 370.3 356.4 342.9 332.5 324.5 321.5 318.8 312.1 301.2 294.1 289.2 283 272.6 256.5 270.4 286.6 300 321.3 345.5 372.9 388.7 392 391.5 391.3 386.6 379.7 373.1 368.8 366.2 367.8 369.8 371.7 375.3 379.3 386.7 395.5 400.3 410.3 418 420.6 424.6 429.6
178.9 185.3 196 209.9 224.2 243.4 257.5 271.4 278.4 289.4 299 302.2 304.5 308.4 309.6 310.3 310.4 309.7 309.9 309.1 308.3 306.5 303.9 299.3 294.9 292.7 302.9 311 320.6 326.7 332.1 336.1 340.6 347.1 355.4 364.1 370.2 373.8 370.4 362.7 356.3 352.7 348.5 340.2 330.7 313.3 300.6 291.4 280 265.4 269.9 284.1 299.5 316.2 342.5 369.5 385.5 391.3 393.6 392.7 388.6 381.1 375.7 371 370.4 372.6 373.5 375.4 377.9 380.4 386.1 397.4 405.5 415.3 418.8 422.6 427.2 433.9
179.7 187.8 197.4 210.5 227.9 244.5 261.5 278.2 291.2 303.9 314.5 316.9 316.6 317.6 318.5 317.4 315.9 315.3 314.2 312.8 310.7 308.2 305.5 302.8 301.5 298.2 293.7 308.2 315.1 322.4 329.2 334.3 338.9 345.2 354.1 361 367.3 372.7 375.6 380 378 374.3 372 369.3 357.1 337 316.3 299.1 286.3 270.4 263.9 283.4 296 315.7 341.5 369.5 384.7 391.3 394.5 395.3 390.6 384.5 377.7 372 378.6 380.5 381.8 382.8 382.7 383.5 388.9 395.7 405.2 414.8 419.4 424.4 430.8 439
180.6 188.2 197.1 208.7 223.3 240.4 259.9 278 292.2 307.3 318.9 322.1 325.2 327 327 326.6 323.5 319.5 317.1 314.3 312 310 307.5 307 306.2 306.1 304.8 303.5 311.2 319.3 329 333.1 338.4 344.6 352.7 359.8 365.3 370.3 374.2 378.4 380 379.4 380.5 379.5 376 353.7 330 308.1 292.5 278.6 265.5 279.5 291.6 313.9 340.9 369.5 384.7 390.7 396.3 400.1 394.3 383 380.8 380.3 385.1 386.9 387.9 389.7 391.4 392.4 392.8 398.8 406.5 414.9 420.1 425.5 433.6 444.5
179.8 189.7 197.5 206 218 232.4 249 267 284.3 303.8 318 323.1 327.7 332.1 334.7 332.2 327.8 322.9 319.4 316.9 312.8 312.2 311.1 310.5 310 309.5 307.5 301.7 310.4 316.9 326.3 331.5 337.3 344.6 352.6 358.1 362.7 367.1 372.7 377 381.8 384 389.7 389.4 389.1 366.3 339.3 315.2 298.1 289 271.7 274.8 287.1 311 339.3 368 382.2 388.1 395.4 400.4 389.6 385.1 390.9 387.9 387.6 392.9 395.3 396.7 398.7 400.1 400.2 404.3 407.6 414.9 420.6 426.7 436.9 451.9
180.1 183.5 193.3 203.5 213.9 224.4 236.8 254.1 271.5 290.2 312.8 320.3 325.2 330.5 335.3 334.9 330.6 326.8 323.5 320 316.7 316 314.8 314 313.2 310.3 308.5 301.6 310 315.5 324.4 329.7 336.4 344.2 349.3 355.2 362 366.6 371.6 377.2 383.4 389.9 391.7 392.2 391.5 375.8 344.3 322.7 304.8 295.5 283.8 270.8 284.3 308.9 338.5 367.3 377.5 383.6 390.5 391.6 387.5 395.4 395.5 392.7 393.6 396.2 399 401.6 404.1 405.7 408.6 411.8 413.6 414.2 422.8 430.7 440.1 462.6
188.1 183.4 185.9 195.7 207.5 213.8 223.8 238.7 256.9 274 291.8 307.4 320 327.5 332.9 334.7 333 329.4 327.2 324 320 318.4 317.2 316.4 314.4 311.4 311.8 309.7 308.7 314.5 320.7 329.4 335.3 341.6 347.3 353.9 360.6 365.6 369.1 374.7 382.7 390.9 392.5 394.4 396.3 389.8 356.3 330.5 311.8 302.7 293.9 281.7 282 307.4 335.6 360.7 373.6 378.2 382.3 385.4 394.8 398.4 399.6 396.7 397.6 400.9 404.4 407 409 410.8 413.2 415.7 418.3 422.3 424.8 433.5 445.8 470.1
196 193.5 189.5 191 194 196.9 203.7 220.6 239.2 256.4 271.3 287.8 305 321.1 331.7 334.8 333.3 330.8 328.7 326.4 323.8 321.2 319.5 317.6 314.1 315.2 314.5 311.2 306.7 315.4 322.5 329.1 334.9 342.2 346.2 351.8 356.6 363.9 367.2 372.7 378.8 389 393.4 398.2 400 396 369.8 339.2 320.3 309 301 289.2 280.7 303.1 326.9 345.7 365.1 372.3 375.7 387.6 396 397.3 399 399.3 401.1 403 405.6 407.9 410 413.7 416 419.5 422.9 427.7 433.5 439.2 449.5 470.2
200.6 200.2 201.9 196.2 199.8 202.4 201.9 211.3 222.6 239.1 253.5 272.1 291.5 311.6 326.4 334.2 333.8 331.9 330.2 327.5 325.2 322.5 320.1 317.7 315.9 316.3 316.7 313.2 309.4 317.4 324.8 331.3 338.2 344.1 345.7 349.6 352.4 360.3 364.6 370.1 376.7 383.3 392.9 399.2 401.9 398.1 386.8 355.4 328.6 315.6 306.9 292.4 280.6 295.9 316.4 339.7 352.8 362.5 373.1 387.5 394.1 396.4 399.8 400.6 402.2 403.9 405.8 408.2 413 415.9 418.5 422.8 430.2 435.6 439.9 450.2 469.1 473
205.1 204.7 206.6 204.3 204.6 211.9 210.7 207.4 214.7 222.5 239.5 256.8 277.5 297.4 314.8 329.2 335.9 336.3 332.6 328.8 326.8 323.6 320.6 318.7 319.2 318.4 318.7 314.8 314.2 320.8 327.6 334.3 341.8 345.9 347.7 348.9 351.3 358.8 365 370.6 374.5 380.2 392.5 399.2 402 399.4 394.5 377.5 347.9 324.7 312.7 302.1 290.1 288.9 307.4 325.5 343 358.8 371.2 387.1 392.9 397.8 402 401.4 402 403.1 405.3 410 412.4 415.9 422.8 431.1 435.7 441.6 449.8 468 474 476.8
210.9 210.4 210.7 212 209.2 213.5 219.8 217.8 211.6 215.9 225.7 242.9 260.4 278.6 295.9 313 325.5 335.3 333.7 331.1 328.2 324.5 321.3 321.9 321.6 320.4 320.1 317.3 313.9 323.3 330 335.7 340.9 346.3 349 350 351.2 360.4 366.1 369.6 374.7 380.7 390.9 398.4 401.3 400.6 396.9 389.3 373.7 346 325.8 310.3 298.2 286.4 298.6 323.1 339.5 355.4 371.3 388.6 393.1 398.1 400.2 400.3 399.7 400.6 402.3 405.1 408.7 413 419 429.3 433.8 442.4 464.6 471.5 476 479.1
217.5 215.6 216 215.2 216 216.6 221.5 224.5 221.1 215.7 219.7 231.9 244.7 264.7 280.3 295 308.9 322 327.9 329 328.6 327.1 325.9 325.6 323.3 322.7 322.7 320.5 313.9 324.2 330.7 334.8 339.2 344.7 347.6 350.4 353 355.9 363.5 368.8 374.5 381.6 393 398.6 401.5 400.6 399.3 391.9 380.6 365 343.6 321.7 305.3 287 301.3 321.8 339.4 353.6 368.7 387.9 393.4 398.7 399.5 395 388.7 388.1 392.7 397.9 403.3 407.9 412.2 417.4 427.5 437.8 448.8 466.6 475.6 480.5
223.1 223.1 224.2 222.1 220.9 219.5 224.8 226.9 229.1 230.4 230.9 223.8 234.7 254.1 266.6 277.9 291 305.3 317.8 323 326 330.9 330 328 325 325 325.4 325.6 323.2 319.4 326.5 331.6 336.4 341.3 346.2 350.7 354.5 356.7 363.8 368.6 375.2 384.7 393.7 397.5 399.8 400.5 399.1 393 381.7 361.2 343.9 328 309.9 295.4 297.7 315.2 333.8 350.8 363.6 373.5 388.2 390.5 390.9 388.6 378.4 379.4 385.2 389.3 391.4 400.4 404.6 412 418.9 429.9 439.1 460.7 474.4 481.3
229.2 230.4 229.5 227.5 226.6 226 227.8 231.6 234.3 237.5 241.1 240 234.2 241.2 253 265.1 274.8 284.2 297.1 305.1 315.5 326.6 328.3 330.9 329.9 329 329.6 329.2 327.3 320.5 325.7 330.7 334.9 340.8 345.9 350.9 354 356.1 362.5 367.8 375.8 383.2 388.7 395.6 398 400.2 398.9 392.7 378 360.1 341.5 322.6 323.5 312.4 300.6 306.7 324.5 338.9 353.5 363 369.4 373.1 373.5 371 364.9 365.5 370.3 379 386.2 387.5 397.6 407.2 410.4 425.8 442.2 467.7 475.4 481.3
244.4 242.7 241.8 237.9 236.6 232.4 235.2 238.5 240.4 241.3 246.7 247.2 244.3 232.2 239.1 251.3 261.9 269.4 279.1 289.1 297.5 312 325.6 337.1 335 332.7 332.4 332.1 328.8 321.5 328.9 332.4 337.2 341.4 346.5 351.7 353.7 357.4 363.2 368.5 374.7 381.3 387.3 392.5 397 399.9 398.5 391 375.1 356.5 332.9 330.1 345.8 334.9 312.6 302.8 310.1 324.8 338.1 348.6 353.5 356.5 358.1 353.6 350.5 365.6 375.9 383.1 385.2 396.8 402.1 407.6 412.4 426.8 443.2 468.3 476.1 484.1
262.7 262.7 258.8 253.4 253.8 247.3 249.1 248.6 247.3 247.3 248 249.6 249.6 244.1 239.2 241.9 250.6 257.6 269.4 277.6 285.4 298 315.6 335.4 339.6 336.8 334.6 336.5 335.9 325.1 330.7 334.4 338.9 341.9 347.8 350.8 354 358.8 363.7 370.3 375.4 380.7 387.2 392.6 396.6 398.5 395.7 386.2 373.7 353.5 337.9 354.8 360.5 355.5 338.8 318.3 307.1 308.3 324.2 332.8 337.5 339.5 340.8 344.5 360.3 372.9 382.8 389.9 396.2 400.5 407.2 413 421.3 425.9 448 467.6 475.8 484.3
274.2 275.4 272.4 268.9 263.6 261.7 262.4 259.7 256.3 254.1 253.6 253.4 253.2 251.7 248.6 247.5 242.4 250.3 260.4 266.4 275.4 287.3 302.4 328 339.4 339.9 336.5 338.9 337.8 332.6 330.5 335.7 342.6 346.9 346.7 348.5 353.9 358.3 363.9 371.8 376.1 382.7 389.5 393.9 395.4 396.6 395.2 385.4 373.8 357.5 350.4 366.5 370 370.5 360.5 344.8 327.5 314.7 312.6 323.2 329.6 335.3 341.6 350.8 365.3 375.2 383.6 395.2 402.5 406.9 410.9 421.8 429.5 443.8 458.1 468 477 485.1
281 279.6 279.7 278.3 269.3 273.6 272.7 272.6 272.1 269 262.2 261.6 260.1 258.1 256.4 255.7 255 255.6 247 256.5 265.8 279.4 295.3 317.4 338.6 339.5 337.9 340.2 338.9 336.2 333.8 334.9 343.7 348 347.1 349.1 355 358.8 364.5 372.4 376.3 382.5 390.2 394.5 396.4 397.1 392.8 385 377.3 363.1 358.1 372.9 378.8 378.4 374.8 364.6 346.3 330.7 315.9 337.5 350.1 358.2 367.3 368.9 366.5 372.7 381.5 393.6 401.6 414.3 421 425 439.8 461.2 467.7 472.8 476 486.1
274.9 285.3 287.3 285.1 282.6 283 283.4 283.6 288.6 291.3 289.1 279.2 273.4 268 264 264.1 266.4 267.1 268.9 266.1 262.6 272.5 289.1 309.4 334.4 341.1 340.3 341.1 339.8 339.1 339.1 338.2 344.1 347.2 349.7 350.2 352.1 356.9 363 370 375.8 381.7 389.4 395.1 396.3 394.2 391.4 386.6 380.6 372.9 368.5 380.1 384.1 385.6 383 374.5 350.7 334 318.5 340.5 358.7 375.3 379.3 379.3 379.6 378.6 378.5 391.8 401.5 413.2 424.4 434.5 447.7 467.7 471.6 478.2 483.9 488.3
264.5 279.1 289 288.1 289.1 292.1 292.3 295.7 299.8 302.5 304.4 303.2 298.3 290.8 285.3 284.1 285.3 285.3 282.8 279 274.1 268.7 285.1 304.4 325.7 344.1 344.6 341.5 342.1 340.3 341.5 336.7 338.3 348.2 350.4 350.2 351.8 354.8 360.1 369.4 375.7 382.6 390 395.2 394.9 393.6 391 387.1 384.1 379.1 379 386.6 388.6 389.7 388.4 378.3 352.3 335.1 326.9 344.3 360.8 377 384.1 387.6 388 386.6 389 393.4 400 410.7 423.5 442.1 464.9 469.9 474 479.7 485.2 492
250.3 269.9 285.4 295.9 297.4 298.4 300.5 302.2 305.3 312.1 313.7 314.5 315.9 315.4 311.4 312 311.3 309.6 304.3 288 282.4 267 282.4 295.6 320.7 340.8 345.6 345.1 344 342.9 343.7 345.3 346.9 346.6 348.5 349.9 351.5 354.9 361 371.2 377.2 382.1 387.3 391.9 394.5 393.6 391.9 389.5 387.6 382.6 388.2 391.9 393.1 391.8 389.1 375.8 350 334.8 329 345.7 362.2 375.5 383.3 392.1 393.9 394.2 396 400 407.8 418.2 427.9 439.7 461.1 470.4 476.2 482.6 488.4 494.7
240 257.5 277.2 291.9 298.2 302.5 304.8 307.7 312.5 315.3 317.8 320.8 323.3 323.6 325 324.3 323.2 321.8 317.4 302.7 288.1 275.8 278.5 293 315.6 340.7 346.9 346.2 344.6 344.4 345.7 346.9 347.3 345.1 345.1 348.3 352.3 355.9 362.3 371.5 374.2 380.1 384.5 387.1 391.8 392.5 392.6 390.9 388.9 387.2 392 397.6 395.7 394.1 390.6 368.5 348.5 331.3 339.9 353.4 361.1 373.1 381.5 389.1 394.7 399.1 403.9 408.6 414.4 421.5 441.7 457 466.4 471.8 477 484.3 491 503.8
232.5 248.9 266.6 281.8 293.9 303.8 304.2 309.9 314.7 317.3 320.4 324.8 327.5 330 331.4 331.3 330.7 329.2 324.5 316.3 296 284.9 280.1 292.7 314.8 340.6 349.2 352.8 350.9 347 348.2 350.7 350.9 350.4 348 350.4 353.6 357.1 361.8 366.3 368.4 375 381.2 384.2 387.3 390.5 392 391.5 389.2 390.4 397.4 400.6 398.2 399.3 387.9 364.9 347.6 333.8 348.3 365.9 369.3 366 379 386 393.5 403.8 409.4 414.9 420.4 433.6 448.6 462 469 474.4 480.1 487.6 495 511.7
