UK/data/sn/sn89_OST50GRID_20230518/SN89.asc
ncols 200
nrows 200
xllcorner 280000
yllcorner 290000
cellsize 50
[rows 35 to 69 of 200, columns 78 to 155 of 200]
255.5 250.4 254.9 264.4 267.2 266.6 273 284.5 297 309.8 325.7 346.6 366.4 386.3 406.1 425.2 441.2 439.8 427.2 439.1 445.4 444.8 440.1 443 439.6 431.3 421.9 428.7 439.6 439.9 438.6 435.3 430.2 422.4 420.1 424.2 424.2 421.9 420.1 418 414.4 410.5 406.4 402.3 398.4 392.8 386.5 390.5 389.9 385.7 378.4 364.7 338.5 318.9 292.6 265.5 242.6 219.6 221.2 220 206.4 216.5 227 242.9 256.2 248.7 235.6 226.3 215.6 203.5 193.9 190.1 186 181.2 176.7 171.4 166 172.7
264 265.2 266.9 271.8 275.3 279.1 279.2 274.9 280.7 299.9 317.7 335.5 356.2 375.8 393.3 404.2 411.7 413.5 415.4 434.4 439.5 437.7 435.2 437.8 434 424.3 411.8 424.2 436.7 437.1 429.4 428.5 415.3 394.4 398 418.7 420.5 419.4 416.5 413 410.2 407.8 404.4 400.3 397.8 396.6 395 399.7 400.4 398.1 393.1 384.4 360.3 341.6 314.4 285.2 270.6 243.5 225.4 211.7 202.5 202.4 209.7 229.5 240 232.9 225.4 215.6 207.3 200 189.2 186.4 184 180.1 174.7 169.2 163.7 165.4
267.5 268.4 271.3 275.7 281.2 285.8 292 299.2 305.2 301.8 308.4 328.9 345 357.5 362.1 375.6 388.6 395.2 414.4 429.7 435.1 433.2 429 432.5 425.6 413 411.4 422.6 431.3 431.8 427.2 420.8 396.1 372 382.4 408.1 418.3 414.1 411 410 407.3 404.4 402.6 401.6 400.1 400 404.3 408.8 410.5 409.8 405.7 402.1 384.9 364.1 334.6 311.8 290.4 267.7 249.9 233.5 217.1 202.4 202.4 214 221 224.2 215.5 206 197.3 191.3 186.4 180.2 179.5 175.6 171.1 167.2 162.9 157.1
269.8 270.4 273.2 277.7 281.6 287.6 295.1 303.9 315.3 326.6 323.6 331.4 335 340.8 345.2 356.1 366.3 377.3 393.7 410.6 422.7 424.3 419.7 422 415.9 400.2 407.3 421.6 422.6 423.5 420.6 414.3 387.3 361.7 370.7 397 410.8 408 404.5 405.6 404.5 404.4 404.1 404.4 403.9 407.2 412.9 417.2 419.9 419 416.1 409.7 395.9 381.2 356.2 340 315.2 293.5 274.9 256.4 239.5 219.4 202.4 202.1 209.3 209.2 202.9 194 186.8 182.6 179.1 170.4 169.7 167.4 164.3 161.7 162.3 169
268.6 270.2 273.7 277 281.4 287.4 295.9 305.4 316.6 333.2 343.7 351.6 359.7 367.2 370.1 371.1 378.1 388 399 410.4 419.2 418.9 402 409 401.1 394.1 408.4 421.8 418.3 412.1 407.2 398 381.4 347.4 366.1 389.4 398.9 389.8 387.7 394.9 399.6 403.4 405.2 406.8 409.4 415 419.1 423.3 425.2 424.3 422.1 414.3 402.8 392.4 382.7 364.7 340.6 316.9 296.1 278.2 260.3 241.7 220.8 202.4 193.7 195.5 194.4 186.4 178.3 176.7 177.9 176.6 175.6 174.6 169.7 170.5 175.6 182.5
266.3 267.2 270.2 274 278.9 285.3 292.8 302.9 314.3 333.5 345.1 351.4 363.7 377.3 386.7 396.7 406.5 413.5 419.9 422.4 420 415.1 387.7 387.4 382.7 386.1 402.3 414.9 414.3 405.7 394.5 382 363 341.4 362.6 367.5 363.3 361 357 361.7 371.2 393.9 404.8 410.2 414.3 419 422.2 427.3 429.1 429.8 425.8 416.5 405.5 400.4 394.7 381.4 360 335.5 312.9 295.2 278 261.7 245.6 230.3 214.9 200.7 186.9 186.6 193 193.7 191.1 186.5 186.7 180.9 183.4 184.1 190.4 196.7
257.1 261.4 265.4 269 273.4 281.7 288 297.1 308.4 321.8 335.3 350.6 364.1 382.1 394.1 407.8 421.6 426.9 426.3 424.9 421.6 412.5 400.9 383 367.3 377.5 391.1 405.1 410.4 403.1 392.1 374.8 366 330.4 334.9 334.5 330.2 330.6 334.6 333.9 354.3 370.7 395.8 404.6 407.4 417.2 425.6 429.8 431.9 433.9 427.1 419.2 411.5 410.4 406.9 394.3 372.4 348.3 325.7 307.8 293.5 279.6 267 254.9 243.9 232.1 220.5 214.9 212.3 209.8 205.7 200.8 199.4 195.4 198.9 202.2 206.9 205.2
245.9 251.7 255.5 261 267 271.3 278 289 305 318 333 349 365.5 383.6 397.1 411.8 426 426.9 425.2 423.7 421.5 419.3 414.8 404.2 377.6 369.6 383.1 397.7 407.5 406.1 404.7 396.8 386 356.7 329.6 306.8 300.7 304.9 306.3 317.5 334.8 352.4 369.5 381.1 394.5 416.8 426.2 431.4 436.9 433.4 426.4 412.9 403.4 393.9 387.8 383.7 373.9 356.4 334.2 323.3 312.2 303.5 294.4 284.3 270.4 256.3 243.4 235.1 230.4 225 219.2 216.3 215.4 216.9 218.3 219 215.4 206.6
231.5 238.3 244.4 249 247.6 256.4 273.1 286.1 299.9 315.5 330.1 348.7 366.8 383.2 399.3 412.7 421.8 419.9 421.9 422.7 422.3 419.9 416.1 409 367.1 365.2 374.8 393.9 407.3 409.7 408.5 401.6 397.3 383.6 362.7 345.6 315.7 281.8 281.9 296.2 310.6 323.3 336.1 354.6 376.7 403.2 423.2 425.6 415.2 401.5 389.2 381.8 375.4 362.4 354.4 347.6 342 337.2 335.5 334.7 336.3 326.5 320.4 311.9 292 275.7 262.1 254.6 241.4 236 233 231.9 230.5 228.3 226.2 221.1 213.3 202.2
215.7 226.1 232 230.9 247.6 255.6 266.7 281.1 296.1 311.2 328.5 345.1 364.6 381.2 398.4 401.3 400.3 412.9 420.7 422.6 422.6 419.2 414.1 402.9 367.9 357.8 372.7 397.4 409.4 410.6 408.9 406 402.5 396.3 389.1 371.6 339.8 306.9 272.6 274.9 287.2 297.8 313.7 336 359.3 394.2 402.5 387.8 374.2 361.1 347.8 335.2 332.7 326.6 316.8 308.8 303.5 300.2 301.3 304.4 311.8 318 305.7 293.8 280.9 265.9 256.1 248.2 242.9 238.1 235.6 233.7 231.1 226.8 220.9 213.8 206.3 194.4
228 233.7 237.3 241.9 250.7 252.7 261.2 277.7 292.1 307.9 325.3 342.7 361.2 376.6 383.9 396.7 409.2 418.1 422.4 422.7 420.4 414.9 408.7 394.5 361 349.6 363.1 383.3 405.9 411.2 407.8 407.9 403.7 400.7 393.4 377.9 343.9 309.2 278.6 257.5 264.2 275.4 296.7 313 332.6 348.2 354.8 351.5 338.9 327.1 313.7 304.4 297.6 293.2 286.5 280.5 277.5 274.9 278.1 284.7 290.1 290.3 282.5 273.3 259.8 249.2 243 240.8 238.3 234.3 231 227.4 223 217.3 212.1 204.9 196.8 187
239.1 241.7 243.7 249 254.5 262.6 270.4 273.9 289 305.5 322.2 338.9 358.5 372.9 389.6 404.3 409 414.2 415.8 414.1 412.1 407.6 401.4 392.7 361.1 338.4 348.9 361.3 378.4 401.4 410.6 404 404.8 398.7 392 381 352.9 325.2 292.4 258.3 246.4 262.1 276.6 288.2 297.9 309.1 319.3 313.5 309.1 300.5 293.2 282.4 274.6 268.2 260.9 256.5 252.8 250.5 250.9 255.6 257 258.4 250.5 244.4 236.3 232.1 229.7 230 228.4 227.1 223.7 219 213.7 209 203.4 196.5 188.2 182.2
243.5 245.5 249 254.8 259.9 266.5 273.1 280.6 294.1 308.1 321.7 338.5 355.2 372.4 387.8 397.3 402.7 408.2 408.2 407.6 405.6 401.3 395.3 387.1 369.4 334.9 338.9 348.2 360.2 378.2 395.9 404 402.3 400.2 396.4 390.2 370.1 338.1 306 269.1 241.9 248.4 254.8 260.7 268.2 276.4 282.5 284.1 283.1 279.7 271.7 262.3 253.9 247.8 239.4 234.5 230.4 227.9 227.3 229.1 229.4 226.2 224.4 219.4 216.2 213.8 213.7 215.8 215.9 216.2 212.7 208.5 205.4 200.8 194.8 187.8 180.9 174.9
242 247.3 251.7 258.6 262.2 268 273.9 283.4 294.5 307.1 321.8 337.1 354.5 371.9 382.7 393.5 397.7 400.5 401.1 401.5 399.4 394.2 385.4 379.8 365.3 342.9 331.3 338.8 346.8 359.9 377.5 394 403.3 402.7 401.3 394.6 379.2 347.5 317.7 278.4 238.4 235.8 238.6 242.4 248.2 255.7 261.1 264.5 264.2 260.5 253.4 243.9 234 226.8 219.9 213.6 209.8 207.2 206.6 205.3 205.3 204.6 202.7 200.4 197.9 196.7 197.6 200.6 202 201.9 200.1 197.6 195.4 191 184.7 177.8 171.9 165.2
236 244.7 251.1 257.6 261.1 266.7 274.8 283.5 293.9 306.1 319.4 336.3 353.1 366.2 378.3 385.7 388.7 390.4 391.9 390.4 386.5 378.1 367.7 367.3 377.6 351.9 319.8 330.5 335 346.2 362.8 381.8 397.4 403.4 399 394.6 380.5 354.5 329 295.7 250 228.2 226.3 227.3 231.5 237.3 244.3 248.8 246 241.7 235.1 226.2 217.6 209.2 201.3 196.1 188.7 185.6 186.7 188.4 188.2 188 183.9 185.5 185.6 185.5 186.6 187.8 188.1 188.6 187.9 186.2 182.8 179.1 174 165.4 160.5 157.1
230.4 238.8 245.6 251.7 256.4 262.1 272.3 282.7 294.1 303.9 316.3 332.5 350.2 366.5 372.9 377.3 379.8 381.9 384 381.3 371.1 358.9 349.4 363.4 377.1 368.2 337 317.3 325.9 332.3 346 362.5 373.8 381.3 385.3 387.4 383.2 367.8 342.6 316.6 281.5 253.3 227.6 218.2 217.4 220.4 226.8 234.6 227.7 225.9 218 210.3 202.1 192.8 190.9 201.6 204.4 201.9 196.9 191.3 187.2 183.5 181.2 175.6 179.3 177.4 179.3 179.6 176.2 173.7 175.2 173.6 169.9 167 162.6 162.9 162.6 163
222.7 232.3 240 246.3 249.8 257.7 265.8 278.6 287.6 296.7 311 326.6 342 353.2 359.5 365.3 368.3 370.6 368.7 366 354.3 339.5 342.7 363.5 378.9 386 358.7 319.5 313.7 322.1 333.4 342.2 350.1 358.2 360.1 357.9 358.2 356.2 343.7 326.4 303 280.5 254.8 233.3 224.3 210.2 213.3 213.2 211.7 210.4 204.8 195.7 195 200.8 209.6 222.5 225 222.6 216.6 208.3 196.2 192.5 186.4 179.5 181.2 181 179.1 177.5 175.8 172.4 173.8 173.3 171.1 173.7 175 173.2 171.8 170.4
215.1 219.5 230.7 237.3 240.4 246.6 256.9 268.7 276.9 289.2 304.2 316.3 326.8 338.2 346.4 354.5 356.2 357.8 359.5 353 340.4 324 347.6 367.3 382 392.3 379.3 340 309.2 306.4 318.7 325 321.4 328 322.7 328.4 331.2 333 324.1 314.8 293.9 279.6 262.1 248.8 238.2 223.9 206.5 201.3 204.3 203.8 199.4 202.5 212.1 223.2 233 241.9 244.6 244 238.5 228.7 214.2 201.8 189.5 186.6 187.9 188.6 187.4 185 184 184 182.5 184.4 185.9 191.8 188.4 183.1 179 176.6
198 205.8 216.4 223.4 227.5 233 242.6 254.4 265.4 277.8 290.8 301.7 312.5 320.6 328.1 334.2 339.5 343.3 344.4 341.1 328.2 326.3 352 371.2 385.1 396.2 393.8 368.2 330.7 298.9 289.8 299.6 297.8 298.1 297.1 297.2 305.5 305.2 297.1 286.6 273.7 262.5 251.2 239.8 228.2 211.1 203.9 207.9 213.7 219.6 216.8 223.5 236 250.6 260.1 263.5 266.1 266.6 261.9 243.4 220.1 201.5 197 195.3 198.4 198.6 197.5 195.5 194.1 199.5 200.5 198.8 202.6 204.6 197.3 186.9 180.3 176.2
208.1 199.1 200.1 210.3 219.9 222.2 230.3 247.6 259.5 266.1 276.2 288.2 298.1 307 315.5 320.2 324.8 330.1 333.3 332.3 313.9 327.7 353.8 375.1 389.4 397.6 396.2 390.4 359.4 328 299.1 273.2 269.3 269.2 266.2 271.7 280.3 279.7 272.1 264.9 256.8 248.2 238.6 229.1 209.5 208.3 213.8 221.3 229.5 234.6 241.6 253.3 266.9 275.7 283.8 286.1 289.7 290.7 282.2 255 234.3 224.3 215.8 215.4 219.2 218 217.3 214.8 213.8 216.7 219.7 220.1 219.8 213.2 200.6 185.2 178.6 174.4
228 212.8 201.1 200.6 205.7 214.3 222.9 233 249.8 258.1 262 272.4 283.2 291.2 299.8 307.2 314.5 318.9 327.7 322.6 304.1 330.1 352.1 373 390.9 402.4 398.3 392.4 383.6 359.1 332.1 311 294.6 267.2 237.8 244.1 260.1 261.1 255.2 247.7 236.8 230.9 222.7 212.5 216.2 227 235.7 243.2 257.6 260.8 273.2 279.7 291.4 303.4 310.3 313.9 316.1 312.9 296.5 274 258.3 248.2 242.7 242.2 242.9 242.9 241.6 238.6 238.7 239.6 242.1 241.3 231 214.9 197.3 182.9 176.9 172
252.7 234 215.5 201.6 202.5 203.8 216.7 225.1 231 242 249.7 258.9 268.6 277.5 284 291.5 296.1 300.8 303.2 294.5 307.8 334 353.7 369.6 385.5 400.8 394.7 393.9 388.1 376.3 358.2 331.1 308.8 285.1 258.9 236.4 240.2 241.5 233.5 221.8 223.7 229.1 231.8 224.9 235.8 250.6 262.2 274.3 278.7 292.1 300.7 309.6 318.5 325.9 335.9 342.6 345.6 338.6 317.3 297.8 284.3 275.4 271.8 271.1 269.9 268.2 266.8 264.7 265.1 264.8 261.6 248.1 228.3 209.7 192.9 181.4 174.5 168.9
279.3 257.5 237.7 219.8 205.9 203.3 205.1 213.1 220 226.6 227.1 243.1 240.4 250 258.1 265.4 269.2 281.3 296.4 306.9 322 339.7 356 370.7 388.3 391.7 391 384.2 370.5 355.4 333.1 312 288.4 261.1 243.7 240.4 235.1 232.4 231.7 236.9 242.7 240.7 247.2 249.8 264.3 275.7 287.9 300.1 309.9 320.6 330.2 341.1 353.5 362.3 364 365 370.6 360.9 338.5 322.1 310.8 305.8 303.4 301.5 297.2 293.1 292.3 284.7 279.6 272.2 260.1 240.1 219.7 202.5 187.7 177.9 171.2 162.3
306.1 284.7 263.2 245.4 227.7 214.3 211.7 209.8 205.6 215.9 229.7 242.6 251.3 262 270 278.1 273.1 286.3 305.1 318.2 337 349.1 360.5 372.8 380.6 386.1 369.9 358.4 344.6 327.6 308.6 287.5 265.6 242.2 253.2 256.4 256 250.3 250.6 258.9 260.8 258.4 268.7 275.5 289.1 303.1 316.6 327.8 339.8 350.6 360 370.8 380.5 388.8 403.9 406.3 395.9 390.9 376 361.1 351.2 339.2 334 329.8 326.8 313.6 299.3 285.4 274 259.6 245.3 227.6 210.9 194.5 181.4 173 165.2 155.5
329 311.8 291.5 272.7 251.5 235 228.2 220.4 216.8 208.7 220.1 229.6 248.8 263.8 281.7 293.5 301.4 294.6 305.4 336.3 351.3 362 367.5 372.1 367.5 357.9 345.8 333.1 320.2 303.7 283.1 265.8 259.5 272.1 283 284 279.8 274 272.1 277.2 275 281.1 293 299.2 317.9 331.8 344.9 356.5 368.4 381.4 393.3 405 419.5 428.6 429.8 431.5 438.1 432 416.3 411 391.9 365.1 347 326.7 316.3 304.9 291.3 276 261.2 245.7 231 215.8 200.8 187.7 176.4 167.1 156.8 155.7
343 335.8 319.6 299.4 275.7 259.8 253.3 241.7 228.5 212 211.4 218.1 241.4 265.7 295.6 312.8 322.2 331.4 325.8 335.9 356.8 368.3 373.7 363.1 351.2 338.9 318.8 303.8 298.1 288.3 286.3 294.8 297.8 306.7 313.8 315.2 312.4 299.6 296.8 299.2 302 307.1 317.8 333.4 346.2 359.8 373.2 386.1 401.6 416.3 428.8 440.6 456.2 465.7 466 465.2 461.9 455.9 428.6 399.2 371 347.5 326 308.8 297.5 286.2 274.9 263.2 247.1 231 216.1 203.5 190.7 181.2 172.3 161.4 156.6 157.4
355.5 356.9 347 323.2 299.9 283.5 276 264.5 239.1 225.5 223.3 214.1 232.8 262.9 295 321.9 334.9 344.7 350.9 354.4 357.9 365.2 361 350.3 341.6 338.8 336 325.6 302.4 311.2 321.3 330 334.6 339.6 343.7 344.4 340.5 332.5 327.1 320 329.9 336.4 337.4 357.9 375.7 389.2 404.6 422.5 440.8 456.7 469.4 475.2 476.6 478.2 476 472.8 468.1 433.8 400.4 369.4 344.3 320.9 301.7 283.9 271 261 250.5 242.6 231 215.7 203 192 183.4 175.4 161.7 157.5 160.8 160.7
367.9 372.3 370.5 345.4 321.7 308 294.7 272.5 236.1 240.1 241.7 229.4 224.5 250.8 283.3 318.5 343.3 354.5 361.5 365.6 365.9 362.8 363.5 361 359.7 360.6 342 325.2 331.9 340.9 352 361 366.9 370.8 375.7 379.9 369.9 366.2 357 349.5 353.1 362.1 366.7 387.4 405.7 423 443.1 462.7 484.1 488.2 486.4 484.5 483.5 482.5 478.5 475 448.4 407.8 373.9 345.3 319.2 295.3 275.5 258.9 244.8 236 227.6 220.7 212.7 201.3 190.1 183.8 170.8 164.6 158.4 156.6 162.1 163
376.6 383.1 380.8 365.7 336.5 310.1 281.7 249.5 235 251.8 253.5 245.3 237.2 233.9 270.2 308.8 343.8 356 366 370.4 370.2 368.6 377.4 378.8 378.4 378.2 374.7 359 364.3 372.4 381.6 389.3 396 401.3 407.7 417.1 406.8 398.3 389.4 369.6 375.1 384.9 402.2 421.2 443.8 468.9 489.9 496 497.6 495.4 491.2 488.9 487.6 485.2 480.4 464.9 421.9 386.6 354.1 327.1 299.8 276 256.7 241.2 222.5 215.1 208.4 201 194.6 187.4 181.1 176.1 164.1 159 159.2 163.2 163.3 163.9
392.2 396.2 389.9 369 336.6 306.5 283.6 252.8 260 269.3 269.2 267.9 262.8 251.3 261.2 306.3 340.2 365.6 373.5 379.1 380 369.7 387 393.3 392.4 391.7 389 369.9 374.7 397.2 408.5 415.2 421.7 426.1 433.7 443.4 442.1 436.1 422.8 398.1 404.3 417.8 436.3 460.4 490 499.8 502.4 502.2 501.7 498.4 494.1 492.4 490.2 486.9 481.4 456 410 364.1 334.8 305.1 281.5 262.5 235 218.8 211.7 198.1 192.8 188.7 183.1 178.6 177.9 166.8 163.1 159.5 161.4 164.2 164.9 164.8
407.8 404.9 397.5 369.5 337.6 310.8 288.6 266.1 284.9 293 291.1 293.7 294.2 273.5 265.5 308.7 343.9 378.3 385.4 388.5 389.7 385.4 391.4 401.8 403 403.1 402.6 401.5 397.7 385 419.5 432 440.2 446.8 453.1 465.1 474.9 472.6 462.3 451.4 444.1 457.7 480.1 501.1 506.2 507.5 506.8 506.5 504.1 499.3 496.4 494.6 491.6 487.8 482.3 456.5 406.5 371.9 339.3 306.1 272.3 243.3 229.6 217.4 208.8 213.7 213.6 209.8 199.7 191.7 176.4 167 163.3 160.9 161.9 165.5 165.7 166.3
416.4 412.5 404.1 370.4 326.9 292.9 279.5 300.4 315.9 323.7 322.2 326.5 323.5 295.9 286.9 323.8 351.8 388.1 394.3 398.8 400.2 385.4 402.4 409.8 412.7 414.7 415.3 418.1 422.1 405.7 423.6 441.9 453 460.4 472 483.8 492.3 494.9 500.1 493.1 492.2 501.5 508 511.4 512.6 512.2 511.1 508.9 504.1 500.8 498.9 496.2 492.3 488.1 482.4 453.2 402.4 372.5 333 296.3 271 264.3 252.5 242.1 235.3 233.9 230.8 222.6 207.4 193.5 177.3 170.8 164.4 161.9 159.5 166 166.7 168.9
421.5 415.1 407.7 372.5 327.2 303.6 316.2 339 349.1 355.2 357.4 358.1 343.3 315.2 321.6 344.8 366.9 395.4 406.3 411.1 411 394.8 409.2 416.8 422.7 425.6 426.8 432 435.3 414.8 428.4 449.1 462.6 472.4 484.9 498.1 504.1 507.5 508.6 506.1 509 514.1 517.1 518 516.9 515.1 513.3 508.5 504.9 501.6 499.3 495.8 491.9 487.1 482 468.2 414.1 365 342.9 311.9 301.2 284.6 272.9 262.9 258.4 254.9 245.4 228.3 209.5 194.2 177.5 168.9 163.7 162.7 161.1 163.3 167.6 174.8
421.9 416.2 409.1 383.1 337.5 318.9 347.3 359.6 376.5 388 392.4 388.7 367.2 328.3 346.9 371 384.1 408.9 419.4 421.3 419.2 402.6 417.6 424.3 431.7 434.9 437.5 444.3 446.5 422.5 423.3 453 468.7 483 497.1 510 513.8 516.4 515 515.2 519.4 521.5 522.8 522 519.6 517.6 512.5 507.9 504.5 501.1 498.2 494.3 490.7 485.9 481.4 476.2 442 394.5 366.4 341.8 322.2 311.2 297.6 288.5 283.7 270.7 252.4 230.9 210.2 194.6 175.9 165 163.5 161.9 162.3 165.6 170.7 180.6
424.3 417.2 410.2 388.2 352.3 354 378.8 389 400.1 409.6 414.7 407.8 383.2 344.6 350.9 389.5 409.1 421.2 425.9 428 426.3 422.3 426.3 433.8 439.5 442.9 446.4 455.2 458.1 437.1 449.7 450.1 469.7 488.5 506.4 515.3 520 520.9 519.5 521.6 523.3 525 525.4 523.1 520.3 517.3 511.2 506.4 502.3 498.7 495.8 492.3 488.6 484.4 481.4 477.9 473.1 438.6 402.1 375.8 354.6 339.2 328 317.8 306.1 282.5 256 231.7 210 194.9 173.7 163.7 162.1 163 165.8 168.5 173.3 183.7
