UK/data/nn/nn82_OST50GRID_20230518/NN82.asc
ncols 200
nrows 200
xllcorner 280000
yllcorner 720000
cellsize 50
[rows 35 to 69 of 200, columns 0 to 77 of 200]
395.2 378.7 366.2 357 357 357 357 357 357 357 357 357 357 357 357 369.1 388.5 409.9 432.4 462.4 499.8 536 572.5 607.1 631.1 653.9 675.3 696.3 711.9 721.1 713.7 701.1 688.7 675.5 664.6 655.2 653.1 652.8 649.4 645.1 646 646.4 647.7 649 647.9 648.1 648.4 651.2 655.8 660.4 662.3 658.6 642.1 624.8 610.1 578.3 552.1 531.6 513.5 507.6 505 502.1 496.9 503.8 507.6 512.2 518.8 525.3 532.1 539.1 544 556 570.3 583.6 594.7 605.5 618.4 625
400.2 382.2 368.7 357.4 357 357 357 357 357 357 357 357 357 357 357 361.4 380.4 399.1 426.5 454 488.6 523.6 561.1 589.2 606.9 647.8 677.6 695 714 717.3 705.2 700.6 687.7 667.6 654.4 643.7 642.3 635.8 633.5 632.9 634.4 634.6 634.3 639.7 638.1 639 637 642.4 646.7 651.4 654.3 650.4 638.3 629.8 615.9 586.7 557.5 535.6 519.2 508.8 503 503 492.5 499.5 503.4 508.5 514.2 519.3 525.9 532.7 539.1 550 563.9 578.7 590.8 597.3 610.2 619.1
404.1 390.3 375.8 363.6 357 357 357 357 357 357 357 357 357 357 357 357 371.8 390.7 410.1 434.4 469.4 498.7 525.6 558.5 607.6 640.8 669.1 689.6 703.1 706.7 704.1 693.6 677.5 660.8 647.1 632.2 626.7 622.5 623.8 621.1 620.1 620.3 622.3 624.4 626.4 625.8 628.1 633.1 638.3 643.8 644.3 643.5 635.1 628.7 613.6 584.4 556.3 535.8 521.9 507.8 500.6 500 486.5 495.7 499.1 503.7 508.4 513.8 520 527.8 532.8 543.5 556.7 570.1 581.1 591.3 597.9 609.7
412.7 395.6 378.5 366.3 357 357 357 357 357 357 357 357 357 357 357 357 362.1 380.8 398 419.2 444.5 472.8 510.4 549 587 626.2 651.9 679.4 699.2 703.6 701.1 683.2 667.2 653.2 634.9 619.8 612.6 610 611.7 611.3 609.9 610.4 611.2 610.8 614.2 614.5 616.7 621.1 627.4 633.7 638.9 639.8 630.1 621.6 602.1 579.7 557.3 539 525.7 511 498.9 495.1 487.5 492 494.6 497.8 502.7 506.8 514.5 521.3 525.9 537.2 548.3 561.3 572.6 582.6 592.1 599.8
419.2 398.7 383.8 367.9 357 357 357 357 357 357 357 357 357 357 357 357 357 371.5 388.2 409 430.9 458.9 490.6 525.1 558.2 592.4 617.4 643 672.9 692.3 687.6 670.7 660.8 641.1 624.8 612 607.1 599.8 602.8 604.9 602.7 603 601.6 600.9 601.4 604.8 609.8 615.7 620.8 627.8 633.7 632 625.7 616.7 601.1 590.2 558.5 539.6 526 512 499.2 489.5 482.3 486.6 488.7 492.7 496.9 500.3 506.8 513.5 519 529.3 540.2 551.5 564.3 573.6 582.8 591.7
427 405.5 385.9 371.2 357.7 357 357 357 357 357 357 357 357 357 357 357 357 357.9 376.2 392.2 412.3 434.8 467.1 497.1 527.9 551.9 581.3 609.3 637.1 660.5 671.9 658.5 650.4 632.6 625.2 614.9 600.3 596.5 592.6 595.9 592.2 590.5 591.6 590.8 592.4 597 603.1 610.3 615.6 623.3 628.9 626.5 622.2 610.8 599.8 584.4 559.6 537.5 522.3 509.7 497.6 488.2 478.4 478.2 482.1 486.3 490.5 494.3 501.3 506.7 511.5 519.8 529.9 543.3 554.6 564 573.3 580.2
436.6 410 391.7 375.1 360 357 357 357 357 357 357 357 357 357 357 357 357 357 361.9 377.3 390.8 415.7 444.6 471.5 504.1 537.4 574.4 584.3 618.5 637.7 648.6 649.7 639.6 634 622.9 609.9 598.2 597.9 586.2 582.6 582.2 580.3 579.4 581.6 585 591.4 597.2 604.8 611.6 619.4 625.7 625.7 616.8 603.5 585.3 567.8 551.3 535.1 518.7 506.6 494.6 486.4 478 468.7 475.8 480.4 484.3 488.3 494.9 500 504.9 511.8 519.3 532 544.1 555 564 570.1
444.3 421 400.9 380.1 364.1 357 357 357 357 357 357 357 357 357 357 357 357 357 357 359.4 374.4 397.6 423.1 452.5 473.3 502.3 527.1 547.8 570.8 595 618.2 633.4 636.9 634.3 622.1 609.6 597 584.8 579.6 574.8 570.9 569.1 571.2 573.8 580 585.9 593.2 600.1 607.9 616.7 623.7 624.5 613.9 595.5 582.3 569.8 544.1 528.9 514.9 502.8 492.3 483 475.8 469.1 469.8 473.2 477.2 481.2 487.8 492.6 497.5 501.9 509.6 520.5 532.3 542.8 552.3 561.8
454.8 429.4 410 390.1 371.6 359.2 357 357 357 357 357 357 357 357 357 357 357 357 357 357 362.2 382.5 404.4 424.8 445.2 471.7 498 515.6 534.2 563.1 588.7 618.4 629 630.3 620.9 608.3 598.4 583.8 573.6 567.9 562.8 561.6 565.4 569.1 576.5 581.7 588.5 594.2 603.1 613.1 620.1 614.8 604.7 594.1 581.1 572 543.1 525.8 509.2 498.1 488.4 479.6 472.4 465.6 461.8 466.1 469.8 474.6 480.3 485.3 490.1 494.5 499.7 508.1 520.5 531.6 542.9 551.9
460.9 441.3 417.3 396.3 380.4 364.9 357 357 357 357 357 357 357 357 357 357 357 357 357 357 357 365.6 382 397.2 422.1 448.2 465.8 485.6 503.4 527.7 559.9 584 603.4 607.4 611 603.5 595.7 584.5 571.2 564.9 555 554.7 559.4 565 572.8 578.4 585.4 592.7 604.2 612.7 612.5 609 604.6 592.5 574 558.1 542.5 527 508.5 495.4 485.2 476.6 469.3 463.4 458.4 461.6 465.4 469.5 473.5 477.8 482.8 486.9 491.2 497.9 508.1 520.5 531.5 539.7
473.2 454.1 425 405 386.5 367.9 357 357 357 357 357 357 357 357 357 357 357 357 357 357 357 357 362.4 378.5 398.2 417.3 437.5 456.1 474.1 499.1 525.4 545.1 553.8 569.1 583.4 587.5 585.6 579 572.2 562.2 551.7 545.7 552.9 559.6 567 573.5 583.3 595.8 604.9 612.4 612.7 607.8 600.6 588.3 577 556 542.2 526.1 510.3 496.6 484.7 475.1 467.1 461 455 457.6 461.6 465.2 467.5 470.5 475.6 479.1 482.4 488.1 497.8 507.9 518.3 527.8
484 459.6 440.5 411 394.4 376.2 361 357 357 357 357 357 357 357 357 357 357 357 357 357 357 357 357 365 382 396.4 415.5 432.8 446.5 465.9 485.7 503.8 517.9 533.7 551.7 560.4 569.6 573.1 567.6 554.8 541.8 535.2 543.4 552.2 560.7 568.9 584.9 595.9 604.4 609.6 609.4 605.7 600.4 594.9 576.2 560.5 544.4 527.5 513 499 488.2 478.1 471.5 463.1 456.8 451.9 455.8 461.2 462.2 463.6 466.4 470.9 473.9 478.4 484.2 497.6 505.3 510.1
507.8 487.9 444.3 423.6 404.1 384.4 366.4 357 357 357 357 357 357 357 357 357 357 357 357 357 357 357 357 357 370.7 383.6 396.1 411.7 426.4 440.4 455.3 471.4 487.7 508.7 525.5 541.2 554.7 564.2 555.4 542.5 531.5 528.1 535.4 545 554.9 567.5 584.3 597.7 603.2 607.9 606.7 605.7 603.4 595.5 580 562.9 553.8 533.6 515.9 503.8 493.4 484.7 477.9 466.8 458.1 454.8 449.4 459.1 458.1 456.9 459.1 463 467.1 470.5 476.1 484.3 491.6 497.9
528.8 493.6 460.2 433.4 412.6 389.7 377.7 366.5 357 357 357 357 357 357 357 357 357 357 357 357 357 357 357 357 357 367.1 378.5 388.1 403 417.2 432.7 447.6 463.2 485 504.2 522.9 533.2 541.5 538 526.6 522.1 521.4 527.4 536.4 550.5 568.3 586.2 596.1 601.5 604.1 604.1 603.7 599.3 591.8 580.1 567.2 550.7 538.8 524.4 510.9 501.3 493.2 483.6 471.9 463.3 458.1 444.1 447.9 453.2 452.4 452.5 456.3 459.2 462.7 467.5 472.8 477.4 485.8
548.6 514.8 480.3 440.7 421 401.5 385.8 371.5 362.4 357 357 357 357 357 357 357 357 357 357 357 357 357 357 357 357 357 360.8 370.4 383.6 400.4 416.1 432.1 445 460.7 477 494.4 511.4 522.1 523.2 516.4 513.6 515.6 521.6 534.1 551.2 568.9 584.6 594.1 598.8 600.3 599.2 596.1 591.6 586.5 577.1 566.3 552.7 543.1 533.8 519.2 509.6 504.7 491.2 478.3 468.2 462.3 456.7 447.8 444.9 447.8 447.4 449 452 455 458.6 464.5 465.7 470.8
572.3 547.8 493.2 450.3 431.3 414.5 398.5 381.2 368.6 366.3 357.2 358.8 357 357 357 357 357 357 357 357 357 357 357 357 357 357 357 357 368.3 383.1 399.1 414 427.2 440.9 454.1 469.8 487.7 499.8 503 503.4 504.5 507.4 514.9 532.5 549 565 580 589.5 594.3 598 595.3 589.3 584.2 582.2 574.8 568 561 551 538.4 527.3 517.7 510.2 499.7 488 475.8 469.8 462.9 454.5 445.5 436.3 441.8 443.4 445.4 447.7 450.5 455 458.5 463.9
591.9 554.7 495.3 462.9 440.3 418.5 401.4 389.6 378.3 367.4 359.4 357 357 357 357 357 357 357 357 357 357 357 357 357 357 357 357 357 357 370.7 379.5 392.3 402.9 418.5 435.9 449.7 462.4 475.4 484.6 490.3 485.5 498.4 511.4 524.4 542.9 561.7 576.4 585.1 591.8 592.1 589 585 579.1 575.5 568.5 564.2 561.4 556.4 550.3 537.4 527.2 518.7 508.2 497.3 483.9 477.6 469.6 461 451.3 442.1 434.8 437 438.5 440.6 443.9 448.1 451.3 454.4
580.6 540.1 507.2 474.7 442.4 423.6 407.6 395.9 384.8 372.1 364.5 357 357 357 357 357 357 357 357 357 357 357 357 357 357 357 357 357 357 357 367.5 374.2 385.8 402.5 418.7 429.8 442 455 467.1 475.9 471.2 490.1 505.2 522.9 543.8 564 572 579.9 582.6 583.4 583.5 579.2 573.6 570.4 565.5 567.5 570.7 570.4 559.2 544.6 538.9 532.7 521.2 504.7 493.3 485.3 476.2 467.2 458.1 451 443.6 427 430.9 433.2 437.1 440.2 443.4 445.1
573.8 533.6 496.6 468.2 445.4 429.9 411.9 399.3 388.4 379.6 369.4 361.1 357 357 357 357 357 357 357 357 357 357 357 357 357 357 357 357 357 357 357 364.1 372.9 384.5 400.9 411.5 426.1 440.2 450 451.6 470.6 485.8 503.7 524.4 541.6 550.9 557.9 565.3 571.3 574 572.2 572.6 569.2 563.2 560.6 561 564.7 563.9 563.2 555.4 546.4 538.8 531.2 516.5 503.9 493 484.1 474.1 466.6 458.9 446.7 437 420.3 421.3 432.1 432.8 435.4 437.3
567.5 529 498 472.6 453.4 433.2 417.9 404.7 392.6 384.5 379 373.9 366.2 357 357 357 357 357 357 357 357 357 357 357 357 357 357 357 357 357 357 357 357 367.6 379.2 396 412.6 425.2 431.2 445.3 459.4 471.7 488.9 509.3 523.6 534.7 544.4 552.7 557.9 562.3 565.9 567 565.6 562.4 560.3 556.6 557.9 561.5 561.7 559 553.3 544.8 532.5 520.3 512 502.5 490.2 481.7 474.7 465.2 451 440.8 436.8 420.1 416.9 427.8 428.2 430.7
561.9 538.5 514.2 492 460.6 438.9 422.6 410.3 399.9 395.5 391.7 386.2 377.6 366.6 363.1 359 357 357 357 357 357 357 357 357 357 357 357 357 357 357 357 357 357 358.1 370 380.5 392.5 403.5 419.7 433.4 443.8 452.7 467.7 482.2 500.3 513.1 524.8 532.9 539.6 550.8 558.5 560.8 558.2 557.3 560 557.4 552.5 550.5 555.1 556.1 552.2 541.6 529.1 528.8 525.1 514 498 488.3 479.5 469.2 458.6 446.6 440.3 431.9 408.3 415.4 419.4 422.9
571.5 558.3 531.1 493.8 462.3 444.2 428.8 418.3 411.8 406.7 401.6 396.6 389.2 377.1 372.4 368.5 363.9 357.8 357 357 357 357 357 357 357 357 357 357 357 357 357 357 357 357 360.7 369.6 379 389.5 404.6 417.6 430.5 437.2 453.9 468.4 480.8 495.8 504.3 513.4 527.1 536.3 546.3 551.5 551 549.6 554 553.5 551.7 544.4 541.9 544.5 544.3 541.3 540.6 540.7 530.6 522.5 505.8 492.2 479.9 469.4 459.3 449.6 440.1 433 414.3 402.3 401.9 416.2
558.2 546.8 524.2 490.6 465.4 452.2 439.1 428.8 423.3 419.8 411.5 406.4 397.8 388.4 382.1 378.6 375.7 372.6 367.3 362.2 357 357 357 357 357 357 357 357 357 357 357 357 357 357 357 360.5 369 378.8 388.1 402.9 417.1 426.5 434.6 445.6 459.6 472.6 483 496.5 509.1 516.7 529.3 538.8 542 541.4 543.3 546 545 541.8 535.8 535.7 537.4 542.5 550.1 543.8 528.2 515.5 502.4 490.2 478.2 466.8 457.1 449.6 442 437.4 425.1 415.1 397.3 401.4
550.6 533.2 520.5 491.9 475.5 466 451.4 439.8 434.8 431.6 423.7 415.5 408.9 399.5 390.5 387.4 389.2 385.9 381 373.8 365.5 358.6 357 357 357 357 357 357 357 357 357 357 357 357 357 357 357.7 368.8 375.8 385.7 400.8 415 423.8 427.2 438.8 454.4 464.4 477.3 490.8 503.9 516.1 524.5 530.4 535.9 535.4 535.9 535.7 534.3 532.1 530.5 530.8 535.2 535.3 531.6 523.9 507.2 491.5 478.8 474.4 465 459.2 452 442.5 435.6 423.8 414.9 399.4 395.3
552 536 517.6 500 486.1 475.9 461.9 449.3 444.4 440.8 435 429.3 419.6 409.5 399.5 394.6 396.3 393.6 390.6 385.9 374.7 372.5 367 357 357 357 357 357 357 357 357 357 357 357 357 357 357 358.1 366.1 373.6 388.9 400.1 410.1 418.8 425.4 431.9 446.7 459.3 472.4 486.5 500.8 512.1 520.2 523.8 526.5 528.6 531.1 529.4 528.6 528.2 528.5 526.9 523.5 520.7 513.3 501.7 504.7 490.6 479.8 472.5 470.7 461.5 446.5 434.7 425.4 417.3 401.3 393.3
567.1 541.7 525.4 508 496 484.3 471 459.4 453.1 450.6 445.5 439.6 430.5 419 409.2 404.5 404.6 402.6 401.6 392 388.8 386.7 378.7 369.8 363.3 357 357 357 357 357 357 357 357 357 357 357 357 357 358.8 363 371.9 386.4 396.5 406.8 413.6 417.5 428 439.8 456.8 469.1 485 499 508.4 514.9 520 523.3 524.3 525.8 526.8 526.7 522.5 521.2 517 510.2 506.7 505.3 502.2 501.7 486 473.8 472.7 463.3 450.1 439.4 425.5 417.1 406.1 393.4
588.5 560 538.9 518.3 502.1 490.4 478.8 470.2 462.8 456.5 450.8 446.9 440.8 429.1 420.9 422.5 412.8 410.7 406 397.6 401.7 396.5 391.8 384.5 375.2 368.9 362.4 357 357 357 357 357 357 357 357 357 357 357 357 357 359.3 374.6 383.9 391.5 399.1 405.5 412.2 424.8 438.9 453.3 469.3 485.1 499.1 506.8 507.4 516.5 518.3 520.9 518.9 517.5 515.7 511.9 505.5 499.1 493.6 489.7 485.9 485.6 482.3 469.4 462.7 463.7 451.5 436.8 426 416.7 407.5 396
608 590.9 557.5 541.9 516.2 500.9 490.9 482.1 473.3 468.2 458.2 453.5 446.7 438.1 431.4 428.8 428 418.2 413.4 401.9 412.9 405.2 399.6 393.7 387.4 381.3 374.9 366.5 357 357 357 357 357 357 357 357 357 357 357 357 357 367.4 376.8 385 393 400.4 404 414.9 428.2 442.8 460.8 474.6 490.6 498.4 500.6 502.7 506 507.2 506.9 505.4 504.9 500.1 493.9 489.4 484.1 479.2 474.4 471.2 466.5 461.4 452.5 446.8 441.8 431.8 422.6 413.2 404.8 395.4
624.8 609.2 583.6 561.6 537.6 516 505 497.5 487.7 477.5 469.5 458.9 452.7 443.4 439.3 436.6 434.4 427.4 414.6 409.8 416 412.3 408.5 404.6 399.8 394 387.9 379.9 368.1 358.6 357 357 357 357 357 357 357 357 357 357 357 360 371.2 378.5 386.6 394.9 399.8 409.2 421.9 435.4 454.1 466.3 477.6 485.6 492.1 491.5 495.2 496.2 495.3 488.9 486.8 486.8 482.2 485.9 479.4 474.4 464.7 457.5 449.3 443.6 438.3 432 425.3 417.6 412.8 406.9 399.9 391.1
640.1 627.9 609.6 588.3 559.6 534.3 519 511.7 505 490.1 480.3 467.8 461.5 451.1 445.3 440.9 437.4 428.9 417.2 425.2 426.6 421.3 416.4 413.3 410.5 406.3 400 393.1 381.8 371.6 363.9 360.2 357 357 357 357 357 357 357 357 357 357 364.5 370.8 378.1 388.2 396.8 404.5 417.6 430.7 446.7 462.1 467.6 473.1 478.4 478 484.2 483.4 482.8 481.2 479.9 482.5 478.3 477.1 469 456.7 449.9 444.5 437.1 428.8 422.1 417.2 411.3 406.2 401.8 397.6 392.7 385.9
642.6 634.8 621.7 603.7 580 556 534.6 533.1 520.4 509.2 488.9 476.8 468.7 460.9 454.4 447.2 442.6 432.7 422.6 438.8 439.7 436.1 431.2 426.6 421.8 418.1 413.1 401.6 394.7 386 375 368.3 363.2 357 357 357 357 357 357 357 357 357.5 362.5 367 371.8 379.4 389.1 397.8 410.2 421.8 437.3 453.2 466.2 467.4 468.3 469.6 468.4 468.9 469.9 468.2 470.6 470.8 468.9 464.9 458.3 448.7 439.2 433.4 424.5 420.4 410.6 407.3 402.5 397.7 394.9 393.1 388.8 383.5
643.7 636.1 624.7 608.6 598.5 581.8 552.7 550.1 539.4 516.6 501.8 484.9 477 469.8 464.1 454.2 449.5 438.8 446.4 449.6 449.7 448.8 446.5 441.8 434.1 429.7 421.7 411.7 406.4 400.5 389 380.6 368.8 360.5 357 357 357 357 357 357 357 361.4 362.5 365.4 370.1 373.9 381.7 390.5 401 412.4 424.3 437.9 452.1 466.9 471.7 476.1 470.9 459.1 455.8 453.4 453.5 452.4 450.4 446 442.4 432.2 426.7 421.2 414.5 409.6 402.3 400.2 397.2 393.5 390.8 388.2 387.1 381.8
629.5 624.4 621.2 617.1 609 597.4 562 563.5 552 531.1 509.9 495.5 486 478.6 471.2 463.1 458 450.7 461.5 462.5 465 464.3 464.7 462.2 452.2 443.3 433.5 424.9 420.5 414 401.9 390.1 375.5 365.4 357 357 357 357 357 357 361.4 359.6 362.3 364.9 369.3 374 378.4 384.6 393.1 402 413.5 424.2 441.4 459.8 465.3 467.1 467 462.1 449.6 443.4 441.6 436 432.4 427.7 424.1 417.7 411.4 409.1 405.6 401.9 397.3 393.5 391.9 389.2 385.8 383 378.9 374.6
615.9 622.2 621.7 620.2 612.6 594 583.2 578.1 562.6 536.9 513.3 500.6 491.9 484.2 479.6 473.8 468.3 457.6 471.4 474.2 479 484.8 483.9 478.9 471.5 462.4 449.9 439.6 428.7 424.2 413.2 399.2 383 370.4 363.3 357 357 357 361 355 357 357.7 360.1 365.3 372.2 373.2 375.5 379.6 386.2 395.5 405.1 416.4 430.8 442.2 452.2 456.2 457.4 453.1 441.3 433.6 426.6 422.5 415.9 410.2 406 400.7 399.2 399.6 396.3 392.7 392 391.8 390.6 388.3 382.7 378.8 374.7 371.1
599.9 613.3 614.1 606.9 606.8 597.3 593.8 580.5 564.8 536 515.8 503.7 494.3 489.9 486.2 478.7 470.7 467 479.7 485 492.7 499 500.6 498.8 496.5 488.8 475.2 455.8 442 429 418.8 402.4 390.8 377.9 369.5 362 356.5 354.7 348.1 345.7 353.3 355.1 358.8 361.5 369.6 373 373 375.1 380.7 390.3 399.6 409.1 418.8 426.7 434.4 436.5 442 442.8 433.8 424.5 418 412.6 404.6 398.8 396 393.7 392.5 389.8 386.1 384.7 386.2 389.2 386.4 383.5 380.3 378.1 372.3 369.5
