WholeMapElevations/data/sj/sj26_OST50GRID_20230518/SJ26.asc
ncols 200
nrows 200
xllcorner 320000
yllcorner 360000
cellsize 50
[rows 0 to 34 of 200, columns 78 to 155 of 200]
89.4 93.1 91.5 90.5 90.2 88.8 88 87.2 79.8 79.7 77.6 75.8 75.2 75.6 84.5 87 86.3 84.4 84.5 85.4 85.5 85.8 86.9 86.3 86.5 87 88.5 88.7 88.1 87.3 86 76.4 82.7 82.6 77.1 70.3 70.5 80.7 83 82.6 81.8 80.6 78.8 76.2 75.1 74.1 73.5 73 74.2 75.2 74.1 71 67.9 64.9 63 60.1 58.5 55.7 52.7 50 47.9 48.3 48.3 48.5 47.4 45.9 43.7 35.5 33.2 33.6 31.7 29.2 25.8 28.9 30.3 30.3 29 27.8
93.9 95.6 94.5 93.5 92.7 91.3 90.2 85.3 83.2 86.4 82.1 77.5 74.8 74.9 83.2 86.9 87.5 85.7 85.8 86.4 87 87.2 87.8 87.3 87.7 88.2 89.3 88.2 86.6 83.9 79.2 84.4 86.8 84.3 79.3 71.5 68.3 82.1 84.3 84.1 83.7 82.1 80 78.9 77.7 76 75.5 75.3 76.1 76.9 75.7 72.9 70.7 67.3 64.2 62.1 60.5 58 54.8 53.6 50.1 51.4 51.7 50.9 50.9 49.4 47.4 40.1 40 37.6 34.8 31.9 28.3 31.4 33.4 33.6 31.7 30.1
99.1 96.2 95.6 95.4 94.8 93.4 91.9 87.8 88.4 89.1 87.4 80 75.8 76.5 82 84.7 86.3 87.2 87 86.3 87.5 87.6 87.6 87.7 87.7 88.2 88.8 87 84.2 82.9 85.2 87.2 88.2 86.7 81.2 73.8 66.6 79.1 85.5 85.2 84.4 83.4 81.9 80.6 79 77.9 77.5 77.2 78.6 78.4 77.3 75.8 73.2 69.5 66.6 64.2 62.4 60.6 58.7 56.3 53.8 52.9 53.6 53.1 52.9 52.6 50.1 47.6 47.4 43.2 38.2 34.1 29.7 33.3 35.5 37.1 35.2 32.3
103.1 100.3 97 96.4 95.8 94.1 93.2 91.4 90.3 87.7 78.1 82.2 83.4 81 78.3 81 84.3 84 85.8 86.8 87.1 87.3 87 87.1 87.2 87.2 86.5 85.1 86.4 87.5 89.2 89.4 89 88.2 82.1 75.2 68.8 73.4 85.4 86 84.5 83.1 82.9 81.5 80.2 79.7 79.2 78.7 79.5 79.4 78.3 77.4 75.5 71.7 69.1 66.8 63.9 63 61.7 57.9 56 54.8 56.6 55.7 54.7 54.4 52.4 48.6 50.7 49.5 43.2 38.3 34 32.7 39.2 40.5 38.4 35.7
104.1 102.9 100.2 98.1 97.8 95.2 91.9 91.5 89.1 86 81.5 86.1 86.7 87 84.8 81.8 81.8 85.2 82.3 84.1 86 87 86.4 86.5 87.2 87.1 87.5 87.6 87.8 88.7 90.3 90 89.5 88.9 85.8 79.8 72.6 67.2 79.3 86.8 85.1 83.5 82.6 82 81.7 81.4 80.9 80.4 80.5 80.4 80.4 79.1 77.5 75.4 72.2 69.3 66.9 65.8 64.3 61.1 58.9 57.5 58.5 57.9 57 55.8 53.9 49.1 52.5 53 48.5 42.8 35.8 32.7 40 44.4 42.1 38.6
103.1 104.4 104.7 103.6 101.4 96.8 94.4 93.9 91.2 87 81.8 87.6 88.6 87.8 87.6 88.1 87.3 85.3 82.9 82.9 84.1 84.2 85.1 87 88 87.9 88.5 88.9 89.2 89.8 91 91.2 90.7 89.9 88.3 84.4 76.9 69.4 69 86.6 86.2 84.9 84 83.1 83.2 82.8 82.5 82.1 81.6 81.3 80.6 79.4 79.3 77.3 76.2 73.1 71 68.3 66.7 64.1 62.8 61.5 60.4 59.8 58.5 57.2 54.3 54 54.7 54.6 54 45 41.1 36.6 39.9 47.6 47 41.4
101.1 104 104 104.6 106.5 104.3 99.6 92 90.6 88.2 84.6 85.7 87.7 88.7 90.3 89.7 88.1 86.9 83 82.1 82.8 83.5 86.3 88.4 88.2 88 89 90.3 90.4 90.8 91.6 92.1 91.9 90.8 89 86.3 83.7 72.9 69.3 77.9 87.5 86.6 85.6 85 84.9 84.5 84.3 84.6 83.8 82.8 83.5 81.2 81.1 80.4 78.7 76.6 73.5 69.3 69.3 67.4 66.5 64.6 63.6 63.1 60.8 59.3 53.2 57.7 56.9 56.2 55.9 52.7 46.6 40.9 40.1 49.1 53.7 46
97.3 99.7 101 100.5 104.5 102.1 99.5 92.8 88.6 91.1 87.8 84.7 88.2 90.1 90.7 90.4 89.4 86.9 83.7 82 82.6 83.8 87.7 88.9 88.7 89.3 91 91.6 91.7 92 92.5 93.1 92.7 91.5 90.9 89.1 87.2 83.7 71.8 75.5 88.9 88.2 87.4 87.1 87.1 87.2 87.6 87.7 86.9 87.5 87.1 83.8 82.3 80.4 80.2 78.5 76.1 74.4 72 71.2 70.1 67 67.5 66.2 63.5 56.3 61.2 60.7 60 58.6 57.5 58 52 45.5 40.4 48.4 56.9 51.8
93.6 95 94.6 94.2 97.6 96.4 95.8 94.3 91.7 92.9 89.3 87.8 86.7 90.2 90.5 89.8 88.7 86.9 83.5 82.1 82.7 85.5 90 90.5 91 91.9 92.5 93.1 92.9 93.3 93.7 94.1 93 93.2 92.9 91 89.2 87.2 78.6 75.1 89.3 89.4 89.1 88.6 89.3 89.5 90.1 90.5 90.5 93 90.3 87.2 84.2 83.3 81.8 80.3 78.9 77.3 74.6 73.9 71.9 69.9 69.8 67.6 61.2 63.2 64.4 63.3 61.9 58.6 59.9 60.1 57.7 50.6 43.9 48.5 58.7 56.8
93.6 93.6 93.5 93.2 94.2 93.7 93.6 92.5 92.1 90.8 89.1 86.5 84.6 87 89 89 88 86.4 81.6 82.2 83.4 87.9 90.8 91 92 93 93.8 95.7 94.5 94.5 94.9 95.4 95.1 94.7 93.5 92.1 90.1 88 84.6 74.1 80.1 89.1 89.4 89.2 89.6 91.6 92.2 92.6 93 93.9 91.9 88.4 86 84.5 83.1 81.4 79.7 78.7 77.4 75.3 73.1 73 71.3 67.3 63.3 68.2 66.5 64.4 62.6 61.5 62.3 62 60 57.1 48.9 48.9 59.1 62.3
93.9 93.8 93.9 92.6 93.7 93 91.4 91.2 90.6 89.3 87.6 87 86 85 86.2 87.6 85.9 84.1 82.7 82.7 84.1 89.6 91.2 92.1 92.8 93.8 95.1 95.8 95.4 95.7 95.9 96.1 95.4 94.2 93.9 91.8 89.6 87.5 84.8 78.6 74.2 87.3 90.1 90.9 91.5 92.1 93.3 93.1 93.4 93.9 91.5 89.1 87 86.2 84.2 83 81.8 79.7 79.1 77.8 75.6 75.2 73.1 65.9 70.1 70.7 68.7 66.8 66.1 64.7 64.6 64.3 63.2 60.8 54.6 50.5 60 66.3
95.6 94.3 93.5 92.8 93 92.4 91.1 91.1 90.7 89.2 87.8 88.1 88.1 85.1 85.5 87.1 84.2 83.9 84.4 83.9 85.7 89.8 93.1 94 93.8 94.9 95.6 96 96.5 97.2 96.9 96.6 96.6 95.3 94.2 92.2 90.4 88.9 86.7 85.1 74.6 86.1 90.7 92 92.2 92.9 93.3 93.6 93.9 94.2 91.9 89.7 87.6 87.1 85.9 85.2 83.1 81.4 80.4 79.5 78.2 77.4 75.1 66.2 72.4 73.4 71.6 70.1 68.2 67.3 67.2 66.4 65.1 63.2 53.5 57.5 60.8 67.2
97.2 95 93.9 93 92.4 91.8 91.6 91 91.3 90.5 88.6 89 88.3 87.3 86.2 84.9 85.9 86.5 88.1 87.2 87.4 89.8 93.7 95.3 95.4 95.7 96.4 97.2 96.9 98.3 98.1 97.7 97.5 95.7 94.5 93.2 91.7 90.2 89 87.2 79.4 85.7 90.4 92.5 93.3 94.2 93.7 94 94.3 94.4 92.5 90.3 88.6 87.8 86.4 85 83.4 82.7 81.7 80.7 79.7 78.8 76.8 68.1 75.1 75.6 74.7 73 71.3 69.8 69.2 68.5 66 60.4 64.8 63.2 62.8 67
97.6 96.6 95.5 94.9 94.7 93.5 92.3 91.8 92.3 90.7 89.3 90.4 89.9 90.1 88.9 86.8 86 86.5 89.2 90.3 90.4 90.6 93.9 94.7 95.7 96.7 97.7 98 97.3 98 97.4 97.3 97.6 96.7 94.9 92.8 91.7 90.9 90.3 88.8 83.8 85.5 90.3 93.1 94.6 94.9 94.7 94.2 94.4 94.1 93.3 92 88.8 86.2 85 84.7 84.2 83.8 82.8 81.9 80.9 79.6 74.1 77 78.2 77.4 76.4 74.7 73.1 73.3 72.5 71.4 63.7 68.9 69.3 67.4 65.6 67.7
98.3 96.7 95.9 98.4 96.8 94.9 93.7 93.2 92.8 92 89.3 90.5 91.4 91 91.1 88.9 89.3 89.1 89.9 91.9 92.6 91.3 93.1 95.3 96.4 97.5 98.5 99.4 98.9 97.5 96.9 97.3 97.4 96 94.4 92.4 91 90.6 90.2 88.5 84.8 85.3 90 93 94.3 94.7 95.4 95 94.6 94 93 91.2 88.2 85.4 83.7 83 83.4 83.9 83.5 82.6 81.7 79.6 73.8 80.3 80.8 80.5 78.8 76.5 75.4 74.8 73.9 72.7 63.9 71.8 72.8 71.1 69.4 68.4
98.1 96.2 97.8 95.4 95.9 97 95.5 93.8 93.1 92.2 91.4 90.1 91.2 92.3 91.9 92.3 91.5 91.4 91.8 93.2 93.8 92.6 93.1 96.3 97.2 98 98.3 98.4 97.6 96.8 95.7 95.6 95.4 94.7 93.6 92 90.9 90.6 90 87.8 82.9 86.3 89 91.4 93.2 94.3 94.8 94.5 94.3 93.3 91.6 89.9 87.5 84.7 84.1 83.2 82.9 82.7 82.2 81.1 80.2 77.2 76.9 81.6 82.1 80.6 79.2 78.7 78.3 77.4 76.4 74.6 70.4 73.5 74.2 72.7 70.4 71.1
99.8 96.3 96.8 97.8 95.3 95.3 94.5 94 93.2 92.2 91.1 94 90.9 91.4 91.2 91.7 92.3 93.4 93.8 93.3 92.9 91.5 92.8 95.7 96.8 96.8 96.7 95.8 95.1 94.3 92.7 92.8 92.8 92.7 92.1 91.3 90.9 90.6 89.4 87.2 82.7 86.6 87.7 89.6 91.3 92.3 93.2 92.7 93 92.1 90.6 88.8 86.3 84.8 84.4 83.5 82.8 82 81.2 78.3 75.2 75.8 81.7 82.8 82.7 81.7 80.9 80.2 79.8 78.9 78.1 76.3 75.1 76.2 76.4 75 73.6 72.5
102.7 98.1 98.1 98 100 98.8 95 94.2 94.6 93.4 91.6 91 94.7 92.5 92.9 92.5 92 92.5 93.4 92.4 91 91.6 92.9 93.3 94.9 94.5 94 93.2 92.5 91.7 90.9 90.6 90.5 90.4 90.4 90.1 90.7 90.6 88.8 85.2 83.5 87.5 88.7 89.8 89.6 89.6 89.8 91.9 91.5 90.6 89.4 88.3 87.4 85.9 85.4 84.5 82.8 82.1 81 79.9 79 80.1 82.9 83.7 83.3 82.4 82.3 81.9 81.2 80.4 79.4 75.2 77.7 78.6 77.7 76.9 76.2 75.1
102.8 99.6 99.3 97.8 99.7 102.5 101.5 95.7 94.2 94.7 96.2 96.8 98.4 92.5 92.3 92.4 93.1 92.8 92.8 92.3 90.7 91.7 92 91 92.3 91.8 91.3 91.2 90.4 89.7 89.1 89.3 88.6 88.5 88.4 89.1 90 89.7 88 83.6 85.6 88.4 89.3 90 89.8 89.2 89.5 90.2 90.7 89.1 87.9 88.2 87.9 87 86.2 84.8 83.4 82.2 81.4 81.5 79.9 80 82.3 83.5 83.9 83.7 83.7 83.2 81.7 81.8 78.3 77.2 80.5 79.7 78.9 78.1 78 77.2
103.2 99.9 99.4 98.4 98.8 102.1 103.1 103.4 101.1 94.5 93.5 93.7 98.4 97.3 92.3 92.5 92.7 93.1 93.3 92.9 89.9 90.6 89.8 90 90 90.3 90.4 90.4 89.6 88.8 88.2 87.8 87.4 87.7 87.3 85.7 86 83.7 85.1 86.7 87.9 89.2 89.9 89.3 89.1 89 89.4 90.1 89.9 89.8 87.8 87.9 87.3 86.6 84.5 83.4 83.4 82.7 82.8 82.5 81.2 81.4 82 81.9 83.1 83.8 84.5 84.4 84.2 82.3 77.8 80 82.2 81.3 79.1 78.9 78.8 78.5
104.7 101.7 100 98.7 98.4 101.1 103.8 104.9 101.9 100.6 96.1 94.8 93.3 92.7 94.7 92.1 91.7 91.6 91.6 91.5 90.1 88.7 89.5 89.4 89.3 89.4 89.5 89.7 88.8 88 87.4 87.4 88.1 88.6 87.2 86.4 86.9 88.2 88.6 88.8 89.1 89.7 90.1 88.5 88.9 89.3 89.7 89.8 90.4 90.1 88.8 87.1 86.6 85.3 83.9 82.9 82.7 84.3 83.9 83.2 82.2 83.1 83.3 82.2 81.5 82.4 83.3 83.7 83.3 79.7 80 81.7 81.8 82.5 80.9 80 79.7 79.3
105 103.9 101.4 100.1 99.1 100 101.6 103 103.2 102.4 99 96.7 97 95.8 92.7 92.8 91.5 90.8 90.5 90.5 90.2 89.3 89.1 89 88.8 88.6 88.6 89.3 87.9 87.6 86.9 88.4 89.2 89.8 88.7 87.8 88.9 89.3 89 89.4 89.6 90.2 89.8 88.8 89.3 89.7 89.8 89.4 89.3 88.5 86.3 86.7 86.3 86.2 84.6 84.5 84.8 85.5 84.7 83.8 83.5 84.6 84.2 83.1 82.3 81.9 81 81.6 81 77.9 81.9 81.4 81.6 82.1 82.2 81.7 80.9 80.5
107.6 105.7 103.1 101 99.9 98.9 99.3 100.9 101.5 101.1 99.3 96.5 95 96 95.6 94 92.3 92 90.2 89.8 89.4 89 88.7 88.5 88.2 88.7 88.2 89.2 88.8 89.6 89.2 89.2 90 90.8 90.1 89.6 90.5 90.3 89.5 90.3 90.6 90.7 89.6 89.2 89.6 88.9 88.2 88.4 87.2 87.9 88.6 88.2 87.4 86.7 86.8 86.1 84.9 86.1 85.9 86.1 86.3 86 84.6 84.1 83.3 81.5 80.6 80.7 80.6 79.5 82.1 82.1 81.7 82.1 82.4 82.5 82.4 81.7
107.9 108.2 107.2 104.1 101.6 100.4 98.5 97.7 97.6 97 96.1 95.3 94.8 94.1 94.4 92.2 91.7 92.4 92.6 92.2 90.4 89.8 90.7 90.5 90.8 91.1 91.2 91.7 91.6 90.5 89.6 90.4 90.8 90.3 89.8 91.2 91.2 92.4 91.8 91.3 91.2 90.9 90.8 89.7 89.1 88.7 89.6 89.5 89.5 90.1 90.8 89.7 89 88.2 88 87 85.6 85.3 86.1 86.8 88 87 86.4 85.2 83.5 81.3 80.8 80.9 81.3 80.9 81.6 81.6 81.6 81.6 82 82.5 82.9 82.6
110.4 110.2 109.4 106.9 102.3 100.9 98.4 96.7 96.5 95.2 94.2 93.4 94 93.9 92.6 92.5 91.9 92.3 92.7 93.8 93.3 91.4 91.6 91.9 92.2 91.3 91.1 92.4 92.1 90.8 90.3 90.3 91.4 91.6 91.6 92.3 92.4 92.7 92.3 91.6 91.2 90.8 91.1 90.5 90.5 90.3 91.3 92.1 94 94.8 95.3 94.9 93.4 91.7 89.1 87.8 86 85.7 86.3 86.3 87 86.4 86.3 85.2 84 81.7 82 83.6 82.9 82.2 81.5 81.7 81.7 81.7 81.9 82.4 82.3 81.2
111 110.1 108.9 106.7 103.1 100.9 98.4 96.6 95.5 95.6 95 95.6 93.8 94.3 93.8 92.7 92.8 91.8 91.4 91.8 94 93.5 92.1 92.1 91.8 91.8 92.1 92 91.2 90.9 90.6 90.3 90.9 91.6 92.5 92.4 92.7 93 93.2 92.8 93 93.7 92.1 91.6 91.9 92.3 93.6 95.7 97.2 98.1 98 97.1 95.5 94.8 92.4 89.1 87.2 86.1 86.1 85.9 85.9 85.7 85.6 85.2 84 82.5 83.4 85.2 85.9 85.4 84.1 83.8 83.5 83.3 82.2 82.2 81.3 81.2
113.2 110.1 107.9 106.2 102.3 100.7 98.2 97.8 97.3 97.3 97.1 95.8 94.5 94.1 93.3 93.3 92.3 92.4 91.9 92.1 92.1 93.8 93.2 93 93.1 92.9 93 92 91.2 90.5 90.1 91.1 92.2 93.7 93.7 95.4 95.4 94.6 94.8 94.5 94 93.7 93.3 94.2 95.1 95.9 96.7 98.3 99.1 100.7 100.2 99.7 98.4 96.9 95 91.6 88.2 87 86.5 86.4 85.8 85.2 85 84.9 84 84.1 84.5 86.2 87.7 88.2 86 85.5 84.5 84.2 82.9 82.3 81.5 81.5
119.3 113.2 109.9 106.2 103.3 100.9 98.7 98.3 98.3 97.8 98 97.6 95.8 96 94.6 94.1 93.8 93.9 93.7 93.6 94.1 95.8 95 94.6 94.5 95 94.2 92.6 92 91.4 90.7 92.2 92.8 94.8 97.3 98.9 98.8 98.3 97.3 96.2 95.7 95.2 95.4 96.6 96.9 97.6 99.3 100.9 102 102 101.6 100.9 100 98.6 96.6 92.8 89 87.9 87.5 86.9 86.1 85.3 84.7 84.4 84.1 83.7 84.4 85 86.1 86.8 87.3 88.2 87.6 86.9 83.8 82.6 82.1 81
123.4 119.8 111.4 107.3 103.8 101.1 98.5 99.4 99.9 99.3 99.1 98.6 97 97.9 96 96.1 96.3 95.7 95.8 96.3 97 97.8 96.4 96.6 96 94.1 94.9 93.4 92.8 92.2 91.8 93.4 95.9 97.8 99.8 101.4 102 101.8 100.6 98.8 97.9 97.4 97.6 98.3 99.3 100.4 101.9 103.1 103 102.9 102.5 101.7 100.9 99.9 98.1 95.9 92.2 89 88.1 87.3 86.5 85.9 85.8 84.9 84 83.9 84.6 85.3 85.5 85.6 85.4 85.6 86.6 85.8 84.4 83.4 82.5 81.5
122.3 122.1 116.8 109.8 105 101.6 99.8 98.8 99.1 99.7 100.2 99 97.4 98.5 98.7 98.4 98 98.7 98.6 99.3 99.9 100.4 100.4 97.8 96.7 97 96.3 94.5 93.8 93.5 93.3 94.9 98.5 101.2 100.5 101.9 102.1 103.1 102.7 102.9 101.1 100.9 99.8 103.3 102.4 103.3 103.5 104.1 103.7 103 102.2 101.7 101.2 100.7 99.7 97.9 94 90.8 89.4 88.2 87.1 86.9 86.2 85.3 84.6 84.3 85 84.8 84.6 85.4 84.6 84.3 85 84.1 83 83 81.7 81.1
121.6 120.9 118.3 111 106.3 104.2 101.8 101.2 99.5 99.7 99.7 100.1 100.4 98.1 101.2 101.3 100.4 101.3 101.7 102.2 103 103 102.4 101.5 99.3 97.9 97.4 96.3 95.6 95.6 95.9 96.6 99.9 101.2 101.7 101.6 101.4 101.7 101.9 102.1 102.7 102.1 100.3 101.6 101.6 101.7 102.5 103.2 103.2 102.7 102 101.3 100.8 100.6 99.9 99.1 95.1 93 93.5 90.6 89.5 87.3 86.6 86 85.3 84.6 84.8 84.7 84.5 84.4 84.8 84.7 84.8 84.2 83.5 82.3 81.4 80.2
121.8 118.3 115.1 111.3 109.1 105.2 103.4 102.9 100.9 99.8 100.3 100.2 100.6 99 101.5 101.2 100.2 100.4 102.1 103.2 103.9 104.1 104.1 103.6 102.3 96.9 99.3 98 97.2 97.6 97.9 97.9 100.2 100.8 101.4 100.5 101 101.3 101.9 102.8 103.7 104.8 104.2 103.1 103.2 103 102.7 103.1 103.5 103.3 102.5 101.6 101.1 101 99.7 99 98.5 98.4 97.3 95.5 93.6 90.5 87.3 86.6 86 85.3 85.2 84.9 84.6 84.5 84.8 84.4 84.1 84.7 83.7 82 80.3 79.4
123.9 119.1 116 111.9 108 106.5 102.9 103.3 100.9 100.1 99.4 99.4 99.5 98.6 99.2 99.9 99.3 99.3 100 100.9 102.2 101.9 101.9 103.2 102.4 102.1 96.2 101.9 102.1 101.1 100 98.6 100.1 100.7 100.8 101.3 101.8 102.6 103.3 105 107 107.7 106.8 105.4 104.7 104.4 104.1 105.1 104.8 104.3 103.7 102.9 102.4 101.6 101.8 100.9 100.5 100.3 100.1 97.8 96.2 94.7 90.5 87.2 86.3 86 86.1 85.9 85.6 85.2 84.9 84.4 84.1 84.2 83.2 81.3 79.7 79.7
126 120.7 116.3 111.7 108.5 103 101.9 101.2 101.1 99.8 99.4 99.3 99.3 99.4 99.3 98.8 98.7 99 99.5 100 100.2 100.6 101.1 101.1 100.2 101.3 101.2 96.7 99.6 101 100 98.9 100.1 100.8 101.5 102.4 103.5 104.5 105.8 108 109.9 111.2 109 107.3 106.1 105.9 106 106.4 106.7 106.2 105.5 104.9 104.1 104.4 104.4 103 102.6 102.3 102 100.2 98.3 96.9 93.6 90.1 87.8 86.9 86.8 86.9 86.7 86 85.4 85.7 84.4 83.5 83 81.9 80.4 80.3
126.6 120.1 114.9 111.6 108.1 103.7 101.3 101.4 101.1 101 101.2 100.9 100.7 98.8 99.8 99.3 98.8 99.2 99.7 100.2 100.2 99 98.8 99.6 98.7 98.4 98 97.9 96.7 98.7 98.9 99.6 100.7 101.6 102.4 103.3 104.3 105.3 107.7 110 112.2 112 111.1 109.3 108 107.7 108 108.1 108.5 108.7 107.8 107.9 106.8 107.1 106.9 105.4 104.7 103.8 102.8 101 99.6 97.7 95.1 92.1 89.1 88.3 88.2 88.1 87.3 89.1 87.4 86.5 85.2 84.8 83.6 82.5 81.3 81.3
