WholeMapElevations/data/ng/ng19_OST50GRID_20230518/NG19.asc
ncols 200
nrows 200
xllcorner 110000
yllcorner 890000
cellsize 50
[rows 0 to 36 of 200, columns 83 to 165 of 200]
86.6 90.7 91.6 100.3 92.3 89.4 95.5 87.5 84.1 74.2 65.5 65.4 55.7 52.8 51.1 53.1 64.6 60.7 62.8 60.8 57 55.4 48.7 23.9 6.1 4.9 4.7 8.6 10.6 19.4 27.2 19.6 15.5 14.5 19 21.4 20.7 21.8 19.7 22.1 26.9 28.5 27.7 25 21 23 20.5 19.3 13.8 18.6 16 19.3 19 20.7 19.2 15.4 9.9 10.6 7 6.9 12.2 7.6 -1 6 16.2 26.9 37.9 50.3 58.3 57.1 63.1 55.5 55 51.1 53.2 53.1 46.7 41.5 37.9 28.3 17.4 8.5 8.5
90.9 88.7 93.7 98.9 93.4 92.4 93.3 88.8 92.3 80.8 72.1 56.8 54.2 59.2 58.3 54.1 60.1 66.9 66.7 66.4 65.5 63.8 57.8 49.9 27.4 4.1 5.1 -2.2 -2.2 -2.2 9.3 12.1 9.9 7.7 21.1 22.3 20.6 16.6 15.3 13.8 21.3 25.1 27.5 29.2 25.2 19 16.5 12.9 7.2 3.7 13.4 18.1 15.2 14.8 14.1 9.8 3 1.2 -2.2 -2.2 6.7 8.8 1.8 3.9 15.6 25.8 34.7 44 55.8 51.6 52.9 51.4 45.2 52.1 60.5 63.8 54.4 44.5 36.1 27.1 8.5 8.5 8.5
85.6 88.7 89.5 99.6 94.4 92.7 89.8 93 89.1 86.9 76.6 65.3 57.2 60.1 60.1 57.1 59.8 73.1 72.3 74.2 77.2 74.2 68.7 64.7 47.5 24.1 6.8 -2.2 -2.2 -2.2 -2.2 -2.2 5.7 7.7 14.5 20.1 17.4 16.4 9.2 12.2 14.3 18.7 24 29.7 33.9 19.9 15.7 11.7 6.8 2.1 9.1 12.2 14.8 15.5 11.3 4.1 -2.2 -2.2 -2.2 -2.2 -2.2 -2.2 -2.2 -2.2 9.6 20.5 29 40.2 47.1 47.7 50.6 37.2 41.6 48.1 52.6 55.3 51.3 38.3 27.7 19.7 8.5 8.5 9
86.9 92.4 89 92.5 92.8 89.7 94.1 93.4 83.2 80.4 82.8 74.2 66.4 62.5 60.9 66.7 68.3 74.7 76.2 81.5 86.6 84.9 78 70.6 60.4 40 37.9 16.1 -2.2 -2.2 -2.2 -2.2 -2.2 -2.2 8.3 8.1 6.3 7.7 5.5 6.6 9.8 19.5 23.5 25.7 25.8 21.1 11.1 8.1 3.2 -2.2 -2.2 -2.2 5.6 8.2 8.8 0.4 -2.2 -2.2 -2.2 -2.2 -2.2 -2.2 -2.2 -2.2 6.6 18.9 32.3 43.2 51.2 48.1 42.4 31.8 34.6 36.3 39.7 39.9 37.6 29.4 22.4 16 8.5 8.5 11.7
79 88.3 86.8 87 89.6 86.9 89.8 91 81.1 79.8 79.7 77 72.1 74.6 78.8 76.6 76.1 77.1 79.7 84.5 86.4 87.5 83.4 77.2 67.8 48.8 40.4 27.4 19.9 -2.2 -2.2 -2.2 -2.2 -2.2 -2.2 -2.2 -2.2 -2.2 -2.2 -2.2 10.6 17.3 22.3 20.6 18 17 10.7 7.3 -2.2 -2.2 -2.2 -2.2 -2.2 -2.2 5.8 -2.2 -2.2 -2.2 -2.2 -2.2 -2.2 -2.2 -2.2 -2.2 7.6 26.7 42.8 51.5 50.6 47.1 39.8 36.1 28 25.3 38.4 41 36.6 28.4 14.5 10.4 8.7 8.6 23.3
78 75.7 76 79.7 78.5 80.5 83.1 82.3 81.1 82.6 81.7 79.2 76.6 77.4 77.7 85 89 77.8 86.7 95.8 86 88.1 86.2 77 68.8 51.4 37.6 26.1 26.4 16.3 -2.2 -2.2 -2.2 -2.2 -2.2 -2.2 -2.2 -2.2 -2.2 -2.2 -2.2 7.7 14.6 21.5 14.2 12.3 -2.2 -2.2 -2.2 -2.2 -2.2 -2.2 -2.2 -2.2 2.5 -2.2 -2.2 -2.2 -2.2 -2.2 -2.2 -2.2 -2.2 -2.2 15 26.6 43.1 55.1 51.8 51.5 47.9 40.5 34.4 27.5 21 22.3 19 12.6 12.3 11 13 13.6 38.8
89.2 85.3 79.5 75.9 75.9 78.6 80.5 80.9 75.1 76.6 77 77.7 79 80.4 78.1 82.9 87.5 90.3 88.3 93.5 94.5 91.5 91.4 85.6 75.7 63.1 42.5 42.5 26.8 18.5 14.7 -2.2 -2.2 -2.2 -2.2 -2.2 -2.2 -2.2 -2.2 -2.2 -2.2 -2.2 -2.2 -2.2 9.5 -2.2 -2.2 -2.2 -2.2 -2.2 -2.2 -2.2 -2.2 -2.2 -2.2 -2.2 -2.2 -2.2 -2.2 -2.2 -2.2 -2.2 -2.2 -2.2 14 33.3 43.1 49.2 53 46.8 46.8 51.4 48.3 42 32 28.2 19.8 21.9 18.1 17.9 13 35.1 55
89.7 87.5 87.1 82.5 84.4 79.3 76.2 76.1 72.9 72 72.5 74 73.3 80.1 75.6 76.8 89.6 92.1 95.2 90.3 88.6 91.3 89.1 91.9 82.2 67.6 54.7 45.1 38.9 28.4 20.2 16.7 16 -2.2 -2.2 -2.2 -2.2 -2.2 -2.2 -2.2 -2.2 -2.2 -2.2 -2.2 -2.2 -2.2 -2.2 -2.2 -2.2 -2.2 -2.2 -2.2 -2.2 -2.2 -2.2 -2.2 -2.2 -2.2 -2.2 -2.2 -2.2 -2.2 -2.2 -2.2 -2.2 30.3 36.1 42.5 39.7 48.1 48.7 51 49.8 42.9 37.4 29.5 21.1 15.7 13.4 14.7 13.6 16.7 48.1
88.2 88.6 87.7 83.4 82 80.9 81.5 74.7 74 74.1 74.4 72.2 75.5 73 76.5 78.4 88.2 93.9 94.9 95.6 92.1 88.6 86.6 90.5 83.1 72.6 60.1 42.6 45.6 37.3 21.3 18.9 19.5 20.8 -2.2 -2.2 -2.2 -2.2 -2.2 -2.2 -2.2 -2.2 -2.2 -2.2 -2.2 -2.2 -2.2 -2.2 -2.2 -2.2 -2.2 -2.2 -2.2 -2.2 -2.2 -2.2 -2.2 -2.2 -2.2 -2.2 -2.2 -2.2 -2.2 -2.2 -2.2 -2.2 25.1 35.6 37.9 47.6 51.4 53.3 50.4 37.9 44.1 25.3 16 12.2 9.7 10.3 2.6 15.4 49.1
87.4 87 85.1 83 83.4 81.9 82.7 79.6 72.3 70 70.2 72.3 71.5 74.8 71.2 79 86.4 92.3 94.7 98.1 90.4 93.5 91.6 84.9 83.5 78 62.8 42.3 41.4 35.1 19.5 19.5 26.4 25.6 19.8 -2.2 -2.2 -2.2 -2.2 -2.2 -2.2 -2.2 -2.2 -2.2 -2.2 -2.2 -2.2 -2.2 -2.2 -2.2 -2.2 -2.2 -2.2 -2.2 -2.2 -2.2 -2.2 -2.2 -2.2 -2.2 -2.2 -2.2 -2.2 -2.2 -2.2 -2.2 17.4 25.9 26.4 39.5 44.2 44.9 40.6 30.2 26.1 23.7 16.3 7.3 6.6 -2.2 -2.2 17.2 52.2
87.6 86.6 84.2 83.3 81.1 81 80.5 83.5 76.4 67.6 69.3 74.5 77 72.8 72.7 70 81.3 90.1 98.4 99.5 92.3 92.3 98.5 90.1 73.3 68.4 62.5 46.1 44.2 31.2 20.6 23.8 28.4 30.5 25.4 14.5 -2.2 -2.2 -2.2 -2.2 -2.2 -2.2 -2.2 -2.2 -2.2 -2.2 -2.2 -2.2 -2.2 -2.2 -2.2 -2.2 -2.2 -2.2 -2.2 -2.2 -2.2 -2.2 -2.2 -2.2 -2.2 -2.2 -2.2 -2.2 -2.2 -2.2 -2.2 10.9 18.1 29.8 35.9 35.1 28.7 19.2 19.2 19.3 9.7 -2.2 -2.2 -2.2 -2.2 27.9 59.8
90.4 90.1 86 81.3 77.6 80.9 80.5 86 75.1 67.8 66.8 71.2 74 77.3 73.5 69.9 71.1 81.9 89.9 92.7 89.2 89 96.8 84.1 73.5 58.8 51.6 44.4 46.4 43.8 29.1 28.8 31.1 34.4 27.6 14.4 4.3 -2.2 -2.2 -2.2 -2.2 -2.2 -2.2 -2.2 -2.2 -2.2 -2.2 -2.2 -2.2 -2.2 -2.2 -2.2 -2.2 -2.2 -2.2 -2.2 -2.2 -2.2 -2.2 -2.2 -2.2 -2.2 -2.2 -2.2 -2.2 -2.2 -2.2 -2.2 7.4 15.4 26.2 23.6 16.4 9.5 -2.2 9.6 -2.2 -2.2 -2.2 -2.2 1.5 46.1 71
92.6 92.7 90.1 80.6 73.8 73.5 74.2 79 75.3 63.7 60 64 69.3 72.2 75.6 66.2 60.9 72 78.9 86.4 85.3 91.9 87.4 79.9 76.4 65.8 45.8 44.1 49 34.9 33.7 30 26.8 26.9 24.4 19.2 9.9 -2.2 -2.2 -2.2 -2.2 -2.2 -2.2 -2.2 -2.2 -2.2 -2.2 -2.2 -2.2 -2.2 -2.2 -2.2 -2.2 -2.2 -2.2 -2.2 -2.2 -2.2 -2.2 -2.2 -2.2 -2.2 -2.2 -2.2 -2.2 -2.2 -2.2 -2.2 -2.2 -2.2 14 9.8 6.3 -2.2 -2.2 -2.2 -2.2 -2.2 -2.2 -2.2 6.1 49 63.5
91.6 91.8 90.2 81 73.3 66.5 67 66.7 65.3 62.1 57.8 55.2 64.5 66.9 69 66.9 65.8 64 72.2 82.7 80.5 82.4 79.6 78.6 70.8 64 51 44.2 33 34 36.1 36.3 34.2 24.1 23.9 18.8 12.2 1.3 -1.2 -2.2 -2.2 -2.2 -2.2 -2.2 -2.2 -2.2 -2.2 -2.2 -2.2 -2.2 -2.2 -2.2 -2.2 -2.2 -2.2 -2.2 -2.2 -2.2 -2.2 -2.2 -2.2 -2.2 -2.2 -2.2 -2.2 -2.2 -2.2 -2.2 -2.2 -2.2 -2.2 -2.2 10.7 -2.2 -2.2 -2.2 -2.2 -2.2 -2.2 -2.2 12 49 65.5
83.7 83.8 85.9 81.8 80.1 67.2 61.9 60.5 61.5 57.9 54.4 53.7 57 59 56 57.9 59.8 60.4 57.5 68.7 65.1 71 76.1 80.7 81.4 57.8 52.9 29 22.8 25.5 38.9 43.7 39.3 31.6 23.4 21.7 12.5 5.9 -2.2 -2.2 -2.2 -2.2 -2.2 -2.2 -2.2 -2.2 -2.2 -2.2 -2.2 -2.2 -2.2 -2.2 -2.2 -2.2 -2.2 -2.2 -2.2 -2.2 -2.2 -2.2 -2.2 -2.2 -2.2 -2.2 -2.2 -2.2 -2.2 -2.2 -2.2 -2.2 -2.2 -2.2 -2.2 -2.2 -2.2 -2.2 -2.2 -2.2 -2.2 -2.2 8.7 42.1 49.6
85.1 79.3 75.6 77.1 76.9 63.5 59.6 58.3 57.9 54.1 51.3 55.6 53.6 54.4 51 48.4 52.9 53.7 48.1 43.7 47.2 60.3 68 77.2 76.3 64.1 43 27.2 21.9 21.9 42.6 46 37.4 32.9 29.6 19.2 15.2 5.6 -2.2 -2.2 -2.2 -2.2 -2.2 -2.2 -2.2 -2.2 -2.2 -2.2 -2.2 -2.2 -2.2 -2.2 -2.2 -2.2 -2.2 -2.2 -2.2 -2.2 -2.2 -2.2 -2.2 -2.2 -2.2 -2.2 -2.2 -2.2 -2.2 -2.2 -2.2 -2.2 -2.2 -2.2 -2.2 -2.2 -2.2 -2.2 -2.2 -2.2 -2.2 -2.2 -2.2 33.9 41.6
86.6 86.1 71.2 69.5 70.7 63.9 62.2 61.8 52.8 50.1 47 55.3 52.1 47.5 46.9 46.5 43.2 40.6 38.5 35.5 40.5 55.8 59.8 68.8 67.9 55.6 42 25.8 21.9 22.1 32.3 39.2 36 31.5 30.6 24.3 11.8 7.5 -2.2 -2.2 -2.2 -2.2 -2.2 -2.2 -2.2 -2.2 -2.2 -2.2 -2.2 -2.2 -2.2 -2.2 -2.2 -2.2 -2.2 -2.2 -2.2 -2.2 -2.2 -2.2 -2.2 -2.2 -2.2 -2.2 -2.2 -2.2 -2.2 -2.2 -2.2 -2.2 -2.2 -2.2 -2.2 -2.2 -2.2 -2.2 -2.2 -2.2 -2.2 -2.2 -2.2 25.5 33.2
82.7 87.5 70.6 64.2 58.1 59.7 58 56.9 49.9 42.2 41.5 48.7 50.1 46 47.9 39.3 41.2 33.4 31.9 32.3 34.6 42.4 46.9 58.4 57.4 53.3 44 24.1 21.9 21.9 22.6 31 28 28.7 28.8 30.4 16 9.8 -2.2 -2.2 -2.2 -2.2 -2.2 -2.2 -2.2 -2.2 -2.2 -2.2 -2.2 -2.2 -2.2 -2.2 -2.2 -2.2 -2.2 -2.2 -2.2 -2.2 -2.2 -2.2 -2.2 -2.2 -2.2 -2.2 -2.2 -2.2 -2.2 -2.2 -2.2 -2.2 -2.2 -2.2 -2.2 -2.2 -2.2 -2.2 -2.2 -2.2 -2.2 -2.2 -2.2 22.7 31.1
79.2 75.7 69.1 64.7 57.9 48.9 49 48.7 50 39.4 36.6 36.1 39.3 40.5 40.4 36.5 31.3 27.9 26 25 30.4 32.6 35.3 46.1 46.1 43.2 34.2 21.9 21.9 21.9 21.9 21.9 21.5 24.8 23 18.2 17.3 2.7 -2.2 -2.2 -2.2 -2.2 -2.2 -2.2 -2.2 -2.2 -2.2 -2.2 -2.2 -2.2 -2.2 -2.2 -2.2 -2.2 -2.2 -2.2 -2.2 -2.2 -2.2 -2.2 -2.2 -2.2 -2.2 -2.2 -2.2 -2.2 -2.2 -2.2 -2.2 -2.2 -2.2 -2.2 -2.2 -2.2 -2.2 -2.2 -2.2 -2.2 -2.2 -2.2 -2.2 20.8 31.8
83.1 77.2 69.5 64.6 55.9 49.2 44.4 43.2 43.5 38.6 35.8 34.3 33.8 35 31.2 29.8 27.3 25.5 23.8 23 25.7 27.9 34.7 48 41.7 37.4 24.2 21.9 21.9 21.9 21.5 25.5 23.3 19.8 18.1 13.6 8.7 7 -2.2 -2.2 -2.2 -2.2 -2.2 -2.2 -2.2 -2.2 -2.2 -2.2 -2.2 -2.2 -2.2 -2.2 -2.2 -2.2 -2.2 -2.2 -2.2 -2.2 -2.2 -2.2 -2.2 -2.2 -2.2 -2.2 -2.2 -2.2 -2.2 -2.2 -2.2 -2.2 -2.2 -2.2 -2.2 -2.2 -2.2 -2.2 -2.2 -2.2 -2.2 -2.2 -2.2 20.9 31.1
84.4 77.5 71.4 60 51.7 46.8 39 35.5 29.7 30.5 32.7 36.4 31.6 30.5 27.2 27 25 22.9 22.5 22.4 23.2 25 31.1 38.1 29.7 30.6 21.9 21.9 21.9 21.9 21.9 21.9 21 26.3 24.9 26.1 20.1 6.1 -2.2 -2.2 -2.2 -2.2 -2.2 -2.2 -2.2 -2.2 -2.2 -2.2 -2.2 -2.2 -2.2 -2.2 -2.2 -2.2 -2.2 -2.2 -2.2 -2.2 -2.2 -2.2 -2.2 -2.2 -2.2 -2.2 -2.2 -2.2 -2.2 -2.2 -2.2 -2.2 -2.2 -2.2 -2.2 -2.2 -2.2 -2.2 -2.2 -2.2 -2.2 -2.2 -2.2 -2.2 24.8
85.9 82.1 76.5 63.1 47.8 35.6 30.9 29.5 32.2 29.1 28.1 29.3 31.9 36.4 35 25.3 26.4 22.6 21.8 21.9 23.9 25.5 28.8 28.7 27.8 25.2 21.9 21.9 21.9 21.9 21 21.9 22.9 23 23.9 24 27.8 28.9 15.4 8.2 -2.2 -2.2 -2.2 -2.2 -2.2 -2.2 -2.2 -2.2 -2.2 -2.2 -2.2 -2.2 -2.2 -2.2 -2.2 -2.2 -2.2 -2.2 -2.2 -2.2 -2.2 -2.2 -2.2 -2.2 -2.2 -2.2 -2.2 -2.2 -2.2 -2.2 -2.2 -2.2 -2.2 -2.2 -2.2 -2.2 -2.2 -2.2 -2.2 -2.2 -2.2 -2.2 20.7
82.3 79.8 77.1 66.1 48 32.5 33.1 30.6 28.9 29.1 28.5 27.7 28.6 31.8 38.8 31.8 25 24.3 22 22 24.8 31.1 25.6 27.9 36.4 27.2 21.3 21.9 21.9 21.9 24.9 36.7 35.3 26.6 33.9 31.7 30 28 20.9 12.8 5.3 -2.2 -2.2 -2.2 -2.2 -2.2 -2.2 -2.2 -2.2 -2.2 -2.2 -2.2 -2.2 -2.2 -2.2 -2.2 -2.2 -2.2 -2.2 -2.2 -2.2 -2.2 -2.2 -2.2 -2.2 -2.2 -2.2 -2.2 -2.2 -2.2 -2.2 -2.2 -2.2 -2.2 -2.2 -2.2 -2.2 -2.2 -2.2 -2.2 -2.2 -2.2 -2.2
85.4 80.9 72.6 63.9 49.5 35 34 32 29.6 28.8 31.5 28.1 27.3 28 29.8 30.1 26.8 22.1 18.2 19.8 31.1 35.3 27.9 29 34.7 33.8 30 21.9 21.9 21.9 27.7 42.1 32.2 25.6 25.4 29.5 24.9 23 19.8 9.9 1.8 1.8 1.8 -2.2 -2.2 -2.2 -2.2 -2.2 -2.2 -2.2 -2.2 -2.2 -2.2 -2.2 -2.2 -2.2 -2.2 -2.2 -2.2 -2.2 -2.2 -2.2 -2.2 -2.2 -2.2 -2.2 -2.2 -2.2 -2.2 -2.2 -2.2 -2.2 -2.2 -2.2 -2.2 -2.2 -2.2 -2.2 -2.2 -2.2 -2.2 -2.2 -2.2
84.5 82.4 77.9 64.5 53.2 46.2 44.1 34.1 28.8 28.8 36.1 29.2 28.5 27.9 28.2 27.3 23.9 19.3 13.7 18.1 25.4 27.7 22 23.3 28.9 35.4 36.1 21.6 21.9 21.9 22.5 31.6 38.1 28.1 17.5 24.4 18.8 22.3 10 -2.2 -2.2 -2.2 5.4 -0.1 -2.2 -2.2 -2.2 -2.2 -2.2 -2.2 -2.2 -2.2 -2.2 -2.2 -2.2 -2.2 -2.2 -2.2 -2.2 -2.2 -2.2 -2.2 -2.2 -2.2 -2.2 -2.2 -2.2 -2.2 -2.2 -2.2 -2.2 -2.2 -2.2 -2.2 -2.2 -2.2 -2.2 -2.2 -2.2 -2.2 -2.2 -2.2 -2.2
90.4 83.6 77.3 74.3 61.5 48.6 41.1 42 32.4 28.8 36.3 29 30.7 26.5 26.6 25.9 20.2 13.6 12.8 13.2 13.6 17.3 15.9 15.8 22.8 38 45.1 24.3 21.9 21.9 21.9 22.5 24.6 23.3 19.3 15.5 12 9.1 1.1 -2.2 -2.2 -2.2 -2.2 -2.2 0.7 -2.2 -2.2 -2.2 -2.2 -2.2 -2.2 -2.2 -2.2 -2.2 -2.2 -2.2 -2.2 -2.2 -2.2 -2.2 -2.2 -2.2 -2.2 -2.2 -2.2 -2.2 -2.2 -2.2 -2.2 -2.2 -2.2 -2.2 -2.2 -2.2 -2.2 -2.2 -2.2 -2.2 -2.2 -2.2 -2.2 -2.2 -2.2
90.7 87.1 84.1 74.8 71.1 61.2 42.5 41.3 31 30.5 30.6 28.7 31.2 25.8 25.4 25.5 21.4 14 17.4 13 13.6 15.4 12.2 12.8 19.3 27.7 35.9 24.8 21.9 22.1 20.7 21.9 30.1 34.1 23.3 12.7 6.7 -2.2 -2.2 -2.2 -2.2 -2.2 -2.2 -2.2 7.5 8.5 1.7 -2.2 -2.2 -2.2 -2.2 -2.2 -2.2 -2.2 -2.2 -2.2 -2.2 -2.2 -2.2 -2.2 -2.2 -2.2 -2.2 -2.2 -2.2 -2.2 -2.2 -2.2 -2.2 -2.2 -2.2 -2.2 -2.2 -2.2 -2.2 -2.2 -2.2 -2.2 -2.2 -2.2 -2.2 -2.2 -2.2
97.5 89.9 87.6 79.8 70.9 63.8 52 39.6 33 34.7 38.3 27.7 25.5 25.4 30.7 31.6 29.1 25.8 27.8 21 20.3 22.4 13.5 12.5 14.6 13.9 19.6 17.7 22.3 25.8 26.5 21.9 21.9 33.5 33 12.9 1.9 -2.2 -2.2 -2.2 -2.2 -2.2 -2.2 -2.2 9.5 14.4 17.9 -2.2 -2.2 -2.2 -2.2 -2.2 -2.2 -2.2 -2.2 -2.2 -2.2 -2.2 -2.2 -2.2 -2.2 -2.2 -2.2 -2.2 -2.2 -2.2 -2.2 -2.2 -2.2 -2.2 -2.2 -2.2 -2.2 -2.2 -2.2 -2.2 -2.2 -2.2 -2.2 -2.2 -2.2 -2.2 -2.2
124.3 102.1 87.1 81.4 72.7 61.9 52.1 48.1 41.8 34.4 37.3 39 37.5 32.6 30.4 28.9 30.9 29.3 27.8 23 21.9 24.3 16.4 15.7 11.5 6.5 2.3 -2.2 21 25.2 26.3 28.8 25.9 26.7 25.1 12.7 10.4 6.8 -2.2 -2.2 -2.2 -2.2 -2.2 -2.2 -2.2 14 17.3 12.4 -2.2 -2.2 -2.2 -2.2 -2.2 -2.2 -2.2 -2.2 -2.2 -2.2 -2.2 -2.2 -2.2 -2.2 -2.2 -2.2 -2.2 -2.2 -2.2 -2.2 -2.2 -2.2 -2.2 -2.2 -2.2 -2.2 -2.2 -2.2 -2.2 -2.2 -2.2 -2.2 -2.2 -2.2 -2.2
137.1 127.8 101.1 80.1 72.1 64.3 47.3 48 46.7 41 39.4 41.2 36 32.2 26.3 28.7 26.7 24 21.7 15.9 18.9 23.2 13.2 11.2 8.4 -2.2 -2.2 -2.2 17.4 21.1 29.2 31.7 32.7 32.3 21.3 15.6 16 18.5 11.8 3.9 0.9 3.8 -2.2 -2.2 -2.2 -2.2 16.2 14.1 -2.2 -2.2 -2.2 -2.2 -2.2 -2.2 -2.2 -2.2 -2.2 -2.2 -2.2 -2.2 -2.2 -2.2 -2.2 -2.2 -2.2 -2.2 -2.2 -2.2 -2.2 -2.2 -2.2 -2.2 -2.2 -2.2 -2.2 -2.2 -2.2 -2.2 -2.2 -2.2 -2.2 -2.2 -2.2
144.2 130.5 107.9 96.7 68.8 71.1 52.5 43.8 44.7 43.7 38.5 39.5 36.2 30.3 24 24.8 21.8 14.3 12.2 10.5 18.5 13.5 8.5 7.1 -2.2 -2.2 -2.2 -2.2 12.1 21.6 28.1 37.3 33 32.4 23.2 18.3 21.1 28 22 12.9 5.2 7.7 -2.2 -2.2 -2.2 -2.2 -2.2 -2.2 1.1 -2.2 -2.2 -2.2 -2.2 -2.2 -2.2 -2.2 -2.2 -2.2 -2.2 -2.2 -2.2 -2.2 -2.2 -2.2 -2.2 -2.2 -2.2 -2.2 -2.2 -2.2 -2.2 -2.2 -2.2 -2.2 -2.2 -2.2 -2.2 -2.2 -2.2 -2.2 -2.2 -2.2 -2.2
148.1 126 117.2 99.8 85.2 62.7 54.3 46.9 41.9 35.5 36.3 32 31.9 27.6 20.6 22.2 19.9 10.1 10.5 10.6 10.4 5.5 1.8 -2.2 -2.2 -2.2 -2.2 -2.2 16.5 17.7 20.7 33.3 32.5 32.7 31.9 28.3 33.6 30.7 34.5 18.9 12.5 2.6 -2.2 -2.2 -2.2 -2.2 -2.2 -2.2 -2.2 -2.2 -2.2 -2.2 -2.2 -2.2 -2.2 -2.2 -2.2 -2.2 -2.2 -2.2 -2.2 -2.2 -2.2 -2.2 -2.2 -2.2 -2.2 -2.2 -2.2 -2.2 -2.2 -2.2 -2.2 -2.2 -2.2 -2.2 -2.2 -2.2 -2.2 -2.2 -2.2 -2.2 -2.2
153.8 125.7 115.2 109.8 93.9 78.6 53.5 46.4 40 33.5 34.1 32.4 23.3 19.2 16.7 18 19.6 10 12.5 14.7 8.2 7.2 -0.1 -2.2 -2.2 -2.2 -2.2 -2.2 8.6 9.4 17 26.5 32.2 34.1 41.6 35.8 31.3 32.4 27.6 22.5 15.6 11.5 -2.2 -2.2 -2.2 -2.2 -2.2 1.6 -2.2 -2.2 -2.2 -2.2 -2.2 -2.2 -2.2 -2.2 -2.2 -2.2 -2.2 -2.2 -2.2 -2.2 -2.2 -2.2 -2.2 -2.2 -2.2 -2.2 -2.2 -2.2 -2.2 -2.2 -2.2 -2.2 -2.2 -2.2 -2.2 -2.2 -2.2 -2.2 -2.2 -2.2 -2.2
139.8 136.2 116.1 113.9 94.4 81.9 64.2 48.6 33.6 30.8 22.6 28.2 21.6 12.6 9.3 16 20.4 12.2 2.2 8.2 8.9 11.9 5.4 -2.2 -2.2 -2.2 -2.2 -2.2 19.1 23.6 21.4 26 38.1 36 33.7 33.8 30.5 31.4 32.1 33.3 18.4 18.1 10.1 -2.2 -2.2 -2.2 -2.2 7.9 -2.2 -2.2 -2.2 -2.2 -2.2 -2.2 -2.2 -2.2 -2.2 -2.2 -2.2 -2.2 -2.2 -2.2 -2.2 -2.2 -2.2 -2.2 -2.2 -2.2 -2.2 -2.2 -2.2 -2.2 -2.2 -2.2 -2.2 -2.2 -2.2 -2.2 -2.2 -2.2 -2.2 -2.2 -2.2
117.9 119 100 96.1 82.4 74.3 62 45.2 36.8 20.2 23.4 15.6 19.4 6.5 6.3 10.2 10.8 9.5 1.6 2.9 1.8 2.6 10.8 -2.2 -2.2 -2.2 -2.2 -2.2 17.2 19.4 21.2 36.1 30.7 36.1 31.7 29.2 30.2 36.3 29.9 22.7 21.2 18.8 8.7 -2.2 -2.2 -2.2 -2.2 -2.2 -2.2 1.5 8.4 -2.2 -2.2 2.2 -2.2 -2.2 -2.2 -2.2 -2.2 -2.2 -2.2 -2.2 -2.2 -2.2 -2.2 -2.2 -2.2 -2.2 -2.2 -2.2 -2.2 -2.2 -2.2 -2.2 -2.2 -2.2 -2.2 -2.2 -2.2 -2.2 -2.2 -2.2 -2.2
115.3 101.3 85.9 76.9 75.3 72.8 61 39.2 43.1 24.6 18.4 15.4 8.9 -2.2 -2.2 -2.2 -2.2 -2.2 -2.2 -2.2 -2.2 -2.2 9.7 -2.2 -2.2 -2.2 -2.2 -2.2 -2.2 -2.2 14.2 25.8 26.5 26.3 24.5 24.3 34.1 30.5 26.4 21 18.8 24.9 17.9 -2.2 -2.2 -2.2 -2.2 -2.2 -2.2 11.3 10.4 -2.2 -2.2 -2.2 2.5 -2.2 -2.2 -2.2 -2.2 -2.2 -2.2 -2.2 -2.2 -2.2 -2.2 -2.2 -2.2 -2.2 -2.2 -2.2 -2.2 -2.2 -2.2 -2.2 -2.2 -2.2 -2.2 -2.2 -2.2 -2.2 -2.2 -2.2 -2.2
122.3 103.3 86.6 73.6 65.4 64.4 54.5 41.3 30.3 25.6 25.7 8.9 7.2 -2.2 -2.2 -2.2 -2.2 -2.2 -2.2 -2.2 -2.2 -2.2 1.1 -2.2 -2.2 -2.2 -2.2 -2.2 -2.2 -2.2 9.2 13.5 13.2 14.9 20.2 19.4 23.6 25.2 25.1 19 21 15.8 14.9 -2.2 -2.2 -2.2 -2.2 -2.2 -2.2 5.2 8.3 -2.2 -2.2 4.6 -2.2 -2.2 -2.2 -2.2 -2.2 -2.2 -2.2 -2.2 -2.2 -2.2 -2.2 -2.2 -2.2 -2.2 -2.2 -2.2 -2.2 -2.2 -2.2 -2.2 -2.2 -2.2 -2.2 -2.2 -2.2 -2.2 -2.2 -2.2 -2.2
