UK/data/nx/nx39_OST50GRID_20230518/NX39.asc
ncols 200
nrows 200
xllcorner 230000
yllcorner 590000
cellsize 50
[rows 35 to 69 of 200, columns 78 to 155 of 200]
336.4 340.5 341.4 345.6 352.5 361.8 370.7 377.6 382.5 385.8 387.2 386.6 386.7 386.5 385.8 385.5 384 382.4 378.8 374.9 372.1 370.2 367 368.4 373.7 382.3 389.6 389.1 380.6 375.9 368.2 364.1 359.4 357.3 352.8 349.5 347.5 342.2 337.7 334.1 334 333.8 332.4 330.3 329.3 328.4 326 319.4 315.7 305.9 303.8 298.4 294.7 294.7 294.7 294.7 294.7 294.7 294.7 294.7 294.7 295.3 299.2 302.1 306.4 310 316.9 314.7 317 321.3 324.4 323.6 321.8 320.9 325 324.8 325.1 317
330.2 333.5 335.4 337.4 344.9 351.6 360.2 367.5 372.7 377.3 378.8 379.2 379.8 380.2 379.7 378.4 376.9 375.4 372.4 369.1 365.5 364.4 362.9 363.6 366.2 368.8 382.1 384.1 374.7 369.3 364.5 360.4 355.5 354.1 350 346.1 343.8 339.9 335.1 329.7 327.7 327.6 327.9 326.8 326.2 325.7 322.5 320.1 309.9 304.9 303.4 301.3 295.2 294.7 294.7 294.7 294.7 294.7 294.7 294.7 294.7 295.3 299.8 302.5 305.6 309.9 314.7 314.9 317.8 320.2 320.5 321.8 322.7 325.9 329 331 331.2 324.5
325.5 327.7 329.6 333.2 336.2 340.9 346.5 352.6 359.4 366 368.4 369.2 369.9 369.9 368.4 367.6 367.5 366.6 364.4 359.3 354.4 355.8 355 359.1 361 363.3 365.8 367.7 366.2 363.8 360.1 356.3 352 351.1 347.2 343 339.8 336.5 331.9 327.1 323 319.6 319.5 318.7 319.6 314.6 312.5 310.5 306.4 305 304.1 303.3 300.3 294.7 294.7 294.7 294.7 294.7 294.7 294.7 294.7 294.7 298.2 302.3 307.3 309.9 312.8 312.2 311.6 314.5 317.7 322.4 326 328.4 331.4 332.5 333.4 330.8
320.1 320.1 325.9 328.5 329.4 331.7 335.2 341 346.6 352.2 355.2 355 355.7 355.4 355.3 355.2 354.6 354.1 352.7 348.1 344.8 347.8 345.9 353.2 355.5 358.4 359.7 360.5 360.3 358 354.1 351.1 348.6 346.8 344.7 340.8 337.7 334.3 329.3 325.7 320.8 316.1 311.1 309 310.8 309 305.8 304.8 305 304.8 305.2 304.6 301.7 295.9 294.7 294.7 294.7 294.7 294.7 294.7 294.7 294.7 295.4 299.8 304.6 308.3 308.5 307.6 309.3 311.9 317.8 322.7 328 328.2 330 331 327.1 320.4
313.5 316.2 320.5 322.7 324.1 326.8 329 330.6 335.9 337.9 339.4 340.8 342.7 344.2 345.1 344.8 345.3 343.9 342.1 338.9 334.8 339.9 343.2 346.2 350.1 352.6 354.2 353.1 353.8 351.1 348.1 343.6 344.4 343.1 341.8 338.4 336 331.9 325.7 322.3 320 316.1 312.2 309.5 311.1 309 304.1 302.5 304.4 304.6 304.3 303 300.9 296.3 294.7 294.7 294.7 294.7 294.7 294.7 294.7 295.1 297.1 298.5 302.1 304.4 303.2 305.7 307.4 311.6 316.6 321.3 325.8 324.5 326.1 326.3 321.7 315.9
307.3 312.8 316.4 319.4 320.7 321.3 322.9 327.8 329.7 331.3 329.8 330.4 333.2 334.5 336 336.7 336.8 336.4 333.9 331 327.9 329.2 335 338.7 341.4 344.5 347.5 348.2 347.9 346.1 344 339.1 339.3 339.9 338.5 336.5 332.7 328.1 323.3 317.6 317.8 315.1 312.3 309.9 308.2 308.1 306 304.6 302.2 302.1 301.4 299.2 295.5 294.7 294.7 294.7 294.7 294.7 294.7 294.9 294.7 294.7 298.7 299.2 299.4 301.4 303.3 304.1 305.6 310 313.9 317 316.8 317.7 319.3 322.8 316.8 312.6
302.3 308.1 313 315.5 318.2 316 318.7 319.3 320 322 324.7 324.4 324.6 323.3 323.9 324.9 325.3 325.7 324.7 320.9 320 324.3 329.4 333.5 336.6 339.7 341.7 343.3 341.4 340.7 337.5 333.2 334 334.3 334.2 331.3 328.2 323.7 321 318.1 315.1 314.3 312.7 310.9 308.2 307.4 305.8 305.1 303.9 301.6 297.3 296.4 294.7 294.7 294.7 294.7 294.7 294.7 296.6 297.6 298.1 295.7 297.3 299.4 301.1 302.3 304.4 306 306.6 308.6 310.5 311.7 312.4 313.3 312.8 312.9 312.6 309.8
303.9 302.7 306.9 309.9 310.5 309.2 310.9 314.2 313.4 313.5 314.2 316 317.2 316.3 315.4 314.4 314.5 314.4 314.1 314.6 315.4 317.5 321.3 326.5 331.7 335 338.1 337.8 337.8 333.9 328 329.1 329.8 330.4 328.3 326.7 322.9 319.8 317.4 315.3 314.2 312.1 311.3 308.7 307.2 306.4 305 304.7 303.6 302.9 298.8 294.9 294.7 294.7 294.7 294.7 294.7 295.7 299.2 298.7 299.7 299.2 297.5 299.5 300.7 304.1 305.8 305.9 307.4 307.4 309.9 310.5 311.7 312.4 311.6 308.9 307.8 305.5
297.3 295 301.6 304.1 302.5 302.6 304.4 306.1 307.2 306.6 308.3 308.9 310.4 310.8 309.7 305.6 306 307.8 310.3 312 312.8 314 315.6 319.4 323.1 327.3 330.4 330 329.9 327.1 324.5 325.8 327.4 326.6 325.1 323.4 319.9 317 314.9 313.8 310.9 310.2 308.2 306.7 305.5 305 303.8 302.7 303 302 300.4 294.7 294.7 294.7 294.7 294.7 294.7 296.7 299.2 300.4 300.8 301.8 301.4 302.1 303.5 303.3 306.8 309.2 310 310.5 312 310.8 310.5 308.5 313.2 306.2 303.8 302.8
292.5 292.1 297.4 295.7 295.3 294.3 296.7 298 300.2 300.3 301.2 301.4 302.7 303.6 304.1 305 308.1 309.4 311 314.6 316.5 314.9 315.1 315.4 317.9 320.6 322.8 323.5 322.5 322.3 324.4 326.7 328.7 328.8 327.6 325.2 322.2 320.6 317.9 315.6 311.6 308.2 305.9 304.5 303.9 302.9 301.7 300.2 300.4 300 294.7 294.7 294.7 294.7 294.7 294.7 299 297.4 300.2 301.2 302.3 303.1 303.4 304.7 306 307.3 307.9 310.3 311.3 312.5 314.8 315.1 312.7 311.4 306.5 304.9 305.6 304.2
291.9 282.5 290.3 289.2 290.2 287.1 288.6 288.2 288.4 289.3 292.1 293.6 297.9 298.6 298 306.5 310.9 315.5 318.3 322.5 323.2 324.1 323.8 321.8 319.1 319.9 319.4 321 323.1 326.1 327.3 329.3 329.4 329.1 328.1 327.7 325.1 323.5 320.5 317.3 313.4 309.7 305.4 302.5 300.1 299.1 298 297 295.6 294.5 294.7 294.7 294.7 294.7 294.7 297 300.6 301.1 301 301.7 302.6 304.8 304.7 306.2 309 309.9 310.9 312 314.8 316 319.1 321.2 319 313.4 307.7 305.2 303.5 301.8
292.3 287.4 282 283.9 283.1 281.9 281.7 280.4 280.8 282.1 285.7 288.6 290.8 294.9 301.5 305.8 310.1 315.2 320.5 323.8 329 330.3 329.3 326.8 323.8 325.5 325.2 326.8 329.5 331.4 332 333 332.6 332.6 330.2 329.7 326.7 323.3 320.7 317.3 313.2 309.5 303.4 300 299.4 298.5 297.4 296.8 294.7 294.7 294.7 294.7 294.7 294.7 296.1 299.7 302.2 302.6 302.5 302.5 304.9 305.5 307.4 308.7 311.7 313.4 315.9 317.3 316.7 317.6 320.3 323.6 324.2 317.5 309 302.4 300.8 300
290.6 283.6 273.1 277.4 278.1 274.8 276 274.5 275 277 278.9 281.4 286 294.7 300.8 304.8 309.9 314.4 318.7 324.4 329.3 334.7 336.3 336.5 335.4 333.2 334.6 335.8 338.4 339.7 341.5 342.4 341.1 339.7 335.8 334.3 329.4 324.7 321.3 317 311.3 306.9 302.5 298.9 298.5 297.5 296.9 296 295.8 294.7 294.7 294.7 296.1 298.8 300.2 301.1 302.6 303.3 302.9 303.5 305.1 307.8 309.5 311.3 314.1 317.9 319.9 322 322.6 320.8 319.8 321.5 320 314.7 307.5 303.7 300.6 299.3
287.9 278.9 276 262.7 272.1 268 270.6 264.2 269.2 263.6 270.2 280.7 286.6 291.7 296.4 302.3 307.8 313 317.7 322.8 325.7 335 342 347.2 346.7 343.8 342.1 341.9 344.3 346.8 349.1 349.9 348.3 345.7 342.4 336.2 331.5 325.2 319.2 314.1 309.6 303.6 302 298.2 298.8 299.3 297.5 297.1 296.4 294.7 294.7 294.9 300.2 300.6 300.6 301.9 302 303.1 303.3 304.6 307.4 310.5 313 314.2 317.2 320.7 323.1 325.5 326 325.4 322.4 321.4 317.3 310.3 306.8 304.7 302.8 300.9
284.2 274.1 268.6 265.5 257.3 261.3 262.1 258.1 263.7 270.2 278.1 281.4 284.3 285.8 293.1 300.1 305.8 310.6 315.2 320.7 323.2 333.8 343 351.5 355.5 352.5 349.3 347.1 347.5 351.4 354.2 354.9 353.5 350.1 343.7 340.4 333.5 327.3 321.8 316.4 310.4 304 300.5 299.8 298.7 299.2 298.4 296.7 296.7 294.7 294.7 298.3 300.4 299.3 299.4 300.2 300.7 302.6 303.7 305.4 307.1 310.1 312.6 316.5 318.3 321.8 325.8 327.5 325.6 325.6 322.1 319.2 314.8 311.4 308.1 306.1 303.8 301.7
281.4 270.9 263 259.9 255.7 252 254.1 257.8 263.7 269.9 277.4 282.9 287.1 291.3 295.2 300.2 302.3 307.3 312.1 316.6 325.1 332.9 341.2 348.5 354.1 355.7 358.7 351.7 350.4 352.6 356 359.1 358.5 353.5 344.7 338.7 332.8 327.7 322.5 317 310.5 304.9 302.3 301.3 299.3 298.5 297.6 295.2 296.8 297.1 298.4 299 299.7 298.2 299 298.5 300.2 300.9 303.2 305 307.4 310.2 313.1 317.1 319.6 321.1 322.6 325.4 324.9 321.4 318.8 315.6 312.9 310.5 307.3 305.6 305.3 301.9
277.8 265.3 257.3 253.5 246 256 260.8 264.2 266.6 265.4 275 281.8 287.8 292.6 297.8 302.9 307.8 312.1 315.2 317.3 324.4 332.2 341.1 348.2 354.5 358.8 360.6 356.2 351.9 353.7 357.3 356 352.6 346.9 341.6 336.4 330.9 326.4 321.4 316.7 307.8 304.3 303.6 301.8 300.8 299.9 298.4 296 295.9 297.3 298 299 297.9 297.1 296 300.1 301.6 303.1 304.3 305.8 307.5 310.4 313.2 315.9 318.7 319.3 318.8 319.4 319 317.8 315.4 313.4 311.8 309.5 306.4 305.6 303.3 302.2
267.1 254.9 247.1 238.6 251.1 262.6 265 268.6 272.7 273.3 273 273.2 286.5 292 297.4 302.5 309.3 312.8 314.6 318.2 324 330.5 339.8 349 358 364.5 364.4 356.8 352.9 351 351.3 351.6 348.1 343.4 337.1 331.7 327.8 323.3 319.3 314.4 308.6 305.8 303.6 302.6 301.1 300.4 299.3 299.1 297.5 294.3 296.7 297.3 296 295.3 298.4 300.2 301.1 303.6 304 306.1 307.8 310.8 312.5 313.5 316.6 317.9 317.7 316.9 316.4 316.4 314.5 312.8 312 309.4 307.5 304.7 303.5 301.5
250.5 247.4 240.8 247.4 258.2 266.3 272.6 277.1 281.3 281.9 284.1 287 289.6 286.3 288.9 302.2 311.6 318 321.4 324.8 327.2 329 336.3 346.5 355 362.6 364.1 357.3 350.4 349.5 347.7 345.6 340.4 335.5 330.9 326.6 324 320 315.1 312 308 305.8 304.3 302.9 301.2 300.5 299.4 299.1 297.1 292.9 294.6 295 293.9 296.5 298.2 300 300.5 301.5 302.3 304.6 305.6 307.5 309.2 312.2 313.2 313.7 315.2 315.2 315.4 315 314 313.4 311.4 308.9 306.9 304.7 302.5 299.4
239.8 231.5 232.3 250.7 259.2 267.2 277 282.7 290 295.8 296.5 297.6 299.6 298.5 299.1 299.9 303.5 315.4 323 329.1 332 329.7 333.4 340 348.5 352.8 349.9 346.6 344 342.8 339.7 336.1 332 330.2 326.3 322.1 319.1 316.2 312.9 309.5 306.7 304.8 303.4 302.1 300.9 300.8 300.1 298.7 296.2 292.9 292.7 292.1 294.9 297.1 298.1 298.6 298.3 298.6 300.7 302.4 303.9 304 305.3 307.5 309.7 311.2 311.5 312.3 312.9 312.8 312.5 311 310.4 308.3 306.6 304.8 301.4 298.8
222.4 232.9 243.2 252.2 262.2 271.4 280.9 288.2 298.7 307.5 315 317.8 314.6 311.4 308.7 305.3 313.1 309.7 313.3 321.4 328.5 330.4 333.2 335 337.5 338.5 339.6 339.8 338.1 335 331.6 328.3 326.5 324.5 321.3 318.6 315.6 311.6 309.8 306.2 304.4 303.5 302.9 301.5 301 300.5 299.1 296.7 295.1 291.3 292.7 294.5 294.2 295.4 296.8 295.1 296 297.6 298.9 300.5 301.4 301.6 303 304.8 306.8 308.5 309.5 309.7 310.3 310.4 309.9 308.7 307.9 306.6 304.7 303.2 299.8 297.1
231 240.1 246.6 254.8 267.7 274.9 288.2 301.1 318.9 330.5 339 343.9 337.8 328 321.2 315.6 317.5 317 318.2 317.4 323.9 328.9 329.6 331.6 332.7 333.4 334.3 333.9 330.8 327.5 325.3 322.2 319.2 316.6 315.3 313.5 309.9 308.2 306.1 303.8 302.9 302.2 302.2 301.5 299.8 299 297.3 296.2 293.9 291 293.6 294.5 294.7 292.3 292.4 293.3 294.5 298 298.9 299 299.4 300.2 300.4 302.1 304.3 305.4 306.3 307.3 307.2 306.5 306.2 305.2 305.1 303.9 301.8 301 298 295.3
235.9 243.5 250.2 261.6 273.5 288.4 310.6 330.4 349.1 356 362.1 359.5 350.3 340.1 333.9 327.7 324.2 323.6 322.3 321.7 323.5 324.9 327.1 327.6 328.2 328 328 327.4 324.4 322.1 321.1 317.9 315 311.8 310.6 308.1 305.3 304 303.5 302.8 302.1 300.9 300.4 299.8 298.9 298 297 295.9 294.5 289.4 292.6 294.5 295.4 290.8 290.1 291.7 293.8 297 297.3 297.7 298.5 298.7 298.8 299.3 300.8 302.5 303.3 304.2 304.3 303.8 302.6 300.3 300.2 299.9 299.4 298.4 295.5 293
239.6 248.5 258.1 268.7 287.1 310.5 335 357.6 373.4 383.6 384.2 365.8 356.1 347.6 342.6 335.6 331.4 329.4 328 328 322.8 327 327.9 327.2 325.1 322.9 321.2 320.2 319.7 318 317.4 313.8 310.8 308.4 307.5 306 304.1 302.6 302.3 301.8 300.9 299.6 297 297.5 296.6 296.5 297.2 297.3 291.9 286 291.5 293.1 292.4 288 286.9 291.4 294.5 295 295.3 295.1 295.5 296.3 295.9 296.2 297.7 299.4 300.3 300.5 300.6 300.6 299.3 299.6 298.8 298.1 298.1 296.3 293.3 290
243 251.4 261.8 281.4 304.7 340 360.8 384.6 397.3 399.5 383.2 368.3 360.2 352.7 347.1 342.5 339.2 338.5 334.8 331.3 328.2 328.6 329 327.8 324.9 320.8 317.3 315.4 314.4 314.2 312.7 310.5 307 305.6 304.6 303.7 303.2 300.2 300.4 299.7 299.3 298.8 296.1 295.2 294 293.7 292.4 287.6 283.5 290.1 290.7 291.1 289 286.5 287.1 291.1 293.5 293.2 293.3 293.7 294.4 293.8 294 294.2 295.3 295.7 294.6 294.3 296.8 297.2 296.5 297.3 297.6 296.2 294.8 291.9 288.9 286.4
246.4 255.2 269 294.5 331.3 360.5 393.3 407 412.6 401.8 381.2 371.6 363.1 355.7 351.2 347.6 345.1 344.9 342.4 335.6 330.5 331.8 331.4 329.1 325.9 320.2 316.2 312.9 310.7 309 307.6 306.8 304.7 303.2 302.5 301 301 298 296.6 298.7 298.7 297.5 293.6 290.2 289.1 287.8 288 285.7 282.4 284.7 288.3 290.4 286.9 284.2 287.2 291.8 293.4 291.5 291.9 292.9 292.9 293.4 291.8 291.3 292.3 290.2 290.2 292.3 293.5 295.3 294.5 293.5 294.2 294.5 291 289.2 286.4 283.3
248.2 258.6 277.7 302.1 337.2 373.4 402.4 416 413.6 396 380.5 372 364.5 361 356.2 355.3 352.2 351.4 347.8 340.7 334.1 337.1 333.8 331.5 326.9 321.3 317.9 315 312.2 308.9 304.5 303.7 303.3 300.8 299.1 298.8 298.4 295.5 297.9 291.7 294.3 292.5 290.8 287.9 285.4 285.3 286.2 282 280.2 283.3 285 285.9 283.9 283.3 284.7 289.8 291.4 289.8 289.2 291.9 291.3 292.2 291.6 290.2 287.2 286.9 289.2 291.4 295 295.1 291.8 290.2 291.6 289.7 288.9 286.1 282.2 278.4
251.2 265.6 284.8 311.4 344.2 387.9 409.4 415.4 404.1 388.7 379.1 371.5 368.7 365.6 362.5 361.2 358.4 355.6 350.1 341.7 339.5 341.8 341.2 337.6 328.5 322.8 318.7 315.6 314.3 310.1 305.2 301.7 300.5 299 297.8 296.8 295.6 296.6 297.8 295.2 288.3 288.9 288.8 285.3 281.7 281.7 282.1 280.9 278.9 280.4 282.4 281.2 280.3 279.7 283.6 284.9 286.3 286.3 286.5 287.8 290.2 289.3 289.4 286.1 285.2 287.4 289.4 293.3 296 294.7 289.3 286 286.1 285.1 282.1 280.3 277.6 275.5
257.7 274.3 295.2 322.9 363.1 393.5 405.3 405.7 395.9 386 378 377.2 373.2 370.4 366.8 365.5 359.6 355.1 350.2 347.6 344.7 346.3 348.6 343.7 334 325.5 320.4 317.7 314 308.6 305.4 301.9 300.4 301.2 297.8 297 297.8 298.5 296.2 291.7 288 286 283.6 282 281.1 280.1 279.8 279.4 279 277.6 279.1 277.6 277.6 276.1 279.8 281.8 283.8 283.8 285.2 283.7 284.2 284.3 282.6 283.1 285.4 288.5 289.4 293.2 291.3 290.6 284.4 283 280.6 280.2 277.3 275.3 264.4 261
268.3 285.6 308.8 335.5 368.9 392.2 401.7 400.6 392.5 386 383.6 381.8 380 375.3 371 367 359.2 353.5 351.6 349.8 349.5 351.3 354.9 347.2 336.4 327.7 321.9 317.6 314.3 308.4 305.2 303.1 301.4 302.5 301.2 299.1 299.1 298.6 295.7 292.1 287.3 286.5 284.4 283.5 281.7 280.1 279.7 279.1 278.1 281 280.4 280.3 278.2 276.9 274.9 277 279.5 279.1 277.9 280.6 283.1 283.3 281 284.2 286.1 288.1 289 288.6 284.4 283.2 282.5 280.5 277.8 277 275 264.7 263.6 273.9
283.5 303 327.7 353.4 382.4 398.5 401.9 396.9 394.5 392 390 389.1 386.7 379.7 374.3 370.7 364.4 356.9 354.4 351.5 351.6 353.3 356.4 353.5 341.8 328.5 322.9 317.7 313.5 309.2 304.9 303.5 303.4 303.6 301.4 299.8 299.1 298.5 296.1 292.6 291.2 290.3 286.9 285.9 282.7 280.3 278.9 279.3 279.2 281.2 280.9 281.1 280.7 279.5 276.1 273.1 272.1 270.9 272.8 275.7 281.7 280.7 277.9 281.9 284.6 287.4 285.3 280.2 278.8 278.2 278.2 277.5 275.2 272.6 270.3 261.2 267.5 277.7
297.9 319 345.6 367.6 388.7 399.9 401.8 399.7 396.6 400.5 400.8 398.9 391.7 380.3 376.9 372.3 367.7 360.7 358.3 355.6 355.1 354 358.1 357.7 347.3 326.9 321.9 315.4 312.1 308.3 304.4 303.3 303.1 303.7 301.1 299.6 299 297.5 295.7 294.9 293.9 291.3 291 294.1 294.3 292.2 279.2 281 279.6 281.1 284.9 284.9 281.8 281.1 279.2 278.8 275.5 272 269.2 269.9 273.1 272.8 277.1 276.3 277.6 279.6 278.4 274.4 273 269.7 272.4 271.8 269.2 263.1 263.2 257.4 267.1 277.2
302.3 329.2 351.9 374.1 390.8 397.8 400 399.4 402.6 400.8 402.4 400.9 390.9 380.6 379.8 376.4 370.6 364.2 363.5 360.7 359 354.6 355.9 357.8 344.9 322.5 315.5 311.1 308 303.7 303.5 302.1 301.6 301 299.8 298.9 298.6 297.5 297.2 296.7 297 296.8 300.3 304.5 309.8 301 290.3 280.7 280 282.6 286.2 289.6 285 286.6 284.4 283 278.3 274.4 272 269.7 265.9 270.1 273.9 273.6 275.1 274.1 270.7 269.5 268.6 262.7 260.8 259.8 258.5 258.2 259.3 262.9 271.8 279.9
323.3 335.2 355.1 373.9 388.5 395.1 396.1 396.9 399.2 404.4 402.1 394.7 383.9 380.3 382.2 380.1 378.7 372 368.2 363.8 362.3 354.4 351.1 352.3 328.8 314.7 307.7 306 303.5 300.2 302.4 300.9 297.7 297.8 297.5 297.1 297.9 298.9 299.4 308.1 313.1 315.7 317.5 323.5 311.6 304.9 298.4 288.6 285.9 288.6 291.4 290.4 292.8 293.4 291.6 287.7 280.9 280.2 276.4 269.1 260.9 260.4 267.7 266 267.8 267.6 262.1 260.3 260.6 244.4 252.7 259.3 263.5 264.9 266.8 269.8 280.8 288.6
339.8 350.8 362 370.8 383.1 388.9 390 393.1 393.7 398.5 397.9 386 379.9 383.9 392.8 388 380.6 383.1 369.4 363.9 358.2 350.2 334.7 330.9 315.6 302.7 299.2 298.2 297.1 295.7 296.2 296.3 293.1 293.6 294 296.4 300.5 305.9 310.9 315.4 323.4 335.2 339.7 330.8 321 319.3 309.9 299.1 296.3 293.8 295.3 296.8 299.7 300.5 300 290.7 288 286.5 279.7 274.5 269.1 253.8 258 258.3 259.4 255.7 254.5 240.9 250.8 256 262.8 267 270.5 272.8 277.2 282.9 291.3 298.1
