UK/data/nr/nr99_OST50GRID_20230518/NR99.asc
ncols 200
nrows 200
xllcorner 190000
yllcorner 690000
cellsize 50
[rows 144 to 179 of 200, columns 0 to 80 of 200]
158.5 159 160.5 163.9 166.8 163 148.7 143.8 138 132.7 125.5 120.7 112.4 106.7 106.7 106.7 106.7 106.7 106.7 106.7 106.7 106.7 106.7 106.7 106.7 106.7 106.7 106.7 106.7 106.7 106.7 106.7 106.7 106.7 106.7 106.7 106.7 106.7 106.7 106.7 106.7 109.9 112.4 114 120.6 126.6 129.4 132.6 144.2 154.9 144.3 138.8 135.7 135.8 136.3 131.8 133 136.6 145.2 150.1 158.4 155.2 158.6 171.8 183.2 197.4 209.5 228.5 243.4 234.9 233.2 226.7 211.9 210.1 212.4 212.8 210.2 188.8 182.7 172.4 165.3
161.1 163 164.3 166.7 168.1 154.4 148.4 142.3 137.2 131 124.5 120.3 113.1 106.7 106.7 106.7 106.7 106.7 106.7 106.7 106.7 106.7 106.7 106.7 106.7 106.7 106.7 106.7 106.7 106.7 106.7 106.7 106.7 106.7 106.7 106.7 106.7 106.7 106.7 106.7 106.7 98.4 104.4 107.9 117.9 126.8 128 136.9 145.8 138.8 135.4 129.1 129.1 129.4 134.5 136 130.7 133.7 144.6 153.7 158 149.8 157.4 182.1 195.4 197 207.9 227.3 235.4 227.7 221.4 214.7 219.1 216 216.8 214.6 208.2 198.6 180.5 177.4 173.3
163.2 164 165.6 167.5 158 153 149.4 140.1 135.4 128.1 123.4 121.2 116 109.9 106.7 106.7 106.7 106.7 106.7 106.7 106.7 106.7 106.7 106.7 106.7 106.7 106.7 106.7 106.7 106.7 106.7 106.7 106.7 106.7 106.7 106.7 106.7 106.7 106.7 106.7 106.7 98.1 94.6 104.5 112.1 118.6 127.6 140.8 143.7 142 133.6 127.2 132.8 135.7 128.7 125.5 123.4 131.2 137.2 138.5 139.5 146.9 163.9 186.8 196.7 204.4 214.7 212.7 211.5 210.2 208.1 215.3 222.6 220 216.7 217.2 216.9 199.7 201.9 195.6 187.9
161.2 160.6 159.8 159.6 158.9 151.7 145.1 138.1 134.5 126.6 123.9 121.6 118.1 111.8 106.7 106.7 106.7 106.7 106.7 106.7 106.7 106.7 106.7 106.7 106.7 106.7 106.7 106.7 106.7 106.7 106.7 106.7 106.7 106.7 106.7 106.7 106.7 106.7 106.7 106.7 99 100.5 99.8 95.7 101.9 108.7 119.4 128.4 132.9 129.3 118.2 122.4 120.7 120.8 119 116.5 116.1 120.2 121.5 130.7 140.6 151.7 167.6 181.4 191.2 201 205.3 207 197.7 196.2 203.9 217 231.2 232.1 226.8 219 206.7 209.1 210.8 202.6 187.7
158 157.8 157.7 156.9 152.3 147 145 143.3 137.3 126.6 123.6 120.4 115 110.8 106.7 106.7 106.7 106.7 106.7 106.7 106.7 106.7 106.7 106.7 108.3 106.7 106.7 106.7 106.7 106.7 106.7 106.7 106.7 106.7 106.7 106.7 106.7 106.7 106.7 106.7 101.3 101.4 103.2 92.8 92.4 95.1 100.3 110.4 112.2 113.7 115.1 115.5 120.8 115.4 111.2 113 112.1 113.7 123.6 131.8 140.1 153.1 163.4 171.6 186.6 191.8 199.4 199.1 194.3 194.5 199 213.4 219.2 216.7 210.7 206.3 201.8 195.5 189.2 180.4 159.2
157 157.4 158 158.2 151.5 149.7 149.8 147.9 135.1 126.7 122.4 116.9 110.7 106.7 106.7 114.8 107.2 106.7 106.7 106.7 106.7 106.7 106.7 110.9 106.7 106.7 106.7 106.7 106.7 106.7 106.7 106.7 106.7 106.7 106.7 106.7 106.7 106.7 106.7 108.8 102.3 101.4 102.8 89.8 85.9 83.3 87.7 94.3 103.8 111.2 112 105.1 107.3 108.9 107.5 105.4 110.4 122.4 129 137.2 148.5 156.6 160 166 180.2 186.7 189 196.6 191.4 197.8 204.4 207.2 212.5 215.9 217.3 214.9 208.5 188.3 170.7 153.5 139.8
156.2 157.2 157.9 158.6 152 149.3 147.4 142 132.4 125 118.8 112.8 106.7 106.7 113 116.3 114.1 106.7 106.7 110.3 107.5 110.3 112.3 107.5 106.7 106.7 106.7 106.7 106.7 106.7 106.7 106.7 106.7 106.7 106.7 106.7 106.7 106.7 106.7 103.9 104.3 100.6 95.9 91.2 86.8 82.7 80.4 83 90.1 95.7 98 96.9 98.7 102.1 101.7 106.5 113.1 119.6 126.4 132.1 138.8 148.8 160.7 168.1 170.6 175.7 179.1 181.1 186.5 204 209.3 216.7 213.8 220.7 224.9 193.9 175 162.3 153.5 134.9 116.6
156 158.4 160.1 157.7 147.3 144 141.1 136.4 129 124.2 117.4 111.9 106.7 114 125.4 121.1 112.4 110 116.6 120.2 114.5 112.8 115.1 106.8 106.7 106.7 106.7 106.7 106.7 106.7 106.7 106.7 106.7 106.7 106.7 111.3 107.6 111.2 120.5 114.5 105.9 102.4 95.6 90.1 87 84.1 78.1 73.7 79.3 87.7 91.8 94.5 95.4 98.9 105 109.6 113 119 134.8 138 140.7 143.3 145.7 153.2 159.4 160.5 172.8 180.2 181.9 190.6 194.4 195.9 189.1 184.7 173.6 166.7 160.3 148.3 135.8 114.6 101.7
157.2 160.7 160.9 148 141.7 139.6 136.9 133.9 131.1 125.2 118.6 113.7 113.4 127.5 133.3 126.6 116.8 121 126 125.6 117.5 119.3 126 112.8 106.7 106.7 106.7 106.7 106.7 106.7 106.7 106.7 106.7 106.7 106.7 111.5 119.4 123.5 129.6 123 106.5 103.2 98.1 91.3 88 85 79.8 71.3 66.4 79.2 84.3 88.7 97.1 103.6 109 112.1 115.3 120.9 126.5 129.3 135.9 141.7 144.3 148.8 151.7 153.6 158.7 164.1 166.2 165.5 167.5 171.3 170.5 169 161.7 154.7 139.8 128.9 108.7 95.5 94.7
158.1 161 150.4 142.8 139.2 138.3 133.1 131.6 128.3 123.2 121.1 114.4 120.8 135.6 141.4 132.2 126.7 129.8 131.7 129.8 123.7 132.5 126.2 106.7 106.7 106.7 106.7 106.7 106.7 106.7 106.7 106.7 106.7 106.7 106.7 120.4 127.3 130.9 132.1 123.6 109.4 106.4 101.6 94.7 91.4 86.4 81.7 71.6 64 69.5 75.4 88.7 96.7 103.6 109.4 111.9 116 119.7 125.8 126.8 125.8 128.7 130.9 131.1 133.7 138.5 141.3 141.6 146.8 147.8 149.7 152.4 150.8 149.8 145.5 137.8 117 102.5 86.7 85.5 87.7
157.3 153.8 148.1 142.3 139.9 136 132.1 125.5 123.6 121.7 117.1 120.5 134.1 144.5 142 138.8 133 133 136.3 137.8 138.1 133.7 116.7 106.7 106.7 106.7 106.7 106.7 106.7 106.7 106.7 106.7 113.3 114.8 119.9 131.5 133.3 133.7 132.5 121.4 113 111.2 107.8 103.6 97.8 95.7 89.2 78.3 68.1 63.2 69 82.2 95.5 103.6 108.9 105.5 105.8 107.8 112.6 113.3 111.1 115.8 118.1 119 122.2 125.1 124.5 128.5 129.3 129.7 131.8 130.6 130 129.6 114.9 105.3 91.6 79.4 76 77.4 75.1
152.8 148.8 147.5 146.2 141.7 136.9 130.2 124.8 121.2 119.1 123.7 131.1 145.2 150.7 151.6 147.3 139.1 137.4 140.4 143.8 142.5 136.1 114.5 106.7 106.7 106.7 106.7 106.7 106.7 106.7 106.7 125.9 128.4 121.7 126.5 133.4 134.5 135.4 130.7 121.4 119.4 121.1 111 110.8 113.4 108.3 96.9 84.6 74.2 55.2 60.4 76.1 88.1 86.4 88.2 90.5 90.6 92.8 95 96.4 98.5 102.8 103.1 106 109.3 106.9 109 112 111.9 110.1 108 108 110.2 105.2 91 80.4 74.2 71 67.7 66.9 63.7
154.6 152 149.7 148.4 144.3 134.6 128.4 123.1 122.4 127 130.6 141.8 153.1 159.3 161.6 161.4 148 144 150.7 151.2 149.5 140.9 118.1 106.7 106.7 106.7 106.7 106.7 106.7 106.7 118.1 126.9 131.7 124.5 132.8 134.9 136 135.1 130.1 124.4 123 115.6 111.6 120.9 122 112.4 92.1 83.2 73.4 61.4 52.5 70.3 79.1 78.7 78.7 77.7 78.6 81.2 82.3 85 86.5 87.1 86.1 86.9 88.3 87.7 88.4 89.2 93.6 95.6 91.8 89.4 85.6 77.8 74.1 71.6 68.6 64.7 61.7 59.7 56.7
155.5 152.8 149.3 145.5 139.8 133.5 129.2 125.9 127.5 131.2 136.2 149.7 160.4 166.5 175.2 174.9 163.9 153.2 157.8 157.8 152.8 140.1 117.6 106.7 106.7 106.7 106.7 106.7 106.7 114.7 112.9 114.7 120.2 127.1 133.2 136.5 137.6 135.4 130.8 124.6 121 114.8 114.3 116.5 112.4 102.6 87 76.3 64.5 53.6 48.8 62.4 68.1 68.9 69.5 66.2 67.6 69.7 72.3 74.8 75.9 76.9 69.8 71 72.9 75.8 76.5 78.6 83.4 80.4 78.4 75.4 74.1 73.8 73.6 68.3 66.2 62.3 57.8 54.5 52.3
154 151.4 148.1 144.8 139.6 132.9 128.3 130 132.3 135.6 142.4 154 164.4 172.6 192.4 175.4 166.4 165.7 170.5 165.5 154.6 140.4 117.9 106.7 106.7 106.7 106.7 106.7 109.2 106.7 106.7 113.2 117.4 125.6 135.3 139.2 139.4 134.2 129.7 127.3 127.5 124.9 124.7 114.3 105.9 100 93.6 75.6 61.1 51.9 44.9 54.3 56.1 58 57.7 58.3 59.2 59.5 62.9 65.8 66.8 65.9 59.6 61.9 63.9 65.1 66.4 66.9 68.4 67.8 69.9 75.7 78.6 73.9 70.8 71.2 62.1 56.3 52.1 48 50.8
152.4 148.7 144.9 141.1 135.7 131.1 131.8 133.8 136.5 139.3 148.1 160.2 175.7 182.4 188.8 184.6 170.5 177.4 177 168.3 156.7 140.8 121.5 106.7 106.7 106.7 106.7 106.7 106.7 106.7 118.8 124.5 125.5 137.7 143.5 145.8 141.7 131.5 129.8 129.9 132.2 131 121 114.8 107 108.2 92.6 74 60.2 50.7 41.8 45.9 47.1 48.6 48.4 48.4 50.6 51.1 53.9 55.6 55.8 56.1 51.4 56.4 58.9 58.2 58.5 58.7 58.5 65.5 73.1 75.2 75.2 72.9 69.6 62.5 54.3 48.5 44.8 47.2 52.6
151.2 147.9 143.3 139.1 137.8 132.3 135.1 138.7 141.6 146.8 163.3 172.2 180.7 184 191.7 187.4 176.2 177.4 177.1 170.8 155.6 139.3 121.5 106.7 106.7 106.7 106.7 106.7 106.7 117.1 119.6 123.3 130.3 144.8 152.1 153.3 142.2 131 130.8 131.2 127.7 119.9 119 118.6 115 102.4 83.7 70.9 58.6 48.8 40.6 37.4 39.7 40.1 40.3 40.6 42.8 44.6 47.4 48.6 47.8 48.4 46.7 50.3 51.8 51.6 52.1 53.2 56.3 63.2 64.4 65.2 64.2 61.8 56.3 50.7 44.4 38.8 41.9 47.4 59.1
145.1 142.5 140.1 138.4 135.2 136.6 140.5 145.2 147.6 156.4 171.3 180.8 183.5 189.3 189.4 180 177.8 178.2 174.4 165.1 149.1 134.3 124.3 114.1 106.7 106.7 106.7 106.7 117.5 128.3 120 130.2 135.7 146.4 151.9 151.5 138.3 131.8 130.3 126.7 122.8 121.5 122.2 121 111.6 93.2 79.9 65 51.7 44 38.8 34.4 36.1 34.4 34 35.4 37.4 39.1 40.8 41.4 41.7 42.3 42.2 44.2 45 46.7 48.3 52.9 55.3 56.7 56.1 55.9 54 52.9 45.9 41.3 35.6 37.2 45.6 55.2 71.1
144.9 141.2 137.6 139 143.7 145.6 152.3 152.4 154.2 162.2 172.1 182.3 184.2 187.3 185.6 178 178 175.5 169.4 156 141.3 128.2 123.2 122.6 106.7 106.7 106.7 113.7 134.1 122.8 129.4 142.7 142.5 140.9 139.9 138 135.3 129 128.7 124 122 122.1 122.2 117.1 107.5 90.3 76.1 60.4 48.8 41.9 36.4 31.4 32.3 30.7 31.7 32.4 33.4 34.4 36.4 36.4 36.7 36.8 39.3 39.4 42.3 44.5 46.6 49.1 49.8 49.4 50 49.9 49.5 42.4 37.5 32.1 35.6 44.2 58.4 69.2 73.8
144.8 141.1 138.5 144.2 147.9 150.5 153.8 158.2 161.4 170.9 179.8 181.2 189.8 193.2 175.5 174 185.1 176.3 161.5 148.1 141.4 123.8 115.5 106.7 106.7 106.7 116 128.8 125.3 131.3 141.5 154.1 155.4 142.8 141.9 149.6 149.4 132.1 123.1 121.6 121.9 124.1 122.3 114.7 101.5 87.3 72.6 61.3 50 42.3 36.7 31.4 29.9 28.2 31.5 30.5 30.6 31.2 32 32.8 33.5 33.7 35 38 40 41.7 42.6 43.6 43.4 44 44.3 43.9 40.5 31.9 30.7 34.1 43.3 57.3 64.8 65.1 66.6
142.2 141.1 141.8 146.2 149.1 155.2 161.2 160 163.4 172.4 179.2 184.9 191.1 184.7 172.4 180.3 192.4 173.4 155.6 151.6 147.5 123.6 106.7 106.7 106.7 115.9 126.4 127.2 132.5 143.5 150.9 156.9 147.2 141 149.9 143.8 139.4 126.3 121.9 120.5 121.8 123 118 115.9 98.5 83.6 72.8 61.4 51 43.4 34.5 31.8 29.1 27 29.3 28.8 28.6 29 29.7 30.1 30.4 32.3 33.5 35.7 37 38.3 38.6 38.6 38.6 37.5 36 34 27.1 24.2 31 37.2 49.1 54.9 51.9 52.2 53.4
140.8 141.6 142.9 146.8 152.4 155.3 157.5 160.9 166.8 175 178.3 184.1 178.5 167.7 174.8 184.2 177.7 165.8 157.8 156.5 136.2 122.4 106.7 106.7 115.7 135.6 130 134.3 148.7 157.1 156.3 141.1 141 141 143.9 145.1 133.9 130.6 121.3 118.7 119.6 118.4 113.8 101.1 90.8 80.2 69.8 59.2 50.5 40.6 31.5 31.5 29.3 26.2 25.9 26.8 26.9 27.2 28 28.7 28.3 30.1 32 32.8 33.7 34.2 34.6 34.8 34.3 30.1 27.8 25.5 21 25.1 31.6 37 38.8 41.4 43.8 47.6 47.3
140.6 141.5 144.3 149.4 151.9 153.9 156 159 166.5 167.7 166.5 163.6 163.2 162.8 168.4 167.3 158 154.6 157.8 148 130.9 113.1 106.7 108.1 133.3 132.7 137.8 151.6 158.3 162 141.8 141.3 141.1 141.9 148.1 134.7 131.4 124.8 125.3 122.9 117.7 115.7 107 97.5 87.9 76.1 66.8 53.7 38.8 30.5 28.5 29.7 28.4 24.1 24.7 25.9 27.1 27.4 27.7 27.3 26.7 27.4 28 28 28.1 28.4 28.9 27.6 24.4 21.3 18.9 17.9 18.3 25.1 32.3 36.4 39.3 46 52.9 49.3 43.8
141.2 146.6 158.3 160.9 153.2 153.2 154.6 157.2 161.3 166.1 164.6 159.2 161.7 156.6 147.2 138.8 136 134.5 134.2 130.1 124.1 106.7 106.7 123.1 131.1 135.9 153.6 166.4 152 145 142.6 141.4 140.8 148.9 141.5 138.9 141.8 137.7 135.5 130.6 123.2 114.4 106.6 95.7 85.5 75.7 60.1 47.6 38.6 30.2 29.5 27.7 24.7 23.9 24 25.8 26.6 25 23.9 23.1 21.3 21.5 22.8 22.8 22.2 20.9 17.4 15.5 14.8 14.5 14.2 15.2 19.8 28.4 36 46.6 50.8 49.5 51.7 46.1 40.9
157.7 151.7 159.3 153 151.6 154 152.6 155.7 159.3 157.1 157.4 160 162.6 157.1 147.3 136.9 128.5 122 116.6 110.2 106.7 106.7 112 136.7 135.4 155.1 166.9 158.3 160.7 144.2 143.6 141.9 143.5 140.6 140.6 149.8 153.2 151.1 139 134.5 126.8 114.4 104.2 93.1 80.9 68 54 45.8 40.6 32.7 26.6 23.2 22.7 24.2 24.4 22.8 21.7 20.3 18.4 17.8 16.1 16.2 17 15.6 13.6 12.8 10.2 10 10.4 10.9 12.8 14.7 23.4 32.4 40.6 40.3 41.6 43.1 38.1 41.5 43.5
151.4 148.3 148.2 149.4 149.5 149.6 150.4 151.2 153.4 154.2 155.2 158.5 158.9 152.6 146.5 134.3 126.1 117.2 112.3 115.1 129.5 129.5 129.2 137.9 151.5 161.6 162 166.1 157.1 146.4 145.6 148.6 145.9 141.9 147.9 148.8 148.2 147.7 140.8 136.2 129.2 114.9 101.8 90.5 78.7 66.1 53.5 46.2 39.8 31.4 24.7 21.5 22.4 21.8 20.1 18 16.8 15.6 15.1 13.1 12.5 10.3 9.6 9.4 8.2 7.8 8.3 8.9 9.3 10.9 11.9 15.8 23.3 30.7 31.9 35.7 36.2 38.7 43.5 48.7 51.8
148.2 147.7 151.6 155.3 150.4 150.2 150.7 151.6 152.4 153.8 152.9 155.1 154.7 150.1 144.8 134.3 125.4 115.9 114.8 128.1 141 148.1 155.7 157.4 161 169.8 169.3 165.1 152.5 151.3 149.9 156.4 154.3 147.7 148.9 150.2 150.5 152.8 141.8 137.8 131.8 117.5 103.4 88.6 77.1 64.5 54 45.7 36.7 30.4 25.9 21.1 17.8 15.3 15 13.6 11.9 12.6 12.8 11.6 9.6 8.5 7.5 6.7 6.3 7.8 8.8 9 10.1 11.5 13.3 16 20.9 24.4 31.4 32.4 35.4 41.9 49.5 55.9 59.3
147.4 149.6 157.6 158.5 152 151.4 151.5 154.6 157.9 157.7 154.6 155.8 155.6 154.4 145 135.4 124 117.3 119.9 136 147.5 158.2 169.1 171.7 172.4 164.4 161.6 160.2 156.7 160 157.2 151.8 149.1 149.9 154.5 158.9 153.2 154.6 151.4 138.7 134.2 117.7 104.4 90 74.9 61.4 50.2 40.7 34.3 27.4 21.3 18.1 13.5 11.4 9.3 9.2 9.8 10.1 10.3 10.6 8.6 7 6.1 5.7 5.9 7.6 9.3 9.4 10.5 10.9 12.1 13.9 17.4 24.1 27.6 31.6 39.3 48 53.8 55.4 51.7
147.5 151.4 159.4 161.4 153.8 156.4 162.4 166.4 167.1 161.7 156.9 158.9 161.3 162.2 145.3 135.3 126.2 120.7 124.4 140.5 160.4 172.1 176.1 174 164.2 161.7 159.4 157.3 157.2 157.8 160.1 151.4 150.1 154.8 161.5 159.2 151.2 150.9 148.4 136.9 128.1 117 103.1 89.9 75.8 59.1 46.3 36.9 30.4 23.7 17.8 14.3 12.1 9.8 9.2 3.6 5.9 8.4 9.2 9.2 8.2 5.3 5.4 5.8 6.3 8 9.8 9.5 8.9 9.5 10.7 13.5 16.6 19 27.6 36.1 46.7 50.6 52.4 43.2 32.7
148.4 150.5 155.1 158 156.9 162.6 165.9 168.6 167.5 162.1 160.3 162.2 164.6 160.1 145.2 137.3 130.5 125.8 129.2 146.2 165.4 171.3 173 165 165.7 163.2 163.5 164.3 157.9 154.5 152.7 151.5 151.3 155.1 154.5 150.9 150.2 147.2 142.2 134.5 126.5 116 102.8 87.2 74.3 57.4 44.5 34.4 25.8 18.8 14.6 11.8 10.3 8.1 7.1 6.2 4.5 -1.3 6.8 6.6 5.4 3.6 3.5 5.7 6.8 8.3 8.6 8.5 8.1 8.4 14.5 15.6 15.3 25.3 31.8 41.6 46.2 45.6 33.8 32.2 36.2
159.6 153.6 156.7 163.6 167.3 165.2 166.5 166.9 166.7 163.4 162.9 164.1 163.7 158.8 152.9 143.1 135.5 130.4 132.8 145.3 158.4 162.9 166.8 166.3 165.7 168 171.8 163.4 161.7 159.6 160.8 155.1 152.5 151.8 150.4 149.6 147.1 142.9 137.9 131.9 124.7 116.1 101.3 86 70.9 57.7 44.4 33.1 23 16.8 12.7 10.2 7.4 6.3 4.2 4.1 1.9 -1.3 1.9 3 2.2 1.9 3.9 4.9 6.3 6.9 6.9 6.8 6.8 7 9.2 11 19.1 26.2 34.2 36.5 31.4 30.7 34.9 37.8 41.1
155.7 156.7 167.9 178.4 177.4 170.6 169.2 168.4 167.6 165.8 165 166.2 167 164.2 159.6 148 138.4 133.1 132.8 141.3 154.7 163.3 172 170.2 167 166.4 164.5 165.5 159.8 154.1 153.7 148.6 148.8 149.3 147.2 145.2 143.4 140.7 135.2 129.4 123.5 114.3 101.5 86.4 70.5 57.8 43.5 34.1 24.6 15.4 11.1 7.3 3.2 1.4 0.8 0.1 -1.3 -1.3 0.7 1.1 1.3 1.6 2.7 3.5 3.5 3.1 4 4.6 4.8 5.9 8.3 12.6 19.4 23.3 25.5 26.9 30.8 35.9 41.4 45.2 44.2
163.1 174.7 184.8 191.4 189 178.8 177 172.4 170.5 170.4 170.9 171.3 169.6 167.1 162.9 147.8 136.6 132.1 130.8 146.4 157.2 161.1 168.9 174.8 171.7 164.6 164.9 167.7 153.6 151 144.9 143.5 143.8 144.1 142.9 143.3 141.6 138.6 134.3 129.1 120.8 114.3 100.2 84.8 72.2 60.4 43.5 28.9 18.5 13.6 8.2 3.7 1.2 0.5 -0.3 -1.3 -1.3 -1.3 0.3 0.6 0.8 1.1 1.4 1.7 1.7 1.7 1.7 2.2 3.8 6.3 9.3 14 19.1 21.7 27.6 31.2 34.6 37.9 41.3 44.6 53.2
178.2 191.9 192.1 196.3 191.8 188.8 183.6 178.3 174.7 176 175.8 173.1 166.4 162.8 155.2 147.9 134.6 130 129.6 143.6 155.4 160.3 167.7 167.4 162.6 162.5 162.2 155.3 151.6 147.6 144 141.7 141 140.7 141.4 140.2 138.4 135.3 135 129.1 121.1 114.9 96.4 82.8 71 57.2 37.2 20.9 16.1 11 6.1 1.4 0.7 0 -0.7 -1.3 -1.3 -1.3 -0.1 0 0.3 0.7 1.2 1.7 1.7 1.7 1.7 4.2 6.1 8.6 10.7 14.6 17.4 22.7 27.7 30.5 34.1 37.9 41.5 46.7 54.9
185.6 201.2 199.9 204.2 195.1 193.3 187.5 185.6 179.9 182.1 183.2 182.3 168.7 167.2 160.5 149.4 138 130.9 127.5 139.3 150.1 152.8 155.9 160.2 161.9 158.6 155.8 150.4 146.3 145.5 141.8 139.5 139.6 139.5 138.7 136.7 136.4 136.1 135 129.7 124.6 110.1 88.3 78 66.4 50.4 31.1 16.9 11.9 7.7 1.7 0.9 0.1 -0.4 -1.2 -1.3 -1.3 -1.3 -0.7 -0.5 -0.1 0.2 1 1.7 1.7 1.7 4.5 7.7 9.9 10.6 13.2 13.6 16.6 21.2 25.9 30.5 37.6 42.3 44.1 45.6 54.7
188.1 203.3 206.3 203.8 197.7 194.8 191.7 188.3 184.3 188.3 189.3 184.7 175.5 174.4 166.3 159.5 144.9 131.9 126 135.6 149.1 155.7 159.2 163.4 157.7 155.9 153.6 148.7 145.6 144 143.4 142.4 147.9 145.6 137.3 135.1 135 135.3 133.9 128.2 116.2 101.9 83.9 73.6 62.3 45.1 25.6 15 8.9 3.9 1.1 0.2 -0.5 -1.3 -1.3 -1.3 -1.3 -1.3 -1.3 -0.9 -0.6 0 0.7 1.5 1.7 4.9 6.6 8.2 11.3 13 13.4 15.1 17.1 22 28.4 34.1 44.1 48.4 46.8 45.5 52.8
