WholeMapElevations/data/ng/ng86_OST50GRID_20230518/NG86.asc
ncols 200
nrows 200
xllcorner 180000
yllcorner 860000
cellsize 50
[rows 140 to 174 of 200, columns 78 to 155 of 200]
376.2 376.6 378.9 382.8 384.6 389.2 394.3 401.3 402.8 405.6 411 413 418.1 415.6 421.8 429 434 439.9 446.2 452.8 461.8 472 483.9 493 503.2 513.4 520.5 528.6 535.5 542.9 548.7 557.6 570.3 578.2 583.5 589.3 614.9 641.7 651.3 656.3 665.7 662.8 605.2 623.1 602.2 572.3 545.7 517.9 483.1 464 453.7 452.1 443.5 437.7 432.8 429.7 421.1 416.3 413.3 406.6 404.1 400.1 393.4 388.4 390.8 385.4 378.1 373.2 367.7 362.3 362.5 358 355.8 353.5 349.7 351.8 346.2 344.9
373.2 374.4 374.4 375.6 376.9 379.6 382.5 386.9 389 392.4 393.9 396.9 401.7 406 408.7 411.7 420 431 435.5 441.3 452 464.9 473.4 484.7 497.7 507.6 517.4 526.1 533.9 542.2 547.8 555.1 562.8 573.9 579.7 594.2 624.1 643.9 652.6 667.1 672 673.2 643.9 650.9 635 607.9 570.3 530.7 497.7 478.1 468.2 465.9 455.2 451.6 445.9 444.2 438 433.5 427.1 421.9 418.7 412.5 405.7 403 396.6 393 386.2 383.6 376.7 371 366.7 361.9 361.6 359.1 354.3 354.6 351.8 347.8
370.5 372.6 372.3 372.4 371.7 371.8 374.2 378.3 381 383 386.7 391 391.5 397.7 396.1 400.3 408.8 416.2 421.8 431.8 442.8 452.3 463.6 473.9 486.9 499.6 510 520.3 527.6 536.7 543.6 551.2 558.7 566.7 576.4 592.9 622.1 642.9 655 666.9 673.8 675.5 667.3 663.2 649.1 630.6 588.1 546.9 522.3 497 488.5 483.9 473 464.4 459.9 455.8 452.4 445.7 438.9 433.7 429.5 424.4 416.6 410.6 406.9 402.6 398.7 391.1 385.7 375.5 370.6 364.2 365.4 363.1 359.2 356 355 354.2
365 365.7 367.5 368.8 369 367.7 368 369.6 371.3 373 376.2 381.1 383.8 384.9 390.4 395.7 400.7 404.9 411.2 420.7 429.8 445.3 455.8 466 478.3 490.4 501.4 511.6 520.7 528 536.1 543.5 550.9 563.2 579.4 597.8 620 641.9 652.4 659.1 662.9 664.9 664.5 657.7 646.5 631.5 596.5 563.3 543.4 526.1 512.7 513.6 502.9 488.4 475.2 468.4 468.3 463.6 454.6 447.4 447.6 442.6 436.3 431.3 424.9 419.8 411.2 405.6 396.8 380.5 373.4 365.9 367.9 366.2 363.5 359 360.7 360.1
356.6 357.3 359.8 362.6 363.1 365 365.7 366.3 367.2 370.7 372.9 376.1 378.5 381.2 384.6 389 393.8 398 406.9 413.3 425.1 435.9 448.6 461.1 473 483.7 494.3 504.2 513.1 522.2 529.6 537.6 546.2 557.5 576.8 597.1 616.9 640 649.9 654.2 655.5 656.4 653.6 649.5 641.8 630 611.1 584.4 559.5 543.2 532.7 537.9 535.8 519.7 505.4 492.3 489 486.9 477 469.1 467.5 469.4 459.1 450.4 444.1 440 427.8 417.4 406.2 392 379.6 372.8 372 370.3 365.5 361.7 363 366.4
351.8 352 354.1 355 355.2 359 362.1 365.3 366.4 367.8 371.2 372.3 376.7 378.7 381.7 385.8 391.3 400.6 408.4 417.5 425.1 437.1 448.3 460.1 470.1 481.6 491.9 500.4 509.5 517.1 524.6 531.7 540.1 553.9 574.4 592 613.7 631.5 641 644.8 646.1 645.9 643.9 639.9 633.9 625.3 613.2 598.4 585.2 574.2 558.5 553 552.5 547.3 538.6 531.9 516.7 510.4 505.2 494.7 490.3 486.2 481.8 476.1 463.1 455.7 442.8 433.4 417.6 408.2 395.1 380.7 374.7 374.2 368.5 365.3 366.2 370.4
348 351.1 352.7 353.6 354.2 355 358.4 361 367.2 369.2 372.1 373.5 375.4 378.6 383.7 387.5 392.7 399.1 408.6 417.7 429.5 438 453.1 461.8 473.2 481.9 491.5 500 508.6 516.5 522.7 531.2 540.1 550.2 570.2 594.3 608.3 624.9 630.6 633.9 635.5 635.5 633.4 629.3 624.4 619.7 610.4 602.4 591.9 582.2 575.6 569.2 562.3 558.5 555.3 553.3 547.2 543.7 538.5 536.6 521.1 508 495.5 490 481 468.1 457.9 451.6 439.8 421.8 413.4 400.2 389.1 379.3 376.8 374.9 374.4 374.9
346.3 348.3 349.1 350.9 352.4 352.8 358.5 360.6 368 370.7 377 380.2 381.6 384.2 388.3 394.1 396.1 400.6 410.4 421.1 433.7 447.9 457.3 465.7 475.8 483.8 492 500.2 508.1 514.3 522.4 530.6 539.6 548.8 567.3 592.7 605.7 617.1 621.9 623.9 625.4 625 623.7 620.2 616.9 611.7 605.6 597.2 590.1 588 580.1 578.1 575.7 570.1 564.4 561 562.6 560.6 558.8 556.1 541.5 531.8 513.1 505 495.1 485.8 481.4 472.8 457.4 443 431.6 416.7 403.9 392.3 386.4 380.5 378.8 380.7
346.3 347.3 349.3 349.6 350.5 351.1 352.4 356.8 363.5 370 377.8 385.2 390.8 395.9 397.5 402.8 405.5 404.4 407.9 422.8 435.2 451.3 464.6 472.1 479.2 486.9 493.8 502.2 508.8 515.5 522.3 530.4 538.5 549.3 568.1 591.4 602.3 610.2 613.7 614 614.3 615.2 613.4 609.4 606.6 603.9 599 592.8 589.2 587.5 583.5 579.5 578.8 575 569.2 566.2 565.7 563.3 562.6 559.9 556.4 545.3 537 525 514.4 509.3 508.2 499.7 478.8 462 449.1 436.1 419.8 406.6 399.7 391.6 386.5 384.6
346.3 346.3 346.7 346.3 348.4 350.5 352.1 355.7 361.6 367.3 377.3 386.3 400.8 408.9 413.3 417.6 418.6 416.2 418 423.1 437.5 453.2 465.8 476.1 484.7 490.4 496.8 503.5 509.3 516.2 522.5 530 538.4 549 567.3 587.2 596.8 602.6 606.1 606.1 604.8 604.7 602.3 599.1 597.8 595.7 593 591.2 588.6 586.8 583.1 581.5 579.4 576.2 572.6 573.3 572.4 567.8 563.9 560.1 560.4 555.1 547.5 543 534.6 524.9 519.7 513.7 504.9 484 469.2 452.6 433.4 417.9 409.5 403.9 398.2 391.8
346.3 346.3 349.9 348.6 348.7 351.3 353.9 360.2 364 368.8 378.3 388.5 402 418.8 425.5 433.5 431.1 430.2 430.5 427.8 438.8 452.5 466.9 476.3 483.4 491.3 499.9 504.4 511 517.3 524.2 531.2 541 554.8 568.2 583.7 591.6 596.8 598.1 597.6 597.6 597.3 597.1 593.7 591.8 590.7 588 586.9 585.2 585 578.6 578.7 575.8 574.9 571.6 572.3 576.7 572.8 567.8 564.2 561.5 559.4 553.3 551.5 544.6 534.8 527.2 522.8 516.4 501.1 488.2 477.9 449.2 433.2 420.6 413.3 409.6 404.4
351.1 350.3 350.8 350.7 350.9 356.7 359.8 366.5 367.5 374.2 385.2 391.7 405.4 421.7 435.1 443 446.2 439.8 439.8 446.8 446.6 450.1 466.7 476.9 486 487.9 494.6 505.3 511.4 517.8 525.8 534.4 543.8 554.6 567.9 580.9 587.2 590 590.9 590.9 592.6 592.7 590.2 586.4 585.1 582.6 582.7 582.7 578.6 574.4 574.5 574.5 572.8 573.6 569.4 570.2 573.1 569.2 567.3 564.9 558 559 555.4 554.6 550.3 547.7 538.3 526.3 522.4 512.3 498 491.7 478.3 455.8 435.4 425.8 419.1 413.3
364.1 360.8 357.9 356.6 358.8 364.9 364.1 368.4 380.1 387.6 394.3 405.7 411.9 424.6 441.9 451.1 453.8 453.2 448.9 453.9 466.7 468.7 474.8 481 487.9 493.8 501.4 502.5 512.9 518.6 527.4 536.5 545.6 556.9 571.3 578.9 584 585.8 585.6 585.9 585.7 586.1 584.7 579.9 576.4 575.9 576.5 575.6 569.3 569.7 569.7 569.7 570.1 571.1 568.8 571 568.6 565.9 568.3 563.7 560.1 554.8 553.9 552.6 551.9 549.6 546.2 537.7 526.1 519.3 509.7 501.3 487.8 465.7 452 438 429.9 422.6
386 377.5 372.5 369.2 368.8 370.7 371.6 378.9 390.5 396.5 407.1 415.9 426 434.6 450.8 463.2 464 464.8 461.5 466.9 473.5 479.1 483.2 488.1 492.2 498.3 504.3 508.7 513.3 518.5 527.9 539.7 551 561.8 570.1 576.3 580 580.3 581.9 580.7 580.6 579.3 577.6 576 573.4 572.8 574.2 570 564.8 566.7 565.5 566.7 566.5 565.7 567.3 565.5 565.4 564.4 565.5 560.1 559.1 555.6 556.4 556.6 554.3 553.7 549.2 540.4 533 521.9 515.6 505.4 496.3 477.4 460.5 451.2 440.2 433.4
403.3 394.5 387.6 384.7 377.5 383.9 386.2 391.8 404.3 409.1 420.9 428.6 438.7 450.4 464.6 475.3 474.5 475 474.3 469.7 477.9 489.1 492.6 494.9 498.6 504.1 508.5 513.5 519.4 524.1 530.9 539.3 549.8 559.2 568.5 572 572.7 572.9 573.7 572.5 570.8 569.9 570.5 570 568.6 567.5 567.6 564.7 561.8 562 560.3 563.4 563.5 564.8 565.7 564 563.2 566 566.6 566.9 571.1 570.6 564.1 558 556.1 559.3 553 542.2 536 530.8 523.8 509.3 500 492.1 471.4 459.9 447.7 441.9
424 414.8 409.1 401.3 399.2 397.7 400.3 408.7 421.5 426.2 434.7 444.8 455.6 470.8 488.5 487.3 487.6 484.7 480.5 475.6 481.2 492.3 499.4 502.7 505 509.3 513.4 518.7 523.2 529.8 536.2 543.8 548.2 556.4 563.5 567.9 567.9 566.5 566.1 565.9 564.2 565.8 564.6 563.7 563.6 563 560.9 559.4 557.5 558 557.4 558.4 558.9 559.2 558.3 560.8 559.7 562 565.4 568.7 570.7 570.4 562.8 560 557.4 556.4 552.9 545 537 532.7 526.3 520.6 505.8 497.1 477.5 465.8 456.7 447.9
442.9 435.2 432.2 421 413.7 406.6 419.8 423.6 430.8 442.8 456.2 471.4 490.1 508.1 510.3 502.7 498.1 493 486.5 483.2 482.4 493.7 501.9 506.9 510.2 514.7 517.8 522.7 526.9 533.8 539.5 547.6 553 561.2 565.4 565.2 565.7 562.5 562.5 562.4 560.5 560.6 561.7 560.8 560.9 559.7 559.2 557.6 556.9 556.6 556 555.2 552.2 551.6 556.8 560.8 559.1 559 561.7 567.5 569.9 569.5 560.5 557.9 555.6 554.8 552 549 542.5 536.8 533.5 524.8 511.4 504 481.1 464.1 456 452.9
462.1 455.2 454.1 442.4 434.5 426.8 437.8 442.1 447.5 462.7 479.6 503.8 524.3 530.5 524.2 516 509.7 503.8 497 489.5 488.5 496.2 505 509.3 511.7 519.5 524.4 527.1 531.2 536.9 543.3 551.4 556.3 563.1 565.7 567.6 565 563.9 562.6 563.4 562.1 559.7 560 559.6 559.8 558.7 557.5 556.8 556 556.6 551.8 551.6 549.4 549.8 554.9 550.5 549 553.1 559.7 562.2 566.5 569 559.9 556 554.5 555 551 546.1 542.5 538.9 536.6 528.4 515.3 499.3 478.2 462.6 451.4 451
477.5 469.7 462.4 459.4 456.5 450.2 453.4 458.5 466.2 479 494 518.5 531.2 531.4 528.7 523 517.7 512.2 506.2 495.8 491.1 500.6 507 510.6 514 520.8 529.2 532.7 534.9 539.4 545.2 553.6 561 564.8 568.5 568.9 568.9 567.9 567.9 566.9 563.7 560.6 559.4 559.3 560.2 559.1 557.2 556.5 557.2 556.6 551.5 550 549.3 548.4 548.4 548.4 548.4 549.5 554.7 559.2 562.2 560.3 554.5 555.9 550.8 551.3 545.6 539.6 541 539.9 539 531.5 519.5 495.3 471.9 458.4 450 447.8
487.9 477.3 467.8 464.8 463.1 462.3 471.1 473.7 485.7 494.2 503.8 516.8 526.5 526.7 527.2 523.1 520.1 515.1 510.7 506 496.8 501.9 507.8 511.4 515.4 518.8 527.7 534.3 538.8 543.2 547.3 553.4 560.6 567.4 571.4 570.1 572.9 574.5 574.1 571.4 567.4 562.5 559.3 559.3 559 559.1 558.9 558.8 559.3 558.2 556 554.1 549.8 548.4 548.4 548.4 548.4 548.4 548.4 552.4 553.2 553.7 550.4 550.5 547.1 544.3 542.1 539.3 539.3 541.8 537.2 533.8 528.8 503.5 474 457.9 447.8 448
497 486.1 473.7 467.4 465.4 470.4 477.4 482.1 490.1 498.6 506.5 510.1 517 521.5 519.3 517.7 515.9 512.9 510.5 509.3 503.4 501.5 507.5 511.6 513.4 516.2 522.2 531.6 538.9 545.4 551 555.1 560.4 567.9 574.3 576.6 578.9 580.8 579.8 577.1 571.9 566.7 560.7 559.1 559.2 558.8 558.5 559.1 560.1 558.6 558 557.8 556.4 551.9 548.4 548.4 548.4 548.4 548.4 548.4 548.8 552.7 547.8 546.5 544.8 540.9 541.5 541.3 539.3 547.1 553.1 559 547.7 524.8 478 457.2 447.2 445.2
494.3 487.7 479.9 472.2 466.3 470.1 473.3 479.4 489.1 500.9 497 500.2 508.3 519.1 514.7 511 510.1 507.3 506.8 506.6 506.7 500.2 503.8 508.8 510.5 512.7 517.3 526.6 534.3 542 549.9 557.4 563.8 569.8 576.4 581.3 585.3 588 589.2 585.4 580.2 574.6 570.1 564.3 559.9 559.1 558.9 558.9 558.9 558.9 558.9 559.2 557.4 554.9 552.1 548.4 548.4 548.4 548.4 548.4 548.4 549.8 551 545.9 544.3 542.2 542.9 542.8 544.5 550.1 559.7 566.3 550.4 528.5 477 459.6 446.2 441.4
492.6 487.2 481.1 475.8 468.9 467.2 470.5 477.5 483.3 488.2 488.2 492.3 500.9 513.4 507.8 504.8 503.7 502.9 502.8 502.3 502 499.7 500.9 506.5 508.7 511.2 515 521.9 529.2 538.1 545.7 554.5 565.2 573.7 580.1 586.5 591.2 594.8 597.1 593.2 584.9 580.4 578.7 575.8 570.2 562.4 559.4 558.4 559.8 560.6 558.9 560.6 561.9 561.9 559.5 556.3 554.6 555.5 551.4 550 548.4 548.4 548.3 545.9 546.2 544.6 544.4 545.7 548.2 555.4 562 566.6 559.4 523 477.4 458.6 445.3 443.1
494.2 487.7 480.2 474.6 470.9 466.2 469.6 475.4 480.7 483 484.1 490.3 497.2 498.8 501.3 500.6 498.9 498.7 498.9 498.1 497.9 498.1 499 501.7 506 508.8 513.4 518.9 527.3 532.7 543.4 551.8 563.8 575.4 584.3 593.6 601.3 605.1 605.5 603.5 591.7 587.1 584.7 579.4 576.5 572.3 568.4 570.1 572 567.4 569.8 570.8 572.2 576.4 574.6 576.9 574.6 576.6 570.2 562.2 559 553.4 546.9 547 546.6 546.5 546 550.3 552.5 559.6 569.7 574.7 566.8 533.8 481.8 458.2 442.2 440.5
497 490.9 481.8 476.2 472 469.7 468.3 472.9 478 480.9 481.9 486.3 488.6 492.3 495.3 493.3 493.1 494 494.2 494.1 494.7 495.8 496.7 499 502.6 508.2 512.5 518 526.6 532.6 541.1 548.8 560.4 572.2 586 596.7 606.8 614.7 617.9 616.4 609.3 602.4 598.8 592.4 587.3 588.1 590.6 590.4 583.7 588.3 589.9 593.6 591.7 594.5 597.4 598.6 596.9 592.2 584.8 577.9 563.8 553 549.6 549.2 547 548.5 549.7 552.6 559.2 567.9 580.8 585.6 574.6 542.2 489.1 459.9 441 437.2
502.3 494.8 486.5 481.2 478.5 470.8 470.9 470.2 473.9 474.9 477.4 477.9 478.6 480.7 483.3 485.3 486.9 488.4 486.9 489.5 490.5 491.8 493.6 496.6 501.9 506.6 511.2 517.2 523.8 532.1 540.8 548.6 557.6 569.8 583.5 595.3 605.6 617.7 624.3 626.6 624.1 624.9 615.1 613.9 611.2 610.6 617.2 621.5 627.3 619.2 619.8 617.8 617 619.1 624.1 623.5 618.6 613.6 602.4 590.9 569.1 559.9 550.7 549.9 550.5 549 551.3 558.4 569.9 578.8 591.4 593.2 597.5 569.4 505.3 462.9 444.5 436.2
511.6 501 494.2 491.3 486.8 476.4 474 470.2 467.6 469.9 473.9 469.5 471.2 471.3 472.8 477.8 481.3 481.8 482.7 485.3 487.2 488.1 489.9 494.6 500 505 511 517 522.5 530.4 540.2 548.8 556.4 567.8 581.3 592.2 604.9 617.1 624.4 628.2 630.2 634 639 637.1 643.8 648.8 652.4 667.5 668.9 654.8 648.4 643.7 641.6 648.2 656.9 655.3 657.8 647.3 626.2 603.7 581.6 566.3 557.6 552.6 552.9 556.6 558 566.5 581.8 604.1 626.3 635.4 625.4 595.2 546.1 473.1 451.4 436.1
523.3 516 506.9 501.4 502.9 493.1 475.5 476.7 469.7 464.9 465.2 463.4 462.5 463.4 465.6 471.9 474.2 475.8 478.3 479.2 483.3 484.4 488.8 493.4 501 505.9 511.1 516.7 522.6 528.3 536.5 546.6 553.9 563.9 576.9 588.7 601.6 614.8 623.4 630.6 639.9 643.9 649.3 667.3 675.7 692.5 705.2 714.2 706.4 695.8 676.5 670.8 671.1 677.7 689.3 699.4 697.9 684.9 667.1 619.2 601.1 581.9 567.5 568.8 565.2 573.6 579.9 589.6 610.7 632.2 643.8 647.1 638.9 612.7 562.5 496.6 459.5 441.5
542.8 535.6 535.4 537 527.7 513.8 494.1 480.6 475.1 465.9 461.3 458.3 457.7 458 460 465.3 466.6 470.1 472.6 473.5 478.1 482.7 488.2 492.6 499.7 505.3 511.9 517.4 522.7 528.4 535.1 545 552.8 562.1 574 587.1 602.4 613.7 625.3 633.5 644 654.7 668.1 684.1 703.7 723.3 739.9 750.8 761.1 757.6 736.6 714.9 702.7 711.5 726.4 739.4 737.2 728.9 707.1 649.7 618 604 594.1 583.7 592.7 603.3 612.5 604.9 624.8 641 657.7 659.5 645 628.3 589.9 515.1 475.7 453.4
562.3 563.6 561.7 561.9 554.6 537.4 521.3 489.4 480.8 468.7 460.6 456 454.7 454.9 455.7 458.9 461.2 463.7 466.3 471.4 476 480.9 487.5 492.3 497.9 505.1 511.5 517.3 523.9 529.1 534.5 543.4 553.1 563.3 576.1 589.5 607.6 620.8 629.9 639.7 654.4 667.5 681.2 701.2 725.1 745.1 764.7 782.1 797 814.1 825.5 772.1 771 766.5 771.4 777.8 777.2 772.8 762.1 698.7 655.1 624.6 619.1 612.9 610.3 615.7 622.2 626.2 640.6 679.9 707.7 677.5 653.9 636.1 590.8 519.8 488.5 461.2
582.7 583.7 580.5 569.9 568.5 545.9 530.1 501 485.6 470.8 460.4 455 451.8 451.7 450.1 452.6 456.2 458.9 463.4 468.9 475.6 480.2 485 491.1 496.2 503.2 509.7 516.8 522.9 528.9 535.2 543.9 554.4 566.7 580 597.1 613.6 628.1 641.8 652.9 661.7 676 691.6 712 734.1 756.7 781.4 804.9 824.9 846.2 873.5 861 832.7 825.3 822.5 823.4 820.4 817.7 792.1 747.6 738.8 692.6 658.2 642.4 626.6 630.5 642.8 669.4 713.3 750.9 732.7 698.5 675.4 646.8 588 584.4 516 478.2
589.4 585.8 572.8 564 552.3 537.4 520.3 504.7 485.6 470.1 460 452.3 449.2 448.1 447.4 449.1 452.3 457.9 462.5 467.4 474.4 479 484.7 490.2 496.2 501.2 508 516.5 523.2 530.5 538.6 547.6 558.3 571 586.2 605.6 621.2 638.1 652 665.1 677.4 687.5 701.5 721.8 741.4 763.6 789.1 815 839.7 864.6 891.3 920.9 896.5 885.3 876.2 873.4 877.6 865.3 821.4 801.8 791.7 742.8 696.9 669.2 654.3 674.4 709.5 745.3 760.8 787.6 748.6 724.2 709.1 663.4 662.4 605.8 536.4 501
587 572.3 561.4 550.2 537.1 522.5 508.6 494.4 481.2 467.4 457.9 450.2 447.1 445.9 444.6 448.4 453.1 460.3 465.3 468.3 473.9 480.2 486.8 491.4 498.2 502.2 507.3 516.4 525.2 533.1 541.4 551.3 562.4 578.3 592.5 612.1 634 650 665.4 680.7 694.7 705.8 717.6 731.1 748.4 770.2 794.6 819.6 847.1 873.6 902 933.2 958 940.9 933.1 933.7 923.4 893.6 864.3 846.1 833.4 815.5 768.6 716.4 686.5 713.4 762.8 809.8 851.9 806.1 767.5 746.2 733.4 716.3 691.6 628.8 575.9 521.4
572.3 560.6 548.8 534.2 521.9 506.4 492.6 481.9 472.3 463.6 454.2 446.5 445.1 443.4 445.3 448.8 453.5 459.8 466.3 470.5 475.9 483.4 489.2 494.6 499.4 506.1 512.3 517.4 527.5 536.2 544.2 554.6 569.1 584.3 601.1 625.9 645.4 662.5 681 700 714 725.3 734.9 745.5 758 775.8 798.7 825.8 853.1 880 910.1 938.4 966 985.6 966.9 942.1 909.7 876.6 847.5 822.1 807.4 805.1 794.7 767.3 750.1 769.2 776.3 820.1 854.3 830.4 796.5 774.5 761.8 761.8 713.3 644.2 615.6 548.8
559.8 547.4 534.5 519 502.5 488.6 479.2 472 464 457.4 448.8 444.1 442.8 443.6 445.8 450 454.3 461.7 468.6 473.4 476.6 485.3 492.5 496.2 503.5 510.1 516.7 523.6 530.4 539.5 547.3 557.7 573.2 592.9 613.8 635.5 657.8 677 699.1 719.4 736.9 748.9 756.4 762.6 771.7 785.7 805.7 831.7 858.2 885.8 914.4 941.5 968.6 980.8 957.9 927.1 894.4 853.5 823.6 794.5 770.2 764.3 749.1 736.1 739 754.5 769.2 778.6 801.5 850.2 830.7 808.5 803.6 802.3 736.3 685.4 628.4 577.6
