UK/data/nn/nn75_OST50GRID_20230518/NN75.asc
ncols 200
nrows 200
xllcorner 270000
yllcorner 750000
cellsize 50
[rows 70 to 104 of 200, columns 0 to 77 of 200]
405.1 409.6 411.2 416.5 413.1 411.5 422.4 431.5 443.7 452.8 459.7 465.2 468.4 469.6 469.2 470.6 473 478.4 478.3 484.3 496.4 493.1 487.7 484.7 478.8 468.2 450.5 433.3 424.9 411.4 402.7 398.6 396.6 391.5 389.2 387.7 386 383.6 382.8 380.2 378.4 376.7 375.7 376.1 376.3 375.3 372.3 374.5 370.5 363.9 352.1 349.6 348.8 348 346 344.9 348.4 351.9 350.7 350.1 349.3 346.9 346.2 344.8 345.6 347.4 346.3 347.9 345.7 346.2 344.2 340.9 340.2 342.7 344.6 348.1 349 348.7
409.3 412.2 424.3 425.7 423.5 415.2 422.4 431.1 442.3 453.2 460.8 466.8 470.7 473 472.7 470.9 469.4 471.4 467.9 472.5 476.5 483.4 484 477.2 471.8 469.4 460.2 443.4 424.9 411.6 398.3 393.5 394.9 391 389.6 390 389.4 389.1 387.4 386.3 385.7 384.4 381.7 379.3 375.1 372.8 371.3 369.6 368 365.1 359.3 353.7 350.8 347.5 345.8 344.5 344 343.2 344.4 342.2 342.9 344.1 343.9 342.5 342.6 342.6 341.4 340 338.4 337.7 336 334.5 334.5 334.6 334.8 335.2 336.5 338.7
418.3 416.3 426.7 431.5 432.4 431.7 424.9 428.1 439 449.7 457.4 464.2 469.3 472 470.8 469.9 468.2 468.1 467.5 466.6 465.8 465.8 470.3 467.5 468.9 466.4 458.5 445.5 431.8 422.9 407.2 396 394.6 395.4 393.6 393.6 395.1 393.5 391.3 389.1 388.5 387 384.5 380.9 377.4 375.5 373.9 372.2 369.1 363.6 361.6 358.1 354.7 349.6 347.8 344.4 343.8 342 341.3 340.6 339.8 340.1 339.5 339.3 339.3 337.5 337.2 336.4 336 336.4 337.4 333.8 334 333.5 333.8 333.5 333.3 333.9
434.5 429 429.7 440.8 441.4 439.2 432.9 427.2 434.1 444.2 451.9 459.5 464.8 468.4 469.2 468.2 467.4 467.9 467.4 467.5 466.8 466.2 466.6 465.1 459.8 461.9 456.3 446.8 437.2 428.2 422.1 417 413.6 411 409.6 410.5 411.4 409.2 404.9 403.2 399.2 391.6 389.1 387.9 385.4 380.4 378.1 376.7 372.4 367.8 367.8 366.9 364.8 362.5 363.1 361.3 352.4 349.1 348 345.4 343.6 341 339.9 339.7 339.7 342.1 341.9 340.5 341.2 341.9 341.1 341.4 338 337.8 337 337.8 338.4 338.3
451.5 440.7 434.1 438.5 445.8 447.4 434.2 429 431.9 436.1 445.2 452.4 457.2 462 465.4 465 467.7 472 471.8 478.6 483.7 481.8 470.2 466.4 462.9 457.5 449.9 441.4 437.2 437.8 438.6 437 430.8 426.7 425.3 423.8 421.9 418.8 417.3 415.5 412.6 409.3 404.3 400.3 394.6 388.3 386.3 383.3 379.9 375.9 376.5 373.7 370.2 370.2 370.2 365.5 361.8 361.5 358.3 356 352.8 355 355.9 355.8 353.5 354.6 354.5 354.9 355.6 354.9 351.9 348.8 347.2 347 346.4 344.8 342.5 341.7
460.3 456.5 440.6 438.3 447.1 448.1 438.6 431 433.8 435.2 441.2 447.9 451.6 456.5 461.6 465 473.5 478.8 487.4 498.4 505.3 500.9 486.9 470.3 465 460.7 453.8 448.8 448.1 446.9 444.6 440.4 435.2 432.1 432.8 434.2 434.6 432 432.4 432.3 429.2 425 419.5 412.6 408.4 401.4 398.9 396.5 388 385.2 384 380.8 380 379.8 379.2 377.7 375.4 376 375.2 374 374 374.2 372.5 372 370.3 370.8 368.2 367.9 368.9 367.3 365.9 363.6 360.5 357.6 356.3 351 345.1 344.1
460.5 458.3 450.9 444.2 442.4 443.3 442.7 438 437.6 437.8 443.8 449.7 455.8 463.2 471.1 478 481.9 492.7 500.8 516 522.5 516.4 504.7 487.4 471.2 467.7 462.7 460 464.9 454.2 450.7 444.1 437.2 435.9 439.9 445.4 447 446.2 448.6 451.7 453.5 446 434.4 425.9 419.4 412.9 409.7 406.1 398.9 398.2 398.6 395.7 394.4 392 390.6 391.8 388.9 393 389.5 390.1 388.3 387.5 385.6 386.6 384.6 382.8 381.8 381.3 380.2 377.2 375 374 370.6 370.9 368.7 363.9 359.7 358
466.1 464.8 462.9 456.2 449.6 447.2 447.4 447.4 447.9 449.6 452.1 458.4 468.5 475.2 480.9 488.7 496.9 503.8 511.3 519.7 529.6 532 523.8 511.3 496.3 483.2 474.2 465.8 459 454.7 449 443 439.2 437.6 441.9 452.5 458.6 458.9 461 464.9 461.4 456.4 447.3 437 430.8 428.3 423.9 417.6 410.5 408.6 409.5 408.8 405.7 404.9 403.1 404.8 402.2 405.8 403.1 404.3 403.2 406 408.2 410.9 408.9 404.4 402 399.8 399.4 393.1 388.3 387.6 388.3 386.4 383.7 379.7 375.9 375.3
465.3 470.3 470.7 465.6 458.6 458.7 456.2 456.8 458.5 461.8 462.6 468.2 475.2 482.8 491.8 502.4 514.4 521.3 526.2 521.1 519.1 522.5 517.9 512.6 512 504.2 495.7 484.4 469.2 457.1 449.4 450.8 445.7 443.7 448.7 455.1 461.7 468.7 470.5 470.2 465 458.1 451 446.5 444.2 439.4 436 429.6 425.2 422.5 422.8 424.3 424.6 421.7 419.4 416.6 415.1 417.7 416.7 418.9 421.1 426.6 428.9 434.7 433.8 424.4 420.2 417.5 411.8 406.1 402.1 401.4 401.6 397.8 395.3 391.5 390.3 388.4
469 473.8 475 474.3 471.7 470.7 474.1 474 473.6 474.3 478.8 478.5 480.8 491.9 503.4 519.7 537.8 544.5 543.7 529.1 516.1 510.8 504.5 502.7 496 493.5 485.4 476.4 470.4 466.2 465.2 465.3 461.7 462.5 465.9 469.5 480.1 488.5 490.6 485.5 481.9 473.5 466.9 463.7 460.1 455.7 449.2 444.7 440.9 440.3 440.5 438.8 437.6 442.3 437.5 433 432.1 437.5 435.8 438.3 438.8 436.3 444.3 448.6 447.2 439.5 436.3 433 427.3 418.8 417.1 414.9 412.9 408.4 403.4 396.6 392.5 386.3
474.6 477.1 480.1 482.6 485.3 488.5 493.7 499.8 500.3 493.4 489.6 490.8 491.7 499.2 514.1 538.9 552.4 556.8 558.2 550.9 546.4 521.8 510 500.1 494.5 488.8 484.1 480.1 481.5 483.1 481.5 478.6 478.5 479.1 479 483.4 494 497.7 499 497.1 492.5 484 481.8 479.4 476.5 471.5 465.1 459.6 458.9 461.2 463.4 456.9 454.8 455.3 451.4 450.5 448.7 447.7 447.4 450 451 446.4 452.2 452.3 451.6 451.6 452.8 450.4 440.9 436.6 433.2 424.8 420.6 414.5 407.7 401.8 395 390.3
478.6 484.7 488.8 493.7 495 499.9 505.5 516.1 518.9 515.1 509.1 502.6 503 504.7 527.5 545.1 555.4 563.9 563 558.7 558.4 550 531.6 508.2 500.2 498.3 493.8 490.3 490.3 493.1 488.8 488.6 488.9 487.9 491.5 493.8 498.6 499.7 499.5 498.2 494.8 493.1 490.8 487.6 485.9 480.6 475.4 473.8 473.7 474.6 474.1 470.6 468.7 467.6 465.6 464.7 465.3 465.7 465.6 468.8 470.4 473.3 476.6 476.3 477.1 477.1 472.9 468.2 463.3 455.7 451.4 446.5 439.4 432.8 425.2 417.8 411.9 404.3
485.3 490 495.3 500.6 505.3 513.4 518.1 526.7 535.2 534.1 521.9 516.7 514 511.3 529.7 545.7 559.5 565.2 567.3 566.6 559.5 548.6 535.2 514.5 508.8 502.4 499.8 498.6 499.2 500.3 502.2 503.5 505.2 507.9 508.6 509.1 508.3 507.3 508.1 507.7 506.5 505.7 504.4 503.2 499.6 494.6 480.4 486.8 487.6 486.5 488.6 491.6 492.8 493.2 494.1 492.9 492.4 491.4 488.8 489.9 491.7 493.3 494 494.3 494.9 495.2 492.4 491.3 489.4 485.8 478.9 470.5 459.2 454.8 447.1 442.4 435 426.4
492.3 496.5 500.4 509.1 517.2 524.2 527.7 533.3 531.5 533.6 533.9 530.8 528.8 529.4 534.3 549.8 560.6 568.3 568.5 564.6 561.4 548 536.9 525.7 514.4 513.2 510.8 509.4 511.6 513.9 518.2 522 524.6 525.3 524.9 524.8 523.5 520.9 520.5 520.5 519.2 519 518.1 516.9 514.7 508.5 502.7 498.4 499.5 504.9 509.2 515.1 516.8 518.6 516 515.8 514.7 513 513.3 515.1 517.5 520.1 523.5 521.8 520.8 522 524.9 530.9 530.2 526.8 518.9 507.6 494.8 484.2 475.7 465.6 463.7 453
499.2 503.2 507.7 518 526.7 533.4 537.9 541.3 546.3 547.9 548.4 547.1 549.8 552.3 555.1 559.3 562.1 566 565.3 560.9 557.9 546.3 537.5 532.6 529.3 528.4 527.7 525.8 527.2 528.5 530.5 534 535.9 537 536.7 536.4 536.6 534.8 535.1 531.4 529.8 528.6 528.6 527.2 526.1 520.5 517.7 517 519 523.5 527.4 534.9 539.2 540.8 540.2 542 544.6 544.1 544.8 546.8 553 559.1 555.9 552.2 552.3 550.5 558.8 567 564 561.7 556.1 550.1 533.3 520 508.7 499.3 487.8 476.1
509 511.7 519.9 531.2 539.3 550.2 557 563.5 569 572.4 574.2 575.1 576.8 580.9 580.2 583.9 579.7 575 575.7 572.1 569.1 566.4 564.9 561.2 549.3 543.3 541.2 541.4 541.7 542.5 543.7 544.2 547.5 549.1 549.4 550.7 552.3 553.6 550.8 548.2 545.8 541.5 541 541.2 538.9 532.8 532.6 531.2 538.5 542.8 547.4 555.1 561.1 564.8 567 571.8 572.1 574.1 575.1 576.3 585 594.8 590.2 577.6 569.8 572.9 580.8 590.6 600.2 597.6 584.9 574.6 563.2 549.1 532.2 518.1 502.9 494.1
521.4 530.6 538.5 547.6 554.1 563.4 572.1 580.5 584.9 593.9 599.8 601.9 604.1 606.6 604 594.8 588.8 587.7 589.7 588.8 591.2 591.5 585.3 576.6 567.5 558.4 554.9 555.7 559.4 562.1 562.1 563.8 567.5 570.3 573.2 575.4 573 574.6 579 574.7 568.8 564.5 561.3 560.8 558.9 555.2 553.2 557.6 564.3 570.5 574.9 579 582.6 586.4 590 593.7 599.6 601.2 603.2 604.8 607.7 617.2 614 602.4 596 594.8 594.5 603.7 618.9 621 612.1 593.9 580.6 564.1 542.5 530.5 517.1 506.4
535.5 543.3 552 568.3 572.9 577.4 586.5 604.6 615 629.6 636.1 641.6 634.5 629.6 622.2 610.6 601.9 598.9 605.5 616.2 618.1 610.8 601.5 593.2 585.4 574.9 568.2 567.8 574 576.9 576.6 580.1 583.3 586.7 589 589.8 588.3 586.6 592 594.2 588.4 584 583.3 580.3 575.3 571.7 575.4 585.5 590.5 594.7 595.8 599.3 600.7 601.3 609.2 623.9 631 634.8 631.8 642.5 643.5 635.3 633.6 623 615.9 610.5 602.3 602.3 609.3 618.5 616.8 610.8 597.5 581.2 555.4 534.4 528.2 524.5
544.9 555 569 586 594.7 605.5 612.5 618.4 625 635.3 641.6 641.5 637.2 632.8 624.7 615 612.3 624.9 628.2 628.8 627.1 630.2 623.4 615.6 603.8 603.9 598.5 595.9 594 597.1 598.3 594.7 595.1 601.7 602.3 603.4 602 601.2 600.7 601 603.4 602.5 603.4 600.9 593.9 590.7 592.6 596 608.5 613.9 615 618 619 622.3 630.8 652.9 666.5 666.9 667.4 669.6 664.4 644.2 635.6 623.9 617.1 611.1 608.1 604.3 597.9 600.8 609.2 608.3 598.3 583.9 567.3 541.5 532.8 536.3
556.3 564.8 581.2 597.5 614.2 629 631.5 633 637.4 638.9 643.9 647.5 644.2 637.8 635.6 634.5 641.2 650.6 656.4 652.3 653.4 645.9 639.8 636.4 629.4 629.4 623.5 620.6 621 623.5 625 617.4 610.9 614.1 614.2 616.6 615.9 616 614.2 613.2 615.1 617.4 619.1 616.5 610.3 608.9 611.8 612.3 617.8 630.3 633.7 638.4 642.1 640.5 649.4 665 670.4 671.4 670.2 663.9 652.7 648.8 637.2 627.2 620.4 614.3 610 606.6 598.9 590.9 592.8 592.2 581.7 568 559.1 546.1 538.9 532.6
565.9 576.9 595.8 610 625.5 639.6 647.2 653 659.5 662.1 665.8 668.2 666.4 671.8 673.3 667 677.6 686.6 687.7 684.6 680.4 673 662.9 650.4 648 650.9 648.4 638.5 634.2 640.1 648.2 646.4 640.5 637.7 640.5 646.6 643.9 639.2 630.6 624.8 627.2 630.3 629.4 625.5 624.5 624 628.2 631.6 635.7 642.2 647.9 652.4 659.8 660.1 664.6 676.4 680.7 676.5 672.7 666.2 656.8 649.8 640.9 634.3 627.7 620.9 613.9 608.9 603.8 594.1 578.1 573.7 564.9 556.5 556.3 551.9 538.9 531.9
571.7 588.7 606.1 620.3 633 648.7 657.3 671.6 677.8 684.2 685.6 696.5 705.3 706.9 707.4 703.9 709.1 714.2 709.8 706 705.3 704.4 697.2 680 671.9 670.3 663.8 656 655.1 660.3 666.3 668.5 670.8 671.1 667.1 665.8 663.5 658.4 651 642.6 648.3 653.1 648.7 639.5 640.1 644.6 648.7 654 658.8 665.3 668.4 673.8 678.4 679.8 676.4 678.9 683.5 685.5 680.9 674.6 660.7 654.6 651.4 642.6 633.2 625.5 617.2 610.9 606.4 590.2 579.4 555 555.5 548.6 550.2 544.6 531.8 522
574.6 594.4 610.2 626.8 638.1 653.1 670.4 686.2 698.2 703.2 718.4 735 740.1 737.4 734.9 734.4 745.7 745.6 743.7 737.5 734.1 730.1 724.3 711.2 701.5 702.1 694.9 686.4 679 675.3 680.2 690.4 690.3 685.8 681.5 677.7 673.7 669.2 660.2 658.7 663.7 668 664.9 659.3 654.2 654.1 658.2 664.3 671.4 677.3 678.4 683.7 693.8 693.2 688 681.1 679.9 684.5 680.6 672.6 664.2 658.7 653.4 645.8 634.9 621.6 612.2 606 600.8 582.5 568.3 552.6 539.9 540.3 537.6 530.3 515.9 501.6
583.4 592.4 613.2 632.9 647.6 661.8 682.3 697.4 711.7 735.5 750.4 762.5 768 769.1 767.5 773.5 776 779.1 773.2 768.9 764 760.6 751.1 737.8 735.9 741 729.3 724.5 714.7 707.9 708.7 709.7 709.1 707.1 701.3 699 693.8 686.5 680.6 680.5 677.9 678.8 674.6 672.6 670.9 667.4 669.5 671.5 676.4 681.9 685.1 689.5 697.5 696.3 693.6 685.5 679.2 675.2 670 663.4 663.4 665 654.2 647.1 636.4 622.5 606.7 601.9 595.4 582.5 567.9 556 543.8 526.6 523.2 513.3 499.5 488
588.4 600 616.8 639 653.1 669.8 688.5 704.3 726.6 752.4 774.6 781.1 789.8 795.2 802.7 809.6 804.6 808 808.7 804.9 799.7 787.6 776.1 763.2 762.7 761.9 758.6 754.1 746 740.1 737.4 738.1 732.9 726.9 720 716.2 710.4 703.9 699 696.1 692.5 689.8 685.6 688.3 689.4 687.7 694.4 696.6 697.2 696.6 700.6 703.6 700.6 699.7 694.5 686.5 679.8 673.6 669.2 662.8 659 656.7 649.3 643.8 633.1 620.3 610 598 590.9 581.8 570.5 560.5 549.1 535.6 517 502.6 498.3 487.2
588.1 598.5 618.7 638.4 654.3 670.8 690.9 716 734.4 759.2 781.8 796.3 802.7 810 823.8 828.9 832.1 839.1 838.1 833.1 830.8 823.8 814.8 802.1 792.7 792.8 789.6 786.9 782.4 776.7 772.4 767.5 762.4 754.4 751.5 743.6 734.8 723.8 715.1 710.2 706.3 703.3 699.4 705.8 708.3 715.7 721.9 722.2 722.4 720 720.6 719.9 712 706.4 701.5 694 685.6 678 669.9 664 659.7 656.5 652.1 639.6 633.2 620.7 610.9 601 594.8 582.1 574 567.5 553.3 540.2 525.3 509.1 501.2 488.7
587.7 598.7 613 633.5 648.7 676.2 696.2 726.4 743.7 764 784.3 803.2 818 827.6 838.2 849 854 864.7 867.8 868.1 861.3 855.1 848.1 834.2 825.6 826 824.8 822.3 818.9 812.2 810.5 805 798.9 790.5 778.8 765.6 756 746.3 736.9 726.9 721 716.5 713.7 722.9 729.7 735.9 742.3 744.9 743 742.8 749.1 742.5 735.8 721.1 707.9 696.9 687 679 670.4 665.7 660.5 655.7 652.1 645.8 639.3 632.7 621.7 609.4 598.2 592.8 584.1 575.8 562.9 547.8 529.4 520.2 510.6 498.6
588 598.7 610.2 627.9 651 675.4 702.3 726.7 744.5 762.1 783.8 803.8 818.8 840.2 856.8 870.4 879.7 889.5 895.2 893.9 889.4 886.2 876.6 863.2 861.5 859.8 860.3 858.5 852.8 847.9 843 836.1 827.9 818.6 807.6 794.8 781.9 772.9 763.7 752.7 741.9 731.1 728.9 735.5 745.3 755.2 760.4 763.4 763.2 763.9 764.2 759 749.8 746.6 735.3 719.9 707.6 694.9 684.6 678.2 674.5 670.8 660.6 653.8 647.3 639.6 632.5 625.5 617 598 591.6 583.4 572.1 554.2 538.5 526 514.3 503.3
587.7 596.4 607.7 627.5 656.3 679.3 703.9 725 745.9 763.1 784.2 804.2 819.5 843 869.2 890 901.3 913.9 916.3 918.6 911.6 906 898.8 893.8 895 893.6 895.1 892.2 887.5 880.6 872.2 864.8 859.1 851 838.5 825.9 811.2 798.5 786.5 776.9 762.1 753.1 749.8 753.8 764 772.6 777.8 779.2 778.3 779.1 777.9 772.5 764.6 759.6 749.7 739.9 724.5 709.9 701.2 691.6 685.8 675.3 666.7 659 651.6 644.4 637.8 632.1 622.7 609.8 595.3 587.1 585.7 579.6 562.3 547.1 527 509.7
592.3 600 611 635.2 660.4 682.8 705.7 722.1 743.1 760.1 784.2 805 821.1 843.2 870.3 898.4 914 924.2 929.7 933.5 935.1 935 928.6 927.3 930.1 927.9 928.9 927 922.1 913 905.2 897.6 890.4 883 870.2 856 842.3 828.5 815.5 799.5 785 773.7 770.5 771.9 774.2 779.3 786.5 790.3 793.7 788.5 787.5 784.8 778 771.3 762.6 751.5 738.6 723.7 714.6 710.1 701.4 691.7 680.2 669.2 656.5 650 642.2 633.1 626.9 617.4 605.3 595.1 588.8 576.4 567.5 552.4 532 521.2
596.5 606.4 616 639.6 663 685.5 703.6 721.7 741.3 758.3 781.3 804.1 820.9 843.8 865.1 888.4 912.9 932.4 941.1 952 960 959.6 958.9 959.4 963.2 964.7 964.1 963.1 955.8 946.2 937.3 930.2 921.8 913.8 902.2 889 874.9 859.6 844 826.7 808.6 794.7 792.1 795.1 798.1 800.9 801.5 809.8 808.6 804 799.4 794.6 792 785.9 778.9 769.4 759.8 745.6 741.6 732.2 725.4 716.8 703.6 690 677.9 662.3 653.1 642.7 630.2 618.1 609.1 601.2 586 576.8 565.3 554 546.9 539
604.3 612.5 627.5 644.7 669.8 684.6 702.3 720.3 738.4 753.7 774.8 802.3 820.1 838.2 858.5 886.6 912.9 938.1 954.5 969.9 982.8 986 988.5 994 996.4 999.1 999.6 996.9 989.2 978.8 970.1 961.8 953.3 941.6 932.8 920.3 908.2 890.9 871 849.7 830.1 818.2 810.8 811.2 816 819.4 822.9 829.4 830.6 824.9 825.1 819.9 809.6 797.3 786.6 774.1 764.4 762.1 757.1 749.2 742.4 739.6 731 707.2 693.5 683.3 659.3 640 627.8 619.7 615.6 610.9 602.4 590.6 578.8 568.7 563.2 556.3
608.9 618.5 632.5 648.8 668.6 685.7 701.6 716 735.3 749.4 767.9 792 813.4 829.3 852.1 879.8 908.4 921.1 946 965.6 982.8 994.1 1006.8 1016.4 1025.1 1031.4 1034.1 1030.2 1023.8 1012.1 998.9 986.9 978.6 966.6 956.4 944.9 933.7 916.2 896.9 870.2 851.9 840.5 829.8 826.9 828.4 836.6 843.1 850.4 853.6 845.9 839 834.9 827.5 812.9 798.8 787 781.9 777.4 767.5 754.7 741.7 725.8 710.8 697.9 684.8 669.9 656.2 643.8 634.5 627.6 621.8 613.4 607 600.8 596 587.2 575.6 567.9
612.1 620.4 632.6 648.7 669.1 686.3 699.7 712.5 727.8 741.6 762.3 785.5 805.1 826 846 877.3 887 905 926.8 952.4 964.4 981.1 999.6 1010.5 1029.9 1047 1057.5 1060.9 1049.9 1036.2 1022.7 1008.8 1000.5 991.1 982 967.9 952.2 934.8 915.9 890.7 871.9 861.3 856.1 850.8 847.7 853.1 861.3 869.2 873.1 865.9 858.4 855 841.2 826.2 813.1 802.4 797 789.8 781.8 766.8 750.5 735.4 719.2 700 686.8 671.5 660.5 647.9 642.7 636.8 628.9 625.8 616.3 606.5 597.4 593 586.9 582.5
613.1 622.4 632.6 648.8 670.1 686.5 697.4 706.5 724.4 738.4 757.7 778.4 799.2 821 841.7 859.9 875.5 887.5 910.2 930.6 943.8 962.1 978.3 993.4 1012.3 1035.4 1061.5 1081.8 1070.7 1060.2 1041.4 1023.5 1014.6 1009.5 1001.4 994 977.8 958.5 937.9 916.2 897.1 886.5 882.5 877.3 876.5 878.9 882.7 887.6 893.3 888.7 878 866.9 856.8 841.6 827.1 818 810.7 805.2 797 784.5 773.3 760.2 744.1 724 706.4 692.9 676.2 664.3 655.2 650.4 642.4 634.8 627.3 617.8 614.2 609 605.8 600.9
