WholeMapElevations/data/nh/nh48_OST50GRID_20230518/NH48.asc
ncols 200
nrows 200
xllcorner 240000
yllcorner 880000
cellsize 50
[rows 0 to 34 of 200, columns 0 to 77 of 200]
322.1 339.2 360.4 383.7 407.4 431 448.8 473.7 498.7 523.3 550.4 575 588.7 597.3 601.8 606.8 611.3 614.5 611.1 604.2 595 579.6 557.5 536.2 519.2 502.9 489.2 476.1 461.8 454.8 446.8 434.2 424 404 393.3 394.1 391.4 380.2 365.4 352.6 347 339.4 335.7 328.2 321.1 317.5 314.2 311.7 307.9 305.7 307.6 309.6 310.9 307.6 315.8 323.9 324.9 329.4 329.3 321 314.7 308.3 306.8 302.9 299.8 301.3 305.8 309.2 305.5 306.5 297.5 290 287.3 283.1 275.9 269.2 261.6 249.5
307.9 321.4 340.1 362.1 384.7 407.9 431.4 453.5 477.5 504.4 532.2 561.9 590.5 604.8 609.6 612.4 615.9 618.2 614.7 610.4 603.4 592.3 577.3 560.4 544.9 528.7 512.1 494.6 479.5 467.8 457.7 450.2 445.1 424.4 408.1 397.9 398.2 391.9 376.3 365.2 351.7 343.6 337.9 329.2 318.5 313 309.3 304.3 304 299 302.3 304.8 309.3 303.1 311.8 321.3 324.6 325.8 324.7 314.3 311 307.7 302.9 299.8 299.1 297.4 296.5 299.4 295.5 297.5 293.5 285.8 285.7 283.9 274.9 268.5 261.4 249.2
297.1 309.4 323.7 341.7 362.9 387 411.4 433.4 458.6 487.9 519 550.4 582.4 609.4 616.2 624.8 627.7 627.4 625.2 617.1 611.2 605.6 591.8 575.1 561.6 548.3 532.5 513.5 493.1 479.6 467.8 463.4 458.1 448.2 434.8 414.4 394.7 384.3 373.5 364.6 356.3 348.5 343.5 329.2 316.9 311.9 308.6 301 295.5 296.7 295.8 299.6 302.5 299.7 304.9 313.5 315.5 315.7 309 308.5 307.7 299.2 294.5 292.7 293 294.7 291.4 288.7 286.3 282.6 282.1 279.3 279.8 276.4 274.5 270.6 263.7 251.4
289.6 300.6 310 325.2 344.8 367.1 390.8 416.7 445.3 475.4 506.4 537.6 569.2 596.2 613.4 621 630 633.6 628.8 622.7 615.7 607.2 594.1 581.5 569.3 553.1 535.2 515.1 499.7 487.2 475.7 468.5 459.5 449.5 438.6 418 390.9 375.4 365.1 355 344.5 340.8 337.5 327.5 312.3 303.9 298.9 296.4 290.7 287.4 289 291.3 293.7 301.4 290.7 297.6 300 303.8 302.6 297.3 295.3 289.6 287.6 282.7 286.3 287.2 280.2 281.2 280.9 274.7 270.9 270.7 270.8 270.9 273 276.1 261.2 244.8
279 290.9 300 311.3 329 350.1 374.1 400.8 429 460.1 491.8 521.9 553 581.1 604.1 618.5 631.3 634.3 631.1 627.2 621.7 611.2 598.4 581.4 566.5 550.6 534.4 514.5 496.8 481.5 472.4 464.7 455.9 443.6 429.7 411.1 386.9 364.8 350.8 342.2 334.1 331.7 323.5 318.7 313.7 303.7 294.8 291.9 284.2 278.7 282.9 286.2 280.9 286.8 290.8 284.7 289.1 291.6 291.1 289.5 285.8 283.7 281.3 274.8 273.4 271.6 269.2 272.2 271.2 264.5 259.3 262 263.7 262.9 263.7 264.7 245.2 235
275.1 275.4 288.2 300 315.1 332.2 357 383.6 411.8 442 470.7 500.1 533.3 560.1 590.7 615.8 631 633.8 629.3 625 620 613.6 601.4 587.2 569 551.6 534.1 515.3 489.8 473.2 459.7 449.4 439.4 428.7 416.2 395.4 382.9 361.5 339.3 330.1 319.2 313.8 309 304.9 301.7 297.2 292.4 283.3 281.3 271.7 271.2 273.9 274.3 274.5 275.4 272.2 276 279.5 282.6 281.8 273 274.7 271.8 267.1 265.2 260.1 259.3 259.4 254.6 248.4 247.7 252.9 256.2 250.8 248.7 244.9 232.3 229
276 272 275.9 285.7 297.9 318 337.4 365.2 393.2 420.3 448.7 480.2 509.3 538.5 568.5 606.9 624.4 628.6 624.1 621.3 618.2 609.8 598.1 582.9 564 543.3 526.6 503.6 474.3 453.7 440.7 427.2 413.3 401 392.6 385.6 373.6 352.4 334.5 323.3 311.4 300 299.9 289.6 283.9 280.9 279.1 275 271.8 268 258.6 262.1 263.4 261 262.6 259.8 262.9 269.8 274.8 275.4 264.5 259.7 259 258.8 256.8 249.9 250.5 250 239.7 233.6 236 239.4 241.4 239.1 239 236.5 223.3 224.2
270.1 275.3 266.7 273.9 286.4 301.3 321.1 347.4 373 400.7 429.1 459.5 484.6 518.6 556.9 586.6 611.8 619.8 618.5 616.1 611.7 602.6 592.8 578.4 550.9 525.6 502.6 482.9 463.3 446.4 423.8 408.1 392.1 380.8 373.5 371.4 360.8 343.2 318.6 308.3 301.5 286.1 283.2 274.8 271.9 267.5 264.8 264.8 260.3 259.5 254.2 252 253.4 250.4 256 247.4 253.3 255.6 259.3 257.8 248.9 245.4 244.1 242.6 244.5 237.8 239.2 235.4 230 224 224.8 228.9 228.1 226.9 225.9 224.4 214.1 216.4
263.1 272 270.8 265.4 275.1 291.6 310 333.5 355.4 382.1 409.3 436.5 471 504.8 531.1 565.5 591.3 611 603.6 599.2 594.8 586.2 575.6 549.3 525 498.2 478 463.2 444.9 424.1 401.5 385.4 370.7 360.6 356.6 352.3 341.1 324.9 306 301.9 288.6 275.4 268.6 264.2 259.7 257.7 255.8 255 249.9 247.2 243.1 239.7 242.3 242.3 241.3 235.3 239.6 239.1 239.5 236.7 235.6 233.5 230.6 227.3 226.7 222 225.3 220.4 216.6 216.8 213.9 216.2 212.7 212.7 208.8 204.7 202.8 204.2
256.2 263.8 267.8 262.9 267.4 279.3 297.1 317.1 337.7 362.7 389 418.6 448.9 477.8 508.9 538.2 569.7 585.4 572.9 571.1 565.7 557.8 539.1 513.4 494.1 472.2 455.1 437.4 418 395.9 377.2 360.3 353.6 346.8 334.4 329.7 325.8 313.2 289 282 276.1 264.2 255.9 254.8 248.9 243.2 242.5 241.2 237 234.9 231.9 226.8 228.5 234.3 233.4 229.4 223.3 222.5 221.9 217.7 216.6 215 209.2 205.2 210.2 208.7 207.4 204.8 199.7 195.5 197.3 197 191.2 193.7 192.5 189.4 189.7 190.6
254.6 257 263 263.5 260.1 269.4 284.8 305.5 325.2 341.7 367.3 394.9 424.6 451.4 483.2 525 546.5 558.2 547.5 542.6 540.5 521.1 493.9 484.5 466.4 444.2 421.1 403.8 388 372.2 354 339 333.9 325.8 315.1 305.9 301.8 287 268.8 265 265.9 259.3 254.5 249.9 246.7 235.5 231.3 228.8 225.4 221.9 221.7 220.2 220 218.5 218.1 216 214.5 212.2 210.4 210.4 211 212.7 211.2 209.4 205.7 206.5 205.2 203.1 202.1 204.7 203.2 198.4 195.5 192.9 191.6 189.4 186.4 184.4
253.8 254.2 258.2 259.1 261.5 263.3 274.9 290.9 304.5 322.8 346.9 371.3 396.7 432.8 465.7 495.4 514.4 517.9 518 510.9 503.7 493.6 470.4 454.9 434.6 417 394.4 374.1 355.4 341.2 328 316.2 307.9 302.5 293 280.8 270.9 265.5 252.5 244.6 246.5 242.7 240 235 232.4 226.7 223.3 220 217.2 215.9 217.3 217.8 217.2 216.1 214.4 212.4 212.7 213.5 215.2 215.2 215.3 216.2 215.6 213.5 211.6 209.7 207.7 206.7 206.4 209.3 208.3 201.1 197 194.5 192.7 191.4 190.2 189.3
255.3 252.9 255.9 257.5 256.1 257.4 268.1 277.8 287.6 306.1 328 351.1 376 405.1 436.2 468.2 479.9 483.4 485 481.7 467 461.1 442.6 420.4 402 383.5 366.8 347.5 326.6 314.3 302.4 292.8 286.8 280.9 269.4 260.3 247.7 243.3 236.1 232.1 230.5 231.2 228.7 225.3 222.1 219.1 217 216.1 215.9 215.1 214.8 215.6 215.6 214.5 213.3 211.2 215.9 216.5 217.7 218.6 218.6 221.5 222.5 219.9 216.9 214.4 211.4 210 212.1 217.5 216.6 210.2 203 198.1 197.9 198.7 196.9 197.1
256.8 251.3 255.3 259.1 254.4 253.2 259.9 271 279.8 296.1 313 326.7 350.5 378.8 411.9 432.5 445.6 449 446.7 440.1 433.3 429.2 411.4 384 369.9 353 334.9 314.1 300.5 294 279.3 271.1 264 257.1 247.4 242.1 234.6 229.9 226.9 225.1 224.4 222.9 221.6 220.2 215.7 216.5 215.8 216 215.8 214.6 214.6 213.6 213.5 214 213.3 215.7 218.9 220 221.8 222.5 225.9 232.2 232.9 230.7 228.2 225.7 222.6 220.3 223 225.4 223.9 217.8 208.4 203.7 209.8 210.3 207.4 210.2
258.6 251.8 258 261.1 256 250.4 254.9 266.9 274.2 282.7 293.2 311.7 327.3 355.6 384.7 402 411.1 413.4 410.7 405.6 397.6 394.4 380.9 356 338.2 324.9 304.7 288.5 277.7 273.3 259.8 251.3 243.9 241.9 234.4 230.2 226.1 223.8 223.2 221 219.9 219.5 218.7 216.9 217 217.7 216.9 216.6 216.5 216.6 217.3 215.9 217.5 217.4 220.4 221.5 222.8 224.7 227.9 230.5 237.6 243.8 244.5 244.7 249.5 253.2 249.3 242.1 238 234.8 230.2 222.5 214.3 210.9 221.8 225.5 220.6 221.8
262.2 257.6 250 249.2 258.9 249.1 250.5 260.4 266 271.1 280.3 294 306.6 330 353.4 368.7 377.3 378.3 379.3 378.3 358.8 346.5 344 326.1 305.6 293.3 278.1 261.7 255.4 249.9 249.4 244.8 232.6 230.8 226.5 225.5 224.1 223.1 220.7 219.1 218.8 217.6 217.6 218.3 220.3 220.2 221.3 222.9 231.5 226.7 224.2 221.4 224.3 224.7 225.1 227.2 228.5 229.5 235.4 238.5 245 251.4 258.2 264 274.6 280.9 277.5 271 260.4 252.9 243.4 231.6 222.6 218.1 226.5 236.5 226.3 223.5
269.3 262.2 255.8 247.5 253.2 251.7 247 258.8 261.8 266.6 272.4 280.9 290.5 308 324.6 335.2 343 347 350.9 340.2 318.7 310.1 301.5 287.8 276.4 266.9 255 244.8 239.6 236.4 234.8 236.3 227.2 229.2 223.3 223.9 222.2 220.4 220.3 219.3 219.3 218.2 218.8 220.1 223.1 231 229.4 235.4 238.6 237.7 237.4 237 240.4 240.5 235.8 234.5 237.2 239.2 245.3 249.3 255 265.9 270.7 287 298.2 301.3 302.2 297.1 287.1 272.6 253.7 240.5 234.6 233 233.2 241.6 232 222.4
265.3 257.7 254.6 246.2 245.5 251.7 246.5 247.5 258.2 263.9 269.3 273.7 281 288.9 301.3 316.9 318.3 320.6 317.8 305.9 290.1 278 270 261.9 253.7 246.5 240.9 236.9 232.2 229.8 225.2 224.8 224.5 223.1 220.8 220.8 220.5 220 220.3 220 222.8 222.8 225 229.7 235.5 234.8 237.3 243 244.3 247.5 256.4 259.6 266.1 275.5 269 249.1 251 256.1 260.9 264.8 271.3 280.8 288.8 305.5 316.7 319.4 317.2 310.8 299 282.9 266.3 252.2 243.9 246 243.5 237.9 231.8 222.6
267.2 259.2 255.8 252.6 244.3 244.4 247.6 242.6 255.7 259 263 266.7 270.6 274.9 285.3 294.8 291.3 293.9 281.2 274.8 259.8 254.9 252.1 247 241.4 236.3 233.6 226.6 226 223.8 222.8 222.9 221.5 222 220.9 221.6 222.6 222.2 222.9 223.9 225.5 229.7 232 239.1 246.8 251.5 256.1 259.9 266.5 275.1 281.9 292.1 303 308.2 299.2 276.5 278.3 275.6 280.5 285.8 293.5 302.3 315.1 328.9 333.3 330.5 319.7 308.9 297 287.9 280.9 267.3 253.3 247.8 245.9 235 223.2 213.1
265.8 259.9 257.1 251.7 248.6 242.1 245.9 241.6 246.6 252.6 254 258.9 257.5 262.1 267.8 272.7 272.2 270.3 264.3 252.4 242.9 241 238.5 235.4 235.3 230.3 229.6 225.2 224.5 223.9 222.9 222.3 222.3 221.5 221.8 224.3 223.3 227.6 227 229.6 237.2 245 244.2 253.8 265.3 274.4 279 280.4 289.9 302 314.5 322.3 327.7 326.7 324 317.8 315 298 303.3 311.9 319.8 336.9 345.5 344.8 340 330.1 318.3 307 293.2 283.6 288.7 273.4 255.6 243.2 238.3 229.9 207.6 181.6
265.3 258.4 253.4 248.2 242.2 241.5 242.1 240.2 241.8 244 243 246.5 248.3 245.7 247.6 253.7 257.6 256.2 251.2 247.3 240 234.6 231.2 227.4 229.2 226.7 226.9 225.2 224.3 223.5 223 223 222.5 222.9 225.6 227.3 227.9 231.1 236.8 243.4 252.2 259.8 263 272.4 286 298.7 305.1 310.3 319.2 334 349 357.9 357 340.9 345 347.2 330.9 317.1 323.4 335.8 336.9 349.2 348.1 343.5 332.3 323.6 314.1 305.3 287.6 269.6 270.1 265.9 251.8 237.6 226.5 218.7 192.5 202.9
263.3 253.8 247.7 244.5 241 239.7 238.4 238.6 239 237.9 235.9 239.2 235.8 235.2 233.7 235.5 239.7 241.9 241.8 241.7 241 234.6 229.5 228 226.4 224.2 225.4 225.3 223.8 223.8 223.5 223.5 223.6 226.2 230.6 236 237.4 242.6 250.5 260.3 269.1 277.2 281.7 293.7 308.1 321.3 332.5 346.8 354.6 365.6 376.6 379.8 369.3 367.6 362.5 363.2 350 334.9 340.7 350.2 341.1 337.3 335.9 332.9 324.1 317.5 310.6 298.3 279.5 259.1 249.3 245.6 239.5 227.8 216.5 201.2 185.9 215.6
252 251.3 245 242.2 240.9 239.8 238 236.4 236 235.3 235.1 234 233.1 233.1 232.4 232.2 231.4 231.6 233.4 233.2 230.2 229.8 229.1 227 226.3 225.7 225.6 224.5 224.7 224.5 224.1 223.6 226.9 236.1 241.8 246.2 251.5 259.2 269.3 278.6 287.7 297.2 308.7 323.9 340.1 353.6 365.2 379.6 385.3 388.6 390.6 389.1 388 387.3 383.8 376.6 365.2 352.2 349 349.8 335.8 326.3 323.9 323.3 317.7 310.8 301.7 285 266.1 247 237.2 231.6 221.9 219.1 207.4 192.6 209.3 232.4
245.8 244.7 244.2 243.4 241.3 239.7 238.6 237.9 236.8 236 234.2 234 233.8 233.5 232.9 232.1 231.7 230.9 230.3 230.2 230 228.7 228.1 227.2 226.8 226.3 225.4 224.6 225.4 225.8 226.3 232.9 240.3 248.7 251.8 260.6 268.7 278.6 289.2 299.4 313.8 325.9 338.5 355.7 372.9 385.2 393 396.7 395.9 394.3 392.6 388.6 382.3 379 376.3 372 365.9 362 354.2 343.1 328 316.3 311.9 307.9 298.2 289.3 279.8 266.3 250.2 235.5 225.2 221 205.5 203.4 189 198.9 225.5 250.2
244.6 242.9 242.1 241.2 240.5 238.9 238.5 238 237.1 236.4 236.3 235.5 234.8 234.3 233.5 232 232.6 231.5 230.4 230.2 229.9 228.7 228.3 226.9 228.2 227.5 229.5 228.3 228.8 230.9 234.4 243.6 252.2 261.2 266.9 278.2 288.3 298.1 309 322.8 337.3 352.7 367.9 380.2 391 397.9 399 398.2 396.2 392.5 388 381.8 372.9 365.7 357.4 350.3 344.1 336.7 330.6 326.4 316 300 292.9 284.4 273.6 263.5 256.4 246.7 235.9 223.4 211.8 203.5 193.7 194.2 213.6 231.3 248 264.2
244.2 243.1 242.6 241.8 241 239.8 238.9 238.2 237.9 238.7 237.9 236.7 235.8 235 234.3 232.8 232.4 231.3 230.3 229.8 229.2 229.7 228 237.1 237.3 240.5 237.2 236 239.8 240.8 245.9 257.7 267.5 278.2 287.5 298.2 309 320.6 334.1 348.3 364.1 378.9 389 393.2 396.4 398.6 399 397.7 395.3 389.2 381.2 373.8 361.9 351.7 342 333.5 323.7 314.6 307.7 302.5 292.5 280.5 267.8 259.6 249.7 240.5 234 230.6 221.8 207.6 198 201.5 195.1 212.1 232.5 249.9 262.6 271.6
243.9 243.3 242.8 242.1 241.2 239.5 239.9 239.5 238.8 237.9 237.3 235.9 235.4 234.2 233.3 233.3 232.6 231.7 230.6 232.8 236.4 237.1 239.9 242.8 244.3 244.5 243.5 244.2 247.5 253.5 262.4 275.6 285.6 296.5 309.1 318.7 331.3 344.9 361.3 375 388 397.2 400.2 399.7 400.9 402.5 401.2 397.9 391.1 382.4 372.1 360 349.4 338 329.2 316.5 306.9 298.3 290.6 280.8 270.7 260.4 247.7 238.1 229.1 220.4 213.8 211.2 206.8 196.9 193.3 198.9 205 223.7 241.7 255.5 269.8 281.7
244.8 244.5 245 248.6 249.7 245.9 245.9 243.1 242 240.6 239.3 238.7 237.8 237.4 235.9 245.3 233.9 232.4 233 235.9 240.3 242.6 245.3 248.4 251.7 251.3 250.2 252.5 256.8 270.1 282.3 295.2 305.5 316.6 331.9 346.5 361.5 381.1 402.2 410.7 413.1 415.7 414.7 414.9 413.2 408.8 403 396.1 386.9 376.1 361.9 348.5 333.7 321.7 310.6 295 286.2 279.5 269.6 259.5 247.2 236.2 228.4 220.6 215.2 209.8 207.6 202.8 198.8 194 197.1 202.7 215 230.4 245.3 259.2 272.8 290.3
252.1 258.5 260.1 265.7 268.5 264.7 264.4 261.3 260.4 254.5 251.1 248.2 245.5 242.8 243.8 250.5 240.6 243.2 240.6 242.7 246.4 248.1 250.3 256.2 260.1 259.7 261.6 266.3 274.3 289.3 304.2 316.5 327.9 342 362.1 380.3 401.7 415.6 435.8 440.3 435.8 430.9 430.7 426.8 420.3 411.6 402.3 392.4 379.1 366.4 352.5 338.6 320.7 306.8 295.3 280.3 269.9 260.7 251.4 238.2 224.2 217.6 214.2 212.4 208.9 203.6 200.7 196.1 196.4 200 204.7 211.4 223.4 238.3 249.6 260.7 271.9 286.8
270 278.3 284.9 291.8 302.1 306.7 310.1 306.4 293 289.4 277.3 265.6 259.4 257.2 253.7 251.7 249.4 254.3 249.9 252.1 256.7 256.2 258.4 263.6 268.5 276 276.4 286.3 298.2 311.5 327 341.8 357.2 373.6 392.2 411.1 430.9 450.8 460.3 459 454.8 446 438 432.1 421.8 411.3 399.3 383.9 372.6 357.9 345.3 331.6 314.4 299.2 283.1 273.7 264.5 250.2 237 227 222.9 221.3 215 206.8 203.4 200.5 197.5 194.5 199.4 200.9 211 219.4 231.4 246.8 256.8 264.3 270.9 281.3
292.3 303.1 313.6 324.3 337 351.5 365.1 356.8 346.2 332.2 320.1 306.2 283.9 276.7 269.1 262.2 261 264.2 266.8 264.5 267 266 268.6 271.3 279.7 288.1 298 310.1 321 336.3 358.3 380.1 390.5 408.1 426.6 444.9 461.6 474.2 471.7 466.6 458 450.3 442.1 432.1 420.1 407.1 392 378.2 362.7 349 334.6 324.3 312.6 293.6 276.8 265.3 252.1 240.6 236.1 229.4 226.5 222.7 211 205.2 201.3 197.8 195.4 198.7 202.2 207.3 218.5 231 241.8 253.3 263.6 272.1 275.2 281.1
315.1 330 345.1 361.5 377.7 394.8 412.2 410 415 405.2 379.9 349.2 322.7 308 294.3 279.7 274.2 273.2 275.1 276.7 278.3 278.6 284.6 285.7 294.6 305.5 317.1 334.1 349.5 369.3 395 413.5 426.3 447.1 463.7 476.6 482.7 478.1 470.5 462.8 458 449.9 439.8 426.9 413.6 398.9 383.3 370.3 355.2 339.9 322.8 311.9 298.7 282.9 267.1 256.2 249.3 242.1 235.3 231.5 223.9 216.7 210.2 204.9 199.8 196.9 197.4 200 206.2 216.2 230.8 244.7 253.9 261.3 267.1 271.4 274.6 282.1
341.7 361.7 380.9 402.4 420.7 433.4 450.4 462.4 463.2 453.4 427 395.9 366.3 350.2 323.5 302.1 291.2 289.4 287.5 288.2 292.2 295.8 303.7 308 301.5 324.9 339.9 356 381.9 407.4 429 450 463.8 478.7 488.7 489.6 484.6 477.3 469.1 463.4 457.3 447.6 435.4 419.7 406.9 392.7 377.4 363.8 349.5 332.2 314 301.4 285.4 279.6 272 263.5 253.1 241.3 232.5 226.6 220.8 216.8 211 200.3 196.1 197 200.1 205.3 218.1 232.3 249.2 265.6 275.9 282 274.4 271.6 275.1 278.8
372.6 393.8 418.4 435.6 452.5 467.3 485 500.3 507.5 495.5 458.4 429 409.1 389.4 359.3 331.5 314.3 310.2 301.4 304.1 309.2 315.3 322.9 325 326.5 336.3 356.9 375 406.5 430.3 453.8 472.8 487.7 494.6 496.5 492.4 485.9 477.7 469 462 453.7 442.8 429 417.4 403.3 386.8 375.5 358.3 341.2 326.2 319.3 308.5 297.5 291.7 280.5 266.8 251.7 237 226.6 222.4 217.7 213.1 204.6 197.3 199.2 201.1 204.9 219.8 241 265 299.5 311.5 313.5 311.6 294.5 292.3 282.2 279.5
406.9 427.5 448.3 466.2 481.6 497 514.4 532.1 543.8 528.3 481.6 448.4 425.3 398.4 377.2 354.3 339.4 325.8 321.3 325.1 327.1 334.6 342.3 345.2 348.8 330.3 361.9 387.7 418.4 445.8 468.2 486.8 496.5 498.8 497.1 492.5 485.5 475.9 468.2 460.6 451 439.6 425.4 412.1 401.3 391.7 377.1 358.8 341.3 336 329.1 318.5 314.6 304.3 285.5 261.9 246.2 233.1 223.2 218.5 212.1 205.4 196.7 199.2 201.2 208.1 223.2 244.4 263.3 291.2 318 334.2 344.5 341.5 324.3 309.8 288.6 283.8
