UK/data/nh/nh00_OST50GRID_20230518/NH00.asc
ncols 200
nrows 200
xllcorner 200000
yllcorner 800000
cellsize 50
[rows 0 to 34 of 200, columns 0 to 78 of 200]
483.5 510.4 526.6 540 561 586.6 614.4 646.5 671.9 693.7 720.2 744.7 772.7 797.7 826 847.5 854.9 865.6 871.9 877.9 884 898.4 902.3 882.5 850.6 829.6 836.2 877.1 898.6 940.7 971.7 996.9 989.3 968.4 937.2 903.2 876.2 852.3 838.7 822.8 807.3 786.1 763.2 728.9 688.7 651.9 616 582.2 558.3 539.9 524.6 503.3 491.2 470.2 454.4 452.3 456.4 463.1 480 488.8 501.8 519.4 536.9 561.6 589.6 634 663.9 644.7 631.4 598.1 554.6 513.3 486.4 463.2 454.5 452 469.7 480.6 498.8
462.4 482.8 503.2 511.4 538 561.7 593.6 618 644.7 666.4 700.9 728.8 755.9 781.2 809.2 829.4 839 841.4 846.8 852.3 867.3 882.2 897.7 896.4 866.4 849.2 858.3 883.9 923.2 969.8 1000.8 1000.2 979.2 957.3 937.3 909 875 850.1 832.3 818.9 802.6 782.9 767.7 732.3 690.6 651.8 615.9 582.2 555.3 536.8 517.9 501.4 479.9 463.6 464.8 468.9 473.4 487.7 506.6 512.9 529.2 545.7 563.2 585.2 628.3 668.7 666.6 640.6 623.2 590.9 547.4 509.7 481.8 476.9 463.5 471.4 486.9 496.5 514.9
441.5 457.4 474.9 494 512.5 543.8 567.6 593.2 619.8 653.8 687.7 717.2 744.8 768.6 789.1 810.8 817.3 811.8 815.1 825.7 832.6 846.6 871.5 909.1 902.2 896.3 894.6 907.3 944.5 990.3 1002.8 986 955.8 935.1 921.7 903.4 872.1 848.6 829.1 815.4 799.8 780.8 764.3 734.6 694.3 660.3 621.5 584.8 553.8 535.7 516 493.8 478.8 478.3 480.2 490.8 496.6 517.4 531.5 542.9 564.5 576.5 596.7 635.2 671.3 696 656.4 632.2 600.7 573.8 543.5 508.6 504.3 486.2 482.4 490.7 507 519.8 531.1
423.6 435.2 452.9 467.5 496.9 522 543.3 575.7 608.8 637.3 673.8 707.3 728.2 750.4 768.4 789.9 788.4 789.2 791.5 801.1 800.9 814.8 841.8 883.2 917.1 941.8 940.5 939.9 969.1 999 978.6 956.7 929.9 911.9 899.1 895.2 866.7 852 828.8 810.8 795.1 779.1 764.2 737.8 696.9 658.6 622.3 588.2 559.1 535.7 512.6 499.9 495 495.8 500.1 514.8 525.4 540.8 560.7 572.2 591.2 607.3 626.7 688.7 713.2 667.6 640.2 615.6 586.2 561.4 534.9 512 509.5 500.6 501 510.8 524.4 536.5 549.7
405.4 419.4 426.1 452.1 482.2 501 528 563.7 589.9 625.1 654.8 682.3 711.5 731.5 744 753.7 771 766 765.2 770 773.8 790.8 818.1 862.6 896.7 930.8 954.4 973.2 987.3 994.9 961.4 933.9 918.3 899.9 893.6 887.4 857.9 847.2 826.7 805 791 774.3 755.6 734.7 704.7 666.9 630.3 593.9 561.8 537.7 521.3 517.9 515.9 520.2 528.3 542.2 555.9 567.2 588.3 603.2 627.4 657.2 686 711.1 690.8 644.8 630 621.4 591.6 547.2 525.5 527.8 522.5 524.3 523.6 532.4 545.4 555.6 570.8
390.1 395.5 414.6 443 457.3 485 515 548.1 571.8 604.6 645.1 662.6 692.3 712.7 724.3 737.1 747.2 744.4 745.2 744 752.5 769.3 792.2 843.3 873.2 907.8 935.9 963.1 984.4 989.3 956.8 929.8 910.3 891.9 883.7 872.1 850 839.3 822.2 801 781.1 767.9 747.9 727.3 713.6 693 644.3 605.6 574.4 552.3 546.5 538.8 539.9 546.6 557.7 571.3 585.7 602 619.7 638.8 660.1 696.7 723.9 707.6 650.7 631.7 625.6 609.8 584.3 546.6 529.9 537 539.9 549.1 551.8 555.6 563 574.3 593.1
369.2 378.1 405.1 422.9 446.4 469 498.5 526.1 555.6 596.7 627 647 676.4 697.9 713 722.1 732.3 725.2 724.9 723.5 733.2 746.5 771.5 816 851 886.9 922 955 982.8 990.1 961.1 934.2 910.6 887.4 875.9 859.2 843.7 825.2 810.9 789.4 774.4 760.3 743.4 719.4 701.4 688.1 663.9 619.9 598.5 587.3 577.2 565.8 572.4 577.7 589 611.2 619.4 637.2 655.3 675.9 703.3 731.6 715.4 680.5 638.3 627.3 606.5 583.4 564.1 542.1 545.5 550.5 560.2 578.5 574.6 581.3 596.8 608.1 620.4
357.5 370.7 382.8 405.1 430.7 458.8 481 506.6 543.2 578 616.5 630.8 662.9 683.1 698.2 706.7 710.4 703.8 704.4 701.2 709.8 724.7 757.5 793.3 838.6 879.2 912.2 948.1 974.3 992.1 976.4 952.1 927.5 907.6 886.9 865.3 847.4 825.2 805.7 785.8 767.5 755.7 748.1 728.1 708.1 681.8 664.1 646.2 628.2 624.8 611.3 605.2 604.8 610.3 623.7 649.6 660.3 691.6 694.6 713.9 735.5 717.8 690.5 664.6 628 603.5 589.3 574.9 553.7 561.5 567.9 575.1 582.1 592.6 612.2 624.9 641.2 651 661.7
345.8 359.9 376.8 397.6 418.8 443.8 467.6 487.2 516.9 554.4 591.8 615.5 640.8 666.6 683.2 681.3 679.6 676.5 677.7 677 689.9 711.1 743.1 782.4 829.1 866.6 903.7 940.3 966.2 984.4 990.8 982.1 959 946.5 931.3 891.7 860.8 839.6 811.1 791 770.2 761.8 750.9 729.1 701.8 694.4 673.7 665 657.9 650.2 645.4 640.7 642.6 657.4 660.7 685.9 707.2 729.8 751.9 767 732 700.3 673.8 647.1 617.3 590.4 575.8 566.3 562.9 573.9 590.6 596 601.1 622.5 646.9 665.5 682.6 694.2 692.5
333.5 348.7 367.4 387.9 406.7 426.1 451.6 472.6 502 536.6 570.3 585.5 626.9 640 636.7 641.8 648.6 642.7 648.8 642.7 674.3 699.4 731.5 773.3 816.2 857.2 897.1 928.1 954 968.8 976.6 976.6 971 956.5 948.9 942.1 903.2 877.8 825.2 801.1 783.3 768.3 756.7 740.4 706.1 695.8 691 678.4 677 671.9 671.5 668.5 675.5 688.6 706.9 723.4 743.3 769.8 794.9 774.2 739.5 717.1 691.3 673.9 635.8 595.6 600.2 574.2 577.5 585.6 602.5 610.2 619 654.8 685.7 714.8 718.6 718.5 689.3
324.9 340 355.3 376.8 397.7 416.8 442 459.4 485.9 533.4 550 568.4 596.6 598.9 604.7 607.5 618.4 618 623.7 637.8 660.3 687.6 722 760.9 802.8 843 880.5 911.3 934.4 948.4 957 956.8 945.3 933.7 923.1 920.6 921.5 923.3 850.9 822 806.4 789.9 764 747.6 726.1 714.7 699 687.6 686.6 687.6 687.2 686 706.2 720 743.4 771 788.8 813.4 805.2 771.6 766.1 741.1 733 692.8 656.7 611.5 641.6 603.3 606.5 616.1 619.1 623.7 635.2 667.2 702.1 739.5 743.8 713 686.8
317.1 329.8 348.7 369.4 384.9 406.5 432.8 448.4 474.7 508.7 527.4 555.9 561.1 570.6 578.7 583.4 593.9 594.6 600.4 617.4 646.1 680.7 712.2 747.2 788 824.4 860.3 888.3 908.2 928.7 940 938.2 925 910.7 889.9 885.7 894 901.8 889.8 849 828.5 810.7 795.7 781.6 765.4 752.2 728.2 709.5 704.9 706.4 718.6 730.6 742.6 750.5 779.3 811.7 835.5 835.3 801.6 780.7 778.6 758.5 739.9 710.8 661.4 646.4 644.2 646.7 661.2 654.7 635.6 633.7 646.9 675.5 711.9 749 742.7 715.3 695
312 324.4 334.2 356.6 376.8 391.2 412.1 437.8 468 500.5 517.7 533.3 542.3 551.7 555.6 562.1 570.9 574.7 580.5 593.9 635.5 667.3 700.3 742.7 774 805.4 836 861.9 885.5 906.7 920.4 919 908 889.1 872.7 862.9 860 876.8 873.2 866.5 856.1 838.4 829.1 824.9 809.9 798.1 760.8 747.8 733.5 741.2 754.2 793.7 784.4 794.9 821.3 843.6 860.6 852.5 817.1 800.5 779.2 760.3 739.4 704.1 664.3 678.9 674.9 680.5 686.8 656.2 650.3 653.5 670.2 692.4 721 755.3 736.5 716.1 694.8
308.5 317.1 327.4 343.7 367.4 379.8 402.2 425.9 461.2 489.1 499.3 518.5 523 536.5 536.6 542.2 550.3 550 560.4 596.2 628.4 654.5 688.8 728 753 782.7 810.5 837.1 866.9 885.4 899.9 907.7 895.5 875.7 856.7 842.7 833.8 836.5 847.9 847.4 843 838.5 836.3 829.7 824.2 818.7 807.7 783.9 779.1 792 806.7 826.4 850.2 827.7 861.2 883.9 889.3 858.3 822.3 805.4 773.3 755.2 725.2 704.5 690.6 694.3 710.3 696.5 676.3 677.7 685.8 688.4 708.5 720.2 744.3 764.9 734.6 713 695.1
305.1 313.2 320.9 339.2 355.2 374 389.8 409.2 450.2 469.4 481.6 519.6 507.7 514.3 522 523.9 526 520.1 557.3 586.9 612.6 644.2 668.7 704.7 728.2 755.4 784.3 814.9 842.7 864 880.9 890.3 883.7 868.4 840.4 819.3 811.9 804.9 808.2 825.4 823 821.1 819.3 813.2 812.9 817.9 824.1 829 835.3 849.2 859.9 886.6 894.3 897.8 882.8 897.1 891.9 860.6 828.7 812.4 786.2 760.8 736.3 716.2 711.2 716.3 705.5 698.2 703.4 719.1 720.9 726.7 738.4 750.9 786.5 767.1 736.6 714.9 691.1
303.5 308.1 316.3 333.2 346.6 369.1 378.9 396.7 429.3 452.6 464.5 480.1 487.5 500.7 498.2 505 504.6 518.1 546.7 570.9 599.5 624.9 653.2 681.5 704.8 731.8 764.1 789.7 818.9 843.6 862.9 870.2 871.2 862.2 830.5 806.9 793.7 790.9 788.3 779.4 785.5 793.6 799.2 793.9 795.8 798.6 803.9 814 824.9 839.3 855 869.2 877 882.3 881.4 879.9 879.7 868.9 837.9 807 786.9 765.3 745.6 727.3 724 716.7 720.3 727.1 740.5 753.1 758 763.4 775.3 803.6 807.7 772.1 749.2 718.4 693.5
307.8 302.9 312 323 341.7 358.6 364 384.6 417.4 433.9 444.2 457.6 472.7 482 481.9 487.6 480.1 509.7 529.8 551.1 577.7 604.2 630.5 660.7 680.3 708.4 740 764.5 794.3 817.6 837.5 847.6 852.7 847.4 822.2 798 782.4 767.7 760.6 755.9 759.5 757.5 771.2 770.9 776.4 778.1 775.1 784.4 799.3 812.4 823.9 839.6 852 858.6 860 863.1 867.9 872.1 842.3 808.8 782.9 763.1 752.5 744.6 730.6 742.5 756.5 763 773 783.7 789.6 803.5 832.6 821.3 799.2 772.1 747.7 723.7 704
307 301.2 307.1 315.4 333.8 344.5 350 370.5 406 413.8 427.6 445.9 458.4 459.9 466.4 466.7 468.5 489.4 506.3 527.9 552.6 581.5 608.9 636.3 658.8 683.1 713.1 738.2 769.9 789.7 808.3 822.5 830.9 828.9 812.8 785.3 770.3 747 736.4 730.1 732 734.3 734.9 738 745.4 756.2 755 754.9 765.5 778 791.4 806 822.5 833.2 839.4 848.8 859.9 867.7 853.8 822.8 787.9 763.8 752.9 746.4 746.8 767.9 782.6 791.3 809.3 819.7 837 856.1 838.5 798.9 775.9 756.7 729.9 717 704.1
308.8 300.9 302.4 310.8 322.1 326.9 335.8 373 396.5 390.7 405.5 432.3 447.3 442 438.8 442.4 450.7 467.2 478.6 503.8 528.2 555.9 583.2 612.3 638 661.1 690.3 712.1 740 758.3 774.5 788.6 802.4 808.6 801.3 774.4 759.2 737.6 721.4 719.3 721.3 716.3 716.6 715.8 722.9 724 729 728.2 736.2 747.9 757.7 770.4 792.7 809.4 822.9 838.6 855.7 868.9 850.2 821.7 798.9 778 762.5 761.9 769.7 790 809 830.4 855.9 871.2 882.9 870.8 825.5 791.2 763.7 743.1 719.2 701.8 683.4
310.9 301.3 298.2 304.5 312.6 316.9 325.5 350.8 367.6 381.5 394.3 419.5 428.8 424.4 415.5 414.5 426.6 442.5 456 480.5 504.6 533.9 563.5 593.2 616.7 639.2 665.9 686.7 705.4 724.5 741.9 754.6 773.3 782.8 779.5 761.1 743.9 726.6 708.5 696.1 691.3 701.3 694.2 692.1 697.6 705.8 707.7 706.3 711.3 721.2 729.7 743 767.5 787.9 812.9 834.2 855.4 869.5 863.9 834.8 806.8 787.6 784 804.9 818.6 832.3 860.3 898 907.8 903.7 893.8 870.7 828.1 789.4 758.6 732.4 712.1 686.8 668.9
311.9 303.7 294.4 302.7 303.9 306.7 319.5 335.1 353 364.1 375.3 392.1 412.2 410.3 397.3 390.9 404.9 417.7 438.1 460 482.8 515.9 548.5 576.4 599.5 618.5 640.7 660.5 681.5 696.2 712.3 729.4 742.1 751.7 756.1 745.5 732.2 714.9 697.5 678.6 679.4 675.3 664.3 660.4 674.3 687.7 687.4 682.5 689.7 701.8 709.5 718.8 739.8 775 806.1 833.5 856.7 872.8 885.7 858.9 835 823.8 822.7 832.5 853.2 867.5 913.8 923.4 918.6 910.5 891.2 866.8 835.3 794.5 755.1 727.4 696.6 670.8 650.2
315.9 306.8 296.1 298 298.2 300.5 309.6 320.8 344.5 351.6 356.8 369.4 386.6 382.2 376.2 379.1 381.8 398.3 418.4 439.6 464.9 497.8 529.1 554 576.5 594 613.5 636.5 652.7 666.7 687 696.9 712.6 718.1 719.9 722.8 723.3 700.8 684.1 670.7 667.7 656.1 648.5 641 655.3 665.3 666.3 665 673.8 681.9 690.8 707.1 738 772 804 833.5 856.3 877.4 893.7 899.6 907.6 872.5 855.1 870.2 880 905.6 940.6 929.7 916.8 905.3 884.7 857.4 831.5 805.5 761.9 726 689.7 663.6 638.5
322.1 311 301.4 293.7 297 296.5 300.3 318.4 333.1 331.9 335.3 335.6 341.3 352 342.5 349.4 360.5 376.1 396 412.7 438.7 472.4 504 529.3 548.3 562.4 577.3 608.1 624.7 637 652.6 665.1 676.9 696.7 692.6 698.8 704.7 687.1 674.4 664.5 645.8 617.5 617 624.5 643.2 643 647.2 651.1 654.7 659.6 680.3 707.3 737.3 770.3 802.7 831.7 854.8 876.6 897.1 914.5 920.6 904.4 888.7 908.1 919.7 945 952 934.9 910.7 896.6 874.3 848.9 823 794.7 753.7 724.2 691.1 661.9 632.7
320.8 310 301.5 295.7 289.7 291.2 296.1 310.1 325.3 319.6 315 327.7 326.4 323.7 329.6 331.7 340.6 355 371.5 385.2 413.4 442.5 479 494 515.9 524.2 543.8 565.4 590.6 603.2 617.9 628.7 650.4 659.2 667 668 675.4 673.6 662.3 647.8 637.8 612.8 599.4 606.6 629.4 625.7 627.6 630.2 636.9 648.2 677.7 701.6 734.9 767.4 801.1 827.5 850.6 874.1 899.6 912.4 922.4 929.9 925.8 946.6 967.8 970.3 959.4 937.4 909.2 882.8 862.6 834.7 807.1 776.6 752.3 723.2 698 662.8 634.5
318.7 312.4 302.4 297 293.4 291.9 291.3 308.8 314.6 307.7 298.9 313.7 315.4 310.4 315 313.3 325 333.5 351.3 364.5 386 415.1 445.3 457.9 477.1 492.2 509.3 527.2 553.1 563.8 580.5 597 611.8 627.1 636.7 639.9 640 646.3 641 630.3 616.7 601 579.3 591.5 612.8 609.8 608 608.1 614.9 639.6 667.6 692.7 726.9 759.9 794 819.8 843.6 869.1 885.9 896.7 906.1 919 939.5 965.8 978.8 970.9 954.4 922.7 889.8 867.3 849.1 820 793 768.3 743.5 723.2 706.4 679.5 640.8
317.3 308 302.3 297.7 294.6 297.6 290.1 298 311.6 297.8 291.4 297.3 307 297.3 298.9 305.8 312 321.8 332 344.7 365.8 389.7 416.4 429.1 444.5 455.6 471 492.1 514 525.3 541.9 558.6 575 592.6 603.2 607.3 620.5 616.2 616.5 615.1 605.5 574.8 558.9 581.2 588.5 587.6 584.3 582.7 602.4 626.3 654.3 681.1 714.5 747 781.3 806.9 829.3 854.9 865.9 873.5 884.6 903.1 927 953.5 969.3 960.2 947.2 908.7 881.3 860.7 835.9 811.9 783.3 763.7 737.4 715.9 710.1 673.2 641.5
313.8 307.1 300.4 295.9 294.3 293.1 295.1 292.7 300.9 291.5 284.8 293.5 294.3 288.1 291.5 296.2 300.7 310 312.1 324.2 346.1 369.3 389.6 402.8 416.7 425.3 440.9 460.6 475.9 492.3 512.1 524.3 537.4 555.8 566.2 574.4 585.4 590.7 589.7 597.1 584.2 560 549.4 562.7 581.3 576.7 564.5 560.1 587.5 613.1 640.4 671 706 738.5 766.6 790.8 812.5 835.2 842.5 847.8 862.2 884.5 913.2 938.3 955 953.4 934.2 899.1 869.4 853 826.9 803.8 784.1 762.3 730 720 719.2 688.5 656.7
320.4 313.3 307.9 299.4 292.5 289.2 290.6 287.3 291.5 286.5 283.3 284.2 291.6 283.5 284.9 287.8 288.9 293.4 298.6 306.7 326.2 350.8 367.8 381.9 393.4 397.3 409.9 429.3 446.1 457.8 476.5 501.4 502 515.4 532.1 546 555.4 558.7 558.6 563.8 561 542.1 534.6 547.3 564.3 561.7 548.2 551.9 575.9 603.3 629.4 660.7 692.9 722.1 752.7 778.5 785.4 810.4 813.8 820.8 838.9 866.8 897.9 921.2 934 938.4 926.2 890.2 864.3 839.9 820.2 799.4 790.4 772.3 753.9 743 735.2 707.2 684.2
328.7 320.4 312.8 305.6 296.9 290.6 286 284.6 288.2 283.6 283.1 281.9 283.3 278.8 280.3 281.2 280.4 283.3 285.5 293.7 312.7 329.9 340.7 350.3 362 378.3 386.6 399.6 411.3 427.3 445 468.7 478 481.3 495.4 514.3 520.9 530.2 533 531.6 532.3 518.5 521 529.8 544.7 545.6 531 546 568 592.5 620.4 648.8 678.2 710 740.2 752.9 760.8 782.9 785.5 796.7 822.7 854.3 884.8 902.6 910.7 910.5 907.9 912.5 870.8 847.5 826.9 815.3 804.7 795.8 785.8 775.6 767.5 754.6 726.6
336 329.6 321.8 312.1 303.9 297.8 290.4 284.6 282.8 286.1 280.6 280.6 278.3 275.5 276.6 277.3 275.5 276.2 276.5 282 296.6 318.3 327 328.2 339.5 350.2 360 377.6 390.1 401.2 422 434.3 453.3 455.2 465.6 483.5 490.6 500.7 509.8 516.5 503.8 495.9 494.9 507.7 530.2 530.7 514.8 534.1 555.7 580.3 605.8 639.9 667.9 698.5 725 729.7 730 748.2 757.8 779.7 810.9 842.1 868.4 885.6 892.5 887 876.8 892.6 893.3 875.8 855.5 838.4 839.6 847.6 860.9 821.1 836.1 777.9 748.2
347.4 338.3 332.4 325.6 313.7 303.2 295.9 291.5 285.1 278.4 274.8 271.6 273.3 271.7 274.8 274.6 272.6 273.9 272.4 274.8 282.3 295.4 306.5 310 320.6 333.8 341.6 357.2 370.3 381.4 393.2 405.6 420.6 428.2 440.1 456.3 466.6 477.3 483.5 497.2 493.6 465.1 467.6 497.7 516.6 513.6 501.3 529 548.8 569.5 598.3 631.9 660.7 689 708.2 706 704.9 725 736.4 763.5 800.4 829.8 849.7 863.9 872.5 861.5 852.7 858.9 871 881.1 898.4 889.7 890.6 901.7 887 879.7 834.8 797.7 766.2
360.7 351.7 344.1 332.6 326 315.7 305.5 297 290.1 283.8 283.1 278.1 271.5 268.4 272.8 272.3 270.5 271.1 269.6 269.2 274.9 281 292.6 299 310 317.4 325.8 342.2 355.4 363.7 378.1 387.8 399.1 408 413.5 428.3 437.9 444.7 457.8 474 463.2 432.7 462.3 490.5 504.3 496.7 497.8 515.6 538.7 563 588.5 625.7 651.3 678.5 693.2 683.6 685.1 701.3 722.6 760.2 792.9 812.7 828.8 841.4 843.8 836.2 828.1 827.8 843.1 846 858.4 878.2 889 896.8 897.5 904.8 854.1 808.6 782
374.4 366.1 361.5 354.2 344 332 317.1 306.5 297.5 289.1 283.2 279.1 279 274.1 268.4 268 266.7 266.7 267.4 267 267 272.2 282.8 287.3 300 306.3 311.8 323.6 340.1 345.8 364.2 364.8 372.8 382.7 391.5 405.1 412.3 423.9 431.9 444.6 439.3 423.1 455.2 473.7 488.9 483 486.5 511 531.2 554.1 586 615.8 646.2 666.4 677 656.2 662.4 682.4 719 753.9 777.6 792.8 806.4 816.9 814.5 811.4 805.8 805 810.8 818.4 827.7 844.8 858.3 872.6 872.5 886.5 885.1 849.5 809.3
400.1 389.3 383 372.7 366.7 352.3 334.8 320.2 305.7 297.2 291.1 285.2 280.4 277.8 276.4 273.1 271.4 269.9 267.3 265.6 265.4 266.6 279.4 278.6 286.8 296.9 298 310.7 321.1 330.9 342.1 357.2 353.1 363.1 374 386.7 394.5 404.1 410.9 423.5 411 419.1 443.5 462.7 470.1 467.6 480.3 501.6 525.3 547.9 580.9 609.1 635.8 652 658.4 629.2 638.8 672.1 711.5 740.6 756.4 767.4 773.9 782.1 782.4 781.3 770.8 770.6 773.7 785.4 797.3 810.5 827.6 840.4 842.4 854.8 863.8 862.4 854.6
424 413.7 402.3 393 383.7 367.6 349.2 339.6 319.7 310 301.6 293.7 286.6 283.9 281.2 277.5 275.6 272.8 269.9 268.3 266.3 264 269.4 270 277 289.6 285.3 297.5 309.4 313.3 322.2 339 340.5 345.3 357 366.2 378.9 387.2 395 402.3 390.6 418.5 435.5 449 456.7 448.2 471.5 490.1 514.5 542.1 572.4 601 622.5 636.3 637.1 600.1 632.2 664.9 697.5 722.3 733.3 736.4 731.2 747.3 750 748.7 744.6 737.9 739.6 747.6 765 778 796.7 811.9 810.2 820.7 833.2 835.7 837.1
