WholeMapElevations/data/nc/nc93_OST50GRID_20230518/NC93.asc
ncols 200
nrows 200
xllcorner 290000
yllcorner 930000
cellsize 50
[rows 70 to 104 of 200, columns 0 to 77 of 200]
176.7 179.4 183.3 186.9 190.9 193.1 194.8 197.5 202.1 205.8 209.2 217.3 227.4 236.1 244.9 255.1 266.9 280.8 297.3 316.6 330.1 342.3 353.8 363.6 371.1 377.4 383.1 388.5 392.9 397.5 398.5 397.6 397.1 397.5 396.9 396.5 396.5 396.2 394.5 391.9 389.2 389.7 388.9 390 389.9 388.9 384.9 381.6 378.8 376.4 372.4 365.4 369.4 374.9 377 378.5 378.3 378.6 378.4 378.1 376.6 376.7 379 380.5 382.9 383.1 384 383.3 381.4 381.8 380.5 380.8 380.7 380.1 378.4 378.8 379.1 378.3
177.8 181.2 184.8 187.2 190.8 194 195.7 200.1 204 207.6 212.5 219.2 228.7 237.2 247.2 257.9 270.8 286.2 306.3 325 337.4 347.7 355.8 363.9 371.5 376.6 382.9 386.9 391.8 397.2 398.9 399.3 399.1 398.4 397.4 397.1 397.2 397.1 395.7 393.3 391.9 391.2 391.8 391.8 391.8 390.1 386.7 383.4 380.2 377.7 373.5 368.3 373 378 380.7 382.1 382.3 382.7 382.5 382.4 380.1 379.4 382.3 384 384.4 385.9 385.8 385 383.3 383.2 383.1 383.5 383.1 382.2 379.9 380.4 380.6 379.7
178.2 181.8 185.4 188.1 191 193.6 197.5 201.7 205.4 209.8 215.5 223.5 231.7 238.4 248.8 263.4 279 294.9 315.9 330.9 344.1 354.7 361.3 366.4 372.2 378 383.3 386.8 392.1 395.8 397.6 399.5 400.1 400.5 399.9 398.7 397.6 397.7 396.8 395.7 394.1 392.6 392.6 393.7 393.2 392 388.7 385.4 382 379 373 372 377.4 381.3 384.1 385.4 385.7 386.7 385.5 384.4 381.8 381.9 384 386.4 386.7 387.2 387.5 386.5 385.7 385.1 384.3 385.4 384.8 383.1 382.1 381.4 380.6 380.8
177.8 181.5 185.2 187.5 190.1 193.1 197 200.9 206.1 211.1 217.4 225.4 233.2 242.2 255.8 273.4 289.1 305.8 323.7 337.4 349.9 360.1 365.5 370 374.3 378.3 382.8 387.2 390.7 394.3 396.7 399.2 401.4 402.5 402.1 400.5 399.3 397.8 396.9 396.2 395.5 394 393.9 394.1 394.1 392.8 390.9 387.1 383.3 379.4 374.7 375.7 380.2 384.6 387.4 388.4 388.5 388.1 387 385.9 384.7 384.9 386.5 387.8 389.6 389 389.2 388.1 387 386.9 385.5 385.4 385.4 385.1 384.2 383.9 383.6 382.5
177.1 181.2 184.5 187.1 189.3 193.1 197 200.7 206.6 212.4 218.9 227.4 237 249.2 266.6 284.4 298.7 313 327.9 340.9 354 362.1 367.3 372 376.9 381.2 385 387.4 390.3 393.4 397.7 400.8 402.8 404.2 404.2 402.5 401 399.6 398.4 397.4 396.5 396 395.7 395.3 394 392.2 390.3 388.1 384.7 379.6 375.8 380 385.2 388.2 390.4 391.2 391.9 391 389.8 387.8 387.5 387.7 389.3 390.2 391.4 392 391.6 390.6 390.1 388.8 386.9 386.5 386.5 386.7 386 385.2 385 384.1
177.6 180.6 183.8 187.6 190.1 194 198.4 203.6 209.7 214.9 221.8 230.9 241.5 256.5 273.7 290.8 305 318.5 331.4 343.4 355.8 364.3 369.4 374.5 379.2 383.4 387.1 388.4 390.4 392.9 397.3 401.3 403.8 404.7 404.6 404.2 403.3 401.8 400.7 399.7 398.6 396.7 396.6 395.4 393.6 391.7 389.8 387.8 385.1 380.7 378.7 383.1 388.3 391.5 393.9 395 395.7 393.4 391.4 389.9 389 389.7 390.9 392 394.1 394.4 394.1 393.9 392.2 390.5 389.7 388.1 386.3 385.6 386.3 385.1 384.5 384.4
179 181.1 184 187.5 191.1 194.5 198.9 203.8 211.6 218.6 225.8 233.7 245 260.5 277.7 295.1 308.8 321.2 333.5 344.2 355.3 365.8 371.4 376.8 382.2 386.4 388.1 388.8 390.3 392.5 396 400 402.7 403.6 404.1 403.9 402.9 403.1 403 402 400.3 398.4 397.3 395.1 393.1 389.9 388.8 387.7 384.3 382.2 383.1 386.2 391 394.1 396.4 398.5 398.8 397.3 395.1 393.2 392.5 393.1 394.4 395.5 397 397.9 397.7 396.7 394.9 393.7 391.4 388.6 387.7 387.6 386.3 385 385 384.8
180.1 182.2 185.3 189 193.1 195.8 200 203.8 213.2 221.5 228.8 236.9 248.1 262.9 281.2 298.2 310.4 321 333.5 346 355.1 363.3 370 376.9 383.7 386.7 387.9 388.6 389.7 391.9 394.8 397.9 400 402.2 403.3 403.1 402.7 403.3 404.2 403.5 401.9 400.2 397.9 394.9 391.3 389.3 388.6 386.9 384.6 385.4 386 389.3 393.5 396.1 398.4 400.1 400.4 399.4 398.4 396.5 395.9 396.7 397.7 398.8 399.7 399.3 399.6 398.4 398 396.4 393.5 391.2 389.6 387.5 386.9 385.2 385 384.7
181.7 183.5 186.2 189.1 192.7 197.8 201.4 204.7 213 221.4 229.3 241.3 251.2 264.4 279.2 299.3 311 320.8 331.9 342.5 351.3 358.9 366.8 374.7 381.3 383.9 385.8 387.2 388.3 390.7 393.4 395.9 398.2 400.1 402 403 403.5 404 404.8 404.3 403 401.2 398.6 394.2 389.9 390.4 389.3 388.2 387 388.3 387.5 390.8 395.2 398 399.8 401.2 402.1 402.2 401.3 400.1 399.3 400 400.3 401.5 402 401.3 400.9 399.8 398.7 397.8 397.2 394.4 391.5 389.3 387.8 385.3 384.9 384.6
183 184.7 186.4 189.8 193.9 199.3 202.9 205.6 214.4 224.1 231.5 243.9 254.4 264.4 277.6 295.2 306.6 315.8 323.3 331.5 340.8 350.7 359.8 368.2 375.5 379.1 381.5 383.3 384.6 388.4 391.3 394 396.5 398.2 399.7 401.7 402.9 403.9 404.9 404.5 403.2 402.3 399.9 395.4 393.9 392.1 391.8 391.1 391.1 389.4 389.7 392.4 396.8 400.3 402.9 404.1 404.7 404.7 404.1 402.9 403 403.4 403.3 403.9 403.9 402 401.4 400.1 399.2 398.3 396.9 396.3 393.6 390.9 388.8 387.1 385.4 384.8
182 185.3 187.1 190.4 193.8 199.7 204.7 209.2 217 225 233.3 243.8 253.8 263 274.8 288.1 296.9 303.4 310.4 317.7 326.6 336 345.7 356.1 363 370 374.1 376.8 378.8 383.2 388.4 392 395 397.4 399.2 400.5 401.8 402.9 403 402.2 403 402.6 400.9 399.1 399.5 398.2 397.4 396.2 395.3 393.2 393 394.8 400 403.4 405.9 407.2 407.4 407.1 406.8 405.9 406.3 405.8 405.6 405 405 403.9 401.4 400.4 399.8 399.1 397.3 396.4 394.6 392.1 389.4 387 385.6 384.2
184.1 186.8 187.4 190.9 194.8 199.2 205 210.7 219.5 226 233.5 241.5 250.4 259.4 268.1 274.9 282.1 288.4 294.6 303.5 314 323.2 332.6 341.4 349.1 356.7 361.7 365.4 370 377.9 382.9 388.3 393.7 396.3 397.7 399.4 400.4 401.5 403 402.6 401.1 403.2 402.9 401.7 402.9 403.5 403.2 402.6 401.3 399.1 400 401.4 405.3 407.6 409.4 410.6 411.3 411.1 409.5 408.5 408 407.5 406.9 406.6 406.1 404.8 402.2 400.4 398.7 397.8 397.1 396.1 394.2 392 390.4 387.7 387.5 386.5
186.1 187.9 191.5 192.6 193.2 197.8 204.7 210.6 216.5 221 227 233.4 238.4 241.7 250.1 257.5 263.3 265.3 269 280.4 293.8 304.4 317.6 328.6 336.6 343.5 348.1 354 362.6 372.2 381 387.2 391.9 395.5 396.8 399 400.8 402.6 402.2 402 401.5 403.5 404.8 404.2 405.8 407.7 409.7 409.3 408.7 408.9 408.9 409.1 410 412.2 413.9 415 415 416 415.3 413.2 410.8 409.2 408.1 407.4 405.8 404.2 402.6 401.1 399.9 398.8 396.7 396 393.7 391.9 391 388.7 388 387.7
189.5 192.6 194.1 195.5 195.9 198.9 201.3 205 208.4 212.8 217.3 230 238.9 246.4 255.4 265.2 274.7 283.8 290.3 295.7 294.5 291.3 304.2 313.4 319.7 323.6 329.2 337.4 354.9 367.6 379.1 385.9 392 395.3 397.6 399.5 400.5 403.3 403.1 403.7 404.3 404.6 407 407.6 409.4 411.3 414.3 416.5 417.6 417.4 417.4 416.6 414.6 417.5 418.3 419.3 418.6 420 420.1 418.5 415.5 413.2 411.2 408.9 407.3 405.7 404.7 403 401.5 399.5 397.4 395.4 393.8 392.8 390.7 389.9 387.2 386.9
194 197.6 197.3 197.9 197.6 201.5 204.7 208.5 213 216.5 221 230.6 241 251.2 260.6 274.5 287.3 298.4 306.3 311.8 313.4 313 313.2 318.1 323.3 331.9 335.1 344.2 358.7 370.3 379.9 388.1 392.8 396.5 397.8 399 402.1 403.4 405.3 405.2 406.9 408.7 410.3 411.3 413 415.7 418.7 420.7 422.8 424.3 424.7 424.5 421.1 421.9 422.7 422.7 422.3 423.4 423 421.6 418.8 415.1 413.6 411.2 409 407.2 406.3 405.3 403.8 401.8 399.7 397.8 396.1 393.5 391.6 389.3 388.3 387.1
198.6 201.9 200.7 199.4 199.9 202.3 206 209.7 214.7 220.9 228.8 235.7 242 253.9 266.8 279.4 294.5 305.6 316.5 324.7 329.9 332.4 332.8 336.6 340.8 348.6 353.9 351.7 353.1 369.7 380.8 389.5 394.5 397.3 400 401.8 402.6 405.2 406.4 406.9 410.2 411.7 413.4 414.9 416.1 419.5 422.7 424.7 427 428.3 429 428.7 428.1 426.3 425.6 425.5 425.6 426 425.8 424.3 421.5 418.7 416.5 413.7 411.4 409.7 408.1 406.8 405.4 403.7 402 400.1 398 395.8 393.3 391.2 389.6 387.5
202.1 206 203 200.7 200.3 202.6 206.7 213.5 218 226.5 234.6 241.4 249.4 258.5 270.9 286.3 299.5 311.9 322.4 332.8 339.8 346 350.4 353.4 357.1 360.5 362.8 364.2 361.7 370.1 381.9 390 395.4 397.9 400.5 403.5 404.4 406.5 407.8 410.1 412.7 414.8 416.5 417.9 420.5 423.3 426.2 428.1 430.5 431.7 431.2 431.7 431.2 429.7 429.5 428.3 428.6 428.1 428.7 426.5 423.1 420.4 417.1 415.1 414 412.3 410.3 409 407.2 405.4 404 402.4 400.1 397.2 394.3 392.6 390.4 388.3
204 207.6 204.6 201.2 201.7 204.5 211.4 218 222.3 230.3 239.4 248.1 256.3 268.1 278.7 288.1 303.2 315.2 326.6 337.6 346.7 354.1 360 364.1 366.1 368.3 370.6 371.8 368.9 374 383.2 390.5 396.5 400.3 403.2 404.8 405.7 407.2 409.2 412.6 415.6 417.3 419 420.2 423.5 426.3 429.1 431.4 433.1 433.9 434.3 435 432.5 432.3 430.6 430.1 428 428 428 427.1 424 421.2 417.9 417.1 415.6 414.1 412.6 410.9 409 407.1 405.9 404.6 401.8 398.7 395.8 393.1 391.2 388.9
206.6 209.3 204.8 201.9 203.4 210.6 219.2 225.3 233.9 242.1 247.9 254.6 265.9 279.3 289.1 298.4 301.3 318.1 329.3 340.7 350.3 359.2 365.4 369.3 372.8 374.4 376 378.2 378.3 375.6 383.1 390.3 397.5 401.5 405.3 406.5 408 409.5 411.7 414.5 417.6 419 421.3 423.5 426.1 428.7 430.9 433.4 435.7 436.8 437 436.4 435 434.1 432.4 430.7 429.1 428 429.1 427.4 424.9 421.8 419.8 418.1 416.4 414.7 413.2 411.1 411 410.1 408.2 406.5 403.6 400.5 397.4 393.5 390.9 389
207.6 208.4 203.9 204.6 211.4 219.6 228.5 233.5 241.7 250.8 257.9 265.9 274.8 287.3 297.8 308.3 316 324 332.7 344 353.2 361.5 368.3 372.7 376.3 379.1 382.1 384.1 385.4 381.5 384.4 390.5 396.3 402.6 406.6 409.2 409.7 412.4 414.6 416.2 418.4 420 423.6 424.8 427.6 430.5 432.2 434.8 437.4 438.3 436.8 437.5 434.4 434.3 432.6 430.7 430.1 428.7 426.9 425.8 424.9 422 420.9 418.8 416.7 415 413.9 412.5 411.2 410.3 409.3 408 404.6 401.2 397.9 393.6 390 386.8
208 207.4 205 210.9 216.9 225 233.9 241.3 248.2 255.6 264.2 272.4 282.5 295.4 305.9 317.3 326 334.3 339.9 346.5 355 362.5 368.5 374.1 378.5 382.8 386.1 389 391.1 391.8 389.8 394.4 399.2 403.6 407.9 410.8 412.9 413.8 416.7 418.8 420.2 422.2 424.7 425.3 428.2 429.7 432.4 435.2 437.5 437.3 438.4 436.1 435.1 434.1 432.6 431.2 429.7 428.5 426.1 425.1 424 424.2 421.9 419.9 417.1 415.4 413.3 411.3 410.6 409.8 408.6 407.4 404.7 401.4 397.9 393.2 389.5 386.3
206 207.2 209.7 215.8 222.1 230.9 238.3 246.5 251.7 260.5 270.1 278.5 289.4 301.1 312.5 324.3 334.7 342.5 348.8 352.5 354.3 362.7 368.5 374 379.9 385.8 389.7 393 394.9 395.6 393.3 396.1 400.4 405.4 409 412.5 414.7 416.8 417.2 419.6 421.3 422.6 424.8 426.5 428.3 430.1 431.2 432.6 435.8 436.6 436.2 436.2 435 433 431.8 430.9 429.5 427.9 425.7 424.6 424.1 424.1 423 420.7 417.7 413.9 411.4 411 410.1 408.9 407.8 406.5 404.8 400.6 396.4 392.4 388.4 386.7
201.5 207.1 211.7 218.7 226 233.4 240.7 250.4 257.7 265.2 275.4 285.6 297 308.6 320.4 331.1 341.7 348.9 354.2 357.6 361.7 365 369.5 375 381.5 388.2 393.5 397.1 398.6 398.8 397 398.2 402.8 406.9 410 413 415.8 418.5 419 420.7 420.3 422.9 424.1 425.7 427.9 431 432.2 433.4 434.7 434.2 434.9 434.3 433.5 432.6 431.1 430.3 429.3 427.1 426 424.4 423.9 423.6 422.8 420.8 417.6 415 412.6 410.7 408.7 407.1 406.1 405.1 402.7 398.6 394.3 388.9 389.6 389.3
200.1 208 214 221 227.6 235.4 244 253.3 260.4 269.8 280.4 290.8 302.2 314.4 327 338.7 347.3 354.2 359.3 362.6 366.5 369.7 373.3 377.3 383.7 390.7 397.3 401 402.5 402.3 399.9 400.5 404.4 408.8 412.1 414.5 416.6 419.7 421 421.8 422.6 424.1 424.8 425.3 428.3 430.2 431.3 431.5 432.7 432.9 433.9 433.7 433.2 431.9 430.6 429.6 429 427 426.1 425.1 422.5 421.2 420.4 420.1 416.7 414.7 412.5 410.4 407.4 404.5 404.1 402.9 400 394.8 391.1 392.7 392.2 388.6
200.8 207.7 216.2 223.9 230.3 237.8 247.7 257.5 264.7 273.8 283.9 294.4 307.4 319.4 332.1 344 353 359.2 364.2 367.4 371.3 374.7 378.6 382.7 386.2 393 400.3 403.8 405.4 405 402.9 405.2 407.3 411.4 413.8 415.7 418.2 420.6 421.2 422.8 423.7 422.7 423.9 426 427.7 429.6 431 432 431.9 431.6 432.1 432.2 432.6 431.5 430.8 430.5 428.9 426.9 426.1 425.1 423.7 421.9 420.2 418.4 415.9 412.4 410.9 408.1 404.6 401.9 400.1 398.7 399 398.6 397.7 396.4 394.2 390.6
203.5 208.6 216.2 224.4 232 240.4 249.7 259.5 268.3 277.3 287 298.6 312.2 324.7 336.5 348.3 357.3 364.2 368 372.4 375.8 380 384 387.4 390.6 396 401.6 405.3 407.2 406.7 405.2 408.3 410.7 413.6 415.5 416.8 419 422.2 423.4 424 424.1 424.7 424.5 426.7 427.5 428.8 430 431.8 431.3 430.4 430.4 430.4 431.5 431.2 431 429.9 428.6 425.7 425.1 424.5 423 420.6 419.4 417.4 415 413.1 408.8 406.7 403.4 404.5 403.6 402.4 403 402.5 401.1 399.7 396.1 392.4
204.7 211 219.1 226.4 233.5 242.2 252.4 261.8 271.6 281.2 290.8 304 317.1 329.9 342 351.7 361.3 368.5 372.5 376.8 380.7 384.7 388.7 392.1 395.8 399.2 401.9 405.9 407.5 408.6 409 409.5 410.8 414 416.1 417.1 418.7 422.8 424.2 424.4 424.7 425.5 424.7 427.8 428.8 427.9 429.8 430.3 431.7 430.8 430.4 430.4 431.2 430.7 430.2 429.2 427.6 426.3 424.5 422.4 419.9 417.9 417.3 414 412.9 409.8 408.4 408 408.4 407.9 406.2 405.9 406.1 405.8 404.3 401.6 397.6 393.5
204.9 210.1 218.7 226 234.8 244.2 254.5 264.8 275.9 285.7 295.3 307.1 321.2 333.9 346 356.6 366 372.4 376.4 379.9 384.2 388.3 393 397.8 400.1 402.3 402.9 406.2 407.7 409.9 410.5 412.2 413.1 414.7 417.1 417.7 420.2 423.2 424.5 424.9 424.7 426.8 425.6 428.7 429.2 429.1 430.9 430.8 431.5 431.5 431.5 431.2 431.5 430.9 430.9 430.2 428.1 427.7 425.3 423.5 422.3 420.6 419.4 416.7 416.3 412.6 410.7 411.9 410.5 410.9 409.4 408.4 408.3 407.3 405 401.9 397.3 394.9
205.9 211.5 219.6 227.1 236.6 244.8 255.7 267.6 279.2 289.9 299.5 310.1 325 337.9 349.9 361.1 370 375.9 380.3 383.2 387.6 392.3 397.8 402.1 403.9 404.7 406.2 406.9 409.4 410.5 413.7 415.9 416.1 417.2 418.5 418.5 421.1 423.7 424.5 425.6 425.8 427 428.9 429.5 430.4 431 431.9 431.6 431.6 431.5 431.5 431.6 431.5 431.5 431.5 430 429 428.6 426.9 424.6 423.2 421 420.3 419.4 418 414.7 415.3 415.3 414.1 412.9 412.3 410.9 410.1 409.1 405.8 402.2 400.2 397.6
208.4 212.4 222.1 232.2 238.1 245.4 258.3 270.7 281.8 292.6 303.1 314.1 326.4 340.8 353.3 364.5 373.5 379.9 383.5 386.7 390.9 395.9 401.1 404.8 407.3 408.3 408.2 407.8 410.2 411.5 414.4 416.4 417.3 419 420.2 420.3 422.7 425.2 426.6 426.9 428.1 427.5 429.7 429.2 430.7 430.5 431.9 431.9 432.1 431.8 431.9 432.6 432 432.1 431.9 430.1 430 428.3 426.4 425.3 423.3 421.7 421.4 419.8 418.9 418.1 419 418.7 417.7 416.5 415.3 414.8 412.8 410.5 407.4 404.4 402.3 401.4
216.1 220.6 228.1 236.3 242.9 251.6 261.6 272.6 283.6 294.2 305.8 317.4 329.7 343 356.1 367.2 375.8 382 386 389.5 393 397.9 402.9 406.9 408.2 406.8 407.4 406.8 410.6 412.2 414.8 417.1 418 420.1 422.2 423.8 424.8 426.7 428.1 428.2 428.6 430.1 429.2 429.9 429.9 431.5 432.1 432.3 432 433.1 432.1 431.8 431.8 432.8 432.1 431 429.6 429 425.8 424.8 423.9 422.4 422.3 420.5 420.2 420.7 420.1 420.2 420.3 419 416.6 415.5 415.1 413.1 410.8 407.7 406.3 405.7
219 226 231.2 238.4 247.7 255.8 266.1 274.6 286 298.2 308.8 320.6 332.9 345.6 358 368.9 377.3 383 387.2 390.6 393.8 398.1 404.1 406.4 408.1 406.8 406.8 408.1 410.9 412.5 415.6 417.7 419.1 421.7 424.6 425.5 425.8 427.1 429.1 429.4 429.3 429.9 429.8 430.4 429.8 431.7 432.3 433 433.5 433.6 433.3 431.8 431.8 432 432 431.5 429.7 429.3 427.4 424.3 424.1 423.3 422.6 421.3 421.1 420.9 420.9 419.9 420.8 420.3 419.1 417.9 416.4 414.6 412.5 411.3 409.9 409.1
219.9 226.5 233.3 240 249.8 259.3 268.4 277.5 289.1 301 311.9 323.8 335.5 347.5 359.3 369.9 377.2 382.1 387.2 391.5 394.6 397.8 402.9 405.4 407.4 407.1 406.8 408.8 410.1 413 415.2 417.5 420 422.3 423.6 426.1 427.1 428.4 429.4 428.9 429.4 430 430.9 431.1 430.1 431.7 431.7 432.8 433.3 433.5 433.7 433.3 432.6 431.8 431.9 431.2 430.7 429.7 428.3 426.3 424.4 423.2 422.8 422.3 422.3 421.7 421 421.1 420.8 420.5 419 418.5 417.4 416 413.5 412.6 411.1 410.2
219.1 225.1 233.6 241 249.7 259.6 269.7 280 291.2 302 314 324.7 335.9 347.8 359.6 367.9 375 380.2 385.6 390.4 394.4 398.3 401.5 404 406 406.1 407.4 408.3 410.6 412.5 414.4 416.8 418.7 421.5 423 425.1 427.7 428.9 429.7 429.9 429.9 430.9 431 430.4 430.4 431.7 432.8 433.4 433.9 433.9 434.1 434.1 432.9 432.8 433 432.7 430.6 430.2 428.5 426.6 425.2 423.1 422.7 421.9 421.9 422 421.1 420.5 420.5 420.8 419.7 418.3 417.3 416.5 415.1 412.8 411.8 410.9
220.6 220 230 239.2 248.5 258.9 269.7 278.9 290.3 303.3 313.3 324.8 335.7 347.6 358.1 365.7 372.3 378.2 383.5 388.5 393 396.6 399.8 401.9 403.9 405.8 407.2 408.9 410.2 412.5 414.5 416 417.5 420 423.5 425 426.7 428.7 429.4 430.1 429.7 430.9 430.8 429.8 429.2 429.2 431.7 432.7 434.3 434.4 434.4 434.1 434.1 432.7 433.2 432.5 433 430.9 428.8 426.8 425.6 423.4 421.6 420.9 421.1 420.8 420.6 421.6 421.1 420.4 419.1 417.6 416.6 415.8 414.9 412.9 411.9 410.2
