UK/data/sn/sn76_OST50GRID_20230518/SN76.asc
ncols 200
nrows 200
xllcorner 270000
yllcorner 260000
cellsize 50
[rows 35 to 69 of 200, columns 0 to 77 of 200]
205.5 206.2 214.1 230.7 246.8 257.6 271.9 274.5 275.2 270.9 262.3 260.9 261.6 267.5 277.1 281.5 280.4 275.9 271.2 260.9 253.8 250.3 256.1 255 253.2 246.2 244.7 246 244.7 236.8 229.4 223.7 219.5 216.5 214.3 212 208.3 204.3 194.4 187.1 189.1 199.2 203.8 206.1 207.4 207.4 208.4 211.4 212.3 213.4 217.2 219.2 224.6 232 232.2 228.9 229.6 236.5 246.4 251.7 247.9 242.6 242.2 243.2 244.7 250.1 252.5 254.1 256.8 259.2 260.7 263 265.1 266 268.5 271.1 273.1 276.6
204.8 207.1 219.5 247.2 267.1 272.7 271.7 270.6 266.9 262 258.6 260 262.6 273.9 281.7 281.7 277 270.1 262.6 252.6 247.8 244.6 245.9 241.9 239.7 239.7 237.2 236.7 234.4 230.5 226.3 220.9 215.2 212.2 210.1 208.3 205.1 198.4 186.9 186 196.4 201.5 205.8 208 209.1 209.7 212 215.6 215.4 217.6 221.4 224.8 232.9 235.6 232.8 230.7 232.4 240.5 249.8 254.1 250.2 244.6 244.7 245.5 249.6 251.8 254.1 256.2 259.8 261.1 262.7 265.1 268.3 269.1 271.8 273.4 274.6 276.8
204.9 211.3 228.1 253.7 266.1 267.1 265.5 263.2 259 257.2 257.1 260.6 267.4 278.7 281.3 277.8 269.6 259.8 252.4 245.5 239 237.2 236.1 234.9 235.7 234.6 232.8 232.1 230.4 225.8 221.7 216.4 211 207.9 206 203.2 198.9 190.7 184 188.8 196.8 202.6 206.2 208 209.7 211.6 214.3 217.4 217.7 219.4 223.6 232.3 234.8 233.5 231.1 230.3 233.6 241.8 249.4 249.9 246.4 244.4 245 246.5 248.6 251.4 254.5 256.6 259.3 261.5 264.6 266.9 269.7 271.7 274.9 276.3 278.5 279.7
206.5 215.7 221.9 258.4 263.1 262.4 259.7 256.1 252.7 253.5 256.4 262.1 272.7 277.4 276.6 268.2 257.4 248.4 241.6 237 231.6 230.5 230.5 234.3 235.5 230.7 228.7 228.3 225.3 221.2 216.4 212.6 207.4 203.6 200.5 197.3 193.2 184.9 182.1 191 200 204.1 205.6 207.2 209.2 211.4 214.5 217.8 217.5 219.3 223.5 231.2 231.1 229.2 228.9 230 233.8 240.7 244.7 243.3 242.9 242.6 243.1 244.1 246.2 249 252.9 255.9 258.9 261.8 265.7 268.9 271.8 276.1 281.6 283.3 284.1 283.4
206.1 211.3 250.3 256.3 258.5 256.4 253 250.3 248.4 250.4 253 259 266.7 268.2 265.6 255.2 245.4 239.1 235.7 230.8 227.4 225.7 227.9 230.7 230.4 225.8 225.4 225.6 222.2 217.6 213.5 208.8 203 199.2 196.3 192.4 187 181.7 185.8 194.4 199.7 201.5 203.5 206.2 207.3 209.4 212.8 214.4 214.9 216.6 221.3 226.6 226.2 224.2 225.1 227.3 231.4 238 239.8 239.6 239.2 239.5 240.5 242.1 243.6 246.7 250.7 254.7 258.6 262.4 266.4 271.2 276.5 281.2 284.3 286 286.1 286.5
207 212.3 241.4 250.4 254.1 253.3 248.3 244.8 242.6 244.6 249.2 255.1 259.7 258.6 251.5 241.4 236.4 234.6 231.9 227.4 222.6 222.5 224.9 226.4 224.7 221 221.5 221.7 217.6 214.5 210.9 203.3 198.6 195.3 192.1 188.9 182.9 180.7 188.5 193.7 197.1 198.4 201.3 203.8 205.7 207.4 210.9 210.7 211.5 213.5 217.6 221.7 221.2 219.8 221.2 223.6 228 233.3 235.1 235.2 235.9 237 238.9 241.7 244 246.9 250.4 254.5 258.6 263.6 268.3 273.7 278.2 282.1 285 285.6 285.7 285.8
207.6 217.8 238.4 246.3 246.1 244.8 241.8 237.3 237.8 238.5 245 250.8 251.6 248.5 240.3 234.2 232.1 229.3 226.3 221.3 217.2 218.9 221.3 222.5 221 216.9 216.8 217.5 212.2 209.9 205.5 199.6 195.1 192 188.9 184.7 178.9 182.5 187.7 190.4 192.9 195.3 198.2 201.2 204.3 206.6 207.2 208.2 209 210 213.1 216.3 215.8 215.9 217 219.4 223.4 228.1 230 231.9 233.4 235.4 238.4 241.4 244 246.9 251.5 255.5 260.6 265.8 270.7 274.7 279.1 282.2 282.6 282.3 282.2 282.9
208.4 215.4 235.4 241.7 238.8 238.5 232.1 228.1 233.5 232.3 234.3 239.3 237.6 233.1 231.9 230.3 227.5 223.7 219.4 213.6 211.7 214 216.7 219.6 215.8 213.1 213.2 212 209 205.5 200.5 195.1 191.5 188 185.1 180.5 179.2 184 184.9 186.2 189.6 192.4 195.4 198.3 202.6 204.4 204.2 205 206 206.9 209.5 210.3 211.6 212.5 213.3 214.9 220.2 223.9 226.6 229.3 231.4 234.9 238.5 240.7 243.6 246.4 251.2 257 262.3 267 271.3 274.9 277.5 278.8 278.7 278.7 279 279.8
208.4 213.9 230.9 232.7 230.8 227.2 223.8 222.7 223.7 224.9 227.1 231.2 229.3 227.5 227 225.1 221.5 216.2 212.4 208.4 207.8 209 211.1 210.6 210.3 210.7 210.9 209.5 207.9 203.2 199.5 193 188.2 183.8 181.9 178.6 178.1 181.4 182.8 184.8 188.1 189.9 192.9 197.8 199.6 199.6 200.3 201.8 202.2 202.9 204.3 206.2 207.7 209.1 209.6 212.3 218.8 220.8 224.4 228 230.2 234 237.5 240 242.9 246.1 251.5 258 263.3 267.2 270.1 271.9 273.5 274.9 274.9 275.1 275.3 276.3
201 205.1 213.4 220.7 220.7 214.8 214.2 215.1 219 220.3 224.1 227.9 224.1 219.9 219.3 218.6 214 207.3 205.9 203.4 204.5 205.6 205.7 207.2 208.4 209.4 209.1 208.1 206.7 204.3 198.3 190.1 186.6 182.7 179.6 177.8 177 179.8 180.9 183.5 186.2 187.4 189.8 193.1 195.7 195.9 196.5 197.4 198.4 200.6 201.7 202.9 204.8 206.6 207.5 212.2 215.4 217.9 222.1 226 229.2 232.7 236 238.3 241.9 246.8 252.5 257.9 261.9 264.7 266.2 268 269.6 271.1 271.2 271.4 271.9 272.7
196.1 196.2 198.1 200.9 203.2 204.9 206.1 209.2 213.2 216 220.5 219.3 216.2 213.5 212.4 210.4 207.8 205.4 202.3 200.7 201.5 202.9 204.9 206.5 207.7 208.2 208.2 206.8 205.7 203.5 195 186.3 184 181.2 178.2 176.7 177.1 178 179.5 181.9 183.6 184.9 186.6 189.8 192 192.2 193.1 194.9 196.5 198.5 200 201.5 203 204.2 204.8 208.3 210.6 214 217.3 222.1 225.8 230.6 234.3 236.9 242 248 252.4 255.7 258.4 261.1 262.8 264.3 265.5 267.1 267.7 268 268.5 269.1
196.5 194.2 194 194.9 197.3 201.2 204.9 208.6 210 211.9 214.3 212.6 209.9 207.7 205.5 203.7 202.7 201.9 198.1 197.3 198.6 201.6 204.1 206.7 209 209.4 207.7 204.4 202.3 197.1 189.7 183.9 181.1 178.1 176.5 176.1 176.2 176.1 177.6 179.3 180.5 182.8 184.7 186 187.9 189.1 190.1 192.2 194.5 196 197.7 199.5 201.8 201.6 200.9 203.3 206.5 210.6 215.1 219.1 224.7 227.7 232.6 236.6 241.3 246.1 249.8 252.3 255 257.5 259.3 260.4 261.6 262.5 263.4 264.2 264.8 265.6
195.1 193 192.2 194.9 198.4 202.5 204.6 207.6 207.5 208.9 208.2 206.1 203.1 201.1 199.5 199.2 197.9 194.5 192.3 195.5 199.2 202.7 205.7 207.8 209.1 208.9 204.8 200.7 197.7 192.4 186.7 181.1 178.1 175.8 175.2 175.3 175.4 175.4 176.5 177.3 178.3 180.5 181.7 182.7 184.3 185.5 186.8 189.6 191.2 192.8 194.8 196.5 198.2 197.6 197.4 199.6 203.3 207.8 213.7 217.4 220.8 224.5 230.3 235.1 239.8 244.2 246.9 249.4 251.5 253.8 255.2 256.3 257.6 258.6 259.5 260.7 261.4 262.7
194.7 192 190.3 199.1 202.8 205.4 203.7 203.1 203 203 201.9 199.4 196.7 195.3 196 195.6 192.1 188.3 192.1 196.8 200.1 203.4 206.5 208.6 207.9 204.5 200.4 196.7 194 189.2 181 177.8 175.4 174.4 174.3 174.6 174.7 174.7 174.7 175.5 176.2 177.5 178.6 179.6 180.3 181.1 182.4 185.8 187 188.3 189.9 191.6 192.1 191.7 195 198 200.4 204 208.8 213.1 217.5 221.9 226.2 232.6 237.1 240.7 242.9 245.4 247.5 249.4 250.9 252.2 253.5 254.7 256.9 257.8 258.8 261.3
194.6 191.8 189 193.8 206.1 206.1 197.8 196.4 197.1 197.7 196.3 194.4 191.7 191.4 192.5 192.9 186.5 187.9 193.3 196.9 200.6 203.9 206.6 206 204.2 200.6 196.3 192.2 189.2 183.1 177.3 174.4 173.6 173.6 173.6 174 174 174.3 174.4 174.9 175.1 174.9 175.5 176.8 177 177.5 178.8 181.6 182.6 182.4 183.6 185 186.1 188.2 192.1 194.9 197 200.7 205.1 210.1 215.8 219.6 223.6 228.7 233.5 236.3 238.4 240.8 243.5 244.7 246.7 248.9 250.3 252.6 254.5 255.8 257.5 259.9
194.5 191.2 188.2 189.1 202.9 201.6 193.8 189.3 188.2 188 188.8 188.8 188.8 187 188.5 188.9 182.4 186.5 190.7 195 198.8 200.8 202.2 201.3 199.1 196.2 191.2 186.2 183.1 177.9 174 173 172.9 172.9 172.8 173.3 173.5 173.8 174.1 174.4 174.3 174.2 174 173.9 173.9 174.1 175.7 176.3 177.1 177.7 178.5 181 183.4 185.2 188.4 191 193.9 198.1 203.1 209.4 213.2 216.3 221.4 225 228.9 231.4 233.9 236.2 239 240.9 243.4 245.9 248.4 249.6 249.8 253.9 256.8 258.7
195.8 191.8 188.1 186 190.2 190.5 186.2 182.7 180.7 179.8 179.7 182.1 184.7 182.7 181.9 180.5 180.1 183.5 187.1 191.1 195.3 197.7 197.2 196.1 194 190.2 184.5 181.5 179.1 174.2 172.4 172.5 172.6 172.6 172.7 173.2 173.5 173.7 173.7 173.9 173.7 173.5 173.4 173 172.8 173 173.4 174.1 175 175.6 176.7 178.8 181.2 182.3 186 189.3 192.3 196.9 202.4 206.7 209.3 214.8 219 223.3 225.4 227.7 229.9 231.7 234.6 237.2 240.5 243.4 243.7 245.5 249.9 252.8 251.1 257.6
201.4 195.6 189.6 185.7 183.5 182.7 181.7 179.6 178.1 177.3 176.4 176.9 178.6 177.4 176.9 176.6 177.7 180.1 182.1 186.3 190.7 191.2 191.1 188.9 186.8 184.1 180.1 177.5 175 172.2 172.1 172 172.3 172.6 172.9 173.1 173 173 173.3 173.4 173.2 173 172.8 172.6 172.4 172.5 172.8 173.1 173.7 174.5 175.5 177.3 178.9 180.4 183.4 186.7 190.8 196.7 200.9 202.4 205.9 210.6 212.7 218.8 221.5 223.9 225.9 227.9 230.9 234.6 236.9 236.3 239.6 244.4 248.5 246.5 254.3 258
215.8 205.6 194.2 188.5 185.6 182.8 179.9 178 176.1 175.2 174.3 173.7 172.8 172.1 172.5 172.6 174.8 175.8 176.6 182 184.9 183.4 182.8 180.8 179.5 178.2 175.2 172.5 171.5 171.8 171.7 171.7 171.7 172 172.3 172.3 172.3 172.5 172.8 173 172.8 172.6 172.6 172.3 172.1 171.9 172.2 172.5 173 173.7 174.4 176.4 177.6 178.8 181.1 185.4 190.2 195.4 196.4 198.4 202.3 205.9 208.2 211.1 215.5 219 220.7 223.3 227.6 231 225.5 234.7 238.9 241.7 239.2 248.7 252.6 256
224.3 213.5 201.9 192.6 188.2 185.1 181.4 178.3 175.6 173.8 172.8 172.1 171.3 170.6 170.5 170.8 173.1 174.9 175.9 174.6 175.7 177.6 177 176.7 175.2 172.5 170.7 170.6 171 171.4 171.5 171.4 171.4 171.3 171.6 171.5 171.7 172.1 172.4 172.6 172.3 172.3 172.2 172.1 171.9 171.6 172.2 173 173.5 174 174.1 175.6 176.4 177.4 179.4 185 189.1 191.3 192.5 194.1 197 201.4 204.3 208.6 212.7 215 216.5 218.5 223 222.9 228.7 233.3 229.6 240.3 242.8 245.8 249.5 253.2
225.6 217.6 205.3 197.4 190.6 186.7 182.9 179.6 176.3 174.3 172.9 172 170.5 169.7 169.4 169.7 169.8 170.6 172.8 174 172.2 172.9 172.7 172.5 171.2 170.3 169.6 170.1 170.5 170.8 171.2 171.1 171 171 171 170.9 171.3 171.6 172 172.1 171.9 171.9 171.9 171.9 171.6 171.7 172.8 173.4 173.7 173.8 174 174.3 175.2 176.6 178.7 185.3 187.5 187.8 188.7 190.4 192.7 197.4 202.3 206.4 209.3 211.6 212.6 213.6 216.2 219.6 225.6 224.5 232.7 237.2 240.2 243.7 247.4 251.9
225.4 220.9 212.5 202.5 194.6 188.8 184.3 180.9 177.5 174.8 173.8 173.5 172.4 169.7 168.6 168.4 168.4 168.7 170.2 171.2 170 169.5 169 168.6 169 168.8 169.2 169.7 170 170.3 170.6 171 170.8 170.7 170.6 170.4 170.8 171.2 171.6 171.7 171.6 171.6 171.6 171.6 171.4 172.1 173.2 173.4 173.5 173.7 173.8 174.2 175.1 176.2 177.9 184.6 184.2 184.6 185.6 187.5 190.9 195.2 200.4 203.3 206.1 207.9 208.3 208.8 210.2 213.6 217.2 224.5 230.5 233.9 237.9 241.9 245.6 251.5
223.9 218.6 212 204.8 196.3 189.1 184.8 181.3 178.1 175.1 173.9 173.5 172 168.8 168 167.7 167.7 167.7 167.6 168.3 167.4 168 168 167.6 168.1 168.4 168.7 169.1 169.5 169.8 170.1 170.4 170.6 170.5 170.4 170 170.4 170.7 171.2 171.3 171.3 171.3 171.3 171.3 171.4 172.4 172.7 173.2 173.3 173.4 173.7 174.1 175 176.1 177.5 180.7 181.3 182.8 184.8 186.3 188.5 193.9 197.6 200 202.6 203.7 202 204.4 206 212.6 217.8 223.2 227.5 231.3 235.6 240.2 244.6 252.7
219.2 214.8 208.9 204 196.5 189.2 184.3 180.8 177.6 174.8 173.8 172.5 170.4 169 167.6 167.3 167.1 167.1 166.9 166.7 166.7 167.3 167.4 167.2 167.6 168 168.3 168.6 169 169.3 169.6 169.9 170.2 170.3 170.3 169.9 170.2 170.7 170.7 170.7 170.7 170.7 170.8 171 171.5 172.2 172.4 172.8 173.1 173.4 173.7 174 174.9 175.7 177.3 178.5 179.4 181.3 183.4 185.2 187.2 191.5 194 196.2 198.6 199 199.1 202 206.4 211.2 215.9 220.4 224.3 228.5 234.3 239.2 245.4 253.8
212.6 208.7 201.8 199.1 194.7 187.2 182.6 179.3 176.5 173.9 172.4 171 169.8 169.8 168.5 166.8 166.6 166.4 166.3 166.2 166.3 167.1 167 166.9 167.3 167.6 167.9 168.2 168.4 168.7 169 169.4 169.7 170 170.1 169.6 170.1 170 170.1 170.1 170.2 170.5 170.7 170.9 171.6 172.2 172.4 172.7 173 173.3 173.6 173.9 175.2 176.9 176.8 177.3 178.9 179.8 181.2 184.9 186.5 188.5 190.2 192.2 194.5 195.5 197 199.6 203.6 208.2 211.9 216.1 221.1 226.5 232.4 237.8 246.8 254.4
204.5 200.8 196.7 194.3 190.5 183.7 180.3 177.2 174.8 172.9 171.5 170.6 170.1 169.6 167.7 166.5 166.3 166.1 165.9 166 166.3 166.7 166.7 166.7 167 167.3 167.7 167.9 168.2 168.4 168.6 168.9 169.1 169.4 169.6 169.7 169.4 169.6 169.7 169.9 170.1 170.3 170.6 170.8 171.5 172.1 172.4 172.7 173 173.1 173.4 173.8 174.7 176.7 177.7 177.4 178.2 179 179.1 182 184.3 186.5 188.2 189.9 191.2 191.5 195.6 198.3 201.3 204.6 208 213.2 218.4 223.3 228.6 236.3 244.9 253.8
199.1 195.2 193 189.7 184.1 180.1 177.4 174.8 172.6 171.8 170 169.7 169.8 168.1 166.3 166.2 166 166 166 166 166.6 166.7 166.4 166.5 166.8 167.1 167.4 167.7 168 168.2 168.4 168.7 168.9 169.1 169.1 169.2 169.2 169.4 169.6 169.8 169.8 170.1 170.5 170.8 171.4 172 172.4 172.7 173 173 173.3 173.6 173.8 175.6 176.3 176.7 177.5 178.3 179.1 180.8 182.9 184.9 186.9 188.5 189.8 191.3 193.3 195.4 198.1 201.2 204.9 210.1 214.3 218.8 222.9 230.9 240.1 250.4
195.7 191.6 189.9 185.7 180.8 177.1 173.8 171.4 170.3 169.5 168.6 168.5 167.7 166.6 166 165.8 165.8 165.9 166 165.9 166.3 166.6 166.1 166.2 166.5 166.8 167.2 167.5 167.7 168 168.2 168.4 168.6 168.7 168.8 168.9 168.9 169.2 169.5 169.6 169.5 170 170.3 170.6 171.3 171.9 172.4 172.7 172.9 171.7 171.7 172.2 173.3 174 174.7 175.5 176.7 177.7 178.6 180.1 181.8 183.7 185.8 186.5 187.1 190.3 192.3 193.7 195.1 198 202.2 206.6 210.4 213.8 219.8 225.2 235 245.7
191.3 188.1 186.2 183.5 178.8 174.4 170.8 168.9 167.7 167.7 168 168.5 167.1 166 165.6 165.6 165.6 165.7 165.8 165.9 166 166.2 165.9 166 166.3 166.6 166.9 167.2 167.5 167.8 168 168.1 168.2 168.5 168.7 168.9 168.2 168.9 169.2 168.8 169.6 169.8 170.1 170.3 171 170.4 171.9 172.3 172 172.9 173.6 173.9 173.7 174.2 174.7 175 175.8 177 177.9 179.5 181.1 182.2 183.7 185 185.3 189 190.7 191.4 192.8 196 200.1 203.6 207.2 211.9 217.7 223.3 232.5 243.6
186.2 184.7 183.2 179.9 175.2 172.2 169.1 167 166.5 166.6 167.3 167.9 166.5 165.6 165.4 165.4 165.5 165.5 165.6 165.7 165.8 165.9 166.1 166.1 166.2 166.4 166.7 167 167.3 167.5 167.7 167.9 168.2 168.4 168.7 168.7 167.4 168.1 169 169.4 169.9 170 171 170.8 169.9 174.3 174.4 174 174.3 175.1 176.7 175.9 174.5 174.5 174.8 174.9 175.4 176.3 177.4 178.9 180.1 181.2 182.1 183.2 183.5 187.6 188.9 190.7 192.4 195.4 197.8 200.8 204.1 208.5 214 218.6 228.6 240.5
181.8 180.4 178.8 174.8 172.4 170 167.3 166.1 165.9 166.1 166.6 167 165.9 165.3 165.3 165.3 165.3 165.3 165.4 165.5 165.7 165.9 166.1 166.3 166.5 166.6 166.8 167 167.2 167.4 167.6 167.9 168.1 168.4 168.7 168.5 166.8 170.4 170.9 171.3 170.7 173.7 175.6 175.6 175.6 177.5 178.2 179.3 179.3 179.8 179.9 179.7 177.6 174.5 174.8 174.8 174.9 175.9 176.9 177.9 179 180.1 180.8 181.9 182.7 186.1 188 189.8 191.5 193.2 195.1 198.2 200.5 204.3 208.5 212.6 220.3 232.9
177.8 176.4 174.5 171.7 169.7 167.7 166.5 165.8 165.5 165.8 166.1 166 165.3 165.2 165.2 165.2 165.1 165.2 165.3 165.4 165.7 165.9 166.1 166.3 166.6 166.7 166.8 167 167.1 167.2 167.8 167.9 168.1 168.3 168.4 166.8 173.4 175.7 176.5 177 178.3 179.4 180.3 181.1 181.3 184.3 186.6 185.7 184.9 184.6 183.5 183.1 181.6 180.1 176.5 175.3 175.1 175.4 176.2 177.3 177.9 179 179.9 180.6 181 184.4 186.1 187.8 189.2 190.9 192.8 194.8 196.7 200 203.9 208 214.8 227.3
175 173.7 172 169.4 167.4 166.4 166.1 165.6 165.2 165.4 165.7 165.5 165.1 165 165 165 165 165.2 165.2 165.3 165.6 165.9 166.2 166.4 166.6 166.7 166.7 166.9 167.1 167.2 167.7 168.1 166.2 170.6 172.7 174.7 178.5 181 182.1 183 184.5 185.6 186.3 187.7 189.3 192.9 193.2 192 190.6 189.9 189.3 187.3 185.5 183.5 181.2 176.5 176 175.6 175.6 177 177.5 178 178.9 179.4 180.9 183 185.2 186.7 188.1 189.7 191.5 192.8 194.5 197.5 200.2 203.7 209.1 219.2
172.3 171.3 169.7 167.6 166.4 166.1 166 165.8 165.6 165.1 165.4 165.2 164.9 164.9 164.8 164.9 164.9 165.1 165.3 164.8 165.4 165.9 166.2 166.4 166.6 166.7 166.7 166.8 167.1 167.3 167.2 167.3 170.7 173.9 176.7 179.6 184.1 185.7 186.6 188.2 189.5 191.4 192.3 194.5 196.8 197.8 197.3 197.3 196.6 196.5 195.9 194 191.9 188.9 186.1 180.8 177 176.2 175.7 176.3 177.1 177.6 178.1 179.2 180.5 182.4 184.3 186 187.5 188.9 190.1 191.9 194 196.5 199.5 201.6 207.1 214.1
170.7 169.2 168 167.1 166.4 165.8 165.9 166.3 165.7 165 165 164.9 164.8 164.7 164.7 164.8 164.9 165.1 165.3 165.2 165.4 165.8 166.2 166.4 166.5 166.7 166.8 166.7 167.2 168.2 171.1 173.3 175.6 177.9 181.2 186.2 188.4 188.9 190 191.7 193.9 196.1 197 197.3 198.7 199.9 200.7 200.9 201.5 201.3 201.1 198.8 194.6 190.5 187 182.4 179.3 176.5 176 175.6 176.1 177.1 177.4 178.3 179.7 181.6 183.6 185.6 187.1 188.3 189.7 192.3 194.2 196.5 198.8 200.3 204.7 210.9
