WholeMapElevations/data/sh/sh54_OST50GRID_20230518/SH54.asc
ncols 200
nrows 200
xllcorner 250000
yllcorner 340000
cellsize 50
[rows 140 to 174 of 200, columns 0 to 78 of 200]
92.8 88.2 86.9 88.5 89.8 90.7 90.8 89.4 88.6 88.6 88.4 88.8 88.6 88.8 86.3 88.5 88.7 89.4 86.9 86.9 88.7 89.3 89.6 89.2 89.1 89.3 89.8 89.9 90 89.9 90 89.8 90 90.4 90.6 90.4 90.6 91 91.5 91.5 91.6 91.8 92 92.1 94.2 99.1 101 99.5 97.7 97.4 97.9 97.6 98 99.2 100.8 103.2 105.9 110.4 114.4 121.1 124 126.1 127.7 129.1 132.2 132.4 132.2 132.1 131.8 132.3 132.4 132.5 134.2 138.2 151.8 145.6 144.1 143.2 141
85.5 87.6 90.8 90.8 94.3 98.5 96.9 95.4 93.7 92.2 90.5 89.8 89.3 88.6 88.5 88.6 88.7 89.1 88.8 88.6 88.7 89.1 89.3 87.8 89.2 89.4 89.7 89.9 89.8 90 89.9 89.7 89.8 90.1 90.6 91 90.9 90.9 91.3 91.7 92 92.2 92.4 92.5 92.6 95.6 96.4 95.7 96.3 96.7 96.9 97.4 98.4 99.8 101.1 105.8 110.7 114.4 119 123.8 128 130.7 132.1 133.3 134.5 134 132.8 132.5 132.4 132 132.1 131.9 131.7 132.5 134.4 135 136 137 139.7
88.2 89.9 92.8 94.8 99.7 98.6 100 102.3 107.2 108.1 100.2 94.6 90.5 88.9 88.8 88.6 89.9 88.9 88.9 88.8 88.7 88.9 89.2 89.4 89.2 89.6 89.8 90.3 89.7 90.1 89.5 89.7 88.5 90.3 90.3 90.9 91.2 91.6 92 91.4 91.7 92.4 92.2 92.6 93.7 93.9 94.5 95.1 96.2 97.5 97.8 98.1 98.7 100.6 104.2 108.4 113.5 118.5 123.3 128.3 131.9 134.5 135.8 135.3 135.1 134.1 133.5 133.2 133.7 133.5 132.7 131.7 131.5 131.5 132.5 133 133.4 135.4 139
92.9 96.8 97 99.1 101.1 105.7 101.7 105.1 107.2 106.2 106.4 108.7 97.3 92.2 90.7 89.2 89.6 90.5 90 89.5 89.4 89.1 89.2 89.5 89.8 87.4 89.9 89.6 90.1 88.3 90.2 90.2 90.6 90.5 90.4 90.7 91 91.2 92.3 92.1 91.7 92.1 92.4 92.7 93.9 94.3 94.7 95.3 94.8 97.8 98.5 98.9 100.1 103.5 108.4 114.2 119.3 123.9 128.2 132.1 135.2 137.4 138.1 137 135.5 134.7 135.3 136.1 136.6 136.2 134.1 132.8 131.8 131.7 132 132.1 132.2 135.8 138.9
96.6 103.4 107.8 103.3 103.9 102.3 101.9 104.3 106.9 108 110.6 114 107 102.9 103.4 98.2 94.7 94.6 93.4 91.6 90.5 89.3 89.3 89.3 89.5 89.5 89.4 89.8 89.9 90.4 90.1 90.4 90.6 90.6 90.3 90.5 91.2 91.5 92.6 93.1 93 92.5 92.8 93.4 94.2 94.7 95.5 96.4 97.4 96.6 99.5 103.7 107.2 110.6 115.5 120.1 125.1 128.7 131.8 134.9 137 138.8 139.6 138.9 138 137.4 137.7 137.6 136.9 135.6 134.5 133.4 132.8 131.4 131.4 131.7 132 133.6 137.6
98 101.2 105.5 109.1 107.1 104.1 102.4 103.2 106.2 113.2 123.4 135.9 134.1 127.7 126.6 121.5 108.4 103.1 100.6 97.7 95.1 92.7 91.3 90.1 90 90.1 90.5 90.5 90.5 90.3 90.2 90.2 90 89.9 90.5 90.7 91.3 92 92.8 93.5 94.3 93.9 93.6 93.8 94.9 95.8 97.1 98.8 102.1 99.8 102.1 111.2 114.4 117.2 120.3 123.3 127.3 130.4 133 135.6 137.6 138.8 140.2 141.1 141.6 141.6 140.5 139.5 137.8 136.5 134.2 133.8 133.6 133.4 131.4 131.3 131.8 132 133.5
102.4 104.9 107 107.4 109.7 107.6 104 102.7 104 109.5 114.9 120.6 126.3 134 131.6 135.5 131.5 126.6 113.1 105.9 102.4 97 96 95 93.4 93.4 92.6 92 91.5 91.7 91.6 91.7 91.4 90.8 91.2 92 92 92.9 93.8 94.8 95.4 95.7 96 96.7 98.5 101.2 103.2 105 107.6 102.3 103.4 112.1 117 119.8 122.4 124.9 127.4 130.1 132.4 134.7 137.2 139.1 140.8 142.6 143.2 143.8 142.6 141.2 139.3 137 134.5 133.8 133.5 133.1 131.5 131.2 130.9 130.9 131.5
108.6 107.7 109.9 110.9 109.4 110.2 106.4 102.9 105.7 111 115.6 119.5 124.7 127.5 130.5 137.5 137.3 132.5 124.6 113.2 107.7 104.7 103 100 98.2 96.7 95 94.8 95 94.6 93.3 93 92.2 92.3 93.6 95.1 95.1 95 96.2 97.9 98.9 100.3 101.9 104.2 106.8 108.5 110.7 111.6 113.5 113.3 103.7 109.6 117.5 120.7 122.2 124.5 126.9 129.4 131.4 134 136.5 138.6 140.6 142.3 143.3 143.6 142.7 141 139.2 136.8 134.7 133 132.7 132.3 130.8 128.8 131.1 131.3 131.8
115.6 120.2 115.2 113.7 111.8 111.5 112.5 107.5 109.9 118.8 119.3 122.7 130.4 133.3 135.4 140.1 140.5 137.4 126.5 114.6 110 107.9 107 104.3 101.6 99.9 97.9 97.8 98.5 98.4 95.6 95.9 98.1 97 100.6 99.8 98.8 98.3 99.7 102.1 103.9 106.9 109.6 111.5 111.6 114.2 115.7 116.5 117.1 117.1 103.3 106.9 114.2 119.5 122 123.9 126 128.5 130.7 132.8 135 137.1 139 140.9 142.2 142.1 141.4 140.3 138.1 135.4 133.6 132.4 132.1 131.4 128.3 130.5 131.8 132.7 133.5
120 124.5 123.3 118.4 115.1 112.1 111.7 111.8 110.1 114.6 123.7 124.7 131.5 137.6 140.8 143.4 142.5 138 122.6 115.5 111.6 109 106.7 105.2 102.4 101.1 100.4 99.4 100.6 99.6 96.9 98.5 100.3 100.3 100 100.3 100.9 102.4 106.2 108.7 111.3 113.5 115.5 116.7 116.9 118.1 118.5 118.7 119.4 119.5 119.2 104.1 106.2 108 112.3 122.4 125 127.4 129.3 131.5 133.6 135.7 137.4 139.2 140.1 139.6 139.4 138.2 136.8 134.5 132.5 132 131.1 129.7 128.1 131.7 134.5 136.5 137.6
127.7 125.3 123.3 121.2 117.2 114 112.3 112.2 113 118.1 121.2 127.2 139.3 139.9 142.5 146.6 144 132.8 120.2 114.5 110 107.6 105.7 103.5 101.9 101.1 100.6 101.2 100.3 100 98.3 98.6 99.6 100 100.9 101.6 103.9 108.3 112.1 114.2 115.9 117.4 118.1 118.7 119.5 119.5 119.6 119.8 120 120.3 120.1 119.2 115.4 114.3 112.2 113.4 122.5 125 127.8 130.1 132.1 134.1 135.7 137.2 137.5 137.3 136.8 136 134.6 133.2 131.8 130.5 129.2 127.9 134 136.3 138.8 141.1 143.3
134.4 132.3 128.5 127.3 124 120 119.2 119.3 115.8 119.5 128.2 134.8 133.1 137.3 142.3 145 144.7 129.1 119.5 112.8 108.1 105.7 103.9 102.5 101.7 101.2 100.6 102 102.8 103.6 102.8 101.5 100.7 101.2 102.5 106.1 109.8 113.1 116.2 117.8 118.6 119.3 119.8 120.1 120.5 119.9 120.1 119.9 120 120.2 120.2 119.8 118.9 118.9 117.6 113.9 116.5 122.3 126.1 128.1 130.9 132.4 132.9 134.5 134.8 134.4 133.9 133.3 132.7 131.4 130 128.6 128.8 133.6 136.9 139.6 142.4 144.8 147.3
132.5 132.7 130 131.9 130.3 123.9 122.2 123.4 120.3 121.2 125.8 134.3 139 138.4 143 143.8 139.6 125.8 117.1 110.6 106.4 104.4 103.6 103.5 103.4 103.4 103.1 103.9 105.6 104.9 104.4 104 102.4 102.3 105.4 109.7 112.3 115.1 117.2 118.7 119.5 120.2 120.5 120.7 120.6 120.2 119.9 119.7 119.8 120 120.1 119.9 119.5 119.7 120.9 121.3 115.1 116.1 122.2 127.7 129.1 130.4 130.8 131.9 132.7 133.1 132.3 132 130.9 129 128.3 129.1 132.8 136.4 139.8 142.9 145.7 147.9 149.2
133.5 132.9 131.6 134.7 137.2 133.6 129 126.9 125 126.5 130.7 136.1 136.4 141.9 142.4 143.6 137.5 125.7 116 109.6 106.3 104.4 104.8 104.6 105.5 108.6 110.8 115 111.3 108 106.8 105.4 104.9 104 106 109.4 112.6 115.1 117.5 118 119.1 120 120.8 120.9 120.5 120.2 119.9 119.5 119.6 119.7 119.8 119.9 119.9 121.3 121.9 124 123.7 122.4 122.5 120.2 126.8 128.4 129.7 130.9 131.5 131.7 130.7 129.7 128.4 127.3 129.8 132.9 136.2 138.9 141.1 144.4 146.8 148.2 149.3
140.2 140.3 134.8 136.6 139.8 139.3 137.4 135.9 132.2 131.5 133.4 135.8 138.6 142 143.1 141.3 133.8 124.6 117.8 110.4 107.2 106.3 107 108.2 108.9 111.1 113.5 115.1 114.3 112.9 112 110.3 109.4 108 107.4 109.6 112.1 115 117 117.5 118.8 119.8 120.8 120.9 120.6 120.3 119.8 119.4 119.5 119.5 119.6 120.1 121.2 123.4 124 125.2 126.5 126.7 127 125.6 121.1 126.7 127.9 128.8 130.5 128.7 128.5 126.3 128.2 130 131.6 133.5 134.9 138.3 140.6 142.5 144.1 146.3 147.1
143.7 144.6 143.3 137.6 141.8 147.5 147.3 147.6 141.7 139 136.9 135.3 138.4 141.6 140.8 139.1 131.4 125.7 119.8 113.1 109.4 110.7 111.8 113.3 116.5 117.2 118.3 120.1 118.8 118.3 116.5 113.9 112.8 110.3 110.9 111.4 111.7 114.8 116.6 117.5 119.1 120.3 121.3 121.3 120.5 120.1 119.6 119.3 119.3 119.4 119.6 120.3 122.2 124.2 125.8 127.1 128.3 128.9 128.5 127.6 124.6 124.8 126.3 127.7 127.1 127.3 128.9 129.6 127.4 129.5 130.7 132.4 133.2 133.7 137.5 140 141.6 144.1 147.1
137.2 141.6 144.9 144.2 142.6 148.2 152.9 156.4 152.1 143.4 142.9 139.1 136.8 136.4 137.7 134.6 126.2 120.3 116.5 112.7 111.1 113 116.5 119.7 122.7 126.1 125.8 125 123.9 121 118.3 115.4 113.3 114.1 113.4 113.6 114.8 116.5 118.2 119.2 120.4 121 121.7 121.7 120.4 119.9 119.5 119.2 119.2 119.4 119.8 121 122.8 124.6 126.4 128.2 129.1 129.5 128.4 127.8 125.7 123.1 124.6 123.6 127.7 129.9 131.4 132.1 132.9 133.4 133.6 133.8 135.4 137.3 140.4 143.6 146.6 146.6 147.1
132.9 139.4 142.7 145.9 149.1 152.3 157 159.2 156.9 153.7 146.1 142 138.9 135.8 131.8 125.5 120.5 117.7 115.4 113.5 113.6 117.9 124.3 131.1 131.4 133.9 133.2 129.5 125.5 120.7 117.8 115.6 115.6 116.3 117.1 116.7 117.2 119 120.6 121.4 122.1 122.5 122.2 121.7 120.3 119.8 119.3 119.1 119.3 119.6 120.4 122 124.3 126.4 128.5 129.4 129.8 129.2 128.5 128 127.4 125.7 127 127.6 129.3 130.8 133.3 134.2 136.4 136.3 136.2 137 138.5 142.1 145.6 147.9 149.4 148.7 146.5
130.1 135.5 142.7 148.1 153.1 158.3 162.5 163.1 159.9 158.1 155.2 146.9 143.2 141.6 136.4 125.9 120 117.8 115.6 114.5 116.5 123.1 131.1 135.9 140.1 138.1 133.9 129.8 124.4 120.1 117.2 117.9 116.7 118.5 120.2 120.2 120.4 121.8 123.2 123.7 124.1 124 123.1 121.7 120.5 119.8 119.3 119.2 119.5 119.9 120.6 122.8 124.4 126.9 128.8 129.4 129.9 129.3 128.9 128.4 128.4 129 129.7 130.1 131 132.3 133.9 136.3 137.8 138.5 138.8 141.1 142.7 144.8 147.3 148.9 150.1 149.1 148.5
125.5 131.7 140.3 148.1 155.5 160.8 166.1 169.5 162.1 160.5 159.4 156.8 149.3 144.8 140.6 132.2 120.2 115.2 114.7 114.8 119.1 127.3 133.6 139 141.6 136.9 133.4 128.4 122.7 119.7 118.9 120.7 126.9 127.9 125 124.5 125.2 125.3 124.8 125.3 125.7 125.1 124.2 122 120.8 119.9 119.8 119.6 119.6 120 120.9 123 124.9 126.9 128.5 129.3 129.9 129.8 129.4 129.3 129.6 131.4 132.9 133.9 135.5 136.1 136.1 137.3 138.6 140.3 141.7 143.3 145.3 146.5 148.2 149.5 150.4 149.5 148.9
130.5 137.5 138.3 143.4 150.1 161 169.1 171 169.2 163.4 160.6 159.8 155.6 149.5 145.2 137.6 119.2 115.3 115.1 115.5 124.1 129.8 136.4 140.9 141.5 136.8 132.6 127.3 123.1 122.2 121.6 129.9 141.6 134.9 134 131.7 129.5 129.7 128.9 128.4 127.2 126.1 125.1 122.4 120.4 120.3 120.3 120.1 119.8 120.1 121.1 123.2 125.4 127.2 127.9 129.1 129.9 130.4 130.8 131.7 133.6 134.3 134.7 136.9 137.2 138.4 139.1 139.7 140.9 143 144.9 146.3 147.8 148.5 149.3 150.1 150.9 149.9 149.4
129.8 135.2 138.8 141.2 147 157.8 167 175.4 175.8 170.6 167.6 163.1 163.1 150.1 142.1 129.7 117.4 114.8 114.9 115.9 125.2 132.7 140.5 144.2 141.6 136.8 132.2 128.4 125.6 125.4 129.9 143.5 147.7 142 140.6 141.3 138.8 134.4 132.8 131.3 128.9 126.7 124.8 122.8 121.3 121.1 120.8 120.6 120.3 120.2 121.4 124.1 126.8 127.5 128.5 130.2 131.6 133.1 133.9 135.1 137.3 136.4 137.5 138.5 138.1 138.6 139.8 141.1 143.7 144.5 147.4 148.9 149.3 150.4 150.7 151.5 152.1 150.5 150.1
122.1 130.1 135.1 138.1 146.1 155.8 170.2 174.8 167.7 167.9 172.8 177.5 170.6 151.9 139.5 122.7 116.1 114.1 114.7 117.1 126.5 138.6 146.8 146.3 142.1 136.7 132.1 128.8 128.6 130.2 140.4 148.5 148.1 144.3 145.9 148.6 145 138.8 135.7 133.9 130.3 127.6 124.9 123.4 122.1 121.1 120.8 120.9 120.7 120.8 122.3 126.2 129.1 129 130.5 132.3 134.5 135.7 135.4 137.4 139 137.9 137.2 137.7 137.4 138.9 139.4 142.1 144.3 146.6 148.3 149.2 150.1 151.2 152.4 153.5 152.9 151.2 150.7
117.3 122.8 126.3 131.3 140.6 150.8 163.2 167 167 170.2 173.2 174.1 170.5 150.1 135.6 119.9 114.7 113.8 115.7 123.9 133.2 145.9 149.2 145.8 141.5 136.5 131.9 129.9 131 136.4 151.6 150.6 146 145.6 149.5 150.5 147.1 141.8 138.8 135.3 132 127.8 124.8 123.3 121.5 120.6 121.3 121.6 121.4 121.7 124.2 127.7 130 130.8 132.7 134.3 135.1 137.3 138.3 138.1 137.6 135.8 133.6 133.5 133.8 134.9 137.1 140.7 143.2 146 147.6 149.3 150.4 151.7 152.5 153.5 153.1 152.6 151.7
112.8 122.3 127.5 128.7 134.9 147.9 155.4 162.9 165.4 167.1 173.1 177.1 161.8 140.4 128.8 116.3 113.2 116.2 126.7 139.3 146 150.6 149.1 144.8 140.1 135.2 130.7 130.9 133.2 147.5 158.4 152.6 147.5 152 151.6 149.6 146.8 142.9 139.3 135.8 132.1 128.3 124.8 123.2 121.6 121.5 122.4 122 122.2 123.3 126.2 128.5 131.8 132.9 133.7 134.4 136.2 137.2 136.5 135.1 131.5 129.9 130.1 130.7 131.8 134.2 136.7 140.3 143 145.7 147.4 148.5 149.9 151.7 153.3 154.3 154.5 156 156.3
110.9 120.7 131 133.8 138.8 144.4 155.7 161.2 163.2 164.4 169.6 169 147.5 129.8 120.4 114.6 114.6 128.3 139.8 146.3 151.2 152.3 148.6 142.8 137.6 133.7 129.3 132.2 138.7 151 157.4 148.6 149.1 153.1 151.6 149.7 147.3 144 140 136.1 132.4 128.4 124.9 123.1 120.4 121.5 122.5 122.8 123.8 126 128.7 131.7 132.1 132.5 133.3 134.1 133.7 134.1 132 129.6 128.6 128.9 130.3 130.3 131.8 134.8 137.9 140.2 142.6 144.5 146.5 147.7 150.1 152.2 154.1 156 158.3 158.2 158.6
111.2 117.4 126.2 135.1 142.2 145.5 149.9 153.6 162.3 165.5 170 160.3 139.7 122.7 116.5 112.3 114.5 128.7 142.6 149.2 152.2 152.3 146.8 140.1 135.7 130.4 131.5 133.9 143.2 146.7 143.4 145.1 150 152.2 150.9 149.5 147.5 144.3 140.5 136 131.7 127.4 125.5 121.3 121.3 121.8 122.1 124.2 125.6 127.5 128.5 130.3 132.6 131 132.1 131.2 130.8 128.6 127.2 126.9 127.1 128.1 129.4 130.6 132.6 135.2 137.4 138.6 140.5 142.9 145.3 147.5 150.1 152.2 154.2 156.3 158.3 159.4 159.8
108.9 113.2 122.5 129.7 139.3 142.9 147.1 154.9 158.4 164.4 163.7 149.7 131.3 116.8 111.6 108.6 115.1 129.8 143.8 150.2 152.2 150.4 143.1 137.6 132.8 131.5 132.7 134.6 138.1 137.6 140.1 146.6 148.2 149.8 149.4 148.6 146.8 143.6 138.9 133.9 129.9 126.5 122.2 123.9 122.2 122.7 123.6 125 126.1 126.1 126.2 127.5 127.5 126.4 125.7 124.1 124.3 124.6 125.1 125.7 127.6 128.4 129.3 131 133.2 135.7 137.2 138.5 140.2 141.5 144.8 147.2 149.9 152.8 155 156.2 158.2 160.3 162.6
98.9 109.1 115.4 126 130.4 135.8 147.1 157.5 165 163.1 155.3 138.8 122.3 111.2 107.3 110.3 121.6 132.7 144.8 149.4 148.8 145.6 140.4 136.1 133.1 132.2 133.2 134.6 135.5 135.3 139.7 145 145.4 146.4 147.3 146.3 144.9 141.6 136.5 131.8 128 124.1 122.5 122.6 125.5 124.6 125.4 125.9 124.4 124.2 123.5 121.6 120.4 119.6 119.9 120.9 121.9 122.7 124.9 126.6 128.5 130.2 131.3 131.9 134.2 136.5 138.4 140.4 141.2 142.9 145.6 148.6 152 154.2 154.7 156.4 158.5 161 164.1
94.5 100.3 110 118.7 126.4 131 137.1 152.1 159.7 159.9 144.5 131.3 115.9 106.5 103.4 109.5 122 134.8 146.3 150.2 147.1 144.1 139.3 135.6 133.7 132.5 133.3 134.1 134.7 136.1 137.4 140.7 143.4 143.7 144.3 144.1 141.9 138.2 133.9 129.6 126.8 123.8 123.7 124.2 124.9 126.5 125.7 124.1 122.7 120.6 118.9 117.6 116.8 116.1 117 118.3 120.4 123.1 125.9 129.4 131.8 133.6 134.3 134.6 136.4 138.4 140.1 142.3 143.9 145.6 147.4 150.7 153.4 154.6 154.8 156.8 159.1 162.2 166.2
94.2 100 106.6 112.5 119.2 125.2 132.8 141 148.6 145.3 133.3 124.9 109.4 101.7 100.7 109.1 119.9 134.8 145 145.9 145.7 143.2 138.9 135.3 132.4 132.9 134.6 133.9 136 136.8 137.1 137.8 140.8 142.8 143.3 141.3 138.3 134.8 130.4 128.8 126.6 125.7 125.3 126 126.3 125.9 123.7 121.5 118.7 116.6 115.3 114.2 113.4 113.7 115.5 119.3 122.4 125.8 128.1 130.5 133.4 135.5 137.3 137.9 139.9 141.7 143 145.6 147.4 148.8 150.4 152.3 153.6 154.7 154.8 156.9 160.5 163.5 167.1
94.9 102.6 107 112.8 121.2 130.2 136.9 138.4 140.3 135.8 125.3 116.1 103.7 98.6 99 106.6 120.3 131.4 138.5 143.3 144.2 141.8 137.9 134 131.9 131.6 133.1 134.1 136 136.9 136.6 136.9 139.1 141.8 142.7 140.5 136.4 133.1 129.8 127.8 126.8 126.6 126.6 126.4 125.6 123.3 121.4 118.6 116 113.9 112.7 111.6 111.8 113.7 116 119.9 123.4 127 129.1 131.3 133.9 136.3 137.1 138.4 140.1 142.9 145.5 147.8 149.5 150.8 151.6 152.8 153.7 154.7 154.7 156.4 159.6 163.3 169.1
96.4 102 107 117.1 125.3 128.3 134 136.7 132.6 124.5 117.6 106.9 98.6 96.9 97.4 106.2 117.7 128.6 137.6 142.6 142 139.4 136.5 133.2 131.5 131.4 132.2 133.4 135.6 136.8 135.9 136.2 139.7 142.4 141.4 139.4 136.1 133.2 130.7 128.4 128 127 126.6 125.5 122.9 120.6 118.5 115.8 113.4 111.9 110.8 111.7 112.9 114.6 117.3 120.3 123.7 125.4 128.1 131.2 133.9 136.3 136.5 138 140.3 143.8 146.9 148.4 149.8 150.4 151.2 152.6 153.5 153.1 152.8 154.6 158.2 161.8 165.6
96.2 98.4 103.8 111.6 120.2 125.5 129.5 128.9 122.5 115.4 106.6 99.3 95.6 95.5 97.7 106.8 118.2 132.1 140.4 143.8 141.9 137.3 134.2 131.8 131.4 131.3 132.1 132.9 133.5 136.2 134.1 137 139.4 141 139.8 138.5 136.1 135.2 133.9 130.4 128.5 126.7 125.5 123.3 120.2 117.9 115.5 113.4 111.9 110.5 111.1 113.1 114.7 117.1 118.6 120.4 122.6 124.1 126.1 130.6 134 137.1 137.2 137 139.9 143.9 146.6 147.5 148 148.7 149.6 150.1 149.7 149.6 151 152.4 155.4 157.8 159.2
96.1 97.6 100.3 105.6 111.7 117.7 121.8 120.1 112.5 107.2 99.7 95.2 93.7 95.2 99.2 112.3 126.5 135.5 141.2 142.3 141.3 136.6 132.6 130.8 130.9 131.2 131.8 132.3 132.2 133.6 136.2 138.1 140.9 140.5 139.9 139.4 138.3 137 134.7 132.5 128.7 126.2 124.5 121.7 118.2 115.3 113.1 111 109.7 110.7 112.9 114.8 116.5 117.1 117.8 119.3 122.1 123.2 126.2 130.8 134.3 136.8 135.9 135.4 138.6 143 145.2 145.3 145.4 145.5 146.1 145.7 146 146.6 148 149.1 149.3 151.9 153.9
