WholeMapElevations/data/ns/ns72_OST50GRID_20230518/NS72.asc
ncols 200
nrows 200
xllcorner 270000
yllcorner 620000
cellsize 50
[rows 70 to 104 of 200, columns 0 to 77 of 200]
251.4 252.5 252.4 251.2 250.9 251.1 251.9 248.3 253.1 254.7 255.3 257.5 258.9 261 261.6 264.4 267.1 265.3 271.2 275 280.9 283.1 284 284.9 286.4 288.7 291.5 293.9 293.7 292.4 289.7 289.1 287.3 288.2 288.9 287.9 291.2 294.4 300 305.5 311.8 317 321.5 324.4 326.7 327.8 328 328.4 328.7 328.6 327.2 323.9 322.9 326.1 332.2 337.4 345.9 355 363.9 371.5 378.3 383 387.8 391.1 391.1 387.7 382.3 376.5 369.4 363.5 358.1 359.4 363.7 367.6 371.6 375.4 378.2 380.8
256.1 255.3 255.1 253.3 253.3 254.1 254.2 256.3 253.6 257 257.8 261.3 261.3 263.2 265.2 269.1 267.8 270.7 269.4 279.5 283.3 285.8 285.3 286 289 290.9 294.9 297.3 295.9 294.3 292.4 289.7 289.9 290.6 290.7 291.8 293.4 299 305.4 310.2 315.6 320 323.2 326.2 327.6 328.9 329.5 330.8 330.3 329.9 328.3 327.7 329.4 334 337.9 342.4 349.8 358.4 366.5 373.7 379.3 383.1 386.8 389.6 390.1 387.6 381.7 374.4 366.9 362.1 359.8 363.4 368 372.8 377.3 380.9 383.9 384.3
258.4 258.4 258.2 254.8 256 254.9 255.8 256.3 253.4 258.8 258.5 263.8 264.8 265.2 269.6 272.1 269.8 271.8 278.8 282.2 283.3 288 286.8 288.2 290.2 292.4 295.3 296 296.3 295.3 294.3 291 292.5 293.4 294.3 295.7 293.6 303.4 308.6 313.2 317.2 320 322.9 324.9 327 328.6 330.1 331.1 331.5 330.9 330.7 331.3 333.1 339.2 344.7 350.2 357.4 365.6 372.6 377.3 380.9 383.9 385.9 387 386.2 383.4 378.2 371.2 365.4 361 364.1 368.9 373.5 379 384 388.5 392 392.8
259.8 259.8 258 258.5 256.9 256.8 257.4 260 260.9 259.5 264.1 266.1 267 268.4 272.7 274 270.6 275.7 280.5 287.8 283.3 287.4 288.4 288.7 289.8 291.4 293.4 294.7 295.7 296.1 294.9 291.8 296.2 297.5 298.2 300.4 302.8 299.7 310.8 313.9 317.2 320 322 324 325.7 327.4 329.4 331.2 332.7 332.7 333.4 336.9 341 346.3 353.1 361.2 369.5 377.5 383.4 387.3 387.4 386.4 385.7 385.1 383 379.6 375.8 369.7 364.9 364.6 367 371.8 378.6 385.9 391.5 396.6 400.6 402.7
259 260.6 258.4 259.7 260.9 263.1 263.7 262.9 264.7 263.7 267.4 269 268.9 271.9 274.6 273.1 273.9 272.4 281.8 285.7 287.9 285.7 288 288.7 289.6 290.7 292.9 295.5 296.7 296.3 295.6 294.6 297.2 299.1 300.7 303.5 306.9 308.8 302.1 305.2 315.7 318.9 321.2 323.4 325.3 327.8 330.1 332.5 334.4 335.3 337 341.4 347.5 354.7 363.2 371.3 377.7 384.7 388.8 390.6 390 387.3 385.4 384.1 381.9 379.3 374 372.4 370.8 367 370.4 374.7 383.2 390.5 397.1 402.9 408.1 411.8
260.5 263.1 262.9 263.9 264.9 266 265.6 265.6 261.6 268.6 268.6 268.9 273.3 275.2 274.9 278.3 276.9 277.1 276 279.1 283.6 287 288.4 289.3 290.3 291.2 292.6 295.8 297.8 297.9 296.8 296.6 297.2 300.1 303.2 306.5 309.2 311.5 313.2 315.4 308.5 313.9 319.2 321.9 324.6 327.8 330.6 333.4 336.1 338.7 342.7 348.2 355.8 363.4 370.1 378.1 384.7 390.1 392.9 393.2 391.8 388.5 385.2 382.3 380.6 378.6 379.1 377.9 375.8 372.8 373.5 378 384.9 393.3 402.3 409.7 414.7 418.4
262.3 263.9 267.9 266.2 266.2 270.6 265.8 270.8 267.3 269.9 270.9 273.4 276.3 277.6 277 279.5 279.6 280.6 283.1 285.9 285.8 286.3 290.2 291.2 292.8 294.3 296 298.5 299.3 299.6 299.2 299.8 298.7 301.3 304.2 307.7 310.9 313.3 315.8 317.8 318 317.1 314.7 322.7 325.9 328.6 331.5 334.7 339.1 343.4 348.2 354.2 361.6 369.9 376.6 383.5 389.6 393.4 395.5 395.3 393.5 390.4 385.8 382.4 381.2 381.9 384.5 385.3 384.6 384 383.8 384 386.3 395.4 404.5 413.1 419.5 424.2
259 266.5 261.8 268.9 265.9 271.9 271.3 265.8 265.8 271.5 275.2 277.3 278.9 278.9 277.9 279.3 280.9 276.4 278.7 288.1 290.5 291 291.3 294.3 296 297.9 300.2 302.2 302.5 301.7 301.1 301.3 301.5 302.6 304.3 308.5 312.2 315.4 318 319.8 320.4 321.5 321.8 322.7 326.6 330.4 333.7 337 341.1 346.3 351.3 356.7 364.7 372.6 379.6 385.2 390.3 394.4 396.1 396.6 395.3 393.5 390.2 388.8 388.6 390.1 392.4 395.6 397.1 397.9 395.7 394.5 393.5 395.7 405.6 413.9 422.2 426.9
265.8 267.8 268.8 270.9 271.2 266.5 263.8 268 273.5 275.5 278.5 279.9 279.7 276.3 276.7 279.2 282.8 285.8 289.1 290.9 293.2 294.7 293.1 296.4 299 301 303.1 305.6 305.9 304.6 303 303.6 304 304.8 308.1 311.2 314.7 319.4 322.2 324.4 325.8 326.3 325.9 326.7 328.1 326.7 334.4 338.6 343.2 348 352.5 357.9 360.7 367.4 375.8 383.6 388.1 392.5 395.7 397.6 397.9 397.7 397.3 400.7 403.1 403.8 404.8 407 409.8 409.3 408.8 407.6 403.5 402.9 408 417.6 424 430.1
266.1 268.2 270.9 272.4 271.4 270 272 274.8 278.3 277.4 281.4 282.1 281.1 281.9 282.2 283.4 286.1 288.1 291.1 293.4 295.7 297.8 297.9 294.8 301.7 304 307.6 310.2 309.9 308.4 306.2 304.6 306.7 307.9 310.3 314.2 318.5 323.5 326.9 330.2 332.1 332.5 331.4 331.2 332.9 334.1 336.9 336.9 341.2 344.1 347.7 354.1 360.9 368.4 378.7 384.9 390.8 395.6 398.8 402.3 405.1 408.7 411.9 414.6 417.9 421.1 422.8 423.9 425 424.6 423.3 420.7 416 411.8 412.2 421.9 428.1 432.6
269 269.2 273.5 273.7 273.1 272.2 274.8 277.8 279.2 280.5 282.9 283.9 283.9 283.9 284.5 286.6 288 291 293.7 295.7 297.9 300.1 301.3 296.1 303.8 307.3 312.7 314.8 314.2 312.6 310.9 309.6 308.7 310.5 313.3 318 323.4 328 331.8 335.1 337.1 337.6 337.9 337.6 338.4 341.1 343.5 344.5 347.2 349.3 351.6 355.4 362.1 369.2 378.5 385.7 393.7 400.5 407.4 415.1 420.3 424.7 426.1 428.8 433.5 436.5 438.7 439.1 439.9 437.5 435.9 435.2 430.7 424.2 421.9 425.7 431.2 434
265.1 273.3 274.1 273.9 274.5 275.2 275.1 279.1 280.1 282.2 283.8 284.6 285.3 285.5 287.7 289.7 291.1 293.7 296.6 298.1 300 302.4 304 304.6 300.3 308.5 314.5 316.6 315.4 314.3 313.3 313.5 313 314.7 314.6 323.7 327.7 332.5 336 338.8 341.1 342.6 344.2 346.9 349.2 351.3 353.2 354.4 355.5 355.1 357.2 361.1 364.2 374.2 383.8 392.3 398.9 406.4 414 422.4 429.7 433.9 436.3 439.6 446.4 452.1 453.8 454.6 451.6 448.8 445.7 445 441.8 436.2 432.9 433.1 435 436
270.6 272.6 273.8 275 275.8 277.3 276.9 278.7 280.8 282.3 283.9 285.4 286.6 288.9 291.6 293.3 294.9 297.2 299.7 301.1 302.6 304.7 307.3 308.1 306.6 303.8 311.6 313.9 315.2 315.7 315.9 317.1 318.5 318.3 323.8 317.2 330.8 334.5 338 341.6 344.4 347 349.3 351.7 354.4 357.4 359.7 362.2 364.4 366 368 370.9 375.4 378.2 388.2 396.2 404.3 409.4 416.7 424.9 433 439.6 441.9 447.4 455.9 462.3 466 466.6 462.4 459.2 454.5 452.1 447.9 444.6 441.7 440.5 439.2 438.6
270.6 272.4 274.5 275.7 277.3 278.5 279.1 277.9 280.3 281.8 283.9 285.8 288.1 291.3 294.2 296.8 298.7 301.1 303.5 305.4 306.8 309 310.4 311.4 311.3 308 311.7 314.3 316 317.4 319.5 321 322.5 324.5 328.6 331.7 333 337.1 330.7 332 345.8 349.2 352.2 355.7 359.3 362.8 365.7 368.7 373.8 378.6 381.2 384 386.7 389.1 394.1 401 408.8 417 423.7 428.7 434.6 441.7 446 452.2 461.6 469.9 476.3 479.8 474 468 461.3 458.4 457.9 454.3 449.8 447 442 439.7
271 273.4 275.2 277 278.5 279.9 280.2 279.9 279.9 282.1 284.3 286.7 289.9 293.5 296.4 299.3 302.7 305.1 307.4 309.4 310.6 311.7 313.1 314.4 314.6 313.8 312.5 317.2 319.4 321.3 323.4 325.9 329.3 332.1 336.1 337.9 341 343 344.6 346.2 346.3 351.1 355.5 359.2 362.9 366.9 370.8 374.3 379.1 385.4 389.2 392.2 395.7 399.2 403.8 409.5 417 423.8 430.7 436.8 441.4 448.7 455.8 464.7 474.3 482.3 483.9 488 484.5 477.5 469.8 464.2 464.1 460.4 455.6 451 446.5 441.3
271.8 274 276 277.6 279.6 280.7 281 281.2 281.2 282.5 285.2 287.5 291.2 296.4 299.6 302.8 306.1 308.9 311.1 313 313.9 314.5 315.8 317.1 318.5 319.6 317.6 321.6 324.9 327.1 330.2 333.3 336.3 341 343.5 345.6 348 349.6 349.7 351.5 353.5 343 358.6 362.7 365.6 369.8 374.5 379 383.1 390.6 395.5 399.6 404 408.3 412.8 416.3 426.1 434.2 441 447.9 452.4 460.6 469.9 478.9 487.4 494.4 497.6 495.7 493.1 487.2 479.9 474.5 469.4 465.8 459.9 453.6 447.1 441.5
272.1 274.1 276.2 278.2 280.2 281.4 281.7 282.2 282.4 283 285.9 288.3 293.4 298 302.1 305.9 309.3 312.5 314.9 316.6 317.3 318.7 319.8 321.1 323.1 324.1 324.7 324.2 330.6 333.4 337.8 342.4 344.1 348.9 351.8 354.2 356.8 359.2 361.2 359.8 358.1 358.2 356 364.4 368.9 373.3 378.9 384.2 389.6 395.1 401.2 407.8 413.9 419.8 424.4 428.8 433.9 440.9 449.7 457.7 457.9 470.5 481 490.9 497.5 501.4 503.1 502.2 498 495.4 490.4 484.6 477.9 470.9 463.7 457.3 451.2 443.5
273 274.1 275.9 278 280.2 282 283 283.7 284.2 285 286.8 289.9 294.7 298.8 302.9 308 311.5 315.7 318.4 320.5 321.5 323.1 324.4 324.6 327.8 329.2 330 321.4 334.7 338.9 343.5 348.1 352 355.6 358.9 361.8 365 368 369.6 370.2 368.3 364.6 351.9 367.1 371.6 375.3 380.7 386.6 392.4 399.2 406.4 413.5 420.3 428.5 434.6 441.1 446.4 450.8 457.2 465.5 471.6 475.3 484.7 494.7 503.1 506.6 507.5 506.7 505 501.2 497.2 490.7 482.8 475.2 467.7 458.8 452.9 445.8
274 275.1 276.3 278.5 280.3 282 283.4 284.6 285.6 286.2 288.3 291.9 296.1 299.5 303.5 308.3 314 318.8 321.7 324.3 325.7 327.3 329.1 330.3 333 333.7 334 333 332 341 346.5 351.5 356.7 362.2 365.8 368.6 371.9 375 376.8 377.8 376.7 370.3 368.2 353.6 371.9 377.2 383 389.3 396.6 404 411.9 420 427.8 435.2 442.6 449.6 458.4 462.9 466.8 473.4 478 479.1 486.7 496.7 504.8 509.8 510.7 509.2 506.4 503 501.1 494 484.3 475 467.1 458.6 452.7 449.6
274.6 275.7 276.6 279 280.6 282.3 284.1 285.9 287.1 288.7 291.5 294.4 298 300.3 304.6 309.8 316.1 321.5 325.6 328.1 330.3 332.4 333.9 335.6 337.9 339.6 339.7 338.9 339.2 336.4 345.3 352.5 359.5 365.8 371.3 374.5 377.2 379.5 381.9 383.2 382.7 378.5 374.9 369 359.9 377.8 383.5 391.7 399.3 408.9 417.6 426.3 434.8 443.2 451.3 458.4 464.8 469 473 478.8 483.4 483.3 487.9 492.4 503.4 510.5 514 511.9 509.2 505.5 502.1 494.4 483.6 473.6 466 460.8 456.5 453.9
274.6 275.7 276.8 278.9 281.3 284 285.4 287.8 289.8 291.9 295.1 298.1 299.9 302.9 306.7 312.3 318.6 324.4 329.4 333 336 338.7 340.9 342.7 346.2 349.5 347.9 344.5 344.5 344.3 343.8 353.1 359.5 366.4 373 377.2 380 382.6 384.7 386.1 387.5 384.5 380.5 379 379.1 366.1 383.2 390.8 400.8 410.5 421.2 431.9 441.3 449.8 457.9 464.8 471 475 479.2 483 486.4 486.4 487.5 491.5 501.1 509.8 515.2 515.3 511.1 506.3 500.2 490.8 480.4 475.5 469.4 464.4 457.6 458
274.6 275.4 276.8 279.3 281.8 284.8 287.2 288.9 292 295 298 301 303.4 305.5 309.4 314.2 320.5 326.9 332.5 337.3 341 344.2 346.7 350.9 354.3 356.5 354.1 350.2 351.2 352.6 348.4 351 359.5 366.4 372.2 376.8 379.9 382.5 384.8 386.5 387.6 387.4 386.4 385.6 388.1 382.3 373.9 391.3 399.4 410.2 421.7 433.5 443.9 452.7 462 469.2 474.7 479 482.9 485.9 489.1 491.6 490.5 492.7 499.3 510.4 515.3 516 513.1 509.2 502.6 493.3 481.1 477 472.6 469 464.9 461.9
276.3 277.4 278.1 278.9 282.2 286 289.4 292.3 294.4 297.1 300.4 303.6 306.5 308 310.6 315 322.4 329 334.6 340 345.2 348.5 352.5 355.8 358.6 361.9 360.1 357 355.8 355.2 354.6 352.2 362.2 366 370.1 374.5 378.9 381.3 384 386.2 387.6 390.1 390.9 390.8 394.1 392 386.8 388.5 398 409.3 421.7 433.6 444 452.6 461 469.7 476.1 481.2 484.9 487.4 490.9 492.6 493.3 493.1 498.5 508.8 514.8 514.6 514 511.4 506.1 497.9 487 481.3 477.1 473.2 470.3 468.3
277.1 278.8 280.2 280.9 282.9 287.8 291.6 295.2 298 299.9 302.8 305.9 308.3 310.2 313.2 317 323.2 332 338.1 342.7 350.4 355.7 360.2 362.8 369.2 373 373.9 368.4 362.9 361.6 359.3 359.5 362.3 371.3 376.9 380.7 383.8 385.5 389.1 390.7 392.8 395.5 397.8 398 399.4 399.2 396.7 385.1 400.3 408.7 420.7 432.4 442.1 452 459.2 467.3 475.6 480.9 486.7 488.2 489.7 493.1 493.9 492.8 496.9 504.2 512 513.9 512.8 512.3 509 502.4 493.2 486.3 482.7 477.8 473.6 470.5
278 279.9 282.5 283 285.7 291 294.4 297.8 300.5 303.2 304.5 306.5 309.5 312.4 316.9 322 326.8 333.9 341.2 347.2 353.5 360.1 365.7 374.2 381 385.6 386.3 382.3 372.9 370.6 366.8 364.8 363.3 375.3 381.1 384.7 388.9 393.3 396.9 399.7 403.4 406.5 409.1 408.2 409.2 407.1 404.5 401.4 397.4 412.8 420.2 431.6 442.4 453.1 462 468.6 473.4 478.9 484.8 487.4 487.9 490.9 491.3 488.3 491.1 499.5 507.5 510.5 509.6 510.7 511.1 509 503.9 496.7 489.7 483.2 475.7 472
279.6 280.5 282.4 285.1 289.7 293.5 296.8 300.1 302.6 305.2 307.9 308.1 310.2 313.4 318.5 323.8 330.1 337.5 344.5 350.8 356.2 364.4 372.9 382.6 390.1 393.9 394.6 392.8 384.8 379.9 376.2 374.1 373.3 375.1 383.2 388.8 393.2 400.2 405.4 409.8 413.5 418.4 420.2 418.9 420.9 420.6 416.6 414 410.3 418.3 418.6 427.2 439.5 451.3 461.3 470.1 476.2 480.5 482.3 484.6 485.1 487.2 487.2 484 483.7 494.6 501.2 505.9 505.4 506.6 510.1 511 508.3 501.8 493.4 486 478.7 470.7
282.1 283.6 285.2 286 287.3 294.8 299.3 302.3 305 307.7 310 310.3 311.6 314.5 319.9 326 333.9 339.5 346 353.1 360 369.3 379.5 389.6 396.6 401.3 403.8 402.7 396.4 389.2 386.7 384.7 382.1 381.8 386.9 393.7 398.6 405.8 411.6 417.8 423.7 428.1 432.2 431.4 433.8 432.6 428.7 427.7 426.7 427.9 428.7 435.4 441.4 446.4 458.7 467.2 474 479.6 482.7 483 481.7 483.2 483.3 480.3 476.7 481.4 491.8 498.6 502.5 501.4 505.6 509.1 508.7 504 495.7 485.9 478 468
284.5 286.6 289.3 291.3 292.5 291.6 298.2 303 306.6 309.3 311.7 312.3 313 316.7 321.1 327.5 335.2 341.2 348.1 355.6 363.6 372.3 384.3 395.1 403.4 409.2 411.8 410.6 406.2 400 398.2 396 394.7 393.1 395.5 399.8 405.5 412.8 418.5 423.5 429 434.1 438.2 440.4 442.4 444.9 443.3 440.8 439.4 437.4 438.5 440.7 450.6 457.4 463.6 468.8 472.6 476 479.1 480.4 479.3 476.7 478 476.1 472.9 473.5 480.9 489.4 494.4 494.4 497.2 502.9 502.8 500.9 492.7 482.9 475.7 465.5
286.2 290.1 292.9 295 295.7 297.1 296.5 302.6 306.8 310.2 312.7 314.6 316.4 319.6 323.6 329.7 336 342.9 349.9 357.4 364.6 373.4 384.9 397 408.4 413.7 416.7 415.4 413.2 411.3 408.5 406.4 405.3 402.5 404.9 405.4 414 419.3 426.7 432.5 437.6 443.3 447 450.1 452.4 454.5 454.3 452.6 450 447.6 447.4 449.4 455.4 463.6 470.5 474.4 475.6 476 476 476.9 477.2 473.5 471.9 470.5 466.1 467 472.4 480.1 486.3 488.9 488.6 491.4 494 491 486.2 477.2 469 460.4
289.6 293.7 296.4 298.1 298.4 301.8 303.1 300.9 304.3 309.4 313.2 315.6 318.7 322.2 325 330.3 336.2 342.6 349.8 357.3 365 373.5 383.9 395.3 406.6 412.9 415.9 417.7 420 423.9 421.9 419.2 416.2 412.3 412.4 417.9 420.9 428.8 434.6 441.5 446.7 451 455.2 459.5 462 464.2 465.5 464.5 459.1 458.3 457.5 458 461 467.5 473.9 479.8 481 477.8 475.2 472.2 471.8 470.1 466.8 464.5 461.5 462.4 465.6 468.2 474.2 479.1 479.7 479.9 481.9 478.9 473.4 467.8 459.6 451.5
293.5 296.9 298.8 301 306 307.9 308.6 307.7 306.4 304.6 310.7 316.8 321 324.6 328 331.8 336.3 342.2 349.3 355.7 363.3 372.4 381 393.6 403 411 419 424 431.3 434.2 431.6 429.8 426.4 424.3 422.7 425.4 430.3 435.9 442.7 449.5 455.3 460.4 464.1 467.4 470.6 473.1 474 473.5 471.5 470.2 471.6 471.8 471.1 472.1 478.4 482.3 484 481.3 475 470.4 467.6 465.1 462.7 460.4 458.4 456.7 457.1 461.7 462.9 466.9 468.6 468.3 467.4 464.7 460.7 455.9 447.8 439.7
296.7 299.8 301.4 307.4 310.2 312.5 313.6 313.5 313.5 313.5 315.1 312.7 316.1 324.3 329.3 333.2 337 341.5 348.9 356.7 364.1 369.7 379.4 390.8 402.4 412.1 422 433 442.4 445.9 442.7 441 436.8 433.4 434.4 436.4 438 447.4 452.3 459.1 465.5 471.2 475.5 478.7 480.4 482.3 484.4 484 483.3 482.1 483.5 483.6 482 480.7 482.2 484.6 484.6 481.4 475.1 470.2 466 465.8 464.4 463.5 462.8 460 455.4 451.9 454.1 454.4 455.4 453.4 451.4 449.1 444 439.3 433.7 426.4
299.3 302.6 303.6 309.4 313.2 315.9 317.5 318.7 319.3 319.6 321 322.7 323.3 322.6 322.9 331.3 336.1 340.6 346.9 354.2 362.6 369 377.7 388.2 399.7 412 423.5 433.7 443.8 449.8 451.5 451.2 447.3 446.2 446.6 446.3 451.1 454.7 460.5 466.3 471.7 477.5 482.1 485.8 488.4 490.7 493 493 494.1 495.1 495.3 494.6 492 489.8 486.9 486.6 484.9 481 476.2 472.2 468.8 468 467.8 468.4 468 466.4 462.9 457.8 450.6 446.3 446.2 444.1 438 435.7 436.9 436.9 437.5 438.4
301.1 304.8 306.8 311.6 316 318.2 320 322.2 323.2 324.6 325.4 326.5 328.8 330.5 330.1 327.4 334.6 340 345.8 353.5 361.7 369.2 375.6 383.6 395.7 408 421.2 432.9 444.1 454.4 459.4 459.4 455.3 453.2 453.7 454.9 457.4 461 465 469.2 473.8 478.8 482.6 486.6 490.9 494.6 497 499.1 501.5 504.6 504.9 503.2 499.6 496.2 493.2 489.1 485.5 481.8 478.8 476.8 474.8 473.4 471.3 471.4 470.1 469.1 466.3 461.6 456 450.6 449.4 450 451.4 452.6 454.1 455.3 455.9 456
301.6 305.4 309.7 314.6 318.2 320.6 322.8 324.7 326.3 327.9 329.3 330 331.1 333.4 335.5 336.4 336.6 340.5 347.5 353.7 360.4 368.2 376.2 385.8 397.2 408.2 419 431.3 443.3 453.9 463 465.9 466 464.5 462.1 463.5 462.6 469.3 470.4 476.5 481.2 484.3 488.2 492.2 495.1 496.9 500.6 504.5 506.6 515.5 515 510.3 504.7 499.9 495.9 491.8 487.4 483.6 479.7 481.1 480.4 479 476.7 474.7 471.9 470 466 462.1 458 457.9 461.2 463.2 465.4 468.8 470.6 469.7 468.2 464.3
