WholeMapElevations/data/sk/sk16_OST50GRID_20230518/SK16.asc
ncols 200
nrows 200
xllcorner 410000
yllcorner 360000
cellsize 50
[rows 0 to 34 of 200, columns 78 to 155 of 200]
369.8 369.3 369.9 370.3 370.4 369.6 365.9 368.3 370.6 370.7 370.9 370.3 371.2 371.1 370.4 369.6 370 369.8 370.5 370.6 369.9 369.3 367.4 364.8 365.5 366 366.1 365.4 364.7 362.7 360.4 358.1 356 354.4 352.1 350.5 348.5 346 342.6 341 339 337.8 335.4 332.7 329.7 325.5 316.4 304.3 275.7 257 235.6 221.6 236.3 255.2 279.9 295.7 302.9 304.9 302.9 299.8 295.1 287.7 298 299.2 298.8 297.8 294.2 280.8 261.4 239.7 217.5 204.3 187.2 173.7 166.5 161.8 154.5 147.1
366.1 364.8 366 366.6 365.6 365.3 361.8 364 366.9 366.9 367.1 367.4 367.9 367.5 366.9 366.4 366 365.9 366 366.1 366.5 366.1 365.2 363.4 363.1 364.2 364.6 364 362.7 361.6 359.9 358.3 357.3 355.9 353.9 351.3 349.3 346.8 344.5 342.1 340 338 336.2 334.2 330.4 325.9 313.4 290.9 268.4 248.7 225.1 238.2 254.3 274.5 296.2 303 303.2 303.9 303.4 300.8 296 299.5 303.2 304.8 304.8 302.5 299.4 292.3 273.2 250.4 227.2 206.1 189.2 173.6 166.1 159.8 151.9 148
362.1 359.2 359.4 359.8 361 360.4 357.8 361.5 363.4 363.6 363.6 364.4 364.2 364.2 363.3 362.7 362.3 362.3 361.9 362.3 362.6 362.8 362.3 361.4 361.5 363 363 362.7 361.6 360.6 358.9 357.6 356.8 356.1 353.9 351.6 349.7 347.1 344.7 342.6 339.9 338 335.6 333.1 329.1 322.9 307.2 280.3 264.6 238.7 233.2 256.5 277.5 294.5 302.2 305.7 305.4 303.8 302.4 300.5 301 303.4 306.2 309.2 309.7 308.5 304.1 298.2 284.6 258.9 235.5 211.8 192.8 175.7 166.1 159 152.8 147.7
358.6 355 354.3 355.2 356.5 356.4 355.6 359.1 360.3 360.6 360.6 360.9 360.8 360.7 359.8 358.5 358.5 358.7 358.2 358.1 358.8 359.4 359.5 358.7 360.2 363 363.2 363.2 361.4 360.6 358.7 357.4 356.7 355 353.2 351 348.8 346.7 344.9 342.8 340.9 338.2 334.9 331.2 324.5 314.6 293.1 272.6 254.1 230.6 251 273.3 296.5 304.4 308.4 308.2 306.8 304.7 302.9 301.8 303.2 305.7 309.5 313.4 313.7 311.9 309 306.7 293.5 269.8 243.1 218.6 197.8 178.2 167.7 159.6 153.7 147.9
355.1 352.3 349.9 351.4 353.1 353.2 353.2 356 357 356.7 356.8 357.1 357.3 356.3 355.7 354.7 354.3 354.6 354.7 354.5 355.2 356.2 356 355.7 359.2 361.2 363.2 363.6 363.2 360.7 358.7 357.5 356.8 355.2 352.9 350.6 347.7 345.3 343.4 341.7 339.9 338 334.1 326.6 319 300 279 260.3 240.4 242.2 269.1 291.2 306.2 312.2 312.5 312.5 309.8 307.7 305.7 304 305.2 307.7 311.7 315.2 316.8 313.1 310.8 308.3 299.5 277.8 252.1 228 203.9 186.6 171 161.1 154 148.6
353 350.6 348.7 349.1 351 350.5 351.1 353.3 353.3 353.1 352.3 353 353.3 352.5 352 350.9 350.3 350.6 350.9 351 351.5 352.2 351.1 354.6 357.2 360.6 361.8 362.6 362.5 360.1 357.8 355.2 354.1 353.2 351.3 348.5 346.7 343.3 341.4 339.1 337.6 335.7 331.7 321.4 310.3 285.4 266.8 248.6 238.6 264.4 285.3 304.4 314.7 315.8 315.7 314.7 312.8 311.5 309.2 307.2 306.6 308.7 311.3 312.7 312.6 311.3 308.9 305.6 299.6 286.8 262 237.6 215.1 196 180.7 168.5 156.5 149.6
351.6 351.2 347.1 346.1 349.1 347.9 347.7 349.7 349.9 348.9 348.3 348.4 348.5 348.6 347.7 346.7 346.3 347.1 347.1 347.5 347.9 346.9 348.7 353.1 356.2 357.8 360.4 361.4 361.4 359.6 355.3 353 351.1 349.9 348.2 346 344.1 342.1 338.5 334.2 332.2 329.7 323.2 313.6 296.2 274.7 257.1 239.6 257.4 276.8 296.1 311.3 317.2 318 318.4 317.3 316 313.8 311.4 309.6 308 307.8 308.4 309.4 308.7 307.9 306.4 303.6 299.6 292.6 277.1 254 228.6 210.7 195.2 179 165.2 152.1
350.1 348.2 347.4 343.5 347.8 346 343.9 345.4 345.5 345.1 344.4 344 344.5 344.3 343.9 343.2 342.5 343.6 343 343.6 344 343.9 346.8 350.6 353 355.4 357.3 359.2 359.3 356.9 352.8 350.5 348.7 347.2 345.7 343.5 344.3 336.8 332.8 327.1 322.3 315.4 309.5 297.1 280.8 263.8 247.4 251 273.9 290.3 304.8 315.1 319.9 320.6 320.1 319.7 318.1 315.8 315.2 309.6 307.7 305.7 305.6 305.4 304.4 303.5 303.8 302.5 299.9 295.2 289.5 272 249.9 230.7 215.2 197.7 182.4 166.4
348.3 346 345.3 342.7 342.9 343.3 340.5 341.8 342 341.6 340.9 340.3 340.1 339.9 339.7 339.2 338.3 339.4 339.5 340.1 340.4 340.1 344.4 347.5 350.4 353.1 354.4 356.1 355.6 354.4 351 348.2 346.2 344.5 342.7 341.1 335.3 330.7 325 317.1 307.6 302.2 286.7 275.4 262.3 251.4 247.7 270.4 288.7 304 316.9 321 322.5 323 323.4 322.3 320.8 318.3 314.6 310.3 306.3 303.8 303 301.3 299.8 298.3 297.8 299.3 298.3 294.9 290.5 285.1 273.7 253.8 237 219.6 203.1 190.2
346.3 343.4 342.8 341.5 338.9 340.2 338.7 337.5 337.7 338.3 337.4 336.3 336.5 336.2 336.2 335.8 335 336 336.1 336.6 336.6 337.7 341.8 344.4 346.6 348.8 351 350 350.3 347.1 347.4 344.9 342.6 342.6 341.3 338.2 330.3 324.1 313.9 299.9 283.8 273 264.8 257.4 250.5 252.1 270.9 286.1 301.7 318.2 325.4 325.3 325.7 326.1 326.4 325.9 325 322.5 318.2 312.7 309 305 302.5 300.9 300.8 298.5 295.1 292.7 294.1 292.8 289.8 286.5 284.2 278.3 263.4 247.3 232.2 218.8
343.5 340.9 339.5 338.8 335.5 336.1 335.8 334.3 334.8 334.3 333.7 332.7 332.9 332.7 332.7 332.8 331.1 332 332.4 333 333 336.3 338.1 340.5 343.2 345.8 345 343.7 342.7 342.3 341.6 340.3 338.4 336.4 336.3 331.8 325.6 320.1 321.4 314.7 297 271.4 257.7 252 262.4 278.6 290.9 303.1 317.5 328.3 329.6 329 329.6 330.2 330.2 330.1 329 326.1 322.3 316.8 311.5 308.3 305.5 303.7 301.3 299.4 295.9 291.9 288.6 289.2 287.8 286 284.3 283 281.9 275 261.9 249.9
340 338 336.9 336.3 333.5 332 332.2 330.8 330.6 331 331 330.6 329.9 329.8 329.3 328.3 328 328.8 329.2 329.6 330.1 332.7 335.2 337 339 339.9 340.6 340.8 341.3 340.8 339.5 337.5 335.7 333.4 331.6 328.4 327 328 326.3 316.6 294.6 269.5 255.7 266.1 286.2 300.2 310.4 320.5 329.2 332.3 333.3 333.5 333.7 334.2 334.8 334.1 332 329.1 326 322.4 317.3 313.5 310.3 306.9 304.2 300.1 295.8 291.2 285.9 283.5 285.2 285.6 284.5 282.2 280.8 280.3 278.5 273.7
336.5 334.5 334.2 333.5 332 327.5 327.9 327.5 327.1 327.1 327.6 327.2 326.7 326.6 326.3 325.3 324.8 325.1 326.1 325.6 327.3 329.9 331.8 333.5 335.3 336.2 337.6 340.1 342.7 343.1 342.6 340.4 337.9 335.5 333.8 332.5 332.1 330.4 326.7 317.4 292.5 268.2 258.6 277 297.3 315.7 324.2 329.6 333.8 336.3 337.6 337.9 338.1 337.3 337.3 335.4 333.2 332 329.8 325.7 322.3 318.9 314.3 310.4 305.8 301.4 296.8 292.9 288.7 284.8 278.8 282.1 282.8 280.5 278.1 277.3 275.7 270.9
332.6 331.7 330.3 330.7 330.1 325.5 322.6 323.7 324.3 325 325.1 324.9 324 323.3 322.9 322 321.4 322 322.4 321.8 324.2 326.7 328 329.6 331.1 332.8 337.2 341.5 345.4 346.9 347.6 347.2 342.6 339.3 337.8 335.5 333.3 329.8 325.9 317.2 295.5 270.5 260.2 277 297.4 315.8 326.5 334.4 337.3 340 339.5 339.6 339.4 338.8 337.3 336.4 334.6 333.2 331.5 328.3 324.8 321.1 316.8 312.2 307.6 303.7 301.3 296.7 291.9 287.4 282.5 272.8 271.5 270.1 267.8 267.3 262.7 257.8
329 328.5 327.3 328.5 327.4 323.9 320.2 319.9 319.2 321.5 321.8 321.8 320.7 319.8 319.8 319.4 318.4 318.9 319.2 318.9 321.9 323.7 325.4 327 328.9 333.4 337.5 341.9 346.2 348.1 348.8 347.9 344.8 341.8 338.8 336.5 332.7 329.4 324.5 317.5 302 276 263 272.7 291.8 313.4 324.9 333.1 335.3 336.7 337.3 338.2 338.8 338.4 337.4 336.1 335 333.7 331.6 329 325.6 322.1 318.4 314 310.1 306.7 303.5 299.4 294.8 288 283.1 278.8 276 269.2 257 248.3 239.7 233
325.2 324.7 324.7 325.4 324.9 323.2 319.1 315.4 315.5 317.7 318.6 318.5 317.9 316.2 316.4 315.8 315.2 315.5 315.8 316.7 318.9 320.6 321.9 323.2 327.7 332.4 336.8 341.9 344.5 346.2 346.7 345.6 343.7 340.9 338.1 334.8 332 328.3 323.4 317.9 308.7 285 265.9 268.9 286.3 307.4 322.2 328.1 331.1 332.7 334.8 336 336.8 336.5 335.9 335.1 334.1 333.4 332.6 329.9 326.1 322.1 318.4 314.5 310.8 308 304.6 299.9 294.4 290.3 289.6 284.8 284.3 283.2 279.6 275.4 269 264.8
321.4 321.8 321.7 322 321.7 320.2 317.7 313.8 312.2 314.1 315 314.8 314.4 312.6 312.5 312.3 311.4 312.2 312.1 314.3 316.7 317.6 318.1 321.8 325.8 330.6 334.6 339.3 342.2 343.2 343.4 343.2 341.7 339.4 336.3 333 330.5 327.7 323.8 319.7 311.3 297.8 275.1 267.8 276.7 299.9 319.5 324.8 327.3 329.1 331.1 332.2 333.7 333.9 333.6 333.3 332.8 332.9 333.2 330.5 326.3 322 318.3 314.1 310.4 306.8 303.7 299.9 298.9 296.6 293.6 287.6 290.3 289 286.3 283.8 281.1 277.6
318.1 318 318.1 319.1 318.2 317.3 315.2 312.2 309.3 310.5 311.5 311 310.4 308.8 308.1 308.2 307.6 308.3 309 311.9 313.5 314.3 315.3 319.3 322.3 326.8 331.2 334.8 337.7 339.6 340 339.5 339.3 337.4 334.6 331.7 328.7 325.6 322.7 318.8 313.9 301.2 281.5 269.8 272.5 297.2 317.4 322 324 325.6 327.4 329 330 330.1 330.2 330.2 330.1 331.2 332.8 330.4 326.9 322.7 319.5 316.4 312.9 309.5 306.2 303.8 301.5 299 295.6 292.6 295.7 294.6 292.5 290 287.3 284.4
317.2 314.9 314.8 315.8 314.9 314.3 313.1 310.9 307.7 307.6 307.5 307 306.3 305.5 304.4 304.3 304.3 304.8 306.2 308.8 310.5 311.4 312.6 315.6 318.6 322.6 326.3 330.5 333.2 334.6 335.4 335.7 335.8 334.9 332.6 329.7 326.5 323.6 318.7 312.8 305.6 296.2 280 273.4 281.1 299 315.1 320.1 321.8 323.3 324.9 326 326.7 327.4 327.2 326.9 327.4 328.5 330.1 329.8 327.7 325 322.1 319.4 316 312.2 309.3 306.9 303.7 301.1 298.6 297.8 300 299.7 298.3 295.7 292.4 289.1
316.3 314 311.9 311.5 311.8 311.7 310.6 308.6 305.9 304.5 304.1 303.7 303.4 302 302 301.4 301.3 301.7 304.2 306.6 307.6 308.3 310.1 313.1 315.6 318.5 321.5 324 327.1 329.2 330 331.1 331.5 331.1 328.8 326.4 323.8 318 311.5 302.5 293.5 284.3 276.7 278.9 290 303.7 311.9 317.3 319.8 321.5 322.3 323.3 324 324.3 324.2 324.5 324.8 325.8 327.7 330.1 329.4 327.6 324.9 322.2 319.5 316.9 314.2 310.6 306.7 304 302 301.5 304.7 304.4 303 300.8 297.3 290.5
315.6 313.9 311.4 308.6 307.6 308.1 307.2 306.5 304 301.6 301.5 301 299.6 299.8 300.1 299.7 298.9 300.1 302.4 304.2 305.3 306.4 308.3 309.9 311.4 314.1 316.5 318.5 320.4 322.9 324.6 325.8 326.2 325.8 324 322.3 316.6 311.3 302 289.5 282.1 279.7 282.7 289.4 299.6 311.1 315.6 317.4 319.2 320 320.3 320.2 321 321.7 322.2 322.5 322.8 324 325.9 328.3 331.2 328.8 327.3 325.2 323.6 321.4 319.2 315.8 311.9 308.3 305.6 304.7 306.2 307.3 307.1 304.8 299.2 291.3
313.8 312.9 311.5 308.8 306.2 304.3 303.5 302.6 301.5 299.2 298.8 298.6 298.4 297.6 297.8 297.3 296.7 299.1 301.2 302.5 303.5 304.6 306.1 307 307.9 308.9 310.6 312.2 313.6 316.2 319.2 320.1 319.1 317 315.4 312.5 309.5 302.4 292.6 284.1 282.8 286.5 293.1 300.1 308.7 313.7 316.6 317.6 318.1 318.1 317.9 317.8 318.9 319.2 319.8 320.6 321.2 322.2 324.3 326.2 328 330.3 329 327.7 327.2 325.4 323.1 320.4 317.3 313.4 310 307.6 307.1 307 307 305.4 299.7 291.1
312.6 311.7 311 309.7 307.7 304.9 302.1 300.4 298.9 297.6 296.6 296.3 295.9 295.4 295.6 295.4 295.3 298 299.7 301 302.5 302.6 303.7 304.5 304.2 304 304.8 306.4 307.4 308.6 309.4 309.8 308.9 307.7 305.3 303.1 298.9 294.4 287.1 285.4 290 296.3 301.8 307.8 313.7 316.2 316.8 317.3 316.8 316.2 315.9 316 316.7 316.9 317.1 318.1 318.9 320.7 322.1 323.6 325.7 327.3 328.9 330.2 330 327.7 325.9 323.8 320.1 317.4 313 309.2 307.7 306.8 306.7 304.2 298.9 289.7
310.8 310.3 310.2 309.8 308.5 306.4 304.2 301.7 299.8 298.2 296.2 294.5 293.6 293.4 293.4 293 294.5 297.1 299.6 301.6 301.9 301.2 301.7 301.7 300.8 300.6 302.2 304.4 305.5 305.7 305.1 304 301.8 299 296.5 293.7 291.5 288 287.6 290.1 296.5 302.4 306.8 312.2 315.8 317.4 317 316.4 315.3 314.9 314.3 314.5 314.9 314.6 315.2 315.8 316.9 317.7 319.5 320.8 322.7 324.5 325.4 327.6 327.9 328 326.7 324.3 321.4 317.7 312.7 308.9 306.7 306.4 305.9 302.6 295.7 282.6
309.6 308.5 308.7 308.5 307.7 306.1 304.6 303 301.3 300.5 298.3 297 293.8 291.3 290.9 291.3 293 297.1 299.1 300.6 300.7 299.5 298.2 298.4 298.7 302.1 305.9 308 307.4 306.5 305.3 303.4 300.8 298.6 296.5 294.1 291.7 290.6 292 294.2 299.5 304.5 310 313.8 316.5 317.6 317.5 316.6 315.3 314.2 313.7 312.8 313.3 313.3 313 313.7 314.7 315.4 317.1 318.2 319.3 321.1 323.1 324.6 326.5 327.2 326.8 324.2 321 316.6 312.5 308.8 306 303.1 302 298.4 290.5 287.6
309 307.5 305.9 306.1 306.3 305.1 303.7 302.6 301.7 300.9 300.2 298.9 297 293.2 290.2 288.7 290.5 295.9 297.1 297 296.8 296.7 296.2 297 300 304.1 308.2 310.3 311.2 310 308.7 307.5 306.2 307.6 305.8 303.8 301.6 298.5 296 299.5 299.1 304.6 309.6 313.6 316.3 317.8 317.9 317.1 315.9 314.4 312.1 312.5 310.3 311.5 310.8 311.7 312.4 313.3 313.8 315.3 316.8 318 320.2 323.1 325.8 328.6 327.2 325 322 318.6 313.8 309.6 307.1 304.9 302 293.6 289.2 296.7
308.6 307.1 305.2 303.1 303.5 303.7 302.6 301.6 300.8 300.2 299.8 299.2 297.5 295.3 291.8 288.6 288 289.3 292.4 292.4 293 294.5 296.1 298 301.2 305.4 308.5 311.2 312.9 313.6 314.4 314.3 314.4 314.5 313.6 312.2 310.3 304.4 300.9 304.8 305.4 305.3 307.7 312 315.1 316.5 316.8 317.2 316.9 315.9 314.3 313.1 311.6 310.8 309.4 308.3 309.6 310.9 310.7 312.7 314.1 316.5 320 322.3 326.3 328.2 328.3 325.9 323.3 320.3 317.1 313 309.4 306.4 302.7 294.4 298.2 303.7
308.9 306.2 305.5 303 300.2 300.5 300.7 300.3 299.3 298.9 298.7 298.1 296.8 294.6 292.4 289.1 286.7 287.1 289.4 295 297 298.8 300.6 301.2 302.9 306 308.1 310.6 313.5 315.1 317.4 318.2 317.3 316.3 315.5 314.3 312.4 306.1 304.7 307.5 308.8 309.1 311.2 312.7 314.7 315.7 316.8 317.7 317.6 316.8 315.9 313.6 312.3 311.3 311 308.3 307.2 308.9 310.1 310.1 313.3 315.8 319.3 322.7 325.3 326.7 326.6 325.2 323.2 320.4 317.3 313.7 309.6 304 298.6 300.4 305.3 313.9
305.6 305.7 304.7 303 300.2 297.5 297.4 298.6 297.7 297.7 297.2 296.7 296.3 295.2 293.8 292.2 286.4 285.4 294.1 299 302.2 303.1 303 302.6 303.5 305.7 308 310.4 312.2 314.4 316.6 317.9 318.1 317.3 316.4 315 313.5 309 307.3 309.8 311.1 311.3 312.2 312.9 314.5 315.6 316.8 317.4 317.5 317.3 316.5 314.8 313 312.1 310.7 307.9 306.1 307.5 308.2 309.9 312.1 314.9 318.4 321.8 322.6 322.7 323.6 323.3 321.2 318.4 315.1 310.2 306.2 303 304.5 307.2 313.7 318.3
304 304.3 303.1 302.3 300.5 297.4 294.3 295.3 295.7 295.8 296.3 294.9 295.3 294 292.9 291.4 285.7 285.5 296.5 300.3 303.1 302.8 302.3 302.4 303.3 304.4 305.8 308 310.9 312.7 315.1 316 316.9 317.4 316.3 315.5 314.6 313.2 311.1 311.5 311.8 311.1 312.3 312.8 313.5 314.6 315.8 316.4 317.1 316.5 316.1 315.2 313.3 311.9 310 307.9 305 305.7 306.9 307.9 310.1 312.7 315.8 318.6 319.5 320.4 320.9 320.7 318.4 315.6 312.1 307.4 307.1 307.7 310 314.3 318 321.7
302.6 303 302.3 301.2 300.1 298 294.7 293.1 292.3 292.2 293.7 293.6 292.6 292.7 291.4 288.1 284 287.1 296.7 300.1 302.6 302.3 302.4 301.5 302 302.8 304.7 305.6 308.2 311.1 313.6 315.1 317.1 317.3 316.6 315.8 314.7 313.5 312.9 312.6 311.9 312.1 312.3 312.7 313.1 313.5 314.8 315.5 316.2 316 316.3 315.1 313 310.8 308.8 307.1 304.2 304.6 306.2 308.2 309 311.1 313.5 315.5 317.5 318.1 318.6 317.7 315.7 312.9 311.6 312 312.4 314.3 317.5 320.9 323 324.5
301.6 301.6 300.8 300.5 299.1 297.3 294.9 292.3 290.7 288.9 289.2 291 291 290.7 291.1 286.5 282.3 288.8 296.3 299.2 301.6 301.3 300.8 300 300.9 301 302.6 304.5 306.5 308.7 311.2 313.9 316.3 318.1 317.6 317.7 315.6 313.9 313.4 312.9 312.8 312.4 312.2 312.5 312.3 313.1 313.8 314.4 314.8 315.4 316 314.7 312.1 310.2 307.6 304.4 303.4 304.8 307.9 310 311.7 312.8 314 314.1 315.8 316.9 317.6 317.5 316.6 315.8 317.1 318 319.7 321.9 323.6 325.9 327.1 327.3
300.5 299.9 301.7 301 300 297.3 294 291.7 290.1 288 286.5 286.8 289.1 289.6 290 286.4 281.9 287.6 294.7 297.9 300 300.1 298.2 296.6 298.8 300 302.1 304.2 305.3 307.8 310.2 312.6 315.2 316.7 318 317.3 316.7 315.1 315.1 313.6 312.8 312.1 311.5 311.7 310.9 312.3 312.4 313.1 313.4 313.6 313.6 313.1 310.7 308.8 305.7 301.8 302.2 304.3 307.5 310.1 312.1 314.6 318 316.1 316.3 316.7 317.2 317.6 318.4 319.8 321.7 323.4 325.3 326.5 327.3 328.6 329.6 329.2
301 302.3 302.6 302.3 302 299.2 296.4 293.8 292.1 289.9 286.9 285.1 285.3 287.5 288.4 285.4 280.8 286.4 292.7 295.5 296.8 296.2 296.5 300.1 301.9 302 301.9 304.6 306.9 308.2 309.8 311.9 314.2 316.9 318 317.8 317.3 316.7 315.4 313.9 313 312.2 312.1 309.4 309.4 310.2 311.3 311.8 311.9 311.9 311.7 310.4 308.6 306.7 304.4 300.1 301.7 303.9 306 308.6 311 313.7 316.7 317 316.9 317.3 318.3 319 320.7 324.1 324.4 326.4 327.5 327.8 329.3 330.4 331.4 331
302.8 304.7 304.7 304.4 303.7 301.2 298 295.7 293.9 291.9 289.4 287 283.6 283.3 284.6 282.9 280 284 288.5 289.5 291.1 295.7 300.3 302.6 303.7 304.1 303.8 305.2 307.9 309 310.2 311.7 313.2 314.9 317 318.2 319 318.6 316.3 314.2 312.9 311.9 310.5 309 307 308.7 309.5 310 309.6 309.5 309.2 308.1 306.5 304.2 301.4 299.4 301.3 303.1 304.6 307.6 309.6 312 314.5 316.6 317 317.6 318.6 320.2 321.5 323.3 324.6 326.3 328 329.3 330.5 330.9 332.7 332.6
