UK/data/nn/nn69_OST50GRID_20230518/NN69.asc
ncols 200
nrows 200
xllcorner 260000
yllcorner 790000
cellsize 50
[rows 35 to 69 of 200, columns 0 to 77 of 200]
720.8 729.6 738.8 745.8 750.7 758.7 769.1 781.2 792.4 800.9 807.9 811.9 815.7 818.5 816.4 809.7 798.7 781.9 762.8 742.5 729 718.6 712.1 710.9 709.4 701.2 688.4 672.4 652.7 630.3 608.3 589.7 581.3 587.1 588.8 591.2 590.1 588.5 586.1 573.5 567.4 564.4 555.9 547.3 536.3 527.8 516.9 510 501.7 496.8 487.2 483 482.7 482.4 482.1 486.8 489 487.6 488.6 490.4 491.1 492.5 492.6 492.2 493.2 491.9 490.7 488.3 484.6 480.5 479.8 474.2 474.2 473.3 472.3 470.2 467 463.2
721.4 731 742.1 748.8 756.6 764.2 774.1 785.3 794.1 801.3 807 813.3 819.5 823.2 820.6 813.3 802.1 787.3 768.2 748.6 734.2 721.9 715.9 712.9 707.7 697.8 682.4 662.1 638.9 619.8 601 589.4 599.4 605.1 612 616.2 620 631.3 620.2 599.3 583.2 577.1 572 563.2 556.6 542 532 520.8 516 511.3 503.5 501.2 499.9 498.9 499.8 500.5 502.8 505.2 507.9 510.7 511.3 510.3 512.4 512.2 512.5 509.5 505.6 503.3 499.2 496.2 492.6 488.7 487.4 484.8 483.5 479.4 479.6 476.3
721.4 734 744.7 752.9 759.8 768.5 777.4 787.6 796 802.5 809.3 816.8 824.3 825 820.1 813 804.3 789.6 772.9 754.4 737.2 726.7 720.8 712.8 703.7 690.4 668.6 648.2 628 606.5 596.5 608.8 620.7 628.8 642.8 652 660.2 660.6 651 630.1 602.3 588.6 582.2 576.4 571.3 558.2 545 532.1 531.5 525 520 518.9 518.9 519.6 516.4 520.1 521.9 522.4 527.5 530.7 531.3 531.6 531.2 530 527.4 522.9 519.1 514.7 509.8 506.6 504.7 500.4 497.5 497.4 497.7 494.2 493.9 492.2
722.7 735.1 746.9 755.5 762.7 770.1 778.2 786.8 796.3 804 810.5 819 821.4 820.8 817 811 801.3 789.8 773.4 756.9 742.9 731.5 722.1 711.9 697.5 678.7 655.5 632.4 606.6 615.3 621.5 630 641.6 660.4 671.2 681.3 690.6 692.5 684.3 658.8 620.9 600.8 590.7 583.3 576.4 566.7 554.6 552.1 547.3 543.3 540 538 538.1 536.8 537.7 538.4 542.5 544.7 546.7 548.8 551.7 554.2 553.1 549.4 542.6 536.6 530.2 525.4 520.2 518.5 517.3 514.9 512.9 513.4 511.6 510.7 509.5 506.6
721.7 732.5 743.9 754.3 762.2 769.9 777.2 788.4 798 804.7 809.3 815.1 816 814.8 811.2 805.7 797.7 786.7 772.5 758.8 745.9 733.4 723.7 707.5 690.5 672 655.6 635.6 623.5 630.8 637.6 646 667.1 686.1 699.6 708.1 715.8 715.3 709.2 678.7 643.2 615.8 600.6 590 581.4 573.4 571.8 569.4 567.1 561.6 559.1 557.6 557 559.1 559.6 559.4 561.9 564.1 568 569.9 572.3 572.9 570.8 566.5 560.9 554.2 545.5 540.1 536.9 534.6 532.6 534.1 532.5 529.1 528.3 525.4 522.4 519.7
716.6 730.8 743.6 754.6 762.5 770.9 779.2 790.4 799.4 804.3 806.5 808.9 809.7 807.2 803.7 799.5 791.9 782.7 770.2 755.9 745.5 733.9 718.8 702.5 685.2 671.3 655.6 635.3 633.3 639.9 651.1 671 694 711.2 722.9 733.1 738.8 738 728.5 698.2 639.5 623.9 608.4 595.5 584.3 580.2 584.5 582.2 580.7 578.6 576.8 575.6 576.7 577 577.4 578.1 580.7 584.5 588 588.8 588.2 588 586.5 579.3 574.6 568.7 561.4 557 554.2 552.8 551 548.3 545.8 543.1 541.9 539.8 534.8 537.4
719.5 734 747.4 757.5 765.2 774.6 784.8 795.5 800.4 799.3 802.9 802 801.2 797.8 795.2 791.3 784.6 774.7 764.1 752.3 740.8 728 713.8 696.6 682.1 670.9 653.3 633.8 640.9 653.8 670 693.6 712.3 726.2 738.9 750.6 756.5 758.1 734.6 681.7 649.6 630.7 614.9 600.4 595.4 590.5 592.7 593.3 592.4 592.5 591.5 591.2 591.8 591.9 591.4 595.4 599.6 602.6 604.3 605.4 607.1 604.9 600.5 592.2 586.9 580.8 574.6 572.7 569 566.9 562.8 561.8 561.8 558.9 555.5 555.4 556 560.8
726 737.8 750.5 760.3 771.6 781 790.7 793.9 794.8 794.6 795.9 794.3 791.5 789.7 787 781.9 774.5 767.3 758.5 746.1 732.6 719.6 705.4 690.2 681.3 674.1 665.5 637.3 654.4 671.7 688.3 707 721.2 735.7 749.3 760.3 768.3 767.7 741.3 684.7 657.9 637.1 619 602.6 598.3 597 597.9 601.6 607 605.5 605.4 605.7 603 605.5 609.5 613.5 617.1 617.4 619.6 622.7 623.8 617.8 610.8 605.3 600.1 596.7 592 588.1 584.6 582.8 577.9 574.8 575 574.3 577.2 580.1 586.1 587.7
729.2 742 753.7 764.5 776 784.4 788.2 787.8 786.3 786.3 786.6 785.5 782.5 779.6 775.3 770.6 764.3 757.7 748.3 734.9 721.7 711.2 699.9 693.9 686.4 676.8 665.3 661.1 671 685.2 701.4 714.7 729.3 743.9 756.2 767.3 774.1 771.7 744.4 708.9 677.4 642.7 627.3 612.9 607.3 603.6 606.2 610.4 615.8 616.9 618.9 620.6 623.2 626.5 630.7 631.8 633.1 637.7 637.7 637.5 636.1 631.1 623.2 620.8 615 612.4 608.3 604.2 600.1 596.9 595.1 594.9 593.8 598 603.7 611.3 618.4 606.5
732.7 744.5 758.2 768.5 779.6 783.5 780.9 779.3 778.6 777.7 776.6 775 772 767.9 763.1 755.8 752.8 745.5 736.8 722.9 716.3 705.8 700.2 692.4 684.1 674.3 666 674.6 686.1 697.2 712.5 723.6 738.3 750.1 760.9 770.2 775.4 773.7 769.8 747.4 716.1 676.9 649.5 631.2 619.3 614.7 616.5 622 626.4 630.5 633.7 637.4 645.1 649.4 653 656 657.6 661 661.9 656.4 653.2 648.6 645.8 640.6 640 633.4 631.2 623.4 618.1 624.6 629.4 624.9 626.8 633.9 643.8 650.8 640.7 623.6
736 751.6 762 771 775.5 777.2 774.3 770.3 769.4 767.6 765 762.2 758.5 753.3 750.5 747.1 741.1 730.7 726 717.8 708.9 701.8 696.3 686.8 679.6 674.7 678.5 687.9 698.8 709.5 720.7 732 744.2 755.3 764.8 772.3 777.4 781.6 786 786.5 738.5 707 671.4 641.7 626.2 626 627.9 632.4 637.6 645.2 649.5 656 664.7 670.8 677.9 680.7 687.7 690.8 687 678.5 673.2 672.5 670.1 667 668.2 668.9 660.6 649.2 648.5 662.7 665.5 667.6 665.8 674 677 659.6 648.5 622.6
741.2 758.6 765.3 769.5 769.8 769.2 762.7 759.7 759.5 757.5 753.6 748.7 741.2 741.3 739.9 735.8 730.3 723.5 717.3 709.2 703 695.5 689.8 683.6 679.3 682.3 691.1 700.4 711.4 721 730.8 741 752.1 760.1 769 776.3 782 790 797.7 796.6 749.9 713.4 674.8 650.6 636.5 635.8 638.1 642 650.2 660.4 670.8 682.1 690.6 696.1 698.2 710.9 717 716.1 709.1 698.2 695.2 696.2 696.4 693.3 700.8 698 683.1 669.2 680.6 694.5 699.6 697.8 701.4 693.9 673 660.9 632.4 596.5
752 766.2 771.5 771.5 767.6 759.2 754.5 748.5 745.6 742 742.5 739.6 737.4 734.3 727.8 726.8 721.9 715.4 709.9 704.4 697.1 692.7 687.7 684 686.9 693.9 702.3 712 721.6 732.4 741.2 749.7 758.4 766.3 773.6 778.7 787.3 797.6 803.8 796.4 761.8 718.7 699.7 676.1 660.5 648.1 652.4 656.7 664.7 677.4 690.7 703.3 708.8 716.9 724.3 724.6 728.1 727.7 718.4 711.1 709.5 714.5 712.6 712.2 719.4 710.3 704.3 692.9 702.3 713.6 714.7 715.2 700.2 681.9 668 639.6 604.7 575.8
769.2 782.5 777.5 770.9 760.9 750.1 746.5 742.3 738 738.5 738.4 734.8 731.2 728.6 722.9 719.2 713.7 709.8 704.9 700.5 696.3 690.9 685.5 691.9 696.9 704.3 714 722.8 734 743.2 751.3 758.6 766 772.1 777.9 784.7 794.7 802.7 808.9 798.9 773.1 747.2 728.2 703.1 681.9 666.5 665.6 674.1 680.9 701.1 717.5 728.3 734 749 753.8 743.4 734 729.2 721.6 720.4 722.9 725.1 727.3 723.2 723.4 724.9 715.7 708.6 717.4 724.6 720.6 704.1 685.7 669.8 650.9 610.2 568.3 541.3
782 786.3 774.8 761.1 754.5 748.3 740.7 736.7 733.8 733.5 732.3 730.1 727.5 722.4 719.4 713.3 709.2 707.4 703.8 698.8 694.8 693.2 695.7 700.4 706.8 715.6 725.5 736.3 745.9 754.6 761.5 768 772.6 777.6 783.3 791.4 799.8 809.5 807.5 805.6 803.8 781 747.2 721.8 707.4 693.1 691.7 690.2 707.3 727.5 742.3 751.8 764.7 777 769.9 754.3 742 733.6 728.5 728.1 730.8 734.5 728.8 728.6 729.4 729.2 712.8 716.6 722.5 715.3 704.8 684.1 668.7 653.1 611.5 571.3 542.9 519.7
784.9 775.8 764 758.4 752.6 745.4 737.5 731.7 729.9 728.3 726.5 723.9 721.7 717.7 714.6 710.6 708.7 706.3 703 698.2 699.3 701.5 703.6 710.1 718.6 727.9 738.2 748.2 757 764.9 770.9 774.9 778.5 783 787.9 796.8 804.7 807.7 809.9 810.8 810.9 807.9 772.4 755.9 740.3 721.3 719.1 726.5 740.6 756.7 767.9 777.4 791.8 787.2 775.9 764.5 749.9 739.4 734.6 733.8 732.9 731.2 728.7 730.2 725.7 719.1 714.4 716.8 709.6 700.8 683.5 668.8 648.4 616.7 586.1 553.2 528.7 506.9
774.1 770.8 764.9 757.9 749.4 738.5 730.9 726.9 726.1 723.5 721 718.9 715.5 713.5 712.5 710.2 708.2 705.4 703 703.6 704.4 708.6 714.9 720.7 731 740.9 749.5 757.4 765.5 771.4 776.9 781.3 785 788.8 795.2 802.6 806.4 809.7 812.6 816.5 816.9 814.5 811.3 801.8 768.1 749.9 753.8 770 780.9 786.8 789.6 795.8 793.7 789.1 777.3 765 753.2 747.2 745 739.9 736 724.1 719.5 719.7 715.9 711.2 709.9 695.7 691.4 680.5 666.8 648.6 626.6 598.3 574.6 536.3 517 491.8
772.2 766.2 759 750.2 740.8 733.5 727.8 722.8 720.4 717.4 716.6 714.8 713.5 711.3 710.1 708.8 706.5 706.4 706.8 708.4 712.1 718.3 724.8 731.9 742.9 751.5 759.4 767.4 773.2 779.5 783.8 787.1 791.3 797 800.6 804.7 807.9 811.1 815.3 817.3 819.8 826.2 829.9 816.8 802.4 790.6 793.4 806.3 803.2 801.1 800.3 798.1 792.1 785.8 773.2 762.6 760.3 758.3 754.5 753.1 734.6 710.3 701.6 704.2 707.4 698.6 688.9 682.4 673.3 664.1 656.3 634.1 605.5 578.3 550.5 526.6 503.6 477.9
771.5 761.3 751.3 743.5 737.3 732.8 725.3 720.4 715.8 715.2 713.5 711 711.3 708.7 708.2 707.2 708.6 709.4 710.3 714.8 722.4 728.5 735.4 742.8 752.8 762.3 768.2 774.2 780.6 785.2 789 792.8 799.1 800.7 802.2 805.2 810.5 814.9 817.2 819.5 827.8 833 822.7 816.4 814.3 813.3 809.2 806.4 808.1 807.1 799.1 796.1 788.9 776.4 770.9 770.1 768.5 765.3 761.6 748.8 724.7 701.3 687.9 688.6 690.6 683.1 679.8 667.1 660.8 646.9 636.7 604.4 584.4 570.5 541.8 521.7 493.3 469.3
765.4 757.1 751.2 750.8 742.1 732.7 725.9 720.2 716.3 715 711.1 711.1 710.2 709.1 710.4 710.5 711.2 714.1 717.8 723.2 733.8 741.1 746.7 753.7 762.7 769.1 774.1 780 785.1 790.9 795.8 801.9 801.3 800.6 803.3 806.9 810.8 814.8 820.8 824.1 822.5 817.9 812.1 809.6 804.7 800.5 797.8 798.4 797.9 788.3 782.9 779 773 770.3 774.8 774.7 773.1 767.3 757.1 735.9 715.9 697.5 673.1 673.1 672.5 670.6 661.9 653.8 640.7 623.9 611.1 588.5 576.9 556.4 528.4 508.7 485.1 461.2
760.5 757.4 757.9 750.3 742.4 735.3 728.2 722 717.8 715.9 712.9 711.5 710.8 712.5 713.9 715.6 718.2 723.9 726 730.8 738.9 749.9 758.6 763.3 770.4 773.5 779.4 783 790.3 797.7 800 798.6 797.3 798.6 800.5 803.4 808.5 812.3 812.7 808.6 805 801.4 797.2 793.7 789.3 786 784.3 783.9 774.7 765.5 761.8 761.5 762.3 768.1 773.5 774.1 769 760.2 747.2 727.5 706 683.3 666.8 664.3 660.4 654.7 650.7 640.8 629.6 620.4 593.2 572.2 550.7 530.4 513.7 501.4 483.7 461.9
761.2 764 757.6 750.9 745 739.7 733.2 727.4 724.2 721.4 718.3 716 716.6 717.9 720.7 724.5 729.4 731.3 736.2 741.1 747 752.7 760 766.7 772.3 775.5 780.3 786.3 793.9 795 791.6 789.7 790.1 793.6 796.6 798.7 801.1 802.4 798.5 793.1 788.9 785.2 778.6 775.5 772.4 769.8 767.6 761.1 751.7 747.9 749.5 753 758.4 767.3 772.2 767.5 761.8 753.4 736.6 713.9 690.4 669.6 661.3 656.9 649.6 640.7 634 629.3 613.8 591.9 568.1 549.5 538.7 527.4 513.3 510.6 485.8 455.9
763.5 763.7 759.7 754 749.9 748.3 740.2 734.8 730.4 727.6 723.3 723.4 723.4 725.4 728.3 732.8 738.2 743.5 746.6 752.8 758.7 762.6 762.7 769.1 773.7 777.2 784.2 793.7 788 783.8 782.3 782.7 785.3 788.1 788.3 789.8 790.8 787.6 780.9 773.1 769 765.6 759.8 756.4 754.5 753.1 744.5 737.1 733.9 735.4 739.1 746.2 754.3 761.9 764.3 760.2 754.9 732.6 713.1 690.2 670.3 663 659 653.7 641.7 628.9 619.2 606.6 589.8 572.7 558.8 546.8 538.3 531.6 510.3 500 482.5 453.2
764.1 765.5 763.6 760.5 756.9 752.4 745.8 742.1 737.5 736.9 735.6 735.9 735.7 737.5 738.2 743 747.4 750.8 754.2 759.6 764.1 765.4 768.9 773.6 777.3 780.2 787.4 782.6 777.7 775.3 774.2 776.3 778.5 779.2 777.7 777.1 773 765.1 757.3 752.5 749.8 745.1 741.1 739.8 738.2 729.8 722.1 721.8 723.5 727.4 731 737 746.6 755.2 756.6 750.5 727.8 708.6 690.1 673.5 665.7 658.6 654.3 647.5 634 614.9 605.3 590.8 580.7 563.8 552.9 544.3 528.8 514.3 495.9 483.5 466.3 434.2
766.5 767.1 767.8 766.6 762.3 756.7 751.9 748.8 749.2 753.7 752.2 753.5 749.9 758.1 767.4 772.4 771 769.9 768.9 766.7 768.2 773.2 776.1 776.7 779.6 786.7 782.6 772.9 767.3 765.3 766.5 768.5 767.8 766.3 763.3 757.2 748.5 741.4 735.5 731.8 727.8 724.7 724 721.6 714.5 707.6 705.5 706.7 711.4 717.3 720.7 727.6 739.7 746.1 731.5 724.7 711.9 695.7 679.4 668.3 658.3 651.8 646.7 638 623.8 615.1 600.9 582 564.9 554 540.2 519.8 505.3 492.7 479.1 467 449.9 426.6
769.5 774.4 773.3 770.8 767.2 760.6 760.2 763.6 767.5 768.4 767.3 766.9 769.4 778.5 784.7 788.1 788.5 784.2 776.1 772.9 777.8 780.7 777.6 778.9 781.1 781.8 771.8 761.8 757.7 754.3 756.3 752.7 750.3 748.1 741.4 732 725.5 719.2 714.6 711.5 708.7 705.7 703.1 697.5 694.7 692.2 691.2 694.3 700.2 706.9 713 722.3 734.8 729.6 718.8 707.5 695.9 683.6 671.1 665.7 658 654.1 647.9 640.5 629.4 626.3 613.6 579.7 557.2 537.2 524.1 504 486.2 470.9 461.2 453.8 436 411.5
773.6 777.6 776.2 775.1 772.4 769.4 774 776.6 777.7 778.8 782.2 789.2 790.9 795.2 797.4 794.1 790.3 782.6 780 781.2 777.6 777.8 779.6 781.3 773.4 769.6 760.4 753.3 747.7 742.3 738 734.3 730.4 726 715.7 708.2 702.6 699.5 695.9 692.9 689.7 688.3 682.9 681.7 678.9 678.9 681.6 684.5 689.5 698.5 706.8 712.4 717 712.8 705.2 702.2 701.6 698.5 686.9 672.4 670.8 667.9 653.4 642.8 637.9 627.2 603.8 580.2 569 543.9 525.2 500 478.3 462.4 448.3 439.5 419.9 399.4
775.4 777.2 778.2 778.9 776.9 782.2 785.3 790.2 791.2 795.3 801.7 805.9 805.3 798.7 793.7 789.6 784.9 786.1 784.3 779.9 774.7 774.9 780.2 769.8 759.9 756.3 748.4 743.8 733.2 720.2 719 711.2 703.4 696.5 692.1 688.6 686.1 682.3 679.9 677.6 674.9 671.9 668.6 665.9 666.9 669.4 670.9 675.4 681.6 689.2 695.7 703 708.5 714.6 712.8 711.9 709.5 720 696.1 680.6 684.7 680.2 671.2 647.3 628.6 618.4 605.9 597.3 573.1 540.3 515.7 488.6 464.9 446.6 435.2 424.1 405.6 387.6
780.8 783.4 786.5 784.8 790.2 796.9 804.6 804.3 803.7 809.8 809.1 804.8 796.2 792.3 788 784.7 785 784.4 782.1 779.2 772.9 772.7 767.5 761.3 751.1 742.8 737 725.6 710.8 701.2 696.8 691.1 683.6 679.9 677.9 674.3 669.6 667.3 665.3 662.1 659.3 657.9 656.3 656.2 657.6 660.1 664.4 668.8 675.7 683.2 691.8 701 723.5 720.9 720 728.5 735.8 733.5 695.6 693.5 690.6 680.7 667.8 646.1 622.8 625.9 614.5 590.1 559.8 529.2 497.9 470.9 449.4 432.2 422.4 406.8 393 374.1
786.5 796.2 793.9 796.2 805.2 811.2 810.1 802.9 805.7 804.3 796.4 793 788.4 783.9 784.8 785.3 782.5 781.7 781.7 779.9 774.8 766.8 759.5 751.2 740.6 732.4 719.2 703.4 692.3 685.7 682.1 674.4 670 666.5 661.7 657.3 653.7 652.4 649.6 647.8 646.2 645.4 645.3 646.9 649.2 653 659.1 663.8 671.7 682.4 692.3 710.2 715.9 722.1 730.3 741.6 741.5 712.2 693.3 699 699.2 692.5 668.9 639.5 627.5 621 599.5 570.4 539.3 511.2 479.8 457.4 440.8 419.9 404.6 395.7 381.4 370.7
799.6 799.1 798.2 807.7 811.2 804.8 799.1 792.6 790.7 788.2 787.3 784.6 778.5 781.5 783.6 783.6 780.8 778.3 775.4 772.3 767.2 758.7 750.1 739.4 729.1 715.5 700.5 686 677.9 671.4 665.7 658.7 655.8 651.2 646.4 643.3 640.6 640 638.4 635.8 636.5 636.6 638.1 640.2 644 649.4 653.8 660.2 667.8 678.4 694 707.3 719 735 738.3 735.4 725 718 691 700.2 693.9 676.9 653.7 633.7 621.4 604.9 586.7 546.5 521.5 497.3 472.4 450.8 432.5 414 395.1 385.7 375.2 365.9
799.9 800.2 806 800.2 793.2 789.1 785.4 780.8 777.3 776.9 775 772.5 776.7 777.4 778.5 776.9 770.9 770.5 767.9 763.2 754.4 746.2 738.2 727.8 718 701.3 684.8 673.9 664.8 657.9 651.2 645.5 641.8 638.4 633.5 631.1 628.7 628.2 627.4 626.9 628.3 629.9 633.7 637.9 641.8 646.4 650.5 654.4 670.5 695.2 706.8 715.5 728 733 731.1 730 719.1 688.7 682.2 684.3 674.2 661.2 652.4 622.5 608.7 592.2 562.5 534.8 508.4 480.2 460.3 441.7 424 407.1 388.9 376.1 367.1 360.6
800.1 808.2 795.9 782.6 779.3 773.3 764.6 762.5 763.2 762.1 761.5 767.2 767.7 768.5 767.2 764.1 761.5 756.9 751.2 743.8 739.6 734.1 726.8 718.1 706.5 685.7 673.1 662 651.2 643.8 638.1 632 626.8 623.4 620.4 618.1 617.7 617.3 617.4 619.4 621.6 627 631.9 634.8 639.5 642 648.2 665.3 690.2 700.9 708.5 715.1 719.6 715.1 715.2 705.3 682 661.4 661.5 660.8 656.4 654.8 637.4 605.9 592.3 569.5 547.9 528 500.8 471.9 451.1 433.5 417.9 401.1 382.4 368 360.1 353.8
793.7 786.6 775.1 767.8 759.1 751.9 747.5 747.5 747.9 750 753 753.5 754.5 754 754.3 752.4 747.1 740.8 733.4 731.8 728.7 724.1 717.3 706.6 689.6 672.8 662.1 649.6 639.7 632 625.4 619.8 614.5 610.1 608.5 607.4 607.7 608.1 610.1 610.6 617.4 624.3 626.8 632.7 637.2 641.2 659.6 675.6 686 694.8 697.9 698.8 699 692.5 688.6 674.7 656.1 644.7 647.5 645.8 636.8 627.8 615.2 590.4 576.8 560.1 536.2 507.4 482.7 461.3 446.9 432.1 412 390.1 375.1 362.8 358 351.6
779.3 767.8 760 751.8 739.8 730.7 726.5 728.2 731.6 736.6 740.6 741.7 741.7 742.1 740.2 737.3 729.6 722.7 721.3 722.2 720.3 717 705.9 695.5 676 661.4 650 637.4 627.5 620.3 613 606.5 602.9 598.2 598.1 598.9 597.2 598.5 599.5 605.2 615.6 620.4 625.5 631 637.3 648.4 657.5 663.9 675.6 679.1 683 674.6 672.4 666.5 657.8 648.4 631 631.8 636.1 634 624.1 614 596.3 580.7 569.5 549.2 522.4 490.9 475.3 459.2 439.1 416 394.6 380.1 366.3 359.6 353.8 347.4
