UK/data/ns/ns61_OST50GRID_20230518/NS61.asc
ncols 200
nrows 200
xllcorner 260000
yllcorner 610000
cellsize 50
[rows 70 to 104 of 200, columns 0 to 77 of 200]
260.1 262.2 264.8 268 271.1 273.7 277 280.1 282.5 284.6 286.1 287.5 289.4 291.6 294.1 295.8 296.4 298 298.9 298.2 301.1 302.8 306.1 307.1 309.8 312.8 314.3 314 313.7 312.3 312.1 310.8 309.7 308.3 306.7 305.9 305 304 302.6 300.1 298.7 293 285.1 272.5 265.3 265.2 264.6 266.6 265.8 264.9 267.6 270.5 273.6 278.2 280.6 280.2 278.3 275.3 272 271.1 272.2 273.4 274.7 276.2 280.5 283 285.5 287 290.9 293.8 296.3 298.6 301.6 304.8 308.2 311 313.9 315.7
258.8 260.6 262.9 265.8 269.2 273 276.7 279.9 282.5 285.6 287.7 289 289.1 292.3 294.8 296.1 297 298 298.6 299.6 300.6 301.2 301.8 304.6 307.4 311.7 313.6 311.9 310.6 310.6 310.7 309.5 309.2 308.7 307.8 306 304.9 304.6 303.4 301 298.4 294.9 288.2 273.8 266 263.1 263.2 265.4 265 263.3 264.7 268 270.9 274.3 277.6 279.4 278.3 276 271.3 271.3 272 272.8 274.1 275.5 277 279.3 281.6 285 288 290.7 292.5 295.8 299.1 302.1 306.5 309.5 312.3 314.5
257.2 260 262.1 264.9 267.5 270.9 275.3 279.1 282.4 284.8 288.3 289.2 289.7 292 295 296.2 297.1 297.7 298.3 299.4 300.3 301 301.7 305.2 303.8 305.2 306.1 308 304.2 309.5 311.1 309.8 309.4 308.7 308.8 307.1 305.6 305.1 304.2 301.8 298.9 295.4 285.3 277.1 267.9 264.6 263.1 263.2 263.4 261.9 263.8 266.8 268.5 271.5 274.8 277.9 277.5 273.2 270.4 273.1 272.9 272.3 273.4 274.6 276 277.7 280.7 282.6 284.9 287.7 290.5 293.5 296.9 299.6 302 306.5 310 312.6
255.5 258.6 261.7 264.1 266.7 269.9 274.2 277.9 281.7 284 286 288 288.8 290.7 292.1 294.9 296.2 297.1 297.8 299.2 300 300.7 300.9 301.3 301.2 301.4 302.7 305.2 305.3 306.9 308.3 309 309.6 308.2 308.3 307.7 305.4 304.4 303.9 301.7 299.1 296.4 287.9 279.2 270.5 266.1 263.3 262.8 262.2 259.5 261.8 261.7 264.9 269.3 272.9 276.3 273.6 270.2 275.4 275 274.3 273.9 274.3 274.4 275.2 276.7 278.6 281 284.3 287.2 290 292.7 295.1 297.8 299.3 301.5 304.8 309.8
253.2 256.6 259.8 262.8 265.8 268.8 272.2 276.8 280.7 283.2 285.2 286.9 288.2 289.6 291.8 293.4 295.1 296.4 296.7 298.2 298.3 299.6 299.8 298.3 298.2 298.2 298 303.1 302.8 304.2 305.3 307.5 309 309.4 300.9 300.4 303.3 301.6 299.9 300 298.6 295.9 289.7 281.4 274.1 269.5 265.2 260.4 259.4 258.1 263.6 267.1 262.8 266.4 271 271.9 266.9 276.4 276.9 277.1 276.3 275.5 275.7 276 276 276.2 277.5 279.1 282.4 285.8 289 290.6 293.5 296 297.8 298.5 302.2 305.7
251.6 254.3 256.9 260.3 263.3 266.8 270.2 274.5 279 281.9 283.6 285.7 286.9 288.2 289.9 291 291.6 292.3 295 296.3 297.6 298.1 297.6 295.5 294.1 294.2 295 297.6 298.6 299.8 302 304.3 307 306.8 300.4 300.4 300.9 297.4 296.9 297.7 295.7 292 287.7 282.3 277.8 272.6 264.5 261.2 260.5 262.4 266.1 268.3 269.6 263.8 265.6 266.2 275.8 277.2 278.3 279 279 278 277.6 277.6 277.4 277.7 278 279 280.9 282.7 284.6 290.1 294.2 295.9 298.2 300.4 302.9 306.8
249.4 252.5 254.9 257.2 260.2 263.6 267 270.7 275.1 278.6 281.8 284 285.6 286.7 288.8 289.2 289.2 289.1 290.8 292.7 294.1 295 293 289 284 286.1 286.6 290.2 291.9 293.5 296.3 298.1 300.2 303.2 302.7 301.2 298.6 296.1 295.2 295.3 292.2 288.2 285.9 280.9 276.3 271.3 262.8 254.6 252 263.6 266.7 268.5 269.8 270 270.3 272.5 275.7 278.1 279.3 280 280.5 281.1 280.4 279.4 278.9 279.2 279.6 279.9 281 283.5 286.3 288.9 293.7 296.7 299 300.8 303.5 307.4
247.7 251.1 252.3 254.6 257 260.3 263.9 267.3 270.6 274.3 278.2 280.9 283.2 284.5 286.6 286.7 286.1 285.6 285.8 286.2 287.4 287.4 287.7 284.9 275.8 276.1 280.4 284.3 286.8 289.3 292 294 296.4 298.9 298.8 297.8 296.9 295.6 294.5 293.5 291.7 287.9 283.1 277.6 274 270 265.5 258.8 251.2 264.1 267.2 268.9 269.8 270.6 270.7 272.8 275.1 277.7 279.6 281 281.6 282.4 282.3 281.4 280.7 280.7 281.2 281.8 282.5 284 286 288.4 292.4 296.7 298.9 300.6 303.2 307.5
240.5 247.8 251 252.1 253.7 257.3 261.5 264.6 267.8 270.9 273.7 277 279.5 281.6 283.6 284 283.3 282.7 281.9 284.5 283.7 282.7 281.8 278.5 271.3 272.8 276.9 281.3 283.6 286.3 288.2 290.1 292.4 295.1 295.6 295.3 295.1 295.1 294.3 294.3 292.8 286.7 284.8 280.3 276.3 273.2 267.1 257.8 250.3 263.4 267.5 269.2 270.1 270.9 271.2 272.3 273.9 275.9 278.6 280.2 281.5 282.4 282.8 282.5 282.6 283.1 283.3 283.5 284.7 285.2 286.9 287.9 291.5 296.3 298.4 300.1 303 307.5
236 241.4 247 250.2 251.5 254.4 259 262.3 265.5 268.8 270.7 272.8 275.3 276.7 279 280.1 280.2 278.4 276.8 278.7 279 276.4 277.4 273.8 269.5 268.5 272.5 277.1 280.7 283.9 285.1 286.7 289.4 292.1 292.9 292.9 293.1 294.6 294.9 294.5 292.1 285.4 283.8 280.2 278 275.6 268.9 249.2 260.9 262.2 267 269.6 270.2 271.5 271.7 271.9 272.4 273.8 276.4 278.7 280.3 281.5 282.3 282.9 283.9 285.3 286.4 286.2 286.8 285.9 286.4 287.3 291.4 296 297.4 299.5 301.8 306.2
230 236.6 240.5 244.9 247.6 251.2 255.4 258.4 261.6 264.5 266.6 267.7 270.4 272.6 272.7 275.5 273.2 271.7 272 272.1 271.1 266.1 267.1 265.4 265.5 266.3 272 275.6 280 282.2 282.7 284.4 286.9 288.8 289.8 290 290.8 291.7 291.9 291.5 289.6 283 281.2 280.4 278.5 275 265.2 249.9 257.6 261.5 266 270.1 270.3 270.9 271 271.2 271.4 272.2 273.9 275.8 277.8 279.5 280.3 281.6 284.2 286.1 287.6 288.4 289 285.9 286.1 286.7 290.7 295.6 298.1 299.3 301.1 303.9
225.7 230.5 236 240.2 243 247 251.4 254.2 257.3 259.5 261 261.2 263.9 266.6 267.4 266.6 267 266.9 266 263.5 261.8 261.9 261.6 261.9 264.6 267.4 271.5 275.3 279.5 280.8 281.5 282 285.2 287.3 287.7 288.3 288.5 288.7 288.1 288.7 285.5 278.7 278.7 277.3 276.3 271.7 261.5 244.5 256.5 260.4 264.3 269.1 269.8 269.6 269.7 270 270.6 271.1 272.1 273.8 275.5 277.1 277.9 280.4 282.7 285.3 287.7 289.6 289.5 286.4 285.8 286.7 290.5 295 297.1 299 300.9 302.6
219.7 224.9 231.4 235.5 238 242.8 247 248.7 251 251.7 250.4 253.9 255.6 257.4 260.5 262.9 263.3 263.6 262.7 261.1 260 260.4 261.4 262.6 264.7 268.4 271.8 276 278.7 279.6 279.9 279.9 282.5 284.7 282.9 283.5 285.4 285.3 284.2 283.3 279.7 275 272.6 270.9 269.4 264.7 256.3 242.2 256.8 259.5 262.5 265.8 267.5 268.3 268.4 266.8 269 269.9 270.7 272.3 273.3 274.9 277.3 280.1 282.5 284.3 286.1 288.9 290.4 287.5 285.7 285.4 287.9 291.8 295.2 297.7 301 303.1
215.5 215.5 219.4 228.9 231.9 234.7 240.8 243 245.4 243.7 244.3 248.2 251.2 255.2 258.1 260 261.4 262.2 261.6 259.8 259.7 260.8 261.4 263.2 264.9 268.3 271.1 272.8 274.8 277.1 276.9 277.4 276.5 278.8 278.6 278.6 279.3 281.5 281.8 279.4 276.6 274.1 270.3 266.7 264.2 259.1 253.2 244.7 256.8 259.5 261.7 263.8 266.1 267.1 266.1 267.1 268.7 269.3 270 271.2 272.5 274.5 277.2 280.2 282.6 284.1 284.6 286.3 288 288.7 286.6 284.4 283.1 287.9 291.6 295.1 298.3 303.9
215.5 209.4 208.9 214.5 223.1 229.1 235 237.9 239.4 238.6 240.8 244.4 248.1 251.2 253.4 255.6 258.5 261.4 260.9 256 260.7 260.2 260.4 261.8 262.2 264.1 267.3 268.9 270 271.3 271.9 273.2 273.1 273.9 274.4 274.6 275.1 276.6 278.3 276.1 275.6 273.7 270.2 265.2 261 257.6 252.1 245.1 256.5 259.5 261.2 262.4 264.5 266.1 263.9 266.4 268.2 268.9 269.6 270.7 272.6 274.4 278 280.5 282.8 284.3 285.1 285.8 286.6 287.6 286.5 283.5 281 282.2 288.4 291.3 293.8 296.4
221.6 218.1 209.1 205.9 210.6 223.7 229.3 233.1 235.2 236.6 238.8 241.2 244.2 247.2 249.2 251.7 253.9 256.5 258.2 254 255.7 255.6 255.6 256.9 258.7 260.9 263.7 264.9 265.7 266.7 267.7 267.9 268.9 268.1 270 270.3 270.7 272.3 273.9 274 273.4 272.6 270.4 264.7 260.6 256.2 247.6 239.3 251.9 258.9 260.7 261.9 263.2 264.9 261.2 265.1 267.2 267.8 267.4 270.9 272.6 274.1 277.7 280.6 283.4 285 285.8 286.6 287.3 286.9 284.6 280.3 279.1 281.3 285.8 288.7 291.5 293.7
217.3 218.4 212.3 202.6 201.3 216.9 223.2 227.8 231.9 234.5 235.3 236.8 240.4 243.5 246 247.6 249.1 251.3 251.9 248.7 251.5 251.2 251.1 253.2 255.4 257.3 259.5 261.1 262 263 263.7 264.5 265 262 265.2 265.5 265.3 267.6 268.7 270.3 271.4 270.4 267.2 264.2 260.3 255.6 250 233.3 250.1 257.4 259.7 260.8 261.8 262.6 258.2 260.8 263.3 263.6 267.8 271.2 272.6 274.4 276.9 280.1 283 284.9 285.5 286.1 286.4 285.2 282.1 278.5 277.5 279.3 283.4 286.3 288.7 291.1
212.5 212.3 209.8 201.4 198.2 209 215.9 220.9 227.1 231.2 232.5 233.7 236.9 239.7 241.8 243.3 244.8 246.5 246.4 244.3 247.6 247.6 248.5 249.4 251 252.7 254.4 256.8 257.9 258.4 259.5 260.5 260.9 257.9 260 260.3 260.8 262 262.2 266.3 268.9 267.8 265.3 262.7 259.7 255.3 248.2 230.4 247.2 252.2 256.3 259.1 260.2 260.5 257.4 256.1 256.7 262.6 268.5 271.4 272.8 274.8 277 279.9 281 282.9 284.3 285.2 284.8 282.5 279.9 277.9 276.6 277.3 280.4 283.6 285.3 287.3
208 207.7 205.6 196.9 196.9 205 210.3 216 223.2 227.7 229.2 231.5 233.1 235.3 237.3 239.7 241.1 241.9 242.1 242.1 243.6 243.2 243.2 245.3 245.9 247.9 249.6 251.6 253.4 254.2 255.1 255.8 255.8 253.1 255 255.8 256.1 255.8 256.5 260.6 263.8 263.2 260.4 259.7 257.2 254.2 248.8 228.7 242.5 248.1 251.7 257.1 258.3 257.7 255.4 248.4 257.5 262.3 266.9 270.5 272 274.9 277.1 279.2 279.7 280 281.4 282.2 281.6 280 278.4 277.1 275.5 275.9 278.1 280.1 281.4 282.4
202.9 202.6 200 195.2 194.5 202.2 208.4 212.8 218 224 226.8 228.5 229.8 231.1 233 235 237 238.4 237.2 238.1 239.8 239.5 240.6 241.4 242.7 244.2 245.5 247.2 248.4 249.5 250 250.4 250.5 249.2 249.3 251.1 252 250.9 250.5 253.3 255.1 254.9 253.2 254.3 253.9 252.4 247.8 237 237.9 243.7 247.4 251.9 256 253.9 247.2 251.2 257.8 261.5 265 268.2 271.1 274.1 276.9 278.7 277.7 276.9 278.1 278.9 278.7 278.5 277.5 276 274.6 275.7 276.6 276.2 276.5 278.2
198.4 198.8 196.2 196.3 193.7 199.8 205.6 209.9 215 218.5 223.8 225.3 225.7 227.5 229.5 230.9 232.4 233.8 233.1 233.1 230 233.4 237.2 238.6 239.3 241.3 242.6 244.1 244.9 245.4 245.8 245.6 245.6 243 241.4 246 247.2 245 246.6 247 248 248.7 249.1 250.3 250.7 249.6 245 233.8 225.1 239.8 242.9 246 251.4 247.5 240.6 255.3 257.6 259.5 261.8 264.7 268.5 272.2 275.6 276.4 276.1 275.9 276.4 275.6 275.1 275.9 276.6 275.5 274.4 275 274.1 271.7 270.1 271
193 195 195.3 195.1 193.3 196.3 203 207 210.9 216.1 219.8 221.8 220.4 222.7 225.8 227.4 228.8 229.3 227.3 229.8 228.4 229.1 229.5 232.7 232.7 235.7 238.4 239.4 241.8 242.1 242.3 241.9 241.2 238.9 237.7 239.1 239.3 239.9 243.9 245.4 245.5 245.5 246.1 246.7 247 246 242.7 236.9 223.6 234.1 239 241.9 245.9 233.9 252 254.9 256.5 257.4 259.5 262.2 265.7 269.5 273.5 274.5 275.1 276.5 276.8 275.6 274.7 274.1 274.6 273.2 271.6 270.9 269.9 268.7 268.4 268.5
191 191.1 192.1 193.9 193.9 195.4 201 204.9 208.4 213.3 216.4 217.3 216 218.4 220.3 223.1 224.2 222.1 226.6 229.2 229.5 229.1 229.1 231.1 230.3 230.9 233.1 233.2 236.1 238.1 238.3 238.1 236.3 235.7 234.5 232.8 233.4 233.8 236.9 242.9 243.1 243.8 244.1 241.4 241.5 241 238.7 233.9 229.1 224.1 236.3 238 229.5 241.4 250 253.5 254.9 255.1 257.7 260.4 264.3 267.5 270.1 272.8 275.4 277.1 277.2 276.5 275.2 273.6 272.4 271.5 270.8 270 268.5 267.8 267.7 267.8
190.1 189 190.3 191.1 191 194.9 196.5 202.5 205.3 208.5 210.5 210.6 214.2 217 218.1 215.8 221.1 224.9 224.9 226.3 229.4 229.3 228.9 230 230.2 230.5 231 230.6 231.3 231.1 231.2 232.3 232.8 232.2 230.6 228.1 228.5 229.4 231.6 235.9 233.2 230.7 231.2 233.8 237.6 239.1 239.8 236.9 227.3 220.7 230.7 224.1 233.3 243.7 247.5 249.5 251.1 253 255.8 259.2 262.5 265.7 269 272.4 275.3 277.5 278.1 277.6 276.2 273.7 271.9 270.1 269 268.7 268.2 267 267.1 267.2
188.6 188 188.3 189.3 190 190.4 194.6 198.7 201.7 203.3 205.4 208.9 212.1 215.5 217 212.4 219.2 222.4 227.9 226.6 226.9 226.7 227.8 227.3 228.7 228.9 226.5 225.4 227.4 225.7 226.4 227.2 225.9 225.7 225.2 223.9 222.4 224.3 224 223.8 224.7 226.3 228.7 230.7 234.5 237.3 239.4 237.6 232.6 217.1 218.4 231.7 237.2 241.8 246.1 247.1 248.8 252.1 254.6 257.8 260.9 265.6 268.4 271.4 274 276.7 278.5 278.5 276.7 274.3 272.3 269.7 267.6 266.6 266.8 266.4 266.3 266.1
189.1 188.3 187.6 188.4 189.2 189.5 191 194 196 199.8 203.7 206.8 210.1 213.6 215.7 212.9 212.8 217.4 219.6 222.1 223.6 223.5 221.4 221.8 223.3 223.2 221.1 222.1 221.8 221.7 222.3 223.2 221.8 220.9 220.7 219.4 216.6 219 218.8 217.7 218.1 221.8 224.9 227.3 230.9 235.6 238.1 237.9 236.3 226.1 214.3 226.5 236.5 240.2 243.6 245.1 247.4 251.1 253.4 255.6 260.3 264.7 267.8 270 272.2 274.8 277.2 278.1 276.6 274.5 272.6 269.9 267.1 264.4 263.8 262.3 263.8 263.4
189.4 188.7 187.3 187.5 188.4 188.9 189.7 192 193 196.7 201 203.8 207.9 211.6 213.8 213.3 208.2 212.7 213.9 214.8 217.3 218.8 217.2 215.8 215.7 215.8 216.1 216.8 215.6 215.7 216.6 216.4 216.7 215.7 215.7 213.1 213.5 213.5 213.6 214.5 215.8 216.3 217.4 223.3 227.3 231.7 233.5 234.6 237.9 234.5 216 216.4 232.4 234.9 238.3 243 246.4 249.4 251.8 254.5 258.2 261.2 264.9 266.5 268.6 270.4 272.7 273.5 274.8 274.1 272.1 269.4 265.8 262.8 259.4 260.9 261 260.6
188.6 187.9 187 187.3 188.1 188.4 188.8 190 190.9 192.1 195.6 199.2 202.6 208.9 212.4 211.1 204.7 207.9 210.2 209.9 210.8 211.2 211.7 211.5 211.7 211.4 210.6 207.7 207.5 207.8 211.5 212.8 210.8 211 210.8 209.7 210.7 210.7 210.9 212.2 214.5 214.7 217.4 219.5 223.6 227.6 229.2 230.2 233.2 235.4 227.9 210.3 224 229.1 234.9 240.2 243.5 246.4 249.3 253 256.5 258.5 259.3 261.6 262 263.8 265.1 266.8 269.1 271.7 270.7 268 264.1 260.8 258.5 254.6 256.2 256.8
188.7 187.9 187.2 187.1 188.2 189.3 190.2 190.4 189.9 189 191.9 196.2 199.1 204.3 210.7 209.4 205.8 201.3 205.7 206.7 206.5 205.9 206.6 205.6 206.4 205.2 203.8 200.7 199.1 202.5 202.3 205.4 206 205.8 205.6 205.1 206.7 207.8 208 210.2 211.9 212.4 213.3 216.6 220.3 223.2 224.2 226.9 229.4 230.2 228 210 215.1 223.3 231.4 235.2 239.5 242 245 249.7 251.9 254.6 254.8 256.7 256.4 258.2 260.6 261.7 264 266 265.4 263.2 260.5 258.1 255.2 248.6 246 250.4
189.3 187.5 188 187 188.3 190.9 192.6 191.8 190.1 188.2 189.7 191 195.8 201.3 206.8 208 204.6 198.8 200.3 202.5 202.5 202.3 202 199.7 199.9 199.3 199.2 197.5 195.8 198 197.5 200.3 201.5 201.9 201.7 202.4 204.2 205.3 207.1 209.2 212.1 209.4 207.2 212.9 216 218.5 220.2 223.4 224.1 225.2 223.3 209.1 212.1 224.3 228 230.7 234.1 238.6 240.6 242.2 244.6 248.7 249.5 252 252.2 252.8 254.9 257 258.1 259.4 259.4 258.8 256.5 253 250.1 245.5 238.7 243
189.7 188.9 186.2 187.3 187.7 190.7 191.1 191.1 187.2 186.6 190.6 188.6 191.5 196.8 204.6 206.5 203.7 197.4 195.6 196.1 196.7 195.6 194.1 193.9 193.4 193.4 194.5 194 193.7 194.5 194.4 196.5 197.7 198.4 199.4 200.7 202.5 204.7 206.7 209.2 211.1 205.7 202.9 205.1 211.3 214.2 216.1 218.3 219.6 220.2 219.2 204.6 212 221.4 223.8 226.6 229.2 233.9 235.5 236.6 238.3 242.7 245.5 246.5 247.5 246.7 248 251.2 252.8 254.5 254.8 254.7 252.8 247.9 243.7 240.4 234 238.1
184.2 187.8 185.8 187.9 187.3 187.6 190.5 188.6 185.4 185.1 189.4 188.3 188.9 196.3 202 205.6 203.3 195.1 193.8 192.9 191.6 190.4 189.7 189.8 189.8 190.5 191.2 192 192.2 192.4 192.6 193.3 194.3 195.7 197.4 199.3 201.2 203 205.6 208 209.7 202.8 199.5 203.1 208.1 209.7 212 213.7 214.5 215.1 212 204.1 212.2 213.3 217.7 221.6 224.3 228.2 229.1 231.5 234.2 236.5 239 241.7 242.6 240.2 242.4 245 247.1 249.1 251.1 251 250.1 247.1 243.6 238.9 233.3 230.9
183.1 183.9 185.6 186.7 187.1 186.9 189.7 187.3 185 184.9 185.9 186.3 188.3 194.9 197.5 201.4 199.9 194.7 192.6 191.7 190.9 189.4 188.3 188.3 188.9 189.5 189.1 190.5 190.6 191 191.6 191.7 192.9 194.6 196.4 198.3 200.1 201.8 203.6 205.8 206.7 201.3 198.8 199.1 203.8 205.2 208 210.2 210.9 210.8 203.4 205.6 209.7 210.2 214.6 216.7 218.9 221.9 224.4 227.2 230.3 232.1 234.4 236.6 233.2 236.8 237 242.9 244.7 247.6 249.5 249.9 249.1 247 243.9 239.9 234.8 226.8
183.3 183 183.8 186.7 186.3 188.9 186.3 187 187.1 184.6 185.5 185.8 187.5 192.9 196.3 196 196.4 194.8 192 190.9 190.1 188.9 188 187.9 188.4 188.7 189.5 189.9 189.8 190 190.7 191.3 192.7 194.5 196.3 198.2 199.4 201.3 203.4 205.3 204.4 202.2 199 198.2 199.4 199.7 204.1 206.4 206.2 202.2 200 208.5 208.6 207.9 209.4 212.5 215 218.3 220.4 222.2 224.7 227.1 229.4 228.9 229.7 232.4 234.9 239.9 242.7 246.2 249 249.7 249.2 247.1 244.7 240.6 235.8 231.1
182.8 182.8 182.8 182.9 186.5 188.5 183.5 187 185.8 187.3 185.3 185.6 186.3 190.9 193.7 196 195.7 192.5 194.7 190.7 189.5 188.6 188.1 188.1 188.2 188.4 188.9 189.9 190.8 191.3 190.8 191.3 192.6 194.3 196.1 198.3 199.3 201.2 203.7 205.8 205 202.4 200 198.4 196.2 197.3 201 202 198.8 198.2 206.5 208.2 208.3 206.9 205.9 206.4 211.3 213.8 216 216.7 219.4 220.8 223.4 224.9 226.1 229.8 232.2 233.1 239.1 242.6 245.6 247.3 248.9 247.7 245.6 242.2 237.3 231.9
