WholeMapElevations/data/sh/sh82_OST50GRID_20230518/SH82.asc
ncols 200
nrows 200
xllcorner 280000
yllcorner 320000
cellsize 50
[rows 70 to 104 of 200, columns 78 to 155 of 200]
326.9 330.6 335.6 339.7 345 349.8 356.7 371.9 385.5 387.6 375.2 358 338.2 306.9 298.8 287.5 270.4 249 229.6 225.7 227.5 229.5 238.9 248.6 259.7 275.2 292 307.2 329.6 349.1 364.6 373.4 382.9 392.7 400.7 407 413.5 415.4 419.4 422.4 427.7 429.5 435 440.3 443.5 440.3 434.1 431.6 428.6 425.7 425 420 422.7 425.7 432.3 436.4 444.6 455.2 463.7 470.8 481.9 492 497.1 504.2 516.6 520.5 528.2 518.7 509.9 498.1 483.2 461.1 451.2 447.8 444.1 433.2 428.5 424.1
329.4 333.5 337.9 344.7 350.7 355.3 364.1 378.1 388.9 387.9 366.8 347.6 322.2 300.8 289.1 268.4 249.5 230.2 224.5 227.3 225.4 233.8 242.3 254 267 283.9 299.5 319 342.2 359.5 373 382.3 393.2 404 411 418 421.7 423.9 427.2 429.4 434 435.3 439.8 444 446.1 443.7 440.2 435 431.8 429.2 429.5 426.1 426.5 430.3 437 440.9 450.1 460 467.5 476 487.2 496.1 503.6 511.6 519.6 527.1 532 531.6 530.1 523.2 496.7 474.1 465.8 456.8 452.6 442.7 440.9 438.8
331.1 336.3 343.3 349.9 356.6 362 370.9 381.4 385.8 385.6 352.3 332.5 311.4 285.9 265.7 247.6 231.1 223.2 225.7 226 231.7 237.9 247.9 259.7 276.7 292.4 311.8 328.2 353.4 371.9 385.1 393.6 406.1 416.1 421.4 427.6 430.2 433 434.2 435.5 439.9 441.8 444.5 448.4 447.2 446.3 443.7 439.8 435.1 432.7 433.5 431 431 436.6 443.9 447 455.5 463.1 469.6 477.7 489.7 497.8 510.8 518.4 522.6 539.6 543.9 548.6 548.8 537.8 511.5 489.8 473.3 470.2 462 454 451.6 450.1
334.5 340.5 347.5 356 364.1 372.4 379.5 383.7 378.7 366.4 339.2 320.7 293.7 268.1 246.7 230.9 223.1 225.1 226.5 230.3 236.1 242.8 254.5 268.1 285.9 305 324.3 342.5 366.2 381.9 396.2 406 418.8 425.8 433.3 437.1 441.9 439.7 440.2 444.8 446.5 447.1 450.3 453.2 451.1 450.3 447.6 444 438.6 436.3 440.3 442.4 442.8 443.9 449.1 454.6 457.8 464.5 470.6 482.1 494.2 502.9 517 520.6 532.8 549.7 559.4 563.8 559.6 553.1 525.1 507.5 484.6 482.4 472.6 465.3 462.9 463.1
339 344.5 352.5 363.9 371.3 380.2 388.2 384.9 364.7 347.1 327 302.6 274.1 251.1 231.7 221.4 223.3 225.8 229.3 233.8 242.3 250.5 260.5 277.9 296.8 314.8 335.7 357.7 375.6 393.1 407.1 418.5 429.8 437.3 443.8 447.2 448.9 446.3 450.1 452.7 454.7 453.7 457.1 457.7 457.2 453.7 452.1 448.7 442 439.7 444.4 447.3 449 449.7 453.7 458.7 463.9 467.3 470.5 484.8 499 510.4 523.7 523.9 542.6 559.1 570.1 574.3 571.3 563.3 538.8 519.4 495.6 494 488 479.3 475.8 480.1
344.2 349.6 356.7 373 381.8 387.9 385.3 368.7 353.1 333.8 306.4 280.3 256.3 233.7 221.3 221 223.1 227.2 231.6 238.6 249.9 261 273.8 289.4 305.7 324 344.9 365.9 383.2 402.2 414.7 428.3 440 449.2 453.2 457.6 453.7 456.6 458.3 460.2 461.8 463.2 462.3 461.1 461.3 458.6 454.9 451.1 446.7 441.9 448.8 451.2 453.9 455.8 459.3 461.9 467.2 473.2 479.6 495.6 508.3 520.7 530.9 537 557.5 574.4 577.7 581.8 580.7 567 548.7 526.9 507.2 507.1 499.7 488.5 484.7 486.4
349.7 355.4 362.9 375.1 383.2 375.2 367.2 362.5 343.3 313.9 286.4 261 239.4 222.1 219.6 221.4 224.4 228.5 237.2 249.1 259.7 265.1 286.4 302.8 316.7 333.9 354.2 372.5 392.3 408.4 422.4 438.1 450 458.4 464.8 466.7 461.4 467.5 469.2 470.3 468.7 470 468.1 465.4 464.1 461.5 459.6 455.8 454.8 446.7 453.6 456.9 459.8 460.5 463.8 467.9 470.5 479.5 487.9 502.8 511.7 525.7 533.3 544.3 565 582.6 587.8 592 588.5 577.8 555.4 532.8 517.5 512.9 503.5 493.1 487.7 483.9
352.8 359.6 368.6 377.4 377.7 365.7 359.2 351.1 322.8 293.9 264.8 242.6 221.3 219.4 219.2 222.4 227.6 236 246.3 258.1 273.6 283.6 288.4 311.2 326.7 344.5 366.3 382.2 399 415.1 429.2 446.9 458.3 467.5 473.3 472.5 474.9 477.4 479 478.9 478.7 477.7 474.2 470.5 467.6 464 462.6 462.7 459.6 454.3 458.2 462.5 465.4 470.5 472.8 476 478.5 485.5 497.2 507.6 520.2 534 540 547.2 574.6 587.6 597.2 596.5 588.9 572.8 557.7 535.8 521.2 513.5 502.1 490.7 484.2 475.1
354.2 360.8 373 376.4 357.9 354 349.1 333.7 306.2 275.1 245.9 225.2 217.2 217.3 219.2 224.4 234.7 243.1 257.5 270.7 286.2 302.1 309.7 323.1 337.5 353.9 374.4 389.3 405.6 421 439.9 453.2 464.7 474.1 480.2 480.5 483 487.9 488.3 485.2 485.7 483.8 479.7 476.3 472.9 469.2 467.3 464.3 462.4 460.2 462.4 467.8 473 477.6 480.4 486.4 486.6 491.8 499.5 511.9 526.2 534.2 542.3 557.3 580.5 594.3 603 599.6 591.4 577.3 555.2 530.7 516.7 507.8 493.5 482.9 477.9 467.2
357.2 366.7 375.6 369.4 346.3 342.4 335.2 316.2 292.2 256 231.6 215.8 215.9 217.3 219.3 228.3 240 255.1 267.7 280.9 300.2 317.5 329.1 334.8 348 361.8 380.6 397 414.5 431.1 450.6 462.6 472.2 479 482 488.5 493.2 498.2 495.5 492.9 494.9 493.3 487.2 483.4 480 474.9 473.3 472.8 470.5 469.2 470 473.1 479.1 484 488.1 494.4 496.4 496 504 515.2 531.6 538.6 542 562.6 585.1 596.6 601 597.1 591 570.6 550.5 520.3 505.7 495.8 484.3 476.6 470.6 459.2
364 369.3 370.7 353.4 333.5 322.6 320 292.5 265.6 235 218.8 215.5 215 215.6 221.5 236.1 252.3 270.6 283.5 296.6 312.6 328.7 343.3 349 358.3 369.1 388.2 404.7 422.7 440.9 463 473.3 479.2 483.6 490.2 498.4 503.6 506.9 503.2 503.7 504.9 502.2 497.7 491.8 485.3 483.2 485.8 482.4 474.2 474.8 480.1 480.1 485.9 489.3 494.1 501 503.3 505.3 515.6 528.8 541 547.6 551.6 571.5 590.8 596.7 599.3 596.2 586.9 569.6 544.2 518.8 504.5 489.3 477.5 469.9 464.3 460.4
357.8 366.6 355.1 341.2 322 310.8 294.3 266.2 242.6 218.3 214.3 214 214.8 217.8 229.9 249.3 269.9 284.2 299.8 310.4 325.6 340.6 354.8 363.4 367.8 375.7 394.4 410.4 431.1 450.3 471 480.7 486.2 494 500.8 506.1 512.5 514.6 515.1 515.3 513.5 510.5 505 498.3 493 493 491.1 484.4 479.4 485.4 488.8 487.6 490.2 494.2 497.7 504.1 510 516.7 525.2 541.9 551.8 556.9 562.1 577.4 596.4 601.5 609.7 604.8 581.9 562.8 538.7 517.5 502.1 486.9 477.4 471.3 466.5 463.9
352.1 354.1 345.8 322.5 303 289.5 267.1 242.8 220.1 213.3 213.4 214.6 216.3 227.7 242.5 262.4 282.2 295.6 307.7 321.3 336.9 352.9 363.6 372.7 373.7 381.9 398.9 414.1 435 456.7 475.1 484.5 493.8 499.7 507.5 513.3 519.7 525 526.7 524.8 522.9 519.3 514.9 507.9 504.9 501.4 497.9 489.4 488.5 494.6 495.8 496 494.2 500.3 504.5 510.9 515.5 524.2 531.1 546.2 557.5 565.1 568.8 586.1 602.5 609.3 614.7 601.8 584.5 560.5 536.9 516.5 503 491 483.6 477.1 471.7 467.5
340.3 337.8 318 297.1 280 262.1 244 221.2 213.3 213.6 214.5 216.5 227.7 243 257.6 275.9 290.3 301.8 314.6 334.4 353.9 364.9 372.9 381.7 385.6 386.2 400.1 415.6 435.5 454.9 470.8 483.5 492.9 501.6 508.4 516.4 526.1 534.2 536.2 537.2 534.4 528.9 524.3 519 515.7 510.2 504 497.3 498 500.3 501.2 503.4 505.6 510.3 514.4 519.8 525.9 537.8 545.8 558.3 568.5 573.1 577.4 591.8 609.2 614.9 615.3 607.6 591.4 567.6 537.7 524.8 511.6 501.8 495.3 486.9 483 478.2
325 311.5 292.5 273.4 256.1 240.5 222.7 216 213.9 216.8 217.3 225.5 239.4 254.4 269.1 284.2 298.1 309.4 325.4 346.1 364.7 376.6 380.8 388 393.1 392.6 405 414.8 432.1 448.8 465 477.6 490.1 500.5 508.8 518.4 527.8 539 545.1 548 542.6 537.8 533.4 523.3 519.4 514.1 507.2 505 506.2 507.1 508.2 511.5 516.3 518 523.9 531.6 538.7 547.2 556.8 568.7 576.3 582.4 585.6 601.2 615.5 625.5 622.4 615.8 591 569.9 538.6 530.2 515.9 509.8 504.9 496.1 489.5 482.4
305 284.7 269.4 252.3 236.7 219.9 210.4 212.6 215.4 219.4 223.3 236 255.4 267.2 280.1 297 309.5 320.9 342.2 360.6 377 381.2 388.8 395.1 398 402.8 410.2 421.8 437 450.1 463.2 475.9 488.7 499.2 508.7 517.2 527.3 540.1 550.5 554.6 552.9 548.4 539.2 532.7 526.9 521.8 517.6 516 512 513.5 515.8 516.7 525.6 526.3 534 540.8 549.5 559.1 568.4 576.9 582.1 589.1 596.1 610.1 620.8 628.6 627.9 616.3 593.9 569 541.5 529.9 518.1 515.7 508.8 501.7 495.4 486.6
284.9 266.8 247.2 233.9 218.4 208.4 211 213.7 217.2 224.4 232.7 250.1 267 279.8 292.1 304.5 317.4 335.9 360.3 375.8 381.7 390.3 395.5 400.6 402.5 409.4 420.1 429.9 441.9 454.5 466.8 478 488.1 499.4 510.1 518.8 526.9 536.6 547.8 553.5 558.4 554.2 546 539.7 533.4 529.1 524.1 523.1 520.6 521.3 524.4 526.4 533.7 536.3 543.6 547.9 554.8 563.4 573.5 579.1 585 591.7 603 624 630.8 641.4 645.5 633.8 597.2 564.4 535.7 524.8 517.3 513.1 509 503.2 497.3 487.3
267.4 249.6 232.7 216.9 205.7 208.1 211.7 214.9 219 223.3 232.6 258.2 274.8 287.9 299.9 312.8 332 353.2 369 380.6 386.8 391.8 397.9 403.6 408.1 414.7 429.3 439.6 448.3 459.4 468.4 478.9 487.9 499.9 511.2 520.8 529.3 537.5 546.2 552.1 557.9 556.8 551.7 547.5 541.1 535.6 531.7 531.4 528 528.3 529.7 533.1 538.1 543.7 552.2 555.7 567 574.8 579.6 588 595.2 605.2 617.4 632.4 644.6 660.9 666.5 651.2 584 529.1 513.1 508.8 508.7 504 500.4 494 486.9 478.7
250.9 233.8 216.3 207 205.6 209.9 211.9 214.8 225.6 243 236.8 243.9 262.9 287.1 306.2 328.3 349.3 363.5 373.5 380.8 386.9 392 398.8 405.8 412.6 422.5 438.2 448 456.5 464.6 472.8 479.9 489.7 502 512.7 522.3 528.4 537.6 545.8 551.7 555.7 557.9 557.8 557.2 550.2 544.7 542.7 536.7 534.7 534.6 537.4 539.9 544.5 549.9 557.4 566.9 575.7 584.9 590.1 598.6 606.5 620 628.8 642.2 658.5 673.1 670.9 633.7 541.4 490 476.7 467.2 464.4 472.2 470.6 462.8 456.8 457
233.6 217.5 204.8 202 210.8 219.1 224.7 233.2 244.9 259 268.2 274.6 270.1 272.4 311.8 340.8 354.3 364.1 371.5 377.1 385.2 392.7 398.7 405.6 416.4 431.2 446 453.1 463.8 470.9 476.7 484.9 494 501.1 513.7 523.7 528.8 536.5 547.3 552.6 557.3 559.9 560.7 562.2 558.3 553.8 547.5 542.4 539.7 539.6 544.9 546.8 551.8 557.4 565.5 577.9 584 593.8 605.9 619.9 625.1 630.4 646.3 657.2 671.2 681.5 661.6 594.9 512 472.3 448.3 444.9 444.9 444.9 449.5 448.5 444.9 445.4
216.3 203.8 200.7 208.9 215.2 222.4 231.6 242.9 256.5 270.5 283.2 293.8 289.4 274.3 317.4 345.3 354.1 362.6 367.8 376.4 385 391.6 400.9 408.6 422.1 439.6 451.3 459.3 473.1 479.8 485 493.8 500.9 508 517.1 525.9 530.5 537.5 546.4 553.2 558.2 561.9 564.1 564.3 564.2 560.2 559.1 551.2 544 543.3 551.4 553.5 557.7 564.7 573.9 585.7 595.6 611 620.3 632.8 638.2 647 659.9 666.6 678.7 680.2 646.1 562.2 496.9 461 444.9 444.9 444.9 444.9 444.9 444.9 444.9 444.9
205.9 200.5 202.1 211.2 218.1 229 239.5 252.7 267.4 280.7 292.4 303.4 308.6 292.7 300.7 335.3 342.3 358.1 365.4 375 383.8 392.5 402.1 415.4 425.4 441 452.3 462.9 477.7 483.4 495.5 504.9 510.1 515.3 521.9 526 531.6 538.2 546.9 554.5 558.5 563.2 566.8 569 569.8 569.2 564.8 554.5 559.1 557.8 556.7 559.2 565 573.7 585.6 596.9 611.3 624.9 634.5 648 654.5 659.2 668.2 677.9 682.5 677.9 631.2 547.4 491.5 462.8 446.4 445.3 444.9 444.9 444.9 444.9 444.9 451
199.7 198 205 212.1 222.5 231.2 249.9 264.2 278.5 291.8 304.2 316.9 323.9 317.9 298.2 302.8 319.5 335.2 356.7 372.4 381.6 396.4 406.3 418.5 429.3 438.9 448.7 460.5 476.3 485.9 503 511.6 512 518.3 522 526.5 532.3 539.2 547.1 551.9 559.6 564.8 569.8 573.2 573.5 576.6 573 563.1 570.6 570.2 565.8 575.1 575.6 586.4 596 612 622.9 635.2 646.4 662.5 671.1 673.6 679.8 685.2 686.4 684.2 644.8 582.1 491.3 469.9 457.8 455.2 444.9 444.9 444.9 448.1 452.1 457.3
196.7 198.7 205.1 213.4 226.4 244 257.6 276.5 290.7 303 315.8 326.7 331.7 335.7 338.8 336.2 341.2 345.5 352.8 368.5 382.9 397.9 409.2 418.7 428.5 435.3 445.9 456.4 471.6 483.6 497.9 504.5 511.9 519.1 524.8 525.9 531.6 538.4 544.8 550.3 557.2 566.7 572.3 575.7 579.5 581.8 579.4 572.2 574.1 574.6 574.1 586.3 593.8 602.3 608.8 617.3 631.7 643.4 659.7 672.7 677.6 682.8 690.6 692.5 697.8 690.2 653.4 594.6 508.1 483.5 471 464.8 456.6 452.2 452.7 457.7 463.1 472.6
195.5 198.8 204.7 217.6 236.8 255.6 272.1 286.9 304.1 313.5 325.1 333 336.6 345.6 357.1 362.4 361.8 365.2 359.5 371.2 383.3 397.8 408.3 418.2 425.9 434.5 441.5 449.9 460.8 473 485.9 499.7 507.6 513.6 516.7 521.7 528.2 535.5 542.7 549.5 560 567 572.7 576.7 583.2 587.2 585 582.4 583.2 584.6 588.4 599.3 607.2 616.7 622.8 631.6 639.5 653.1 671.2 678.7 682.9 688.1 689.4 698.8 701.9 683.5 630.6 573.8 524.2 493.5 486.4 482.2 471.6 472 474.7 481.8 491.5 487.9
195 198 210.6 229.9 248.2 265.7 284.6 298.6 311 320.3 331.5 339.8 347.3 358.1 367.3 371.2 371.7 373.7 367.9 380.7 387.6 399.1 407.2 414.8 424.2 430.4 439.1 448.3 456.2 465.2 474.4 485.6 494.7 503.7 511.7 518.7 527.1 535 542.5 549.9 562.3 568.8 575.6 584 590.4 593.1 593.8 593.2 598.2 597.5 605.8 614 623.5 632.5 635.5 646.2 655.3 666.1 680.4 688.9 690.7 695 696.1 705 709.5 685.3 642.6 573.2 537 510 509.6 503.9 498 504.3 507.4 512.2 511.1 501.2
193.3 204.8 221.9 242.5 263.3 278.9 297 309.6 319.7 329 339.9 349.6 360.3 371.2 377.1 377.8 377.1 379.3 378.7 384.4 393.5 401.4 409 417.1 424.5 433.8 441.4 447.6 455.5 462.6 472.2 480.3 490.9 500.2 510.6 518.4 528.4 536.4 544.8 554.1 564.3 571.9 580.5 589.3 595.3 598.6 600.5 605.6 611.8 611.9 618.3 626.4 638.3 646.6 652.7 660.8 672.6 681.8 693 699.1 704.6 706.7 706.7 710.9 711.3 695.3 627.5 582.6 550.5 527.5 526.8 523.6 522.8 528 528.9 524.8 516.8 506
200 218.6 236.6 256.2 273.1 290.2 308.2 321 330.9 339.6 350.7 362.5 372.1 379.8 384.4 386.7 384.7 385.6 387.7 391.1 394.7 402.1 409.8 417.2 424.6 433 441.1 448.1 454.6 463.6 471.9 481.6 492.7 502.8 511.8 519.7 529.9 541.2 550.4 559.3 566.7 576.7 585.3 594.7 601.1 605.6 612 614 620.3 630.2 641 644.2 653 659.6 663.3 676.3 687.1 701.1 711.5 721.4 717.8 718.7 717.9 719.6 703.4 678.3 642.1 575 548 536.8 538.1 532.7 533.2 534.6 535.8 528.5 517 504.7
213.9 234.2 251.9 267.5 286.3 303.6 319 331.4 339.2 349.8 361.7 372.4 379.8 386.1 392.1 392.6 392.9 394.5 396.6 399.3 403.4 405.3 413.6 413.8 423 426.7 439.3 448.7 458 466.3 473.1 482.6 493.6 504.1 513.3 521.1 532.9 547.3 558.2 566.6 575.5 582.3 590.9 600.5 606.6 612.3 616.6 625.7 632.7 643.9 657 659.6 666.7 672.2 677.2 692.3 705.8 720.4 731.9 744.1 740.3 738.8 735.2 727.7 698.4 671.9 622.1 572.1 547 539.1 538.8 537.5 539.6 543 538.3 528.9 516.6 503.7
231 249.2 264.5 279.9 298.1 314.7 329.9 338.4 349.7 360.3 376.3 382.6 390.2 394 398.4 400 399.3 400.7 402.4 405.3 410.6 411.1 417.2 421.3 427.7 436.2 447.6 457.6 466.3 472.5 480.3 488.2 497.3 506.4 515.3 525.2 540.1 552.5 564.1 574.9 584 592.4 599.6 608.1 616 623.8 630.6 636.2 642.8 655.5 666.7 677.7 680.9 687.5 698.2 712.1 728.4 739.5 749.2 762 761.7 762.4 756.9 741 709.5 677.7 607.4 574.5 545.6 541.8 540.3 542.2 547.2 546.9 540.2 527.5 515.1 502
243.4 258.2 275.5 291.9 307.3 326 339.7 350.7 362.9 382 388 393.5 399.4 402.2 405 403.9 405.3 406.7 409.1 412.7 417.3 420.2 418.3 428.1 435.2 444.6 454.3 462.8 472.5 480.5 486.7 494.1 501.1 509.5 518.4 532.1 545.5 557.6 567.6 578.9 590.5 600.1 610.8 617.8 623.5 629.1 637.7 649.6 651 665.1 677.6 689.5 699.4 708.1 719 730.7 741.1 762.7 774.5 777.6 781 782 784.9 743 715.9 683.9 637.1 589.5 550.2 547.9 548.1 550.2 555 549.3 539.3 527.2 513.6 500.7
254.1 267.7 286.1 303.1 321.9 339.5 352.1 364.3 383.8 399 399.8 409.9 410 411.3 410.8 409.6 413.2 413 415 422 423.9 427.8 431.9 435.1 445.4 452.8 459.8 468.6 478.2 485.6 492.7 500 506 516.1 527 538.5 556 563.9 572.6 583.5 596.6 607.1 616.5 623.6 629.2 634.7 646.1 658.2 667.9 676.2 687.7 702 711.9 725.2 737.6 752.8 766.8 778.4 791.3 791.9 796.8 802.7 776.6 740.2 718 688.2 642.2 605.7 563.7 559.5 559.4 561.4 559.1 550.4 537.1 524.5 511.3 499.4
266.3 281.5 298.4 317.9 335.6 350.9 369.5 387.4 402.8 410.1 415.8 417.7 417.9 418.5 417.7 416.5 417.5 417.7 424.1 429.7 432.3 437.5 442.7 445.9 451.3 459.6 467.1 474.1 483 490.8 499.2 507 514.4 524.7 535.2 547.5 561.8 572.5 580.7 590.8 600.6 610.3 621.6 628.2 635.2 640 651.4 661.7 677.1 684.8 699.1 712.8 725 740.1 755.1 769.8 792.3 796.4 802 804.9 804.9 810.3 772.7 724.5 707.8 681.2 655.4 613 576.1 571.5 569.9 566.8 559.8 548 533.9 521.2 509.1 497.1
278 292.5 311 329.2 345.8 365.3 387.1 405.7 419.9 426 427.3 425.1 421.7 421.9 421.2 419.5 420.6 425.1 429.3 436.2 440.5 446 450.7 454.2 455.7 466.2 473.9 481.9 490.6 498.3 506.8 515.2 523.8 534.9 544 555.1 569.5 579.1 587.2 597.2 608.9 616.3 625.6 631.5 640.8 648.7 656.2 666.7 679.3 690.2 708.7 722.6 744.2 751.6 765.6 780.5 804.1 811 817.1 825 829.8 820.9 765.1 714 697.9 668.5 647.1 607 592.5 581.9 576.1 567.2 556.8 544.3 530.7 516.8 505.3 492.8
289.6 305.7 322.9 340.8 362 383.5 397.6 420.6 434.2 437.1 436.3 429.1 425.9 425.8 425.1 423.3 424.8 431.5 438.3 447.5 450.2 454.2 458.4 462 467 475.7 482.6 491.4 500 508.9 518.1 528.6 537.2 545.1 555.6 567.4 580.6 588.7 597.7 606.7 617.6 625.5 631 640 646.9 656 664.3 676 682.8 698.6 714.7 731.8 747.8 761.9 776.5 791.7 807.9 816.4 827.5 829.4 841 817.9 768.4 728 696.3 671.4 640.7 610.6 600.1 586.8 577.3 565.7 551.7 539.6 524.2 511.9 500.1 487
