UK/data/nt/nt61_OST50GRID_20230518/NT61.asc
ncols 200
nrows 200
xllcorner 360000
yllcorner 610000
cellsize 50
[rows 0 to 34 of 200, columns 0 to 77 of 200]
115.4 121.1 127 130.9 133.8 134.8 136.2 138.7 141.7 143.6 141.6 135.4 127.7 138.9 144.2 143.7 143 146.2 150.6 156.2 157.3 158.2 168.8 177.7 181.1 184.6 183.1 194.2 199 201.8 203 205.6 210 213.2 214.2 214.1 215.1 217.7 222.3 227.2 231.9 235.4 237.3 238.7 240.4 241.9 242.7 242.4 242.9 242.3 241.8 241.2 241.9 244.6 243.7 240.3 236 232.8 229.5 229 222.9 216.2 211 205.7 200.7 197.9 195.6 193.9 193.1 187.7 188.2 193.5 194.2 194.6 191.9 187.4 184.9 180.3
118.1 124.4 130.6 134 135.8 136.7 138.5 142 144.2 143.9 140.4 128.9 134.4 140.9 144.1 143.5 145.3 149.4 155.2 160.6 165.2 170.2 175.3 180.7 184.9 190.9 195.9 189.2 200.2 203.1 204.1 207.3 210.4 212.6 213.9 212.8 214.6 217.9 221.8 226.4 230.1 232.2 234 235.9 238.1 239.7 240.4 240.9 241.4 240.3 241.2 243 242.1 239.2 237.7 239.9 238.4 234.3 229.1 221.3 216.5 210.8 208.9 203.1 199.2 197 194.3 192.1 191.8 187.5 191.5 193.1 194.6 194.3 192.6 190.3 186.9 183.1
121.4 127.8 133.3 136.6 137.8 138.9 141.6 144.8 145.4 143.8 138.8 132.1 135.7 141.4 143.9 144.2 147.5 152.9 158 162.8 167.4 172.5 178.2 183.1 188.5 194.5 197.8 200.1 195.4 199.8 206.3 207.2 209.7 210.4 212.8 214.7 215 218.1 222 225.2 228 230.8 232.2 234.7 236.7 238.6 239.6 240.2 240.3 240.5 241.3 241.8 242 239.7 242 244.2 241.9 238.1 230.9 225.6 219.1 209.9 202.6 199.8 196.6 195.2 195.3 193.3 189.9 190.2 193.3 196.2 195.7 196.2 195.4 192.3 188.1 185.3
124 130 134.3 137.4 139.5 142.4 144.2 146.4 145.6 143.7 141.8 135.3 136.1 140.6 144.9 146.9 149.2 155.5 160.5 165.2 169.9 175.6 182 186.6 192.7 196.9 199.6 201.3 202.5 204 204.8 208.7 208.5 210.1 212.7 215.1 215.3 218.4 221.3 223.7 226.1 228.6 231.1 233.4 236.1 238.6 239.3 239.8 240.6 241.1 240.9 241.2 241.3 244.4 245.6 244.7 241.6 236.6 231 224.9 216.5 207.9 205.3 201.5 201.9 199.6 196.9 195.2 192.5 193.9 196.1 197.5 199.3 200 197.2 193.2 190.9 189.3
126.3 132 136 139.3 141.6 144.4 146.1 146.6 146 144.2 144.2 141.4 136.6 139.9 146.2 149.5 151.7 158 163.4 168.1 173.2 178.4 184.6 190.4 194.1 197.8 200.7 202.6 203.8 205.1 206.5 208.8 209.7 211.1 212.8 214.5 216.8 219.1 221.2 223.7 226.4 229.3 231.8 234.4 237.2 239.4 240.3 241 242.1 242.5 242.8 243 244.9 247 246.5 243.3 239.4 235.9 229.9 220.2 211.5 208.9 205.8 204.2 202.3 200.2 198.1 195.7 194.9 196.2 198.3 201.4 204.1 204 200.1 196.6 194.5 192.8
127.5 134 138.4 142.1 144.7 147.2 146.4 146.1 146.8 147.1 145.3 143.4 139.7 143.2 145.1 153.1 155.6 160.7 166.3 171.4 176.6 181.3 187 192.3 195.5 198.7 201.5 203.6 205.1 206.3 207.5 209 211.6 212.6 214 216.3 218.7 220.7 222.4 224.8 227.7 230.4 232.9 235.5 237.9 240 241.3 241.9 243.1 244.1 244.2 246.3 248 248.7 246.6 243.3 239.4 233.8 224.8 217.4 212.7 210.2 208.5 207.4 204.5 200.9 198.6 197.1 197 199.9 203.3 207.3 208.5 206.2 202.3 199.9 197.9 195.7
129.7 136.2 141.3 144.9 148 147.7 146.7 145.9 146.9 147.1 145.7 141.4 145.1 148.6 143.6 154 159.2 165.2 170 174.6 179.5 184.2 189.5 192.8 196 199.3 202.5 204.6 206.5 207.7 209 210.7 213.7 215.7 216.8 218.3 220.6 222.1 223.8 226.2 228.9 231.6 234.5 237.3 239.2 240.9 242.3 243.5 244.6 246.2 248.5 249.7 251.2 249.9 247.3 244.7 238.3 230.6 222.5 217.7 214.9 214.4 212.1 206.1 203.3 201.1 199.3 198.1 201.5 205.8 209.5 212 211.4 209.4 203.8 202.2 200.7 197.2
134.8 141.1 145.7 148.2 149.4 149.1 148.3 147.2 147.6 146.6 146.1 145.8 149.7 154.3 151.9 150.9 163.3 169.1 173.6 177.6 181.1 185.4 189.9 193.2 196.5 199.8 203.1 205.6 207.7 209 210.7 213 216 218.1 219.2 220.5 222.6 223.5 225.2 227.7 231 233.8 236.6 239.4 241.3 243.6 245.7 246.1 246.7 249.8 252.4 253.3 252.3 250.6 247.6 245 237.3 227.4 223.2 218.7 216.4 215.8 212.2 209.2 205 201.9 200.2 202.9 207.3 211.6 215.5 214.9 212.6 208.9 206.6 205.3 201.7 197.2
138.8 144.5 149.1 150.2 150.6 149 148 147.8 147.8 147.2 148.4 150.3 154.9 158.6 156.1 155.5 167 172.4 176.3 180.1 182.8 186.7 190.4 193.7 197 200.3 203.3 206.7 208.7 210.5 212.3 215.3 218.2 219.5 220.5 222.3 223.6 225.3 227.3 230.7 232.6 236.2 239.7 242 244 245.7 247.7 248.8 250.9 253.6 255.7 255 253 251.2 246.6 239.2 233.9 228.5 224.9 223.1 220.9 218.5 213.9 210.3 206.4 203.2 203.7 209.7 214.8 217.6 218.8 216.4 213.5 211 209.1 206.6 201.8 197.2
142.6 148.5 151.9 152 151.1 149 147.4 146.8 147.5 147.9 149.2 155.3 159.5 162.9 158.2 160.2 170.5 175.4 179 182 184.4 187.5 190.6 194.1 197.5 200.8 204.8 207.6 210.4 212.9 215 217.6 220.4 223.2 223.5 224 225.9 227.8 229.8 232.8 236.3 239.1 242.6 244.8 247.2 249.3 251.6 253.7 255.7 257.6 258.6 256.3 254.7 252.2 249.2 242.8 235.4 231.1 229.4 227.5 224.6 219.5 214.4 210.4 206.9 206.1 210.9 216.3 219.7 221.2 219.9 217.5 214.8 212.8 209.7 206.8 201 195.6
147.3 152.9 154.8 153.1 152 150.7 147.5 144.4 147.4 149.1 153.1 160.1 164.9 166.4 159.1 162.6 171.5 176.8 180.2 183.2 185.4 188.9 191 194.6 198.3 201.9 204.9 207.9 210.7 213.7 217.1 220.3 222.9 226 226.6 227.2 228.1 230 233.1 236.8 240 242.3 245.7 248.4 250.8 253 255.5 257.9 259.8 260.7 260.7 258.2 256.9 253.7 248.3 241.2 236.9 233.3 231.5 231.3 226.4 222 216.1 212 209.3 212.4 218.4 221.3 223.6 222.8 220.6 218.4 216 213.7 211.3 205.8 200.4 196.6
152 155.8 155.9 153.6 152.4 149.5 146.5 145.4 147.6 152.4 161.6 165.8 168.8 167.3 164.2 163.4 170.5 178.1 181.2 184 186 188.3 190.9 195.1 198 201.5 205 208.6 211.9 215.3 218.6 222 225.3 228.1 229 230.1 231 233 236.1 239.9 243.6 246 249.3 252.3 254.1 256.9 259.7 262.4 262.9 262.3 263 261 259.6 255.2 247.9 245.8 242 241 238.7 234.4 228.8 222.3 217.5 213.7 214.9 220.3 223.2 224.8 225.2 223.1 220.8 218.6 216.1 214.2 209 205.1 200.6 195.8
154.4 156.6 156 154.3 152.4 147.4 145.8 149.2 157 162.5 166.8 170.4 170.2 169.8 169.6 174.1 166.1 180 182.3 184.8 186.8 188.7 191.9 194.2 197.8 201.6 205.5 210.3 214.1 217.4 220.6 223.7 226.9 230.2 231.8 232.9 234.3 236 239.2 243.1 247.1 250.1 253.3 255.9 258.7 261.9 264.9 265.4 266.3 266.8 266.3 264.7 261.5 258.5 254.5 251.5 249.2 247.5 243 236.8 229.8 224 219.8 217.1 222.9 226.3 227.3 227 225.5 223.3 221.1 218.8 216.1 213.1 208.4 204.3 200.3 197.2
156.5 156.6 156.4 154.7 149.8 145.9 151.2 157.5 164 167.8 171.5 171.9 170.9 171.5 173.8 178.2 174.8 177 182.3 185 186.8 188.3 191.8 194.9 198 202.3 206.5 210.7 215.2 219.7 222.6 225.7 228.7 232 234.7 236.4 238 239.8 243.6 247 250.3 253.9 257 260.2 263.9 266.8 268.2 269.3 270.3 270.6 270.3 268.1 266.3 263.4 262 258.8 256.6 251.8 245 237.8 231.3 226 222.5 224.3 228.2 229.8 229.8 227.8 225.7 223.5 221.3 218.7 216.4 211.7 207.5 203.7 200.7 197.8
157.5 157.3 157 153.7 147.6 150.5 159.4 165.4 170.2 172.5 173.8 172.6 171.6 173.5 179.1 181.6 178.8 177.3 180.8 185.2 186.9 188.7 191.4 195.5 198.3 202 207 212.5 217.2 222 225.5 228.6 231.2 233.9 237.3 239.5 241.4 243.9 246.4 250.8 254.2 257.6 261.2 264.9 268.4 271.7 272.8 274.5 277 276.4 277.1 274.3 272 271.4 269.3 267.1 261 254.8 246.8 239 233.2 228.2 227.3 230.3 231.9 232.2 231.3 227.9 225.8 223.6 221.1 218.3 214.7 210.8 207.4 204.7 202.1 198.4
159 158 156.2 150 149.5 158.8 166.1 172.6 177 177.8 175.3 172.7 175.5 179.9 182.9 184.1 183.7 182.7 183.5 184.9 187.7 189.5 192.2 195.8 199.2 203.9 208.8 214.2 219.2 224 228 231.4 234.8 237.2 239.5 243.2 245.8 248.4 251 255 258.9 262 265.9 270.1 273.9 276.5 278.6 279.9 281.6 281.3 283.4 285 286 284.2 280.7 276 267 256.8 248 241.1 235.5 232.8 233.7 234.8 234.4 233 230.7 228.3 225.9 223.4 220.8 218 214.2 210.1 207.4 205.8 202 196
158.9 157.3 150.4 150.7 158.9 166.9 171.3 177.3 180 178.9 176 175.7 180.1 183.8 185.6 185.7 185.3 185 185.9 187 187.6 190.7 193.9 196.2 200.2 204.8 210.8 215.4 220.9 226.1 230.5 233.9 237.2 240.3 242.4 245.1 249.3 252.4 255.9 258.7 262.5 265.6 270.6 275.1 278 280.6 282.4 284.8 288 288.3 291.6 297.2 297 297.2 292.3 282.2 269.6 258.3 250.2 243.2 238.2 238.1 238.7 237.8 236.2 233.3 229.8 227.3 224.8 222.4 220.1 216.8 212.7 209.5 202.6 191.7 193.3 188.5
157.5 151.4 150.4 159.9 168.1 174.1 178.8 182.3 181.1 179.3 177.5 178.6 183.8 186.1 187.8 187.3 186.6 186.8 187.8 189 190.4 192.6 195.4 198.4 201.6 206.3 211.4 216.6 221.9 227.5 232.9 236.3 239.6 243.1 246.2 248 251.9 255.9 259.4 262.9 265.8 269.1 274.1 277.2 280.2 283.4 285.8 290.1 292.7 295 295.4 295.9 295.9 309 297.6 282.4 271.5 259.7 252 245.1 243.1 242.9 241.6 239.6 236.5 232.6 229 226.1 223.6 221.2 219 215.6 211.4 206.5 207.5 204.7 199.3 190.8
155 151.1 161.5 168.9 174.7 181.1 183.7 183.1 182 180.6 178.4 182.1 186.4 188.9 188.9 188.8 187.8 188.6 189.6 191.1 192.6 194 197.1 200.1 203.3 208 213.2 219.3 224.7 230.2 234.3 238.2 242 245.4 248.9 252.3 255.4 259.5 263 266.1 268.9 271.8 274.8 277.7 281.8 285 288.1 292.2 295.4 289.9 273 277.3 285.5 296.2 298.5 282.1 271.3 261 254.3 250.2 248.2 245.3 243.6 240 236.3 232 227.9 225.5 223.7 221.1 218 214.6 210.5 210.8 208.1 203.5 197.1 191.3
154 158.2 169.7 175.2 181.6 186.3 187 184.8 184 182.1 181.3 185.7 189.1 190 189.8 189.6 189.3 190.3 191.8 193.3 195.4 197.4 198.9 202.1 205.3 209.6 216 221.8 227.1 231.5 235.2 238.1 243 246.6 250.9 255.4 259.6 262.7 265.7 268.6 271.5 274.7 278.6 282.6 284.6 287 292 301.5 297.7 279 273.6 276.9 280.4 298.3 296.3 277.7 270.7 263.5 258.1 254.4 252.3 247.9 243.7 239.9 235.9 230.8 227.6 225.2 222.1 219.7 217.5 215.9 214 211.9 207.9 201.5 195 189.7
152.9 163.4 174.4 180.9 187.3 189.5 187.8 186.5 185.2 185.7 186.1 187.7 188.8 189.9 190.6 190.5 191.3 193.1 194 195.8 197.5 199 200.5 202.9 207.4 212.6 217.7 223.1 227 230.7 233.7 238.6 242.9 247.7 253.7 257.9 262.1 265.1 267.8 270.9 273.9 278.2 282.5 286.1 288.6 288.6 298.1 301 295.2 297.6 294.7 294.6 306.4 298.7 286.2 280.5 272.1 265 260.9 257.8 253 247.6 243.6 239.3 233.8 232.6 231.1 227.9 224.7 221.7 218.7 216.6 214.7 211.8 206.9 201 194.9 188.3
157.3 169.3 177.1 183.7 188.5 188.9 188.7 188.4 187.7 190.3 190.3 189.2 190.3 191.2 192 192.8 193.9 195.8 196.9 197.7 199.8 201.4 204 206.7 209.6 214.7 220.1 224.2 227.5 231.2 235.7 240.3 245 249.8 255.4 260.4 264 266.4 269.8 273.2 277.4 281.9 286.2 289.4 290.9 290.3 295 303.3 305.6 305.1 307.8 303 291.1 288.8 284.9 278.8 271.6 266.4 262.9 257.9 251.9 246.4 242.4 238.1 237 234.4 231.5 229.3 225.6 222.2 219.5 217.3 215.2 211.2 205.5 200.2 193.7 191.5
165.2 174.7 179.2 183.4 187.3 187.8 188.3 187.5 191.3 192.2 192.1 191.4 192.1 192.5 194.3 195.4 196.6 197.8 198.8 200.5 202.4 204.5 207 210.3 213.2 214.3 219.2 224.8 229.1 232.3 237.1 241.7 247.4 252.2 257.6 262.7 265.9 268.9 272.4 276.8 281.1 285.2 289.1 292 292.5 291.6 293.2 300.9 309.6 307.9 302.2 288.7 288.3 287 279 276.5 271.9 266.6 260.4 255.8 249.7 245.3 242.4 239.4 238.2 233.9 231.7 229.4 226.9 223.1 221.6 219 215.1 209.8 203.5 198.4 198 196.8
168.9 176.7 183.2 182.3 183.5 185.9 186.8 189.5 193.6 193.8 193.2 192 193.6 195.1 197.3 198.9 199.4 200 200.7 202.7 204.8 207 210.1 213.8 217.2 218.9 223.5 225.4 230.4 233.9 238.7 243.7 249 255.7 260.7 264.5 268.1 272 276.4 280.9 285.7 289.3 292.3 294.1 294.4 296.5 298.3 301.7 309.8 307.5 303.3 291.7 293.5 286 280.3 274.3 267.2 263.8 258.5 253.6 251.1 247.1 242.4 241.2 237.3 236 233.7 230.6 227.2 225 222.9 219.3 214.9 209.3 203.2 200.7 200.3 199.2
171.4 178.3 183.7 184.1 183.9 183.1 185.6 189.9 192.7 193.6 192 194 195.7 196.9 198.6 199.5 200.8 200.9 202.5 204.5 206.5 210 213.3 217.3 221 223.5 224.7 229.5 233.4 236.8 240.6 245.8 252.3 258.1 262.9 267 271.3 275.9 280.6 285.1 289.2 292.1 295 296.8 299 303.1 305.1 307.2 307.7 304.5 302.4 297.5 289.7 282.1 276.4 271.9 266.2 260.9 257.1 255 252 246.7 243.7 241.3 240.1 238 235.4 232.6 229.8 227.9 224.9 220.2 214.9 208.4 204.1 203.6 200.6 197.9
172.9 178.3 182.8 183.2 183.5 184 184.7 186.4 189.8 191.8 191.8 194.7 195.6 197.1 197.3 197.4 199.7 202.2 204.3 206.3 208.9 212.2 217.3 220.3 223.5 228 230 232.3 236.4 239.5 243.4 248.7 255.4 261.1 266 270.4 275.4 280.4 284.2 288.3 292.3 295.7 297.7 299.8 305.2 308.4 309.9 310.1 307.1 302.4 299.4 292.6 284.8 278.7 274.2 269.5 264.9 260.5 258.7 255.8 250.4 247 243 242.1 241.8 239.7 236.8 234.4 231.9 229.2 225.2 219.7 212.9 209.1 207.8 203.9 204.8 203.4
174.2 178.5 181.7 182.3 182.5 183.4 183.8 183.5 186.1 188.6 191.1 193.4 194 193.4 193 195 198.6 202.8 205.6 208 211.2 214.3 219.4 224.4 227.4 229.8 233.3 236.7 239.8 243.2 247 253.8 259.3 264.6 269.9 275 280.3 285.4 288.9 291.4 295.4 298.8 301.2 306.2 310.4 311.7 312.2 309.6 307.1 302.6 294.7 287 281.8 276.3 271.8 267.3 263.6 260.7 259.1 255 248.5 245.3 242.4 243.1 242.9 241 238.2 235.3 231.6 228.5 224 218 213.9 212.3 209.9 209 210.7 206.6
174.3 177.6 180.4 181.3 182.2 182 181.2 181.3 182.8 184 186.3 188.2 186.6 187.4 190.1 192.6 196.6 201.2 204.3 208.3 213.5 216.4 220.6 226.3 231.1 233.4 235.9 239.7 243.7 247.3 251.8 258.7 264 269.4 275.1 280.1 285.2 290.4 293.6 296 298.6 302 307.5 311.7 313.6 313.3 311 307.9 304.1 297.4 289.2 283.7 278.8 273.9 270.2 266.5 262.7 260.5 256.7 251.4 247.6 245 243.1 243.8 243.3 240.1 237.8 235.4 236.1 232.6 226.1 222.1 218.8 215.6 215.9 216.4 214.1 208.3
174.5 175.5 178.1 179.9 180 180 179.9 179.9 179.3 179.1 178.7 179.6 180.5 182.9 188.4 192.9 197.2 202.6 207.1 211.4 215 217.2 221.7 228.2 231.6 235 238.8 243 247.6 252.2 257.2 263.8 269.8 275.7 280.7 285.8 290.9 294.3 297.5 299.8 302.6 308.6 313.7 315.5 314.5 312.8 309.6 306.1 299.3 291.3 285.4 280.9 276.1 271.4 268.1 265 261.8 258 253.2 248.4 245.5 244.2 243.6 243.6 242.7 241.2 239 239.8 236.8 232.2 227.9 225 222.7 222 221.2 220.6 216.1 208
173.9 175.2 175.2 177.2 177.1 177 176.5 176.5 175.7 173.5 172.8 173.6 176.9 181.9 188 193 197.6 202.5 208 213.1 217.3 221.5 225.1 229.4 235.3 239.5 243.1 247.6 252.7 258.3 264.5 269.2 275.9 281.7 286.6 291.4 295.3 298.1 300.9 303.6 310.1 315.9 318.6 317.3 314.8 311.6 307.5 301.2 293.5 287.1 282.4 278.1 273.6 268.8 265.2 262.5 258.9 253.4 247.8 245.2 242.6 241.4 241.9 242.1 241.9 240.1 240 240.3 237.1 232.8 229.9 227 226.6 226.5 225.5 223.3 217.1 210.5
170.9 173.3 172.9 174.3 174.5 173.4 172.9 171.7 169.6 166.7 164.9 169.9 175.6 181.5 187.7 192.7 197.5 202.6 209.8 215.8 219.8 223.9 227.7 233.1 238.9 244.2 248.5 253.5 258.9 264.5 271.7 277.2 282.2 287.4 292.4 297.3 299.4 302.3 305.4 311.4 317.2 321.3 320.7 318.6 313.3 308.9 302.8 295.1 289.4 284 279.6 275.3 270.9 266.3 262.3 258.8 253.2 248.4 244.4 241.3 238.4 238 238.5 238.9 238.3 238.3 238.8 238.7 236.2 232.9 231.8 230.5 230.5 230.8 229.2 225.4 219.1 211.7
163.6 167.1 169.1 170.4 170.4 169.4 168.1 165.2 162.6 159.6 163.6 170.3 175.5 181.2 187.3 192.4 197.5 203.1 211.1 216.5 220.8 226.2 230.6 237 243.9 250.2 254.6 260.1 266.9 272.2 277.6 285 289.5 294 297.3 302.1 304 306.6 312.9 320.6 325.4 325.4 322.1 318.4 312.3 304.8 297.1 291.5 285.5 281.1 276.8 272.5 268.1 263.7 259.4 254 248 244.1 240.4 236.6 234.3 234.4 234.8 235.3 235.7 235.8 235.6 235.5 234.3 234.1 233.5 234.5 235.3 234 231.7 226.8 220 210.2
161.3 161.1 162.1 164.6 165.3 164.3 161.7 158.5 154.5 155.9 163 169.6 175.2 181 187.2 192.7 197.6 203.7 210.8 216.3 222.1 228.1 234.2 240.9 249.2 253.1 260.8 265.7 268.4 275.7 284.5 290.5 296.6 302.2 303.3 305.3 308.4 312.7 323.2 330.4 330.3 327.2 322.7 315.9 308.4 300 293 288.1 282.8 278 273.7 269.4 265.2 261 254.6 247.2 243.1 239.4 236.5 232.8 230.5 230.5 231.2 232.4 232.9 233.1 232.7 232.1 231.8 232.1 233.3 236.1 237.3 236.3 232.9 227.7 218.7 207.5
159 158.9 158 159.5 158.8 157.4 154 150.3 149 155.5 162.5 168.6 173.6 180.8 185.7 191.6 197.3 205 211.7 217.9 224.8 231.7 238 246.7 253.1 260.9 266.8 274.8 278.4 286.9 290.8 298 304 307.4 308.8 311.3 314 323.1 333.6 335.2 331.8 328.7 322.4 311.1 302.4 295.2 290.1 284.9 280.2 275.3 270.5 266.2 261.9 254.8 246.8 242.9 238.1 234.8 232.4 229.4 227.3 227.1 228.2 228.7 229.5 229.1 228.7 228.3 227.9 228.6 230.1 233.9 236.4 235.1 232.9 226.4 215 204.8
152.2 152.9 152.7 152.4 151 148.7 145.5 146.4 148.4 155.7 161.9 167.4 173.9 180.2 185.9 191.1 197.6 206.5 214 220.5 229 236.5 243.8 250.9 261.2 268.5 272.8 281.6 289.1 290.6 296 304.8 311.3 313 312.5 316.4 323.5 333.7 337.7 335.5 332.9 327 316 305.2 297.6 292.3 287.2 282 277.4 272.7 268.2 263.2 255.9 245.3 241.5 236.1 232.6 229.3 227.8 226.4 225.1 224.5 225.4 226.4 226.6 226.2 225.8 224.4 223.1 223.5 226.1 230.5 232.9 232.8 228.4 220.5 210.7 200.5
