WholeMapElevations/data/sn/sn79_OST50GRID_20230518/SN79.asc
ncols 200
nrows 200
xllcorner 270000
yllcorner 290000
cellsize 50
[rows 140 to 174 of 200, columns 78 to 155 of 200]
423.4 423.4 423.4 429.5 432.6 429.9 427.4 431.8 439.1 442.2 448.4 451.1 451.7 463 466.4 451.5 449.3 442.6 440.6 442.9 429.4 419.5 418.2 418.8 418.4 415.8 414.4 414.4 414.7 415.2 416.1 417.7 418.2 419.7 421.2 422.5 423.7 425.3 427.7 430.4 433.1 439 447.6 451.9 454.2 460.4 466.4 464.5 464.5 471.3 472.8 467.8 463.2 465.5 473.4 480.6 486.2 487.5 478.8 470.1 457.8 444.7 441.2 439 437.5 426.8 408.7 393.9 381.1 362 360.1 344.1 336.4 350.8 364 379.8 394.4 407.4
423.4 423.4 423.4 426.7 424.9 423.8 422.4 435.6 440.4 445.7 448.3 450.1 454.8 462.9 465.1 451.9 446.8 436.4 424.6 430.9 417.1 414.3 415.4 416.4 416.7 416.4 416.4 416.3 415.9 416.5 417.8 421.6 424.8 424.8 424 426.2 427.5 428.5 428 427.6 430.1 433.5 437.8 444.7 448.2 454.6 458.3 454.6 453.6 456.4 457.2 458.8 460.9 464.7 473.2 481.2 485.9 491.3 483.8 477 461.5 448.8 444.9 444.5 445.2 435.4 416.6 399.9 388.3 376.1 371.5 357.3 354.3 350.8 361.2 376.9 388.6 399.6
424.5 423.4 423.4 424.5 421 419 420.1 437.1 444.7 443.3 452.2 451.5 455.1 471.1 464.1 454.5 446.7 428.9 417 419.4 409.3 411 412.5 414 415.1 415.5 415.9 417.2 417.4 417.9 421.3 428.1 432.4 433.4 431.3 432.1 433.5 433.7 435.9 437.9 436.4 431.8 433.9 437.7 440.5 447.1 448.2 444.8 446 454.5 462.3 467.2 468.3 468.5 476.3 482.5 484.1 491 485 475.4 463.5 450.8 445.1 444.5 445.1 440.9 420 403.5 384 391.5 384.5 368.9 364.9 355.8 354.5 369.4 378.9 389.1
422.3 421 424.5 423.3 418.6 415 421.5 438.9 444.9 440.1 448.4 447.8 454.2 473.3 463.2 458.2 445.4 433.4 422.6 408.5 406.9 408.5 410.1 411.6 413.1 413.8 415.2 417 418.2 419.5 425.7 432.9 437.6 438.9 439.3 439.9 439.8 440.3 443.7 448.5 452 449.4 442.1 438.5 437.7 439.1 441.1 443.7 450.8 463.9 476.1 482.1 481.1 479.7 482.9 487.6 482.7 485.3 480.5 471 462.4 448 444.3 443.4 441.5 436 419.4 404.2 393.1 396.1 388.6 375.3 367.7 362.4 355.7 356.2 367.6 376.5
419.5 420.3 421.6 419.7 415.8 412.6 419.2 434.4 440.3 435.4 440.6 443.3 457.7 471.7 462.4 456.3 444.2 435.5 429.7 415.9 404.9 406.1 407.7 409.2 410.7 412.4 413.9 415.3 417.7 422.3 428.5 436.1 440.2 442.3 443.7 443.5 444.4 447.5 451.4 456.1 462.5 464.1 455.8 447.7 445.9 445.9 445.7 447.2 457.4 471.5 487.6 494.4 495.6 492.8 491.6 490.4 482.4 479.9 473.5 464.8 455.8 445.1 443.2 442.4 442.1 438.4 420.5 406.6 401.5 403.5 396.8 382.1 374.9 369.7 364 359.8 357.8 364.2
419.1 423.2 419.6 416.4 414 410.8 415.9 427.3 429.1 426.3 437.5 441.5 459.1 469.4 456.3 449.3 441.5 435.9 429.8 414.9 403.3 404.3 405.3 407.1 408.9 410.6 412.2 413.6 418.2 424.2 430.1 436.8 440.5 442.5 444.1 445 446.3 449.9 453.9 460.4 470.4 476 469.8 460.6 452.3 451.8 451.5 453.8 462.8 477.7 497.5 505.5 510.5 510 501.1 491.6 486.2 482.4 476.9 472.4 460.4 444.9 442.6 440.6 440.1 439.8 422.8 408.3 407.7 410.3 400.9 394.7 384.2 378 371.6 368.2 365.3 361.6
419.1 422 418.6 416.2 413.9 408 414.9 418.5 419.1 426 434.3 439.7 455.3 460.5 451 446.1 439.5 434.5 425.6 410.7 401.1 401.9 403.7 405.3 407 408.5 410 413.3 417.6 423.5 430.1 435.4 437.9 440.3 440.7 442.6 445.2 449.4 454.7 462.9 474.3 484.4 479.2 470.1 460.8 461.7 457.3 462.9 466.4 482.2 503.4 514.1 519.8 519.4 507.7 494.8 490.9 487.4 489.6 489 473.8 453.8 445.9 440.8 436.3 432.7 419.9 412.8 415.2 416.1 412.9 407.8 396.4 388.6 380.9 377.9 375.6 373.6
419.1 416.1 417 414.6 409.4 402.2 407.6 409.9 407.8 413.6 419 431.8 448.4 452 447.9 441.9 436.4 431.7 421 406.2 400 400.1 401.9 403.8 404.9 406.1 407.7 410.4 415 420.3 425.6 430.1 433.2 435.1 434.6 435.7 439.3 445.5 453 462.6 475.2 488.6 483.7 477.9 469.1 473.5 465.9 471.4 475.2 486.8 506.7 520.1 526.8 525.2 511 500.5 497.6 495 503.7 501.3 488.7 468 456.5 448.7 444.8 433.2 424.7 425.7 425.8 425.8 424.8 417.5 407 396.9 390.7 388.6 386.5 384.5
419.1 413 409.5 405.8 404.2 399.9 399.2 400.1 400.3 403.4 411.7 423.7 439.3 444.7 439.2 435.2 433.9 429.6 418.2 402.2 398.1 398.5 400.4 402.3 403 404.2 405.2 407.2 410.7 415.2 420.3 423.2 425.1 423.7 423.6 427 433.7 440.6 448.7 457.7 469 485.6 482.5 480.3 473.6 480 472.5 478 480.9 489.2 507.4 522.5 527 524.3 510.9 498.9 500.7 498.2 513.6 510.7 499.5 477.5 465.7 458.2 456 453.3 442.5 436.4 435.8 435.6 435.4 430.4 419.7 408.6 401.8 399.7 397.6 395.4
423.7 420.5 416.4 414.9 409.9 403.2 397.3 395.6 396.4 398.2 405.7 416.9 432.9 433.4 428.2 428.9 430.2 426.7 415.2 402.2 397.3 395.6 399.4 400.4 401 401.6 402.3 404 405 408.9 413.7 414 415.6 417.5 420 422.2 426.7 432.6 441.5 448.9 458.4 472.3 476 476.3 473.5 477.6 470.5 480 482.8 488.7 500.4 513.1 515.8 513.8 505.6 496.8 499.6 501.2 519.5 517.2 503.7 485.5 473 466.5 466.1 465.7 455.9 444.6 444.2 446.2 446.6 443.9 434.4 421.7 413.5 410.7 408.5 406.4
432.5 430.3 423.6 422.9 416.7 407 400.3 396.4 394.3 394.5 402.8 413 429.1 423.2 420.1 421.2 425.1 424.1 412.8 405.6 397.7 395.3 397 397.7 398.4 398.7 399.5 400.8 402.4 403.9 407.1 409.2 412.2 414.2 417.4 419.8 422.4 426 432.8 439.1 446.6 455.4 463.3 465.6 467.5 468.3 463.8 472.6 477 479.2 486.7 496.4 498.9 500.2 496.6 489.1 495.3 501.2 517.4 515.3 504.3 487.1 478.3 473.9 473.6 473.6 464.9 454.3 454.1 457.7 459.4 454.6 447.3 435.5 425.3 421.4 419.7 418.1
438.1 436.7 433.9 433.9 423.9 415.2 405.7 396.9 393.2 393.5 399 408.8 414.5 412.9 412 415.1 419.7 419.8 413.3 406.6 398.5 394.9 394.7 395.4 396.1 397.8 399.1 400.6 402.4 404 404.5 407.2 409.8 411.7 414.4 416.7 419.5 421.5 425 428.3 433.6 441.8 450.5 453 456.9 459 453.5 459.6 466.2 464.6 469.1 478.7 479.6 483.4 483.7 482.4 492.6 498.6 512.7 508.3 497.6 485.5 480.3 478.3 480 480.9 472.9 463.3 463 468.1 471.6 466.7 460.4 451.3 440.7 434.4 433.2 430.3
440.1 440.5 441.5 439.9 431.3 423.9 413 401.1 394.8 392.9 391.7 398.6 404.1 407.5 407.2 409.6 412.9 414.4 409.9 403.3 398.4 391.5 393.5 394.5 396.2 398.5 400.4 402.1 404.4 406.2 407.7 408.9 407 408.4 410.5 412.4 415 416.8 419.7 421.8 425.4 430 437.6 440.5 444.2 445.4 441.9 445.9 450.4 448.4 451.9 458.3 460 462.6 466.5 474.7 486.2 498 506.7 501 490.1 482.9 480.7 480.4 481.5 480.7 474.1 468.3 468.5 476.1 481.9 478.4 473.2 466.2 457.1 449.7 447.3 444.6
442.3 445.2 447.2 442.4 433.9 426.4 416.3 403.9 397.3 392.9 391.3 392.6 399.1 403.9 402.8 405.7 407.6 407.2 405 401.5 399.7 392.5 391.8 394.6 397 399.5 401.9 403.9 406.2 407.9 408.9 410.3 412.3 413.3 415.1 415.7 417.7 419.3 421.9 425.1 427 426.7 427.4 431 433.9 434.2 435.3 436.5 438.4 440.4 441 444.3 448.7 458.6 468.5 475.5 485 498 502.4 498.4 485.3 481.2 478.3 476.8 476.2 474.9 472.1 468.9 471.3 481.3 488.8 485.2 481.3 477.1 469.7 464.3 460.6 457.3
446.4 448.6 445.9 439.2 430.2 422.5 414.6 402.3 396.9 393.7 391.7 390.6 394 396 397.7 398.3 401.8 401.9 401.7 400 396.6 393.7 391.5 395 397.4 399.5 401.9 404.5 406.9 409.4 410.5 414.8 417.4 418.6 419.9 421.2 424 427.9 430.6 432.5 433.7 434 434.4 435.1 435.5 434.8 434.1 435.2 435.8 439.3 442.6 452.6 460.1 472.7 484.8 481.9 484.9 495.2 501.1 496.2 483.3 479 475.4 472.2 470.2 468.5 465.5 465.3 470.4 480.6 485.6 484.5 482.6 480.8 476.7 472.9 469.6 465.2
451.1 450.2 442.2 434.7 426.9 419.4 411.8 404.1 398.7 393.8 392.5 391.4 390.3 390.6 390.3 390.3 390.3 392.7 396.4 392.4 390.4 390.7 391.5 395.2 397.2 399.3 402 404.6 407.2 409.8 413.5 418.2 419.4 421.8 425.8 427.4 432.7 438.4 442.7 446.3 447.6 448.5 450.3 442.9 440.3 439.2 437.2 440.4 444 445.2 452.5 465.8 475.4 487.7 499.2 490.2 488.2 496.5 498.7 493.9 483.2 477.3 472.7 467.3 464.1 458.3 452 455.3 463.2 472.1 477.4 479.8 480.3 480.1 477.4 475.8 474.2 468
453.5 448.8 439.2 431.2 425.4 418.2 413.2 409.2 404.6 398.1 393.7 392.3 390.3 390.3 390.3 390.3 390.3 390.3 390.3 390.3 390.3 390.2 390.7 393.7 396.6 399.3 401.6 404 406.8 409.5 412.9 415.8 418.8 423.3 429.2 432.4 439 445.9 451.9 459.3 461.1 465.7 465.4 458.2 450.7 448.5 448.6 452 453.3 452.5 461.5 479.2 490.9 502.1 506 497.6 496.3 499.4 499.9 492.1 482.2 474.9 469 462.4 453.6 445 438.2 441.3 450.3 459.7 467.1 471.5 474.4 476 474.6 475.4 472.1 465.1
455.4 451.1 440.7 433.1 427 424.1 420.8 416.7 411.6 404.8 397.5 395 392.1 390.3 390.3 390.3 390.3 390.3 390.3 390.3 390.3 387.9 389.7 391.9 394.7 397.1 399.4 402 404.8 407.4 410.3 413.9 417.7 424.5 429.9 435.3 442.7 451.5 459 468.3 472.4 480.1 477.1 471.2 464.6 459.7 461.1 464.6 463.6 458.7 468.4 486.7 507 515.3 506.6 498.3 499 501.8 498.6 487.8 480.4 474.8 471.7 466.8 451.3 432.4 430.1 431.7 436.7 446 453.7 459.4 463.5 467.2 468.4 468.6 464.8 458.4
459.1 456 448.8 441.7 435.6 432.5 429.2 425.2 420.3 413.3 405.9 400 398.5 395.3 391.2 390.3 390.3 390.3 390.3 390.3 390.3 387.4 388.5 390.7 392.6 394.8 397 399.5 402.7 405.3 408.2 411.3 415.9 423.4 429.9 436.3 444.6 454.1 463.7 478.1 480.6 489.8 483.2 475.4 466.4 465.6 470.4 472.3 473.6 464.8 473.8 493 518.6 522.3 506.8 500 499.1 500.8 495.1 482.2 477.9 477.3 475.6 472.2 452.8 429.9 425 425.8 427.8 432.6 439.8 446.8 451.5 455.3 458.4 460.2 457.9 454.3
467 463.8 457.8 452.1 446.1 442.8 436.9 433.2 428.3 420.4 412.3 407.3 406.3 403.5 399.2 398.6 397.4 393 390.3 390.3 390.6 386.4 386.2 387.7 389.5 391.3 393.7 396.8 400 403.2 406.1 409.2 414.4 421.1 427.3 434.9 443.4 453.2 466.2 481.5 486.7 490 480.1 468.9 462.7 466.5 473.5 468.3 469.2 466.7 477.8 496.8 523.7 517.4 501.8 499.6 500.1 499.6 488.2 477.8 476.1 476.1 475.2 470.6 448.8 431.9 425 422.6 423.1 423.7 428.9 434.9 440.8 445.9 450 453 453.8 451.7
475.7 472.7 466.7 461.5 456.6 452.2 445.2 440.7 433.8 425.1 416.6 414.9 414.1 412.4 410.8 409.6 408.2 403.4 395.5 393.1 389.6 387.3 385.4 385.1 385.8 387.8 391 394.1 397.2 400.5 403.7 407.3 411.5 417.6 423.1 431.5 440 449.4 461.5 477.5 484.6 482.3 470.1 456.2 450 457.6 462.5 455.3 453.8 462.4 475.5 496.5 516.2 508.7 500.8 501.6 500.1 500.3 482.6 474.2 469.5 467.8 464.2 455.9 441.1 436.8 427.1 421.7 421 420.6 423 426.2 432.1 438 443.5 447.9 449.7 449.9
484.5 480.3 474.4 469.3 464.8 459.7 454.3 447.5 438.8 429.7 423.9 422.7 423.3 423 422 420.7 419.8 417.6 408.5 403.7 398.7 396.7 392.7 387.1 382.7 384.4 387.9 391.1 394.6 397.9 401.2 404.6 408.1 412.4 418.3 425.5 433 441 451.8 463.1 468.9 466.3 456.3 442.6 437.4 443.4 447.8 440.5 445.1 455.7 470.1 488 501.8 495.5 495.9 502 500.2 495.1 480.3 471.8 463.3 459.7 454.4 445.4 441.3 436.3 425.8 423 423.1 420.1 418.3 421.5 426.5 432.4 438.4 444.1 447.1 448.4
488.4 485.7 480.2 475.1 470.4 465.9 460.7 453.5 444.6 435.5 431.9 431.9 432.4 432.3 432.6 431.2 428.8 428.6 421.4 417.8 415.6 408.8 401.4 394.1 387.4 382.9 385 388.6 392 395.4 398.6 401.9 405.4 408.6 413.2 419.4 425.2 431.8 439.4 446.5 451.6 450 439 428.4 428.8 429.8 432.8 432.7 437.8 450.1 463.5 475.8 486.1 486.9 496 504.1 504.4 492.2 481.8 470.3 460.3 454 446.1 438.4 433.2 428.3 426.9 428.8 428.3 422 418.4 417.9 423 428.6 434.3 440 444.2 446.5
491.9 488.7 485.2 480.3 475.9 471.1 465.3 459.2 450.5 442.4 442 441.5 441.1 441.1 439 437.2 436 437 432.5 432.5 425.6 415.4 407 398.4 390.7 382.6 382.2 386.2 389.6 392.8 396.1 399.3 402.7 405.2 408.1 411.3 416 420.8 425.8 430.5 435 434.2 425.1 424 425.2 425.8 427.7 431.2 436.5 443 453.7 464.8 474.9 485.5 497.5 502.9 499.7 490.1 478.8 465.4 459.3 450.9 440.2 430.9 425.6 424.7 425.8 428.2 425.2 420.4 416.3 414.7 419.9 425.1 430.5 436.4 441.1 444.8
489.3 488.2 486.8 484.3 480.6 475.7 469.9 464 457.3 452.4 453.8 451.4 450.3 448.3 445.3 442.7 441 443.7 438.7 437.2 428.4 416.8 408.4 400.3 391.7 384.2 382.8 384.2 387.1 390.3 393.5 396.8 399.7 402.2 404.7 407.5 410 411.9 415.3 417.6 421 420.4 419.4 420 421.2 424.7 427.9 432.4 436.3 441.2 447.6 460.6 474.4 485.2 493.8 498.2 490.4 483.9 469.8 461.2 457.3 450.3 438.9 427.3 423.9 422.8 423.5 424.3 421.1 417.3 412.6 410.4 415.9 420.9 426.3 431.5 436.4 441.2
485.3 484.2 485.7 486.2 485.1 480.1 474.3 468 462.3 460.5 461.2 461 460.2 455.8 451.5 446.8 443.6 443.6 440.8 438.7 427.9 416.2 408.5 398.7 390.5 380.9 381.6 382.4 385 388.8 391.4 394.1 395.3 398.6 401.4 404.2 406 407.6 409.6 410.8 413.1 415.3 415.9 418.9 422 425.1 428.5 434 439.6 445.4 455.6 467.5 475.9 483.1 492.9 494.6 485.9 479.5 466.2 457.2 454 448.4 437.2 426.7 422.8 421.4 422 424.2 424.8 414.4 409.8 407 412.1 416.2 421.1 425.5 429.3 432.9
477.6 478.7 482.7 487.4 486.8 482.7 476.5 471.5 467.9 466.6 466.9 467.1 466 461.7 456 447.8 444.5 442.4 438.9 434.2 423.4 413 403.8 394.7 387.3 380.2 382.2 384 384.2 385.9 388.3 391.1 392 395 396 400.2 404.7 409.2 411.4 414 415.2 415.8 417.9 421.1 423.6 429.5 433.8 435.2 443.2 452.1 464.3 475.2 480.6 488.1 496.1 495.4 484.5 475.2 462.7 454.9 450.7 444.1 432.5 427.4 421.6 418.8 419.2 422.9 423.1 409.3 407.6 405.3 407.8 411.2 414.7 417.8 419.9 421.7
469 472.6 479 484.9 484.8 481.6 477.7 474.3 472.4 472.5 472.2 471.6 469 464.2 457.7 449.7 445.8 440.7 432.5 425 413.9 403.4 394.3 388.7 381.8 380.2 381.2 383.1 384.5 386.8 388.8 390.9 394.6 396.3 400.1 404.4 408.2 412.4 415.6 417.6 420.7 422.4 424.3 431.3 434.2 442.5 446.2 445.7 450.9 460.2 472.4 482.2 486.3 491.7 496 490 482.7 472.2 462.7 452.5 448.5 441.1 428.4 425.2 420.6 417.3 413.6 411 410.2 408.5 407.6 404.3 402 404.9 407.8 410.1 411.4 411.3
460 465.4 471.4 476.7 479.4 478.7 476.8 475.6 476.1 477.3 476.7 474.4 470.6 464.8 459.3 453.8 450.9 445 432.7 419.5 406.8 397.4 390.6 384.7 379.9 379.4 380.6 382.3 384.9 387.7 390.3 392.6 395.8 398.3 401.8 405.9 409.9 414.5 418.8 424.8 431.3 430.8 432.9 438.6 443.9 451.8 454 452.4 457.6 467.8 479.9 488.9 490.6 492 490.9 483.3 474.1 466.6 457.9 452.3 449.3 439.1 429.6 427.5 421.3 418.6 416.8 412.2 408.2 406.3 405.5 399 396.5 398.8 401.6 404.2 404.5 404.2
450.7 457.6 463.5 468.6 472.2 474.1 474.9 475.1 477 478.7 477.7 475.4 471.1 465.4 461.1 457.6 455.1 449.3 438.8 425.5 412.4 401.8 393.3 384.3 379.6 378.9 380.6 382.7 385.1 387.9 390.8 393.7 396.7 400 403.6 407.4 411.4 415.8 423.9 433.2 440.7 437.6 441.1 445.1 451.2 457.7 454.1 454 460.1 469.2 480.5 486.9 485.8 485.6 479.5 474.6 468.3 464.5 459.1 453.9 453.4 444.1 439.5 438.3 425 421 419 416.3 413 414.7 415.3 405.9 400.2 395.6 395.9 398.5 400.7 401.2
442.8 449.3 455.2 461.1 464.7 467.3 470.1 472.4 475.4 476.3 476.3 475.1 470.1 465.4 463.1 459.4 457.5 452 444 432 419.7 409.3 399.4 388.3 378.8 378.5 379.7 381.9 384.4 387.2 390.2 393.6 397.1 400.3 404.5 408.6 412.4 416.1 426.3 437.1 442.1 442.9 446.6 449.9 453.3 456.4 451 449.1 455.2 463.5 471.3 475.1 475.3 472.6 468.6 469.1 467.5 464 459.7 457.8 457 449.4 451.7 448.2 435.3 426.6 429.1 423.4 422.4 427.3 424.3 414.4 408.7 404.6 397.6 393.4 395.3 398
433.7 439.1 445.5 451.3 455.5 460.1 463.8 466.7 470.5 471.4 470.7 469.6 466.6 465.7 464.1 459.5 459 455.3 447.6 436.9 425.5 414.9 403.8 392.7 382.3 377.2 379.1 381.1 383.8 386.8 389.9 393.3 396.9 400.5 404.4 408.8 412.7 417 426.9 437.5 445.3 448.6 451.9 453.6 453.9 452.9 443.9 443.5 447 454 459.6 460.4 458.6 459.4 460.3 457.8 460.8 456.5 455 454.6 458.1 458.5 461.1 456 446 440.5 443.5 445.2 437.5 440.3 432.8 423.4 421.6 421.2 408.8 399.9 391.4 394.2
427.7 429.8 434.5 440.4 444.9 450.8 456.1 458.1 460.9 461.3 461.2 461 461.2 461.8 459.8 457.7 459.1 458.8 450.5 439.6 428.2 417.4 407.3 396.9 385.5 378 378.5 380.5 383.2 386.4 389.5 393 396.6 400.3 404.4 408.8 412.7 417.1 427.6 438.3 449.9 452.8 453.5 454.9 454.9 450 442.5 441.2 442.1 447 451.7 448.6 453.3 451.7 451.8 448.7 452.8 450 449.7 453.8 461.8 465 469.4 463.8 460.1 458.6 459.2 462.7 458.6 454.2 443 436.4 436.4 435.5 425.8 408.8 395.7 390.5
421.8 424.7 426.2 428.5 433.2 439.5 445.9 447.8 450.2 450.4 450.6 451.7 452.5 452.6 451.5 453.8 458.7 457.3 449.2 440.4 429.3 419.1 408.8 398.2 386.4 378.7 377.5 379.9 382.8 386 388.8 392.4 396.4 400.1 404.4 408.8 412.6 416.9 426.6 437.7 450.6 454 454.8 454.8 452.8 446 439.1 436.1 436.4 439.6 441.6 438.9 443.3 442.9 445.4 442.4 443.6 445.6 447.4 457.2 462.2 471.6 475.7 475.6 471.2 471.3 471.9 475 473.2 463.7 453.5 446.6 446.6 442.8 433.4 418.5 403.2 393.3
418.1 419 419.5 420.8 422.4 427.1 430.9 432.3 435.7 437.3 438.7 440.6 443.4 444.5 445.8 450 454.1 453.6 447.1 439.4 429.9 419.3 408.6 396.4 384.8 379 376.3 379.4 382.3 385.1 387.9 391.3 395.5 399.7 403.8 408.2 412.5 416.7 423.7 435.4 446 450 451.9 451.9 449 440.9 432.8 430.5 429.8 433 429.6 432.6 432 431.8 437.4 438.3 442.2 444.8 449.9 461.1 464.1 472.5 478.1 480.7 478 479.2 479.7 482.5 481.9 471.4 460.3 451.8 452.2 449.8 437.9 424.6 412.9 399.5
