UK/data/nz/nz90_OST50GRID_20230518/NZ90.asc
ncols 200
nrows 200
xllcorner 490000
yllcorner 500000
cellsize 50
[rows 148 to 184 of 200, columns 0 to 81 of 200]
229.5 231.5 231 229.4 227.8 225.5 222.8 219.4 216.8 214.8 212.7 210.8 208.9 206.4 203.8 201.4 200.4 199.3 199.1 202 199.3 198.7 196.3 189.8 186.4 184.5 183.1 182 181.6 180.7 178.8 178 179.1 172.3 180.6 185.3 187.3 186.7 186.4 186 185.1 183.9 184.4 181.5 177 171.9 167 165 164.2 163.9 163.5 163.5 169.5 170.1 167.8 165.5 162.1 157.7 151 145.5 143.5 143.6 143.5 140.6 134.8 136 137.9 139 143.3 147.7 152.3 154.9 155 152 145.4 138.2 128.8 120.1 111.8 100.6 89.2 89.8
228.4 230.1 229.6 228.3 226.7 224.8 221.9 218.3 215.9 213.6 211.5 209.5 208 205.6 203.1 200.2 199.3 198.3 199.1 199.6 198.8 199 196.4 191.6 188.4 186.8 186.6 187.1 186.9 186.2 185.7 186.3 186.5 177.2 175.1 185.7 187.5 186.6 186.3 185.7 184.3 183.1 182.5 180.7 176.9 170.7 166.8 165 164.6 164.3 164.6 163.1 167.4 167.8 166.3 165.1 159.1 151.6 144.2 139.3 134.7 131.5 131.2 129.5 128.2 128.7 129.4 131.7 135.6 141.2 146.4 149.3 149.4 144.4 139.2 132 123.7 115.9 105.1 94.4 90.9 97.1
227.2 228.5 228.2 227.1 225.5 223.9 220.7 217.1 214.7 212.4 210.3 208.2 206.9 204.8 201.6 199.7 199.4 199.1 199.2 199.7 199.8 199.3 196.1 192 189.7 187.7 188.5 189.2 189.5 186.3 187.1 187.3 181.7 174.6 176.6 188.1 189.3 187.8 185.9 184.2 183.3 182.1 180.8 179.4 175 169.2 166.4 165.1 164.2 164.5 163.6 158.9 160.6 164.4 164.8 162.4 155.9 148.4 142.5 138 133.5 128.3 125.8 124.6 124.8 126.4 125.2 124.9 127.2 133.3 137.4 137.9 137.7 134.8 130.6 125.1 118.8 109.2 97.4 94.4 99.7 98.3
224.3 226.8 227.1 225.3 224 222.7 219.5 216.3 213.4 211.2 209 206.9 205.4 203.7 200.7 199.3 199 199.6 199.7 199.8 200 198.3 196.7 191.9 191.9 191.7 190.2 188 186.4 184.5 181.9 178.7 176.5 174.6 182.2 189.5 189.7 187.6 185.3 183.7 182.8 181.4 178.3 178.3 174.7 166.4 164.3 163.8 163.9 164.9 164.5 158.3 161.6 154.3 158.4 157.3 154.2 149.6 143.4 135.6 131.4 129.6 128 127.5 123 120.2 119.3 120 121 124.7 125.2 125.9 126.4 125.7 122.9 118.4 112.6 102.2 94.4 104 100.3 96.7
222.2 225.5 225.3 223.5 222.3 221.3 219.4 216.4 213.1 210.1 207.6 205.8 203.7 201.8 199.5 198.8 199.5 199.4 199.2 199 198.5 198.2 196.8 193.9 192.9 191.8 189.9 186.3 180.8 176.9 175.8 175.6 175.1 179.3 189 189.2 187.1 184.7 183.8 183 182 180.2 176.3 173.7 172.4 164.7 163.8 162.7 162.7 162.2 163.2 159.9 164.1 161 154 149.1 150.8 144.7 135.5 133.7 130.4 127.3 124.9 123.4 126.2 125.7 122.6 114.3 112.4 111.2 116.3 117.1 116.5 116.9 114.9 110.8 104 96.1 105.3 102.5 97.9 93.6
220.8 224.2 223.7 222.2 220.9 219.8 218.4 216.4 213.2 210.2 207.4 204.8 202.5 200.3 199.2 198.5 200.4 201.3 201.1 200.3 198.9 197.9 197.3 197.7 193 194.6 189.5 179.6 175.9 175.6 178.6 182.3 185.8 189.6 189.8 188.4 185.1 185.4 184.1 182.6 180.8 177.7 174.3 170.6 167.6 165.3 164.5 164.8 164.5 162.3 161.2 164.3 165 161.2 154.6 147.2 140.6 141.3 140.2 135.4 132 127.6 126.9 129.1 129.7 126.9 122 122.7 121.3 117.2 106.6 109.7 108.2 106.9 105 100.9 98.4 101.3 104 100.7 95.9 91.2
219.8 222.8 222.3 220.9 219.5 218.4 217.4 215.5 213.2 210.3 207.6 204.9 202.2 199.6 198.6 198.6 201.3 202.6 200.1 199.7 199.7 200 200.2 201 200.3 196.8 189.4 177.2 174.1 179.9 188.8 193.2 195 192.3 189.5 187.2 185.2 185.3 184.1 182.9 182.2 179.1 177.2 172.9 171.2 166.6 165.4 165.5 165.7 165.5 162.4 162.7 164.3 164.9 159.8 152.8 146.8 141.7 137.7 135.2 132.4 128.4 128.7 128.3 127.1 124.5 122.5 120.7 118.6 117.5 114.2 109.7 107.6 105.2 101.8 104.8 107.6 104.6 101.1 98.6 95.5 91.9
218 221.3 221.7 220.2 218.6 217.1 216.4 215.2 213.2 210.6 207.8 205.1 203 200.7 198.1 198.7 199.7 200.7 202.2 201.9 201.6 201.9 202.3 202.8 202.3 200.1 190.6 175.5 173.1 183.8 191.1 193.4 193.9 192.7 189.8 185.5 185.7 185.5 183.7 183.5 183.5 177.7 176.9 172.6 173.9 167.1 166.3 166.1 166.2 166.6 164.1 163.6 164.1 165.9 165.5 158.8 151.8 144.1 136.6 133.1 130.5 130.5 130.3 127.9 121.8 118.7 117.2 117.6 115.4 113.2 112.1 111.7 109.8 107.6 104.5 107.9 106.6 102.7 100.7 98.7 95.6 87.8
216.5 220.3 221.3 219.5 217.8 216.4 215.3 214.3 212.6 211.1 208.8 206.6 204.6 202.1 198 197 200.1 202.2 202.8 201.9 202.6 202.7 203.6 205.6 204.1 201.4 192.1 175.7 173.7 187.1 193.7 190.4 192.3 191.3 188.2 185.1 186.5 185.1 183.4 181.2 178.6 176.2 175 177.2 177 168.1 166.9 166.8 165.9 166.9 166.3 164.6 164.5 163.3 163.9 160 152.3 144.9 136.5 133.3 134.2 137.5 141.5 139.9 133.3 121.6 115.4 112.6 110.3 108.5 108.5 108.2 105.6 104.7 104.6 105.8 103.9 101.3 100.6 98.7 91 78.2
215.3 219.3 220.5 219 217.2 215.4 214.2 212.7 211.5 210.2 208.3 207 205.5 203.5 199.8 196 198.6 201.3 202.4 202.4 202.7 202.6 206.5 206.9 204.1 202 194.8 176.2 172.6 183.1 193.3 190 190.7 188.8 185.6 186.1 185.9 185.3 184.5 181.9 177.7 177.1 177.9 178.7 179.5 172.8 167.2 168.4 166 166.7 166.2 163.5 162.3 159.4 157.6 153.1 146.3 143.3 140.1 138.9 142.7 146.6 149.2 145.6 140.5 130.1 118.7 113.9 109.3 103.2 105.3 105.7 104.7 104.4 103.5 103.1 101.7 101.2 100.8 97.9 85.8 72.6
213.6 218.6 219.7 218.9 217.3 215.1 212.6 211.2 210 208.3 206.6 205 204.3 203.5 201.4 195.8 195.6 198.6 200.1 202.7 203.9 201.8 204.6 206.4 203.7 203.3 197.8 181.4 171.8 176.7 188.6 188.4 190.5 187.2 184.7 185.3 185.2 184.7 182.9 180.8 178.9 178.8 179.5 180.4 180.4 173 167.6 167.6 166 165.5 165 162.9 161.8 163 161.8 156 152.4 147.6 147.2 147.6 148.4 150.5 152 148.4 143.9 138 124.1 114.9 110.3 105 100.9 104.2 103.3 102.2 100.8 100.4 101.4 101.8 102.1 92.4 80 71
212.5 217.9 218.9 218.4 217 215.1 212.3 209.6 208 206.2 204.8 203.3 202.6 201.9 201 196.4 191.8 195.2 197.1 199.2 201.6 200.1 204.9 204 203.1 202.8 201.9 189.6 173.5 172.2 180.8 185.7 186.5 184.9 186.2 186.3 185.7 183.3 181.1 180.9 181.3 180.5 180.8 181.1 179.7 172.6 167.3 166.7 166.1 165.9 165.2 164.1 163.8 162.7 160.7 156.8 154.4 153.2 152.5 152.2 152.7 154.5 154.3 152.8 148.8 142.8 130.2 118.1 112 106.5 103.2 96.5 98.4 97.7 97 98.6 100.8 102.8 101.7 85 74 75.9
211.7 217.2 218.4 217.5 216.4 214.1 211.5 208.9 206.3 204.1 202.8 202.1 201.3 200.3 199.3 194.8 190.4 192.5 193.1 195.1 196.5 199.6 202.7 202.9 202.1 202.4 203.1 194.2 175.3 169.9 175.9 180.6 185.4 187.2 186.2 187.1 187.3 183.8 184.5 184 182.9 181.7 182.1 182 177.9 169.4 167 166.4 166.2 166.6 165.9 165.3 164.9 162.7 161.1 159.2 157.5 156.7 155.7 155.6 156.4 157.8 157.1 154.6 150.8 144.8 137.8 127.7 116.6 110.5 106.4 100 92.6 88.4 88.8 87.7 91 102.3 95.8 79.8 76.3 80.6
211.4 216.8 217.5 215.4 213 211.7 209.6 208.6 206.1 202.4 200.9 201.2 200.1 198.1 196.5 194 187.7 187.5 185.2 186.3 188.2 195 196.7 197.6 197 202.2 202.8 196.6 178.7 168.7 169.6 174.9 179.6 182.2 185.4 187.4 186.6 186.5 186.5 185.2 184 181.6 182 179.9 173.6 166.7 166.2 166.8 167.9 167.4 166.9 166.5 166.1 164.7 164.5 162.7 161.1 160.2 158.9 158.4 159.1 160.6 159 156.5 153.6 147.3 140.2 132.4 121.6 111.9 106.5 101.5 97.4 93.3 85.8 83.7 86.8 81.2 83.4 77.4 81.9 85.1
212.3 215.8 214.8 209.4 207 206 204.1 204.6 204.3 200.9 195.5 198.5 198.7 195 190.1 188.1 184.7 184.7 185.1 185 181.4 179.6 181.3 181.4 183.3 191.3 198.9 197 183.7 171.1 168.3 168 169.3 177.5 186.5 188 185.6 187.2 186.5 185.3 184 181.9 180.8 178.6 172 166.2 165.9 167 168.8 168.6 167.8 167.5 167.2 167.2 167 166.2 165.3 165 163.4 161.8 161.2 161.4 159.8 158.7 155.9 148.2 141.3 134.4 124.5 114 106.6 101.6 96.3 87.7 89.5 96.9 95.9 87.4 84.9 87.1 89.5 92
210.2 212.7 208.1 209.3 206.9 204.7 202.9 199.4 199.8 194.4 192.4 191.2 190.4 188.2 191.4 192.2 190.9 198.1 198.2 198.6 193.3 187.5 183.6 182 175.9 180 192.1 195.8 190.3 179.2 170.2 168.3 166.7 174.7 186.8 187.9 185.3 187.6 186.1 184.2 182.8 181.6 180.8 176.7 171.9 165.8 165.7 166.4 167.4 168.1 168.2 168.2 168.8 169.8 169 168.7 167.8 166.7 164.8 162.9 162.1 160.9 159.6 159.1 157 147.5 141.3 135.2 124.9 115.1 107.1 99.7 92.9 88.9 95.7 102.9 104.2 100.5 94.8 95.5 98.1 101.4
206.2 206 208.1 200.7 199.7 199.3 198.9 197.9 196.1 195.2 202.3 199.5 199.5 192.6 199 198.6 197.6 200.6 201.7 202.6 205.7 203.5 202 200.8 182.2 176.8 187.8 197.2 194 188.9 185.3 180.2 166.4 175.2 188.1 188.2 183.9 188.1 184.8 181.7 181.9 181.9 180.3 174.1 166.4 165.4 166.6 168.8 169.6 170.8 170 169.9 171.5 171.8 170.9 169.7 168.5 166.6 164.8 162.9 161.7 160 158.9 158.8 156.4 147.2 142.5 136.1 125.3 113.8 105.8 93.6 90.1 100.2 91.3 106.1 109.1 106.8 103.2 104.2 107.5 111
204.5 203 202.1 201.6 200.8 203.1 202.5 200 198.8 204 204.7 203.6 202.9 196 201.6 201.7 202 202.7 203.8 205.5 207.2 206.3 204.7 200.9 182.8 173.8 185.9 196 190.1 183.9 180 174.1 165.6 174.9 187.2 188.1 185.5 185.1 181.6 184.1 185.8 184.3 179.6 168.3 165 165.7 171.1 177.1 178.2 178.6 176.8 175 174.2 173.4 172 170 168 166.2 164.4 161.9 160.1 158.6 158.1 158 153.6 147.4 143.4 136.6 125.2 112.9 102.5 91.8 103.7 104 96.9 107.4 110.1 108.5 110.8 113.9 117.7 121.2
204.2 203 203.5 212.5 213.2 211.5 209.7 207.2 207.8 207.2 206.6 205.7 204.4 198.7 202.5 203.4 204.1 204.5 205.5 207.5 208 205.7 203.3 199.4 182.6 171.9 179.4 182.4 176.1 169.8 167.4 165.5 165.5 176.8 188 183.7 183.3 181.5 185.1 187.7 185.2 180.3 173 165.5 164.9 170.8 178.8 182.7 183.1 182.6 181.1 178.8 176 173.5 171.5 169.5 167.5 165.7 163.3 160.8 158.8 157.8 156.6 156.4 152.4 147.3 141.5 133.1 122.5 109.5 99.2 100 107.7 103.6 100 108.4 110.7 113.9 120 124.2 128.1 130.9
207 209.7 215.5 214.8 213.4 212.8 212.4 210.7 209.7 209.1 208.4 207.2 206 204 202.1 205 205.5 205.9 206.9 208.9 208.6 206.9 203.7 201.2 187.1 172.7 171.6 169.7 170.7 176.4 173.7 168.3 165.2 171.8 188.1 192.5 185 182.3 187.5 188 182.8 171.9 165.6 164.2 168.3 177.6 183.8 184.6 183.9 182.9 181.1 178 175.3 173 170.8 168.9 166.9 165.1 163.4 160.9 159.6 158.4 157.2 153.3 147.1 142.2 135.8 130 119.7 112.8 99.8 108.9 110.7 99.2 110.4 116.5 116.9 119.9 127.5 133.7 139.3 142.6
211.7 212.9 215.8 215.7 214.7 213.7 212.4 211.8 211.7 211 210 208.7 207.6 205.4 204.8 206.6 207.2 207.5 209.5 210.1 209.6 207.4 205.1 201.5 190.1 176.6 175 178.8 182.4 191.2 188.7 181.4 169 166.7 177.8 192.2 189.8 181 183.5 185.8 178.3 166.8 163.5 166.7 175.7 182.5 183.7 183.5 183 182.1 179.5 176.4 174 172.1 170.2 168.3 166.4 164.9 163.5 161.9 160.9 159.8 158.4 156.2 154.2 147.6 140.9 135.2 128.6 118.8 104.4 115.3 112 107.6 118.7 120.8 120.3 122.8 132.9 143.1 150.4 154.1
210.3 213.4 216.1 216.2 215.6 214.5 213.6 214.2 213.9 212.9 211.7 210.5 209.1 205.9 207.3 208.2 209 209.7 211.3 211.5 210.2 208.5 205.5 198.5 193 185.6 189.8 194.9 199.1 200.7 199.6 193.8 178.1 164.2 168.2 185.3 192.4 185.6 179.5 180.5 172.9 163.5 162.8 170.7 180.6 184.2 182.3 181.8 181 179.6 177.1 174.8 172.5 170.7 169.6 167.8 166.4 165 164.4 163.4 162.3 160.8 159.6 158.8 158.6 151.8 143.7 138.1 132.8 120.8 109.4 118.1 115.8 103.8 116.2 121.3 122.7 125.2 133.2 146 155.5 160.4
208.6 212.8 216.2 216.6 217.2 218.8 218.8 218 216.8 215.1 213.7 212 210.4 208.4 209.5 210 210.8 212.1 213 212.3 211.1 209 203.9 201.6 202 196.9 201.3 203.2 202.9 201.7 200.9 199.3 186.5 167.5 164.5 179.8 193.7 189.5 183.3 178.4 169.5 162.3 162.4 170.9 181 184.4 181.8 180 178.4 176.9 174.6 172.7 171.2 169.7 168.7 168.4 167.2 166.3 165.7 164.4 163.1 162.2 160.7 159.7 157.9 153.4 144.6 135.7 128.9 121.8 115.8 119.3 116.3 118.9 106.8 118.9 124.2 128.3 132.8 144.1 155.9 163.2
206.2 211.8 215.7 218.1 222.4 225 224.2 222 219.6 217.3 215.4 213.3 211.6 211.3 211.9 212.1 212.9 214.5 214.4 213.3 211.7 209 206.6 207 206.6 201.7 202.9 204.2 203.4 202.5 202 201.1 192.9 174.5 162.3 172.9 189.2 190.7 186.1 180.4 168 161.8 162.7 173.2 182.3 183.5 181.8 179.8 177.5 175.1 172.5 170.7 169.3 168.9 168.6 168.5 168 166.8 165.5 164.4 163.5 162.8 161.3 159.1 156.2 148.8 138.5 129.6 121.8 113.8 120.8 120.6 117.6 121.3 119.4 112.5 124.4 129 133.5 142.4 154.7 162.5
205.3 210.1 214.9 219.3 226.5 227.2 226.1 225.5 223.4 220.5 217.5 215.1 213.4 213.5 214.2 214.9 216.3 215.9 215.6 214.1 212.6 210.5 209.4 209.1 208.3 205.8 201.7 204.7 204.3 203.6 202.9 201.9 197.7 181.4 165.9 165.3 180 189.6 187.2 177.2 165.1 160.3 166 176.7 181.8 182 182.5 180.4 176.8 173.5 170.7 168.5 167.4 165.8 166.3 166.5 166.3 165.5 164.6 164.1 163.6 162.9 160.7 156.7 151.5 142.3 131.1 123.2 116.6 123.4 125.1 123.1 120.9 123 122.4 118.5 115.9 127.1 132.7 138.3 148 158.9
204.6 209.5 215.3 220.4 226.2 228.5 227.3 226.4 225.6 223 219.4 216.3 215.5 216.3 217.2 218.3 218.3 217.6 216.6 215 213.5 212.5 211.6 210.6 209.5 208.2 204.6 202.4 205.3 204.8 203.8 202.2 198.4 186.2 167.2 161.7 172.2 188.2 184.4 171.4 162.1 160.4 169.5 178.1 180.5 182.4 181.2 177.9 174.6 171.4 168.3 165.4 163.4 162.6 163.1 163.7 163.9 163.9 163.2 162.4 161.3 160.9 158.7 153.8 146.3 135.5 125.8 118.5 123.2 125.9 126.2 125.8 126.4 123.8 121.3 125.2 127.4 120.1 126.3 134.3 142.3 153.8
205.4 210.1 215.3 220.6 226.1 229.4 228.2 227.1 226.2 223.8 220.2 218.1 218 219.3 220.4 220.2 219.4 218.5 217.6 216.3 215 214.1 213.3 212.2 211.1 209.8 207.2 200.9 206.4 205.4 203.8 201 197.1 184.2 165.4 161 172.2 187.3 179 166.2 159.3 165 173.9 177.8 179.3 179.4 177.2 174 171.5 167.9 165 162 160.2 158.9 158.8 159.8 159.8 159.6 159.6 158.8 158.1 158.2 155.4 149.6 140.8 130.9 121 122.7 128.2 129.4 131.3 134.1 132.1 128.3 121.8 125.9 129.4 131.2 129.7 130.7 140.7 151.2
205.8 210.6 215.9 221.1 225.9 229.9 228.9 227.7 226.7 224.3 220.7 220 221 222.7 222.6 221.4 220.4 219.4 218.4 217.3 216.3 215.7 214.9 213.9 212.3 210.7 208.9 199 202.7 204.2 202.9 200.3 195.3 178.6 161.4 162.1 177.9 184.6 172.8 161.1 159 168.8 176.8 177.5 177.1 176.2 173.5 170.4 167.5 164.6 162.1 159.7 157.4 155 153.1 152.3 153.4 154.7 154.7 154.6 154.7 154.6 151.2 143.9 134 124.5 124.7 130.2 131.3 133.8 137.9 139.6 136.2 132.4 125.5 126.6 131.4 133.8 135.1 126.9 138.5 147.8
206.5 211.8 217.7 221.9 226.5 229.5 229 228 226.4 223.5 221.7 222.3 224 224.3 223.8 222.7 221.6 220.4 219.4 218.3 217.3 216.4 215.6 214.6 212.1 209.6 209.5 200.6 197.9 200.8 200.7 199.3 194.2 174.3 160.1 161.9 171.2 170.4 163.2 158.1 161.9 170.8 178 177.7 175 172.5 170.4 167.7 165.1 162.1 159.1 158.7 156.8 156.6 155.7 152.3 147 149.1 149.9 149.8 151.2 149.6 147 138.8 129.1 125 128.8 133.1 135.3 140 143.7 142.9 138.4 134.5 130 130.4 133.9 136 136.8 131.8 136.7 141.5
205.5 212.5 218.8 223.1 227.1 230.5 229.8 228.6 226.6 225.1 225.4 226.1 226 225 224.4 223.6 222.5 221.3 220.6 219.4 218.4 217.4 215.7 213.7 211.3 208.7 207 203.3 197.7 199.5 200.1 198.7 195.1 177.8 161.3 157.3 154.9 157.2 156.8 159.8 164.6 173.8 178.9 176.4 173.6 171 168.9 166.5 164 161.1 161.1 160.1 159.1 158.1 156 155.2 148 146.2 141.1 143.7 144 141 136.6 131.1 128.5 133.3 137.6 141.4 145.3 149.2 148.6 144 139.5 136.8 129.7 136.1 137 137.1 137.7 137.1 140.3 145.5
207.4 213.1 219.9 224.2 228.9 231.2 230.7 229.8 229.4 228.6 228 227.5 226.7 225.7 225 224.2 223.3 222.7 221.2 220 218 216.1 213.7 211.9 210.1 208.1 206.8 202.4 195.7 199.3 198.8 197.2 195.9 188.4 177.7 168.5 161.7 157.3 154.8 159 166.3 174.8 177.8 175.1 172.5 169.9 167.9 166.3 164.8 163.9 163.1 161.6 160.3 158.9 155.9 153.8 154.9 153.9 148.2 137.8 134.5 135.8 139.7 140.9 141.5 145 149.4 152.3 155.7 156.3 152.6 145.5 141 138.4 135.5 138.8 140.6 140.6 142.7 142.4 145.6 150.5
208.8 214.7 220.9 225.1 230.1 231.7 231.7 231.3 231 230 228.7 228.1 227.3 226.3 225.6 225 224.1 222.4 220.1 217.8 215.9 213.9 212.2 210.5 208.7 207.3 205.9 202.1 195.1 198.2 197.4 195.7 194.4 192.1 188.7 186.4 181.2 168.1 155.3 158.6 166.9 174.6 176.7 174.4 172.1 170.5 169.4 168.2 167.3 166 164.8 163.2 162.2 161.6 160.4 158.4 156 153.4 150.7 149.7 148.2 149.3 151.7 153.2 153.1 154 154.9 157.4 159.3 160.1 155 147.5 142.6 138.1 141.3 142.3 144.7 146.3 147.4 147.8 152 156.8
211.9 216.9 222.1 226.8 231.3 233.4 236.7 234.2 232.2 230.6 229.6 228.6 227.9 227 226.2 224.3 222.3 220.4 217.9 215.7 213.8 211.9 210.3 208.6 207.4 206.4 205 203.1 194.9 193.2 194.7 193.7 192.2 191.3 188.8 189.2 179.4 164.5 153.6 160.8 168.4 174.7 176 174.7 173.7 172.6 171.5 170.6 169.7 168.7 167 166 164.7 164.3 163.2 160.2 157 155.9 154.6 154.3 152.6 156 157.2 158.4 157.6 157.8 158.2 159.7 160.9 162.1 156 148.5 145 141.2 143.1 144.8 146.7 149 150.5 154.3 159.6 163
214.8 219.2 223.4 228 232.5 237.2 240.8 238.9 233.7 231.4 230.4 229.4 228.4 227.3 224.6 222.3 220.4 218.4 216 213.6 211.7 210.2 208.8 207.2 206 205 204.5 202.9 198.8 191.3 190.8 191.6 190 188 186.8 184.9 169.1 154.9 155 161.7 169.2 176.2 176.8 176.9 176.7 175.6 173.9 173 172.1 171.2 170.1 168.6 166.8 167.5 164.4 161.7 159.9 156.9 159 158.2 157.6 158.7 159.6 160.3 160.7 160.5 160.4 161.8 163.2 163.5 156.1 149.6 147.1 145.4 142.3 146.8 150.7 153.7 155.2 159.5 164.6 168
218.3 221.1 225 229.3 233.4 239.2 241.1 240.2 235.6 232.7 231.1 229.5 228.2 225.6 223.1 220.6 218.5 216.5 214 212.1 210.6 209.1 207.4 205.8 204.7 204 202.9 202.4 199.6 193.8 188.4 188.5 188.7 187.4 183.7 181.1 163 153.5 155.3 165.6 175.2 177.1 177.9 180.3 181.2 179.5 177.3 175.4 174.3 173 171.6 170.3 169 167 166.3 165.2 163.4 161.4 162.9 161.9 161.6 161.5 162.3 163.1 163.5 163.4 163.5 164.2 164.9 163.4 155.3 149.2 149.7 148 147.7 145.7 154 158.3 159.1 161.9 167.6 170.9
222.2 224.8 228 232.2 235.8 240.9 240.8 240.2 237 234.5 231 228.7 226.6 223.9 221.4 219 216.9 215 212.9 211 209.5 208.1 206.1 204.3 203.1 201.9 200.8 201.2 198.9 195 190.3 185.6 183.9 185.1 180.3 173.6 157.4 153.6 160.1 172.7 172.9 172.1 177.5 181.4 184.8 183.3 180.8 178.6 176.8 175.1 173.2 171.6 170.2 168.7 167.8 166.6 164.5 165 166.2 165.3 164.8 164.4 165.3 165.8 166.3 166.6 166.7 166.7 166.7 163.5 154 151.5 151.7 150.4 152.1 149.4 156 162.4 165.9 162.6 169.2 172.4
225 227.4 231.7 236.2 240.9 242.4 242.3 241.3 238.1 234.8 231.5 228.2 225.6 223.1 220.7 218.5 216.7 214.8 212.5 210.3 208.5 206.9 204.7 202.9 200.1 198.8 197.3 198.9 197.7 194.4 191.4 187.5 178.7 182.4 171.3 161.4 154.8 153.5 157.7 162.7 162.7 164.8 167.4 173.3 177.9 182.5 184 182.1 180.2 177.8 175.3 173.3 171.9 170.7 169.3 167.6 166.4 167.7 167.6 167 167.4 167.8 168.2 168 166.5 165.9 166.1 166.6 166.4 162 153.6 153.6 153.8 152.3 153.6 151.9 157.8 164.3 169.2 169.8 167 172.4
