UK/data/sd/sd48_OST50GRID_20230518/SD48.asc
ncols 200
nrows 200
xllcorner 340000
yllcorner 480000
cellsize 50
[rows 39 to 77 of 200, columns 88 to 175 of 200]
140.5 135.1 131.2 125.7 118.4 111.2 104.4 97.3 91 87.3 83.3 81 76.2 72 69.8 65.7 60 54.7 51.3 48.9 45.8 39.7 35.3 38.1 33.8 29.3 26.9 14.9 8.5 8.5 5.8 5.2 5.3 5.3 5.3 5.3 5.3 5.3 5.3 5.3 5.5 5.7 5.3 4 5.5 5.7 6 5.4 5.1 5.1 5.1 5.1 5 4.9 4.8 4.6 4.6 4.8 5.1 5 4.8 5 4.8 4.5 4.5 4.4 4.5 4.6 4.7 4.7 4.7 4.8 4.8 4.9 5 5.3 4.6 5.5 5.5 5.5 5.7 5.1 10.4 24.5 39.6 54.7 68.1 72.6
137.1 132.5 128.3 122.8 115.3 108.7 103.8 101.2 96.8 92.1 89 85.8 82.6 80.5 78.9 72.9 68.4 63.4 56.7 50.1 45.4 41.5 35.5 31.4 31.9 31.2 28.1 17.2 8.1 6.8 5.8 5.4 5.3 5.3 5.3 5.3 5.3 5.2 5.1 5.2 5.4 5.7 5.8 5.7 7 5.5 7.4 5.4 5.3 5.3 5.1 5 5 4.9 4.8 4.6 4.7 4.8 4.7 4.7 5 5 4.9 4.6 4.7 4.7 5 4.9 4.9 4.7 4.8 4.8 4.8 5 5.1 5.4 5.5 4.6 4.6 5.1 5.6 5.6 7.9 19.9 34.6 49.2 61 70.8
134.2 129.1 124.9 119.9 117.2 115.4 114.6 109.6 104.1 98.5 95 91.7 88 84.7 81.7 78.4 75 68.7 61.6 55 48.9 43.9 35.8 32.1 27.1 27.3 26.3 16.8 8.8 6.2 6 5.6 5.5 5.3 5.2 5.3 5.1 5.1 5.1 5 5.2 5.5 5.4 5.4 5.5 4 6.8 5.5 5.4 5.1 4.9 5 5.1 5 4.9 4.7 4.8 4.9 5 4.3 4.7 4.8 4.8 4.7 4.8 5 5.4 5.4 5 4.8 4.8 4.8 4.8 5 5.2 5.4 5.5 5.4 5.5 5.4 5.4 5.9 6.3 16.6 31.9 46.7 54.1 63.9
140.4 134.3 128.5 128.6 126.6 123.4 118.1 113.4 107.1 101.1 97.9 95.4 91.6 87.9 85.1 82.9 79.3 73.1 66.6 59.9 54.3 50 41.8 32.5 28 21.1 20.2 15.4 11.5 7.5 6.5 5.7 5.4 5.1 4.9 5.1 5.1 5.1 5.1 5.2 5.2 5.3 5.3 5.4 5.5 7 6 5.6 5.4 5.1 4.9 5.1 5.1 5 4.9 4.7 4.7 4.8 5 4.6 4.4 4.7 4.6 4.6 5.1 5.4 5.9 5.8 5.1 4.8 4.8 4.8 4.9 5 5.3 5.5 5.5 5.4 5.4 5.3 5.4 5.5 6.2 14.2 26.1 46.6 54.7 56.8
150.4 144.6 140.4 136.3 133 129.6 123 116.9 111.3 105.6 100.6 97.2 93.6 90 87.9 85.8 82.9 77.8 71.4 65 59.4 53.8 45.4 36.1 27.5 19.3 14.5 11.9 9.7 8.1 6.5 5.9 5.4 5.2 5.1 4.3 5.1 5.1 5.2 5.2 5.2 5.3 5.4 4.4 5.1 6.6 4 5.7 5.4 5.2 5 5.1 5.1 5 4.9 4.7 4.6 5 4.9 4.7 4.5 4.5 4.5 4.6 5.3 5.8 6.8 6.3 5.2 4.7 4.7 4.8 4.9 5.1 5.4 5.5 5.5 5.4 5.4 5.3 5.4 5.4 5.9 11.7 22.9 39.2 56.4 56.4
157.5 150.6 145.3 140.9 137.5 132.8 126.6 122.7 116.8 110.6 104.2 97.7 94.7 91.9 89.9 87.7 85 81.4 75.3 69 62.2 55.5 47.5 38.9 30.4 21.9 15.9 13 13.3 11.2 7.6 5.8 5.3 5.1 5.1 4.8 5.1 5.2 5.2 5.2 5.2 5.3 5.3 4.9 5.6 5.6 6.8 4 5.9 5.6 5 5.1 5.1 4.8 4.7 4.7 4.7 4.9 4.8 4.6 4.5 4.4 4.5 4.6 5.1 6.4 7.7 6.7 5.3 4.7 4.5 5 4.9 5.1 5.3 5.5 5.7 5.6 5.5 5.3 5.3 5.5 5.9 10.1 20.2 31.7 50.7 56.5
164.8 156.5 150.1 146.9 142 136.6 131.8 129.8 124.8 117.2 109.6 101.1 96 93 91.9 89.1 86.4 82.5 76.1 70 63.3 56.5 49.1 40.6 32.2 23.9 18.9 15.2 14.7 11.8 9.2 7 5.3 5.1 5.1 5 4.9 5.1 5.2 5.3 5.2 5.2 5.2 5.3 5.3 5.1 5.8 6.3 7.4 4 5.3 5.2 5.1 4.8 4.6 4.6 4.6 4.8 4.7 4.4 4.4 4.4 4.4 4.5 5 5.6 6.3 5.8 5.2 4.6 4.6 4.7 4.8 5 5.1 5.2 5.3 5.3 5.3 5.2 5.2 5.7 6.1 9.4 17.9 29.5 42.3 56.9
166.9 161 156.8 151.2 145.5 140.6 139.8 139.1 133.6 126.1 117.8 107.9 98.9 95.5 93.4 90.1 87.6 83.1 76.9 71.1 66.2 57.5 50.1 42.3 33.8 26.4 20.6 16 13.9 12.8 12.9 8.1 5.4 5.2 5.4 5.1 4.8 5.1 5.2 5.3 5.1 5.1 5.1 5.3 5.5 5.4 5.3 6.1 6 7 5.6 5.4 5.2 4.9 4.6 4.6 4.6 4.8 4.7 4.4 4.4 4.4 4.5 4.5 4.7 5.1 5.5 5 4.7 4.7 4.6 4.6 4.7 4.8 4.8 4.9 4.9 5 5.2 5.2 5.3 5.2 5.9 7 14.8 27.4 41.2 55.6
169 164.8 160.4 154.6 150.1 146.4 148.3 144.4 138.2 132.4 125.7 115.7 107.3 100.1 95.4 91.4 87.8 82.7 76.9 76.4 70.2 58.6 49.7 42.8 34.6 27.5 21.5 16.1 13.7 13.4 15.3 8.4 6.1 5.9 5.5 5.2 4.9 5.1 5.2 5.2 5.1 5.1 5 5.2 5.4 5.5 5.5 6.9 5.8 7.2 6.8 5.3 5.3 5 4.7 4.6 4.8 5 4.8 4.5 4.4 4.4 4.4 4.4 4.6 5 4.9 4.6 4.6 4.6 4.6 4.6 4.7 4.7 4.7 4.6 4.9 5.1 5.2 5.5 5.5 4.9 5 5.4 12.8 26.4 40.9 53.4
172.6 167.9 163 157.4 152.1 151.8 151.1 146.4 141 135.5 129.4 121.9 114.9 106.1 97.8 93.2 88.3 82.3 79 80.8 73.8 60.3 50.5 43 36.1 28.8 21.2 17.4 14.9 13.3 15.5 9.3 6.1 5.5 5.1 5.1 5 4.8 5.1 5 5.1 5 4.9 5 5.2 5.4 5.5 5.5 5.4 6.3 7.4 5.5 5.2 5.1 4.8 4.7 4.6 4.8 4.8 4.3 4.3 4.4 4.3 4.3 4.5 4.9 5 4.7 4.6 4.5 4.5 4.6 4.7 4.6 4.6 4.6 5 5.1 5.1 5.1 4.8 4.8 4.8 5.3 11.9 25.2 39.8 52.8
176 171.3 165 160.5 161.7 157.9 153.8 149.8 144.4 137.7 130.8 123.9 118.2 110.5 99.5 94 88.6 82.2 81.8 85.7 77.8 64.6 51 44.3 38.3 30.8 24 19.4 16 13.4 11.7 9 6.1 5.4 5.3 5.3 5.2 5.2 5.2 5 4.9 4.8 4.8 4.8 5 5.4 5.5 5.4 5.3 5.8 7.4 5.5 5.3 5.1 4.8 4.7 4.6 4.8 4.8 4.3 4.3 4.3 4.3 4.3 4.5 4.9 3.9 4.8 4.6 4.6 4.5 4.5 4.8 4.7 4.7 4.8 4.8 5 5 4.7 4.7 4.6 4.8 5.2 10.3 24 38.6 51.6
179 172 167.6 168.1 167.7 162.3 157.9 154 147 139.2 130.6 124.5 120.6 115.4 102.7 95.2 89.6 84 87.9 89.3 82.9 69.7 53.3 45.8 39.9 33.5 27.7 21.8 16.5 13.9 10.6 7.2 6.8 6.3 5.9 5.5 5.5 5.5 5.1 4.9 4.8 4.8 4.8 5.1 4.9 5.3 6 5.5 5.5 5.6 6.7 5.9 5.5 5.2 4.9 4.7 4.8 4.9 4.8 4.4 4.3 4.3 4.2 4.3 4.4 4.4 4.6 4.3 4.6 4.6 4.6 4.7 4.7 4.7 4.7 4.7 4.8 4.8 4.9 4.8 4.7 4.5 4.7 5.1 9.2 20.9 36.1 50.8
179.1 174.2 168.9 169 169.9 165.3 162.2 156.8 149.2 141.4 132.6 126.4 121.7 115.8 105.4 96.5 90.5 85.4 93.9 91.9 86.2 71.7 55.9 49 41.8 36.2 30 24.5 18.8 14.3 13.7 10.1 7.1 6.9 7.1 6.5 5.8 5.5 5.1 5.1 4.8 4.7 4.9 5.3 5.4 5.2 6.1 4.2 5.4 5.7 5.9 6.7 4.7 5.2 4.8 4.8 4.8 4.9 4.9 4.4 4.3 4.2 4.2 4.3 4.4 4.2 4.4 4.4 4.7 4.6 4.5 4.5 4.5 4.5 4.5 4.5 4.6 4.9 4.8 4.8 4.7 4.8 4.7 5.2 9.2 17.8 35.6 49.3
181.2 175.7 169.1 169.9 172.4 169.1 165.9 158.6 150.3 142.8 134.5 128.6 121.7 113.7 105.3 97.6 91.6 86.6 92.6 94.6 88.3 74.1 58.6 51.3 43.8 38.6 32 27.1 21.5 17.4 18.7 15.7 8.2 5.9 7 6.9 5.9 5.5 5.2 5 4.9 4.7 5 5.4 5.7 9.3 13.3 7.6 5.5 5.8 6.2 6.1 5.6 5.3 4.9 4.8 4.6 4.6 5.1 4.6 4.3 4.2 4.1 4.3 4.5 4.8 4.4 4.5 4.7 4.6 4.5 4.5 4.5 4.5 4.6 4.6 4.7 4.9 4.8 4.8 4.7 4.8 4.8 5.8 7.9 17.5 35.7 46.9
182.2 176.6 170.3 164.9 172.7 172.3 168.6 160.5 152.1 144 136.2 129.6 121.8 114 106.4 98.2 92.2 86.5 87.4 94.7 88.1 73.5 60.1 53.1 45.6 39.3 34.6 31.2 24.8 19.3 18.4 18 8 6.6 6.8 6.7 6.1 5.4 5.2 5.1 4.8 4.7 4.8 5 5.6 14 19.4 13.3 5.3 5.6 6.1 4 5.8 5.4 5 4.8 4.7 4.6 4.8 4.8 4.9 4.7 4.4 4.5 4.4 4.4 4.4 4.6 4.6 4.6 4.5 4.5 4.5 4.6 4.6 4.6 4.7 4.9 4.8 4.7 4.7 4.7 4.7 5.5 7.5 19.2 35.1 42.5
183.7 178.1 171.4 163.4 166.5 170.9 170.7 162.5 153.9 146 138 130.1 122.9 116.2 108.8 98.7 92.6 86.5 83.3 92.4 86.9 73.6 61.1 53 46.1 40.6 37.5 33.7 27.2 18.9 14.8 14.4 8.9 7.1 6 5.9 5.4 5.1 5.1 5.1 4.8 4.7 4.7 4.9 5.8 12.6 21.6 5.8 3.8 5.5 5.9 7 5.5 5.2 4.9 4.8 4.7 4.6 5 4.5 4.2 5 4.6 4.4 4.2 4.4 4.6 4.5 4.7 4.7 4.6 4.5 4.6 4.6 4.7 4.7 4.8 4.8 4.8 4.7 4.7 4.6 4.7 6 8.3 24 33.1 39.5
185.2 180.7 174.7 166.2 163.6 170.2 169.9 163.7 155.7 147.8 139.5 132.2 126.4 120.8 109.5 99.6 92.8 86.9 81.7 82 81.4 73.4 63.1 52.8 47 42 39.5 35.6 26.2 27 22.8 16.5 10.9 8.7 6.3 5.4 5.3 5.2 5.1 5.1 5 4.5 4.6 4.9 5.2 5.1 5.7 5.6 6 5.6 6.1 5.1 5.6 5.1 4.8 4.7 4.6 4.6 4.9 4.6 4.6 5 3.9 4.7 4.1 4.6 4.5 4.4 4.8 4.7 4.6 4.5 4.7 4.7 4.7 4.7 4.8 4.9 4.7 4.7 4.7 4.7 4.7 5.5 10.6 24.3 32.3 38.2
185.1 180.7 176.1 168.5 160 165.8 166.5 162.6 157.3 149.9 141.8 135.3 129.8 123.3 113.3 102.2 93 87.2 81.8 78 78.7 72.8 63.7 52.3 47.3 41.8 39.3 35.4 31.6 34.9 30.5 23.3 17.3 11.8 7.6 5.9 5.3 5.3 5.2 5.1 5.1 4.7 4.6 4.9 5.2 5.1 6.2 5.9 6 5.7 6.7 6 5.4 4.9 4.7 4.6 4.5 4.6 4.8 4.9 4.9 4.7 4.7 5 4.7 4.6 4.5 4.6 4.6 4.7 4.6 4.6 4.7 4.8 4.7 4.7 4.9 4.9 4.8 4.7 4.7 4.8 4.8 5 13.9 23.6 29.9 38.1
185.7 180.6 176.1 170.8 162.7 157.4 159.5 162.2 159.9 153.8 145.2 139.9 134.1 126.5 117.8 106.9 95.8 88.1 82.1 76.2 74.7 69.1 61.4 53 48.7 43.6 39.8 36.6 40.7 42.9 36.9 28.9 22.1 15.7 10.8 7.5 5.3 5.2 5.2 5.2 4.8 5.1 4.8 4.9 5.2 6.3 8.8 7.4 6.3 5.5 6.7 5.6 5.4 4.9 4.6 4.5 4.4 4.3 4.3 4.4 4.5 4.4 4.3 4.5 4.7 4.9 4.6 4.5 4.5 4.6 4.6 4.7 4.7 4.8 4.8 4.9 4.9 4.9 4.8 4.7 4.8 4.8 4.9 6 14.6 22.1 29.3 40
186 181.2 176 171.1 162.6 157.2 157.6 161.4 161.5 155.5 148.5 144.2 138.6 131.5 123.2 113.9 101.5 90 83.7 77.8 73.4 68.1 61.8 58 53.5 47.6 43.8 40 42.6 46.9 42.7 33.7 24.8 17.7 12.8 7.9 5.7 5.2 5.2 5.2 5 5.1 5 5 5.3 8.6 12.2 11.8 6.9 5.3 6.2 5.4 5.1 4.8 4.6 4.4 4.3 4.2 4.2 4.3 4.3 4.3 4.2 4.1 4.1 4.5 4.7 4.6 4.9 4.8 4.6 4.5 4.6 4.7 4.8 4.8 4.8 4.8 4.8 4.7 4.7 4.8 5.2 6.6 13.6 20.8 28.8 43.4
181.7 181.1 175.3 169.8 163 155.7 151.8 161.4 161.3 156.6 150.9 147 142.2 135.4 127.6 119.6 107.3 92.9 86.1 81.7 75.9 71.2 64.3 61.5 57.7 52.5 48 43.1 42.7 47.6 46.6 36.5 27.4 19.9 14.6 10.2 6.1 5.1 5.1 5.2 5.3 5.2 3.8 5.2 5.7 11.1 16.8 13.2 6.5 5.3 5.2 5.5 5.2 4.8 4.5 4.4 4.2 4.2 4.3 4.3 4.3 4.3 4.3 4.2 4.1 4.4 4.9 5.1 5 4.8 4.6 4.5 4.6 4.6 4.7 4.7 4.8 4.8 4.8 4.7 4.7 4.8 5.1 7 14.6 21.7 34.3 49.7
183.5 181.8 176 170.6 164.6 156.8 152.3 163.1 161.5 157.4 152.1 148.1 144.1 139.2 132.1 123.8 111.6 98.2 89.4 84.8 79 74.6 67.5 64.8 60.3 55.8 51.7 47.3 44.3 45.3 47.2 39.5 29.8 21.6 15.9 11.7 6.9 5.5 5.3 5.2 5.2 5.3 5.2 5.3 6.9 14.6 13.4 6.7 6.1 5.8 7 5.8 5.1 4.8 4.6 4.4 4.3 4.2 4.3 4.3 4.4 4.3 4.3 4.3 4.2 4.2 4.6 4.8 3.4 4.9 4.7 4.5 4.6 4.6 4.6 4.7 4.7 4.7 4.7 4.7 4.8 4.9 5.3 6.3 13.6 24.7 40.2 51.6
184.5 183.2 177.3 172 166.5 159 149.4 164.3 164.5 158.7 152.3 148.8 146.1 142.3 136.3 127.8 116.1 101.8 93.5 87.2 80.9 77.1 68.8 66.2 63.7 59.4 55.5 51 47.4 43.9 44.6 42.9 33.1 24.3 18.2 12.8 7.7 5.5 5.1 5.2 5.1 5.2 5.3 5.4 7.2 6.4 5.9 5.3 6.2 6.3 4 5.4 5.1 4.8 4.6 4.4 4.3 4.3 4.3 4.4 4.4 4.3 4.4 4.4 4.3 4.3 4.3 4.5 4.8 4 5 4.5 4.6 4.6 4.6 4.7 4.7 4.8 4.8 4.8 4.9 5 5.1 7.3 13.2 27 42.3 49.9
180.6 184 178.3 174.6 169 160.6 152 163.7 167.6 160 153.7 151 148.1 145.2 140.3 131.9 121 106.9 97 90.1 84.3 79.1 71.7 67.2 64.7 61.9 59.5 55.1 50.8 44.5 42.3 42.7 36.6 28.2 20.6 13.5 7 5.1 5.3 5.2 5.1 5.1 5.2 5.3 5.3 5.4 5.3 5.3 6.3 6.3 7.1 5.3 5.6 4.9 4.6 4.4 4.4 4.4 4.4 4.5 4.6 4.5 4.4 4.4 4.3 4.2 4.3 4.5 4.7 4.6 4.5 4.7 4.5 4.6 4.7 4.8 4.8 4.9 4.9 4.8 4.9 5 5.4 9.2 11.7 28.9 40.8 48.8
179.3 182 178.8 174.2 169.3 162.4 154.2 162.8 170.7 163.5 157.1 154.8 152.2 148.8 144.3 136.6 125.9 111.6 99.9 94.2 88.8 83.3 76 69.5 66.2 65 62.2 59.3 53.6 47.9 43.8 41.6 38.5 32.2 24.5 16.9 10.7 5.5 5.6 5.4 5.2 4.9 5 5.1 5.3 5 5.6 5.7 6.3 6.3 7 4.9 5.4 5.3 4.7 4.5 4.5 4.4 4.4 4.6 4.8 4.7 4.5 4.5 4.3 4.2 4.3 4.6 4.7 4.7 5 5 4.6 4.6 4.8 4.8 4.9 4.9 4.9 4.9 5 5 5.5 10.2 10.6 29.3 38.7 47.6
178.1 179.3 179.8 174.5 169.2 163.8 157.6 163.4 174.8 167.8 162.1 159.2 156.2 152.4 148.1 140.6 130.8 117.3 105.6 98.6 93.3 87.6 80.7 72.4 69.5 69.2 65.2 60.5 56.6 52 47.6 44.2 40.8 35.1 28.7 20.8 13.9 8.1 5.8 5.8 5.6 5.2 5.1 5 5.2 5.3 3.6 6.3 6.2 6.8 7 5.8 5.3 4.9 4.7 4.6 4.5 4.4 4.2 4.4 4.5 4.4 4.5 4.5 4.4 4.3 4.4 4.5 4.7 4.8 4.8 4.9 4.7 4.8 4.9 4.9 4.9 4.8 4.9 5.1 5.1 5.1 5.3 7.5 9.9 29.6 36.2 45.2
178.5 178.6 181 174.6 169.5 164.2 159.4 162.1 177.9 173.3 168.2 163.8 161 157.3 152 144 135.2 122.5 111 104.2 98.1 92.7 87.9 80.2 75.2 74.2 70 64.8 59.8 55.7 51.4 47.3 43.2 38.5 32.4 23.6 15.6 9.1 5.4 6.2 5.7 5.5 5.3 5.9 5.4 5.9 6.3 4.1 5.4 5 5.2 6.6 5.8 5.3 5.1 5 4.6 4.5 4.4 4.4 4.4 4.6 4.7 4.6 4.5 4.4 4.5 4.7 4.9 5 5 5 4.7 4.8 4.8 4.7 4.8 4.9 4.9 5 5 5 5.1 5.5 9.9 29.1 35.2 44
176.6 178.3 179 175.7 168.4 164.4 161.4 160.2 179.2 177.9 171.5 168.6 165.8 162.1 155.9 147.4 138.5 127.5 117.9 109.2 103.2 98.6 94.9 90.7 85.4 79.8 75.2 68.8 63.6 58.9 55.5 49.5 44.7 39.8 33.9 25.2 16.9 11.2 8.3 6.9 5.5 5.5 6.3 4.9 5.4 5.7 6.4 6.3 6.4 6.4 6.8 4 6.3 6 5.4 5.1 4.8 4.6 4.5 4.6 4.6 4.8 4.8 4.8 4.7 4.5 4.7 4.9 5.1 5.1 5.1 5.1 4.7 4.6 4.6 4.7 4.7 4.8 4.8 4.9 4.9 5.2 5.4 5.4 10.3 28.1 34.1 43.6
176.4 173.6 176 176.9 170.1 164.3 162.5 161.3 178.5 181.4 174 171.1 168.1 164.5 158.5 150.5 141.2 131 121.5 113.5 107.2 102.7 98.9 94.3 88.8 82.4 79.5 74.9 68.2 64 58.3 50.1 43.7 39.4 32.8 25.9 20.6 15.7 11.9 7.6 5.9 6.5 5.9 6 6.4 4.7 6.5 5.6 5.5 5.7 6.1 6.8 5.8 6.8 6.2 5.2 4.9 4.8 4.7 4.8 4.8 4.9 5.2 5.1 5.2 5.2 5.1 4.9 4.9 5 5 5.1 4.6 4.6 4.6 4.7 4.7 4.7 4.8 4.8 4.8 5.1 5.5 5.8 9.4 25 32.4 42.5
176.6 173.3 174 177.1 173.5 166.7 163.6 161.6 175.3 183.7 177.3 172.5 169.2 165.5 159.8 149.9 139.1 122.2 122.5 117.7 112 107 102.6 97.9 90.3 85.5 82.8 79.5 73.4 67.4 60.9 54.4 46.1 40.2 35.6 30.3 24.8 19.5 11.9 6.8 6.2 6.6 6.2 6 6.2 6.4 6.6 5.5 5.3 5.3 5.8 6.5 6.6 7 6.8 5.6 5.3 5 4.8 5.2 5.1 5.2 5.4 5.5 5.4 5.3 5.2 5.1 4.9 4.8 4.9 3.4 4.7 4.6 4.6 4.6 4.7 4.7 4.8 4.7 4.8 5.1 5.4 5.8 10.4 23.7 29.5 39.3
178.2 174 175.8 178.9 176.8 169.4 164.7 162.8 170.4 180 173.6 169.5 165.1 163.7 160 147.8 129 114.3 127.2 122.8 117.1 111.2 104.2 100.9 94 89.4 86.3 83.9 78.7 72.8 66.5 59.9 50.9 43.5 39 34.4 28.5 24.8 11.7 7.7 6.6 6.3 5.9 6 6.1 6.2 5.5 5.3 5.2 5.3 5.5 5.8 5.9 6.4 4 6.2 5.6 5.2 5.2 5.7 5.9 5.8 5.6 5.4 5.3 5.3 5.1 5 4.9 4.8 4.9 4.4 4.5 4.5 4.6 4.6 4.7 4.7 4.8 4.7 4.8 4.8 4.8 5.5 12.2 21.9 27 36.9
179 176.1 178.8 177.7 180.5 174 168.3 164.3 164.7 176.1 171.5 159.5 143.4 148.7 155.5 141.4 116.4 111.1 129.5 127.3 122.2 116.4 108.8 102 96.7 93 91.9 88.4 84 78.8 72.1 65.3 55.7 46.3 42.1 38.4 35 30.5 16.8 10.2 6.9 6.1 5.9 6 5.9 5.8 5.2 5.2 5.3 5.3 5.5 5.4 5.3 5.9 6.9 6.8 5.9 5.6 5.5 6 6 5.6 5.4 5.3 5.2 5.1 5 4.9 4.8 4.8 4.8 5 4.5 4.4 4.5 4.6 4.6 4.8 4.8 4.8 4.8 4.9 5 5.3 11.3 21.4 26.4 32.7
172.7 173 178.3 178.3 183.9 178.4 172.1 166.7 164 162 154.8 146.1 139.2 132.2 128.6 122.6 118.1 112.3 122.1 133.2 128.4 122.2 114.6 107.3 100.3 95.1 95.1 93.4 89.2 83.4 76.5 68.6 60 51 43.9 41.6 40 34.8 24.2 14.7 7.4 4.8 6.1 6 5.7 5.4 5.1 5.2 5.2 5.2 5.4 5.4 5.3 5.6 6.3 6.9 6.6 6.4 6 6.2 6.1 5.6 5.1 5.2 5.1 5 5 4.9 4.9 4.9 4.9 5 4.6 4.6 4.7 4.7 4.8 4.9 4.8 4.8 4.9 5 5 5 10.6 22 28.1 34.3
173 169.8 176.6 180.5 188.2 182.4 175.8 169.3 165.4 163 158.9 151 143.8 136.1 130.3 126.1 121.2 115.2 116.9 136.4 134.6 128.7 121.5 114.4 106 96.6 94.9 92.9 89.9 85.8 79 72.3 65.6 58.4 50.2 44.1 42.8 40.1 28.8 15.2 7.4 6.3 6.4 5.9 5.4 4.1 5 5.5 5.4 5.2 5.4 5.3 5.2 5.5 5.9 6.4 6.1 6.8 6.4 5.9 5.5 5 5 5.3 5.2 5 4.9 4.9 4.9 4.9 4.9 5 5.1 4.9 4.9 4.9 5 5 4.8 4.9 5 5.2 5.2 6.2 12.3 22.3 28.4 35.7
172.9 170.1 175.7 182.8 185 185.1 178.9 172.8 167.9 165.3 161.2 153.3 146.9 139.6 135.3 130 124.2 117.9 117.2 133.6 139.6 135.6 128.7 120.2 111.3 102.1 95.8 97.8 95.5 89.3 84.3 79.7 73.1 65.9 58.4 50.7 44.7 43.4 34.1 19.9 11.1 7.3 6.4 6.1 5.6 5.1 4.9 5.4 5.5 5.8 5.4 5.3 5.3 5.3 5.7 6.1 6.8 5.8 6.2 5.4 4.9 4.9 4.9 5.3 5.2 5 4.9 4.9 4.9 4.9 4.9 4.9 5.1 5 4.9 4.9 5 5 4.9 4.9 5 5.1 5.2 7.3 14.7 23.1 30.4 35.8
171 168.6 169 183.2 183.2 185.4 181.9 175.9 170.4 166 160.6 153.4 146.6 141.3 137.6 133.5 127.8 121 120.4 133.5 144.8 141.6 133.4 124.5 116 108.4 100.9 95.7 99.3 95.9 91.7 87.5 81.1 74 66.1 56.6 47.5 43.8 37.7 24.4 15.4 8.4 7.2 6.3 5.7 5.2 4.7 5.3 4.9 5.5 5.4 5.2 5.3 5.1 5.1 6 6.7 6.1 6.3 5.5 4.9 4.8 4.7 5 5.2 5 4.9 4.8 4.8 4.8 4.8 4.9 5.1 5.1 5 5 4.9 4.9 4.9 5 5.1 5.2 5.3 9.2 18.2 26.5 32.5 36.7
168.2 165.4 167.4 180.3 183.4 184.5 182.3 178.1 173.3 168.8 164.1 156 148.2 141.6 138.4 136.4 131.7 125.5 123 136.8 144.7 144.3 140.5 131.2 120.8 113.4 105.2 95.3 92.9 96 94.6 91.1 85.1 77.1 67.1 56.5 48.2 42.5 37.9 28 19.2 11.8 6.1 6.1 5.6 5.1 4.6 5.5 5.2 5.4 5.5 5.4 5.2 5.3 5.5 5.9 6.5 4.2 6 5.4 4.9 4.6 4.7 4.7 5 4.9 4.8 4.8 4.7 4.7 4.7 4.9 3.4 5 4.9 4.9 5 5 5 5.1 5.2 5.2 5.7 11.1 21.5 29.1 34.4 37.3
159.6 154.7 167.8 180.1 182.7 183.9 181.1 180.1 174.6 172.4 168.6 162.2 154.7 147.7 141.5 140.5 137.2 130.4 123.9 136.1 144.5 146.4 144.8 137.7 128.5 120.6 111 101.1 93.9 90.7 91.7 90.9 84.3 75.5 65.8 56 49.6 44.3 39.5 31 24.6 17.5 6.2 6 5.4 5 4.5 5 5.3 5.6 5.7 5.6 5.6 5 5.3 5.6 6.2 7 6.5 5.7 5.1 4.7 4.7 4.7 4.8 4.8 4.8 4.7 4.7 4.7 4.6 4.6 3.7 4.9 4.9 4.9 5 5 5 5.2 5.3 5.2 5 12.9 24.3 32.1 35.3 38.8
147.4 143.8 166.6 175.9 183.8 184.1 180.1 177.6 176.4 174.8 172.1 168.7 162.4 155.9 151 144.9 139.9 132.3 125.5 133.5 143.7 148.7 147.9 143.2 135.8 127.5 117.9 109.1 100.6 93.7 88.7 86.6 80.6 73.6 64.7 55.7 49.3 43.4 37.2 30.7 25.8 17.9 5.5 5.2 4.8 4.7 4.4 4.8 5.1 5.3 6.7 5.9 5.9 5.6 5.5 4.3 6 6.7 4 5.6 5.2 4.8 4.7 4.7 4.9 4.9 4.8 4.8 4.7 4.6 4.6 4.7 5 4.9 4.9 4.9 4.9 5 5 5.2 5.3 5.2 7.1 16.8 27.4 33.4 37 39.6
