WholeMapElevations/data/nz/nz08_OST50GRID_20230518/NZ08.asc
ncols 200
nrows 200
xllcorner 400000
yllcorner 580000
cellsize 50
[rows 108 to 143 of 200, columns 81 to 161 of 200]
136.2 136.7 136.8 136.4 135.4 134.8 135.3 133.9 131.9 130.4 129.1 127.6 126.9 125.9 125.6 125.4 125 123.8 122.6 121.1 119.4 117 114.4 110.7 107.4 105 103 102.2 101.7 101.3 100.5 100.3 100.1 99.9 99.8 99.3 98.9 99.8 99.7 99.8 99 98.3 98 97.3 96.9 96.7 96.3 96.3 96.2 95.8 95.4 94.8 94 93.3 92.9 92.8 92.8 93.4 93.7 93.1 92.6 92.8 93.5 92.4 91.5 91.3 91.1 90.7 90.2 90 90.1 90 89.5 89 88.5 88.1 87.7 87.7 87.6 88 88.5
132.3 132.9 132.9 133 132.2 132.5 130.5 129 127.1 126.1 125.1 124.1 123.7 122.8 121.7 120.6 120 119.2 118.8 118.1 116.4 113.9 111 106.9 105.1 103 102.2 101.3 100.9 100.7 100.6 100.9 100.2 100 99.5 100.2 101.5 102.4 102.1 101.3 99.8 98.5 98.2 97.5 97.6 97.4 96.7 95.7 95.4 95.3 95.3 94.7 94 93.2 93.3 92.8 92.3 92.3 92.9 92.9 92.5 91.9 92 91.7 90.9 90.1 89.8 90.2 90.2 89.6 89 89.2 88.7 88.2 87.9 87.4 86.9 86.5 86.2 86.7 87.1
126.5 127.3 127.6 127.2 126.6 126.1 125.6 124 122.6 121.6 120.4 119.6 119 117.3 115.5 114.2 114.2 114.6 114.8 113.7 112.1 109.7 107 104.6 102.6 102 101.6 101.4 101.1 100.6 100.4 100.3 100.3 100.5 100.9 102.3 103.3 102.9 102.4 101.3 99.9 99 98.1 97.5 97.6 97 97 96.2 95.3 94.8 95 94.8 94 93.7 93.6 93 92.7 92.1 91.6 92 92.6 92.8 91 90.8 90.4 89.6 88.8 88.6 89.4 88.7 88.5 87.9 87.1 87.9 86.8 87.4 87.1 87.1 86.3 85.8 86.1
120.5 121.3 121.4 121.1 120.8 122 121.9 120.4 119.3 118.2 116.9 116.2 115.6 114.1 110.8 109.5 108.9 109.5 108.7 107.5 106.1 105.1 104.1 103.1 102.8 102.5 102.3 101.9 101.7 101.7 101.4 100.9 100.9 101.6 102.3 102.9 102.3 101.8 101.6 100.2 98.9 98.7 97.8 97.5 97.5 97.1 97 96.7 95.7 94.9 94.6 93.8 92.3 92.3 92.6 92.9 92.6 92.1 91.9 91.2 91 91.4 90.7 90.4 90.3 89.8 88.8 88.5 88.9 88.4 88.8 88.9 87.6 87.7 87.8 86.9 87.5 86.9 86.1 86.3 85.3
113.2 113.9 114.5 114.4 115 116.4 117.6 116.8 115.4 114.2 113.3 111.3 111.3 108.4 107.8 107.6 105.9 104.2 103.2 103.4 103.3 103.4 103.2 103.4 103.4 102.7 102.5 102.2 102.2 101.9 101.8 101.3 102.6 103.1 102.2 101.5 100 99.3 99.2 98.2 98 98.2 97.5 97.1 97.2 96.3 96.3 96 95.6 94.7 93.3 92.7 92.8 92.3 91.9 91.7 92.1 91.7 91.4 91.2 90.4 90.3 90.3 90.5 90.4 88.8 88.7 88.7 87.5 88.4 89 88.9 88.1 87.7 88.1 88 87.1 86.5 86.5 85.9 85.3
110.2 110.3 109.4 108.9 108.4 108.6 110.1 110.7 110.7 109.1 106.3 105.7 104.7 104.1 103.9 103 103 102.8 102.7 102.4 102.3 103 103.3 103.2 102.8 102.8 103.1 102.9 102.5 101.5 101.8 101.4 101 100.8 100 98.6 97 96.3 96.1 95.8 96.4 97.3 97.1 96.7 96.5 95.4 95.1 94.7 94.1 94.3 93.5 93.1 92.9 93.1 92 91.7 91.3 91.1 91 90.8 90 90.7 90.1 90.3 89.6 88.9 88.8 87.9 87.3 87.4 88.6 88.2 87.8 87.9 88.4 89 87.8 86.6 86.8 86.5 86.7
112.2 110.3 109.8 109.2 108.5 108.4 107.3 107.7 107 106.8 106.1 105.1 104.6 105.5 104.8 103.8 103 102 102 102 101.8 101.8 102.2 102.8 103.7 105.1 104.4 102.8 101.9 101.3 100.2 100.4 98.4 96.3 96.4 96.6 95.8 96 96 95.7 95.4 96.1 95.3 95.2 94.9 95.4 94.6 94.4 94 94.3 93.3 93.4 93.3 92.5 92.2 91.5 91.7 91.4 91.2 90.8 90.5 90.6 90 89.7 89.8 89.4 87.8 88.2 88.4 88.3 88.5 88.2 87.8 88.6 89.2 88.7 88.5 88.1 87.9 87.1 87.2
117.9 118.3 113.5 109.4 109 108.3 108.4 107.2 106.8 106.6 105.9 107.5 107.6 107.3 106.8 106.4 106.1 103.4 102.1 101.5 101.4 101.1 100.8 103.1 103.8 103.2 102 100.8 99.6 98.4 98.1 97.8 97.4 97.2 97.2 96.8 96.7 95.9 95.8 95.9 95.3 95 94.8 95.6 95.1 94.9 94.5 94.2 93.8 93.9 94.1 93.7 93.3 92.2 91.6 91.3 90.4 89.9 91.1 90.7 90.3 90 90.2 89.4 89.6 88.9 89.1 88.7 88.4 88.4 88.6 88.6 89.6 89.4 89.5 89.2 88.8 88.4 88.4 88.5 87.6
119 118.3 120.1 118.4 113.7 111.5 111.9 111.5 111.3 111.3 110.1 108.8 108.8 108 107.5 107.1 105.7 103.9 102.6 101.9 100.9 101.2 100.6 102.6 100.4 101 98.7 98.4 98.8 98.6 98.3 98.1 97.5 97.6 98.4 98.3 98.7 99.3 97.9 97.3 96.7 97.2 96.6 96.8 95.1 94.8 97.9 98.6 97.1 95.8 95.2 93.9 93.1 92 91.7 91.4 91.4 91.1 91 90.8 90.5 90.1 90 89.7 88.7 89.3 90.3 89.5 90.6 90.9 92 92.8 91.8 90.6 90.2 90.6 90.6 90.2 90.2 90.1 89.3
119.9 118 116.8 115.9 114.9 115.3 116.5 116.1 116.4 116.6 115.6 114.4 111.7 109 108.1 106.9 104.7 103.2 105.1 105 101.8 100.8 100.6 99.9 99.6 99 99.4 98.9 98.4 98.2 99.6 99.2 99.5 100.2 100.5 100.5 100.5 100 98.6 97.8 97.2 98 98.2 99.5 99.3 99 99.5 98.9 97.9 97.9 97 93.9 93.3 93.1 91.8 92.3 91.3 91.4 91 90.8 91.1 91.4 91.7 92.4 92.6 93 93.5 93.3 94.8 96.9 96.6 96.2 95.1 93.4 93 93.1 93.1 93.4 92.5 91.6 89.8
121 119.5 118.6 118.2 117.3 118.8 118.5 117.8 117.2 116.6 115.3 113.8 113 110.9 107.7 106.3 104.4 104.6 107.7 108.4 106.1 104.3 100.8 99.7 99.9 100.8 101.6 101.6 101.6 102.2 102 101 101.3 102.3 101.9 101.5 101.2 102.2 101.8 101.3 99.7 98.9 99 99.9 99.2 98.8 98 97.7 97.5 97.9 96.6 96 95.6 94.8 93.5 94.2 93.3 92.4 92.4 94.2 95.5 96.5 96.8 97.4 99.7 100.5 100.6 99.2 99.3 99.7 99.6 98.8 98 97.4 97 96 96 95.8 94.7 92.6 91.6
123.5 122.5 121.5 119.5 119.2 118.6 117.9 116.6 116.2 114.8 114.1 112.6 111.4 109.4 107.1 104.4 105.9 110.3 111.8 111.9 110.1 107 105 103.3 102.7 103.2 105 105.1 105.7 107.4 107 104.4 103 103.6 103.7 103.6 104.1 105.5 104.8 104.4 102.9 101 100.8 100.9 100.4 99.6 98.9 98.2 97.9 97.6 98.4 98.6 97.9 97.3 98.1 99.3 100.2 100.1 100.8 102.7 103.2 101.9 103.1 105.2 106.1 106.5 106 105 104.2 103.7 103.2 102.4 101.1 101.2 100.9 99 98.5 98 98 97.5 96.6
124.9 123.4 121.9 119.8 118 116.1 115 114.9 114.6 114.5 114.1 113.7 112.5 109 106.3 105.4 109.9 113.6 112.3 110.2 109.7 109.3 109.2 108.4 109.1 106.3 109.8 110.5 111.2 110.6 109.2 108.7 107.2 106.2 108.5 108.8 109.1 108.7 108.3 107.2 105.5 104.1 103.7 102.9 101.7 100.6 99.7 99 98.8 99 100 100.8 100.3 101.4 103.8 105.2 106.7 107.3 108 108.3 107.7 106.2 108.4 110.2 111.6 111.2 110.2 108.9 107.4 106.3 106 105.4 104.6 103.9 102.5 102 101.8 101.7 102.4 101.4 100.3
122 120.4 118.6 117.2 116.3 115.9 116.5 115.2 114.6 114.3 114.1 115.4 112.1 106.8 106.5 108.7 111.5 112 112.9 115 115.5 114.8 114 113.5 111.6 111.8 114.3 114.2 113.2 113.3 114.2 113.7 112.5 111.6 113.7 113.3 113.4 112.7 111.8 111.3 110.9 109.6 107 106.4 105 103.2 102.7 102.7 102.7 102.5 102.9 102.9 102.3 103.4 106.6 109 111 111.9 111.8 111.1 110 109 110.8 112.3 112.8 112.4 111.5 110.2 108.3 107.2 106.4 105.7 105.8 105.6 105.3 105.3 105.6 105.3 105.2 103 101.4
119.8 119.2 119 118.5 117.7 117.8 118.1 117.5 117.2 116.5 113.2 113.3 109.5 108 110.5 114.2 116 118.6 120.1 119.7 118.7 117.4 116 115.5 110.5 114.5 115.5 115.5 116.1 117.1 118.5 118.6 116.5 115.4 116.8 115.9 115.2 115.1 115.2 114.9 114.9 113.9 109.8 111.2 109.7 108 109.2 109.7 108.8 107.3 107.1 106.6 104.9 105.8 108.1 110.8 112 111.9 112 111.1 110.7 110 110.9 112.2 112.5 112.2 111.1 110.2 109 109 109.2 109.5 109.6 109.1 108.7 108.1 106.9 106.8 104.8 102.2 100.9
120.9 120.6 120.1 120.2 120.2 119.4 119.3 118.2 116.9 115.8 114.5 112.2 109.9 108.6 116.8 121.6 122.6 123.1 122.3 121.6 120.7 119.2 118.1 117.6 115.3 118.9 119.7 120.8 121.9 122.3 123.4 122.9 120 120.4 118.8 118.4 117.6 117.7 117.9 117.3 117.3 115.9 113.5 114.4 113.4 112.8 112.7 112.6 111.7 111.4 112.4 112.4 110.4 109.1 109.5 109.8 110.8 111.3 111.7 111.5 111.3 111.7 112.5 113.3 113.7 113.7 112.9 112.2 112.1 112.1 112.2 112.5 112.1 111.7 110.9 110 108.6 107 104.6 101.6 101
123.1 123 122.9 122.1 120.9 120.2 120.1 119.6 119.4 118.8 118.1 115.6 109.7 114.2 122.6 125.1 125.3 125 124.4 123.4 122.8 122 119.8 118.6 122.1 124.4 126.2 127.8 127.3 127.1 127.6 125.1 123 123.6 121.6 121.5 121.5 120.9 120.8 119.9 119.3 117.2 117.4 116.7 116.1 116.1 116 115.9 115.6 116 116.8 117.1 115.7 113.8 115.1 114.3 113 112.8 112.7 112.7 113.3 114.5 114.7 114.9 115.3 115.9 115.2 114.8 114.2 114.2 114.1 114.5 114.4 114 112.4 110.5 108.6 106.7 105.1 103.4 101.6
125.7 125.2 124.1 123 122.8 122.5 122.2 122.6 122.4 122.4 121.2 115.1 110.2 119.7 126.6 127.6 127.7 127.9 127.6 126.8 126.3 125.5 121.3 126.1 128.1 130 131.4 131.6 130.7 130.1 128.4 126.7 127.9 127 125.9 125.9 125.1 124.6 123.7 121.9 121.5 119.4 120.4 120.7 121.1 121.3 121.2 121.5 121 121.4 121.4 121.1 118.8 118.7 119.1 117.9 117.1 116.6 117.5 118.3 118.4 118.2 117.7 116.3 115.2 115.3 114.8 114 113.8 113.8 114.4 114.6 114.1 113.1 111.3 108.2 106.5 105.4 104 101.8 99.8
126 125.4 125.2 125.1 125 124.6 124.8 125.1 125.4 124.4 120.1 111.6 115.9 125.7 130.1 131 131.6 131.4 130.6 129.7 127.6 125 128.7 131.3 132 132.6 133.3 132.4 130.8 130.3 130.2 131.3 131 129.8 129.9 128.2 128.6 127.7 126.6 124.9 124.3 122.3 125.5 126.6 127.2 127.6 127.7 127.3 126.9 126.5 125.3 123.9 122 122.3 122.4 121 119.9 119.9 120.1 120.8 121 120.6 120.2 119.1 117.3 115.8 114.6 113.9 113.2 112.9 113.1 112.2 111.8 110.9 110.3 108.7 106.2 105.1 103.7 102.2 102.3
127.7 127.6 127.6 127.7 127.7 127.2 127.3 127.9 126.3 119 113.1 115.1 122.8 131.5 134.3 134.4 133.4 132.1 130.8 129.6 125.4 130 132.6 133.6 133.8 133.8 133.9 133 131.6 132.4 133.4 133.1 132.8 133.4 133 132.8 131.4 130.5 129.2 127.7 127 124.8 129.6 131.5 131.7 132.4 131.8 131 128.9 127.6 126.6 125.6 125.6 125.8 125.4 124.1 122.5 121.4 120.9 121.2 121.6 121.5 121.4 121 120.1 118.8 118.2 117.7 116.1 113.3 113 112.2 111.6 111.2 110.2 110.1 108.9 107.6 107 105.5 105.5
130.4 130.4 130.5 129.9 128.6 128.6 129.4 128.8 123.7 115.6 114.2 122.4 130.6 134.8 134.8 133.9 132.3 132.1 132.2 131.6 129.8 133.7 134.6 134.6 134.6 134.3 133.9 133.6 134.4 135.1 135.5 135.4 136.5 137.1 136.5 136 133.7 133 131.5 130.6 129.5 128.8 130 132.6 133.5 133.3 132.2 130.7 129.2 128.3 127.5 128 128.5 128.1 126.8 125.5 123.1 121.9 121.3 120.7 120.8 120.8 120.6 120.6 120.1 119.6 118.7 117.8 115.2 114.4 113.6 113 112.3 111.7 111.6 110.7 110.6 111 109.9 110.7 111.8
132.9 132.3 130.4 128.7 129.4 128.8 127.5 125.7 118.9 115.2 120.6 129.1 132.6 133.6 133.6 134 134.4 134.2 134.6 133.3 132.4 135 134.7 135.1 135.1 135.3 135.4 135.6 136.6 137.3 138.3 139 140.3 140.6 139.8 138.4 135.3 134.2 133 132.5 131.9 131.6 131.4 132.2 133.3 133.1 132.7 131.6 130.7 129.8 129.6 130 130.2 129.6 127.9 125.6 123.7 122.3 121.5 121.1 120.5 120.3 119.7 119.1 118.7 117.9 117.5 117.4 117.4 117.3 116.9 115.2 114.1 112.8 112.3 112.2 113.6 114.2 113.8 115.8 117.4
131.9 131.4 130.3 129.5 128.9 127.8 124.5 116.7 117 121 126.6 130.5 132.9 134.5 135.6 136 135.9 135.5 134.4 133.8 134.1 134.9 134.9 135.2 135.4 136 136.7 137.7 138.7 140 141.3 142.6 143.1 142.8 141.7 140.2 138.3 136.8 135.6 134.5 134.2 133.8 132.6 133.7 134.1 134 133.3 132.8 132.8 132.1 131.5 131.6 131.5 130.3 128 126 123.9 122.5 121.8 121.5 121.4 121.5 120.9 120.8 120.3 119.9 119.8 119.8 119.8 120 119.6 118.6 116.4 114.5 114.5 116.4 117.1 117.7 118.3 119.3 120.4
132.5 131.9 131.6 130.9 130 126.9 118.4 117.4 121.1 124.1 129.5 132.4 134.5 135.9 136.5 136.3 135.6 134.6 134.1 133.1 133.6 134.7 135.2 136 136.5 137.5 138.3 139.6 140.8 141.8 142.2 143.9 143.5 144.4 142.9 141.5 139.8 137.7 137.2 135.7 135.3 134.9 134.1 134.2 134.5 134.3 134.4 134.6 134.7 134.2 133.6 133.2 132.4 131.4 129.9 127.5 124.8 123.9 123.2 122.6 122.4 122.2 122.4 122.3 121.9 122.1 122.1 122 122 122.1 121.6 120.3 117.1 118.3 118.5 119.2 119.6 120.1 120.4 121.7 121.7
133.4 133.5 133.3 132.2 128.8 119.9 118.8 122.4 122.8 128 127.8 132.6 134 135.3 135.6 135.2 135.3 134.9 134.6 134.5 134.4 134.9 136 136.4 137.9 139 140.1 141.4 142.4 141.7 142.9 144.7 144.5 144.6 142.8 141.3 139.8 138.4 137.6 136.9 136.4 136.1 135.6 135.3 135.4 135.8 136.2 136.5 136.5 136.1 135.3 134.5 133.9 133.2 131.7 129.4 127.4 126 125.1 125.3 124.2 124 123.8 123.7 123.6 124 124.1 124.3 124.1 123.8 123.1 121.9 118.9 120.2 121 121.8 122.5 124 125.2 125.5 124.3
134.5 134.1 133.1 131.4 124.8 119.9 122.5 128.4 124.9 131.6 130.4 132.2 134.4 135.4 135.8 136.2 136.1 135.5 135.6 135.5 135.5 136 136.5 137.4 138.9 140.3 140.7 141 141.1 142.4 147.6 146.4 146.2 145.4 144.2 142.2 140.8 139.8 139.1 138.6 137.6 137.4 137.3 137.2 137.7 138.3 138.4 138.8 138.1 137.4 136.7 136 135.4 134.7 133.7 132 129.8 128.5 127.6 127.7 126.2 125.6 125.3 124.9 124.9 125.5 125.2 125.9 126.1 125.6 124.6 123 120.8 123.7 125.1 126.2 126.4 126.9 127 127.2 126.6
133.7 132.8 128 122.8 121.4 122 130.4 132 129.1 132.5 133.8 135.2 135.7 136.5 137.1 137.2 137.4 137.1 136.8 136.8 137 137.3 136.9 138.3 138.4 139.1 139.6 140.3 141.2 143.9 149 148.1 147.7 147.6 145.5 144.3 142.5 143.1 143.3 141.9 140.9 140 139.9 140.1 140.2 140.9 140.8 140.7 140.6 139.6 138.5 137.9 137.3 136.8 135.5 133.9 131.8 131.2 130 129.8 128 128 127.3 126.8 126.9 127.1 127.2 127.6 127.9 127.6 126.7 124.3 123.8 127.4 129 129.6 129.6 128.7 128.6 127.7 126.8
132.1 126.1 122.5 122.8 126.8 130.5 132.7 134.1 130.2 133.7 136.5 137.1 137.1 138.4 139.3 139.3 139.3 138.7 138.3 138.5 138.7 139.2 138.7 138.9 139.2 138.8 139.7 140.6 141.8 145.1 150.9 150.3 149.5 148.9 146.8 145.5 144.8 145 144.8 143.4 142.5 142 142.6 142.1 142.8 143.8 144.3 143.9 143.2 142 140.7 140 139.2 138.4 137.1 135.5 133.8 132.9 131.6 131.3 129.5 129.4 129.7 129 128.7 129 129.1 129.2 129.1 128.5 127.7 123.7 126.4 130.1 131.7 131.7 131.2 130.2 128.8 128 127.6
128.3 123.6 128.3 131.1 133.1 134.6 135.1 134.5 130.5 136 137.6 139.2 138.8 140.2 140.6 141.2 141.4 140.7 140.2 140.5 141 140.5 139.9 139.6 139.9 140.3 140.8 141.5 142.2 146.2 153.5 153.6 151.1 150.3 149.3 147.2 146.7 146.9 146.6 145.5 144.5 144.2 144.5 143.7 144.8 145.9 146 145.6 144.4 143.1 142.2 141.8 141.1 140.4 139.3 137.6 135.8 134.3 133.2 132.7 131.6 131 131.7 131.3 130.9 130.9 130.2 129.2 128.6 127.5 126.1 127.2 129.5 131.8 133.5 134.3 133.7 132.2 131 130.6 129.1
125.9 126.8 132.9 134.5 136.1 137 137.5 135.9 131.4 137.7 139.2 140.3 140.2 141.8 142.8 143.9 144.4 143.4 143.6 144.4 144.1 143.2 142.2 141.5 142.1 142.2 143.4 143.6 144.2 147.6 154.2 155.2 154 152.8 151.5 149.9 150 149.5 148.6 147.2 146.9 146.3 146 145.5 145.6 146.1 146 145.8 145.5 144.5 143.8 143.8 143.4 143.1 141.1 138.8 136.9 135.3 135.1 134.1 134 132.8 133.7 133.2 132.7 131.7 130.8 129.6 128.5 128.6 129.2 131 132.9 134.6 135.7 136.5 135.8 133.8 132.4 130.1 129.1
126 130.8 136.7 138.8 138.6 138.5 137.1 136.4 136.3 133.3 140.1 141.1 142 144 146.1 147.3 146.9 145.5 147.7 147.9 147.1 146.2 145 143.1 144.1 144.7 145.8 146.7 147.8 149.6 152.3 156.8 156.2 155.5 153.9 152.1 152.2 150.9 150.1 149 147.6 147.6 147.4 147 146.8 147.2 147.4 147.2 146.8 146.7 146.1 146 145.5 144.1 142.1 139.5 137.6 136.4 136.2 135.7 135.8 134.5 135.7 135.1 133.6 132.4 131.3 130 129.2 130.6 131.9 133.2 134.1 135 135.8 136.2 135.7 133.7 132.4 130.3 129.1
126.5 136.1 140.8 140.2 139.7 140.1 140.1 139.4 139.7 134.3 140.1 142.1 144.1 146.3 148.6 149.8 149.3 147 151.5 151.2 149.2 148.2 146.2 145.3 146 148.8 149.4 150.6 151.6 152.6 154.7 156.5 157 157 154.8 153 152.1 151.3 150.2 149.3 148.9 148.9 148.3 147.9 148.4 148.8 148.8 148.4 147.9 148 147.8 147 146 144.5 142 140.1 138.6 138.2 138.1 137.5 137.4 136.7 136.6 136 134.9 133.1 131.9 131 130.1 130.6 131.7 131.6 132.2 132.7 134.1 134.5 135.3 134 132.5 131.8 131.3
132 140.3 140.1 141.7 142.6 142.8 142 141.8 137.1 139.9 141.2 144.5 144.7 147.3 151.1 152.5 152 150 148.2 147.7 147.4 147.3 148 147.5 149 151.8 152.4 153.5 155.6 162.9 163.2 160.9 159.1 157.7 155.8 154.4 153.7 153.7 152 151.5 151 150.9 150.7 150.1 150.4 149.9 149.9 149.5 149.1 149 148.6 147.9 146.4 144.9 143.4 142.3 140.9 140.3 139.9 139 138.3 137.7 137.3 136.1 134.1 133 132 131.3 131.3 131.5 131.3 131.2 131.8 133.3 134.6 135.1 136.4 137.3 135.9 134.8 133.3
135.4 140.8 141.8 143.3 145.1 145.3 143.9 142.2 141.7 142.9 142.1 146.1 146.9 148.6 153.5 155.7 154.7 152.8 150.9 149.3 148.8 148.8 148.6 149.3 150.8 153.3 155 157.6 162.8 166.5 165.7 163.7 162.6 160.4 158.1 156.4 156.1 155.1 153.6 153.1 152.8 151.8 152 152.1 151.6 151.1 150.8 150.4 150 150 149.6 149.8 148.9 147.7 146.4 145 143.5 142.3 141.3 139.9 138.2 136.1 135.5 135.5 134.6 133.9 134.6 134.8 136 137.5 136.8 138 139.5 139.9 141 141.3 139.1 137.3 136.8 134.9 133.2
130.9 142.5 142.8 144.8 146.7 146.3 144.9 141.7 144.3 143.8 144.9 146.4 147.9 149.9 153.6 157.8 156.7 154.9 153.6 152.2 151.3 150.8 150.2 151.4 153.2 155.3 158.2 161.6 169 168.8 167.9 166.6 164.6 162.6 160.9 158.9 157.2 155.9 154.9 154.4 153.7 152.9 153.1 153.3 152.8 152.3 151.9 151.5 151.2 151.3 151.7 151.5 151.5 150.4 148.8 146.8 144.8 142.5 140.6 139.6 139.4 137.3 137 141.5 145.7 147.9 149.6 146.6 145.1 144.3 142.8 141.4 141.8 141.9 142.3 141.4 140.1 138.5 136.9 134.8 133.8
131.3 143.3 144.6 146.3 146.9 146.2 144.3 141.2 144.7 145.5 146.3 146.5 147.9 149.5 153.1 158.1 158.4 156.4 155.2 153.9 153.5 152.6 152.7 154.1 155.7 159.3 162.3 166.9 172.5 171 169.3 167.9 166.4 164.4 162.5 160.8 159.1 157 155.5 155.1 154.4 153.9 154.3 154.5 154.1 154.3 153.5 153.1 152.4 152.2 152 152.3 151.5 150.6 149 146.7 144.8 143.8 143.1 142 141.2 139.7 141.6 148.8 156.2 156.6 154.2 152 150.1 148 146 143.5 141.4 140.7 140.8 141 141 140.8 140.1 138.4 136.6
