WholeMapElevations/data/nc/nc53_OST50GRID_20230518/NC53.asc
ncols 200
nrows 200
xllcorner 250000
yllcorner 930000
cellsize 50
[rows 0 to 35 of 200, columns 81 to 161 of 200]
218.4 217.8 213.2 210.8 209.5 208.2 207.7 206.1 204.4 201.4 198.8 195.4 191.7 190 189.6 191 191.1 189.1 188.2 187.9 187.4 186 182.1 186 187.1 185.6 185.2 184.5 182.3 180.1 179 178.4 179.7 179.6 177.5 176 175 173 172.7 172.1 173.2 175.1 177.8 179.7 180.9 182.2 182.3 188.2 190.8 198.2 205.3 210.9 216 218.6 219.5 222.8 224.8 224.1 223.4 224.3 224.4 223.4 221.4 217.3 217.2 213.3 208.7 208.1 206.9 205.8 205.9 209 209.6 212.7 216 218.6 219.4 219.8 221.2 224 224.2
216.9 216.2 213.1 211.7 210.3 209.1 208.5 207.5 206.4 202.9 198.4 195.8 192.4 190.4 192.2 193.1 193.5 191.5 190.4 190.4 189.7 187.8 187.4 188.7 187 186.4 186.2 184.6 182.1 179.5 177.3 175 175.1 174.1 175.1 168.7 169.5 170.6 171.4 171.3 172.5 175.4 178.6 179.9 180 180.9 183.1 188.2 192.1 198.4 205.2 210.4 214.2 216.5 218.7 220.9 220.1 219.2 219.3 220.2 219 217.5 216.1 213.2 208.7 205.5 203.7 202.2 204.7 202.5 205.6 207.7 208.5 212.7 216.3 217.8 219 220.1 222.5 225.1 226
214.8 213 212.4 212.1 210.9 209.9 209.2 208.3 207.3 204.6 199.8 195.8 193.3 193.8 195.5 196.1 195.4 193.8 193.1 192.9 190.3 189.2 189.8 188.8 187.8 187.3 185.4 184 181.7 178.4 176.7 171.6 169.3 168.9 167.2 167.2 167.3 170.8 171.3 171.1 172.8 176.3 177.9 178.4 178.6 179.2 184.6 187.7 193 199.7 205 209.2 212 214 215.7 215.2 214.6 214 216.2 216.9 215 212.2 208.1 206.6 201.3 201 203 200.1 200.3 202.1 204.8 206.8 208.1 213.3 215.9 216.8 218 219.7 223.3 225 226.6
212.9 211.4 211.8 211.8 211.3 210.7 210.1 209.5 207.6 205.2 201.6 195.7 193.5 199.2 198.7 197.8 196.5 195.2 195.5 191.8 191.1 191.7 191.1 190 189.7 187 184.6 183.3 181.9 178.7 175.1 171.1 168.6 167.6 165.4 165.6 167.9 170.3 169.8 169.2 172.4 175.3 176.6 176.1 177.4 179.4 183.1 187.1 193.1 198.7 203.2 206.6 209.2 210.5 209.9 209.1 209.4 209.6 212 211.7 210.4 206.4 202.2 199.2 199.3 199 198.3 199.2 199.5 200.4 202.8 205.5 207.6 211.5 215.8 215.8 217.1 220.4 223.3 225.4 226.9
211.6 210.8 211.6 212.1 212.5 211.9 211.5 210.1 208.2 205.6 199.5 195.8 198.1 201.5 201.7 200.1 198.3 196.3 194.3 192.7 192.1 193.7 192.4 191.7 190.5 187.9 184.4 183.9 181.6 177.3 174.3 172.3 170.3 168.4 164.5 165.2 168.7 170 168.4 168.6 172.4 174.1 175.4 174.3 175.9 181.1 182.3 186 192 196.3 201.1 204.1 205.7 206.6 206.4 204.9 205.1 204.8 206.3 207.1 205.4 200 198.1 197 196.1 198 198.1 198.8 198.9 199.6 200.7 203 205.4 211.3 213.9 214.9 217 219.4 222.2 226.2 227
209.9 210.3 210.7 211.9 212.8 213.2 212 210.7 208.5 202.9 199.6 196.4 201.5 204.1 203.4 201.5 198.9 195.6 194.6 193.6 193.3 194.8 194.2 193.5 189.4 186.9 184.2 182.2 180.3 176.6 173.7 171.8 170.3 168.5 164.8 163.6 168.4 169.1 166.6 169.1 172.8 173 172.5 172.6 175.8 180.8 182.5 187.2 190.1 194.7 198.7 201 202.3 202.8 202.8 201.3 201.3 199.1 201.2 201.4 198.5 195.5 195.2 194.8 194.4 194.6 198.2 198.3 198.5 199 201.2 201.3 203.4 209.6 212.3 213.7 216.9 219.5 223.1 226.4 227
208.3 209 209.7 211.7 212.5 212.4 211.8 209.7 206 202.9 199.7 201.9 206 206.3 203.4 200.7 198 195.7 194.8 194.5 194.7 195 195.8 193.2 189.1 186.2 184.2 181.3 178.7 177 173.3 171.4 170.8 169.9 158.9 162.2 168.1 167.9 166.5 168.5 171.5 172.3 170.7 171.5 177.2 180.1 183.1 186.5 189.3 193.1 195.7 197.5 199.3 199.5 199.2 197.8 197.2 195.8 195 196.4 194.9 192.9 193.9 193.5 193 194.1 196.4 197.1 197.4 198.2 200.1 200.6 202.9 207.5 211.6 212.9 215.8 218.8 223.8 226.3 226.8
207 208.3 210.1 211.4 211.8 211.5 211.2 208.6 206.6 204.6 201 208.5 209 206.4 203.1 200.8 198.5 196.2 195.5 195.3 195.4 195.6 196.3 192.5 188.5 186.1 183.8 180.1 176.7 176.5 172.5 171.5 171.3 168.6 158.9 160 166.7 166.2 167.1 168.5 170.9 169.6 168.9 172.2 177.3 180.5 182.5 184.4 187.6 190.6 192.3 194.1 195.9 196.4 195.6 194.4 193.2 191.4 190.1 191.3 189.2 187.9 187.8 190.4 192.9 194 195.4 195.8 196.3 196.6 198.6 199.3 200.4 205.2 210.3 212.3 215.4 218.8 224.1 226.2 226.8
206.8 208.6 210 210.9 211.1 210.8 210.6 208.7 208 205.5 209.3 211.7 211.1 205.5 202.7 200.5 198.2 196.3 195.9 196 196 195.9 193.5 190.1 188.3 185.5 181.7 176.8 177.1 174.7 172.6 171.8 170.8 164.3 158.9 158.9 159.8 165.6 168.3 170.1 168.9 167.7 169.7 173.4 177.9 180.4 182.2 183.9 186.4 187.7 189 190.7 192.4 192.7 191.8 189.9 189.1 188 186.3 188.3 186.9 187.4 188.8 188.8 192 194.5 195 195.5 195.8 195.9 196.3 197.7 198.8 203.4 208.8 211.3 216.1 219.7 223.2 225 226.5
205.5 208.8 209.8 211 210.6 210.3 209.9 209.4 208.8 204.7 213.2 212.7 209.6 205.4 202.4 200.1 197.7 196.8 196.4 196.4 196.4 195.4 191.3 189.5 187.6 184.3 177.9 175.3 173.1 172.4 171.9 172.2 168.9 160.9 158.9 158.9 159.5 166.6 169.9 168.2 167.1 167 168.9 174.6 177.8 179.9 181.5 182 184 185.2 186.2 187.5 188.7 188 187.9 187.4 186.2 184 183.1 184.3 186.3 186.9 188.4 190.2 192.4 193.6 195.1 195.1 195.1 195.2 195.3 195.4 196.9 202.8 208.4 212 215 218.4 221.7 224.3 225.8
206.1 208.7 209.8 210.6 210.2 209.9 209.8 209.5 207.4 209.8 214 211 207.1 205 202 199.6 197.8 197.4 197 196.7 196.4 194 191.5 190.1 187.3 181.4 177.6 175.5 172.2 171 171.2 173.2 168.1 162.4 158.9 158.9 159.9 167.5 168.6 166.5 165.7 167.7 171.7 175.2 176.2 176.9 179.1 179.8 181.6 183 184 185 183.6 184.1 183.7 183.8 183.1 183.6 181.7 183.8 185.9 186.7 188.6 190.4 192 193.3 194.5 194.3 194.1 193.9 194.2 192.8 196.3 201.9 206 210 214.3 217.1 219.8 223.1 225.1
207 208.9 209.9 210.1 210 209.8 209.6 206.3 203.3 213.9 213.7 210.2 206.3 203.7 201.4 199.1 198.3 197.7 197 196.2 195.7 193.9 191.7 189.5 184.6 179.4 177.3 175.5 171 169.8 170.9 171.7 166.4 163.2 158.9 159.6 166.9 166.3 165.4 164.8 165.3 167 172.8 174.7 175.8 177.1 176.3 177.3 179 180.8 181.8 181.8 179.8 179.6 181.5 180.5 180.3 181.7 181 183.9 185.8 187.7 188.5 191.8 192.6 192.1 193.1 192.5 192.3 192.8 193.4 191.7 194.4 198.5 203.6 209 213.4 216.2 216.9 221.2 223.7
208.3 209.2 210 209.7 209.6 209.5 207.9 203.3 210.6 214.6 212.7 208.8 205.5 203.3 200.9 198.8 198 197.3 196.4 195.5 193.2 191.7 191.4 187.8 181.4 178.3 176 174.7 169.6 165 173.9 170.1 166.1 161.9 163.7 165.9 167.7 166.7 164.7 164.2 164.8 166.3 172.2 174 174.4 174.6 173.9 174.9 175.6 178 178.6 178.7 177.4 176.8 177.1 176.4 178.4 181.3 181.2 184.6 185.9 186.5 188.5 191.1 190.6 191 191.9 191.3 191.4 191.6 192.8 190.2 192 196.1 202.4 207.7 212.4 214.5 214.2 216 219.7
208.5 209.2 209.8 209.3 207.2 204.2 203.3 205.5 214.2 213.8 211.4 208.3 205.1 202.4 199.9 198.6 197.7 196.4 195.4 194.5 192.1 191.8 189.9 184.7 180.4 175.6 173.4 170.7 167.7 162.6 167.3 167.2 164.7 162.2 163.4 164.9 166.6 166.9 163.5 163.4 164 168.3 169.5 171 171.6 171.6 171.4 172 172.8 175.3 175.5 176.2 176.3 174.7 172.1 175.4 178.9 180.3 181.3 184.7 186.2 186.7 187.5 189.1 188.6 190 190.5 189.8 189.2 188.9 189.3 185.6 191.4 195.6 201.2 207.5 209.9 212.1 211.6 212.5 213.5
208.4 209 209.7 208.8 205.8 203.3 203.3 210.1 213.9 212.5 209.4 206.7 203.5 200.8 199.2 198.3 196.8 194.8 193.9 191.8 191 191.2 187.7 182.9 178.7 173.8 171.3 168 165.6 161.1 161.5 161.3 163 162.1 162.8 163.4 165.3 163.5 161.6 162.6 163.4 165.6 166.9 168.5 169.9 169.7 169.8 169.5 170.3 172.8 172.6 173.8 174.9 173.1 171 177.9 178.1 179.1 182 184.4 185.5 186 185.9 187.1 187.4 187.7 187.5 186.8 186.6 186.4 186.3 185.6 189.9 193.7 200.6 205.4 207 209.6 208.2 210.8 209.2
209.6 209.4 209.5 207.5 205.1 203.3 203.3 212.6 214 210.3 207.5 205.2 202 199.8 198.9 198 195.7 193.7 192.4 190.9 189.4 187.5 183.8 180 176.7 172.9 169.7 166.5 163.7 161.4 159.9 160.4 161.4 161.9 162.1 163.3 164.2 162.4 159.6 161.9 162.6 164.1 165.8 167.1 167.8 168.2 167.2 167.3 168.7 169.5 170.7 172.8 173.2 171.3 170.2 174.4 177.6 179.7 183.5 184 184.6 184.9 185.3 185.7 186.2 186.6 186 184.6 184.1 184 181.4 183.6 187.5 191.4 198.5 201.6 202.9 206.2 204.8 209.4 206.5
210.3 210 209.8 208.9 207.7 203.3 206.9 214.4 212.9 209.8 206.3 203.5 200.9 199.5 198.1 197.2 194.8 191.7 190 188.5 187.4 184.8 181.6 179.6 175.4 172.7 169.3 165.6 163.9 162 159.6 160.8 161.7 162.1 161.2 162.4 162 160.6 158.6 161.6 162.4 163.3 163.7 163.8 165.3 166.4 165.4 165.4 167 167.4 168.9 171.9 171.5 168.5 170.5 174.4 178.2 180.4 184.4 183.8 183.3 183.7 184.2 184.7 184.7 185 184.7 183.3 182.6 181.4 178.8 180.6 185.7 191.2 195.5 196.8 198.3 200.2 201.1 206.4 203.3
210.7 210.4 210.1 208 203.3 203.3 210.5 215 212.2 208.7 205.8 203.1 201 199.7 198.4 196.6 193.3 190.1 188.2 187.1 186 182.7 179.3 177.2 174.1 172.4 168.4 164.8 164.1 160.3 160.5 161.2 161 160.4 159.7 159.8 159.4 157.7 157.9 159.9 161.4 162.2 160.6 162.5 163.4 163.5 164.4 163.9 165 165.5 167.9 171 168.4 167.2 170.2 175.2 179.6 182.2 183.4 182.3 182 182.5 183.3 184.2 184.2 182.7 182.6 181.5 180.4 178.6 177.8 179.8 185.5 189.8 193.8 195 195.7 196.8 199.9 202.6 200.9
211.2 210.8 210.4 207.7 203.3 209 213.9 214.2 211.7 208.6 205.7 202.9 201.5 200.4 199.1 195.4 192.1 188.8 186.8 185.8 184.6 180.7 175.5 174.1 172.6 169.7 166.7 165.1 163.5 158.9 160.6 160.9 160.5 159.4 158.3 157.6 156.5 155.3 156 158.2 160.2 160 158.2 159.8 161.2 160.3 161.6 163.3 163.3 163.9 166.1 167.8 166.7 166.7 170.4 175.8 180.8 182.1 182.6 181.1 180.8 181.6 182.4 183.3 181.3 180.3 180.2 179.4 178.4 176.8 175.5 178.8 185.7 190.2 191.8 193 193.9 195 198.7 200.5 199.4
211.4 211 209.4 207.8 207.5 213.4 215.2 214 211.3 208.5 206.1 203.8 202 200.9 199 194.4 190.8 187.2 185.9 184.5 180.5 176.6 173.9 171.2 170.5 167.5 165 163.5 162.1 158.9 160.3 161 159.9 157.7 155.9 155 154.1 153.5 155.6 157.2 159 157.5 156.4 157.7 158.7 157.2 158.6 162 162.3 162.6 165.6 166 166.1 167.5 171.6 178.1 180.6 181.8 181.4 179.6 179.5 180.3 181.1 180.9 179.8 179.1 178.3 177.5 176.1 174.3 174.9 178.9 183.9 186.6 188.7 189.3 190.8 192.8 197.1 197.6 195.3
211.7 211.2 209.5 207.5 212.5 216.7 217.1 214.5 212.2 209.6 207.1 204.8 202.8 200.8 197.1 193.7 189.8 186.6 185 182.1 177.5 174.2 171.3 169.2 169.1 165.5 164.3 163.7 159.3 160.1 160.8 159 157.8 156 154 153.4 153.3 152.4 154.6 156.5 158.5 155.3 155 156.4 156.3 155.6 159.2 160.4 160.9 162.6 164.6 164.8 165.5 168.1 174.1 178.9 180.5 180.6 179.1 178.3 178.2 178.6 178.6 177.8 177.4 177.8 176.5 175.7 173.9 171.8 172.5 177.5 180.7 184.3 185.6 186.3 187.4 192.2 196.5 193.9 193.4
212.1 211.6 209.3 211.8 217.6 218.8 218.1 215.6 212.6 210.6 208 205.6 203.2 200.4 196.2 193.2 188.7 185.9 183.4 178.8 175.1 171.7 168.4 167.7 167.1 163.4 162 162.1 158.4 159.5 160.1 158.2 156.6 155.3 152.9 152 151.9 152.2 153.3 154.7 153.9 154.4 153.8 155.3 153.6 155.8 158.8 158.8 159.9 162.7 163.2 163.6 165.4 168.6 176.3 179.6 180.4 179.4 177.8 177.4 177 177.1 177.1 174.8 175.4 175.5 175.8 174.2 171.1 171 171.4 177.3 180.7 183.4 181.5 184.3 186.1 192.2 192.8 191.1 191.6
212.7 212.1 210.4 216.9 220.4 220.9 217.6 214.4 212.4 210.9 209 206 203.5 198.5 195 190.8 187.3 184.3 181.4 176.1 172.7 169.3 165.8 166 164.8 161.2 159.1 158.5 159.4 159.1 159 156.4 155.3 153.6 151.4 150.5 151.2 152.3 153.9 153.9 153.2 153 153.8 152.6 152.5 155 156.5 158.1 159.2 161.3 161.7 162.6 165.1 170.2 177.6 178.8 178.5 177.3 176.2 175.9 175.3 175.1 174 173.9 172.7 173 173.9 171.8 170 169.8 170.2 172.7 178.6 180.2 179.6 181.5 182.5 187.2 188.4 188.1 189.6
213.2 212.5 214.5 220 222.4 220.9 218 214.8 212.9 211.6 210.2 205.7 202.4 195.9 193.5 189 186.3 183.3 179.4 174.5 170.8 167.1 164.5 163.1 162.4 157.6 156.2 157.3 158.9 158.8 157.8 154.1 152.6 150.6 149.2 148.7 151.1 152 154.5 153.4 152.3 152.1 151.7 151 152.5 154.4 155.6 157 158.7 159.1 159.9 161.9 165.9 172.5 177.1 177.1 176.9 176.1 174.5 174.1 173.7 173.5 170.9 170.7 170.9 171.6 170.9 169.6 168.7 170 169.4 170.9 177.6 176.2 178.1 177.6 179.9 181.8 184.1 184.2 186.6
213.7 213.5 218.1 223.2 222.2 220.7 218 214.4 213.9 212.8 211 205.3 200.3 195.3 191.7 187.8 185.2 181.6 177.4 172.8 169.1 166.1 162.6 161.8 159.8 156 153.9 156.7 157.6 158.1 156 151.4 151.1 148.9 147.9 147.4 149.9 152.4 152.8 152.4 151.8 151 150.4 149.7 151.5 152.8 153.8 155.8 156.9 157.3 159.2 162.1 166.6 172 175.1 175.2 175 173.5 173.2 172.8 172.4 171 169.6 169.3 169.4 171.1 169.5 168.3 168.7 168.9 168.3 169.2 172.1 174.7 175.2 174.5 174.8 177.2 178.9 181 182.1
214.8 216.6 222.6 224.5 222.5 221.2 216.7 215 213.2 212.9 208.7 204 196.9 194.8 191.2 187.1 183.8 179.4 175.5 171.2 167.4 165.8 161.2 159.3 155.4 153.6 153.5 154.9 155.5 155.4 152.3 150.1 149.2 147.5 146.9 147.2 148.7 150.3 149.8 149.4 150.4 150 149.1 148.7 150.5 151.2 152.3 154.5 155 157.3 159.1 163.1 167 171.4 172.6 173 172.8 171.6 171.3 171.2 169.6 168.8 168.2 167.8 168.3 168.6 167.3 166.4 165.9 166 170 170.2 169.5 171.5 170.2 170.6 171.7 171.9 175.9 176.2 184.2
215.3 220.4 224.9 225.4 223.5 221.2 215.9 214.1 212.7 210 205.3 201.6 196.2 193.9 189.8 185.9 181 176.8 172.3 169.9 164.8 162.5 158.9 157 152.6 153.8 153.9 152.8 153.2 152 151.2 149.6 147.1 146.4 145.9 147 147.7 147.7 147.8 149.6 149.9 149.2 147.8 148 149.4 149.8 151.1 153.1 153.2 156.7 158.6 161 166.1 169.5 169.9 170.4 169.3 169.7 169.5 169.7 166.8 166.5 166.3 166.2 167.7 166.1 162.6 161.6 160.6 160 160 162.3 166.4 168.1 166.4 169 169.5 170.8 172.8 172.8 178.7
215.9 222 226.4 224.7 223.5 218.8 215 212.9 211.1 205.1 201.6 198.1 195.7 193 188.2 184.9 178.7 174.5 169.5 164.3 161.3 159.9 155.9 151.2 149.6 150.9 152.5 150.8 150.1 149.6 149.1 148.5 146 145.7 145.7 146.2 146.6 146.7 147.1 148.6 148.8 147.2 146.1 147.3 147.9 148.1 150.4 151.3 152.6 154.9 157 160.3 164 166.4 166.7 166.5 166.1 167.5 167.7 166.1 165 164.8 164.6 165.2 165.4 165.3 163.4 160.9 160.5 158.7 159.1 159 163.1 165.5 164 166.1 165.6 170 168.2 169.5 171
218.4 222 225.5 224 220.6 216.6 214.4 211.6 206.3 203.7 199.8 197.5 195.9 190.8 186.2 182 176.3 171.2 165.7 161.2 158.5 156.6 150.7 149 148.2 150.8 150.1 149.2 148.5 147.9 147.3 146.3 145.3 145 145.1 145.3 145.5 145.9 147.1 148.3 144.3 144.2 144.7 146.5 146.7 147.7 150.1 148.5 151.6 153.7 156.6 159.6 162.6 164.4 166.3 163.5 164.3 164.5 163.7 163.8 164.2 163.8 163.4 164.9 162 160.5 160.9 161.6 159.8 157.7 158.5 158.5 161.3 160.8 161.6 164.2 161.6 166.1 163.6 165.1 166.2
218.5 224.2 223.8 222 216.2 213.8 211.9 207.3 203.5 202.1 198.1 197.5 193.5 188.6 184.1 178.6 173.3 168.9 162.8 157.9 157 153.9 146.6 146.4 147.4 148.1 148.6 147.7 146.8 146.2 145.2 144.6 144.7 144.4 144.6 145.1 145.3 145.6 146.2 144.4 142.3 142.5 143.7 145.3 145.5 147.3 147.2 148.2 150.2 153.2 156.1 159.1 161.3 162.6 163.2 163.5 163.6 163.8 162.3 162.6 162.9 162.3 162.5 162.6 159.2 158.8 159.4 159.4 157.6 156.9 156.8 157.4 159 156.8 160.4 160.5 157.8 159.2 160.2 162.2 162.1
216.7 221.1 221.4 217.8 212.7 209.3 207.3 201.8 199.6 197.6 195.6 193.9 190.6 186.5 182.7 175.5 171.1 166.8 160 156.7 154.4 150.3 146.1 145.3 146.2 147.2 146.9 145.9 145 144.4 143.9 144 144.2 143.8 144.2 145 144 144.8 144.1 141.4 140.4 140.8 143.6 144.5 145.8 146.5 146.3 147.8 149.4 152.3 155.7 158.7 160.1 161.7 160 161.1 162.5 161.7 160.9 160.9 159.8 160.6 159.8 160.4 157.2 157.7 157.4 157 155.9 155.3 155 155.8 155 154.6 157.4 157.5 156.2 157.7 155.7 157.9 157.9
215.1 217.5 215.8 212.5 207.6 205.2 201.2 197.5 197.5 193.9 191.7 191.7 187.7 185.2 179.7 172.1 166.2 162.7 156.5 154.8 153.3 149.2 145.5 144.9 146.3 148 145.7 144.8 143.9 143.1 143.1 143.4 143.6 142.7 144.7 144.8 142.3 142.2 141.1 139.4 138.6 139 143 144 145 144.8 144.3 147.3 148.8 150.9 154.4 157.8 159.1 158.6 158.5 160.1 160.6 159.6 159.3 159 158 158.5 157.6 155.1 153.6 154.3 155.5 154.4 153.7 153.5 153.6 154.7 152.8 153.7 155.8 153.2 154.4 153.1 152.9 156 154.1
211.1 212.9 210.5 207.2 202.7 199.4 195.9 192.4 192.7 188.8 189.6 187.2 183.7 180.7 176.4 168.9 163.4 158.2 153.2 151.9 150.8 147.3 145.7 145 145.2 145.8 144.7 143.6 142.7 142.3 141.7 140.8 140.7 142 143.9 141.7 139.6 140.3 139.7 138 137.4 138.8 141.5 143.2 144.2 143.2 143.6 146.6 148.3 150.3 153.4 157.1 158.4 157.5 157.2 159.2 158.3 157.6 157.6 156 155.8 155.4 154.5 153.1 151.6 151.4 153 152.2 150 150.2 152.4 151.7 152.2 153 154.8 148.5 153.3 148.2 151.3 151.6 151.1
208.3 207.1 202.9 200.5 198 194.5 189.7 188.5 185.8 184.6 186.8 181.3 178.4 177.8 171.9 166.6 158.5 155 152.3 151.8 148.3 147 145.7 145.2 144.8 144.1 143.7 144 143.5 142.5 140.4 139.2 140.1 141.1 139.9 137.6 137.7 138.8 137.7 136.6 135.7 137.2 139.5 142.3 143.1 141.6 143 145.8 148.4 150.5 153.8 156 156.4 155.8 156.2 158.6 157.3 155.9 154.6 153.1 151.8 151.9 151.8 150.5 149.5 148.8 148.9 147.7 148 149.2 151.2 150.6 150.2 150.4 150.2 142.1 150.1 144.8 147.6 147.3 148
203.3 201.3 197 194.1 191.9 188.2 184.8 183.3 180.5 181.6 183.4 178.5 175.2 174.2 167.1 163.5 156.9 152.7 150.1 149 148.5 147.1 145.7 145.1 144.8 144.8 144.6 144.8 144.6 142.2 139.7 139.2 139.8 139.8 137.9 136.5 136.6 137.3 136.5 135.6 135.2 136.7 138.8 141.6 141.6 140.6 143.5 146.5 148.6 150.7 153.2 154 154.1 153.7 155.3 156.9 155.6 153.3 152.4 150.9 150.1 149.4 148.9 147.8 146.5 145.7 145.5 145.3 148.5 148.9 150.1 151.2 149.1 148.4 146 141.7 143.3 140.8 143.7 145.4 146.5
197.4 194.3 190.2 189 186.6 182.1 180.7 177 174.7 176.8 179.4 175.1 172.1 168.4 164.8 159.1 155.2 151.9 150 148.5 148.6 146.5 145.5 145.3 145.1 145.5 145.6 146.3 144.6 141.6 139.4 137 138.3 138.4 136.8 135.7 135.5 135.1 134.4 135.1 135 136.2 138.6 141.1 140.6 141.8 144 146 148.1 150.2 151.7 152 152.1 152.8 154.4 155.3 151.8 150.7 150 149.5 149 148.3 147.7 146 145.6 145.5 144.6 144.2 147.1 147.5 147 148.4 146.9 145.5 141.8 140.5 139.6 139.1 143 145 146.9
