WholeMapElevations/data/nx/nx78_OST50GRID_20230518/NX78.asc
ncols 200
nrows 200
xllcorner 270000
yllcorner 580000
cellsize 50
[rows 70 to 104 of 200, columns 78 to 155 of 200]
191.1 192.2 194.8 194.1 192.4 187.9 180.6 186.4 185.6 184.6 186.4 184.7 183 185.6 186.8 186.4 185.7 187.2 188.4 186.8 185.7 183.6 180.7 177.9 176.1 176.3 177.9 179.3 179.4 181.3 184.4 186.1 188.2 193.4 193.7 193 194.7 197 203.8 206.8 205.5 200.4 200 200.5 203.2 202.5 202.6 203.7 208.1 213.2 220.4 226.9 232.4 235.8 239.9 241.3 247.9 252.8 257.5 259.8 265.1 272.1 277.2 282 288.3 293.4 299.1 303.9 309.5 316.1 321.8 327.8 332.3 336.8 336.2 336.8 342.7 349.6
194.1 194.1 194.4 193.6 191.3 188.3 187.2 189.9 188.8 188.9 188.6 185.4 185.4 186.3 187.9 188.4 191.1 196.7 197.1 192.3 186.6 179.9 177.7 176.5 176.1 177.2 178.7 178.7 179.7 182.3 184.7 186.5 188.5 189.2 192.5 191.9 193.6 194.9 198.4 206.9 206.5 204.6 201.7 201 202 204.1 204.3 206.4 214.7 219.3 224.6 232.8 237.3 238.9 243.9 248.1 251 257.8 261.1 264.3 269 275.1 279.2 284.2 291.9 299.3 307.7 312.9 317.2 321.5 326.1 329.9 338.7 341.2 344.2 345.2 350.2 354.5
195.4 194.2 191.1 190 189 187.4 188.6 192.8 189.5 187.5 186.7 185.4 187.3 188.2 190.4 192.7 198.3 203.3 202.5 193.8 185.6 178.5 176.4 176.1 177.7 177.1 179.4 181.2 184.3 184.6 185.1 186.5 188.5 189.2 190.5 191.3 192.6 194.1 197.3 205.1 205.7 204.1 202.9 202.6 203.2 205.5 211.3 215.8 220.4 227.2 232.2 236.8 241.4 244.8 250.3 255.3 258.8 259.9 263.5 267.4 273.6 278.6 283 290.4 298.6 308 319.2 322.9 326.8 328.8 330.9 334.1 339.5 345.2 348.1 348.4 351.3 354.2
196 194.8 193.8 193.7 192.5 195.7 192.6 192.6 190.9 188.6 186.7 186.9 189.8 191 192.5 196.3 201.8 204.9 204.6 199.3 188 178.5 177.7 178.4 179.3 179.4 181.2 185.4 186.8 186.9 186.9 187.3 189.9 191.8 191.3 191.7 192.6 195.4 200.2 202.8 203.9 205.9 204.5 204.6 205.7 209.1 214.5 219.7 226 233.3 238.3 242.7 248 252.7 256.7 259.7 262.1 261 264.2 269.7 277.2 283.4 291.2 297.2 302.8 317.1 327.9 328.7 333.3 333.6 335.5 338.7 342.1 346.9 348 347.3 347.4 350.4
197 195.8 196.4 198.4 197.4 197.5 198.3 196.1 195.5 192 192.7 191.1 190.1 191.1 192.5 195.6 201 204.4 204.6 200.8 188.8 181.3 178 179.3 179.1 180.5 185.9 187.4 187.4 187.6 187 190.8 190.5 189.2 190.7 190.7 192.1 196.3 202.6 201.9 204.1 209.1 206.6 209.1 210.4 214.9 220.1 227.9 234.6 239.3 243.5 247 252.9 257.2 259.8 262.1 263.6 262.7 267.6 276.4 283 289 296.9 304.1 312.4 322.9 326.5 329.5 333.2 336.2 337.7 340.6 346 347 346.6 346.3 345.2 345.7
200.7 201.2 204.7 202.7 200.3 200.1 201.1 200.3 201.1 201.4 203 202.7 197.7 194.2 193.3 192.7 195.7 201.8 204.1 202.8 195 184.7 179.1 178.8 180 180.8 185.1 188.2 188 187.3 188 188.4 189.7 190 190.8 191.2 191.3 192.2 197.1 200.9 202.3 206.7 207.9 212.8 217.4 223.9 229.9 234.7 239.4 242.3 246.9 252.5 257.5 262.4 264.6 265.2 264.8 265.2 271 273.5 281.1 292.8 303.2 308.4 320.4 325.1 326.8 328.3 331 337 341.7 345.5 349 349 347.1 344.6 343.6 343
206.3 205.6 206.2 204.7 203.1 203.1 202.7 202.5 202.9 203.8 204.5 204 202.1 201.3 199.3 195.8 193.6 196.1 203.1 206.2 201.5 192 184.4 179.8 179.3 183.2 182.3 183.8 184.8 185.6 190.4 191.5 190.3 190.2 191.1 192.5 193.1 192.8 197.9 202.7 205.4 206.1 213.5 217.3 225.9 230.8 235.1 238.5 244.1 248.5 252.1 255.8 261.2 266.3 269.3 270.6 271.2 270.3 273.6 275.3 280 287.9 300.7 314.7 323.1 324.8 326.8 326.8 331.6 336.6 341.2 345.4 350.3 348.2 347.4 345.9 341.6 340.6
209.3 208.9 213.7 214.8 213.1 210.8 210.7 207.2 206.8 206.2 205.6 203.2 200.6 200.3 200.5 196.7 195.8 195.7 201.3 207 206.6 200.6 191.3 182.4 180.7 180.3 181.1 183.3 185.5 190.6 195.8 195.6 193.2 193.6 192 192.7 196.3 195.8 200.1 203.9 208.7 214.8 221.9 226.2 231.6 236.5 240.7 244.9 248.8 252 257 262.4 265.6 271.1 275.9 278.2 278.7 279 279.2 280.7 283.5 293.1 304.8 316.8 322.7 320.9 321.1 326.6 334.1 337 342.1 344 345.9 346.8 345 341.7 339.2 337.8
212.4 213.4 215.3 216.6 215 213.4 212.4 212.7 211.9 210.8 208.9 206.4 203.7 200 197.9 197.3 197.1 197.4 198.9 203 206 204.6 198.4 188.6 184 182.5 182.4 185.3 188.1 194.4 198.1 195.9 194.7 195.8 196.5 197 197.5 198.3 199.3 205.6 210.9 218.3 225.9 231.2 236.2 240.5 244.8 250 253.5 259 263.7 269 274.4 280.2 286.4 288.7 289.5 287.1 284.1 284.5 289.2 297.7 305.5 312.8 317.1 315.5 315.7 325.2 332.2 340.2 346.3 347.3 343.9 342.7 341.9 336.4 330.4 330.4
216.1 215.4 217.1 218 215.7 215.6 216.2 216 214.7 212 208.3 206.1 204.6 203.7 201.9 199.5 198.4 199.6 200.3 200.7 201.3 203.2 202.4 196.7 188.5 188.6 187.1 189.7 191.6 191.9 194.1 197.5 196.4 198.3 200.9 200.1 198.9 201.9 203.2 207.3 214.2 220.2 227.4 233.8 238.3 243.7 248.4 252.7 258.3 264.2 269.1 274.7 279.8 287.9 295.6 297.9 297.4 295.9 290.8 289.7 294.9 302 310 311.7 311.4 309.6 310 320.3 328 335.6 342.3 343.5 343.2 338.3 335.3 329.2 324.5 323.5
224.3 221.3 220.4 219.6 217.7 217.1 218.9 218.7 217.3 214.8 210.4 209.5 208.5 210.1 209.7 206.5 205 203.5 203.6 203.3 201.5 201.6 201.6 200.7 196.4 191 189.4 189 191.3 192.5 193.1 194.3 197.5 199.8 200.5 201.2 201.7 204 206.9 209.8 215.9 222.1 228.4 236.4 240.9 245 249.6 255.5 261.8 268.6 273.9 279.7 285 293 298.9 301.7 301.4 301.2 295.9 293.7 294.6 298.7 305.9 305.2 305.8 304.9 311.3 316.5 320.7 330.6 336.4 338.3 337.1 333.2 329.6 325.3 322.2 320.6
231.7 232 227.7 223.4 220.2 220.5 222.2 221.9 220.9 218.8 215.2 215.3 214.9 215.5 216.3 214.8 212.2 209.1 204.5 204.1 202.8 202.2 201.6 202.6 201.1 195.2 191.2 190.8 190.6 192.2 193.7 200.5 201.4 201.2 202.6 202.5 206.8 206.7 209.4 213.7 215.6 223.6 231.2 236.8 241.8 247.7 254.3 259.2 265.7 278 285.5 288.1 291.6 297.9 299.8 303.2 306 304.4 298.9 296.1 292.9 293.4 295.7 294.6 297.9 301.7 306.3 312.3 314.2 321.4 324.5 327.9 329.5 325.1 324 321.6 319.3 318.9
238.9 239 233.9 229.6 224.1 222.7 225.1 224.1 223 221.1 218.3 216.1 215.9 217 218.1 218.8 217.3 214.6 208.8 206.4 206.3 204.6 204.6 204.7 202.6 197.7 193.6 192.4 193.7 196 199.1 201.6 204.3 205 205.5 206.1 208.6 209.6 212.9 217.6 220 227.2 234.5 241.9 246.6 250.9 256.1 262.3 270.9 279.9 285 288.5 292.4 296.9 300.3 303 303.2 301.4 297.1 294.7 288.8 286.2 290.3 287.6 291.3 296.8 300 304.6 308.4 310.5 312.8 314.2 314.9 314.1 316.7 316.8 317.3 319.9
243.5 242.3 239.5 234.1 228.5 228.1 228.1 227.3 224.8 221.6 219.5 219.8 220.2 220.5 220.2 219.8 218.6 217.2 214.6 210.5 208.8 207.5 207.6 206.9 204.6 199.1 196 195.6 196.3 198.2 199 204.3 208.6 211 213.7 212.9 214.1 213.7 218.1 220.3 225.7 231.4 236.5 240.6 246.9 252.5 259 266.4 273 277.5 281.7 285.9 290.5 295.5 301 301 299.5 296.4 292.7 288 284.4 282.2 283.6 281.9 285.4 292.9 292.1 297.2 301.4 301.3 302.2 302.4 303.5 303.8 306.7 310.8 313.1 314.2
248.6 243.8 243.8 239.5 233.8 230.2 233.6 230.4 226.7 223 222.9 222.7 223.5 223.2 222.6 222 220.2 217.6 215.6 212.7 211.9 210 208.5 208 208.1 204.5 200.8 197.7 198.7 201.1 201.3 203.1 209.7 214.5 216.1 216.2 216.7 217.2 218.3 222.6 226.8 230.8 235.4 240.5 246.4 251.9 258 263.5 270.3 276.2 279.6 285.3 289.5 292.9 293.6 293.5 293.1 291.8 289.2 285.9 281.9 279.7 277.9 276.3 280.8 284.2 286.3 290.2 291.2 291.2 291.5 293.2 294.3 296.5 301.9 303.6 304.2 311.3
250.5 247.9 247.4 243.7 238.4 232.8 234.5 231.3 227.6 224.7 224.8 224.9 225.2 225.6 225.1 224.4 222.9 220.5 216.5 214.7 212.8 210.8 209.7 208.2 207.9 207 202.9 200.6 204.1 207.3 206.7 204.7 208.6 214 217.1 218.7 217.6 218.7 220.2 222.6 225.5 231.5 236.3 240.7 246.8 251.3 257.8 263.5 270.5 276.2 278.2 280.9 285.2 289 291.7 288.4 285.8 284.2 283 281.8 280.6 279.1 279 275.4 274.1 275.5 276.2 281.9 282.6 283.1 282.3 285.3 289.3 290.5 295.3 298 304.3 311.2
252.7 252 249.4 245.8 240.6 236.6 233.1 233.2 229.3 228.9 227.2 226.6 226.9 226.9 226.8 226.1 224.8 222.8 219 216.8 214.2 211.6 209.8 208.5 207.1 205.3 203.2 203.7 206.3 207.4 208.2 209.1 211.6 213.5 214.9 219.9 219.6 221.5 223.4 223.7 227.5 231 235.8 241.1 247.7 251.3 257.3 265.3 275 279.9 281.2 281.9 282.7 285.9 290.3 287.5 284.8 282.1 280.7 278.9 278.3 279.1 279.6 274.7 271.6 273 271.7 272.8 272.3 275.3 278.4 281.7 282.6 285.9 293.2 297.6 301.6 309
254.5 253.2 251.5 247.5 243.3 240.9 237.1 234.7 234.9 234.4 232.3 229.5 228.7 228.4 228.7 227.4 226.2 224.9 221.5 219.3 217 213.8 212.3 210 207.3 205.7 204.5 206 206.5 207.9 209.3 210.6 212.7 213.7 213.9 215.6 219.5 222.3 225.8 224.2 226.1 229.4 234.1 240 244.5 250.7 257.6 264.8 274.3 282.1 286.8 285.5 283 284 288.1 286.3 284 281.1 278.2 275.9 278.4 277.1 275.5 273.9 269.5 267.4 267.7 264.6 265.1 273.3 274.2 275.5 276.3 279.5 285.9 295 302 307.2
255.7 256 251 250.2 245.6 241.1 238.4 236.6 239.3 238.9 236.4 232.4 230.6 230.2 229.6 228.7 227.1 226.3 224.5 221.6 217.8 215.8 215.5 213.5 209.7 207.8 206.3 206.4 206.3 207.1 210.2 209.8 209.9 211.1 213.8 215.7 217.7 221.8 223.5 224.9 224.2 226.5 231 237.4 241 246.1 253 262.4 270 280.2 285.4 285 284.3 281.5 281.8 281.3 281.3 281.3 276.7 275.6 272.5 272.1 268.9 269.3 266.5 264.2 262.4 259.1 259.4 264.6 265.8 267.5 270.5 276.1 281.6 290.7 299.9 308
256.4 252.4 250.5 249.8 247.6 241.6 238.1 240.5 241.4 242.8 239.1 237.4 234.8 231.7 229.9 228.8 227.9 226.7 225.9 223.7 221.3 217.2 216 214.5 212.2 210.4 208.6 206.1 205.7 205.4 210.1 210.5 208.6 209.6 211 214.7 219.2 221.4 220.5 220.8 221.2 224.4 227.4 233.1 238.5 243.1 250.1 254.7 265.2 274.2 279 281.9 282.7 280.8 284.1 280.4 277.9 276.1 272.2 270.5 268.1 268.4 265.1 264.3 262.4 258.1 259.5 256.6 254.3 259 262 262.8 267.9 272.1 277 284.8 298.6 303.8
254.4 251.8 250.8 247.2 247 241.4 240.1 245.4 244.3 243.7 239.7 238.6 236.1 233.3 231 228.5 227.9 226.9 226.5 224.7 222.5 219.5 216.7 214.8 214.2 214 210.6 206.6 205 203.3 204.6 205.2 206 209 208.3 210.7 215.9 219.4 219.5 219.2 218.2 223.6 226.4 229.5 233.3 240.1 244.2 248.2 256.3 267.7 271 275 276.9 277.6 278.5 277.7 274.4 272.5 268.8 266.6 265.4 265.5 261.4 260.6 257.7 254.7 254.3 253.7 249.5 255.5 257.7 259.3 264.8 269 275 281 292.3 299
249.3 250.8 250.2 246.4 243 244.5 245.5 247.2 246 244 239.8 236.8 236.9 234.3 230.1 227.9 227 226.5 225.2 224.6 222.5 221.5 219.2 215.2 213.8 211.9 209.6 209 205.6 201.8 198.9 199.8 204.9 205.5 206.2 207.4 213.7 213.5 215.4 218.7 216 218.9 222.5 225 229.6 233.6 235.8 239.1 246.9 255.1 261 263.4 267.5 270.4 269.4 270.4 269.5 266.1 264.2 264.5 262 262 258.8 256.5 254.6 252.5 249.8 244.4 247.1 251.7 255.6 256.5 261 266.4 272.8 278.7 287.9 295
245.6 244.8 244.9 244.1 242.7 242.1 242.4 246.9 247.3 243.1 239.4 237.1 234.5 233.5 230.7 227.6 225.8 225.7 225 224.3 223.6 222.9 221.8 217 215.6 217.7 215.6 209.4 205.8 201.8 196.6 196.8 200.7 202.5 205 204.6 205.3 211.1 215.4 216.3 215.1 213.7 219.5 223.1 224.4 225.6 227.2 231.5 236.2 241.8 245.2 249.1 255.6 258.3 258.4 260.8 260.7 258.6 255.7 257 259.5 255.6 255.9 253.3 251.1 249.7 246.7 243.6 243.6 250.6 252.7 253.9 258 263 269.1 273.5 279.8 286.9
242.4 243.7 243.2 242.3 241.2 240.6 242.1 245.4 244.6 242.5 239.2 237.1 235.8 233.5 230.7 226.9 224.7 224.9 224 223.8 222.9 221.8 221.2 218.1 215.6 217.2 215.5 210.1 205.8 202.8 196.9 194.6 193.2 195.1 199.4 201.7 203.1 208.5 210.2 212.8 212.6 211.7 211.6 217.1 218.2 219 219.4 226.1 228.6 232.2 235.3 240.4 245 245.9 244.5 246.4 248 249.2 248 249.9 251.7 249.9 251.1 251.8 250.8 245.5 239.2 237.6 240.5 245.2 247.9 250.1 253.2 260.6 263.5 267.3 270.7 279.9
243.6 243.4 243.5 243.2 241.4 240.1 243.1 245.7 242.9 240.2 237.6 236.1 235.8 234.1 230.2 226.7 224.3 222.9 223.9 223.4 222.4 220.2 219.4 217.7 215.5 213.8 212.6 209.1 204.9 197.9 195.6 194.3 192.1 193.1 196.2 200.3 202.3 204.8 206.3 211.3 209.1 208.6 208 213.3 215.4 215.2 217 222.5 223.2 226.2 228.5 231.4 235.2 232.8 230.6 236.1 237.1 238.4 239.9 241.9 243.5 241.8 243.2 244 243.5 238.7 236.8 235 239 240.5 242.6 246.5 246.5 255.9 259.1 259.6 262.8 270.2
247.7 245.4 245.4 250 247.5 240.8 241.2 243.8 243 239.5 238.3 237.3 236.2 232.6 229.2 224.3 223 220.8 221.7 222.2 221.9 220.4 217.7 216.2 215.5 213.2 211.5 210.9 208.2 196.9 194.6 192.9 191.6 192.8 195.7 198.3 199 198.9 200.2 201.9 204.5 206.6 208.3 207.4 211.6 213.7 213.3 216.5 218.2 216.4 221 223.9 227.5 224.6 217.8 223.8 229.1 230.6 231.7 231.5 233.2 232.2 234.2 235.6 234.8 232.9 233.6 233.3 235.5 237.7 236.5 235.6 241.6 246.7 251.8 254.8 257.4 261.6
241.6 242.2 241.4 245.6 247.1 241.4 234.7 238.7 242.3 239.7 235.4 236.1 234.2 231.8 230 227 223.4 219.8 218.9 219.8 219.3 218.5 217.1 215.5 215.3 212.9 209.8 210.8 208.2 200.6 194.4 192.5 191.8 191.1 193 195.8 197.2 198 198 199.7 198.5 201.7 202.6 203.2 203.2 204.7 207.7 211.6 216.7 216.4 213.8 218 216.8 218.7 216.3 214.1 219.1 222.3 220.7 221.4 222 221.5 225.5 226.2 226.9 228.1 231.8 230 231.4 233.6 232.7 236 239 239.9 242.4 247.2 250.6 255.3
234.4 235.5 236.9 240.3 243.2 239.4 233.3 233.5 237.8 235.9 233.9 231.4 229.1 228.8 227.2 225.5 222.8 220.1 218.5 216.4 216.8 216.1 215.9 215.4 213.9 211.3 207.5 208.4 207.4 201.4 195.6 193.3 191.8 191.5 192.1 194.5 197.1 196.5 195.4 197.9 195.5 196.2 196.7 199.9 198.4 200.7 204.7 205 206 204 202.1 209.7 214.9 213.2 209.1 210.4 212.4 214 214.2 213.3 212.5 217.9 220.9 222.8 221.5 223.1 226.5 223.7 227.9 233.2 233.1 238.3 238.7 238.5 237.3 242.4 247 252.5
231.7 234 234.5 234.1 236.3 236.7 232.7 230.7 232.6 228.4 227.7 230.9 228.4 225.9 223.5 222.9 221.1 219.5 218.9 217.2 215.2 215 214.6 213.2 212.3 211.2 207.7 204.7 203.4 207.1 206.1 198.9 193.7 190.3 191 193.7 197.3 197.9 190.3 192.3 192.5 192 192.8 194.4 198.8 201 203.9 205.1 207.1 201.3 198 196.8 200.1 200.2 203.9 207.4 209.2 211.5 211.1 210.1 211.3 216.7 223 223.6 222.1 219.6 218.7 220 221.9 225.7 229.5 234.4 235.5 233.8 237.1 245.3 249.8 248.3
229.9 234 235.9 232.7 228.7 231.9 230.7 229.8 225 230.1 231.5 229.2 225.6 223.1 221.1 219.9 219.1 218.6 218.1 215.6 215.2 214.7 212.9 211.9 209.4 209.3 207.4 204.5 205 209.6 209.6 204.3 194.8 191.7 190.3 190.3 192.5 192.5 190.3 190.3 193.1 192.8 193.1 193.9 195.2 199.9 199.1 198.9 205.2 203 203.2 199.7 195.6 197.6 199.7 198.5 199.1 202.4 205.4 208.5 209.4 213.7 220.9 223.5 225.7 221.6 218 217.7 217.8 219.4 226.6 230.5 230.4 234.8 237.3 241.3 245.8 246.8
231.3 229.5 229.4 226.7 225.3 222.7 226 224.7 222.8 230.9 230.4 226.6 223.3 220.9 218.4 219 216.9 217.8 215.8 214.7 213.8 214 213.4 212.2 208.6 208.7 206.3 204.8 205.9 206.4 206 203.7 198.4 193.6 190.3 190.3 190.3 190.3 190.3 190.3 192.1 192.5 193.9 193.9 194.8 195.2 195.5 196.7 200.8 199.3 200.8 201.7 197 197.4 197.7 197.6 197.8 206 210.8 206.3 208.4 211.7 215.1 219.2 222 223.5 222.6 217.8 217.2 215.2 220 221.6 226.6 232.4 234.7 236.8 240.8 242.1
232.5 232 228.2 221.7 222.6 219.5 222 220.7 221.4 228.9 227.6 224.6 221.2 219.8 218.6 215.7 214.9 214.9 215.4 213.9 213.6 212.5 212.3 211.1 209.6 209.7 207.8 207 207 206.3 204.7 203.4 200.1 192.7 190.3 190.3 190.3 190.3 190.3 190.3 190.3 193.3 192.6 191.2 194.5 198.7 198.5 194.7 194.4 194.3 194.4 196.1 198.2 194.7 195.4 196.8 197.7 206.8 209.7 208.6 208.7 209.3 210.7 212.3 215.1 217.1 219 217 216.1 210.9 215.1 218.2 223.5 227.4 229.1 230.7 234 236.6
229.5 229.7 226.3 221.5 220.8 219.2 219.8 218.4 222.3 221.5 222.3 221.5 220.3 220.2 219.4 217.6 214.7 212 212.1 212.8 212.8 213 212.3 211.7 210.8 210.4 209.4 208 207.1 205.9 204.7 202.6 199.3 191.6 190.3 190.3 190.3 190.3 190.3 190.3 190.3 191.5 191.8 190.3 192.7 197.5 198.4 194.8 192.8 191.7 191.5 191.6 192.5 191.9 195.1 196.6 198.2 200.5 205 205.5 207 208.3 209.6 209.2 209.8 211.4 211.7 208 208.5 208.3 211.5 214 217.9 220.7 222.5 225.2 225.8 230
225.2 223.2 221.9 220.9 219.8 218.7 216.8 215.5 215.3 215.9 215.1 218.4 223.8 224 220.9 217.6 215.1 211.6 210.7 211.9 212.1 212.8 212.2 211.7 210.8 210.6 209.7 208.1 207.3 205.5 203.8 202.3 198.4 194.4 191.3 190.3 190.3 190.3 190.3 190.3 190.3 190.3 190.3 190.3 190.3 193.6 190.3 190.6 190.3 191.3 190.3 193.9 195.9 192.9 191.6 194.2 194.4 196.4 198.6 202.4 203.1 209.9 208.8 207.7 208.3 207.4 205.7 205.9 204.9 205.5 205.8 206.9 210.8 215 218.2 219 219.8 224
231.9 228.1 226.1 227.5 226.4 223 219.4 217 214.8 212.2 213.7 215.7 220.4 222.4 219.4 215.6 213 211 210.8 211.4 212 212.6 212.4 212 210.8 210.3 209.3 208 206.9 205.2 203.8 201.1 196.6 192.9 190.3 190.3 190.3 190.3 190.3 190.3 190.3 190.3 190.3 190.3 190.3 190.3 190.3 190.3 190.3 190.3 190.3 193.6 198.9 201.7 196.4 191.3 192.9 195.9 195.3 197.5 197.8 200.3 204.4 204.1 206.6 205 203.6 204.1 203.1 203.2 202.8 204.2 209.2 213.8 212.6 214.4 215.6 217.1
