UK/data/ns/ns52_OST50GRID_20230518/NS52.asc
ncols 200
nrows 200
xllcorner 250000
yllcorner 620000
cellsize 50
[rows 70 to 104 of 200, columns 0 to 77 of 200]
125 128 129.1 130.1 131.2 132.7 134.1 135.8 136.9 138.3 139.6 141.2 142.6 142.4 142 141.6 140.5 140.3 139.6 138.7 139.9 140.7 141.5 142.3 143 144 144.8 143.5 142 144.2 146 146.5 147.4 147.7 147.2 146.7 145.8 145.1 144.3 143 142.6 141.2 138.3 137.3 132.7 123.2 113.2 107.3 99 96.1 102.1 105.7 106.9 102.6 103.8 107.5 110.7 111.1 111.5 112.9 116.2 119.7 122.7 125.6 127.6 128.8 129.9 129.9 130.5 131.8 133.4 134.9 133.3 132 123.5 117.7 115.5 117.4
122.4 126.7 127.5 128.2 129 130.7 132.3 133.8 135 136.2 137.1 138 139.4 140.2 139.9 139.5 138.9 138.2 138.1 139.7 140.7 140.8 140.7 141.3 141.9 141.9 142.3 142 141.3 142.6 146.5 146.9 147.3 147.7 146.9 146.6 145.5 145 143.3 142.5 141.6 141.1 139.6 135.4 124.8 112.9 104.2 98.3 91 95.4 100.6 101.7 100.1 104.8 109 110.9 112.7 114.3 115.8 116.5 119.3 121.7 124.4 126.8 128.6 130.2 131.3 132.4 133.6 134.6 135.2 134.9 115.6 108.2 104 103.8 104.9 106.5
122.6 125 125.4 126 127 128.6 131.1 131.9 133 134.2 134.3 134.9 134.8 136.5 136.5 135.6 131.1 135.8 138.2 140.2 141.2 142 142.1 141.7 141.3 140.5 139.1 139.1 138.3 142 144.1 147.1 147.6 147.5 146.5 145.8 144.7 144.3 142.7 143.4 141.1 141.1 138.8 134.6 114.1 103.8 96.2 93 93 94.5 96.7 98.1 105.5 107.8 111.3 113.3 115 117.2 118.8 120.2 120.7 122.9 125.5 127.5 129.1 130.8 132.6 134.1 135.2 135.7 124.1 108.3 100.2 103 103.2 103.8 104.2 104.4
121 123 123.9 124.7 126 127.8 129 130.6 131.3 131.9 131.7 131.1 130.9 131.5 132.1 131.8 132.3 135.3 137.8 140.1 141.8 142.8 142.7 142 141.5 139.6 137 135.3 134.8 138.7 140.2 142.2 145.8 146.5 145.5 144.7 143.7 143.6 142.5 142.9 141.3 140.1 139.2 132.3 109.1 98.5 93.1 91.3 92.4 94.4 96.2 100.8 106.7 111 113.7 115.8 117.2 119.7 121.8 122.5 121.7 123.4 126.1 127.6 129.2 130.9 133.1 135.2 136.1 125.8 103.1 102.4 102.6 103.5 101.8 103.4 103.7 104
115 120.3 121.1 124.2 125.2 126.5 127.9 128.9 130 129.7 129 128.7 128.6 128.9 128.7 129.8 132.1 134.8 137 139.2 141.6 142 142.3 141.9 140.5 138.9 136 132.7 129.4 134.6 136.2 139 141 141.6 141.6 141.5 141.5 141.2 141.3 140.6 140.7 140.2 138.3 129.8 106 93.3 90.6 90.2 92.2 94.2 95.6 99.2 106 113.6 116.3 117.7 119.6 122.2 124.1 124.2 123.7 124.4 125.7 127.1 128.5 130 132.7 134.8 135.7 123.3 100.2 101.9 102.6 103.7 103.9 101.8 103.5 103.8
117.6 120.2 122.1 123.6 122.6 126.7 127 127.1 127.9 128.4 127.7 127.1 126.6 126.7 127.8 129.9 131.9 134.5 136.5 138.4 139.9 140.4 140.6 139.6 138.4 136.7 134.1 130.8 126.7 129.3 131.5 133 134.8 137.2 138 138.3 138.5 139.5 140.4 140.5 138.6 138.5 134.8 122.5 100.6 93.4 89.2 90.9 92.6 94.1 95.8 100.1 106.8 114.4 117.7 119.3 121.3 124.1 125.6 125.6 125.4 125.6 126 126.6 127.7 129.3 131.7 133.6 134.2 120.3 100.2 101.5 102.7 103.8 107 112.6 111.4 113.7
116.9 119.8 121.4 122.8 124 125.2 124.6 126.4 127 126.7 126.4 126 125.6 126.3 128 130 131.9 133.8 135.7 137.1 138 138 137.7 136.6 135.5 133.6 130.7 127.7 125.3 126.1 126.5 127.8 130.3 133.5 135.8 137.1 137.7 137.5 137.3 136.6 136.8 135.5 130 115.6 95.4 91.1 88.3 92 92.4 92.9 95.2 100.4 108.6 116.2 119.1 120.8 122.6 125.2 126.9 126.8 126.2 125.7 125.9 126 126.3 128 130.2 131.5 131.9 119 99.7 100.6 102.2 103.7 112.7 115 115.9 123
115.9 118.6 120.6 121.9 123.1 124.3 125.3 123.4 126.3 126.4 125.9 125 125.2 125.8 127.3 129.2 131 132.9 134 135.5 136 135.5 135.1 134 132.5 130.1 127.3 124.8 122.1 121.3 123.4 124.7 126.9 131.1 134.5 136 136.3 135.2 135.2 132.9 132.3 131.8 122.2 102.6 90.7 88.4 90.4 91.6 92.1 92.3 98 104.3 113.1 118.4 119.4 121.1 123.2 126.4 127.7 127.6 126.5 125.7 124.9 124.7 123.2 124.6 126.5 126.3 121.7 115.6 102.6 96.5 101 103.4 114.4 115.4 121.3 127.5
114.4 117.6 119.4 120.8 122 123.2 124.2 124.3 124.7 119.5 125.3 124 124.3 125.6 126.7 128.2 129 129.9 132.1 133.5 133.6 133.1 132.4 131.1 128.9 126.8 124.9 123 118.6 117.9 119 120.4 122.9 128 132.3 134.3 134.4 134.3 132.9 131.2 129.2 126.5 101.7 84.6 87.7 84.7 89 90.9 91.7 93.1 99.2 103.1 110 119.5 120 121.2 123.4 127 128.3 128 126.6 125.2 118.6 108.7 103.5 108.9 112.7 111 107.1 104.1 103 98.7 100 100.7 114.5 120.8 125.8 130.1
113.1 115.8 117.8 119.6 120.7 122 122.8 123.2 123.4 123.7 123.4 123.3 124.1 124.8 125.8 126.6 126.9 128 129.5 130.7 130.8 130.5 129.8 128.3 125.9 124.1 122.7 120.3 118 114.7 115.7 117.7 121.2 124.3 128.7 131.8 131.5 131.8 130.8 129.2 126.9 107.8 84.6 87.2 87.6 88 88.7 88.5 90 89.5 90 93 101.2 98.8 105.1 115 122.6 126.5 123.3 119.8 119.3 117.5 103.6 98 100.7 99.8 99.8 100.5 101.6 99.8 101.2 101.5 94.8 99.8 106.9 124 128.9 133.2
111.3 113.7 116.4 117.7 119 120.6 121.7 122 122.3 122.5 122.3 123 123.4 124.2 125 125.8 126.2 126.5 127.1 127.8 127.5 127.3 126.7 125.2 123.2 121.4 120.2 117.9 114.8 111.7 115.4 117.8 120.7 122.7 124.9 125.2 115.1 120 123.5 125 119.3 93.7 84.6 87.4 87.6 87.9 88.3 88.6 85.2 89.2 89.6 90.2 90.4 90.9 95.3 103.3 110.3 109.6 105.3 102.3 101.3 89.8 93.8 94.6 89.8 96.9 97.5 99.5 99.2 101 99.3 101.5 100.1 99.5 99.5 120.9 131.8 135
108.2 111.3 114 115.9 117.2 118.6 119.8 120.8 121.2 120.7 120.6 121.5 122.9 124.1 124.3 125.1 125.2 125.4 125.6 124.9 125 124.1 123.5 121.8 120.1 118.8 117.5 114.8 110.3 112.7 115.1 118.2 120.9 123.1 124.5 113.5 102.1 101.3 107.7 108.1 101.5 88.7 86.5 87.1 87.5 87.8 88.2 88.5 88.4 88.3 85.7 89.6 90.2 90.5 91.5 91.6 92.6 92.6 92.8 93.7 94 93.1 94.3 94.8 95.5 89.8 97.6 97.8 97.7 98.6 99.7 100.3 99 94.2 98.7 116.5 133.4 136.5
106.8 109.2 111.6 113.4 115.2 116.6 117.8 119 119.4 119.2 118.5 121.6 122.5 122.7 124 124.3 124.5 124.7 124.6 123 120.7 122.1 121.1 118.7 117 115.6 112.6 109.1 109.2 114 116.9 119.5 121.9 123.4 124.4 105.9 96.8 92 91.5 91.7 89.9 87.3 87.1 87.3 87.9 88.4 88.3 88.3 88.4 89.1 89.4 89.4 85.9 91 90.5 91.1 92 92.5 93.1 93.1 89 93.6 94.5 95.7 96.5 97.4 91.6 96.4 97.6 97.6 98 98.6 99 98 97.1 111.8 133.3 137.2
105.7 108.1 109.9 111.3 112.7 114.1 115.4 116.8 116.7 115.5 117.1 120.7 121.9 122.2 119.5 123.7 123.5 123.7 123.3 122.4 121.4 118.3 116.2 114.7 112.9 109.6 106.5 105.9 112.3 117 119.8 121.3 122.5 123.3 123.7 107.3 93.3 86.6 87.2 87 85.8 84 87.2 86.8 88.3 89.5 95.5 95.2 91.5 89.6 89.5 89.4 90 89.8 88.7 90.8 91.5 91.7 92.1 93.3 93.7 94.2 96 97.7 98.5 103.2 107.1 100.1 90.8 97.8 97.8 98 97.4 97.3 92.5 105.8 133.8 137
105.2 107.3 108.2 109.7 111 112.1 113.5 114.8 114.2 110.7 118 119.8 121.1 121 122.1 123 122.9 122.7 122.2 121.3 120.1 118.5 115.8 112 106.5 104.4 102.6 110.5 114.9 118.7 120.1 121.8 122.8 123.4 123.3 112.3 92 82 82.7 84.4 84.6 86.5 91.1 88.1 89.5 92 106.3 110.3 104.9 98.8 90.4 90.4 90.3 91.1 90.6 88.7 90.9 91.8 91.5 93.2 93.8 95.3 96.9 98.5 99.1 106.1 110.2 110.9 100.9 91.5 92 97 95.6 91.6 99.3 124.5 134.1 137.3
103.1 105.1 106.7 108.2 109.2 110.3 111.6 112.2 106.5 114 116.8 117.9 119 119.8 121 120.3 121.6 121.4 120.6 119.8 118.2 115.1 111.8 108.1 103.3 109.9 106.6 112.4 115.6 118.3 120.1 121 121.5 119.8 118 114.4 94.4 81.5 96.1 91.9 87 89.1 91.4 90.9 93.2 103.7 117.9 118.4 119.8 116.5 101 92.3 90.8 90.8 91.6 91 87.9 88 93.4 94.8 96.3 100 100.5 99.2 106.3 109.8 111.4 113.8 114.3 105.7 100.7 100.5 107.2 119 130 132.9 135.5 138
102 103.9 105.3 106.4 107.5 108.5 109.3 107 109.5 112.2 114.6 116.2 117.6 118.6 119.2 119.9 119.9 119.6 118.9 117.5 115.5 112.7 106.9 100.2 94.3 107.7 108.8 110.9 114.7 116.9 118.2 119 116.2 112.7 111.1 109.6 100.5 81.5 90.9 103.8 104 105.2 113.4 108.1 113.2 120.3 119.2 117.7 117.7 118.5 118.6 108.7 94.9 91.8 91 92.6 92.6 93.4 95.4 95.4 100.9 100.8 98.6 105.5 111.1 112.3 115.3 116.3 118.3 117.5 116.2 121.9 124.5 127.7 130.5 133.5 135.9 138
100.6 102.6 103.5 104.4 105.5 106.5 107.9 102 109.3 110.5 112.3 114.2 115.4 116.4 117.1 117.5 117.6 116.8 116.3 115.3 113.3 106.8 98.8 89.5 101.9 106.9 109.1 110.7 109.1 114.7 115.8 115.2 110.1 105.8 104 103.3 94.9 81 93.6 104 111.3 115.7 118.6 121 122.1 122.4 122.5 122.3 121.7 122.1 122.1 121.2 111.1 102.2 98.3 92.7 94.4 95.3 95.5 98.9 101.5 101.8 104 111.7 115.3 117.1 117.7 119.9 121.2 121.5 122.8 124.1 125.7 127.4 130.1 133 135.9 137.2
98.7 100.3 101.4 102.5 103.4 104.5 100.4 106.1 107.6 109.1 110.6 111.9 113 113.9 114.4 114.7 120.9 114.2 113.6 112.1 110.1 107.2 89.4 94.7 101.2 107.5 108 109.9 111.8 112.8 112 110.9 105.4 98.5 94.9 88 80.5 90.9 103 107.5 114.3 117.7 119.7 121.1 121.7 122.1 122.7 123 123.1 122.8 122.1 120.8 117.9 115.7 111.3 94.7 96 98.7 103.1 99.7 104.5 107.2 112.8 117 119.4 120.7 121.6 123 124.4 125.3 125.5 125.7 126.2 127.8 129.7 132.3 135.3 137.5
96.1 97.7 98.7 99.8 100.8 100.1 94.8 102.9 104.7 105.9 107.4 108.8 109.9 110.8 111.1 111.3 120.5 110.5 109.7 106.9 106.3 94.3 86.9 94.4 104.1 105.8 106.9 109 110.4 111.1 110.5 101.6 91 85.3 81.5 80.2 99.8 110.2 110 113 116.9 118.9 120.2 120.6 120.4 120.6 120.7 121.3 121.7 121.5 120.8 118.1 116 113.6 102 96.8 102.2 107.9 110.2 111.1 112.8 115.5 118.6 119.8 123 123.7 125 126.4 127.5 127.6 127.4 127.4 126.9 127.6 128.3 130.3 134.3 137.2
90.1 92.9 95 96 97.4 96.5 89.1 98.9 100.7 102.5 104.1 105.5 106.2 107.4 107.3 107.5 115.5 111.2 102.3 94.3 87.6 82.3 93.5 102.1 99.6 103.6 105.2 107.5 108.6 109.2 98.8 79.2 82.2 89.4 97.1 105.1 110.3 112.6 114.4 116 118.5 119.8 120.5 120.2 119 118 118.4 118.5 118.9 119.1 117.8 115.2 113.3 104.4 96.6 99.8 108.7 111 111.8 113.7 116.4 118.6 120.9 123.3 125 126.9 128.3 129.7 130 129.6 129.5 129.4 128.6 127.1 126.9 127.6 132.4 135.8
81.2 83.8 85.8 87.4 87.2 84.2 73 76.8 84.5 90.8 96.2 101.1 101.9 103.8 103.8 97 91.3 94.8 74.6 75.1 76.5 86.5 100.4 78.4 83.5 100.9 101.6 103.6 105 105.1 91.5 83.2 89.1 104.6 107.5 110.6 112.1 113.7 115.5 117.6 120.2 121.3 120.5 119.8 118.6 116.6 115.7 115.2 115.6 115.5 114.5 111.3 102.5 98.3 100.8 108.3 111.3 112.9 114.7 116.5 118.8 122 124.2 125.8 127.5 128.8 132 133.5 132.3 132.1 131.8 131.6 130.3 127.9 125.7 125.3 126.9 132.5
76.8 75.1 74.4 74.1 70.6 68.4 70.6 73.4 69.5 76.8 82.3 87.1 90.8 91.9 87.7 78.1 75 80.9 83.6 83.9 77.7 78.9 74.6 79.9 75 83.8 98.8 100.3 99.9 88.2 82.3 82.2 90 104.4 108 110.4 111.6 113 115.5 119.4 121 121.3 120.7 119.8 118.6 116.5 114.4 113.7 113.1 112.8 111.7 101.1 99.4 100.1 107.8 112.4 114 115.8 117.8 120.5 123.4 125.4 127.3 128.3 130.9 133 135.2 135.3 134.7 134.4 134.2 133.8 132.3 128.9 125.4 123.7 123.7 127.6
71.2 71 69.8 69.8 67.1 69.6 76.3 77.1 75.4 69.5 73.2 75.6 75.8 72.2 73.6 78.7 87.2 98.1 101.7 101 105.1 106.1 95.1 89.1 75.4 79.6 84.9 88.5 82.6 82.3 81.3 82.2 94.1 102.6 106.1 109.9 112.3 113.4 114.9 118.5 119.9 119.8 120.3 120.3 118.1 116 114.3 113.8 112.6 110.9 105.2 100.8 105.4 108.3 112.6 114.5 117 119.2 120.8 122.5 125.1 128.2 130.1 130.7 132.2 135 138.5 138 137.2 136.4 135.7 135.2 133.8 128.8 125.5 124.8 123.7 125.9
70.1 69.2 66.2 77 80.9 79.8 79.6 79.2 79.5 78.8 70.1 72 77.3 81 83.3 87 93.1 108.6 117.8 107.2 107.9 108.1 108.6 95.8 75.4 79.3 80.4 80.9 81.2 80.8 77.5 85.9 99.4 103.4 106 109.9 113.3 115 116.3 118.1 120.3 121 121 120.9 119.3 116.4 114.4 112.7 110.9 109.7 102.9 105.5 109.9 111.8 114.6 116.9 119.7 121.8 123.5 124.5 127 128.4 132.1 133.2 133.8 137.8 140.2 139.6 139.3 138.3 137.2 135.9 134.1 128.7 124.9 125.5 125.3 126
66.6 65.7 79.7 93.2 93.1 91 87.6 85.7 83.6 82.9 80.7 80.7 81.6 83.4 91.6 97 100.7 103.4 123.1 108.9 109.9 110.7 111.8 105.5 82.3 75.5 79.2 80.4 80.8 78.4 80.6 88.4 100.7 107.2 108.9 111.6 114 117.1 118.3 120.2 122 122.8 123 122.2 120.6 118.9 116.6 114.7 112.8 111.3 107.9 103.2 103.2 111.9 115.8 118.9 121.8 124 125 126.9 128.3 128.9 130.7 133.3 135.3 139.4 141 140.6 140.2 139.6 138.3 136.8 133.5 126.9 124.7 125.4 125.7 126.6
78.4 88.3 95.6 96.8 97.2 97.3 97.2 95.3 92.4 86.8 83.4 85.1 84.9 90.3 95.3 99.8 103.4 106.9 112.6 117.3 111.8 113.5 114.8 114.9 104.7 90.3 81.3 76.3 77.1 80.3 85.9 94.7 98.2 108.4 112 112.9 115.5 117.3 120.2 121.3 123.8 124.7 125.2 124.9 123.2 121.7 119.8 117.6 115.3 113.5 111.2 110.3 103.7 109 115.9 120.1 123 124.9 126.8 128 129.3 129.6 130.3 131.7 134.7 137.5 139.9 140.6 140.8 140.3 139.2 136.9 131.4 125.4 124.7 125.7 126.8 128.5
95.1 96.9 97.9 97.8 98.1 98.6 99 98 94.4 88.8 82.8 87.9 88.5 91.8 95.5 99.9 104.6 108.8 111.7 123.5 115.6 117.1 118.7 118.7 118 110.2 105.1 101 102 101.7 93.1 102.1 104.6 107.1 113.6 114.8 116.3 117.9 120.8 123.8 125.9 126.9 127.6 127.3 126.4 125.2 123.4 120.9 117.3 114.8 113.4 110.5 103.6 106.5 115.5 120.1 123.2 125.7 127.3 128.4 129.4 129.5 130 129.9 131 133.1 134.1 135.5 136.6 136.7 135.5 132.8 127.4 124.9 126.3 127.3 128.4 130.3
98 99.2 99.3 99 98.8 99.3 99.7 97.6 92.5 89.1 85.5 87.8 89.9 92.5 95.8 99.4 105.3 110.5 114.4 117.5 123.7 121.7 123 122.9 122.3 120.6 117.8 114.4 110.8 106.8 107.5 104.5 111.2 106.1 111 114.7 115.1 117.7 121.5 124.5 126.6 128.9 129.4 129.5 128.6 127.1 124.9 120.9 117.8 114.9 113.4 107.6 105.1 108.1 113.9 119.6 122.4 124.9 126.6 128.1 129.2 129.2 128.7 127.6 126.7 128.3 128.5 129.8 130.7 130.5 129.9 127.6 123.6 126.6 127.8 129.6 131.1 132.6
100.8 101.2 100.8 100.3 98.3 97.5 97.2 93.7 90.3 86.8 86.9 89.2 91.8 94.8 98.3 102.4 107.9 113 117.5 121.2 124.1 126.3 126.9 126.4 125.5 123.4 120.8 117.8 113.8 106.7 110.9 102.8 113.7 113.3 111.2 111 113.4 116.3 119.9 123 125.4 127.6 129.7 129.6 128.9 127.6 124.6 121.3 118 115.3 113.3 113.7 112.6 108 110.2 117.8 121.3 124 125.4 126.8 127.8 128.2 127.6 126.9 126.2 125.2 124.1 124.6 125.2 125.3 124.1 122.3 125.8 128.7 130.3 132 133.3 134.8
103 102.7 101.7 99.5 95.7 93.5 91.5 89 87.8 88.1 89.4 92 94.8 97.8 101.9 107.4 112.6 116.6 120.9 124.7 127.8 129 127.7 129.2 127.9 126 122.3 118.7 114 113.8 114.5 111.5 114.1 115.2 115.2 114.4 114.9 115.7 117.2 119.6 122 124.7 126.7 127.8 127.8 126.4 123.8 120.8 118.7 115.9 115.5 115.6 114.3 113 109.1 112.4 118.3 121.6 123.4 125 125.8 125.7 125.2 125.3 125.1 122.4 120.4 120.4 120.5 121.4 122.3 125.3 128.2 130.7 132.7 133.9 135 136.8
104.2 102.9 101.2 95.5 93.4 91.7 89.7 88.7 89.9 90.4 92.7 95.3 98.1 101.9 107 112.5 116.2 120.2 124.3 128.3 131 132 131.9 127.2 131 127.1 122.7 119.1 118.4 117.7 117.8 113.2 116.9 118.1 117.8 117.8 119.1 119.6 120.2 121 122.6 123.2 125.5 127.3 127.6 126.4 124.4 122.4 120.6 116 118.6 117.4 116.2 114.8 115.1 112.8 111.1 114.6 119.7 122.2 122.9 122.9 122.7 122.8 122 120.3 118.5 119.2 120.7 121.7 124.3 127.2 129.9 132.1 133.9 135.4 136.5 138.9
103.8 99.7 96.1 93 91.4 90.2 89.2 90.2 91.6 93.7 96.1 98.9 101.9 106.4 112.1 115.5 119.3 123.2 127.3 130.7 133.4 134.6 134.9 134 125.6 127 123 120.9 121 120.5 119.4 115.5 119.8 121.3 120.8 121.3 122.7 124 124.2 125.4 127 126 126.2 126.8 127.6 127.1 126.6 124.7 122.4 120.8 121.1 119.8 118.6 118.1 118.4 118.4 109.6 112.6 111.4 117.5 120.6 120.2 120 119.8 119.3 117.4 118.9 119.6 121.9 124.3 126.6 128.8 131 133.1 135 136.6 138.6 141
100.4 95.6 93.6 92.2 90.6 90.9 91 91.8 94.4 97.1 99.8 102.8 106.4 112 115.2 118.5 122.2 126 129.4 132.8 135.3 136.4 136.7 135.1 131.6 126.4 123.3 122.6 123.6 122.9 120.1 118.8 122.3 124.8 123.9 124.7 125.9 128 129.6 130.9 131.5 130.5 129 127.9 127.7 129 128.5 126.9 123.2 124.4 124.4 123.3 123.2 122.2 122 121.7 120.9 119.7 118.2 112.8 113.3 115.7 115.5 116.3 116.2 116.2 118.1 121.2 123.6 126 128.1 129.8 131.5 133.5 136 137.9 140 142
97 95.6 93.8 92.9 93.4 93.6 93.1 93.9 97.2 100.4 103 106.2 110.5 115 118.3 121.6 125.2 128.7 131.5 134.3 136.6 137.3 137.3 135.4 131.7 127.1 127 126.7 125.8 124.3 121.6 121.8 122.8 126.8 126.4 126.8 129.7 132.1 134.1 135.8 136.3 136 134.6 132.6 129.9 129.1 129.5 128.3 123.5 127.8 128.3 126.8 126.6 127 127.9 125.9 124.2 122.1 121.3 117.4 115.1 113.8 114.6 115.1 115.8 116.8 118.8 121.9 125 127.4 129.4 131.2 133 134.5 136.6 138.7 140.5 142.2
