WholeMapElevations/data/tv/tv59_OST50GRID_20230518/TV59.asc
ncols 200
nrows 200
xllcorner 550000
yllcorner 90000
cellsize 50
[rows 0 to 37 of 200, columns 0 to 83 of 200]
47.5 48.8 49.9 51.2 52.1 52.3 52.5 53.5 54.3 55.3 56.6 57.8 58.5 58.5 57.4 56.1 53.5 49.2 42.5 34.2 22.4 11.3 -2.2 3.6 1.3 1.4 1.5 1.4 1.5 1.8 1.3 1.5 1.7 1.3 1.3 1.3 2.1 2.5 2.3 2.4 2.5 2.6 2 1.9 12.1 18.7 27.2 34 39.5 45 48.5 50.5 51.2 52.7 53.9 57.7 64.4 66.2 67.6 69.2 70 70 70 69.7 69.6 69.2 68.5 68.1 67.9 66.9 68.6 71.5 77 81.7 85.9 89 91.9 93.4 95.5 96.1 95.8 95.9 95.2 92.7
46.8 48.3 48.9 50 50.3 50.4 51.2 52.2 53.1 54.4 55.8 56.9 57.8 57.8 57.5 56.3 54.5 50.4 43.3 33.7 20.7 -2.2 -2.2 1.6 1.5 1.4 1.6 1.6 1.3 1.3 1.9 1.3 2.3 1.3 1.7 1.8 1.8 2.3 2.1 2.1 2.1 2.2 1.8 2.1 1.7 9.6 19.1 25.4 32 36.4 39.9 41.8 42.4 43.8 46.1 52.1 58.9 61.5 61 62.3 61.6 61.2 61.4 61.5 62.1 62 61.7 61.7 61.5 62.1 65.8 75 81.8 85.5 88.6 91.6 93.2 94.8 96 94.8 93.4 92.6 90.2 85.5
46 47.4 47.8 48 48.5 49.3 50.2 51.1 52.4 53.7 55.2 56.4 57.1 57.3 57.1 55.9 54.3 49.9 42.5 30.7 16.1 -2.2 -2.2 1.3 1.3 1.3 1.7 1.8 1.3 1.7 1.3 1.3 1.5 1.3 1.7 2.4 2.3 2.2 1.9 2.1 2.2 2.2 3.2 2.9 2.2 1.6 9.7 18.1 25 29.9 32.4 34.1 34.9 37.1 41.3 49 54.2 54.6 54.2 54 54 53.7 53.9 54.1 55.3 55.3 55.6 56.1 56.9 64.4 71.8 77.8 85.2 88.7 90.7 92.8 94.3 95.4 93.8 91.4 87.5 84.7 82 77.6
45.1 46.1 46.4 46.6 47.3 48.6 49.3 50.7 52 53.3 54.6 55.7 56.5 56.6 56.2 55 53.4 49.3 41.6 27.8 14 -2.2 -2.2 -2.2 1.3 1.2 1.5 1.7 1.3 1.3 1.3 1.8 1.7 1.3 2.2 2.4 2.6 3.2 2.5 2.9 4.7 6.8 8.5 6.9 2.9 1.4 6.8 13.5 18.5 22.9 25.9 26.9 28.8 33.6 41.8 48.7 50 49.1 47.7 47.4 46.2 46 46.8 47.8 49 49 49.4 53.3 63.4 72.3 77.3 81.8 85.7 89.2 91.3 93.6 94 93.3 90.2 85.7 80 73.7 71.3 66.5
44.2 44.6 44.8 45.1 46 47.3 48.4 50.2 51.4 52.6 53.9 55 55.8 55.9 55.4 54.4 52.7 48.3 41.8 29.6 15.3 2.9 -2.2 -2.2 1.3 1.3 1.2 1.3 3.2 3.2 1.3 1.5 1.5 2.9 5.4 7.1 8 8.6 8.7 9.5 12.9 15.5 18 15.8 6.6 2 3.5 9.5 14.1 18.1 20.4 21.9 27.1 35.7 42.6 46 45.9 43.3 41.9 40.5 39.6 39.3 40.2 41.2 43.9 44.5 48.3 60 70.3 76.3 81.6 84.9 87.1 89.4 91.6 91.5 90.4 89.1 85.1 78.1 70 63 61.8 57.4
42.8 43 43.3 43.9 45.4 46.5 47.6 49.3 50.6 51.9 53.4 54.3 55.1 55.1 54.7 53.4 51.3 48.1 42.3 33 19.9 5.1 -2.2 1.4 1.4 3.2 1.3 3 3.1 3.2 1.3 1.3 1.3 3.1 5.1 8.4 12.4 17 22 24.2 26.4 30 30 24.4 12.5 3.1 1.2 5.5 9.9 13.1 15.1 20.8 29 35.1 41 41.9 41.8 39.5 35.8 34.3 33.6 34.8 36.5 38.7 42.6 49.7 59.3 66.9 72.8 78.1 80.4 83.7 86.6 89 88.7 87.8 86.9 84.4 76.7 66.8 59.2 53.2 52.7 50.2
41.1 41.8 42.8 43.5 45.1 46.2 47.2 48.5 50.3 51.6 52.9 53.6 54.6 54.4 53.6 52.3 49.5 46.6 41.8 34.3 23.8 -2.2 -2.2 2.3 1.3 3.2 2.8 2.4 2.7 3 1.3 1.3 1.4 1.7 4.2 6.7 11.1 16.6 22.8 30.3 35.7 38.4 37 32 21 8 2.6 3.9 6.7 9.1 13.9 21.6 27.7 33.7 37.6 38.4 36.6 34.5 31.7 30 30.8 34.8 40.1 47.8 52.5 58.1 61.9 66.2 71.6 77.3 79.6 82.9 85.2 85.8 86.8 87.5 84.9 77.9 68.4 55.4 47.3 45.1 45.2 46.8
40 42 43.1 43.7 45 46.5 47.8 48.5 50.3 51.6 52.3 53.1 53.9 53.3 52.4 50.5 48 44.8 40.8 35.2 27.6 23 -2.2 -2.2 1.3 2.9 2.6 2.6 2.9 3.1 1.3 1.3 1.6 1.7 2.8 5.1 7.7 11.9 17.7 25.4 33.6 39.8 40.6 37.7 30.6 17.8 4.5 3.7 4.4 6.7 10.6 16.6 25.1 30.3 33.1 34.3 31.5 27.1 25.7 29.6 37.5 41.4 45.5 49.3 53 57.5 60.4 64.3 67.6 71.5 77.1 81.1 82.7 83.8 85.5 84.5 80.3 73.2 61.9 47.9 41 42.7 47.2 50.9
40.6 42.6 42.9 44.3 46 47 47.7 49.3 50.4 51.1 51.8 52.6 52.8 52.3 51 48.8 46.4 43 38.4 34.9 30.7 26.7 17 -2.2 -2.2 2.4 2.4 2.8 3.2 2.6 2.7 2.6 1.3 2 1.4 3 4.6 8 12.4 18.1 25.3 34.1 41.8 42.4 36.2 28.8 19.6 5 4.6 5.4 10.2 15.2 23.3 26.3 29.6 28.8 25.9 22.5 26.9 33.9 38.2 41.8 44.7 47 49.9 52.8 56.2 59.3 61.6 65.4 69.2 73.2 77.2 80.6 81.3 80.4 74.5 67.9 59.2 44.9 39.2 46.3 50.7 54.6
41.3 42.2 43.9 44.6 45.5 46.5 47.4 49 50 50.7 51.3 51.4 51.3 50.3 48.9 46.9 44 40.8 37.4 33.8 30 26.5 21.2 15.7 -2.2 3.2 3 1.3 2.7 2.3 2.7 2.6 2.5 2.4 1.3 1.5 4.3 5.3 7.8 12.3 18 27.2 37.3 43.6 40.4 32.8 24.5 15.8 5.1 6 9 14 21 24.5 26.3 24.4 21.1 22.3 28.3 32.1 35.3 38.7 40.9 42.9 45.7 48.6 51.4 54 56.7 59.3 62.3 66.6 70.3 74.1 75.3 73.2 69.8 64.1 56.7 43.2 38.4 45.9 50.3 55.9
39.8 41.8 43 45.2 45.1 46.2 47.2 47.6 49.1 49.8 50 49.7 49.7 48.5 46.9 44.6 41.2 37.9 34.5 30.6 27.3 24.5 20.1 14.9 -2.2 -2.2 1.3 1.3 2.7 2.6 2.5 2.4 2.4 2.5 1.3 1.9 1.9 3.6 4.6 7.8 12.6 20.5 32.1 41.1 42.3 35.9 27.1 19.4 9.3 5.9 7.2 12.7 18.6 21.1 21.9 19.6 17.8 21.8 27.3 29.6 31.8 33.8 36.1 38.7 40.7 43.1 45 47.3 49.9 52.4 55.8 59.6 62.8 65.7 67 66.3 64.5 59.5 53.3 42.9 36.8 43.9 49.8 54.6
39.2 41.5 42.8 44 44.5 45.7 46.2 47.1 47.1 47.6 48.1 48.3 48 46.6 44.6 41.8 38.8 35.1 31.1 27.1 23.4 20.5 16.7 13.3 8.2 -2.2 -2.2 -2.2 2.6 2.5 2.4 2.4 2.6 3.5 1.9 1.9 2.6 2.6 2.1 4 8 14.2 24.6 36.1 42.8 37.1 28.5 20 12 6.1 6.7 10.7 15.2 17 17.3 15.5 16.4 20.5 23.1 24.9 26 27.5 30.9 33.6 35.5 36.9 38.6 40.7 43 45.5 49.1 52.7 55.6 58.5 60.4 60.4 58.5 55.1 50.6 39.9 35.7 42.8 48.4 51.5
38.7 40.2 41.5 42.8 43.2 44.2 44.4 45.6 45.3 46.6 46.9 46.7 45.9 44.3 42.5 39.9 37.3 33.8 29.6 26.6 23.4 22.1 20 17.8 14.8 10.7 5.3 -2.2 -2.2 2.5 2.6 3.9 3 1.9 2 3 2.6 2.6 2.6 2.3 3.6 9.9 18.7 31.7 41.3 40.7 33.4 22.8 14.7 8.9 6.1 7.7 11.5 12.7 12.8 12.8 14.7 16.6 18.6 20 21.1 22.3 25.5 28.3 29.5 30.5 32.6 33.2 34.8 37.4 41 44.5 48.1 51.4 53.7 54.6 53.2 50.6 45.6 37.1 34.7 41.8 45.8 47.9
38.7 38.5 39.6 40.3 41.5 43.1 43.5 44 45.1 45.6 45.5 45.2 44.1 42.9 40.7 38.2 35.5 32 28.8 26.1 23.6 22.5 21.5 19.7 17.7 14.8 11.9 8.2 -2.2 3.8 1.9 3 3 2.8 1.9 2.7 2.6 2.4 2.4 2.6 2.4 5.4 14.3 29.6 41.4 44.2 40.1 35.9 30.2 16.5 10.1 7.8 8.6 8.9 9.9 11.1 12.4 12.4 14.7 16.1 16.9 17.6 20.1 21.8 22.9 24.1 24.9 25.9 26.7 29.4 32.7 36.3 40.6 44.6 46.8 48.7 48.8 46.2 42.3 35.9 33.7 38.9 40.4 41.6
36.6 37.6 38.8 39.2 40.5 41.5 42.1 43.4 43.9 44.3 44.1 43.7 43 41 38.9 36.8 34.1 31.3 28.2 25.4 23 22 21.3 20.3 18.9 16.6 13.3 9.4 -2.2 -2.2 2.6 2.7 3.2 2.9 2.5 2.6 2.5 2.4 2.5 2.6 1.9 2 12.4 28 44.3 50.4 50.3 46.5 41.7 28.2 16.2 10.7 9.2 9 9.3 10.1 10.9 11.3 11.9 12.4 13.2 14.1 15.3 16.5 17.1 17.6 18.2 19.2 19.8 22 25.1 28.7 32.9 38 41 43.9 44.3 42.4 37.9 32.4 32.1 34.6 36.4 39.3
36.6 31.2 37.5 38.1 38.8 40 40.6 41.8 42.4 42.8 42.8 38.3 41.4 39.6 37.7 35.5 32.9 30.2 27.2 24.4 21.9 20.3 20.6 20.2 18.8 16.8 13.8 9.3 -2.2 -2.2 2.7 2.8 3.3 3.1 2.9 1.9 2.6 2.6 2.6 2.5 2.6 2.1 11.5 27.3 46 56.2 58.2 55.8 50 42.1 26.2 18 14.1 12.6 12.6 11.9 13 14 14.8 14 13 12.7 13.1 13.4 14 15.2 16.3 17.7 18.4 19.4 21 23.4 26.1 31.3 35.9 38.9 40.6 38.9 35.2 30.4 32.6 37.2 43.5 48.8
36.1 35.6 36.5 36.3 37 39.8 39.9 40.4 40.6 41.2 41.7 41.6 40.3 38.5 36.5 34.1 31.7 29 25.5 22.4 19.6 18.8 19.4 19.4 18.4 16.4 13.1 9.3 5.6 -2.2 2.7 2.9 2 3.1 2.8 1.9 1.9 1.9 1.9 1.9 2.5 2.1 12 30.2 47.5 58.1 62.2 61.5 58 50.6 42.7 32.9 24.2 21.2 21.2 21.8 23.4 24.8 24.8 25.2 22.2 19.7 18.1 16.7 16 16.1 17.3 16.9 17.2 17.8 18.2 19.6 22.8 26.7 31.3 34.8 36.7 35.4 31.8 28.7 34.6 42.4 47.2 51.2
33.3 33.9 34.7 35.4 35.9 36.6 38.1 39.5 39.7 40.3 40.7 40.5 39.4 37.8 36 34.1 31.6 28.6 25.3 22 19.1 17.2 17.3 17.9 16.8 15.2 12.5 9.3 7 -2.2 -2.2 2.5 3.2 3.1 2.7 2.7 2.6 2.5 2.7 2.5 2.6 2 15.9 34.4 48.9 57.6 62.6 64 63 57.3 53.8 50 45.3 40.9 36.4 37.9 41.7 43.6 44.6 44 39.5 35.1 31.6 27.3 23.5 22.5 23.3 22.1 21.7 21.6 20.3 19.8 20.4 22.3 26.7 30.9 33.1 31.7 28.6 29.7 37.2 42.2 45.9 49.5
31.7 32.3 32.9 34.2 34.9 35.1 36.4 37.5 38.6 39.1 39.3 39.1 38.5 37.1 35.4 33.7 32 29.1 25.9 22.9 20 17.2 15.4 14.3 13.5 12.1 11.2 9.2 6.9 -2.2 -2.2 2.9 2.8 2.9 2.7 1.9 1.9 1.9 2.7 2.8 1.9 9.8 24.3 36.8 46.7 54.8 60.2 63.8 65.3 64.6 63.2 58.6 56.4 54.1 52.6 53 53.1 53 52.8 52.1 51.1 48.6 47.1 45.4 44.7 41.2 36.8 32.2 29.2 28.2 25.6 21.1 20.4 21.6 23.7 26.3 27.7 27.8 27.5 29.9 37.2 38.7 41.1 45.1
29.9 30.5 31.7 32.7 32.9 34 35.7 36.9 37.6 37.7 37.7 37.5 37.2 35.8 34.5 32.9 31.2 28.8 26.1 23.3 21 18.5 16 13.2 10.5 8.6 7.9 7.4 5.8 3 -2.2 3 2.3 1.9 2 2.6 2.5 2.5 1.9 1.9 2.5 15.7 26.1 34 40.2 50.1 57.3 63.2 66 66.7 66.2 64.8 62.7 60.7 59.5 57.8 56.8 55.6 54.3 53.8 53.8 54.8 54.9 54.7 54.9 52.3 49.3 47.1 43.6 38.7 33.1 28.1 23.2 21 21.8 23.2 24.8 25 25.7 28.8 33.5 36 38.2 40.9
28.4 29.1 30.1 30.8 31.5 33.4 34.8 35.5 35.7 36.3 36.1 35.9 35.5 34.6 33.3 32 30.3 28.3 25.7 22.9 20.9 19 17.2 14.9 12 8.1 5.1 2.3 3.2 1.7 -2.2 -2.2 1.9 2.6 2.7 2.6 2.5 2.4 2.4 2.6 2.9 13.2 17.3 25.3 35.9 48 57.2 62.8 65.4 66.2 64.7 62.8 61.3 59.9 57.9 56.2 54.4 52.7 51.2 50.1 50.2 51.2 55 59.8 61.4 61.8 59.6 58.5 55.8 51 43.4 36.5 30.2 25.6 21.4 21.5 22.5 23.1 23.7 25.3 27.9 31.6 34.7 37.6
26.7 27.4 28.5 29.5 30.7 32.3 33.4 34.7 34.9 35.2 34.7 34.3 33.7 32.8 31.8 30.4 28.4 26.5 23.5 20.9 19.1 17.6 16 14.5 12.6 9.4 5.8 3.9 2.3 2.3 -2.2 -2.2 1.9 1.9 2.8 2.7 2.5 2.4 2.3 2.6 3 10.3 21.1 31.9 42.5 51.9 58.6 62.5 62.7 62 59.9 57.8 55.7 53.8 52.4 51.1 49.1 47 45.1 43.9 43.1 44.6 49.9 57.3 63.5 66.7 68 67.4 65.2 62.2 55.4 48.2 41.1 34.3 29.3 24 21.1 22.3 23.1 23.4 25.5 27 30.5 34.6
24.7 25.4 27 28.6 29.9 31.6 33 33.1 34.2 34.1 33.7 33.7 32.9 31.2 29.6 28 26.1 24.2 21.5 19.1 17.1 14.6 12.9 11.4 10.3 7.6 5.7 5.2 2.5 2.1 2.1 -2.2 -2.2 1.9 1.9 1.9 2.7 2.5 2.5 3.2 8 17.2 30.3 40 48.1 54.3 57.7 58.5 57.7 55.7 53.1 50.6 48.5 47.3 46.2 45.1 43.5 41.4 38.7 36.2 36 37.5 40.8 52.8 62.7 68.9 73.2 73.8 73.3 70.1 66.7 60.8 54.6 46.2 38.8 32.4 27.9 28.3 28 25.1 24.4 26.2 27.9 30.7
23.1 24.6 26.2 27.9 30.2 30.9 31.8 31.3 32.8 33.5 33.5 33.6 32.5 31.5 30.1 28 26.1 24.1 22 19.6 17.8 15.1 11.1 8.4 4.8 4.9 3.8 2.1 2.1 2 2.2 -2.2 -2.2 2.7 2.5 1.9 1.9 2.7 2.8 5.3 11.3 26.7 37.1 44.7 50.6 53.5 53.6 52 50.2 48.1 45.9 43.5 42 41 40.5 39.3 37.7 35.5 32.4 33.5 37.2 40.4 39.9 44.6 58.9 67.2 73.5 78.3 79.9 79.3 76.5 72 66.8 60.9 54.2 47.9 43.1 40.8 38.3 33.4 28.4 25.3 27.1 28.5
23.9 24.4 25.8 27.8 29.2 30.5 31.4 31.1 32.1 33 33.3 33.5 33.1 32.3 31.7 29.9 28.7 28.1 26.6 23.9 20.9 18.5 14.6 9.3 5.5 3.1 1.7 2.3 2.1 1.9 1.5 1.3 -2.2 2.6 2.6 2.4 1.9 1.9 5 11 23.3 33.9 41.7 46.1 48.2 47.9 46.1 44.2 42.4 40.6 38.9 36.9 35.5 35.3 34.6 33.6 32 29.8 31.1 36.5 42.2 46.5 44.8 42.8 48.5 58.7 68.2 77.6 83 85.1 84.6 82.9 78.8 74.4 69.3 65.4 59.9 55.8 50.8 42.5 35.2 29.1 26.1 28
22.7 24.3 26 27.5 28.8 29.7 30.4 30.5 30.3 31.1 33.5 33.6 34.8 35 34.8 33.5 33.2 33.1 31 28.5 25.5 21.6 17.2 11.3 7.4 1.8 1.7 1.9 2.1 1.5 2.1 2 -2.2 -2.2 2.7 2.4 1.9 3.6 18.5 26.4 32.3 37.8 41.4 42.8 42.2 40.8 38.5 36.3 34.5 32.9 31.5 29.9 28.4 28.5 28.6 27.6 27.2 27.8 32.9 41 47 51.7 51.7 47.3 46.2 48.3 58.3 73.1 81.9 86.6 88.6 88.9 87.5 85.9 81.9 78.3 74.5 70.2 61.9 53 41.5 33.1 28.8 26.8
21.9 23.1 24.7 26 27 27.7 28.1 29.6 31.3 32.4 33 33.9 35.7 36.9 39.4 38.6 39 37.5 35.4 31.6 27.1 22.9 17.7 11.7 3 2.3 2.2 2.3 2.2 2 2.2 2.3 -2.2 -2.2 2.6 1.9 1.9 17.5 25.7 31.7 34.7 36.4 37 36.8 35.2 33.4 31 28.7 26.6 25.1 23.7 22.3 21.5 22 23 23.8 25.7 29.1 34.2 43.7 51.2 56.4 58.1 54.8 51.6 49.5 51.8 67.6 79.2 85.5 89.2 91.1 92.4 91.6 90.8 89.3 85.6 81.6 74.7 64.5 50.8 39.7 33.2 28.7
19.9 21.5 23.2 24.4 25.3 27.2 28.6 29.1 30.9 32.2 34.1 36.1 40.5 37.9 43 41.5 40 38.9 36.8 32.8 27.3 21.4 16.7 11.3 1.6 1.3 2.3 2.3 2.1 2.5 2.2 2.4 3.8 -2.2 2 1.9 1.9 18.6 26.2 29.8 30.4 30.6 30.3 29.8 28.4 25.8 23.3 20.9 18.6 17.4 16.7 17.7 18.9 20.4 23.9 28.4 32.2 35.7 37.1 43.8 53 60.1 63.9 63.8 60.7 53.8 52.7 65.5 75.1 82.4 87.3 90.4 92.9 94 94.4 93.9 93.6 90.8 86.7 80.6 64.3 50.4 40.4 34.4
20.5 21.7 23.8 25.7 25.3 26.7 28.4 29.7 31.2 32.5 34.4 37.8 42.9 45.8 44.4 41.3 39.4 37.1 34.8 29.9 23.7 18 13.6 3.5 1.5 1.4 1.3 1.3 1.3 2.9 2.3 2.3 2 -2.2 -2.2 1.9 1.9 16 21.8 23.4 23.5 23.7 23.6 22.9 21.6 17.9 14.8 12.5 13.3 14.6 16.3 19.2 22 23.8 29.9 36.5 41.6 44.5 42.4 44.4 54.9 63.2 68.4 70.8 67.9 60 55.1 62.2 69.2 76.8 82.3 86.2 88.8 90.6 93.1 94.5 95.5 96 94.7 90.3 77.9 64 49.3 41
22.9 23.8 25.5 27.3 28.4 29.2 30.6 32 32.9 33.8 35.5 38.7 43.9 46.7 45 42.4 40 37.1 32.2 25.2 18.6 11.7 6.5 1.8 1.8 1.6 1.5 1.3 1.3 1.3 1.3 1.3 1.3 -2.2 -2.2 1.9 1.6 13 15.7 15.4 15.6 16.3 16.5 16.2 14.4 10.5 9.9 12 16.4 21.2 24.6 27.9 29.5 28.2 34.4 41.1 47.2 50.9 49.6 46.9 56.9 66.3 73.1 76.9 74.9 65.7 57.9 58.9 63.5 70.1 74.8 77.6 79.7 83.3 88.1 92.2 96.1 98.8 99.1 96.9 90.4 78.7 62.5 51.1
26.6 27.5 27.3 29.5 30.9 31.8 33.9 34.3 35.3 36.3 37.7 39.4 42.6 45.7 44.8 42.1 38.7 35.9 31.3 23.7 15 7.7 5.3 1.7 1.4 1.3 1.3 1.3 1.3 1.3 1.3 1.6 2.9 3 -2.2 1.6 1.6 8 8.6 8.3 7.6 8.6 9.6 9.8 6.8 7.1 12.7 18.7 24.6 29.2 33.6 37 38.6 34.1 36.7 44.2 50.7 55.9 57.3 52.1 55.6 67 75.6 81.1 81.4 76.4 67.1 62.3 62.8 64.6 67.9 70.3 74.5 82.3 90.1 95.3 98.6 100.6 102.1 101.2 97.3 90.9 80.1 70.4
30.5 31 32.9 33.8 35 36.3 37.4 38.6 39.1 39.9 40.7 41.5 43.2 43.4 41.2 38.5 35.5 33 29.1 22.9 14.1 6.6 1.9 1.6 1.4 1.9 1.3 1.3 1.3 1.3 1.3 1.4 2.9 3.5 -2.2 2.7 3.3 3 3.4 2.8 2.4 2.8 2.8 2 5 9.9 16.6 22.7 29 35.1 40.3 44.9 46.6 41.8 39.5 46.6 53.9 59.9 64.5 63.2 58.5 63.1 73.7 82.2 86.8 86.4 81.9 75 73.5 72.7 74.3 77.3 79.4 85 91.4 97.5 100.9 102.7 103.8 104.6 103.1 99.7 95.6 87.5
34.7 36.3 38 38.3 39.6 41.3 42.5 42.7 43.3 43.7 44.8 45 44.2 42.7 38.4 33.6 29.1 26.3 23.9 19.3 12.2 5.5 1.5 2.1 1.4 1.4 1.3 1.3 1.3 1.3 1.3 1.5 3 -2.2 -2.2 2.7 3.1 3.3 3.3 3.3 2.8 6.5 8.5 7.8 8.2 11.9 17.1 24.4 31.2 36.8 42.9 49.3 53.5 51.7 44 48.6 57 64.2 71.2 73.6 69.9 67.7 76 86.2 89 87.8 90.6 89.4 88.5 87.9 87.3 89.6 88.3 90.9 96 99 102.1 104.1 105.1 105.9 105.5 106.1 103.7 100.8
38.8 40.6 42.3 43.2 44.6 46.3 47.8 48.3 49 49.5 49.3 48.7 47.5 43.9 38.8 32.8 27.9 22.8 17.6 12.7 7.3 2.8 1.7 2 1.4 1.3 1.3 1.3 1.5 1.5 1.5 2.1 -2.2 -2.2 2.4 3 2.6 2.5 3 10.6 15.2 20.9 23.6 21.7 20.6 17.8 18.5 23.6 29.9 36.2 43.1 50.4 56.9 59 53.4 51.4 59.4 69.2 76.5 80.8 80.9 79.9 84.7 87.5 92.1 93.7 94.4 94.4 95.1 95.6 96.2 96.5 96.2 95.6 99.4 102 103.4 104.6 105.9 107.2 107.1 107.2 107.9 107.9
42.4 44.6 47.1 48.1 49.3 51.4 53 54 54.7 54.6 53.9 52.8 50.9 47.6 42.8 37.8 31.8 25.1 18.3 11.3 5.7 2.3 2.5 1.5 1.3 1.2 1.3 1.4 1.8 1.6 1.3 1.3 -2.2 -2.2 1.9 2.8 2.8 9.5 16.2 22.4 27.6 33.7 36.6 37.8 38.3 32.3 21.8 23.7 28.3 34.6 43.9 54.7 61.1 65.8 65.5 59.1 63 73.7 81.6 87.2 87.9 88.5 89.5 92 94.9 96 96.8 97.4 98.1 98.6 99.4 100 100.8 100.3 101.6 103.3 104.5 105.4 106.2 107.6 108.1 107 108.9 109.6
46.7 49.9 52.8 54.3 55.8 57.5 57.9 59.1 60.2 59.3 58.6 57.5 55.7 52.7 48.5 43.2 36.7 29.2 20.3 12.8 7.5 3.6 2.4 1.9 1.4 1.3 1.3 1.3 1.3 1.4 1.3 -2.2 -2.2 2.8 2.7 2.9 4.9 11.7 19.1 26.3 32.9 38.7 41.7 43.9 45.6 44.6 34.6 28.9 31.1 37.1 50 60.9 69.3 73.3 74.7 70.7 73 77.3 85.9 90.2 91.8 93.1 94.4 95.5 97 97.8 98.4 98.9 99.8 100.5 101.1 101.7 102.1 102.4 102.9 103.9 105.1 106.1 107 107.6 108.6 108.9 109.4 109.9
54.6 57.4 60.1 61 62.6 64.2 64.8 64.1 65 64.1 63.2 62.1 60.7 57.8 53.5 48.1 41.4 31.6 21.5 15.3 10.1 6.2 2.8 1.6 1.3 1.9 1.4 1.3 1.3 1.3 1.5 -2.2 -2.2 2.9 2.7 2.5 2.5 9.8 17.9 25.3 32.1 37.4 41.3 44.7 48.3 50.7 49.5 42.8 37.6 43.2 56.5 67.4 76 80.2 82.1 80.5 82.8 84.5 89.9 92.4 94 95.3 96.5 97.3 98.3 99 99.8 100.4 100.7 101.1 102 102.6 103.1 103.3 103.7 104.2 105.3 106.4 107.5 107.7 108.4 108.9 109.1 109.3
63.2 65.1 67.1 68 68.9 69.3 69.1 67.3 68.8 68.3 67.5 66 64.6 61.9 57.8 52.8 44.8 34.8 27.4 19.3 13.9 8.7 4.2 2.4 1.6 1.4 1.3 1.3 1.3 1.4 1.4 -2.2 3.2 2.7 2.6 2.4 2.3 6.6 13.7 20.8 26.5 31.5 36 40.4 45.9 51.9 56.5 59.1 59.9 58.5 62 74.7 81.5 85.7 87.9 88.1 90.4 91.6 92.4 94.8 95.9 97 98.1 98.9 99.2 99.7 100.2 100.6 100.7 101.1 101.9 102.6 103.2 103.7 103.8 104.3 105.2 106.3 107.3 107.7 107.6 108.4 108.2 108
