WholeMapElevations/data/nc/nc70_OST50GRID_20230518/NC70.asc
ncols 200
nrows 200
xllcorner 270000
yllcorner 900000
cellsize 50
[rows 0 to 34 of 200, columns 79 to 157 of 200]
244.8 238.6 232.4 225 217.8 214.2 211.7 211.7 211.7 211.7 211.7 212.7 213.6 213.1 212.9 213.1 215 217.3 217.4 218.4 219.1 221.2 223 223.6 224.7 227.2 229.6 230.6 230.5 230.3 229.2 228.3 226.6 225.1 223.1 219.4 216.6 214.8 211.6 205.9 200.9 198.8 195.6 197.2 200.8 200.8 196.8 194.5 191.1 189.4 187.1 181 174.3 167.3 167.7 163.8 164.4 163 161.8 156.5 154.3 154.2 148.7 145.6 144.2 141.7 140.5 136.1 134.1 132.2 131.2 128.1 129.1 126.7 126.9 127.8 125.7 121.3 118.3
244.3 236.2 229.4 222.9 217.7 214.2 212.3 212.2 213.9 214.4 214.3 215.4 217.1 217.5 218.1 218.2 218.1 217.7 217 216.3 215.1 216.2 217.1 216.8 216.4 217.2 217.8 219.2 219 217.2 216.6 216 214.3 211.7 206 200.5 197.1 194.9 191.3 186.2 181.3 178.5 177.4 178 182.7 179.7 174.5 175.6 174.2 170.3 167.1 160 156.2 150.4 148.8 148.4 150.5 150.1 146.7 145.2 143.8 144.2 144 138.1 136.4 136.8 133.7 133.1 131.5 129.8 129.1 126.1 125 123.7 124.1 122.5 120.3 118.1 115.7
242.9 233.8 225.3 218.8 213.7 213.1 213.3 214.7 216.6 217.9 218.7 219.2 220 220.2 221.3 221.4 221.3 220.5 219.6 218.6 213.6 210.6 210 210 210.3 209.6 208.4 207.7 206.1 204.3 202.6 201.3 200.2 197 190.3 183.4 179.9 176.7 171.6 166.2 162 160 157.1 156.6 156.6 155.5 154 153.4 153.1 148.9 146.8 144.3 139.8 138.4 134.6 136.1 137.9 135 135.6 133.2 130 132.9 131.1 127.3 127.7 128 128.9 126.5 126.8 127.8 122.5 123 122.9 121.2 120.2 119.3 117.1 115.6 113.3
232.2 227.5 222 216.8 212.2 212 214.8 216.9 219.2 223 225.1 225.8 225.2 224.1 224.4 224.6 224.9 224.5 224.9 222 218.9 214.8 210.8 204.1 198.3 197.8 200 198.7 196.2 193.8 190.7 187.8 184 180.8 174 167.9 163.1 158.6 152.7 147 143.5 141.5 139 132.7 132.1 132.8 131.8 130.1 130.8 128.8 125.8 124.8 122.2 120.2 121.3 120.9 121.7 119.8 119.5 119.2 116.2 115.4 118.2 116.8 116.8 117.9 118.8 117.4 116.3 117 117 117.6 118.2 117.7 114.4 113.6 112.3 110 107.1
220.7 217.2 216.4 212.3 208.8 212.8 216.1 218.5 221.3 225.3 227.9 230.4 231.7 230.5 228.5 227.5 228.1 228.8 228.9 228.2 226.8 224.2 221.2 216.4 212.5 206.8 201.5 195.3 185.6 176 179.7 175.9 171.5 166.2 158.4 152.3 147.2 141.2 132.8 127.8 123.1 119.4 116.3 114.5 113 115.7 111.9 112.5 112.5 105.9 104.6 104.6 105.5 103.7 106.2 106.2 107.3 102.7 104 105.1 103.1 104.5 104.5 105.3 102.2 103.5 105.7 104.9 104.7 104.4 104.1 106.7 105.4 105.8 104.6 106.8 104.9 102.4 99.1
214.7 216.2 212.8 209 206 208.3 212.5 216.1 219.4 223.7 228.1 230.5 233.2 234 232.6 231.8 233.6 234.2 234.6 234.3 233.1 230.8 228.9 226 220.8 214 208.1 201.5 194 178 154.4 167.1 162.9 154.3 147 141.2 132.8 126.2 119.6 113.8 109.5 106.7 103.9 102.8 100.4 97.9 93.8 93.3 94 86.4 87.7 88.6 90.6 92.5 95.7 97.5 93.3 92.4 90.3 91.6 89.1 89.7 89.8 88.8 88.6 89.4 89.8 90.7 89.1 89.7 91.5 90.9 90.2 91.3 92 93.7 93.2 91.5 88.2
212.2 207.7 204.8 203.2 199 202.3 205.6 209.9 213.1 218.9 224.2 227.9 229.8 231.7 233.2 233.3 235.2 237.2 238.3 238.3 237.1 234.6 231.2 229.7 226.3 220.7 217.2 209.7 200.3 186.5 161.9 144.9 151.4 146.5 138 130.9 124.4 116.7 108.7 103 98.3 95 94.5 92.8 89.8 88.1 87.3 87.2 85.9 84.7 84.3 82.7 83.5 84.5 85.7 89.3 87.7 85.8 83.1 82.7 82.4 82.2 81.8 81.1 80.7 79.8 79.5 79.4 78 77.8 80.7 79.6 80.2 80.8 81.5 82.3 82.1 81.7 80.7
211.8 206.5 200.7 196.7 196.2 197.9 198.9 200.9 204.7 210.6 215.8 221.1 224.5 226.8 229.2 232.5 235.3 236.5 237.1 237.1 238.1 236.9 233.8 228.9 224.5 218.8 213.6 207.9 200.2 189.9 176.7 162 143.8 133.9 124.5 121.9 117.8 109.3 101.2 96.3 92.5 90.4 89.3 88.9 88.1 87.8 87.1 86.9 85 84.3 83.2 83.1 82.3 82.2 82.1 82.1 83.3 82.7 82.9 83.9 82.7 81.6 81.3 80.8 80.1 79.2 78.1 77.1 76.9 77.5 76.4 75.2 75.4 75.8 75.4 74.5 73.8 73.9 75.1
206.2 203 197.1 195 194.2 196.7 198.1 199 199.2 201.5 205.8 210.9 215.4 218.1 221.1 226.2 230.9 232.7 233.1 232.9 233 233.9 232.7 227.1 221.5 217.7 213 206.1 198.3 189.2 178.4 166.4 156.5 140.2 127.6 115.7 106.3 101 98.3 92.6 90.6 89 87.6 87.2 86.4 87.2 85.9 84.7 84.5 83.6 83.1 82.5 81.8 81.6 81.2 80.9 81.1 81.1 81 81.8 82.2 81.5 80.9 80.4 79.6 78.6 78.1 79 78.6 78.5 78.1 79 80 80.4 77.9 78.3 77.4 74.9 73.7
203 200.3 194.4 191.5 193.8 196.5 197.6 199.2 199.5 199.8 200.5 203.5 205.2 209 212 216.2 220.8 225.7 228.4 228.2 226.5 225.9 222.6 217.5 212.7 209.7 206 198.5 190.3 181.5 169.5 153 145 136.2 124 111.3 102.8 97.1 95.1 90.4 89.1 88.1 86.6 85.6 84.7 84.3 86 83.2 82.4 82 82.6 83.2 82.7 82.7 82.1 81.7 82.1 80.5 80.8 79.5 79.4 79.1 78.7 78.7 78.6 78.4 82.1 81.1 79.2 80.3 81 82.6 83.4 84.1 82.6 83.5 84.8 86.7 89.1
197.2 196.3 192.8 189.7 194.5 197.1 195.4 197.1 198.9 199.2 199.4 200 200.9 201.9 203.6 206 208.8 212.1 216 218.1 216.1 214.2 210.3 206.6 199.8 195.5 191.5 183.8 175.9 166.5 153.7 139.9 130 127.5 115.6 102.4 96.6 93.1 91.4 89.5 88.1 87.4 85.8 84.8 85.7 86.6 88.6 85.9 84.8 85.2 84.8 84.8 85.8 85.4 85 85.4 84 82.9 80 81.8 81.4 80.9 80.6 80.7 82.3 89.1 89.3 87.1 84 83.8 88 93.2 88.7 88.2 86.1 89.4 95.1 95.6 99
193.2 190.4 187.8 185.6 184.3 189.1 191.1 193.5 196.7 198.4 199.5 198.2 198 197.7 198.2 198 198.7 199.8 201.6 201.5 202.3 201.2 197.9 193 186 181 177.6 170.5 162.6 153 142.6 129.3 118 108.5 99.7 92.7 88.4 87.9 86.9 87.6 87.3 86.6 88 89.6 90.7 90.9 90.1 87.8 87.9 91.2 89.7 91.7 95.1 94.3 93.1 93.6 88.2 87.2 90.3 89.9 93.8 90.3 89.9 93 94.6 99.4 99 98.7 93.1 94.4 97.6 104.7 98 99.3 98.3 98.4 103.2 105.1 102.2
189.7 186.7 183.5 182.4 181.9 181.3 183.1 186.5 194 198.3 199.9 198.4 196.8 193.7 192.1 191.5 191.3 190.8 191 190.8 188.3 186.9 184 180.2 173.7 168 163.6 157.6 149.7 138.3 127.5 118.4 106.5 95.1 90.4 89.2 89.4 89.3 88.4 87.8 87.9 90.2 93 94.2 94.6 94.4 92.3 92.6 96.3 98.3 102.1 107.5 109.4 107.4 107.9 106.4 100 100.2 100.2 100.2 101.9 101.3 104.4 104.7 105.6 109.2 111.3 110.6 104.7 109 114.2 117.7 112.3 109.3 110.8 106.3 110.2 110.1 107
184 182.3 180 178.1 177.3 179.5 180.6 182.5 186 189.1 195 196.7 195 192.6 190 189.1 187.4 183.6 182.4 180.4 177.7 175.9 171.2 167.1 162.3 155.5 150.4 144.1 136.5 124.8 112.6 106.9 100.3 93.4 90 90.5 90 89.9 89.9 90.4 94 95.9 99.3 105.8 103.1 103.4 103.8 106.2 108.1 113.7 117.3 119.6 121.5 121.6 120.5 121.5 118.2 118.5 118.9 118.9 118.1 119.4 121.5 124.1 124.8 127.9 125.3 125 126.1 128.1 130.9 131.4 129.9 125.3 124.7 120.4 118.3 114.9 111.7
182.5 182.9 182.6 176.6 174.7 173.8 178.8 181.2 185.4 190.1 189.1 188.6 188.8 188.6 187.7 185.4 182.7 180.6 176.1 174.7 170.8 169 163.2 157.5 152.2 144.5 136.1 126.5 121.2 112.3 105.3 101.1 97.1 92.8 91 92.2 92.5 90.8 90.9 96.4 103.2 106.1 106.3 114.8 116.7 117.2 121.7 123.7 126.8 125.9 131.3 133.6 133.9 134.4 133.8 133.6 133.8 134 134.2 135.1 134.7 139.1 141.6 142.5 142.4 145.9 144.9 146.7 148.2 153.3 155.2 152.5 145.1 141.4 138.1 133.1 126.8 123.6 118.2
177.4 187.2 188 179.9 173.9 172.6 173.9 177.9 181.7 184.8 189 191.5 188.1 186.6 185.2 181.2 175.9 172.4 173.5 173 168.8 162.6 157.4 152.3 147 140.5 131.1 119.9 112.2 105.9 101.5 98.3 94.7 93 90.5 91.8 91.2 92.7 96.7 103.1 109.5 114.1 118.1 122.2 130.1 130.7 137.7 138.9 140.1 139.3 143.1 145.9 147.4 150.4 149.3 148.5 147.8 150.5 150.8 151.8 153.3 154.7 157.3 163.6 164.2 165.4 165.1 168.9 173.3 175.8 174.4 167.4 166.5 163.4 164.5 151.3 142.1 135.1 127.8
166.4 170.5 179.6 177.7 173.4 167.5 168.7 169.7 172.6 176 178.8 181.4 187.5 188.6 185.6 178.1 171.4 169.8 171 169.7 164.7 160.4 155.5 150.2 144.1 136.5 128.6 119.4 112.1 104.6 101.3 98.1 96.2 93.4 91.4 91.9 93.6 99.3 101.3 109.6 117.8 123.2 128.6 132.6 139.5 143.3 148.9 156.7 157.4 153.6 158.4 165.5 165.8 165.4 167.8 169.9 171.8 175.5 172.3 169.7 168 168.2 174.3 180.8 183.1 185.5 188.2 195 194.4 193.6 187.6 183 183.8 184.6 186.7 176.7 162.6 148.5 139.4
166.5 162.5 162.1 164.5 167.3 167.7 164.6 165.5 166.8 167.4 175.5 179.7 178.1 181.5 187.5 180.8 168.8 166.8 164 168.6 161.2 156.5 153.9 148.5 142.1 134.2 126.8 118.5 112.6 105.2 101.7 98.4 96.8 93.5 92.4 94.4 96.6 102.5 110.8 118.3 126 132.1 137.7 142.6 149.2 159.7 169.5 175.7 173.1 167.4 167.1 173 178.2 182.4 187.2 191.8 193.6 193.1 190 187.1 183.9 182.1 181.7 183.4 187.7 197.1 202.4 202.8 203.8 199.1 195 192.1 184.5 183.5 185.4 181.5 173.3 161 147.7
168.8 164.4 157.4 156 157 159.4 161.9 162.5 164.2 164.3 165.3 171.3 174.9 175.6 175.5 170.4 166.2 161.6 158.7 156.5 155.9 151.8 148.1 147.3 141.9 134.7 127 116.5 112.9 105.6 102.3 99.4 95.7 94.1 93.5 96.4 99.1 106.4 118.6 127.6 134.4 140.1 145.8 151.9 157.3 161.8 170.8 177.5 179 175.2 175.9 178.6 178 180.8 184.8 188.6 193.9 200 201.7 200.4 198.1 192.6 192.3 189.5 196.6 201.1 202.9 202.1 200.5 197.6 195.8 191 184.9 180.2 177.8 174.3 165.6 158.5 149.7
153.5 154.4 155.3 152.1 151.2 151 153.2 156 156.6 159.8 160.9 163 161.5 166.1 172.9 171.2 163.1 158.3 152.7 148.9 149.6 147.6 141.6 139.4 138.6 134.6 126.7 117.1 107.4 104.8 101.3 99.2 96.9 94.7 93.1 101.6 104.6 114.2 127 134.8 141.4 146.6 152 160.8 168.3 171.4 171.4 173.3 175.8 177 177.5 179.1 178.9 180.5 185.4 190.3 197.4 207.9 212.3 210.8 209.8 203.4 198.1 194.4 200.4 200.6 206.1 205.3 199.6 194.2 190 185.1 180.2 177.5 172.7 165.7 158.9 154.2 148.8
146.1 147.2 147.5 146.6 147.8 146.6 144.7 146.4 149.7 153.7 156.1 154.7 152.5 155.2 158.1 158.7 154.9 152.7 147.3 143.6 136.7 135.6 130.9 129 126.5 126.2 113.2 109.9 109.7 105.5 101.1 99.7 96.2 94.7 93.6 105.2 111.4 125.7 134.8 141.5 147.4 152.6 158.7 164.6 170.5 175.1 175.6 176.4 176.5 176.3 176.8 177.6 178.7 183.1 182.1 188.4 195.9 204.8 211.9 212.1 215.3 209.5 200 196.5 196.3 197.1 199.3 202.1 200.2 195.2 189 182.8 176.3 171.5 166.5 159.3 156.6 153.1 146.6
140.1 141.1 140.2 144 143.8 142.6 140.1 139.1 141.4 144.1 147.1 150 146.5 143.8 144 143.9 141.4 140.4 139.8 136.4 132.3 125.9 123.7 118 108.7 108.2 108.2 107.2 105.6 104.8 100.2 98.1 96.1 95.1 100.1 110.3 119.4 130.7 139.1 146.5 153.4 159.3 166.2 173.6 177.2 178.7 178.6 179.1 177.5 177.4 177.7 177.9 179 181.2 181.5 185.8 193.3 196.9 204.4 206.5 206.2 208.1 202.1 197.9 195.6 194.1 194 195.5 195.7 191.1 186.1 180.5 174.9 167.4 163 156.7 154.3 149.6 144.8
134.6 134.8 134 133.7 136.3 134.4 133.7 134.7 132.8 133 136.5 137.6 135.9 133.7 134.4 132.5 130.6 125.3 130.4 127.7 120.3 119.3 111.1 108.3 103.4 99.4 100.2 99.9 100.8 99 97.6 94.7 95.4 99.2 108.6 118.4 131.7 136.8 143.5 154.1 160.7 165.7 172.4 178.7 181.9 182.3 181.9 181 179.5 179.2 178.2 179.7 180.5 180.5 181 180.7 186 189.4 193.3 196.6 201 199.1 198.1 197.9 194.8 192.1 191 192 191.3 188.2 184.4 178.5 173.3 165.8 159.3 154.9 151.9 147.2 142
126.1 125.8 126.9 126.9 127.2 127.4 127.7 128.2 127.8 127.3 126.4 127.4 126.7 126.2 126.3 122.7 120.7 115.5 117.2 117.9 110.2 108.3 104.9 101.3 99.6 97.5 96.6 96.7 95.4 97.3 99.7 100.3 105.4 110.4 116.1 129.6 139.6 145.2 152.8 160.8 167.2 173.5 179.1 185.9 188.5 188.3 188.2 186.6 182.9 181.8 179.9 182.8 184.2 181.4 180.8 180 179.6 179.7 180.4 184.7 190.5 193.7 193.3 193.3 191.8 189.9 187.4 186.7 187 183.6 180 174.8 169.6 163.9 157 152.8 149.8 145.8 140.4
118.1 120.2 118 117.7 117.2 118.1 120.1 119.4 118.8 120.2 121.2 118.4 117 116 118 113.9 109.3 105.9 104.7 103.5 101.6 100.9 100.7 99.2 97.4 97.3 98.5 96.8 100.1 103.8 106 113.6 121.2 124.4 129.1 135.5 145.6 152.3 158 163.2 168.5 174.3 180.7 182.7 187.9 189.1 190.8 191.7 188.5 187.1 184.4 183.6 184.3 184.4 183 179.5 178.2 178 177.5 177.1 177 181 186.4 186.1 184.3 183.2 181.6 179.7 178 175.4 174 169.7 165.6 160.2 155.5 150.7 147.7 144.4 140.1
112.8 113 114.6 115.3 113.5 114.4 113.4 113.7 113.3 112.8 112.5 113.1 111.5 108.9 107.3 105 104.1 102.7 101.7 100.5 100 99.9 99.4 98 97.6 98 99.1 100.5 103.5 108 114.7 124.3 131 132.4 143.3 145.9 151.8 158.3 162.3 166.9 172.8 178.8 184.5 188 191.7 189.4 190.3 190.6 189.4 188 186.4 186 185.7 187.1 184.3 180.6 178.3 177.9 176.7 175.2 174.1 174.4 175.9 180 178.8 176.7 174.3 172.4 170.3 168.9 166.9 165.5 163.1 158.8 154.5 149.9 146.7 143.2 138.2
107.9 108.5 108.7 108.7 109.2 108.9 109.1 109.2 109.3 108.7 107.9 107.6 107.8 105.2 103.7 103.6 102.2 101 100.3 98.9 98.8 98.4 97.8 98.9 99.9 100.2 101.6 106.4 110.3 115.4 123.7 132.5 136.4 144.4 151.5 156.5 160.9 165.6 168.2 171.5 177.8 182.9 185.8 191.4 192.2 191.9 191.3 189.9 188.8 187.7 187 187 187.3 188.1 187 182.9 180.3 177.7 177.6 176.3 174.5 172.5 172.6 173.1 175 176 171.1 168.4 165.8 163.7 162.4 161.9 159.8 156.2 153.1 149.2 145.5 142 141.5
106.8 105.2 106.7 105.7 106 105.8 106.3 106.1 105.7 105.1 104.9 105 104.3 103.4 102.6 101.6 100.2 99.6 98.8 98.7 98.7 98.2 99.1 102.2 102.7 103.9 106.4 110.4 119.2 125.7 133.6 138.2 147.4 153.7 160.3 165.5 168.2 169.9 174.6 177.3 186 188.1 190.5 191.3 192.6 191.7 190.3 189.3 188.2 187.2 186.7 191 190.8 188.5 186.8 183.7 180.1 177.5 175.9 176.9 174 172.2 171 171.3 170.3 169.6 168.5 164.9 162.8 161.4 159 156.7 156.3 153.4 150.8 146.5 145.6 144.5 144.4
108.6 106.4 105.1 104.9 104 105.5 104.2 104.7 103.7 103.1 103.1 103.1 102.8 102 100.7 99.7 99.4 99.1 98.2 98.2 98.8 98.3 101.2 104.9 107.4 111.1 114.9 117.1 127.2 136 143.7 151 157.5 162.3 167.7 171.7 175.5 176.8 177.4 181 185.5 189.3 193 195.1 196.8 194.1 191.7 189.1 188.1 187.5 187.3 196.8 198.6 194.2 188.3 184.6 181.3 177.4 174.3 174.2 172.7 172.4 171.4 170.8 168.7 167.8 167.2 164.5 163.6 162.2 161.5 159.7 156.9 155.5 152.5 149.8 148 144.5 146.5
112.6 108.9 105.8 104.4 104.1 103.3 103.4 104 102.7 102.2 102.1 101.2 101.7 100.5 99.6 99.1 99.2 99.2 99.3 98.9 98.8 100 103.5 107.2 112.4 120.7 116.9 125.9 134.7 141.5 148.5 155.5 161.6 166.9 172.1 177.2 179.2 180.8 181.5 182.6 185 187.2 194.4 195.9 196.4 196.1 193.8 190.4 188.5 187.8 187.3 192.1 197.4 195.8 191.7 186.9 182.7 178.7 174.6 172.8 171.6 171 169.9 169.4 168.6 169.6 172.7 172.7 171.7 168.1 165 162.2 159.6 157.7 155.1 152.9 150.4 149 151.1
119.7 114.3 110.1 107.4 103 102.7 102.8 103.2 102.2 101.4 101.1 100.5 100.1 100.1 100.7 100.5 100.1 99.6 99.3 98.8 98.7 101 107.9 111.5 117.7 123.3 127.9 132.1 142.8 151.4 158.1 163.2 169.1 175.8 180.7 183.5 186.3 185.6 184.3 184.1 185.5 186.2 190.3 195.2 195.1 195.1 194.5 192.4 189.3 189 189.1 191.1 193.6 192.4 190.3 187.9 183.5 179.5 176 173.5 172.2 173.5 175.1 172.4 171.2 172.2 176.6 183.6 184.3 178 171.2 166.1 163.6 160 157.7 156 152.7 153.7 155.1
131.4 121.6 115 112.6 110 107.4 104.5 102.3 102 102 101.9 101.1 101.8 102 102.3 102.4 101.8 101.4 101 101.4 102.9 109.6 112.7 117 124 131.9 139.1 143.2 149.2 156.5 162.7 168.8 177 181.3 184.9 188 191.6 193 191.1 187.6 185.9 186.4 188.3 192.6 196.8 197.1 195.4 193.7 192 191.1 191.2 191.8 192.1 191.7 190 187.7 184.2 180.6 179.3 175 177.5 181.6 181.1 181.7 178.8 178.7 179.9 181.5 182.4 181.5 177.4 172.3 166.8 163.4 160.9 159.1 156 158.8 158.4
143.5 128.9 122.4 117.8 115.4 112.7 110.3 108.4 106 105.5 104.8 104.7 103.9 102.9 105.2 106.9 106.3 107 108.3 109.4 109.5 116.6 119.3 122.9 131 140.5 155 159.1 158.9 162.2 168.1 175.5 183.4 188.3 192 196.3 197.8 199.2 197.6 194.6 190.1 187.7 187.9 190.4 194.4 199.1 198.7 196.7 195.8 193.9 192.7 192.4 192.3 192.3 190.6 187.9 185.2 183 180.7 179.5 179.7 184.8 187.1 189.5 189.1 185.7 183.2 183.5 182.3 180.9 178.2 174.3 170.6 167.5 164.2 161.5 159.6 162.1 163.6
147.7 137.9 129.5 125.2 121.4 118.1 115.2 113 113.9 111 109.5 108.4 107.3 106.2 106.3 110.7 111.1 111.4 111.3 112.2 113.9 119.4 125.4 130.3 140.2 151.2 158.9 163.8 165.5 171.4 174.6 179.1 185.8 191 193.5 196.9 202.7 203.5 201.6 200.5 196 191.6 189 190.5 194.6 199.2 201.5 200 197.5 197.5 198.7 194.6 193.8 193 191.8 190.1 187.4 186.3 184.8 186.7 184.3 187 195.6 196 197.1 191.2 187.2 186 184.2 182.4 179.1 176.1 173.4 170.6 167.7 164.2 163.4 168.1 171
150 142.3 138.4 133.4 128.4 124.1 121 119.4 119.9 117.7 116 114.4 111.8 112.1 111.1 113.9 116.5 118.2 118 118 121.5 126.7 131.9 136.3 146.8 159.7 165.1 171.9 173.9 173.6 176.1 180.3 186.2 193.6 197 198.5 199.8 202.9 201.8 200.9 197.8 195.1 191.3 192.9 198.3 202 201.7 200.7 200 201.5 201.3 200.4 196.2 194.8 193.3 195.6 191.9 191 189.5 192.6 191 190.5 195.5 196.9 196.7 195.4 193 191.1 190.1 187.1 184 179 176 172.5 169.6 167.2 167.8 172.9 177.4
