UK/data/sj/sj36_OST50GRID_20230518/SJ36.asc
ncols 200
nrows 200
xllcorner 330000
yllcorner 360000
cellsize 50
[rows 0 to 39 of 200, columns 0 to 89 of 200]
-2.7 -2.7 -2.7 -2.7 6.6 5.3 5.3 5.3 5.3 7.7 7.9 7.8 7.5 7.5 7.7 7.9 8 9.1 8.5 7.6 6.8 7.2 7.7 7.9 8.2 7.9 6.7 7.3 7.1 7.1 7.3 5.1 5 4.9 4.9 4.9 4.9 4.7 5 4.6 5.1 5.2 5 4.8 4.7 4.9 5.1 4.7 4.7 5 4.6 4.9 4.9 4.7 5 6.3 4.9 4.8 4.8 4.7 5.4 5 4.9 5.1 5.5 5.7 10.5 4.7 5.7 5.7 5.9 5.2 5.1 5.4 5.7 5.1 5.5 4.7 5.1 5.2 5.3 5.4 5.4 5.3 5.3 5.2 5.1 5 4.9 4.7
-2.7 -2.7 -2.7 -2.7 -2.7 -2.7 -2.7 4.5 4.9 7.2 7.6 7.6 7.4 7.3 7.7 7.6 7.8 7.8 8.1 7.4 6.8 7.4 7.6 7.2 7.2 7.8 8 7.6 7.6 7.7 7.2 5 4.9 4.8 4.8 4.8 4.8 5 7 4.9 4.8 5.3 5.1 5 4.8 4.7 5.2 4.8 4.2 4.6 4.6 4.7 5.2 5 4.8 5.4 4.7 4.7 4.7 4.7 5.9 5.6 5.2 5.5 4.8 5.1 5.3 6.1 9.9 5.4 5.4 5.3 5.3 5.7 5.8 6.2 5.5 4.6 5 5.1 5.2 5.2 5.2 5.1 5.1 5 5.1 4.6 4.6 4.7
-2.7 -2.7 -2.7 -2.7 -2.7 -2.7 -2.7 -2.7 -2.7 -2.7 6.7 7.4 7.3 7.2 7.1 7.5 7.8 7.4 7.6 7.4 6.9 7 7.3 6.9 6.5 7.2 7.7 7.7 7.6 7.5 5.4 5.1 4.8 4.7 4.7 4.6 4.7 4.7 5.9 5 5.1 5 5.3 5.1 4.9 4.7 4.7 5.1 4.7 3.8 5.1 4.7 5.5 5.2 4.9 4.8 4.5 4.3 4.3 4.7 4.3 6 5.2 5 4.6 4.7 5 6.2 6 5.5 5.7 5.7 5.6 5.5 7 6.5 5.5 4.7 4.8 4.9 5 5.1 5 5 4.9 4.9 5.1 5 4.9 4.7
3 1.9 1.1 0.5 -2.7 -2.7 -2.7 -2.7 -2.7 -2.7 -2.7 6.1 6.6 6.7 6.8 7.2 7.4 7.4 7.4 7.1 7.5 7 7 7.9 8.1 6.6 7.8 7.8 7.9 7.3 5.5 5.1 4.8 4.6 4.5 4.5 4.6 4.9 4.5 5 5.1 5.1 5.1 5.2 5.1 4.7 5.4 5 5.1 5.1 5.1 4.9 4.6 5.3 5.2 5.6 5.1 3.9 5.7 6.2 6.2 5.7 6.1 6.1 4.9 4.7 5.2 6.2 5.7 5.2 5.4 5.4 5.1 5.3 6.2 6.4 5.6 4.7 4.7 4.8 4.9 4.9 4.9 4.8 4.8 4.9 5.1 5.3 4.9 4.7
6.2 5.5 4.1 3.9 3.7 2.8 1.6 -2.7 -2.7 -2.7 -2.7 -2.7 -2.7 6.8 7.2 7.4 7.4 7.4 7.2 6.8 5.5 7.8 6.6 7.9 7.8 8.3 8.1 8 6.6 5.3 5.2 5 4.8 4.5 4.5 4.8 5.1 5.3 5.5 5.1 5.1 5.2 5.2 5.3 4.8 4.9 4.7 4.8 4.8 5.7 6.6 6.7 8.6 8.2 6.9 6.3 5.9 5.3 5.7 5.7 5.3 5.3 4.9 5.4 5.5 5.4 6.3 6.1 5.1 5 5.1 5.1 4.9 4.8 4.8 4.9 4.8 4.5 4.5 4.6 4.8 4.8 4.8 5 5 5 5.2 5.5 5.5 4.8
6.4 6.8 6 4.8 5.1 5.2 4.8 -2.7 2.2 0.2 -2.7 -2.7 -2.7 -2.7 -2.7 7.5 7.4 7.5 7.1 6.3 6 6.5 7.4 7.8 7.5 8.5 8.5 5.7 5 4.8 4.8 4.7 4.5 4.7 4.9 6.2 5.9 3.4 5.6 4.8 4.8 4.9 5 5.1 5 4.7 4.7 5.2 5 6.8 5.1 6.1 5.9 5.7 5.9 5.9 5.9 5.7 5.2 5.5 4.9 4 4.8 5.1 4.8 5.2 6.3 5.8 4.6 4.7 4.7 4.8 4.7 4.6 4.7 4.9 5.1 5.1 5.1 5.6 5.3 5 5.2 5.4 4.5 5.1 5.3 5.6 5.8 5.6
6.9 8.6 4.8 4.8 4.9 5.2 -2.7 4.2 4.8 4.4 1.7 -2.7 -2.7 -2.7 -2.7 -2.7 7.5 7.6 7 7.2 6.9 6.9 7.4 8.3 8.2 8.7 5.7 4.9 4.8 4.7 4.5 4.4 4.8 6.7 5.1 3.2 4.9 4.9 4.5 4.5 4.6 4.8 4.9 5 4.7 4.7 4.7 4.7 6 5.9 3.9 5.6 5.8 5.2 5.4 5.4 5.3 5 5.1 4.2 6 4.8 5.5 5.4 4.9 5.2 5.7 5.4 4.8 5 4.7 4.4 4.5 4.5 4.7 4.9 5 5.2 4.9 4.5 4.6 4.8 5.7 5.3 4.8 5.3 5.4 5.6 5.5 5.1
8.1 8.3 6.4 5 5.1 5.1 -2.7 5.2 5.2 4.6 4.3 4 -2.7 -2.7 -2.7 -2.7 -2.7 7.8 7.8 7.3 6.9 7.3 7.8 8.6 8.9 6.7 5 4.8 4.8 4.6 4.5 7 4.8 3.4 4.4 4.2 4.4 4.4 4.6 4.7 4.6 4.6 4.8 4.8 4.7 4.5 6.3 7 5.8 6 5.4 5.8 4.8 4.7 4.9 4.9 4.9 5.5 4.3 5.6 5.5 5.1 3.8 5.8 6.1 5.9 5.6 5.5 5.1 5.2 5.4 5.2 4.9 4.5 4.7 4.8 4.9 4.9 4.8 4.4 4.4 5.1 5.3 4.9 5.6 5.5 5.4 5.2 5.2 5.1
7.6 8 7.1 4.2 5.1 4.8 -2.7 5.3 5 4.7 5 5.1 5.2 -2.7 -2.7 -2.7 -2.7 -2.7 -2.7 6.4 7.5 7.4 8.1 8.8 9.1 5 4.7 4.7 4.8 7.3 4.6 5.2 5.5 5.1 4.6 4.3 4.4 4.6 4.8 4.9 4.9 4.7 4.6 4.7 4.6 8.1 5.9 5.9 5.9 6.4 6.2 5.6 5.5 5.7 6 5.5 5.4 4.1 5.8 5.4 5.1 4.8 4.5 4.9 5.1 5.5 5.6 4.4 3.6 3.9 4.7 5.6 6.2 4.6 6.8 5.7 4.7 4.7 4.6 4.8 5.1 4.5 4.3 4.2 5.4 5.2 4.6 5.3 5.3 5
6.9 7.8 6.9 6.1 5.3 -2.7 5.4 5.4 5.7 5.8 5.2 5.3 5.1 5.3 5.8 -2.7 -2.7 -2.7 -2.7 -2.7 6.7 7.6 7.7 9.5 5.2 4.9 5 5.7 4 5.3 5.1 5.4 5.1 4.6 4.4 4.3 4.4 4.6 4.8 5 5.1 5 5 5.8 6.2 5.9 5.9 5.8 5.7 5.9 4.8 5.5 5.5 5.7 5.3 6.3 5.4 5.7 5.5 5.2 4.9 5.1 4.8 4.9 4.9 4.9 5.3 4.4 3.9 3.9 4.4 5 3.5 3.8 3.8 3.8 4.2 4.9 4.9 5.5 5.7 5.7 5 4.2 5.8 5.4 5.4 5.2 5.2 5
6.4 7.4 7.2 7.1 6.8 -2.7 5.3 5.9 5.4 5.9 6.4 6.9 4.8 5.1 5.3 5.1 -2.7 -2.7 -2.7 -2.7 -2.7 -2.7 4.5 8.5 4.6 4.9 5.4 4.9 5.3 5.1 4.9 5.2 4.7 4.5 4.6 4.3 4.5 4.6 4.8 5 5.1 4.7 4.5 5.1 4.3 5.6 5.5 5.5 5.5 5.4 5.1 6.4 6.6 6 5.3 5.7 5.5 5.8 5.3 4.8 4.9 5.1 4.9 4.9 4.9 4.9 5.3 4.4 4.2 4.1 4.3 3.5 4.2 4.2 4.2 4.1 4.2 4.1 4.3 5.2 4.9 4.5 4.6 4.6 4.7 3.8 3.9 4.1 4 4.5
7.4 5.9 7 6.2 -2.7 -2.7 5.6 6 7.1 5.5 5.2 6 6 6.6 4.8 4.7 4.3 4.9 -2.7 -2.7 -2.7 -2.7 -2.7 4.4 4.5 5.3 5.8 4.9 5 5 4.9 4.7 4.5 4.6 4.6 4.3 4.5 4.7 4.9 5 5.1 5 4.4 4.4 4.9 4.4 4.8 5.1 5.4 5.5 6.4 6.3 4.9 5.9 5.2 5 5.1 5.2 4.8 4.5 4.7 4.8 5 5.2 4.9 4.9 5.2 4.7 4.5 4.4 4.5 4.5 4.5 4.4 4.3 4.3 4.4 4.6 4.1 4.8 4.2 4.2 4.3 4.4 3.6 3.5 3.4 3.5 3.8 4.7
6.5 5.7 6.9 6.5 -2.7 5.5 6 6.2 5.3 5.5 5.3 6 6.7 6.6 4.8 5.9 4.7 4.2 4.8 -2.7 -2.7 -2.7 -2.7 -2.7 -2.7 5 4.9 4.8 4.8 4.8 4.8 4.6 4.7 4.8 4.5 4.3 4.5 4.7 4.8 4.9 5.1 5.2 4.6 4.7 5.3 5.3 5.2 4 4.9 5.2 5.8 4.8 4.8 4.8 5.8 5.6 4.7 4.7 4.3 4.4 4.6 4.9 5.1 5.3 4.9 5.5 8.9 7.6 5.2 4.4 4.6 4.5 4.6 4.6 4.5 4.5 4.6 4.8 4.9 4 4 4 4 4 3.6 3.6 3.5 3.4 3.6 3.9
5.2 4.5 5.6 5.2 -2.7 7 4.3 5.1 5.8 5.3 4.8 5.3 5.3 4.9 4.7 5.6 6.8 5 4.2 4.7 4.9 -2.7 -2.7 -2.7 -2.7 -2.7 4.9 4.7 4.7 4.7 4.7 4.8 4.9 4.9 4.5 4.3 4.5 4.7 4.8 4.9 5 5.1 4.9 5 5.2 5 4.9 4.9 6.3 4 4.7 5 5.2 5 5 5.2 5.5 5.3 4.9 4.5 4.5 4.8 5 8.5 4.9 9.5 8.7 7.9 5.7 5.1 4.7 4.5 4.7 4.8 4.7 4.7 4.8 5 5.1 4.9 4.2 4.3 4.1 3.9 3.9 3.8 3.7 3.6 3.5 3.9
7 5.9 4.9 6.2 -2.7 5.9 6.1 6.7 5.5 4.9 4.5 4.5 4.7 4.6 4.4 4.2 5.2 8 6.4 5.2 5.8 4.8 4.9 -2.7 -2.7 -2.7 -2.7 -2.7 4.8 4.9 4.8 4.9 5 4.8 4.5 4.3 4.5 4.7 4.8 4.9 5 5.1 5.2 5.2 5 4.8 4.7 4.7 5 5.1 4.7 5.1 5.5 5.7 5 5.2 5.3 5.1 4.9 4.5 4.9 4.8 5.3 5.7 5 6.4 5.9 4.8 4.5 4.3 5.5 4.5 4.6 4.9 4.9 4.9 5.1 5.1 4.9 4.9 4.7 4.8 4.7 4.6 4.5 4.4 4.2 3.9 3.7 4.2
7.4 5.7 5.4 5 -2.7 -2.7 5.9 5.8 6.1 6.5 3.8 4.1 4.4 4.3 4.1 4.5 5.1 7.9 9 10 5.6 4.8 4.1 4.7 -2.7 -2.7 -2.7 -2.7 -2.7 -2.7 5.8 5.1 5.2 4.8 4.4 4.4 4.5 4.6 4.7 4.8 5 5.1 5.2 5 4.8 4.6 4.6 4.9 5.1 5.3 5.6 5.7 5.5 5.2 4.9 5 5 4.9 4.7 4.7 5.1 5.8 5.5 5.1 7.3 5.7 5.1 5 5 4.4 4.3 5.2 4.5 5 5 5.1 5.1 4.9 4.8 4.8 4.8 4.5 5.3 5.2 5 4.7 4.4 4.1 3.9 3.9
8.9 8.4 6.2 6.4 5.7 -2.7 -2.7 6.3 6.5 5 4.9 6.4 4 4 4.1 4.7 5.2 5.6 10.5 5.3 5 5.1 4.5 4.3 4.6 5.6 -2.7 -2.7 -2.7 -2.7 -2.7 5.5 5.1 4.7 4.4 4.4 4.5 4.6 4.7 4.8 4.9 5.1 4.9 4.5 4.3 4.7 4.7 4.7 4.8 4.8 4.7 4.8 4.8 4.8 4.7 4.8 4.7 4.7 4.8 4.9 4.9 5.2 5.5 5.4 5.7 5.6 5.4 5.1 4.9 4.5 4.3 4.7 4.9 4.8 5.2 5.1 4.9 4.7 4.6 4.6 4.7 4.7 5.2 5.5 5.2 4.9 4.6 4.3 4.1 3.6
9.3 9.2 8.6 7.6 6.4 5.9 -2.7 -2.7 5.8 6.4 5.2 4.9 5.8 5.9 4.3 4.9 5.3 5.5 8.2 4.9 4.8 4.8 4.5 5.1 5.2 5.5 5.7 3.8 -2.7 -2.7 -2.7 -2.7 -2.7 4.9 4.3 4.3 4.5 4.6 4.7 4.8 4.9 5 4 4 4.9 4.9 4.9 5 5 5 4.9 4.8 4.8 4.8 4.9 4.6 4.6 4.8 4.9 4.9 5 5.2 6.2 4.3 5.9 6 5.7 5.5 5.2 4.6 4.5 4.4 5.3 5.6 5.2 4.9 4.7 4.4 4.5 4.5 4.7 4.9 5 5.6 5.5 5.1 4.8 4.5 4.8 4.8
11.3 11.4 10.2 8.2 6.6 6.3 6.5 -2.7 7 8.2 7.6 5.8 5.5 4.5 5.6 5.2 5.2 10.7 5.2 4.9 4.8 4.7 4.7 4.8 4.9 5.5 5 5 5.6 -2.7 -2.7 -2.7 -2.7 -2.7 5.8 4.9 4.5 4.6 4.7 4.8 4.9 5 3.6 5 5.1 5.1 5.1 5.2 5.2 5.3 5 4.8 4.8 4.8 5 5.1 4.8 5 5 5.1 5.2 6.6 6.4 4.8 5 5.3 5.7 5.9 5.3 4.6 4.6 4.5 5 5.6 5.2 4.8 4.6 4.5 4.9 5.2 5.4 5.2 5.1 5.4 5.6 5.4 5.1 4.9 5.3 5.1
14 12.5 10.9 7.4 7 5.3 5.5 7.3 8.7 9.2 9.2 7.4 5.8 5.4 5.3 4.6 5.3 5.3 4.6 5 5 5.3 5 5 5 4.9 5 6.9 5.8 5.6 -2.7 -2.7 -2.7 -2.7 -2.7 5.9 6 5.2 4.7 4.7 3.2 5.3 5.2 5.3 5.3 5.3 5.4 5.4 5.5 5.5 5.2 5 4.9 4.9 5.4 5.8 5.3 5.1 5.1 5.2 5.2 7.7 4.9 5 5 5.2 5.5 5.7 5.4 6 5.2 4.6 4.7 5.6 5.1 4.7 4.5 4.6 5.1 5.5 4.9 4.9 4.8 5 5.4 5.6 5.6 5.5 5.4 5.2
15.2 13.2 9.3 6.3 5.2 6.6 7.9 9.6 10.5 11.1 9.4 7.5 5.7 5.3 5.4 5.3 9.2 4.8 4.9 5.2 5.2 6.5 5.1 5.1 5.1 5 5.2 4.9 5.1 6.2 5 -2.7 -2.7 -2.7 -2.7 -2.7 1.9 6.9 5 4.6 5.4 6.8 5.3 5.4 5.5 5.6 5.7 5.7 5.8 5.7 5.4 5.2 4.9 5.7 6 5 5.1 5.2 5.2 5.3 7.8 4.3 4.4 4.8 5.1 5.1 5.3 5.7 4.5 2.7 3.5 4.5 5.3 5.5 5 4.6 4.5 4.7 5.1 4.9 4.6 4.6 4.6 4.8 5.2 5.7 5.5 5.4 5.1 5
15.8 12.1 8.9 7.1 5.3 8.2 9.5 11.2 11.1 11.1 9.3 7.9 6.5 5.8 5.8 11 5.5 5.5 5.5 4.9 5.6 5.5 5.6 5.2 5.2 5.1 5.1 4.8 4.5 5.2 5.3 7.5 5.2 -2.7 -2.7 -2.7 -2.7 -2.7 -2.7 6.3 3.8 4.1 4.3 4.5 4.9 5.5 5.9 6 6 5.8 5.6 5.3 5.3 5.7 5.1 5 5.2 5.2 6.8 7.9 6.1 4.3 4.4 4.6 4.8 5.1 5.2 5.6 3.5 4.9 5 5.5 5.5 4.9 4.9 4.6 4.5 4.7 4.6 5.4 4.6 4.6 4.8 5 5.4 5.6 5.3 5.2 5.1 4.9
14.3 10.3 7 5.8 8.6 10.2 11.3 12.5 12.4 11.5 10.1 8.7 7.3 6.5 6.6 6.4 6.6 5.7 5.3 5 8.7 5.6 5.7 5.5 5.4 5.2 5.3 5.4 5.5 5.5 5.1 5.2 5.5 6.7 6.8 -2.7 -2.7 -2.7 -2.7 -2.7 -2.7 4.7 3.2 4.2 4.7 4.6 5.3 6 6.3 6 5.6 5.3 6.1 6.1 4.5 5.2 6.5 8.3 8.1 7.7 7.5 7.2 4.9 4.4 4.6 4.8 4.9 4.7 5.2 5.2 5.4 5.5 5.6 5.8 5.6 6 4.8 4.4 4.5 4.7 4.6 4.7 5.3 5.2 5.7 5.5 5.2 5.1 4.9 4.8
16.5 9.3 7.3 9.3 11.5 12.6 13 13.8 14.2 12.6 11 9.5 8.1 7.5 5.9 5.5 5.6 6.1 5.6 5.3 5.5 5.5 4.7 6 5 5.1 5.3 5.4 5.5 5.4 3.8 5.3 5.2 5.4 6.9 7.3 4.8 2.3 -2.7 -2.7 -2.7 -2.7 6.9 3.7 3.6 3.9 3.9 4.7 6.1 6 5.7 5.6 5.8 6.6 9.7 8.6 8.4 6.8 6.7 6.6 6.6 6.6 6.6 6.3 4.7 4.6 4.4 4.9 5.2 5.3 4.7 5 5.2 5.5 5.1 5.2 5.7 5.6 4.9 4.7 4.7 5 5.7 5.5 5.9 5.3 5 4.9 4.8 4.8
10.7 8.5 8 11.4 13.4 15.3 15.4 15.2 13.8 13.6 12 10.5 8.9 11.1 7.3 6.2 6.4 5.6 5.3 5.2 5.3 5.1 5.1 6 5.8 4.7 5.1 5.3 5.5 3.5 5.3 5.3 5.2 5.3 6.1 7.6 7.2 7.1 5.9 -2.7 -2.7 -2.7 -2.7 -2.7 5.3 6 5 5.4 5.7 6.1 5.8 5.9 8.6 7.8 7.3 6.8 5.4 5.9 5.8 5.7 5.6 5.5 5.5 5.5 5.5 5.2 5.5 4.7 5 5.3 4.4 4.2 4.7 5.2 5.4 5 4.5 4.2 4.5 6.2 4.8 5.5 6.1 5.7 5.7 5.1 4.9 4.8 4.8 5
9.4 10.6 11.9 13.3 15.3 16.6 16.8 16.3 14.3 13.2 12.1 11.3 10.3 9.3 9.3 8.4 6.3 5.8 5.6 5.6 5.5 5.2 5 4.8 4.5 5.7 5.8 5.1 5.1 5 5.3 5.2 5.2 5.8 5.8 6.2 5.7 7 5.8 6.2 -2.7 -2.7 -2.7 -2.7 -2.7 -2.7 5.9 6.3 5.9 5.9 7.4 9.2 8.1 4.8 4.9 4.9 5.4 6 5.9 5.8 5.7 5.6 5.5 5.4 5.3 5.2 4.9 4.8 4.9 5.1 5.2 5.4 5.3 5.5 5.1 4.7 4.4 4 4.3 5.3 5 5.4 6.4 5.9 5.6 4.9 4.8 4.9 5.3 4.7
12.1 13 13.6 15.5 17.4 17.7 17.8 16.7 15.1 13.6 12.6 11.7 13.7 10.6 10.6 9.6 8 6.1 5.7 5.6 5 4.9 5 5.1 4.9 5.2 4.5 7.9 5.2 5.3 5.3 5.3 5.3 5.4 5.2 5.2 5.3 5.5 6.6 5.1 5.2 5.7 -2.7 -2.7 -2.7 -2.7 -2.7 5.8 6.4 9.7 9.4 5.1 5.5 5.2 4.7 5.1 5.4 6.2 6.1 6 5.9 5.8 5.7 5.6 5.4 5 4.9 4.8 5 5.2 5.3 5.5 5.6 5.5 4.9 4.7 4.3 3.9 5.2 5.2 5.1 4.7 4.4 5.9 5.4 4.8 4.9 5.3 5.2 5.1
13.7 14.2 15.5 17.8 19.3 19.2 18.3 16.7 15.3 14.7 13.7 14.5 11.6 10.9 11.3 9.4 8.9 7.4 6.6 6.4 5.4 5 5.3 5.4 5.3 5 5.7 6.4 8.2 6.8 5.2 5.1 5.2 5.4 5.4 5.3 5.3 5.4 5.7 5.1 5 5.6 6.1 7.8 -2.7 -2.7 -2.7 -2.7 -2.7 8.8 5.2 4.8 4.8 4.8 4.8 5 5.4 6.3 6.2 6.1 6 5.9 5.8 5.7 5.1 5 4.9 4.9 5.1 5.2 5.4 5.5 5.5 5.5 5.2 4.6 4 5.2 5.2 5.1 5.1 5.1 5.1 5 5.2 5.5 5.4 5.8 5.6 5.5
15.4 16.6 18.1 20.2 20.7 20.2 19.4 17 16.4 16 15 13.4 12.7 11.8 11.3 9.2 8.6 7.4 7.1 6.7 6.1 5.2 5.2 5.5 5.8 6.5 6.5 6.2 6.2 4.8 9.1 5.1 5.4 5.5 5.9 5.4 5.4 5.5 5.5 4.9 4.9 5.5 6 6.6 5.1 -2.7 -2.7 -2.7 -2.7 -2.7 6.6 5.2 5.5 4.8 4.9 5 5.4 6.5 6.4 6.3 6.2 6.1 5.9 5.3 5 5 4.8 5 5.1 5.3 5.5 5.5 5.4 5.4 5.4 4.9 4.3 5.2 5.1 5.1 5.1 5.1 5.1 5.1 5.1 4.9 5 6.1 6 4.9
16.7 18.2 19.7 22 21.7 20.6 20.4 18.2 17.1 16.7 16.4 14 12.6 11.5 11.4 9.2 8.1 7.3 7.3 7 6.3 5.7 5.1 5.3 5.6 6.2 5.8 5.3 4.9 5.2 5.7 9.6 8 6 6.1 5.6 5.5 5.5 5.2 4.8 4.9 5.2 5.2 5.3 6.9 9.4 -2.7 0.7 -2.7 -2.7 -2.7 -2.7 5.1 4.8 4.9 4.9 5.3 6.6 6.5 6.4 6.3 6.1 5.6 5.1 5 5.1 4.9 5.1 5.2 5.4 5.4 5.4 5.4 5.3 5.3 5.2 5.2 5.1 5.1 5.1 5.1 5.1 5.1 5.1 5.1 5.1 5.1 5 5.5 6
18.4 19.7 22 22.2 22.3 21.8 21.6 20.4 18.6 17.5 15.9 14.6 13.2 11.9 11.4 9.8 8.1 7.5 7.1 6.4 6.6 6 5.4 5.2 5.5 5.9 5.5 5.3 5.2 5.1 5.5 5.2 6.7 9.3 6.3 5.8 5.6 5.5 6.2 5.3 5.6 5 5.1 5.2 7.9 7.1 -2.7 7.4 -2.7 -2.7 -2.7 -2.7 -2.7 -2.7 4.9 4.9 5.2 6.8 6.7 6.6 6.4 5.8 5.3 5 5 5.1 5 5.1 5.3 5.4 5.4 5.3 5.3 5.3 5.2 5.2 5.1 5.1 5.1 5.1 5.1 5.1 5.1 5 5 5 5 5 5 5
19.9 20.4 22.3 22.5 22.7 22.8 22.8 22.6 21.6 18.8 16.9 15 14.4 12.5 11.7 9.7 8.3 8 7.7 7 6 6.1 6.5 5.3 5.2 5.1 5.1 5.1 5.5 6.3 5.7 5.7 5.6 5.5 10 9.9 6.3 5.5 5.9 6.2 5.4 4.9 5 6.5 5.2 8.1 7.9 7.6 7.5 9.6 -2.7 -2.7 -2.7 -2.7 -2.7 -2.7 5.1 6.8 6.9 6.6 6 5.5 5.1 4.9 5 5 5 5.2 5.4 5.3 5.3 5.3 5.2 5.2 5.1 5.2 5.2 5.1 5 4.9 4.9 4.9 4.9 4.9 4.9 4.8 4.8 4.8 4.8 4.7
20.9 21.4 22.7 23.1 23.5 23.2 23.5 22.8 20.9 19.9 17.7 15.2 13.7 13.4 12.1 10.6 9 8.6 8.1 7.1 6.6 6.2 5.7 5.4 5.2 4.9 5 5 5.2 6.5 6.5 5.8 6.1 5.5 6.2 7.3 10.2 5.4 5.7 6.4 5.2 6 5.6 5 7.9 7.3 7.2 7 8.7 7.6 7 5.2 -2.7 -2.7 -2.7 -2.7 -2.7 6.8 6.8 6.3 5.7 5.2 5 4.9 5 5 5.1 5.3 5.3 5.3 5.2 5.2 5.1 5.1 5.1 5.2 5.2 5.2 5.1 5 4.9 4.8 4.7 4.7 4.7 4.7 4.7 4.6 4.6 4.9
21.5 22.5 23.1 23.5 24.1 24 24.3 21.9 20.7 19.4 17.9 13.5 12.7 12.3 10.8 11.4 10 9.2 8.5 7.8 7.7 7.3 6.4 5.7 5.3 5.1 5.2 5.2 5.2 5.8 5.5 5.7 5.9 5.2 5.6 7.1 7.1 5.7 8.2 7.2 6.7 6.2 5.5 7.6 7.8 7.4 6.5 7.8 8.2 7 5.8 6 7.6 -2.7 -2.7 -2.7 -2.7 -2.7 -2.7 6 5.4 5.1 4.8 4.9 5 5 5.2 5.3 5.2 5.2 5.1 5.2 5.1 5.1 5.5 5.2 5.2 5.3 5.3 5.2 5.1 5 4.9 4.8 4.7 4.6 4.5 4.5 4.8 5.2
21.1 23.1 23.5 23.9 24.3 25.7 26.2 22.1 20.2 19.2 16.5 13.3 12.8 12.2 12.8 12.3 12.6 11.1 9.7 8.8 8.8 8 7 6.3 6.1 6 5.7 5.6 5.6 5.5 5.5 5.4 5.2 4.9 5.6 6 5.6 5.4 5.7 10.6 6 4.9 7.2 8.3 7.2 7.3 5.8 6.8 7.7 6.8 5.5 5.4 6.2 4.7 7.6 -2.7 -2.7 -2.7 -2.7 -2.7 -2.7 4.9 4.9 5 5.1 5.1 5.2 5.2 5.1 5.1 5.1 5.1 5.1 5.6 5.2 5.2 5.2 5.3 5.4 5.3 5.2 5.1 5 4.9 4.8 4.7 4.6 4.7 5.1 4.8
24.2 22.1 24 25.5 26.8 27 24.1 23.1 21.5 20.5 14.7 13.9 15.2 14.3 14 13.8 13.1 12.7 11 10.2 9.9 8.6 7.6 7.1 7.9 7.9 8 6.5 5.9 6.1 5.7 5.5 5.3 6.2 5.9 5.4 5.7 5.6 5.3 5.6 5 7.2 7.1 8.5 8 6.7 5.7 5.5 7.1 5.6 5.4 5.4 6 4.2 7.4 6.5 -2.7 -2.7 -2.7 -2.7 -2.7 -2.7 5.5 5 5.1 5.2 5.1 5.1 5.2 5.1 5.1 5.1 5.6 5.7 5.2 5.2 5.2 5.3 5.4 5.4 5.3 5.2 5.1 5 4.9 4.8 4.8 5.1 5 4.2
25.3 25.4 25.4 26.5 26.8 25.5 24.5 23.2 22 20.6 16.5 15.9 16.2 15.6 15.5 14.8 13.9 13.8 12.5 11.3 11.1 9.3 8.8 8.4 8.5 9.1 9.1 7.3 6.6 7.1 7.3 5.7 5.7 5.6 6 6.5 5.7 5.5 5.3 4.8 6.3 7.1 10.2 6.9 6.4 7.1 6.8 7.7 6.6 5.4 5.5 5.6 5.9 6 6.4 6.8 5.4 7 -2.7 -2.7 -2.7 -2.7 -2.7 -2.7 5.1 5.1 5.2 5.2 5.1 5 5 5.5 5.8 5.3 5.2 5.2 5.3 5.3 5.4 5.5 5.5 5.4 5.3 5.2 5.1 5 5.1 5.4 4.7 4.4
26.6 26.3 26.2 27.4 26.5 25.9 25.4 24 22.5 21 18.5 17.9 17.4 17.2 16.7 16.1 15.6 14.9 14.1 13.2 11.3 11 10.6 10.3 10.9 9.7 9.2 8.4 7.7 7.7 7.9 6.3 5.8 5.8 6.7 6 5.6 5.6 5.6 6.6 6.3 6.2 6.4 9.7 6.6 6.6 6.1 7.1 5.5 5.6 5.6 5.7 5.8 6.1 6.5 6.7 6.7 6.4 7.2 4.8 -2.7 -2.7 -2.7 -2.7 -2.7 5.2 5.1 5.1 5 5 5.2 5.9 5.8 5.2 5.2 5.2 5.3 5.3 5.4 5.5 5.5 5.5 5.4 5.3 5.2 5.2 5.4 5.6 4.9 4.1
28.3 27.9 27.5 26.4 25.8 26.7 26.4 24.6 23 18.7 19.8 18.6 18.8 19.8 19 18 16.6 16 15.3 13.8 12.6 11.7 12.3 12.1 11.7 10.7 9.8 9.3 8.9 8.6 8.5 7.1 6.3 6.6 6.5 5.9 6.7 6.1 5.7 5.6 6 5.8 5.6 6.1 6.1 8.9 7 6.6 5.5 5.6 5.6 5.7 5.7 6.1 6.4 6.5 6.5 6.6 6.2 6.5 5.4 -2.7 -2.7 -2.7 -2.7 -2.7 -2.7 5 5 5 6 6 5.4 5.2 5.2 5.2 5.3 5.3 5.4 5.5 5.5 5.6 5.5 5.4 5.4 5.6 5.7 5.6 5.2 3.7
29.6 29.1 28.5 27.2 27.6 23 23.9 24.8 20.7 20.8 21.8 20.6 20.7 20.2 19.9 19.5 18.4 17 16.4 14.1 13.2 13.6 13.5 12.6 12.1 9.4 9.1 9.8 9 8.8 8.7 7.3 7.3 6 6.1 7.9 8.1 6.8 6.1 6.5 5.2 5.7 6.2 6.2 6.4 6.1 8.7 5.8 5.6 5.6 5.6 5.6 5.7 6.1 6.3 6.3 6.3 6.4 6.4 6.9 6.9 6.8 6.3 -2.7 -2.7 -2.7 -2.7 -2.7 -2.7 6.1 6.1 6 5.2 5.3 5.2 5.2 5.3 5.4 5.4 5.5 5.6 5.6 5.7 5.6 5.7 5.8 5.8 5.3 4.8 5.3
