UK/data/sy/sy39_OST50GRID_20230518/SY39.asc
ncols 200
nrows 200
xllcorner 330000
yllcorner 90000
cellsize 50
[rows 0 to 35 of 200, columns 0 to 81 of 200]
58 50.8 44 38.8 35.1 30.5 30.9 31.6 31.8 31.7 33.3 32 31.8 30.8 32.9 35.1 42.6 48.2 53.3 57.8 61.6 65.4 69.4 72.4 74.5 76.9 79 80.9 83.1 84.5 83.8 80.1 77.7 80.5 81.7 84.8 87.2 84.9 83.5 90.1 95.9 96.8 94.9 91.3 89.2 85.7 85.1 81.8 81.9 80.9 76.7 70.4 63.5 60.2 67.1 72.4 75.6 80 87.3 91.1 95.3 102.6 105.7 109 111.8 114.3 116.6 118.5 119.2 116.3 111.8 105.7 106.7 103.4 106.5 111.7 116.6 121.2 124.2 129.3 136.6 141.6
52.6 46.6 39 34.7 31.8 30.6 30.9 30.6 30.5 33.1 31.5 31.8 31.4 32.2 33.6 42.4 45.6 50 54.3 58 61.9 65.4 68.6 71 71.9 73.7 76.2 78.9 82.1 84.2 85.4 84.6 83.7 84.2 86.3 88.9 90.5 90.4 89.9 91.2 97.1 100.5 99.3 96.9 92.9 89.3 89.5 86.7 86.8 85.4 80.5 73.6 67.3 59.1 65.1 71.9 78.1 83 87.6 91.3 95.3 102.4 105.6 108.4 111.1 113.5 115.6 117.7 119 116 111.4 111.2 111.1 107.5 105 111 115.8 118.6 121.2 127.2 134.4 140.2
46.2 41.3 33.2 30.7 30.5 30.7 30.6 30.3 32.7 36.7 31.1 31.7 31.6 34.3 45 45.6 46.8 51 54.4 58 61.1 63.8 66.7 68.2 67.6 68.7 71 76.2 81.5 85.2 87.5 88.9 89.1 88.5 89 91.6 94.6 95.4 95.7 96 99.1 103.7 104.3 103.1 97.6 96.7 94.7 92.3 91.5 87.6 83.9 76.3 69.7 60.2 63.1 71.1 77.4 82.9 87.2 91.1 96.8 101.4 104.4 107.6 110.3 112.4 114.5 116.7 116.6 116.5 116.1 116.8 116.4 112.1 107.3 108.1 111.5 114.4 118.4 124.1 131.1 137.9
38.8 34.8 30 30.1 30.4 30.5 30.6 32.8 37.6 40.5 39 37.5 35.3 33.9 35.1 44.7 48.1 49.4 53.4 56.8 59.5 62.2 63.7 63.9 62.2 63.1 66.8 73.2 79.7 85.4 89.2 91.6 92.3 93.1 93.1 95.2 99.6 101.7 103.7 101.9 106.3 106.3 107.6 106.8 103.4 104.1 99.5 97.8 95.6 91.3 86.8 81.9 72.2 62.3 62.1 70.6 76.5 82.3 86.4 90.4 95.6 100.1 103.1 106.4 109.1 111.3 113.4 114.7 114.4 115.9 119.7 122.6 120.9 117.7 111.9 114.8 116.2 117.4 118.1 122.1 126.3 132.1
35.2 30.3 29.6 29.6 29.8 30.1 32.6 37.6 40.6 42.4 43.5 42.8 41.3 38 35.6 36.9 43.6 47.8 51.9 55.8 57.8 58 59 59 57.4 61.2 65.1 71.8 78.4 85 89.4 92.4 95.1 95.8 96.3 99.8 104.1 106.9 108.9 109.5 109.9 109.5 111.3 111.3 109.6 106 104.6 100.8 98.4 91.9 87 81.3 75.5 65.7 62.2 71.1 77.5 82.6 85.3 89.6 93.8 98.2 101.9 104.8 107.6 110 112.3 112.6 112.2 115.4 119.3 123.6 123.3 122.8 120.6 122 125 123.7 122.7 126.2 125.6 127.4
30.4 29.4 29.4 29.1 28.7 31.9 35.1 39.6 42.6 44 45.2 46 46.2 45.9 41.9 36.8 39.2 42.4 47.5 51.4 53 52.8 52 55.7 60 64.4 68.6 74.2 79.8 85 89.5 92.9 95.7 96.2 97 101.9 106.3 109.6 111.9 113.7 114.4 113 114.6 114.5 113.1 110.7 107.2 103.4 97 90.2 84.6 79 73.1 68 61.8 69.9 77 81.3 84.5 87.9 90.7 95.5 99.8 103.1 105.6 108.4 110.4 110.4 110.6 114.3 118.8 122 123.7 125.1 125.7 128.1 131.2 131.5 130.8 132.1 133.7 134.7
29.5 29.7 29.4 30.1 31.6 32.7 34.2 40.1 44.1 45.5 46.7 47.1 47.7 47.9 47.6 43.5 41 39.7 41.3 46.3 46.2 49.1 55 58.6 62.3 65.6 70.9 76.1 81.3 85.6 88.6 90.1 92.8 92.9 95.2 100.1 104.6 107.8 111.9 114.2 116.1 116.3 118.2 117.4 116.1 114.1 108.7 102.6 99.1 95.1 90.9 86.2 81.3 73.5 67.1 64.3 73.6 78.9 83.9 86.6 89.3 93.3 95.9 100.7 103.1 105.7 106.6 105.9 108.6 112.8 115.9 120.4 125.1 128.1 129.8 134.6 137.9 141.5 143 141.9 141.6 144.1
29.8 29.4 30 31.3 29.2 33.1 34.3 39.4 44.7 46.9 47.4 47.5 48.5 48.8 49.5 49.7 46.1 44.2 43.4 41.6 45.8 51.9 56.5 60.1 63.4 66.5 71.4 76.7 81.1 84 84.5 85.7 87.3 87.4 92.1 96.3 100.7 103.7 107.5 112.2 115.1 116.9 119.5 120 118.5 116.1 111.7 108.5 102.4 97.2 95.1 91.1 86 77.7 70.7 68.4 67 73.7 77.2 79.3 83.7 86.1 91.1 94.9 96.5 98.4 99.1 102.4 106.2 109.4 113.5 119.2 126.3 130.6 134.7 138.5 143.7 148.2 149.3 150.3 150.4 155
29.9 30 30 29.2 30.3 33.2 36.3 42.1 45 46.3 46.7 47.5 48.8 49.3 51.5 52.1 51.5 50.4 49.8 47 43 49.8 55.9 60.6 64.2 67.2 70.2 74.9 79 79.4 80.4 80.8 81.1 82.7 87.8 91.1 94.9 98.8 103.3 107.7 112.1 116 119.5 122.2 122.5 120.5 117.5 112.3 106.2 102.9 99.2 95.2 86.8 80.4 76.9 73.7 70.2 67.8 68.2 71.2 74.5 78.1 83.1 86.4 89.3 93.1 96.3 97.8 101.2 107.9 112.1 118.1 126.2 130 133.8 137.9 142.7 147.8 152.5 154 156.6 161.7
29.3 29.6 29.4 30.8 30.8 32.3 38.1 46.3 45.6 46.5 47.1 47.8 49.2 51.2 52.7 54.1 53.7 53.2 54.7 52.9 48.7 46 53.6 59.8 64.6 65.5 66.1 70.5 72.7 73.4 73.5 73.7 74.1 76.5 81.6 86.2 90.6 94.1 97.1 102.8 108.9 114 117.6 121.2 124.7 124.4 121.3 116.2 110.9 106.4 102.6 97 91 87.1 83.9 77.8 74.4 73.5 71 71.2 70.3 73.1 76 77.9 82.4 87.4 87.3 91.2 100.6 106.2 110.5 117 124.9 128.8 132.8 137.1 142.2 147.4 152.5 156.4 159 162.1
29.5 30.1 30.9 30.7 30.8 34.6 40 45.1 46 46.3 46.4 48.2 50.2 51.4 53.6 54.4 55.3 55.8 58 57.9 54.2 47.6 50.4 58 62.8 63.9 62.5 64.1 65.7 67.6 67.1 67.3 67.7 71.2 76.6 81 85.3 88.6 94.7 100.1 106.1 111.9 115.6 119.5 123.9 126.4 124 121 115.9 110.3 104 98.5 95.6 93.3 87.9 82.3 81 79.3 76.6 77 78.6 77.7 74.2 74.9 76.5 78.3 82.4 91.9 97.4 102.2 106.6 113.7 117.4 127 130.6 136.4 141.3 146.4 151.7 155.8 158.8 162
29.4 31.2 31.3 30.6 31.9 36.7 42.2 43.9 45.1 45.5 47.4 49 50.2 52 53.8 55.6 55.9 56.7 58.4 59.2 60.2 55 47.2 52.6 59.1 59.3 56.2 56.8 60.5 61.7 65.5 69.2 73.4 75.4 73.1 74 81.2 86.6 92.4 98.6 102.4 107.9 114.4 119.1 123.7 126.8 126.2 124.3 119.5 112.2 105.9 102.5 100.5 97.6 92.4 87.7 87.3 85.7 82.6 82.7 83.4 82.4 77.7 75.6 77.6 78.8 80.6 85.8 92.3 97.5 104.9 109 115.1 117.7 121.7 128.7 138.9 145.1 150 154.4 157.7 161.4
30.6 32.1 32.6 32.6 33.7 38.8 39.7 41.4 42.9 45.6 48.1 49.2 50.7 52.6 54.7 55.6 56.3 56.4 60.7 61.7 61.9 61.1 52.8 48.8 53.1 52.7 57.5 61.4 62.6 66.2 71.4 75.6 79.5 82 81.5 81.5 84.3 89.8 94.3 97.9 102.5 108.4 113.9 118.6 123.9 126.4 127 125.7 122.7 115.6 108.3 106.6 104.1 100.9 97.1 92.9 92.3 91.2 89.9 89.2 87.7 83.8 78.9 78 83.2 84.5 84.5 84.1 88 92.3 98.1 106.3 111.9 116.8 120.9 122.7 128.1 139.5 145.7 152.4 156.6 160.7
31.9 32.3 32.6 33.7 35.4 39.5 41.7 41.9 42.7 45.4 48.2 49.3 51.1 53.6 55.7 57.5 59.1 60.7 62.2 64.9 63.8 61.4 59.6 53.9 50.9 57.4 62.2 65 66.1 68.8 74.5 79.8 83.4 86 85.7 85.5 86.4 88 93.6 99.4 104.7 109.7 114.9 119.9 123.8 126.2 127.4 127.3 123.8 117.6 113.4 110.7 107.3 104.5 101.8 101.6 101.2 98.2 94.7 92.3 88.6 84.6 79.4 82.3 89.8 92.1 93.9 91.9 86.9 87.9 93.1 99.3 106.6 112.9 116.9 121.4 123.3 129.2 139.5 147.9 153.6 157.8
31.3 31.8 32.6 35.5 37.8 40.2 43.6 44.7 43.9 45.6 47.5 49.3 51.7 55.1 57.2 59.5 62.3 64.7 66.9 66 67.1 66.5 63.3 58.9 54 59 63.8 66.3 68.1 71.6 75.5 81.8 86.8 91.4 92.6 90.9 89.5 90.3 90.6 95.4 101.4 107.4 113.3 120.3 123.6 126.1 127.7 128.2 125.6 123.8 121.1 116.9 113.3 110.6 109.4 111.1 109.5 105.5 101.2 96.6 90.4 84.2 81.1 89.4 97.3 101.7 102.8 100.8 98.6 96.3 92 93 99.7 105.6 112.1 118.5 122.2 124.6 132.7 141.4 148.7 155
31.9 32.2 33 39.1 41 44 46.4 48.1 45.7 48 49 50.8 53.1 55.7 59.6 61.4 64.2 66.9 68.9 71.9 73.6 67.4 66.9 63.2 58.2 56.7 61.4 64.4 68.4 74.3 79.2 84.1 89.4 94 96.5 97.7 95.2 95 95.2 96.2 100.1 107 114.3 120.7 124.1 126.7 128.6 131.1 130.6 129.6 127.7 124.4 120.8 118.9 119.1 117.6 114.5 110.1 105.2 98.5 92.2 84.2 82.1 91.8 100.9 108.8 112.1 109.4 107.1 105 101.9 95.9 95.6 99.4 104.2 111.6 118 123.3 128.3 135 143 147.7
32.7 33 33.8 40.8 45.6 48.6 49.7 49.3 48.9 49 50.3 52.4 54.6 57.2 60.2 64.3 66.5 69.5 73 75.8 77.8 75.7 70.9 66.3 61.7 57.1 58.5 63.8 69 75.3 81.1 86.7 91.5 95.4 98 100.6 102.2 101.5 101.5 102 105.1 111 116.9 121.1 124.7 127.2 130.6 134.3 135.7 135.1 133.2 130.1 128.1 125.7 122.8 121.8 117.2 111.9 106.8 100.1 94.2 87.3 81.9 88.8 100.9 110.8 116.1 117.2 116.7 114.5 109.5 104.5 101.7 101.5 101.2 105.2 110.5 114.7 123.6 129.4 136.7 140.3
34.7 34.6 34.1 37.8 47.5 50.3 51.3 51.2 51 50.3 51.9 54 56.2 59.2 61.9 66 69.5 73.2 77.1 79.6 80.1 78.4 73.1 68.6 64.2 59.9 59 64.7 71.1 76.6 81.4 87.5 92.5 96.1 99.5 103.7 106.4 105.3 107.4 108.2 109.3 114.1 118.3 122.2 124.8 128.5 132.4 136.5 140.1 141 140.8 135.8 133.1 132.3 129.4 124.7 119.9 114.4 109.5 101.7 98.5 94.1 86.5 90.6 101.1 111.3 118.4 120.3 121.6 120.5 113.1 109.7 109.7 112.5 110.4 105.3 105.3 107.8 112.6 120.4 126.9 136.3
36.8 37.8 35.2 35.6 46.6 49.7 52.1 53.2 52.4 52 53.8 56.1 58.7 61.4 64.3 68.1 71.5 76 79.8 82.5 82.2 80.8 76.3 71.5 66.8 61.6 60.4 65.9 70.4 75.4 80.5 86.4 92.2 96.6 100.7 104.5 107.7 109.8 112.2 113.9 114.8 115.3 117.8 122.3 125.6 129 133.1 138.8 142 145.7 147.3 143.5 138.4 136.3 132.7 129.2 126 119.3 110.9 104.6 102.7 97.5 89.2 92.5 101.8 112 119.6 122.3 123.8 119.7 118.4 120.9 116 118.2 116.6 113.8 109.7 108.2 109.6 113.6 124.2 130.2
42.9 43.2 37 36.1 42.9 49 52.2 54 53.3 54 55.6 57.9 60.2 62.8 66 70.4 74.8 78.7 82.8 84.4 84.1 81.7 78.6 73.8 68.7 63.4 62.2 63.4 67.5 71.7 77.6 83.4 90.2 95.9 100.6 105 108 110.9 114.5 117.7 119.1 120.2 120.2 121.5 126.7 129.7 135.5 140.8 144.7 149.1 151.9 152.4 147.7 138.7 135.6 133.7 129 122.6 115.6 110.4 107.3 101.1 93.1 93 103.6 112.2 120.8 124.9 125.4 121.5 124.1 127.1 124.4 128.4 124.9 119.9 115.4 112.3 111.4 114.9 120.4 125.8
46.9 46.9 41 36.5 38.6 46.4 52.3 54.5 55.1 55.9 57.3 59.5 62.2 64.8 67.8 72.1 76.7 81.3 84.4 85 84.4 82.2 78.8 73.8 68.4 65.6 65.9 66.2 68.3 70.2 74 80.2 84.8 90.6 95.9 104.1 106.7 109.5 113.8 120.2 123 124.1 122.9 124.7 127.7 131.4 137.2 142.9 148.2 152.2 154.9 156.5 153.5 146.4 140.2 135.8 131.7 127.6 122.3 117.4 110.9 104.6 97.4 94.5 102.6 110.9 120.3 124.7 126.8 128.3 130.4 131.6 133.4 132.8 128.4 126 121.2 115.6 115 118.8 123.7 128.7
48.5 48.6 45.9 38.7 37.8 43.2 49.3 53.5 56.6 57.5 59.2 61 63.8 67.3 69.7 72.8 77.4 81.6 84.1 84.2 83.6 81.7 77.7 73 68.2 70.5 70 71.1 74.4 75.1 74.9 76.1 81.7 86.9 91.2 97 99.5 102.6 110.4 120.9 124.6 127 126.9 125.9 129.3 133.3 139.3 147.4 152 154.6 160.1 161.6 159.2 151.9 144.5 138.9 134.5 130.7 127.3 122.2 113.5 106.4 99.9 95.7 103.6 112.9 121.6 126.2 129.3 132.1 135 136.7 138.5 140 135 131.9 126.5 120.7 117.1 123.2 129.9 135.2
50.6 50.9 46.9 41.9 39.5 38.5 45.9 49.5 54.7 58.2 60.3 62.2 64 68.2 71.6 74.6 78.1 81.2 83.6 83.9 83.5 81.7 78.3 73.1 72.1 75 75.7 75.4 80.8 82.7 80.8 79 84.7 88.9 89.8 93.1 98.4 102.2 104.6 113.4 121.6 126.4 128.2 128.6 130.9 134.7 139.9 147.3 152.7 157.3 163.5 166 163.7 156.9 149.4 141.7 138.3 133 129.5 123.7 114.2 108.4 103.9 96.9 105 113.9 121.6 127.6 132.5 136.6 139.5 141.9 143.5 144.8 142.7 138.4 132.1 126.5 121.9 128.3 135 140.8
52.1 51.2 49.4 46.2 41.4 39.7 43 46.1 51.4 55.9 58.1 62.1 65.5 68.3 71.5 74.8 77.7 80 83.7 83.9 84.1 81.6 78.9 73.8 76.7 81.5 83.6 81.6 85 88.7 86.5 83.5 86.6 95.1 97.6 99.3 102.8 110.3 114.3 117.7 119.6 123.2 128.1 130.7 132.9 136.9 143 149.2 155.7 158.3 165.5 168.4 168.3 163.3 149.9 145.4 140.4 136.8 130.3 123.2 115.9 111.6 106 98.2 104.8 114.8 121.1 127.2 135.6 139.9 143.4 146.1 147.7 148.8 149.4 146.6 139.2 132.3 129.5 134.2 140.2 147.2
52.9 53.4 53 51.2 44.6 42.1 41.9 44.5 47.4 50.8 55.1 61.6 65.1 68.3 71.2 74.5 77.3 80.3 83.2 84.5 83.9 82.5 79.7 77.2 80.8 86.4 89.8 88.2 89.7 94.7 94.3 88.8 88.6 92.5 99.4 105 109.2 114.4 119.6 125.7 127.8 127.1 129.5 133.3 136.1 141.7 147.9 154.1 159.9 165.8 169.4 170.6 170.2 165.8 150.2 148 143.6 137 132.7 126 121.7 115.6 108.5 102.7 105.3 114.4 122.6 128.9 134.8 143 146.4 149.2 150.9 152.1 152.6 151.5 146.3 140.2 137.8 140.6 146.2 155.4
53.6 54.4 53.8 53.7 51.9 48.2 42.9 42.2 44.4 45.7 51.5 59.5 64.9 68.1 70.8 74.2 77.6 80.5 82.5 83.7 83.6 83.1 81.3 82.2 85.4 90.6 93.9 94 96.1 98.9 98.9 93.4 97.4 96 100.8 108.1 111.4 116.4 122.8 129.4 133.6 134.5 134.1 136.4 139.6 143.8 149.5 155.9 163.9 170.3 175.3 174.7 173.2 169.2 156.4 149.7 146.1 139.6 135 132.9 129.1 121.2 115.2 109.8 107.8 112.9 121.7 129.7 133.2 144.4 148.2 150.9 153.8 156.2 156.3 156.7 154.1 148.3 145.3 147.3 153.7 163.5
54.4 55.3 55.6 55.7 55.7 53.2 49.4 43.8 41.9 43.7 49.1 56.8 61.9 65.9 70.3 74.1 77.2 79.8 81.9 81.6 82.1 82.6 83.4 86.8 90.2 95.1 98 100.5 101.8 103 102.9 101.7 104.3 103.8 104.9 108.6 114.2 120.1 126.2 133.3 137.8 138.6 137.6 139.8 143.1 146.3 151.7 158.4 167.1 174.1 180.1 181.6 178.3 173.3 161.6 152.1 147.9 144.6 139.4 136.7 133 126.5 120.7 115.5 110.9 114.9 122.4 129.7 136 141.5 149.5 155.4 159.8 160.6 161.3 162.2 161.6 159.7 156.2 156.4 161.5 169.4
55.2 56.9 57.4 57.3 57.2 57.3 54.1 50.6 47.2 44.9 45.9 50.9 56.6 61.5 66.8 72.2 75.7 77.6 78.3 78.2 79.9 81 84 87.3 93 96.5 100.1 103.4 105 106.9 107.9 108.1 108.3 109.1 109.7 113.3 118.2 123.1 131.3 138.1 141 142 140 142.3 145.2 148.5 152.7 162.2 170.4 177 183.3 187.7 185.8 179.5 167.7 155.4 150.1 146.5 144.2 140.4 135.5 131.7 126.1 116.5 116.3 116.2 124.5 131.5 134.7 141.4 148.3 161.9 164.2 164.8 164.9 165.7 166.1 167.4 168.3 167.8 168.8 176.1
56.2 57.3 58.1 59 60.4 60.2 60.4 58.3 53.2 48.2 46 48.1 51.1 55.8 60.5 67.4 71.7 73.6 74.6 75.1 77.2 79.6 82 87.1 92.4 97.7 102 105.2 108.2 110.7 112 112.9 113.5 114.4 114.6 118.1 122 126.9 136.2 142.7 144.4 144.5 143.7 145 147.6 150.7 157 165.3 173.7 178.6 185.6 190.1 192.7 189.2 178.1 162.3 150.9 147.7 146.1 143.7 139.3 136.1 129.3 124.1 120.3 120.2 125.2 130.9 136.1 141.1 147.7 156 167.1 168.4 168.9 169.9 172.1 174.2 175.4 177.3 179 182.8
57.5 58.5 59.2 61.1 62.8 63.1 63 62.6 57.8 52.7 47.4 47.4 47.8 50.2 53.6 60.4 64.8 68.8 70.1 71.5 74.2 77.9 80.4 83.5 89 94.5 101.2 105.3 109.6 113.2 115.5 118.3 122.5 122.3 120.9 122.2 124.9 133.5 142.5 145.8 147.5 147.1 145.8 147.1 149.2 154.5 160.4 167.4 174.5 180.7 188 191.9 194.8 195.7 187.2 174.4 161.2 152.8 150.5 147.5 144.6 140.4 135.2 130.4 126.5 123.3 126.4 131.6 137.1 143.1 149.2 156.2 170.2 171.4 174.3 176.9 178.8 179.9 180.9 182.8 185.1 187.8
57 59.9 61.8 63.8 65.3 66 66.4 65.1 63 58.3 52.2 52.8 51.1 50.5 49.6 52.1 57.1 56.7 61.9 65.7 69.9 75.1 74.2 78.3 85.8 92.6 97.6 104.4 109.7 115.2 117.3 120.9 124.3 127.2 129.2 130.8 134.9 141.2 145.6 148.5 149.8 149 147.8 147.9 150.8 156.6 162.8 169.6 177.5 182.2 189.1 193.7 196.5 197.7 195.6 186.3 173.6 162.8 157.4 151.8 148.4 145.9 141.7 136.8 132.9 129.3 129.6 134.3 140.8 146.6 153.1 158.7 172.8 177.4 179.1 181.2 183.9 185.1 185.5 189.1 191.2 191.4
58 60.1 62.4 65.2 67.2 68.9 70.3 70.9 69.7 63.2 60.8 59.8 58.6 57.8 55 52.4 52.2 56.1 56.9 59.7 64.4 66.5 70.8 76.7 83.7 93.1 99.2 102.7 107.9 113.6 117.4 119.8 123.5 128.4 132.6 135.6 139.1 142.8 147.1 149.6 150.8 150.9 150.1 149.7 152.8 157.9 163.3 170.2 177.6 182.6 190.4 194.6 197.4 200.1 199.6 196.7 184.8 172.1 165.2 158.3 152.2 148 142.8 141.5 138.8 138.5 134.4 137.9 143.7 148.8 155.4 160.8 175.2 180.4 183.8 186.6 188.1 190.7 192.2 193.1 193.7 195.4
58 59.8 62.2 66.9 69 70.5 72.8 72.1 72.4 70.3 69 66.9 66.9 66 64.8 60.5 54.6 52.4 55.4 61.1 68.5 73 73.8 77.6 83.6 92.8 98.5 103.6 108.8 113.7 115.8 119.1 122.7 127.5 133 136.7 140.3 143.8 147.2 150 151.5 152 151.3 151.9 153.9 157.7 162.7 169.2 177.5 183.9 191.1 195.3 198.2 201.3 202.8 200 196.7 182.2 172.3 165 158.6 152.8 149.6 145.7 145.4 144.7 142.7 142.1 146.6 152.8 158 163 176.1 185.5 188.5 191 193.5 195.4 195.5 197.2 198.1 198.5
57.6 60.5 63.5 66.1 68.8 71.4 73.7 75 76.3 74.6 74 73.4 73.4 73.4 71.6 67.9 60.2 54 56.7 64.4 71 76.4 80.1 79.8 84.1 91 97.1 102.5 107.8 112.3 114.8 118.4 121.9 127.3 132.2 136.8 140.3 143.4 146.9 149.9 152.1 152.7 152.6 153.5 154.7 157.4 162.5 168.6 177.8 185.7 191.5 196.5 198.8 202.2 204 203.3 202.1 195.5 183.1 173.4 167.2 160.8 156.1 152.3 150.7 148.4 149.4 149.4 151.9 158.9 162.2 168.7 185.7 190.9 193.3 195.8 197.7 198 199.7 200.7 201.3 202.1
57.2 59.9 62.8 65.5 69.3 72.7 76.5 78.2 79.8 80.4 79.9 78.8 79.6 79.3 77.9 72.5 62.2 54.3 55.8 64.8 71.6 76.5 80.5 84.5 87.2 91.1 96.1 99.4 102.9 109.4 113.9 117.2 120.5 125.2 130.3 135.1 139.7 143 146.1 149 151.4 152.9 152.9 152.8 154 156.2 160.3 168.6 177 186.1 191.6 197 199 202.7 204.8 205.4 204.7 202.9 198.9 188.5 176.7 169.9 163.5 160 157.3 156 156.5 157.6 158.3 161.4 170.5 182 191.1 194.7 197.1 198.9 199.8 202.8 203.5 204.1 204.5 204.3
55.8 58.2 60.2 64.5 68.3 74.3 77.6 80.7 82.6 84.5 84 83.4 83.9 82.8 80.5 75.2 65.5 56.8 55.5 62.3 69.6 74 77.9 83.4 87.6 91.9 97.5 102.7 105.5 108.9 112.9 115.7 119 123.5 128.3 133.3 138.1 141.7 145 148.1 150.6 152.3 152.5 152.5 153 155.1 159.2 166.8 176.9 185.2 191.6 197.2 199.9 202.5 205.5 207.5 207.7 206.4 204 200.8 192 182.9 175.9 171.3 167.2 165.4 164.1 163.9 166.8 173.2 182.8 190.9 194.4 198 199.7 202 204.7 205.9 206.5 206 205.7 205.5
