UK/data/so/so80_OST50GRID_20230518/SO80.asc
ncols 200
nrows 200
xllcorner 380000
yllcorner 200000
cellsize 50
[rows 144 to 179 of 200, columns 83 to 165 of 200]
54.9 53.3 48.8 45.6 52.3 67.1 79.3 86.6 90.7 99 109.2 112.9 115.3 121.5 143.5 160.2 157.9 145.7 150.4 159.5 172.6 173.1 178.5 183.7 182.6 181 177.7 174.8 169.8 166.4 152.3 136.3 121.3 110.1 99.2 90.6 87.5 86.1 81.7 72.6 60.8 52.7 53.1 52.7 57.4 57.9 60 72.6 85.2 91.1 92 95.8 110.7 124 132.3 137.1 143.8 153.1 159 166.2 174 171.2 176.6 173.3 167.4 163.5 148.6 132.2 116.8 101.8 88.2 74.2 78.4 95.6 113.5 133.1 153.1 166.9 173.4 180.3 187.9 191.9 191.4
55.7 54 49 45.6 49.5 60.2 66.6 73.1 76.4 83.2 90.3 97.4 104.7 124.5 146.1 153.2 144.4 130.8 131.4 142.1 151.5 157.2 169.7 179.5 182.7 181.2 178.4 176.3 173 170.1 162.4 146.6 134.1 126.8 113.8 101.1 97.7 93.3 83.3 72.7 66.3 61.6 52.9 53.7 53 58.5 58.5 61.9 71.8 76.7 84.5 98.5 108.9 118.7 121.2 127.4 136.6 148.1 154.3 160.4 166.8 168 167.9 168.8 164 155.7 139.5 123.4 110.2 97.1 82 73.9 83.3 105.5 125.4 144.6 162.3 168.7 174 185.3 188.7 188.8 188.9
56.3 52.8 47.9 45.7 48 55.1 59.1 62.9 68.3 76.6 85.2 99.5 113.9 126.6 139 134.9 127.2 115 113.6 124.4 136.9 151.5 164.6 177.3 181.8 181.6 180.7 181.9 178.3 173.8 170.8 159.5 148 143.6 131.9 116.8 105.8 96.7 87.1 83.2 77.7 67.6 61.2 54 53.1 54 58.4 57.8 60.9 69.4 85.2 97 103.5 110.1 109.3 117.4 129.3 139.3 148.1 153.3 157.4 159.2 160.7 162.2 154.8 145.5 128.1 115.1 102.5 91.2 76.5 74.7 92.2 114.5 134.7 155.8 165.5 171.6 177.2 184.6 187.8 184.4 185.2
57 52 46.6 45.4 50.4 60.6 69.3 75.3 82.5 88.7 95.8 106.3 116.4 123.6 122 114.5 107.6 102.1 104.5 113.9 130.8 150.4 166.2 179.2 182.6 183.3 185.2 185.9 182.8 179 173.3 167.8 162.5 156.3 146.7 130.3 115.2 105.5 96.8 89.4 79.3 77.2 67.5 60.8 56.3 54.3 53.5 52.5 52.5 62.6 73.5 93.1 96.8 99.4 100.2 111.8 119.9 129.2 137.8 144.3 149.5 151.7 155.1 151.6 148.5 137.9 121 107.1 94 85.2 74.6 79.7 101.6 122.3 142.4 158.9 167.2 173.2 177.1 177.9 174.3 173.9 174.7
51.1 50 45.6 47.3 53.1 62 70.7 79 86.3 95.3 104.9 107.9 110.1 110 102.9 98.2 94 97.5 107.7 121.5 139.3 156.2 173.5 180.2 182 186.3 190 191.4 187.4 184.9 176.9 171.5 167.5 161.2 154 143.8 130.2 119.1 106.6 96.3 89.6 82.5 75.4 70.4 62.5 56.9 55.5 53.1 52.5 53.2 62 72.2 86.1 90.6 93.5 101.6 111.7 120.9 128.7 133.1 141.3 143 142.7 143 144.1 130.1 116.1 102.3 89 75 77 90.7 112.5 130.9 149.4 158.2 164.9 167.9 170.2 167.9 167 169.1 169.6
48.7 46.9 45.9 49.9 55.8 60.4 67.6 75.5 84.5 93.9 102.4 103.5 101.4 96.2 89.3 87.8 93.4 97.1 106.8 121.9 139.3 156.2 171.9 179.7 182.3 188.5 194 192.9 191.4 186.3 181.3 175.3 170.3 165.4 159.4 152.5 142.6 130.3 118.5 106.9 97.3 90.2 84.9 79 73.5 63.2 57.9 55.2 54.7 55.8 56.8 62 70.6 79.4 87.7 95.1 103.4 109.5 115.6 122.9 131.3 133 132.4 136.7 137 124.8 110.8 94.7 79.4 71.5 79.4 100.7 118.4 135.1 150.7 155.2 159.9 161.9 163.2 160.8 159.5 161.8 158.6
47.6 45.9 48.5 54.5 58.7 60.9 66.8 73.9 80.6 87.9 92.9 93.8 90.9 84.1 85 91.3 99.3 105.2 112.6 125.7 141.4 157.2 171.1 178.5 183.7 190.6 193.7 194 192.1 188 183.8 177.8 172.7 169.4 165.3 158.8 151 141.1 130.4 119.1 106.1 99.2 92.6 87 80 75.6 66.8 58 56.2 55.1 56.3 61 68.6 68.3 77.4 88 94.3 99.5 104.7 111.3 114.9 114.8 119.9 128.7 128.2 116.8 104.7 88.3 73.2 71.3 88 105.6 119.2 135.9 145.3 149 149.7 150.4 151.7 151.5 149.1 148.1 150.3
44.8 47.1 50.9 56.5 61.3 62.3 65.5 71 76.7 80.8 84.5 83.2 77.9 79.8 88.8 96.6 104.5 114.2 128.4 139 151.1 166.1 173.7 178.9 185.5 192.2 195.7 196.3 194.4 189.9 185.8 180 174.6 169.8 167.3 162.7 155.3 149 137.9 126.8 115.1 105.3 97 90.4 85 79.5 67.5 58.3 58.7 56.3 56.3 57 59.9 59.9 61.8 71.3 81.2 88.5 97.5 101.7 101.9 101.8 111.1 115.1 116.7 107.9 96.2 81.6 70.5 72.4 87.5 103 115.5 123.3 126.5 128.6 128.8 128.9 128.9 129.4 128.9 128.7 130.5
45.7 49.3 54.9 59.1 62.5 64.1 65.4 68.1 71 74.4 75.7 71.8 74.5 81.7 89.4 97 105.9 120.2 136.9 153.6 164.7 172.5 175.7 180.8 187.2 193.7 197.5 197.6 195.8 192.3 187.4 182.8 176.5 171.1 168.4 163.9 158.2 152.1 143.1 130.7 119 107 98.8 92.2 85.5 78.8 63.3 70.9 66.6 61.2 58.6 56.2 59.1 57.4 56.7 58.6 63.2 73.2 81.6 90.2 91.2 94.5 101.2 101.7 101 96.2 87.2 75.3 67.3 73.6 84.1 92.6 98 105.3 107.5 108.8 109.3 109.3 108.3 108.9 111.5 112.4 114.6
47.6 51.9 56 56.9 60.6 63.3 66.6 67.5 67.1 66.7 67.6 71.2 74.6 77.5 82.3 90.5 99.9 114.1 131.3 150.8 163.7 170.7 175.6 180.9 189.1 195.5 199.3 200.1 198.1 193.3 188.7 183.8 176.8 171.3 168.8 165.2 160.3 154 144.1 131.7 117.9 107.4 95.6 87.6 81.2 77.1 65 73.7 72.7 70.8 63.3 61.7 57.8 57.2 56.8 57.5 57.5 59.6 68.1 74 80.5 85.9 92.2 91.5 88.4 84.2 80.4 71.1 65.4 74.6 81.3 84 86.4 90.4 91.7 92.6 92.7 94 93.7 94.3 97.8 99.6 98.9
46.8 48.7 49.9 52.3 53.3 55.3 57.8 60.3 60.4 64.6 65.3 69.2 76.1 82.4 89.2 95.6 103.9 114.2 130.2 144.5 157.6 167.5 175.2 181.8 190.4 196.8 200.4 202.7 199.9 194.6 188.7 182.2 176.4 170.8 169.1 165.6 161.4 155.1 145.6 133.8 121.4 110.4 100.8 92 86.1 78.1 65.1 76.1 78.3 75.8 71.6 64.6 65.6 64 57.3 57.9 58.7 58 58.2 63.8 69.7 77.8 82.9 82.9 80.6 79 76.8 68.9 66.6 73.3 78.5 78.5 78.8 78.5 78.5 79.3 79.6 79.8 81.5 82.2 84.4 82.4 82.5
46.4 47.4 53.8 59 60.9 59.9 59.5 61.5 63.1 66.9 71.6 75.6 79.3 81.8 86.6 96.9 111.5 126.2 137.8 151.6 160.9 168.9 177.6 185.2 193.1 197.7 202.5 202.8 199.8 194.3 187.2 180.4 174.4 169.5 167.9 165.4 161.2 155.7 148.5 138.7 126.7 115.9 107.1 97.8 88.3 75.6 71.2 81.7 86.1 82.9 79 74.7 69.4 64.1 66.5 61.2 58.7 58 58.2 58.7 63.1 66.3 75.2 78.4 76.5 75.7 73.3 65.4 65.3 74.6 73.1 71.4 70.3 70.1 69.3 69.6 69.4 69.2 69.7 69.1 67.8 67.2 67.2
46.4 48 53.2 60.5 65.2 65.1 65.9 63.7 68.2 67.6 71.7 77.4 83.8 91.4 94.2 97.2 109.2 128.4 144 158 165.8 169.6 178.1 187.5 194.6 200 202.7 201.7 197.8 191.8 183.6 178.2 172.5 168.8 167 163.9 159.7 155.8 149.4 139.8 127.3 118.5 108.5 99.3 88 73.1 76.6 87.4 97.6 92.2 86.9 83.2 78.9 75.4 72.1 65.6 63.3 61.5 59.9 60.6 60.3 60.6 64.8 73.8 72.4 72.4 72.2 64.1 66.6 71.3 68.3 67.4 65.8 62.6 63.7 61.5 63.6 63.9 64 63.6 62.8 63 62.9
46.4 48.1 53.7 61.7 67.9 70.3 71.5 68 71.2 72.5 73.6 77.9 84.8 92.6 104.7 109.5 117.8 129.4 147.4 159.1 166.8 174 179.3 189.5 195.8 200.5 201.6 200 195 188.8 182.2 175.2 168.9 165.9 164.8 159.3 152.1 144.5 137.2 126.8 112.7 105.4 98.2 92.5 83.2 72.5 80.7 92.6 108.6 103.1 98.3 91.2 85.1 81.2 78 75.9 72.6 67.8 62.7 63.6 63.9 58.3 60 64.8 65.8 66.2 66.6 66.9 67.1 64.7 62.5 61.2 62.3 62.1 62.4 64.6 66.3 68.3 62.8 64.1 65.8 67 68.1
46.4 50.9 58.2 66.9 72.5 76.2 77 76 76.1 78.1 79.8 82.8 87.5 95.4 106.1 117.3 132.9 141.5 147.6 160.8 171 177.8 186.8 193.1 197.4 200.4 201.4 198.6 192.9 187.3 180.2 174.8 165.3 153.4 151.7 147.5 137.7 129.7 118.4 106.6 96.3 89.4 84 80.1 76.8 77.3 87.8 103.2 116.8 117.3 110.6 101.4 96.2 90.5 85.7 82.8 77.9 74.3 63.9 60.1 58.5 57.7 58.8 60.5 60.7 61.8 61.7 62.1 62.3 61 61.1 61.2 61.9 63.3 66.2 68.4 72.5 81.7 80.2 81.7 80.4 83.1 83.5
47 54.7 67 75.6 80.6 84.3 86.1 85.1 83.7 84.3 86.2 89.6 95.7 106.4 117.8 127.2 141.3 155.7 161.6 167.6 175.7 180.2 191.1 195.3 199.3 200 200.2 197.9 193 188.9 183.3 175.9 168.2 158.3 138.4 132.7 122.2 111.3 102.8 102 100.9 100.3 96.8 88.2 80.2 83.3 94.6 110.9 128 129.1 123.6 117.2 111.3 103.9 97.3 91.9 87.7 86.8 79.5 70.1 62.7 58.2 58.3 58.7 60.3 60.7 60.2 60.5 61.2 61.7 61.9 63.8 68.9 77.9 83.1 86.5 90.3 93.3 93.4 93.3 95.7 99.9 101.6
48.8 59.2 72.5 82.4 88.1 92.2 95.2 96 94.4 93.6 97.9 104.6 114.8 126.3 136.5 144.7 152.8 160.1 166.1 173.1 177.6 184.9 193.3 197 200.9 201.2 199.8 198 193.7 192 185 175.7 168.9 156.8 140.1 127.5 122.4 121 121.4 122.7 123.5 121.9 112.7 93.3 79.7 88.5 99.6 116.8 134.9 134.7 133.5 129.4 126.5 120.6 112.5 104.8 98.6 98.7 94.3 85 72.7 62.7 59 59.8 59.8 60.3 60.3 60.4 62.2 70 76.9 82.7 89.8 92.9 97.6 99.9 101.3 104.3 105 105.5 108.2 115.9 120.3
51.3 62.4 75.8 85.4 90.1 97.6 103.6 108.2 110.4 110.7 115.2 122.8 132.5 144.8 151.7 156 160.5 166.3 170.9 176.2 180.7 191.3 195.9 198.1 200.7 201.1 200.1 198 194.8 189.9 183.5 176.3 170.8 162.3 151.8 144 143.1 142.4 143.1 141.2 138.5 131.6 114.9 93.7 86.2 93.9 105.9 125 137.9 146.7 144.8 142.3 137.7 135.6 128.8 121.5 114.2 109.6 101 87.8 75 80 72.2 64.3 64.9 67.8 67.7 68.1 78.7 87.2 94.5 95.1 100.2 104.2 109.7 115.6 117.7 122 122.1 124.9 127.9 133.7 136.1
54.1 66.3 77.1 87.1 94.2 101.4 109.9 117.5 124.3 127 132.9 140.9 148 153.7 157.8 164.8 168.6 171.5 175.8 178.3 187.8 196.1 198.6 200.3 200.2 200.6 201.4 199.6 196.9 193.2 188.3 180.9 175.1 168.8 164.9 160 158 156.5 153.7 151.2 144.5 130.6 112.5 92.8 89.7 99.8 114.1 132.4 146.3 151.2 150.7 151.7 150.1 144.8 141.6 135.7 128.7 117.5 104.7 93.9 88.8 91.4 88.4 77.1 72.9 73.6 74.2 83.3 94.1 99.7 106.4 109.2 115.5 120.8 125.4 131.7 134.5 137.1 139.6 142.5 147.3 148.6 147.5
53.1 63.8 77.6 86.5 94.6 104.3 114.9 125.1 134.3 140.4 142.9 152 154 158.5 165.3 170.9 174.3 177.9 184 189.7 194.7 198.8 201.1 201.5 201.1 202.8 202 200.3 198.3 196.1 192.8 186.9 178.5 173.9 171.6 167 164.5 161 156.9 150.6 137.2 120.2 102.1 92.2 97 108.3 127.6 137.3 152.2 156.6 159.3 160 159.3 157.3 153.7 148.1 142.6 125.4 111.8 102.6 100.4 101.3 98.4 93.5 84.4 84.8 89.8 95.6 104.1 112.4 118.4 126.1 132.2 137.7 141.7 144.9 147.5 151.5 154.4 156.8 156 157.2 156.4
57.3 71.5 80.9 88.5 96.7 106.9 117.8 130 138 145.2 148.2 151.6 157.1 163.7 170.3 175.3 180.8 184.5 191.2 195.4 199 201.1 202.8 200.9 202.6 203.9 203.2 202.2 200.7 198.2 195.7 191.1 186.7 181.9 177.5 173.6 168.8 162.1 154 138.7 122.9 107.3 99.5 102.2 108.9 123.2 136.3 148.7 158.6 163.1 164.8 167.5 166.1 162 157.7 154.2 148 136.7 126.3 119.8 117.3 117.8 115.7 107.6 96.8 89.5 98.6 107.9 115.5 125.6 135 140.3 146.2 149.3 153.5 155.1 158.9 161.7 164.1 164.8 165.4 163.2 165.6
57.8 70.3 81.5 90.9 101.6 110.9 121.1 128.6 139.1 145.3 149.6 154.6 161.7 168 173.4 177.6 186.6 190.6 195 198.5 201.3 203.2 204.5 202.4 206.1 205.1 203.9 203.6 201.9 199.5 196.9 194.1 190.5 185.9 181.1 177.5 169.8 161.4 145.6 126.7 114.1 113.6 116.5 116.1 128.4 139.2 151.4 160.7 165.5 169.1 171.7 172.6 173 166.8 161.3 157.5 152.2 147.4 142 137.1 135.1 136.5 133.5 122.2 110.8 104.6 110.3 117.6 127.8 138.2 142.8 148.5 153.1 158.1 159.2 164 169.6 172.9 175.4 176.9 177.9 179.6 181.2
57.4 67.2 80.5 91.6 103.8 114.5 125 134.3 141.9 146.2 151.8 157.6 166.4 172.4 175.9 183.9 189.2 194.1 197.8 200 201.2 204.5 205.5 205.6 206.3 206.4 206.3 203.4 200.4 201.7 198.8 196.1 193.3 189.5 185.4 178.5 169.4 159.9 146.2 133.9 126.6 135.1 137.8 136.1 143.4 155.7 162 167.4 171.8 175.3 177.7 178 177.8 174.3 167.2 161.8 158.5 155.6 153.7 150.5 149.4 146.8 143.7 136.5 126.4 115.3 124.3 135.5 139.4 149.5 153.5 155.2 160.4 166.1 169.9 175.9 179.7 182.4 184.9 186.4 187.2 187.5 187.5
53.9 63.7 77.6 91.9 104.1 115.7 126.4 136.6 144 149.1 154.7 159.6 168.8 177.2 184.8 189.9 191.7 195.3 198.8 200.9 203.1 204.9 205.8 206.4 206.9 206.9 206.5 205.4 200.1 201.7 200.4 198 195.4 191.5 187.2 180.1 171.3 166.6 156.4 152 149 153.6 153.1 152 159.6 165.4 170.2 174.2 177.9 180.5 181.5 182.3 181.3 179.1 175.5 169.5 162.4 160.7 159.2 156.8 156.7 154.2 152.3 149.6 140.6 129.9 139 145.3 149.8 154.6 159.8 160.4 168.6 176.4 181.7 184.2 187.3 189.4 190.6 191.7 192 191.8 191
50.2 59.9 72 86.5 102.9 115.3 127.4 136.7 145.7 152.8 156.8 161.6 169.5 180.4 187.6 192.6 193.9 196.2 199.7 201.7 203.7 205 206 206.7 206.8 206.7 206.2 205.4 205.4 203.6 202.8 199.4 196.9 193.1 188.6 184.3 176 171.2 166.3 161.7 162.8 164.9 166.3 164.9 168 173.6 177.6 180.8 183.9 185.4 185.8 185.1 183.6 180.8 178.4 176.2 173.8 169.5 165.8 162.7 163.1 162.1 158.5 154.1 150.4 150.2 151.6 155.3 157.5 162 165.1 173 181.6 185.2 187.8 190.1 191.9 192.9 193.5 193.5 193.5 193.7 192.8
50.7 56.8 67.1 79.6 97.9 110.7 121.8 131.2 138 149.8 156.1 161.9 168.1 175.9 183.6 191.3 193.5 195.3 199.4 201.5 203.9 205.4 206.1 206.5 206.5 206.5 206.4 205.9 204.5 204.8 201.9 200.2 197.6 194.6 191.2 187.3 184.4 177.6 171.7 170.5 170.4 170.2 174.6 176.5 178.6 182.1 183.3 186.5 187.7 189 189.3 188.2 185.8 183.9 182.7 181.1 178.7 177.2 175.8 173.7 169.9 168.1 164.9 163.5 160.3 157.8 159.1 161.8 163.7 171 178.8 184.1 186.5 189.6 191.7 193.5 194.6 194.6 194.5 194.5 194.4 194.5 193.9
49.8 53.3 63.1 75.4 89.6 100.9 112.7 119.9 130.9 144.4 154.1 156.9 163.5 170.9 175.5 182.5 190.3 193.8 198.3 201.1 203.5 205.1 205.9 205.8 205.9 206 206.1 205.8 205.1 203.2 203.4 201.6 199 196.7 193.9 190.5 188.7 185.7 181.9 180.8 179.2 182.5 184.7 185.8 186.8 187.4 189.3 190.7 192 192.1 191.5 189.5 188 187.3 186.6 185.2 183.6 182 181 179.9 179.2 178.4 174.8 169 166 164.4 165.7 171.4 178 183.2 186.6 188.8 190.3 192.6 194 195.3 195.3 195.2 195.1 195 194.9 194.8 194.5
49.3 50.1 58.9 71.5 84.3 91.4 99.6 109.9 121 132.1 139.6 144.1 154.3 164.4 171 175.9 183.4 192.2 196.6 200.9 203.1 204.8 206.2 205.1 205.3 205.6 205.9 205.8 205.3 204.3 202.1 202.5 200.9 198.4 196.8 194.5 193.1 191.8 190.9 190.6 189.6 190.9 192.5 191.9 192.4 193.1 193.5 194.5 194.5 194.2 193 191 191.4 190.4 190.1 189.1 188.1 186.8 185.8 185.9 185.3 184.6 183.7 182.3 178.9 179.4 182.2 186.6 188.3 189.5 191.8 192.6 194 194.2 195 195.7 196.5 196.7 196.6 196 195.4 194.9 194.6
50.2 50.6 54.2 66.8 78.5 85.2 92 100 108.2 117.4 121.4 130.8 143.7 158.6 168.9 173 178.9 184.7 194.8 200.1 202.5 204.2 205.5 205.8 205.9 206 206.1 205.8 205.2 204.2 203.6 202.7 201.7 199.2 198.1 197.6 196.8 196.3 196.2 195.8 196 196.4 196.2 196.5 196.1 197 197.4 197.2 196.8 195.3 194.2 193.7 193.5 193.2 193 192.5 191.6 190.9 190.6 190.4 190 189.5 188.4 187.4 187.2 189.2 190.2 191.4 192.2 193.1 194.2 195.3 195.7 195.6 196.2 196.9 196.9 196.8 196.6 196 195.4 195.1 194.7
51.3 50.8 50.8 59.8 70.2 76.9 82 90.1 101 108.8 118.2 133.6 145.5 159 166.1 170 176.3 179.8 188.6 199 201.6 204 204.6 205.7 205.9 206.1 206.8 207.1 205.1 204.4 203.8 203.2 200.7 201 200.7 200.1 199.6 199.1 198.8 198.9 199 199.4 199.7 199.9 199.7 199.8 199.4 199 198.6 197 195.9 195.6 195.4 195.7 195.4 194.8 194.4 193.9 193.4 193.7 194 193.3 192.6 192.1 192.5 192.8 193.7 193.9 195.2 195.5 195.6 196.4 197 197.1 197.4 197.1 196.9 196.7 196.6 195.9 195.5 195.2 194.8
52.6 51.1 51.4 54.3 64.6 72.3 80.9 93.3 103.4 110 118 128 136.7 153.8 159.7 166.9 172.8 180.3 186.1 198.4 201.8 203.5 204.7 205.7 206 206.3 209.2 208.7 205.4 204.7 204 203.3 203.1 202.3 202.3 202 201.9 201.7 201.2 201.6 201.1 201.9 202.1 201.7 201.6 201.7 201.1 200 199.3 198.2 198.2 197.5 197.2 196.9 197.2 196.7 196.5 196 195.6 195.6 195.4 194.6 194.5 194.5 194.2 194.3 194.4 195.4 196.1 196.7 196.9 197.7 197.3 197.9 197.6 197 196.9 196.7 196.5 196 195.5 194.9 194.4
54.7 51.3 51.3 51.8 59.9 70 80.5 88.5 95.3 102.2 110.2 120.2 130.9 147.2 159.2 165.4 170.8 179.3 187.2 195.9 199 203.1 204.3 205.3 205.8 205.8 205.8 205.6 205.3 204.8 204.1 203.6 203.3 202.9 202.6 202.8 202.3 203.2 203.6 203 203.7 203 203.6 203.2 202.9 202.3 200.6 200.5 199.5 199.3 199.7 199.3 199.2 198.9 197.9 197.6 197.2 196.5 196.2 196 195.8 195.4 194.3 194.9 194.8 194.9 194.9 195.8 196.8 197.7 198.1 198.1 197.5 197.5 197.3 197.6 197.3 197 197 196.4 195.6 195.1 194.8
61.5 52.9 50.9 51.4 59.1 68.1 76.8 85 92.4 101 111.7 124 135.1 147.8 158.2 165.7 172 177.4 186.5 197.1 200.2 202.3 203.6 204.7 205.1 205.1 205.2 204.8 204.5 204.1 203.8 203.7 203.4 203.2 203.1 203.2 203.4 204.1 204.1 203.7 203.6 203.9 203.7 203.1 202.8 202.2 201.6 201.2 200.6 200.1 199.8 200 199.5 198.5 198.2 197.8 197.5 196.9 196.6 196.2 195.9 195.2 194.4 193.2 195 195.4 195.4 196.1 197.1 197.8 198 197.9 198.1 197.4 197.7 197.4 197.1 197.1 197.2 196.4 195.9 195.8 195.3
66.6 58 51.2 51.8 56.6 64.5 71.4 88.3 97 104.8 116.5 128 137.9 150.1 161.1 166 171 174.3 182.3 196.2 199.3 201.5 203.1 203.9 204.4 204.5 204.6 204 203.7 203.6 203.4 203.4 203.4 203.4 203.3 203.7 204 204.4 204.1 204.1 203.9 204 203.6 203 202.5 202.1 200.4 200.4 201 200.3 200 199.5 199.1 198.7 198.4 198.1 197.5 196.6 196.3 196.1 195.7 195 193.8 194.3 194.6 195.2 195.7 196.8 197.2 197.5 197.1 197.3 197.4 197.2 197.4 196.9 196.4 196 196 196.2 195.9 195.6 195.2
70.6 63.5 54.4 52.5 53.2 59.8 68.3 81.8 94 102.8 113.4 127.1 136 146.3 155.5 163.5 170.2 175.1 182.5 195.5 198.5 201.1 202.5 203.3 203.9 203.9 203.8 203.8 203.6 203.3 202.9 202.5 202.8 203 203.4 202.9 204.3 204.4 204.4 203.8 203.4 203.2 203 202 201.7 201.1 200.2 200.2 199.7 199.4 199.1 199 198.4 198.4 198.3 198 197 196.1 195.9 195.7 195.5 194.8 193.6 194.1 194.1 194.9 195.3 196.1 196 196.8 196.8 196.7 197.1 197.2 196.5 196.4 195.9 195.6 195.6 195.2 195.3 195.4 194.7
72.4 68.4 59.1 53.1 53.8 58.5 65.2 76 90.7 98.3 106.9 120.5 134.6 145.2 155.4 162.8 169.2 172 177.2 192.3 197.4 199.8 201.5 202.8 203.3 203.1 203 203.2 202.5 202.3 202 202.1 202.3 201.9 202.9 203.5 203.2 203.7 203.5 203.1 202.6 202.4 202.2 201.6 201 200.5 199.3 199.4 198.5 198.4 198.7 198.5 197.5 197.4 197.4 196.5 195.5 195.3 194.7 194.3 194.1 193.8 193.1 193.2 193.7 194.5 194.9 195.2 195.3 196.1 195.9 196.5 196.9 196.2 195.5 195.4 194.9 194.5 195.3 194.1 194.8 194.4 194.6
