UK/data/no/no14_OST50GRID_20230518/NO14.asc
ncols 200
nrows 200
xllcorner 310000
yllcorner 740000
cellsize 50
[rows 152 to 189 of 200, columns 85 to 169 of 200]
85.4 83.7 80.7 78.2 75.5 73.3 72.2 71.9 69.8 67.4 65.2 63.9 63.7 63.6 63.3 62.3 61.1 60.8 58.7 57.5 55.4 54.7 55.4 56 54.8 54.4 53.9 53.1 52.4 51.1 50.2 49.4 47.4 46.1 46.2 46.8 44.8 43.3 43.2 43.5 43.6 44.6 44.8 45.1 47.5 49.6 50.4 50.6 50.7 50.6 51.1 51 51.2 51.6 51.8 51.4 52 52.2 52.5 53.1 53.1 53.1 53.2 52.9 53 53.2 53.7 53 53.5 53.3 53.2 53.5 53.6 54.8 54 54.2 54.4 54.8 54.9 54.6 55.4 55.3 55.3 54.2 54.4
85.1 83 80.8 79.1 77 76.1 76 74.6 72.6 70 67.7 67.6 66.9 65.7 66.1 65.6 64.5 63.2 61.5 59.8 58.1 57.9 59.3 59.8 58.4 57.7 57.4 55.9 55 54.1 52.9 52.4 51.6 49.2 50.2 50.6 47 44.9 44.2 44.1 43.4 42.2 41.6 43.2 42.5 43.9 48.3 49.8 49.6 47.4 48.6 50.7 50.7 51.2 51.6 51.9 52 52.2 52.5 52.9 53 52.9 53 53.3 53.1 53 52.8 52.2 52.8 53.4 53.3 52.6 53.1 53.2 52.7 54.3 54.4 54.5 54.7 55.1 55 54.5 54.3 53.8 52.7
82.2 81 79.4 77.8 77.7 77.9 76.4 74.4 71.8 69.7 67.8 67.7 66.7 65.2 64.3 63.5 62.6 61.5 60.2 59.5 60.6 61.2 61.3 62 62.5 62.5 61.7 60.3 59.3 58.2 56.8 56.5 55.5 53.8 54.3 53.7 51.2 49.3 46.2 45.3 44.9 46 48.2 48.2 47.8 41.9 43 45.4 49.3 50.3 50.7 51 50.7 50.9 51.3 51.6 51.9 52.2 52.4 52.7 52.9 52.6 52.6 52.9 52.4 52.7 53.2 52.9 52.2 53.1 52.9 53 52.9 52.7 53.5 54.7 54.2 54.8 54.3 54.4 53.7 52.5 53.8 53.7 53.5
80.3 78.9 76.9 76.5 76.2 73.9 72.3 70.8 69.6 67.7 66.8 66.3 65 64.4 63.5 63.6 63 61.2 60.2 61.6 64.7 64.7 64.8 66.1 66.4 65.5 64.8 64.2 63.3 62.1 60.9 60.3 59.2 58.1 58.3 57.8 55.8 53.5 50.5 47.7 46.5 46.2 48.4 49.5 49.5 49.5 42.5 43.9 50.6 50.9 51.2 51.2 50.8 50.7 51 51.3 51.6 51.9 52.2 52.4 52.7 52.4 52.2 52.4 52.5 52.8 53.2 52.7 52.9 52.2 53.6 53.7 53.8 53.6 53.2 53.4 53.8 54.4 54.2 53.6 52.5 52.9 53.6 53.6 52.8
74.7 72.7 71.9 70.9 69.7 68.3 67.7 67.1 65.9 65.6 65.2 65.4 64.7 65.4 66.1 66 65.4 62.9 62.7 65.9 68.3 68.2 68.5 68.9 69.2 68.6 68 67.4 66.7 64.9 64.6 64 62.8 62 62.3 62 59.9 56.8 53.4 52.6 51.3 49.9 48.3 50.5 50.1 49.8 44.5 42.5 50.4 51.2 51.3 51.3 51.2 51 51 51.1 51.3 51.6 51.9 52.5 52.2 51.8 52.3 52.5 52.3 53.1 52.4 53.1 52.6 52.6 53.4 53.6 53.4 53.6 53 52.7 52.8 53.1 52.9 52.9 52.4 52.1 53 52.4 52.4
70.1 68.8 67.9 67.5 66.7 66.3 66.3 66.2 65.2 65.1 64.8 64.9 66.6 67.6 68.5 69.2 68.9 66.6 68.2 70.1 71.9 72.4 73 72.7 72.5 72.2 71.2 70.9 68.8 66.8 65.8 66.7 66.7 66.5 67.4 65.2 61.8 59.4 57.8 56.7 55.1 53.3 52 51.1 50.6 50 47.3 40.8 49.9 51.1 51.2 51.3 51.3 51.1 51.2 51.3 51.5 51.6 51.8 52 51.9 51.7 51.9 51.7 51.8 51.6 52.3 51.8 52.1 52.7 53.5 53.6 53.4 52.9 52.2 52.8 52.7 53.3 53.4 53.6 52.8 52 52 52.2 52.2
67.5 67.3 66.6 66 65.5 65.1 65.3 64.9 64.6 64.9 65.5 66.7 69 69.9 71.2 72.3 73.1 72.8 74.8 74.4 75.9 76.9 76.9 76.9 76.6 75.7 74.8 74.5 73.1 70.9 70.7 71.8 72.4 71.8 71 67.2 64.7 62.7 61.2 59.6 58.1 56.7 55.1 53.3 52.7 52 49.6 44.7 45.2 50.8 50.4 50.7 51.4 51.5 51.5 51.7 51.8 51.7 52.1 52.3 52.2 51.8 51.2 51.2 51.5 51.1 50.7 51.5 52.6 53.3 52.7 53.2 53.6 52.8 52.5 52.2 52.1 52.5 52.4 52.8 53.4 51.5 51.5 52.3 52.3
65.9 65.9 65.6 64.9 64.6 64.3 64.3 65.1 65.8 66.6 68.6 69.6 71.3 72.9 74.4 75.3 76.3 77.5 77.7 78 79.1 79.8 79.9 80 80 78.9 78.3 77.8 77.2 75.9 75 75.6 75.3 73.8 71.4 69.7 67.8 65.9 64.3 62.6 61.2 60 58.1 56.4 55.8 54.6 52.4 48.3 40.5 44 48.7 49.4 51.1 52 51.6 52 52 51.9 52.3 52.5 52 51.9 51.7 51.2 51.2 51.2 51.5 53.2 53.7 52.9 52.3 53 52.8 52.3 51.9 51.7 51.7 51.7 51.6 51.5 51.5 51.5 51.5 52.5 52.7
63.8 64.8 65.1 64.6 64.2 65.3 65.8 67.4 68.2 69.5 71.1 72.2 73.5 74.9 76.2 77.1 78 79.1 80.2 80.4 80.9 82.2 82.6 82.7 82.8 81.7 81.1 80.6 79.6 78.7 78 77 76.1 74.8 73.4 72 70.6 68.8 66.9 65.1 63.5 62 60.3 58.7 57.6 56.5 54.9 53.2 47.6 43.9 40.4 45.2 50.4 51.7 51.4 51.7 51.9 51.3 52.2 51.8 51 50.7 51.2 51.7 50.9 51.1 52.1 53 52.4 52.4 51.8 52.5 52.9 53.2 51.5 51.5 51.5 51.5 51.5 51.5 51.5 51.5 51.4 52 52.3
63.1 64.1 64.7 64.7 65 65.8 68.6 70.7 71.1 71.2 73.1 74 75.3 76.2 77.3 78.4 79.6 80.7 81.8 82 82.6 83.6 84.2 84.3 84 83.5 82.8 82.2 81 80.7 79.8 78.7 77.7 76.4 75.2 73.4 71.9 70.2 69.1 67.6 65.8 63.9 62.3 60.8 59.4 58 56.5 54.9 52.7 49.7 46 43.1 45.8 51.4 51.5 51.7 51.7 51.7 51.9 51.2 51.2 51.3 51.5 51.6 51.3 51.6 52.3 51.9 51.9 51.9 52 52.4 52.2 52.4 51.5 51.5 51.5 51.5 51.6 51.5 51.6 51.5 52.3 52.1 52.4
63.8 64.4 65.4 65.3 64.9 67.7 70 71.4 72.3 72.9 73.9 75 75.9 76.8 77.6 78.7 79.8 81 81.9 82.3 82.9 83.4 84.1 84.7 84.5 84.2 83.9 82.9 82 81.3 80.6 79.6 78.8 77.5 75.7 74.2 72.8 71.5 70.9 71.5 69.6 67.2 65.2 63.5 61.5 59.6 58.1 56.7 55 53.2 50.3 45.4 39.8 47 51.5 51.4 51.4 51.6 51.3 51 51.1 51.8 51.7 51.6 51.5 52 51.8 51.7 51.6 51.5 52 52.9 52.9 52.2 52.1 52.1 51.8 52.4 52.3 52.9 52.6 51.9 52.8 52.3 52.1
63.7 64.6 65 65 66.4 69.3 69.9 71.4 71.8 73 74 74.6 75.3 76 76.5 77.6 78.4 79.2 80.3 81.2 81.7 82.2 82.6 83.2 83.3 82.9 82.4 81.7 80.9 80.5 80.4 79.3 78.3 77.6 76.4 75 73.6 72 70.5 70.6 70.1 68.8 66.8 65.4 62.7 60.6 59.2 58 56.1 54.5 52.6 47.8 43.9 42.6 51.8 51.8 51.4 51.1 50.6 51.3 51.4 51.6 51.5 51.6 51.7 51.9 52.1 52.2 52.1 52 52.3 52.9 53.5 52.1 52.9 52.3 52.5 52.9 53.1 52.4 52.2 52.4 52.8 52.1 52.4
61.7 62 64.1 66 67.6 69.3 70.3 71.2 71.6 72.6 73.2 73.9 74.5 75 75.3 75.9 76.2 76.7 77.7 78.1 78.9 78.6 79.5 79.9 80.7 80.6 80.3 80 79.7 79 78.5 77.9 77.3 76.3 75.2 74 72.9 71 69.9 69 68 66.7 66.2 65.3 64.3 62.4 60.9 59.1 57.3 55.5 53.5 51.1 46.7 42.8 46.7 51.9 51.5 51.3 51.1 51.5 51.5 51.5 51.1 51.1 52 52.1 52.3 52.5 52.6 52.6 52.6 52.5 52.2 52.6 52.9 52.4 52.4 52.3 53 53 52.9 53.5 53.4 52.6 52.6
60.2 61.9 64.9 66.4 67.6 69.1 70 70.8 71.4 71.8 72.1 72.8 73.5 74 74.3 74.4 74.5 74.9 75.4 75.8 76 76.5 76.5 76.5 76.7 77.4 77.5 77.2 76.7 76.4 76.2 76.1 75.3 74 72.9 71.8 70.9 69.4 68.3 68 67.1 66.1 65.3 67 65.1 63.7 62.9 60.6 58.4 56.6 54.6 52.6 50.4 44.1 42.4 51.5 51.6 51.4 51.4 51 51.2 51.6 50.5 51.9 52.4 52.4 52.6 52.7 52.9 52.9 52.5 52.8 53.2 52.6 52.2 52.6 52.8 52.6 53.1 53.1 53.5 53.2 53.3 52.9 52.3
62.3 63.9 65 66.2 67.4 68.5 69.3 69.9 70.5 70.9 71.2 71.7 72.3 73 73.5 73.7 73.6 73.5 74.2 74.8 75.2 75.6 75.2 75 74.7 73.8 73.9 73.5 73.2 72.9 72.4 72.2 72.3 71.6 70.9 69.9 68.8 68.1 67.5 67.1 66.7 65.8 64.9 63.9 62.9 63.1 62 60.1 58.9 57.1 56.2 54.5 52.2 47.4 41.4 47.5 50.8 50.3 50.1 51.3 51.4 50.1 50.9 52.2 52.7 52.7 52.7 52.7 52.7 52.7 52.6 52.5 52.2 51.4 50.9 51.3 51.6 52.1 52.4 52.8 52.4 52.1 52.5 52.4 52.1
61.5 62.6 63.6 64.6 65.6 66.5 67 67.4 67.6 68.1 68.7 69 70.4 71 71.7 72.1 72.2 71.7 72 73.9 74 73.5 73.2 73.2 72.8 71.9 71 70.5 69.7 69.2 69 68.7 68.9 69 68.4 67.7 67.1 66.6 65.8 65 64.5 64.5 64.1 62.8 61.1 61 60 58.4 57.5 56.5 57.1 55.6 52.7 49.9 43.4 41.9 46 45.5 46.3 49.1 50 47.6 51.3 52.2 52.4 52.6 52.6 52.6 52.6 52.2 51.8 51.3 50.9 50.5 51.5 51.1 52.1 52.4 52.7 52.5 52.4 52.4 52.7 53 52.7
59.1 59.9 60.9 61.4 62.1 62.8 63.2 63.3 63.7 63.4 63.9 64.2 65.7 67 67.9 68.3 68.7 69 70.4 71 71.1 71.1 71 70.5 70.1 69.2 68.7 68 67.1 66.7 66.3 65.7 65.8 66.1 65.8 65.2 64.9 64.1 63.7 63 62.3 61.8 61.3 61.5 60.6 58.9 58.5 57.1 56 56.2 57.4 56.2 53.4 52.3 47.6 41.1 41.2 41.5 39.5 46.5 47.4 50.2 51.7 52 51.8 52.5 52.5 52.4 52 51.1 51.6 51.7 52.1 52.2 51 50.7 52 52.9 53 52.9 52.8 52.8 52.9 53.1 53.6
56.4 56.7 57.8 58.3 58.8 59.2 59.3 59.2 59.3 59.1 59.6 59.9 60.8 61.8 63 64.7 66.7 67.1 67.2 68.1 68.3 68.4 68.2 67.8 67.4 66.7 66 65.5 65.1 64.7 64.4 63.4 64 63.1 63.8 63.1 62.8 61.6 61 60.4 60.6 59.8 60.7 59.8 58.8 58.5 57.5 55.9 54.5 55.7 57.6 56.7 54.8 54.1 53.2 48.8 45.2 44.5 45.8 39.5 43.2 50.7 51.7 51.6 50.8 52.1 52.2 52.2 51.1 50.5 51.7 51.6 52.1 52.7 51.6 51.6 52.2 52.7 53 53.1 53.1 53.1 52.9 53.3 54.2
53.6 53.9 55 55.4 56 56.1 56.2 56.4 56.7 56.8 56.9 57.4 59.3 61.1 62.9 63.9 65.1 65.3 65.7 65.6 65.7 65.7 65.3 65 64.7 64.4 63.4 63 63.1 63.1 62.6 61.8 61.7 61.2 61.6 61.2 61.1 59.4 58.2 58 58.5 58.6 58.2 57.3 56.8 56.3 55.5 54.5 53.3 53.5 54 54.2 53.5 54.3 54.9 54.1 51.3 47.9 47.9 42.4 40.9 48.6 51.2 50.9 51 51.8 52 51.6 50.1 51.2 51.9 51.4 51.5 51.6 50.2 50.7 51.8 52.4 53 53.1 53.1 52.5 53.1 54.4 56
52 52.7 53.2 53.6 54.1 54.3 54.5 55 55.3 55.6 56.5 57.4 59.2 61.2 62 63 63.2 63.4 63.3 63 63 62.9 62.5 62.2 61.9 61.6 61.4 61 61.2 61.7 61.6 61.5 60.7 59.9 59.7 59.4 58.7 57.4 56.3 56.4 56.4 56.4 55.9 55.4 55 54.2 53.5 53 52.3 51.9 51.7 51.7 52.5 53.6 55.2 55.5 53.6 51.9 50.1 42.3 41.5 45.3 50 49.9 50.7 52 51.2 50.1 50.4 51.9 51.6 51.6 52 52.5 51 50.6 51.5 52.7 52.8 52.7 52.5 53 54.2 55.6 57.3
51.2 51.9 52.1 52.8 53.4 53.6 53.8 54.2 54.2 55 55.5 56.9 57.6 59 59.5 60.1 59.6 59.8 59.7 59.4 59.3 59.3 59.5 59.5 59.3 59 58.8 58.8 59.8 59.8 60.2 60.4 59.6 58.5 57.8 57.6 56.6 55.8 55.2 55 54.7 54.6 54.8 54.4 54.1 53.1 52.3 50.8 51.5 51.2 51.1 51.4 52 53 54.7 55.9 55.5 53.2 51.5 48.6 43.8 38.8 40.9 41.5 41.6 49.6 50.7 46.8 51.6 51.9 51.6 51.9 52.2 52.5 51.8 51 51.1 51.8 52.5 52.3 52.6 53.9 55.2 56.8 58.5
50.3 51.1 51 51.6 53.3 53.7 54.1 54.3 53.7 54.8 55.7 55.9 56.4 56.9 57.1 57.3 57.1 56.8 56.5 56.3 55.5 55.9 55.7 55.9 56 56.1 56.2 57 57.8 57.7 57.2 57.8 57.6 56.8 55.9 55.2 54.7 54.2 54.2 52.8 53.1 53 53.4 53.7 53.5 52.6 51.9 51.2 50.7 50.9 51.2 51.5 51.6 52.4 54.3 55.8 56.2 53.7 52.8 51.9 51.6 48.3 47.1 46.1 40.9 42.2 47.4 51.6 51.6 51.7 51.8 51.9 52.3 51.9 51.1 50.3 51.5 52.1 52.5 52.3 53 53.9 55.1 56.9 58.9
48.4 49.4 50.7 51.7 52 53.4 53.8 51.9 54.2 54.4 55.1 55.3 55.1 55.1 55.2 55.2 54.9 54.6 54.2 53.7 53.1 52.9 52.9 53.1 53.5 53.4 53 54.1 55 55.2 54.7 55.2 55.1 54.3 54 52.5 51.9 51.9 52 50.9 50.8 50.9 51.9 52.9 52.9 52.8 51.9 51 50.4 51.3 51.8 52 52.2 52.8 54.7 57 56.7 54.7 53.1 53.1 52.8 52.6 51.8 50.7 43.9 40.5 51.3 51.7 51.6 51.7 51.8 51.8 51.6 51.1 49.2 51.6 52.8 52.3 53.1 52.6 53.6 54.5 55.5 57.3 59.9
46.4 45.9 49 50.2 50.8 51.8 51.5 50.4 53 52.6 53.1 53.6 53.2 53.2 53.2 53.1 52.8 52.4 52 51.8 51.5 51.3 51.2 51.2 51.3 50.6 50.2 51.5 52.1 52.2 51.8 52.3 52.4 51.2 51.7 49.8 49.4 49.7 50 49 48.5 50.2 51.1 52.1 52.3 52.3 51.4 50.8 50.5 51.6 52.5 53 53.3 54.2 55.8 57.6 57.1 55.2 53 53.6 53.6 53.4 53.1 52.2 46.6 37.3 46.8 51.8 50.7 47.8 49.5 51 50.4 49.2 50.9 52.1 52.3 52.3 52.9 53.2 54.1 55.2 56.3 58.8 60.2
42.4 44.1 45.8 46.6 48.2 48.4 48.6 49.8 51.3 51.3 51.5 51 51 51.1 51.2 51.4 51 50.6 50.4 50.3 50 49.8 49.5 49.4 49.4 48.5 47.9 48.9 49.2 49.1 48.8 49.1 49 47.3 48.7 47.3 45.8 48.4 48.5 47 49 50.1 51.2 51.9 52.1 51.8 51 50.2 51 51.2 52.7 52.5 53.2 54 56 58 57.6 55.5 53.6 53.7 53.9 54 54 52.3 46.5 41.5 45.9 50.5 44.2 45.1 46.4 48.6 49.8 51.4 52 52.4 52.7 53.1 53 53.9 55 56.1 57.2 58.8 60.3
37.3 39.8 41.4 43.1 44.1 45.9 45.3 47.5 48.6 48.6 49.1 49 48.9 49.2 49.2 49.9 49.7 48.7 48.4 48.3 48 47.5 47.2 46.5 46 45.3 44.7 47.6 45.6 45.9 47.1 46.6 46.3 43.2 47.2 44.3 46.9 47.1 45.9 45.8 48.9 49.4 50.1 51.7 51.8 51.5 50.7 49.7 50.6 51.2 51.4 51 51.7 52.4 54 56 57.4 55.7 54.2 53.4 53.9 54 53.9 51.3 45.1 41.3 40.6 45.4 48.9 50.6 51.6 51.9 52.2 52.7 53.3 53.6 54.1 54.7 54.3 55.2 56.3 57.1 57.4 58.4 59.1
35.4 35.2 35.7 37.7 39.6 41.7 42.4 45 45.6 44.4 45.5 45.8 46 46.7 46.9 47.5 47.2 45.7 46.1 46.3 46.2 45.8 44.5 43.3 44.6 41.3 42.6 47.4 43.2 42.3 45.5 43 41.5 41.5 42.2 43.6 44.2 42.8 44 45.7 48.9 49.1 49.2 49.5 50.4 50 49.5 49.1 49.9 50.5 50.8 50.5 50.3 50.9 51.7 53.7 56.1 55.3 53.4 53.3 53 53.2 51.8 48 42.7 37 49.7 51.5 52.8 53.1 53.1 53.1 53.4 54 54.6 54.7 54.8 55 55.5 56.1 56.7 57 57.3 57.9 58.6
34.5 33.8 34 34.2 35.6 36.2 36.2 37.2 38.8 38.6 41 40.8 41.3 43.7 43.6 43.9 44 42.5 44 43.9 44.3 43.4 43.3 43.8 39.5 39 40 41.4 40.6 40.2 40.5 41.2 41.2 41.7 43 44.1 45.2 45.2 45.2 44.8 46 47.6 49.3 48.8 48.7 48.7 49.1 49.5 49.8 49.5 48.8 50.2 50.4 50.3 50.7 51.5 53.5 53 51.9 51.9 51.9 51.3 48.2 45 40.9 42.5 52 52.6 53.9 54.2 54.4 54.5 54.7 55.3 55.6 55.6 55.7 55.9 56.6 56.6 56.8 57.2 57.6 57.6 58.2
34.4 33.6 33.6 33.7 34.1 34.2 34.1 33.9 34.3 34.6 35 35 35.3 36.5 37.5 38.5 39 38.6 40.7 41.4 40.6 40.2 39.5 39.4 38.8 39.3 39.8 40.8 42.3 42.9 43.4 44.6 45.9 46.6 45.3 45.1 47.2 47.7 47.9 46.6 47.5 47.3 47.3 47.7 48.8 49 49.3 49.3 49.5 49.6 49.7 49.2 49.6 49.7 50.3 50.7 51.2 51.4 51.2 51 50 46.7 44.2 40.3 37 51 51.5 52.7 54.2 54.4 54.8 55.1 55.5 56 56.3 56.4 56.4 56.5 56.8 56.7 56.9 57.3 57.4 57.8 57.7
34.6 34.2 33.6 33.6 34.3 33.7 33.7 32.9 32.6 32.4 32.3 32.7 33.5 34.5 34.2 34.5 34.7 35.3 36.2 36.8 37 37 40 42.4 43.6 44.5 45.3 46.1 46.7 46.1 46 46.4 47.2 47.6 47.2 46.9 46.9 47.6 47.1 47.2 47.4 47.9 48 48.7 49.2 49.6 48.7 48.8 49 49.2 49.4 49.1 49.7 49.6 50.9 51.2 51.5 51.1 50.8 50.3 45.9 43 40.8 37.4 47.6 51.4 51.4 51.8 53.3 53.9 54.7 55.1 55.5 56.3 56.8 56.7 56.7 56.7 57 56.9 56.9 57.1 57 57.4 57.5
34.7 34.5 34 33 33.3 33.3 32.6 32.2 32.3 32.4 32.6 32.6 33.4 34.2 34.5 34.7 34.6 34.5 34.9 35.3 35.8 36.2 37.5 42.8 46.6 46.5 46.8 47.3 47.5 47.6 47.2 47.2 47.6 47.7 46.9 46.9 47.2 47.2 47.4 47.5 47.3 47 48.5 47.9 48.8 48.4 49 48.6 48.8 49.1 49.3 49.5 49.7 48.5 50.9 50.9 51 51.3 50.7 48.6 43.1 40 38.6 39.3 50.8 51 50.9 51.1 52.5 53.8 54.2 55 55.8 56.3 56.5 56.7 56.8 57 57.4 57.5 56.7 56.5 56.5 56.9 56.9
34.7 34.6 33.7 32.5 32.6 33.2 31.8 32.5 32.5 32.7 31.6 31.6 32.3 33.8 34.7 34.7 34.8 34.7 34.4 34.9 35 34.7 34.8 37.1 45.5 47 47.2 47.2 47.2 47.7 47.7 47.8 47.8 47.5 46.7 47.5 47.6 47.4 47.6 47.2 46.9 47.1 47 46.7 46.6 48.3 48.1 48.9 48.9 49.2 49.2 49.4 49.5 48.4 49.3 49.4 50.2 51.1 50.4 46 41.8 39.3 39.3 41.7 51 50.7 50.4 50.4 51.1 52 52.3 53.9 55 55.3 55.5 55.8 56 56.2 56.7 56.6 56.2 55.8 56.1 56.2 56.2
34 33.1 32.7 32.4 32.5 32.3 33.1 33 32.7 32.8 32.6 33 33.1 33.7 34.2 34.3 34.2 34.1 34.5 34.3 34.5 34.6 34.4 34.5 38.3 47.1 46.8 46.8 47.4 46.5 46.8 47.1 47.4 47.8 47.6 46.8 46.9 47.4 46.9 47.1 47.1 47.3 47.6 46.7 46.6 46.6 48.3 48.9 49.1 49.1 49.1 49.3 49.1 48.2 47.5 47.5 49.8 50.3 50.1 44.3 41 39.8 38.3 39 51 50.7 50.4 50.3 50.1 49.9 50.4 51.5 52.1 52.8 53.3 53.6 54.1 55 56 56.6 56.2 55.6 55.5 55.3 55.3
33.5 33 32.8 33.3 33.9 34.6 34 33 32.6 32.4 33.1 33.3 32.7 33.3 34 34.5 34.9 34.1 34.6 33.9 34 34 34.1 34.8 35.3 42.6 46.6 46.6 46.7 46.4 46.8 47.2 47.1 47.4 47.2 46.5 47.3 47.5 47.6 47.9 47.2 46.9 46.7 46.4 46.7 46.4 47.2 47 48.1 49 49 48.7 48.5 48.1 47.2 48.3 50.4 50.3 50.1 43.8 40.3 39.2 38.5 42.3 50.7 50.7 50.3 50.1 50 49.8 49.6 49.5 49.5 49.9 50.5 51.8 52.8 53.8 54.7 55.7 55.4 54.9 54 54.1 53.9
34 33.8 34 34.3 34.4 34.5 33.8 33.3 32.8 32.9 33.5 33.7 32.4 32.6 34.1 34.2 34 34 33.9 33.8 33.9 34 34.1 34.2 34.9 38.4 46.7 45.5 46.9 46.5 46.8 46.9 47.4 46.2 47.2 47.7 48.1 47 46.6 47.8 47.6 46.9 47.2 46.6 46.8 46.8 46.9 47.3 47.5 48.6 48.7 49 49.2 48.9 47.8 50.1 50.2 50.3 49.9 46.1 39.6 38.7 38.4 37.3 50.5 50.6 50.3 50 49.7 49.7 49.4 49.3 49.3 49 49 49.3 49.6 50 50.7 51.1 51.6 52 51.4 51.3 50
34 34.4 34.2 34.4 34.5 33.9 33.6 34.4 34.1 33.8 33.5 32.6 32.5 33.3 34.2 33.7 34.1 34 33.8 33.7 33.8 33.9 34 34.1 34.2 34.9 40.1 43.5 44.7 46.6 46.9 47.4 47.3 46.5 47.2 46.9 48.2 47.8 46.9 47 46.7 46.4 47.1 46.5 47.2 47.7 47.4 47.6 49.1 48.3 48.5 48.9 49 48.8 49.1 49.4 50.1 50.2 49.9 49.1 41.8 38.6 38.5 37.7 43.3 50.8 50.5 49.6 49.4 49.4 49.2 49.2 49.2 49 48.5 48.8 48.8 49 48.8 48.9 48.9 48.8 49.2 48.4 47.9
34.6 34.6 33.8 34.1 34 33.7 33.7 34.2 34 33.9 33.2 32.3 32.4 33.1 33.4 34.3 34.2 34 33.7 33.6 33.7 33.9 34 34.1 34.3 36.9 46 45.5 46.3 46.8 47.4 47.2 47 46.9 46.9 46.9 47.2 47.4 47.7 48.4 46.8 46.3 46.1 48 49.3 48 47.4 47.7 49.2 48.7 49.3 48.6 48.6 49.2 49.4 49.8 49.9 49.8 49.7 49.1 49.6 39.9 38.6 37.3 37.3 40.5 49.4 49.1 49.6 49.2 49 49.1 49.2 48.9 48.5 48.5 48.8 48.8 48.8 48.8 48.6 48.3 48.2 47.3 45.9
33.3 34.9 34 32.8 33 34.1 33.9 33.9 33.8 33.7 33.2 32.4 32.4 32.4 34 34.4 34.2 33.9 33.6 33.5 33.6 33.8 33.9 34 34.3 41.4 46.6 46.7 46.1 47.2 47.3 47.3 47 46.9 46.8 46.4 47.1 47.9 47.7 47.7 47.1 47.3 47.1 48.2 48.5 48.2 47.2 47.6 48.8 48.8 49.2 48.6 48.5 49.6 49.8 49.8 49.4 49.6 49.4 49.1 49.7 48.2 40.5 38.5 37.6 37 45.2 49.5 49.3 49 49 49.1 49.2 48.9 48.6 48.6 48.7 48.7 48.6 48.3 48 47.8 47.5 47 46.4
