WholeMapElevations/data/sx/sx68_OST50GRID_20230518/SX68.asc
ncols 200
nrows 200
xllcorner 260000
yllcorner 80000
cellsize 50
[rows 35 to 69 of 200, columns 78 to 155 of 200]
401.2 400.6 401.8 402.9 405.2 412.8 417.3 419.8 420.6 417.6 410.8 403.3 398.2 395.1 394.4 394 393.6 393.1 392 389.6 388.6 390.9 393.6 397.7 400.9 403.3 406.1 407.3 407.2 406 403.3 399.7 395.6 392.5 390 386.8 382.2 376.9 370.4 362.6 352.2 332.1 317.4 308.7 303.6 302.4 304.4 306.2 305 303.2 301.7 300.5 300.4 298.9 296.7 295.1 295.2 294.6 293.4 289.9 283.1 274.2 276.1 278.7 278.4 275.9 272.2 266.5 262.3 259.3 258 257 251.9 243.1 232.7 226.4 224.8 221
398.5 398.9 399.1 400.9 406.6 413 417.3 420.6 421.2 417.2 411.2 402.6 396.5 392.1 389.7 390.1 389.9 390 389.2 387.3 387 389.3 392 395.3 398.9 401.3 403.2 404.3 404.2 403 400.1 397.2 394.7 393 390.7 387.2 383.5 378.5 372 364.5 353.5 335.5 322.1 311.1 306.3 307.5 310.8 311.6 311.2 309.8 307 305.5 302.9 299 295.1 293.1 292.1 291.3 289.3 285.1 280.4 281.2 283.7 285.1 283.7 281.3 277.4 273.8 270.4 267.7 265.8 263.1 257.8 247.9 235.3 225.4 220.7 217.6
396 396.1 396.7 400.3 405.8 411.9 416.2 419.9 420.1 416.1 410.1 401.2 394.8 391.1 387.7 386.9 386.9 387 386.7 385.2 385.1 387.4 389.6 392.8 396.4 398.1 400.6 401.3 400.9 399.8 397.8 394.9 393.3 392.6 390.8 387.7 384 379.4 373.5 366.1 357.4 344.7 325.7 316.5 312 316.3 317.4 318.4 317.9 316.1 313.9 309.7 306 301.3 296 292.9 291.3 289.7 288 287.2 286.7 288.6 290.6 291 289.9 287.4 284.4 281.5 279.4 275.7 272.6 267.6 260.8 249.6 235.1 220.8 212.5 207.9
392.5 393.1 394.1 397.2 405.6 409.9 413.8 416.9 418.1 413.2 407.7 399.5 393 389.5 386.3 384.4 384.6 384.9 384.3 383.5 383.5 385.5 387.9 390.2 393.5 395.4 397.3 398.3 397.4 396.3 395 393.1 392.3 391.8 390.6 388 384.6 380.4 375.8 368.3 361.1 349.9 330.4 331.1 324.1 325.9 325.4 324.2 322.7 321.2 319.1 314.9 309.4 303.6 298.8 294.4 292.8 292.6 294.3 294.7 295.5 295.6 296.5 297.2 296.4 294.6 292.8 289.4 286.7 283.3 277.4 271.7 262 248.8 233.4 215.4 203.8 195
390.9 389.4 390.5 395.3 402.6 406.7 409.9 412.7 413.7 408.4 403.8 395.6 390.1 387.6 385 383.9 382.9 382.8 382.2 381.2 381.1 382.3 384.7 387 389.5 392.3 394.1 395.4 394.7 393.4 392.7 392 391.7 391.5 390.2 388.4 385.1 381.5 376.5 370 361.8 351.4 341.5 338.9 335.6 333 331.4 329.4 328.1 326.1 323.2 318.8 311.7 305.6 300.6 296.4 295 295.6 299.2 300.1 301.7 302 301.9 303.5 303.5 302.3 300.6 298 293.6 288.8 281.7 271.2 261.4 248.5 232.5 211.2 202.4 193
392.5 385.1 387.6 391.1 397.4 402.5 405 405.9 404.5 402.5 399.3 391.9 387.7 385.2 383.7 382.9 382 381.7 380 379.1 379 380 381.8 384.2 386.2 388.2 390.9 392.7 392.6 391.4 390.6 390.1 390.8 390.9 390.3 388.2 385.4 382.1 376.9 370.3 362.8 354.2 348.7 346.1 341.6 338.3 335.9 334.4 332.6 329.8 326.3 320.7 314.1 308.3 303.6 300.4 299 299.9 303.6 305.7 307.3 307.7 307.3 309.2 310.1 309.5 308.4 304.9 299.3 293 284.9 274.3 262.1 250.5 233.7 216.2 200.7 192
392.9 384 383.1 388.9 391.2 396.2 399.4 400.1 399.4 397.7 395.1 390.4 385.2 383.3 382.2 381.7 381.5 381.2 380.2 378 378 378.7 379.4 381.3 382.2 385.4 387.9 389.9 390.3 389.4 388.7 388.7 389.9 390.2 390 388.3 385.8 381.9 376.3 370.6 363.1 358.4 354.5 351.4 347.4 343.8 340.9 338.8 335.7 332.6 328.8 322.2 316 312.3 308.2 304.9 303.8 303.8 307.3 310.1 311.8 313 313.8 315.6 316.5 316.9 316.6 310.5 303.7 295.5 287.1 275.7 261.9 248.6 234.1 217.5 195.6 195.8
388.5 383.7 382.1 380.9 386.6 389.5 392.9 394.6 394.3 393.1 390.3 386.4 383 381.3 381 380.6 381.2 380.4 380.3 377.6 376.9 377.6 378.3 378.7 380 382 384.5 387.3 387.7 387 386.3 387.3 389.1 389.4 389.6 388.2 386.1 382 377.2 372 366.3 362.4 358.9 356 352 348.2 345.1 342.6 339.7 336 331.8 327 321.6 316.4 311.5 308.9 307.3 307.8 309.6 311.9 314.5 317.3 319.1 320.1 322.2 322.2 320.9 312.4 305.8 296.3 287.3 275.4 259.7 246.9 234.1 217.9 197.8 196.7
389.3 384.5 383.3 383.4 379.7 383.3 385.4 387.5 387.8 387.1 384.8 381.7 379 378.6 379.2 379.9 381.2 380.2 377.6 376.3 376.2 376.7 377 377.4 377.6 378.4 381.7 383.8 384.5 383.9 384.2 385.8 387.5 388.7 389.6 389.1 387 384.3 379.2 374.8 369.6 366.5 362.9 359.8 356.8 352.3 348.6 345.9 342.8 338.4 334.3 329.6 325.3 322 316.3 312.3 309.3 308.9 308.9 311 314.8 319.3 322.6 326.9 327.1 323.4 317.7 310.1 303 291.3 280.6 272.4 257.2 246.1 236.6 215.3 201.5 201.4
392.2 388.1 389 385.2 379.4 377.7 380.7 381 381.2 380.3 378.7 376.6 375.7 375.8 377.1 379.6 380.9 380.6 377.5 375.2 375.4 376 376.6 376.3 376.4 376.2 378.3 380.6 380.9 380.4 381.7 384.1 386.2 388.5 390.2 390.4 389.3 387.1 382.2 378.5 374.1 370.1 367.2 364 360.5 356.7 352.6 348.1 344.8 340.8 336.4 332.2 328.7 324.2 319.6 313.7 307.8 304.3 305.1 305.7 310.9 317.6 324.5 329.6 324.5 315.8 304.8 296.4 287.8 276.7 269.2 265 254.4 242.2 232.8 212.4 207.4 213.9
394.7 390.3 393.1 391.1 385.1 377.1 375.9 375.5 377.1 376.7 375.4 374 373.7 374.2 375.5 378.3 379.6 379.1 377 374.9 373.8 375.3 375.9 377 375.6 375.2 375.3 376.5 376.9 378.4 380.8 382.7 385.6 389 391.5 392.4 392 389.8 385.2 382.3 378.7 374.7 371.4 367.8 364 360.1 355.3 350.1 346.1 342 338.3 334.3 329.2 323.9 316.8 307.7 298.9 293.3 292.6 298.5 304 312 318.4 316.8 308.2 297.8 283.9 276.2 272 262.5 254.9 249.6 243.8 233.7 223.5 207.5 219.1 222.6
398.5 394.7 395.8 393.9 388.3 381.2 375.9 374 374.2 373.8 372.9 372.3 372.2 372.6 372.9 375 376.6 376.1 374.5 372.8 372.6 373.6 374.9 377.3 377.4 374.6 374.2 374.5 375.7 377.2 379.9 382.6 385.9 389.9 393.3 394.9 395.2 393.9 389.5 386.2 382.2 379.4 376.1 371.5 366.5 361.3 355.4 350.1 346.2 342.8 338.7 333.3 321.3 308.7 299.6 293.5 284.9 278.7 277.5 286.4 294.3 303 305.2 299.5 288 277.3 266.5 260.8 253.4 242.2 238 237.6 231.4 223.2 213.2 219.6 228.1 226.8
401.7 397.9 396.9 394.9 391.6 384.5 378.4 374.3 373.3 373.3 372 371.5 371.3 371 370.7 371.2 373.1 372.5 371.9 371.2 371.7 372.3 374 377.4 377.7 375.1 373.5 373.7 374.5 376.3 379.3 382.4 386.3 390.7 394.6 397.5 398.5 398.2 396.1 392.9 388.2 384 380.3 373.5 367.9 361.9 355.6 349.9 345.8 341.9 337.5 329.3 305.6 289.4 276.9 273.5 272.3 267.3 267 273.4 280.7 288.9 288.2 280.3 266.3 257.7 251.1 248.8 245.1 235.8 237.8 231.8 233.8 232 231.2 235.1 232.5 226.3
402.9 399.6 397.4 395 392.2 385.8 378.6 375 373.3 372.2 371.8 371.7 370.6 369.8 369.7 369.9 370.5 370.6 370.5 370.6 371.4 373.2 374.2 376.7 376.8 375 372.8 373.1 373.5 375.6 379.1 382.4 385.5 391.5 395.7 399.4 401.2 401.6 399.9 397.3 392.4 387.1 381.1 375.1 368.9 362.6 355.5 349.3 344.9 340.2 335.2 321.8 298.7 281.5 300.7 302.7 293.4 279.6 262.9 263.5 267.7 272.9 269.3 263.4 256.4 248.6 249.7 246.3 247.8 252 253.9 258.4 259.2 252.6 247.8 238.7 232 226.5
402.9 399.4 397.2 394.7 391.8 385.8 379.2 375.8 374.3 373.1 371.3 371 370.2 369.3 369.1 368.9 369.4 369.7 369.4 370.4 372.4 375.2 376 375.2 374.6 374.1 372.6 372.2 372.5 374.5 378.2 381.7 386 392 396.4 400.3 402.7 403.7 402.4 399.8 395.1 389 381.4 375.4 370.1 363.4 355.4 348 344.5 337.5 326.9 311 293.4 292.3 315.8 320.7 316.1 301.5 278 260.3 259.9 261.4 258 255.8 255.6 261.8 266.4 268.5 268.9 272.6 275.4 277.4 274 263.4 251.5 242.2 232.9 226.2
402.4 398.8 396.5 393.9 390.5 384.6 380.1 377 374.8 373.9 373.1 370.6 369.3 368.1 368.3 368.1 368.2 368.9 368.6 368.9 372.9 375.4 375.3 371.2 369.9 372.2 371.2 370.6 371.7 372.9 377.2 381.1 386.4 391.7 395.8 399.7 402.6 404.1 403.3 400.4 396.2 389.4 382.1 376.3 371.1 365 356.8 349.3 341.7 331.6 316.2 301.6 291.1 302.4 322.3 330.8 327.9 317.6 297.1 277.6 259.7 257.8 256 265.4 272.8 279.4 284.6 288.3 289.4 291.7 291.5 286.6 276.4 266.7 256 242.2 234.4 225.7
400.3 397.8 395.4 392.7 389.2 384 380 377.9 374.9 373.2 372.5 370.6 369.4 368.8 367.9 367.2 367 368 367.8 368.3 371.9 373.8 373.4 369.7 368.4 369 368.7 368.4 370.1 372.3 376.2 380.1 385.1 389.9 394 397.4 400.3 402.3 402.4 400.1 396.1 390.7 384.5 378.7 372.8 366.1 355.8 348.1 338.2 320.5 304.7 293.7 294.7 316.6 334.6 335.4 331.7 323.2 309.2 294.9 279.2 272 278.1 282.7 289.2 294.8 299.4 302.7 300.2 298.2 293.5 286.1 278.1 268.8 258.5 245.7 236.5 225.9
396.7 395.7 393.9 390.3 387.3 382.4 380.2 378 375.6 374.2 372.9 372.2 370.1 368 367.4 366.3 366.1 366.4 366.7 367.4 369.8 371.2 370.7 367.6 366.4 365.7 366.3 367.4 369.2 371.1 374.7 377.7 382.8 387.5 390.7 394 396.6 398.7 399.6 398.5 395.7 391.2 386 380.3 373.9 365.5 351.7 345.6 333.3 312.1 295.5 296.4 312.2 328.9 339.5 339.1 335 327.2 315.3 304.5 295.3 292.4 291.7 292.3 296.1 301 304.3 304.6 302.9 298.4 292 285.5 277.8 269.2 258.9 246.7 236.2 226.6
397 393.6 391.5 388.8 386.2 385.4 383.5 380.4 377.8 377.1 377.1 376.4 374.5 369 368.1 366.6 365.9 365.2 365.5 366.4 367 367.7 367.3 365.1 364.3 364.4 364.9 366 367.5 369.7 372.3 375.1 380.1 382.8 386.3 389 391.6 394.1 396.1 396 394.2 390.4 385.8 380.6 373.8 364.3 352.7 340.6 323.8 308.8 293.7 305.7 322.4 335.7 344.6 341.2 336.1 329.3 319.1 312.3 306.3 302.1 299.8 298.5 299.3 301.7 302.7 302.6 300 294.6 289.3 283.1 276.9 269.2 259.8 247.8 239 231.7
404.6 392.5 389.4 387.1 388.9 388.1 386.1 381.6 380.4 380.6 380.6 380.1 378.4 373.9 368.2 367.6 367 366.3 365.5 365.3 365.1 365.2 364.4 364.3 363.6 363.8 363.9 364.2 366.4 368.5 371.3 373.5 375.6 378.6 380.6 382.7 385.4 388.7 391.5 392.9 391.9 388.5 384.2 379.1 372.1 362.3 348.6 331.9 318.1 302.5 298.8 315.4 329.6 339.7 345 344.1 339.4 333.1 326.7 320.9 315.6 310.2 305.1 301.8 300 298.8 298.7 298.2 296.3 291.4 285.9 280.9 275.8 269.7 261.7 251.4 242.9 240.6
406.7 398.3 390.9 391.5 391 389.4 386.1 383.8 384.7 384.9 385.1 384.2 380.8 375.6 370.5 368.4 367.5 366.9 365.9 363.9 365.1 364.6 363.9 363.7 363.2 362.5 362.7 363.3 363.4 366.8 369.4 370.8 371.4 372.2 374.3 376.5 379.3 382.7 386.1 388.8 388.5 385.6 380.9 374.9 367 357.2 341.1 320.5 304.9 299.8 307.9 325.1 337.1 344.3 347.7 347.4 343.9 339.3 333.4 329 323.4 315.5 308.7 302.5 298.2 295.6 293.1 292.4 291.9 288.5 283.4 279 274.6 269.4 264.1 257.1 251 246.7
407.2 396.9 393.5 393.2 392.1 388.8 386.1 386.9 389.4 389.7 388.7 386.1 381.8 375.4 371.8 369.6 368.8 367.2 366.7 364.7 363.8 363.2 363 362.4 362.2 362.1 361.9 361.9 362.5 364.5 367 368.3 367.7 364.8 365.3 369.3 373.5 377.5 380.9 384 383.2 380.8 376.1 369.4 361.5 351 332.7 313.3 302 307 321 334.8 345.1 350.9 354.1 352.7 349.9 346.6 342 336.7 328.9 319.5 311 302.8 297 292.7 288.4 287.2 287.2 284.4 279.9 275.8 272.4 269.8 265.8 261.2 256.4 249.9
406.7 395.4 394 394.3 392.3 388.7 387.9 392 392.7 392.5 390.5 386.9 381.3 376.9 373.7 370.7 369.4 368.4 367.8 367.9 365.2 363.3 362.6 362.1 361.9 361.4 361.1 361 360.2 360.7 362.1 364.1 360.6 350.8 351.2 359.9 366.7 372.2 374.8 376.3 376.3 374.4 369.1 362.5 354.1 344.1 326.5 304.9 309.3 318.6 334.6 346.1 353.3 357.5 360.1 358.9 357.9 354.2 349.5 342.8 334.3 323.8 314.1 304.6 296.5 291 286.5 282.8 282.6 280.6 276.2 272.5 270 268.1 265.9 262.6 258.1 251.9
405.3 396.4 395 394.2 392.5 389.2 392.8 395 395.1 394 391.3 384.9 381.2 379.1 375.8 372.1 370.2 369.5 368.9 369.1 367.6 365.8 363.9 362.3 362.3 361.9 361.9 360.9 361.3 359.4 359.2 357 358 361.6 355.4 347.2 358.2 366 367.2 368.1 368.1 365.8 360.3 353.8 346.9 339 319.5 308.4 317.6 334.5 346 353.4 359.9 365.4 366.6 367.1 365.5 361.5 355.3 347.6 339.1 328.3 317.8 307.1 297.2 290.8 285.3 280.6 278.5 276.3 273.2 269.3 267.2 266.2 265 262.1 258.1 252.8
406 397.8 395.4 394.4 391.9 390.8 395.2 397.1 396.4 394.8 390.2 384.4 382.3 380.5 377.9 374.3 371.2 370.4 369.9 369 368.3 367 364.6 362.3 362 362 361.9 361.7 361.1 363.1 365.9 367.7 370.6 372 368.3 346 347.7 358 358.5 360.6 359.9 355.4 350.3 344.5 337.8 326.9 311.7 312.6 329.8 342.9 352.6 359.1 365.2 371.3 373.7 374.9 372.4 366.5 359.6 349.9 340.7 330.8 319.8 308.7 299.4 292.6 285.2 280.6 276 273.4 270.2 267.1 264.7 263.4 262.5 260.5 258.2 253.1
405.8 397.6 395.4 394.2 392.8 393.5 396.4 397.3 396.3 393.8 388.6 385.3 383.7 382.1 379.6 375.9 373 371.1 370.2 369.1 367.1 366.3 364.4 363.6 363.3 361.7 361.6 361.8 362.5 365.9 368.7 372.8 374.1 374.5 371.5 359.8 337.8 341.5 341.1 343.3 345.2 341.9 337.5 330.9 323 313.2 311 317 338.2 349.4 356.4 363.3 370.4 376.1 379.5 379.8 376.3 369.3 360.5 350.3 340.5 330.8 321.3 311.5 302.2 295 288.4 281.6 276.7 272 269.1 265.6 262.4 261 260 258 256.6 252.7
403.8 396.7 395 394.1 393.4 395.2 395.5 395.8 394.2 391.8 387.2 385.7 384.2 382.6 379.5 377 373.5 371.4 369.8 368.3 366.4 364.5 363.6 364 362.7 362.6 361.7 362.3 363.1 365.4 370.7 374.4 376 375.7 373.6 367.3 354.9 344.4 340.8 334.1 326.2 325.1 321.7 318 314.7 312.2 314.1 326.5 345.5 353.4 360.5 367.3 374.5 380.8 384 384.1 378.6 370.4 360.9 350.2 339.3 329.5 321.3 312.3 302.9 295.9 290.6 283.5 277.8 274.2 269.5 266.2 263.4 260.2 257.1 255 251.8 247.9
403 395.8 394.7 394 393.6 394.3 394.2 393.4 391.4 388.1 385.7 384 383.3 382.2 380.9 378.8 375.1 371.3 369 367 366 364.5 364 363.8 362.7 361.5 362.5 363 364.3 365.5 369.3 374.8 376.8 376.6 374.5 371.2 368 365.1 361.4 355.3 334.2 331.8 331.3 331.1 329.1 326.2 326.8 339.1 350.6 358.1 363.8 370.9 378.3 384.3 388.9 386.4 379.2 369.6 359.5 348.8 338.6 329.2 319.8 311.9 303.5 297.1 292.1 287.1 283 278.4 273.3 270.1 265.9 260.8 254.7 249.5 246.1 239.7
402.7 396 394.6 394 393.4 392.7 392.6 391.4 387.7 383.3 381.6 380 379.4 379.9 379.9 377.7 374.4 368.9 367.6 367 366 364.9 364 362.9 362.5 362.1 363 363.9 364.2 365.6 368.5 373.7 376.3 376.8 375 374 372.6 370.3 366.7 360.8 355.7 353.8 351.3 349.9 349 349.3 339.8 347.4 356.3 362.2 367.8 374.5 382.6 388.1 392.3 386.5 379.3 368.9 357.1 346.1 336.1 326.3 318.1 311.3 304.9 299.4 294.4 291.3 287.1 282.8 277.6 273.7 268.6 262.7 255.4 246.6 241.6 238.2
400.7 394.8 394.4 393.9 393.4 392.1 390.6 388.2 383.6 378.1 377.4 377.1 375.8 376.2 376.6 374 370.9 368.3 367.6 367.2 366.4 365.4 364.4 362.8 363 362.8 363.9 364.6 364.7 365.7 368.2 370.7 375 377.3 377.4 376.6 374.9 372.5 366.8 365 363.5 361.5 359.3 357.8 357 357 347.6 354.7 360.8 365.6 372.1 378.3 386.2 390.6 391.9 387.2 378.9 368 356.3 346.5 331.4 325.8 317.4 312.3 306 301.8 297.8 295.2 292.2 288.8 282.7 276.2 270.7 263.1 255.3 246.4 239.9 239
397.2 394.2 394 393.5 392.9 392 390.1 386.4 379.7 380.1 378.9 378.3 376.2 374.2 374.2 372.3 369 367.8 367.2 367.1 366.1 365.2 363.8 363.3 363 363.7 364.3 365.3 365.6 366.3 368.6 371.4 373.7 377.6 378.7 378.2 376.1 373.2 370.8 370.9 369.3 367.3 365.6 363.9 362.7 361.1 350 361 365.5 369.4 375.6 382.1 389.4 392.3 392.3 387.5 378 367.1 356.8 347 334.7 325 318.3 314 309.5 305.5 301.4 299.2 296.2 292.4 286.7 279.2 270.9 261.4 251.3 243.8 242.2 240.8
395.3 393.9 393.4 392.9 392.3 391.4 389.5 385.3 380.8 380.7 383.8 384.4 382.6 380.1 377.7 374.3 368.2 366.2 366.2 366.2 365.9 365 363.8 363.3 363.5 364.5 365.5 366.9 367.1 366.9 369.4 371.3 373.2 376.8 378.5 378.5 377.6 375.2 374.9 374.8 373.8 373.3 371.6 369.3 367.3 363.7 353.1 365.7 369.5 373.7 379.2 385.7 391.9 394.6 393.5 388.1 378.1 367.3 358.2 347.8 336.1 327.9 322.3 316.9 312.5 308.5 305 302.9 299.7 295.1 288.2 278.5 268 255.4 246.5 244.4 243.3 242.1
393.5 392.6 392.5 391.5 391.1 390.2 387.7 382.3 382.6 385.7 387.9 388.7 387.7 385.8 383.3 378.4 373.5 368.6 365.4 366.2 365.3 364.5 364.4 363.7 365.2 365.7 367.4 367.8 370 369.2 370.2 372 373.6 375.5 377.7 378.7 378.9 377.9 378.3 378.4 378.5 378.9 376.4 371.9 371 364.8 360.2 369.8 373.5 377.2 383.8 390 394.9 397.8 395.2 388.5 379.6 370 359.9 350 339.6 332.4 326.2 321.2 315.7 311.7 309.6 307 303.5 296.7 289.1 276.3 260.6 249.9 247.4 245.5 244.3 242.5
393.6 392 390.8 389.9 389.6 388.6 386.9 380.7 385.1 388 390 390.8 389 387.1 384.1 380 376.2 371.6 367.8 366.8 364.4 364.3 364.4 363.6 366.6 367.7 369.8 371.4 372.8 371.5 370.6 372.9 374.1 375.1 376.6 378.6 379.8 381.4 382.7 382.8 383.2 383.2 381.5 378 374.7 367.8 368.2 374.6 377.9 382.8 388.7 394.2 399.4 401 397.9 390 381.4 372.4 363.4 354.1 346.4 339 332.1 325.7 319 315.9 313.4 310.3 305.2 297.2 287.4 269.9 263.4 260.7 254.5 248.1 244.6 243.6
393.7 392.7 391.3 389.2 387.8 385.6 382.6 383.9 387.2 389.9 391.6 391.4 389 386.7 382.8 380 376 370.3 368.3 366.7 365.7 365.7 366.8 366.9 370 374.2 375 374.3 375.1 373.4 373.2 373.7 374.2 376.2 377 378.4 381.1 383.4 385.4 386.7 387.2 387.1 385.8 382 377.7 369.3 373.5 378 382.2 387.6 392.9 398.5 404.4 405.5 402.4 395.4 387.9 379.4 370.4 361.4 353.8 345.9 337.5 328.5 320.9 318.5 315.5 311.3 306.1 297.8 288 281.4 276.4 270 259.6 249.9 245.4 244.2
