WholeMapElevations/data/nh/nh82_OST50GRID_20230518/NH82.asc
ncols 200
nrows 200
xllcorner 280000
yllcorner 820000
cellsize 50
[rows 70 to 104 of 200, columns 0 to 77 of 200]
302.6 301.8 300.5 300.4 300.6 300.7 299.7 298.7 297 308.1 317.1 318.9 320.5 322.4 325.3 328.2 330.6 334.2 329.6 339 343.7 349.8 356.5 367.7 377.5 384.8 391.8 399.7 405.4 407 399.5 391.2 381.5 374.4 370.6 366.4 363.3 364.2 366.7 369 370.2 374.8 376.5 381.4 388 389.3 393.5 401.3 406.9 413.2 418.5 420.7 422.2 419.7 418 419.2 422.5 421.6 429 433.4 435.9 441.5 441.3 440.7 441.9 441.5 442.4 444.2 445.2 446.3 447.3 447.4 448.2 450.6 456.4 461.6 466.1 474
302.8 302.3 301 301 300.4 299.5 299 298.9 300.7 319.4 323.4 320.6 323 324.9 328.2 331.5 334.9 337.7 340.1 340.9 343.6 350.3 356.1 364.1 373.7 381.4 389.5 397.7 403.6 407.3 406.4 398.8 390.1 383.9 378.9 372.8 369.1 366.4 365.2 365.8 368.1 369.6 371.7 378.7 380.1 388 391.4 392.3 394.5 403.8 407.4 411.9 413.9 412.2 412.1 413.2 413.5 419.6 424.9 431.3 435.1 442.1 445.3 444 445.8 444.3 444.6 447 448.1 449.1 450.1 449.9 449.4 452.4 456.3 461.5 466.7 472.6
302.6 302.2 300.7 300.8 300 299.7 297.9 297.6 306.8 317.4 321 322.5 326.5 329 332.4 335.9 339.8 341.7 343.2 345.9 346.1 351.9 356.3 364.4 371.8 378.9 385.2 393.9 401 407.4 405.2 401.9 398.5 396 387.5 380.7 375.4 372.6 371.7 368.9 367.5 369 370.5 372.2 379 382.7 384.3 391.5 393.7 394.5 395.7 403.5 405.3 407.1 408.6 408.3 410.1 414.1 419.8 424.5 430.8 440.3 446.3 446.5 446.4 445.6 446.5 449.5 450.9 451.9 452.9 453.7 454.3 453.1 456.6 460.8 467.3 472.1
300.4 299.8 299.7 299.8 299.3 297.9 298.5 299.3 309.2 320.9 323.7 325.5 329.6 333.4 337.1 343.1 345.8 346.8 348.5 349.7 352.2 351.8 357 365.4 371.7 377.9 382.7 391.4 397.2 404.9 403.4 404.7 405.4 403.5 396.9 389.4 382.8 379.5 376.4 374 372.3 371.7 371.5 372.2 375.6 380.3 385.3 386.6 386.3 392 394.5 397.5 398.2 403.1 403.6 405 406.1 408.2 412.8 418.5 425.8 436.5 442.9 445.6 445.2 444.9 447.5 450.9 454.2 455.3 456 457.2 457 456.6 458 461.6 466.9 472.2
300.7 300.1 298.7 298.7 299.2 299.8 300.4 301 308.8 321.1 323.5 327.9 332.3 337.5 342.6 347.4 351.4 352.6 354.4 355.4 356.8 359.7 359.3 366.9 371.3 376.9 382.2 387.6 394.9 401.9 403.8 407.3 410.1 408.9 403.8 398.6 390.6 386.6 382 378.6 376 375.1 374.5 376.5 377.3 379.2 380.8 383.1 388.8 390.2 386.2 394.1 396.2 399.3 401.2 402.5 404.7 406 408 412.9 420.8 430.5 434.1 438.9 442 443.2 446.1 453.5 457.2 458.8 458.9 459.4 458.9 459.4 460.3 462 466.6 471.6
300.4 298.8 299.3 300.8 302.5 304.6 309.8 316.1 317.4 319.2 323.2 329.8 333.7 339.9 345.9 352.5 355.8 357.6 360 362.2 363.5 363.7 366.5 368.1 372.2 376.2 381.3 386.1 394 400.7 404.2 408.4 411.8 413.9 409.2 406.3 397.2 393.2 388.2 383.9 380 380.9 382 383.7 382.3 384 386.3 388.6 389.2 392.4 392.1 393.1 387.4 395.6 401.1 401.5 402.5 404.3 406.3 409.4 412.9 419.9 425 431 435.3 441.1 444 453 458.3 461.9 462.3 460.7 460.4 460.8 462.4 464.6 466.9 471.3
299.2 300.3 300.9 309 318.8 320 321.6 322.4 321.5 317.8 326.3 331.4 337.5 346.6 349.8 354.1 358.9 361.4 364.8 368.5 367.6 370.4 374 374.2 377 376.1 382.1 386.7 393.8 398.5 403.3 409.1 413.2 416.6 414.3 412.5 404.5 400.6 396.1 392.2 387.2 388 392.4 392.5 392.1 392.1 388.8 396.3 396.1 397.4 396.8 395.3 397.6 398.2 390.4 398.6 403 403.3 405.2 408.2 410.4 413.2 416.9 423.4 429.1 435.2 440.1 451.9 456.8 461.8 463.6 462.3 462.2 463 465.4 467.5 470 469.6
302.7 306.6 317.7 319.5 324.6 325.7 326.3 325.4 324.4 317 326.5 330.6 337.1 348.2 352.5 357.3 362 366.9 370.5 373.1 373.9 378 382.1 381.4 381.7 382.3 382.1 387.4 394.2 398.9 402.5 407.7 412.8 417.9 418.4 416.7 409.4 406.6 408.1 398.6 399.6 396.5 395.6 396.3 395.3 395.6 393.1 393.5 393.9 397.7 398.7 396.5 398.8 401.5 403.2 403.3 394.3 401.2 404.3 405.9 409.2 411.2 413.6 416.6 422.3 429 433.9 443.4 452.4 458.2 462.8 464.8 465.9 467.5 469.6 471.4 474.2 476.1
311.9 320.1 325.3 328 330.4 330.7 330.5 329.6 327.7 322.8 323.5 331.8 338.4 348.5 354.2 359.9 366.7 372.5 376.3 378.7 380.6 386.2 390.2 390.4 387.3 387.2 388.1 388 394.8 398.7 402.7 407.6 412.8 418.2 419.2 419.1 414.6 411.8 406 401 403.7 401.8 399.1 398.7 398.4 396.4 395.2 395.1 396 397.7 400.3 398.6 400.6 402.9 404.5 405.7 405.9 405.3 394.6 404.2 405.5 409.5 411.4 412.8 416.4 422.2 427.8 437.9 446.2 452.3 459.8 463.8 467.3 471.1 474 477.3 479.3 481
329.3 331.6 332.8 335.4 335.1 337.1 337.1 335.4 330.9 329.5 329.4 326 338.6 349.4 356.6 364.4 372.5 377.3 383 385.6 387.7 393.5 398.3 398.7 394.6 392 392.2 392.4 394.4 400 403.7 406.9 410.7 416.8 419.3 420.9 416.4 404.7 406.7 414.5 415.8 411.7 406.5 404.9 403.6 402.5 401.6 400.7 399.7 400.1 400.7 401.6 400.8 402.4 404.6 406.2 407.4 408 408.1 405 397.9 405.2 408.3 409.8 411.9 415.8 420.5 427.8 436.2 444.8 452.4 458.9 466.1 471.6 475.4 481.3 486.3 489.2
336.1 336.8 340 341.1 342.9 342.4 344.3 339.8 334 334.4 334.2 331.9 329.5 351.3 358.1 365.9 373 381.4 387.5 390.4 392.2 400.7 405.4 406.3 404.7 398.9 396.4 396.9 398.9 399.8 403.2 405.7 408.9 415.1 420 418.3 407.4 413.6 423.3 426 421.1 419.6 414.8 410.7 409.3 407.8 406.9 406.8 405.2 404.3 403.7 403.5 401.9 403.4 405.5 407.1 408.6 409.1 408.9 408.9 407.4 398.5 404.8 406.6 409.7 412.1 415.9 420.2 426.2 436.1 443.1 454.5 462.1 468.6 475.1 483.7 493 494.9
341.6 342.9 343.8 347 348.3 347.4 346.1 344.4 340 339.3 339.7 340.1 342.8 339.1 354.4 365 371.9 381.6 390.3 393.4 399.3 408.3 413.7 415.5 407.9 404.2 401.6 402 402.7 402.9 403.3 405.6 408.3 414 420.2 408.8 416.6 429.3 437.3 441.2 435.8 429.8 422.8 418.1 413.7 411.4 410.1 409.3 408.9 408.2 407.2 406 404.1 404.6 406.5 407.8 409.1 409.7 409.3 408.8 408.2 408 403.4 404.7 406.6 409 412.1 414.9 419.3 425.5 437.9 448.3 455.9 464.7 473.2 485.2 495.7 497.5
347.7 347.9 349.1 351 352.7 353.1 351.5 347.1 345.3 344.5 346 348.3 349.7 349.8 346.7 358.9 368.9 381.5 390.5 395.9 403.2 414.3 417.2 418.9 414.3 409.4 406.2 405.1 405.2 405.3 405.4 406.4 408.7 414.7 417.1 408.8 427.6 438.7 447.2 451.7 446.4 441.1 437.7 432.6 426.7 422 417.4 414.9 412.6 410.5 410 408.8 407.3 406.2 408.1 408.7 409.8 410.2 409.8 408.2 407.2 406.5 406.3 403.8 404.6 405.7 408.2 410.4 414.3 420.3 429.9 440.9 450.1 461.8 472.4 485.7 495.6 499.5
351.8 352.4 356.2 358 358 357.1 355 352.4 353.4 352.5 353.6 355.8 358.3 358.8 359.2 351.6 360 378.3 388.2 396.3 404.1 414.2 419.4 421.5 419.2 414.3 410.2 408.7 408 407.5 407.7 407.5 407.8 409.8 409.5 420.3 435.5 443.6 454.4 458 456 451.7 449 444.2 438.1 434.9 431.3 425.5 424.7 418.1 414.7 412.4 409.7 408.1 410 410.5 411.1 410.8 410.3 408.4 406.8 406.8 406.8 405.9 404.7 403.8 404.5 406.1 411 416.6 425.5 434.8 446.9 458 471 482.4 489.4 496
356 359.1 360.7 363.3 364.6 363.9 360.3 358.6 358.2 359.7 362.5 364.3 365.3 366.6 366.8 367.6 367.3 368.4 382 392.3 402.6 411.8 419.1 422 422.9 419.6 414.7 412.4 411.2 410.3 411 409.3 409 410.2 413.9 428 439 446.9 456.9 461.8 463.8 460.7 458.2 453.5 448.9 445.8 442.7 438.9 434.9 427.6 420.1 415.5 412.6 411.2 415.3 415.2 414.3 413.5 412.6 411.6 409.6 408 407.9 406.5 404.9 403.8 402.8 403.1 404.9 415.9 422.3 429.7 440.5 451.9 463.9 472.8 479.6 485.9
361 364.7 367.9 372.6 372.3 368.4 364.3 364.3 365.3 368 372.2 374.1 374.1 374.2 375 376.1 374.9 373.8 372.5 387.7 398.1 407.5 416.3 421.6 424.5 422.7 418 416.3 414.7 412.7 411 410.4 411.8 414.8 419.5 430.9 440.1 450 458.2 467 471 468.4 465.3 464.1 457.4 454 452.5 448.6 441.1 434.6 427.1 422.1 416.2 413.3 414.4 414.3 415.8 414.6 413.8 413.4 412.6 410.8 409.4 408.2 407 405.7 406.4 402.5 402.1 402.5 416 423.9 434.6 445.3 454.4 462.3 473.6 480.5
366.3 370.2 375.7 380.7 378.6 374.9 369.7 371.4 374 378.1 382.6 384.6 385.3 384.8 384.6 382.4 383.3 382.2 381.5 376.8 391.1 401.5 412.1 419 422.4 423.7 421.8 419.1 415 413.8 413.9 413.5 417 419.8 423 432 442 451 460.3 468.7 475.2 472 469.5 469.3 463 461.9 464 456 446.3 440.6 432.5 426.4 416.8 415.2 417.3 420.4 421.7 418.1 415.5 414.7 414.3 413.4 411.9 410.5 410.4 410.2 410.3 407.2 401.5 402.3 399.8 416.7 426.9 436 446 455.9 463.8 469.8
369.9 378.6 380.1 384.8 383.5 380.1 374.6 377.3 381.3 389.4 393.4 394.3 395 396.3 396.1 395.1 392 390.4 389.1 389.3 385.6 397 407.3 415.9 419.6 422 419.8 415.8 415.2 420.4 419 418.5 418.7 421.8 425.3 432.7 441.3 450.9 459 468.3 475.1 474.8 474.3 474.2 467 468.3 468.4 462.5 453.2 444.6 436.3 430.1 424.7 416.6 420.8 425.4 426.2 422.8 418.5 417.8 417.5 416.3 415.2 414.2 413.4 413.3 411.6 402.9 404.1 400.8 401.1 408.3 419.3 427.8 437.9 447.6 453 458.1
379.5 383.5 384.8 386.8 386.5 383.7 382 386.5 391.7 399.5 407.7 407.8 410.3 408.9 407.5 408.3 406.8 402.4 397 396.6 386.4 398.1 406.9 411.6 413.3 415 416.2 417.6 431.5 429 424.6 422.8 422.2 424.1 427.7 434 440.8 448.7 455.9 463.3 469.8 472.7 474.6 476 471.9 475.7 474.5 469.4 457.6 448.3 438.9 431.5 423.3 419.5 425.9 428 426.8 425.3 423.7 424.5 422.3 421.7 420 419.2 417.9 418.2 420.8 419.2 408.9 402.1 400.7 400.3 410.3 422.1 431.4 437.7 442.7 448.5
385.2 388.2 388.3 389.7 389.4 387.2 388.1 393.3 400 412.4 414 414.5 417.2 418.8 420.4 420.9 418.2 414.1 409.2 405.9 401.2 401.3 406.3 414.3 416 423.2 429.5 435.6 437.1 436.8 435.3 428.4 427.6 428.5 430.9 435.6 440.9 446.9 451.7 455.6 461.8 466.7 469.9 473.3 474.7 479.7 478.6 472.5 461.5 451.6 439.8 433.8 425 426.8 429.7 430.2 429 428.5 428.7 427.3 425.3 425.9 424.4 421.7 421.3 424.8 426.5 423.5 416.4 409.6 400.6 400.5 399.7 415 424.7 431.1 437.6 447.1
388.1 392 392.6 393.4 392.9 391.7 393 401.2 408.3 414.3 419.8 425.4 433.3 437.3 435.9 435.1 431.3 422.9 419.1 414.8 409 397 405 414 418.6 425.9 434.5 439.2 441.7 443.4 439.7 434.3 434.6 443.3 442.5 445.4 444.7 446.1 447.7 450.3 455.9 459.9 463.3 468.5 472.5 477 477.5 471.3 466 455.2 442.3 436.7 426.6 434.3 433.1 433 433.5 431.8 430 430 428.1 428.5 427.2 425.7 425.1 426 429.2 427.4 411.1 398.7 399 401.3 399.3 397.6 413.8 426.1 437.2 447.8
390.7 395.3 397 396.9 396.9 396.7 398.3 405.8 414.3 422.7 424 437.1 443.4 446.4 445.3 444.1 438.2 429.9 424.4 420.5 416.2 415 411.7 412.6 419.3 427.4 436.2 441.8 443.8 448.9 445.8 441 442.4 446.1 444.9 443.6 445.8 446.6 447.4 448.3 451.6 455.7 457.4 463.1 467.4 471.6 472.5 469.5 464.6 455.8 444.9 436.3 422.2 437.4 439.1 440.9 441.6 439 435.7 433 430.5 429.7 428.2 427.8 427.6 426.2 417.8 424.3 405.2 414.5 407.9 401.5 405.9 397.4 396.3 409 426.5 439.8
394.8 398.3 399.4 399.2 401.6 400.7 403.3 410.5 418.8 425.4 435.7 444.5 450.5 452.9 451.3 448.4 442.9 436.3 431.9 427.2 421.9 418.9 415.3 407.8 420.7 426.4 437.6 443.9 449.3 455.2 452.3 446.3 445 445.9 445 445.4 447.9 447.6 448.3 448.5 449.8 453 454.9 458 462.3 466.9 467.7 467.1 461.6 452.2 446.4 424.5 437.3 444.3 446.4 449.4 449.3 445.6 441.3 439.6 437.1 435.8 436.2 431.9 432.4 436 432.6 405.8 422.7 422.3 419.1 415.2 413.3 408.8 406.5 394.1 393 425.2
397.5 400.9 400.9 402.9 403 404.3 407.2 415.8 423.5 434 443.7 449.9 454.3 456.8 455.3 452.7 448 444.1 439.6 434 428 422.3 420.1 411.5 420.2 427.6 438.6 445.5 455.4 460.1 458.4 453.2 446.6 448 453.7 452.7 450.8 448.9 449.2 448.4 448.4 451.4 454 456.9 459.9 462.9 464.7 463.8 458.3 451.3 441.7 425 443.9 451.6 455.6 455.7 455 451.6 449.1 446.2 444.3 442.4 439.8 435.2 434.2 444.4 446 439.1 441.4 437.3 430.6 425.9 422.4 421 418.6 409.4 392 394.5
400.6 403.2 404 406.7 408.5 409 411.1 423.8 431.3 442 448.3 454.1 458.8 461.5 462.7 459.5 456.3 451.9 446.8 441 433.9 427.4 423.2 420.4 418.7 429.1 437.3 447.1 456.8 462.2 463.9 459 447.4 456.4 463 461.9 457 453.3 450.2 448.6 447.7 448.5 452.6 455.8 458.5 459.1 460.6 460 457 444.8 427.7 432.7 452.9 460.4 463.6 461.9 461.1 459.8 459.2 455.5 451.3 446.7 442.7 441.5 445.3 451.4 457.3 457 455.4 451.3 446.9 438.2 431.9 431.8 423.7 415.4 396.8 389.7
403.8 405.2 407.5 411.3 413.1 411.9 419 432.7 441.3 448.6 455.1 461.6 466.4 470.5 470.8 466.3 461.9 457.3 452.2 446.8 440.5 432.9 427.2 423.7 417.3 425.8 440.4 447.2 457.5 463.1 468.4 462.6 450.3 467.1 473.1 471.1 465.3 462 460.8 457.1 453.1 445.6 449.8 454.8 455.7 454.5 454.9 455.6 445 431.7 433.7 455.3 462 467.6 471.2 468.8 467.5 466.9 466.8 463.8 457.1 456.4 452.8 450.9 452.7 459.1 465.7 469 469.2 468 461.9 452.5 445.4 439.2 431.6 424.4 412.4 399.1
405.6 408.1 410.4 414.2 413.4 413.7 429.6 439.9 447.5 455.2 462 469.7 474.7 478.3 477 472.2 467.4 462.6 457 451.9 446.9 440.5 433.1 428.8 425.8 427.8 438.9 448 457.2 462.6 466.6 457.1 462.2 477.3 483.3 480 476.8 470.4 468.5 466.3 460.8 446.7 444.7 451.7 451.8 448.8 439.7 437.9 444.7 452.3 454.2 462 468.8 472.9 476.2 474.1 474 474 473.9 468.3 463 462.3 460 457 459.4 465 471.4 476.1 477.5 479.7 473.2 464.6 459.2 451 447.2 434.4 420.3 405.4
407.3 411.5 416.2 414.3 415.5 427.8 439.3 446.5 454 462.8 470.9 477.5 482.9 485.5 482.6 477.5 472.4 467.2 461.5 455.7 451.4 447.3 443.7 435 428.3 426.8 441.6 452.5 456 455.8 455.7 458.1 472.6 487 493.6 489.8 488.4 481.1 477.5 472.9 469.1 461.5 445.9 444.6 443.2 446.2 452.3 455.8 461.6 462.3 461.7 466.4 473.1 476.6 480.7 480.7 480.2 481.7 480.2 476.3 472 466.9 464.2 461.9 463.7 468.2 477 481.1 483.7 488.6 484 472.9 468.8 467.4 457.6 442.6 425.8 411.1
408.5 414.4 414.4 415.6 426.6 436.9 447.4 453.3 462.2 471.2 479 486.2 491.3 491.8 487.6 482.1 476.3 470.9 465.4 459.5 454.9 451 446.9 443.1 430.2 432.8 443.5 453.1 457 466.8 465.7 468.6 479 494.8 503.3 502.5 499.5 490.6 485.4 481.8 476.3 470.5 461.5 454.3 459.1 463.2 465 464.8 464.8 465.4 465.8 469.2 475.2 478.6 483.3 485 484.9 487.5 486 484.7 478.1 472.2 467.5 464.9 466.1 472.3 480.8 485.1 489.9 493.6 487.5 478.4 475.9 476.8 470.3 455.8 435.3 417.8
409 415.1 413.8 425.7 437.2 447.7 453.9 460.8 469.4 478.1 486.9 494.4 498.3 497.2 491.8 485.6 479.8 474 468.5 462.2 458.4 454.1 449.9 443.3 427.8 437.1 449.7 456.3 463.3 469 462.5 478 489.9 502.8 510.7 511.8 510.6 501.9 498.8 492.8 485.2 479.5 468.2 465 465.2 467.4 468.6 468.1 467.4 467.8 469.2 471.3 474.2 477.8 483 485.3 486.1 488.9 490.7 491.3 485.2 475.2 470.1 467.8 468.7 475.9 482.6 487.8 494.3 497.1 488.4 483.1 480.8 480.6 477 462.5 445.2 422.7
412.3 413.9 423.5 435.3 449.5 455.3 458.5 466.3 474.5 483.6 492.1 499.2 503.3 500.7 494.7 488.3 482.5 476.6 470.4 463.9 460 456.2 452 446.8 429.7 439.9 451.5 456.6 463.1 465.7 469.3 486.2 499.2 510.3 519.8 519.9 518.5 513.7 507.7 501.7 494.7 486 475 471.7 470.9 471.3 471.4 470.8 470.4 470.5 471.6 473.1 474.3 476.2 480.8 483.5 485.1 488.3 491.2 493.9 489.6 481 472.9 469.7 470.4 474.9 482.3 488 493.9 496.3 489.2 484.3 482.2 480.1 478.4 467.3 450.9 425.6
411.4 415.5 428.9 443.9 454.4 456.5 460.7 468 476.9 486.4 495.2 501.9 505.4 502.6 496.4 490.7 485 479.2 472 465.4 460.7 457.6 453.8 449.2 434.2 436.7 447.8 457.7 465.6 473.5 482.4 493.8 506.7 518.8 528.6 530.3 526.5 521.6 514.1 509.5 500 490.8 482.2 478.6 478.5 475.6 474.4 474.3 474.1 473.7 473.9 474.9 475.8 476.4 478.1 480.5 482.8 486 489.1 493.7 490.3 483 475.7 470.5 470.6 472.6 480.1 485.6 495.7 497.1 490.4 484.3 480.3 477.5 475.6 468 452.1 427.3
412.6 416.7 429.5 444.3 450.1 453.6 457.9 465.8 475.2 484.8 494.3 502.4 506.5 503.9 497.8 492.7 488 482.2 475.5 468.2 462.6 458.9 454.7 449.9 441.7 434.8 442 457.3 467.6 477.8 487.5 499.5 511.8 525.5 535.7 538.2 535.4 529 521.2 512 501.6 494 489.5 488.1 487.7 484.5 480.2 478.7 477.4 476.7 476.7 477.4 477.4 477.2 477.9 477.7 479.4 482.8 485.1 488 488.3 482.9 475.7 470.5 469.1 472 478.4 485.8 497.2 497.4 491.2 483.8 475.8 471.7 469.5 465 451.2 428.5
411.8 418 428.3 438.7 444 448.1 453.2 460.4 470.7 480.1 491.8 501.6 506.7 504.7 498.9 494.8 490.5 484.8 478 471.3 465.9 461.4 456.8 451.4 447.5 441.8 438.5 453 469.4 479.4 491.8 504.1 514.5 528.4 539.8 544.4 542.9 536.8 525.2 507.8 504 502.4 500 498.9 497.3 493.2 486.8 484.3 483.8 480.8 480.5 479.8 479.1 478.4 478.2 476.5 475.5 479.3 481.8 480.8 480.7 476.5 474.4 468.6 463.3 470.9 476.9 482.4 495.1 493.3 489.5 481.8 471.1 464 461.2 458.1 446.7 426.1
407.7 415.5 424 431.8 437 441.5 446.9 454.3 464.7 474.5 486.6 498.2 504.8 503.8 499.4 496 492.2 487.2 480.9 474.3 469.4 464.3 460.3 454.9 450.8 448.7 446.6 445.9 467.1 482 493.3 504.8 514.2 528.6 540.3 547.4 547.9 540 527.4 510.3 513.2 511.3 512.9 508.1 508.6 503.1 495.6 489.4 488.5 486.5 484.1 482.8 480.8 479.7 478.6 476.8 474.9 472.5 472.8 467.8 465.5 466.2 459.9 454.7 447.1 464.8 467.2 469.9 480.6 485.2 483.9 476.6 465.4 455.8 454.1 448.3 439.4 422.3
