WholeMapElevations/data/nh/nh92_OST50GRID_20230518/NH92.asc
ncols 200
nrows 200
xllcorner 290000
yllcorner 820000
cellsize 50
[rows 35 to 69 of 200, columns 78 to 155 of 200]
367.3 352.9 348.9 345.6 341.5 335.6 331.2 328.2 325.1 322.8 320.9 319.8 319.8 320.6 321.2 320.7 315.9 312.6 312.3 308.4 306.2 304.3 302.6 306.9 305.6 304.6 305.5 307.6 307.7 307.2 304.7 301.7 301.3 298.5 298.1 301 301.2 301.5 302.4 302.3 299.9 297.5 294.5 289.7 283.4 280.1 279.2 278.6 278.7 278.7 276.9 276.8 274.2 273.1 272.4 271.5 272.2 272 272.1 272.8 272.5 272 270.9 270 268.5 266.4 264.9 269.4 271.3 271.4 272.4 271.3 270 268.4 267.5 266.4 266 259.8
364.4 354.1 350.8 347.7 342.8 336.3 332.2 327.6 324.3 321.8 319.3 317.6 317.3 318.1 318.4 315.6 312.1 310.1 308.6 306.2 304.9 304.8 301.8 303.9 303.9 304 303.9 304.9 303.2 300.2 299.5 299.1 298.5 297.5 297.9 299.4 300.3 300.7 301.7 301.2 299 296.6 293.7 288.6 281.8 279.2 277.7 277.8 277.9 277.4 277.2 276.6 273.5 273 272.2 271 271.8 271.7 271.9 271.7 271.5 271.2 270.8 269.8 268.1 265.3 264.5 267.2 271.5 271.7 271.9 271.7 270.3 268.7 266.6 266.6 262.3 257.9
362.1 356.5 353.3 349.6 344.9 338 334 327.7 323.5 321.2 317.9 315.6 315 315.4 315.2 312.3 309.4 307.9 306.6 304.6 303.8 304.7 301.5 304.4 302.7 302.5 302.3 301.3 299.5 299.1 299.8 299 297.8 296.5 296.8 297.9 298.8 299.8 301 300.4 297.2 295.5 291.6 284.8 280.6 279.6 277 277.1 278.1 277.2 274 273.8 272.7 272.3 270.9 270.4 271.4 271.6 271.8 271.2 270.8 270.4 270.2 268.5 266.7 264.8 266 265.4 268.6 271.1 271.4 272.2 270.7 268.6 266.4 265.5 258.6 256.4
365.5 359.6 356 352.7 346.4 339.8 335.2 328.7 323.1 320.8 318.3 314.3 312.3 311.5 311.1 309.1 307.5 306.3 305.2 303.4 302.8 303.3 300 301.3 301.4 300.6 299.8 299.2 298.9 299 298.6 297.8 296.7 295.5 295.7 296.8 297.9 299.1 299.9 299.3 295.5 293.5 288.5 281.8 279.5 280.2 276.4 276.7 275.9 274.9 273 272.4 272.5 271.3 269 271 271.6 271.6 271.6 271.4 271.2 270.9 269.6 267.8 266.2 264.1 265.3 264.6 264.8 269.6 270.6 271.4 271 269 265.9 264.6 256.2 256.3
368.7 362.8 358.8 355.5 349.4 342 336.3 329.2 323.5 320 317.4 314.2 311.5 309.3 306.6 305.2 304.5 303.7 303.2 301.4 301.2 300.3 300.4 298.1 300 298.2 298.6 297.9 298 297.6 297.4 296 294.8 291.7 294.2 295.9 297.1 298.5 297.8 296.2 293.2 290.9 283.1 280.5 281 279.4 276.3 273.7 271.5 270.3 270 269.6 269.3 268.4 268.6 270.2 271.3 272 271.7 271.5 271.3 270.9 269.2 267.5 265.5 264 268.6 267.5 264.3 269.2 269 270.4 271.3 269.3 266.9 264.6 255.4 256.7
371.1 365.2 361.6 358.7 351.8 343.5 337.6 330.5 324.6 320.2 317.2 314.2 312.1 308.2 305 303.6 302 301.2 299.3 298.6 297.6 295.6 297.3 296.1 294.8 294.2 292.7 291.1 292.8 293.8 293.1 291.7 289.7 287.7 291.7 294.8 297 295.4 297.5 294.9 289.7 283.6 279.4 279.2 278.6 275 271.1 270.3 270.4 268.7 269 268.4 267.9 268.1 267.1 267.2 271.9 273.2 272.1 271.4 271.3 270.4 269.2 267.5 264.4 267.2 266.6 265.1 265.6 268 269.8 270.7 271.6 267.9 267.6 264.7 255.1 259.3
374.7 368.6 366.1 361.8 355.7 346.4 339.4 332.4 325.5 320.2 317.5 314.6 311.1 307.1 304.7 302.9 300.6 297.7 298.8 297 296.1 292.5 293.4 293.7 293.4 291.9 291 290.1 289.3 288.1 286.8 285.5 282.5 282.4 282.1 287 283.9 285.3 286.6 286.1 281.2 278 275.4 273.5 271.9 270.7 270.4 272.1 272.8 273.2 270.4 269.2 269.7 271.6 268.4 267.1 268.7 272.1 271.8 272.1 271.8 269.8 269 267.4 265.9 267.8 268.6 266.5 265 265.1 267.7 270.9 272.1 264.9 260 254.4 262 262.6
377.7 372.3 370.6 367 360 349.8 341.9 334.1 325.9 320.5 317.3 314.2 310.9 306.8 304.3 303.2 301.4 298.3 301.1 300.7 298.9 298.1 294 295.7 296.8 295.1 293.9 291.3 290.3 289.5 289.2 288.9 288.2 280.4 285.4 289.9 277.1 277.5 276.8 275.4 275.8 274.4 272.8 271.4 273.3 275.5 275.5 273.4 272.7 271.1 270.7 269.9 270 271.5 270.4 267.5 266.8 271.7 272.4 271.3 270.2 268.6 267.1 263.7 263.7 265.1 270.2 267 265.7 264.2 268.5 270.2 271.4 267.6 257 268.1 264 263
377.7 376.8 375.5 371.7 366.3 354.6 347 335.7 327.1 321 317.4 313.6 310.3 305.5 304.3 303.2 301.7 298.4 303.8 301.1 298.7 297 292.3 293.5 293.3 293.9 292.4 290.4 289.8 290.4 288.4 285.8 285.6 283.9 288.3 292.5 292.9 286.1 280.7 277.1 274.5 274.2 272.7 275.5 276.6 276.4 275.5 273.3 273 271.8 270.3 269.9 270 270.8 271.2 268.3 266.2 270.5 272.9 270.8 269.1 267.9 266.9 263.7 263.7 266.9 270.1 269.4 267.6 262.7 264.8 263.9 258.1 257.9 264.3 268.6 263.7 266.3
380.7 379.7 380.4 375.3 370.5 358.2 350.5 338.5 328.6 322.5 318.8 314.3 310.8 305.2 303.9 302.7 299.4 298.9 305.1 301.4 298.7 295.2 292.2 291 289.1 293 291.4 289.4 286.7 285.5 285.8 286 285.9 285.8 286.2 286.9 290 293 292.7 287.8 281.4 279.1 276.1 275.4 276 276.4 276 274.3 274.9 271.3 270.3 269.2 271 269.6 270.1 269 265.3 270.3 271 270.6 269.1 267.6 267.4 263.7 266.1 269.1 270.4 270.6 269.9 267.4 265.1 262.8 260.9 254.6 268 268.5 266.5 265.7
380.7 380.5 383.9 378.7 372.4 360.4 354 340.8 331.5 324.9 320.2 315.7 311.8 304.6 303.8 302.2 298.9 300.1 303.5 300.7 296.2 291.3 287.9 289.6 285.2 288.2 288.7 286.8 285.4 285.1 285.8 286.2 286.3 286.3 286.5 286.9 287.8 288.8 288.9 285.6 282.7 278.9 276.5 276 274.7 275.1 274.9 272.6 271.7 270.4 270.6 269.4 269.3 270 270 271.1 265.3 266.5 271.4 270.9 269 267.3 266.1 266.4 269.4 268.7 270.7 268.6 268.6 269.6 268.5 267.4 261.1 253.3 267.8 268.5 262.1 265.7
378.1 381.2 385.2 378.9 372.7 361.9 360.2 340.7 334.3 326.9 321 316.5 311.1 304.5 303.9 301.6 298.9 302 299.2 295.6 289.5 284.6 284.2 283.3 284.8 287.6 287.2 285.7 285 284.7 285.7 286 286.3 286.4 286.7 289.3 290 289.7 288.9 285.6 282.5 278.7 277 275.9 273.7 273.2 272 272 271.3 269.1 268.4 268.5 268.3 270.2 269.8 269.8 267.6 264.2 268.7 270.3 269 267.1 266.2 265.1 267.6 267.8 267.7 267.4 266.6 266.7 265.9 264.7 259.2 251.4 264.3 264.3 261.9 266.3
374.9 380.1 386.1 375.9 371.2 362.6 362.4 341 336.3 328.3 324.3 318.7 308.7 304.6 304.2 300.9 299.7 296.9 293.4 289.3 285.8 285.5 285.6 282.1 280.1 286.8 286.5 285 284.7 284.5 285.2 285.7 286 286.3 286.8 290.2 292 293 289.9 286.3 281.6 278.9 276.6 274.4 273.6 273.1 271.3 271.4 268.7 268.7 268.4 268.5 267.7 268.4 269.3 269.1 269.6 267.4 264.2 268.1 268.8 266.8 267.1 267.3 268.5 267.5 266.8 266.4 268.1 265.9 263.8 258.6 256.1 253 261.9 259.2 261.6 268.1
371.9 372.7 372.1 370.3 365.9 361.4 360.9 342.8 336.4 328.5 323.5 320.6 307.4 304.3 302.8 299.2 294.7 289.9 288.4 286.5 286.1 286.9 285.9 282.8 278.7 285.7 285.3 284.5 284.4 284.3 284.7 285.2 285.5 285.8 286.5 289.5 292.7 293.5 291.3 287.1 282 278.2 275.2 273.7 273.2 273.1 270.4 270.1 268.9 268.1 268.4 268.2 267.1 268.4 268.5 269.5 270.7 269.4 265 263.4 266.3 268.7 268.7 268.2 266.2 267.6 267.3 267 266.8 264.6 262.2 257.1 252.5 256.1 254.7 256.2 260.5 265.6
369.1 368.1 367.2 367.3 365.3 358 356 340.9 338.3 329.9 325.7 311.5 310.1 304.5 302 298 291.6 289.4 287 286.7 293.9 292.1 286.3 284.9 277.3 282.2 284 284.1 284 284.1 284.3 284.7 285 285.6 287.7 292.5 295.8 296.5 293.5 287.1 281.9 277.3 274.5 273.5 273.5 272 270.8 269.1 267.8 267.9 267.9 267.4 266.6 268.5 268.3 269.5 269.7 269.1 266.4 262.6 265.8 265.3 268.5 267.4 266.2 267.1 265.2 264.5 263.4 262.5 261.6 255.1 250.4 252.9 258.6 259.3 262.6 268.2
367.5 365.9 364.5 362.4 361.3 355.5 344 342.7 341.1 333.5 328.2 316.9 315.4 305 301.9 300.1 292 287.9 288.6 295.4 294.6 292.7 288.9 285.6 276.7 283 283.5 283.6 283.7 283.6 283.1 283.6 284.3 285 289.1 294.1 297 298.6 294.3 287 281.2 276.2 274.4 273.8 274.2 271.5 272.9 270.3 268.8 266.5 267 266.6 266.1 268.2 269 268 268.3 267.8 266.5 263.4 264.8 263.6 265.2 267.8 266.2 263.8 259.5 260.8 261.3 263.4 258.9 248.3 253 257.8 262.4 262.3 263.2 266.9
365.2 365.1 364.4 360.5 355.9 349.6 344.2 349.7 341.8 335.8 325.8 318.6 315.2 305.7 299.5 298.6 290.5 288.3 295.9 296.9 294.6 292.9 289.3 287.6 278.6 281 282.6 282.2 282.4 282.1 280.9 281.6 283.3 285 289.7 297.2 298.9 300.3 293.1 286.8 280.8 276.5 273.9 273 272.3 270.6 270.4 268.9 266.6 265.5 264.9 264.9 265.2 266.4 268 267.9 268.2 267.7 267.1 263.5 261.2 263.7 265.6 268.8 268.4 267.9 261 259.1 259.2 255.8 250.2 250.9 259.9 261.5 262.8 261.4 262.5 265.6
362.2 358.8 359.8 357.9 354.4 346.4 343.5 348.2 342.8 334.4 329.8 325.4 320 302 289 289.4 288.8 292.5 301.3 298.6 296.9 293.9 289.5 287.8 285.8 273.9 282.7 282.4 282.4 282 280.1 281 283.6 285.4 290.1 297.5 300.4 300.6 292.7 286.1 280.7 276 273.8 272.3 272 270.7 268.6 267.1 265.6 264.1 262.5 263.4 264.5 266.2 268.2 268.1 268 267.4 266.8 265.9 260.9 257.1 260.9 259.2 263.7 264.3 262.6 259.2 258.9 253.5 247.4 254.5 260.3 262.1 260.4 258.8 260.9 264.9
360.3 356.6 353 351.2 348.8 340.8 342.2 348.8 340.9 332.5 333.5 330.4 320.8 298.7 292.9 303.5 299.4 303.3 304.9 301.1 297 293.2 289.6 287.6 285.7 280 273 279.2 282.3 282.8 277.2 281 283.1 285.7 290.6 296 302 300.4 292.6 286 280.5 275.7 274.3 272.1 270.5 270.4 268.1 266.7 264.1 262.5 261.1 262.1 263.7 266.4 267.2 268.1 267.6 267.1 266.5 265.4 261.3 257.3 256.3 260 257.7 263.2 257.1 261.4 257.7 246.8 248.6 258.8 261.5 261.6 260 257.5 257.6 265.4
352.4 350 349.8 346.9 347.4 339.7 335 334.7 333.4 332.2 331.8 327.9 313.8 296.7 297.7 313.4 313.5 310.4 305.9 301.1 297.7 294.5 289.9 287.7 285.5 284.4 279.2 271.7 273.4 279.1 276 281 282 285.7 290.7 295.7 303.2 299.9 292.7 286.2 280.2 275.8 273.4 271.4 270.1 269.9 267.3 265.7 263.2 261.3 260.4 261.3 263.2 264.9 266.7 267.8 267.1 266.7 266.4 264.7 263.5 258.5 252.6 252.6 255.8 257.6 253.1 253.2 243.8 251.5 256.5 261.9 262.8 260.4 258.9 256.6 256.8 262.9
338 337.2 336.6 335.8 333.6 332.6 332.4 331.2 331 327.9 322.1 312.9 298.6 290.3 300.2 317 315.2 311.8 306.9 301.4 298.8 295.2 290.3 289.1 286.4 284.6 282.7 281.2 271 271.8 272.1 276.2 282.1 285.3 289.9 296.4 303 298.6 292.1 286.1 280 275.7 273.5 270.9 269.6 268.2 266.9 264.8 262.1 260.3 259.6 261.1 262.5 263.8 265.5 266.6 266.8 266.2 265.4 263.5 262.4 259.7 253.6 247.4 247.1 255.1 252.4 252.4 244 252.2 253.8 260.5 262.5 260.6 253.7 255.7 255.5 263.6
334.5 327.1 332.7 331.1 328.5 323.1 322.1 321.8 322.7 315.5 309.7 303 292.4 296 310.3 319.7 316.7 314 307 302.1 298.5 294.4 291 289.7 287 284.9 282.8 281.2 277.7 270.3 270.6 274 281.1 285.2 289.8 297.5 301.8 296.5 290.6 285.1 279.8 275.9 273.6 270.9 268.9 267.5 266.4 264.7 261.6 259.4 258.8 260.3 261.8 263.2 265 266 266.2 265.7 264.6 263.1 260.9 259.8 256.3 246 245.3 251.8 251.3 256.4 241.6 241.3 242.8 256.2 254.5 251.7 248.9 251.5 256 265.2
326.2 321 320.4 319.2 314.2 311.7 310.4 307.7 307.6 306.1 304.8 296.8 291.7 307.1 316.8 320.4 320.1 315.4 306.6 304.8 300.8 295.3 291.5 288.9 286.8 284.5 282.8 280.9 278.4 277.1 275.4 269.7 281.5 285.2 290 298.3 299 296.2 288.8 283.4 279.1 275.4 272.9 270.2 268.1 267.3 265.9 263.8 260.9 258.4 257.9 259.7 261.5 263.1 264.9 266.3 265.8 265.3 263.7 262 261.2 257.4 260.4 248.1 244.1 251 254.4 252.5 241.7 240.8 240.3 242.3 245.7 248.5 249.4 249.7 253.1 261.7
310.1 310.5 309.4 309.6 303.3 298.3 295.6 294.4 294 293.3 292.8 293.5 307.5 318.5 323 324.9 324.7 314.7 307.6 305.8 303.8 295.6 291.4 288.8 286.1 284.6 282.6 280.5 277.8 276.9 275.7 269.5 281.2 285.4 289.8 296.5 298.1 293.7 286.3 281.3 277.9 274.8 272.1 269.5 267.2 265.7 264.6 262.1 259.9 257.6 257.5 259.2 260.9 263.1 267 267.1 265.9 265.3 263.6 261.4 260 258.7 251.8 241.9 257.5 254.6 252.8 241.5 240.6 239.7 239.4 239.3 243.5 246.5 248.3 248.3 254.8 263.3
300.7 300 299 298.7 298.6 296.8 295.7 302.2 304.4 304.4 306.9 314.9 320.3 326.6 328.8 329.8 327.3 316.4 310.5 308.3 302 295.3 291.4 288.6 285.7 283.3 281.4 279.4 277.1 276.2 272 270.4 280.8 285.1 290 295.7 295.5 290 284.3 280.8 277.6 274.6 272 269.5 267 264.7 262.8 260.7 258.9 257.1 258.2 259.4 260.4 262.4 264.1 265.7 265.6 265.4 263.5 261.1 258 257.1 257.1 240.7 240.5 245.6 248.3 240.6 239.5 239.3 238.9 238.6 240.8 244.2 245.4 248.7 254.8 263.9
300.3 300 299.9 299.3 298.6 298.3 298.4 305.1 311.3 314.6 318.2 324 329.5 333.5 333.9 333.8 327.8 317.2 311.1 310.4 302.6 296.2 292 288.8 285.1 282.4 280.5 279.2 277.8 274.3 267.5 273.4 280.3 284.6 289.9 294.7 292.1 287.4 283.4 280.2 276.6 273.4 270.8 268.8 266.5 264.2 261.3 259.5 258.2 257 258.1 259.1 259.9 261.5 263.1 264.5 264 264.1 263.1 261.1 257.9 254.9 257.2 240.4 240 240.8 250.2 240.4 238.8 238.4 238.1 238.1 239.4 242.4 244.2 247.5 254.2 262
300.6 300.4 300.6 300.1 300.2 302.7 305.2 305.7 311.9 316.6 321.5 328.1 336.1 336.3 337.4 337.4 328.4 317.7 311 309.5 304.4 297.4 293.1 288.9 284.8 281.6 279.8 278.9 277.1 272.1 267.1 275.3 279.9 284.1 288.9 292.3 290 286.5 282.3 278.6 275.6 272.8 270.4 268.5 265.8 262.8 260.4 258.8 257.7 256 258.1 258.8 259.5 261.2 262.7 263.4 263 262.1 261.2 259.9 256.2 255.5 255.8 243.9 239.2 239.2 239 239.1 238.3 237.8 237.5 237.9 239.3 240.5 244 248.8 257.1 262.6
301.5 302.9 302.1 302 302.6 306.4 306.3 307.6 313.2 318.8 324.2 332.1 336.4 339.3 338.6 339 330.8 317.7 311.4 308 303.3 297.6 293 289.4 286.1 282.7 279.8 278.7 276.9 270.4 266.5 276.3 280.6 284.3 288.7 290.6 288 284.2 280.9 278 275.3 272.6 269.9 267.2 264.6 262.2 259.7 258 256.3 255.6 257.6 258.4 259.2 260.8 262.4 262.9 262.3 261 259.6 257.6 253.7 250.4 243.1 239 238.4 238.1 238 238.2 238 237.5 236.9 237.6 239.9 241.6 245.9 252.8 258.1 263.6
303.2 306.5 305.5 303.9 305.6 307.7 307.4 308.7 313.1 318.5 324.8 331.6 337.1 340.1 338.6 339 330.4 316.2 311.5 308.6 303 298 293.5 289.6 286.2 282.8 280 278.7 276.8 267.5 266.4 275.7 280.2 284 287.3 288.5 285.8 282.8 280.2 277.4 274.6 271.9 269.1 266.8 264.2 261.6 258.5 257 255.1 255.5 256.9 257.8 258.8 260.4 262 261.6 260.4 259.6 257.9 253.9 249.9 246.2 241 238.5 237.8 237.1 237.4 237.8 237.7 237.1 236.6 237.1 239.1 243.4 246.2 251.4 256.8 263.3
305.6 308 307.8 306.4 307.9 309.3 309 309 312 317.2 323.3 331 334.5 339.7 339.1 334.6 324.4 315.9 312.6 307.5 303.4 297.4 293.1 289.6 285.9 282.8 280.1 278.2 276.3 270.3 265.7 274.6 279.1 282.9 285.9 286.6 284.4 281.8 278.8 276.3 273.7 271.1 268.3 266 263.7 260.8 257.5 256.3 253.6 255.5 256.4 257.3 258.5 260 260.6 260.9 259.2 258.8 253.8 251.6 247.6 243.7 239.1 238.1 237.4 236.8 236.8 237.3 237.1 236.4 236.3 236.7 238.3 243.5 244.5 249.6 254 262.6
307.6 310.5 310.1 309.3 309.7 310.7 310.7 309.7 311.5 316.6 324.5 329.3 332.1 334 333.1 329.8 321 316.6 313.3 308.5 302.5 297.1 292.5 289.5 285.9 282.6 280.1 278 276.1 273.8 265.7 270 278 281.5 284.5 285.1 283.5 281.5 278.6 276 273.3 270.5 267.7 265.4 263 259.7 256.7 255.3 253.2 254.9 255.9 257 258.3 259.4 259.7 259.4 258.2 255.7 252.5 249.3 246.1 243.3 242.1 237.9 237.1 236.8 236.2 236.4 236.4 236 235.8 236.2 237.9 243.4 244.4 247.6 253.9 259.9
309.2 311.4 311.7 311.4 312.5 311.3 311.8 311 312 316.9 324.4 329.1 331.1 331.4 332.3 327.4 319.4 317.2 315.3 308.1 302.7 297.9 292.5 289.4 285.9 282.7 280.2 278 275.8 274.3 269.4 265.3 274.6 280.1 282.9 283.6 282.5 280.5 278 275.4 272.8 270.2 267.4 265 262.4 259.1 256.3 254.8 252.4 253.9 254.8 256.3 257.9 258.9 259 258.5 257.5 253.9 250 247.6 244.5 242.2 240.2 238.5 236.7 236.4 235.9 235.5 235.7 235.7 235.5 235.7 236.4 242.9 243.1 246.7 254.5 260.8
310.2 311.7 312.1 312.4 313.5 311.7 312.2 311.7 312.3 316.2 323.8 328.1 327.2 327.1 329.4 323.2 317.9 316.9 315.3 307.5 302.7 298.1 293 289.4 286.7 283 280.3 278 275.6 273.6 269.4 264.8 273 278.9 281.5 282.3 281.3 279.6 277.3 274.6 271.7 269.1 266.7 264.4 261.7 258.4 255.6 254.2 252.3 252.8 253.9 255.6 257.2 257.9 257.7 256.8 253.7 250.6 247.3 244.8 243.1 243.8 238.9 237.5 236.5 236.1 236.1 235.8 235.6 234.6 235 235.1 236 238.3 242.4 247.5 254.1 261
311.5 311.4 312.3 313 313.3 312.5 312.8 311.9 312.8 316 318.8 321.9 322.1 322.9 323.8 320.9 317.2 315.6 314.2 307.6 302.9 298.1 293.4 289.8 286.3 283.1 280.4 277.9 275.5 272.9 266 264.6 270.6 277.8 280.1 280.9 279.9 278.2 276.4 273.9 270.9 268.2 265.8 263.4 260.6 257.8 255.1 253.4 251.6 252.2 253.1 255.1 256 256.6 255.6 253 251.3 250.5 245.8 243.5 242.7 245.5 238.3 237.4 236.4 236.3 236.4 236.1 237.4 243.6 234.8 234.9 235.5 237.4 242 247 253.2 260.2
312.5 312 312.5 313.6 313.3 312.7 313.1 312.7 312.5 313.9 315.8 316.8 317.9 318.6 318.8 316.8 314.9 314.9 312.9 307.3 302.1 297.3 293.7 290.3 286.9 283.3 280.4 278.1 274.7 270 264 264.9 271.3 277.1 279 279.4 278.2 276.6 274.8 272.8 270.1 267.2 264.7 262 259.4 257.1 254.3 252.7 251.3 251.1 252.4 254.5 255.4 255.4 252.8 251 249.8 247.5 244.9 242.2 242.5 241.5 237.7 237.2 236.5 236.4 236.8 244.2 248.8 247 236.8 234.8 234.9 236.3 241.4 248 253.1 259.7
