WholeMapElevations/data/nn/nn02_OST50GRID_20230518/NN02.asc
ncols 200
nrows 200
xllcorner 200000
yllcorner 720000
cellsize 50
[rows 140 to 174 of 200, columns 0 to 78 of 200]
227 233.3 233.5 233.8 236.9 240.2 240.3 239.2 238.2 233.5 228.3 226.5 229.9 232.4 234.1 235.3 239.2 244.3 247 248.3 250.5 246.1 244.5 243.7 243 232.4 223.5 215.3 200 189.7 180.9 180.2 177.3 176.6 175.9 173.5 168 166.7 166.5 164.5 165.5 160.4 160.1 154.9 154.1 149.9 147.3 143.6 141.7 141.3 138.6 138.9 136.3 136.2 136.9 135.8 135.9 137.8 134.3 134.3 132.5 129.6 129.1 125.5 121 120 118.5 114.7 112.7 108 103.1 93.2 84.5 76 72.5 75.7 77.7 83 84.5
229.3 230 231.9 235.5 239.7 240.3 238.2 236.2 231.9 226.5 226.5 226.7 231.2 234.3 237.4 235.8 239.5 245.5 242.1 242.6 243.1 243.3 239.6 235.2 229 223 218.6 202.4 189 183.9 178.9 178.5 180.3 182.1 187 191.3 178.2 165 156 154.5 156.7 152.7 150.7 148.4 148.5 144 143 141.9 139.8 139 137.2 136.5 136.5 136.4 136.8 136.7 137.5 139.5 141.1 142.1 142.2 137.9 134 129.4 121.7 116.6 116.2 117.5 116.2 112.1 105.6 95 87.3 79 71.8 72.9 75.6 81.1 83.2
229.4 232.2 241.9 242.4 242.2 239.5 236 232 228.8 226.5 226.5 226.7 235.3 243 236.2 234.7 241.5 241.8 240 242 238.1 230.9 230.3 230.7 226.4 218.5 201 189.1 185 180 176.8 180.5 184.9 189.5 194.5 196.1 185.9 164 153.6 148 149.2 148.1 146.6 144.5 141.8 140 139.2 140.6 139.5 137.5 136.8 136.7 136.6 136.6 138.1 139.6 142.2 146.4 148.1 150.2 152.1 152.5 146.6 136.8 128.2 121.8 116.9 114.3 118.8 120.5 117.3 106.9 93.7 84.9 74.7 69.8 71.9 74.1 72.6
235.7 244.7 251.5 246.8 243 238.4 233.3 229.2 226.5 226.5 226.5 230.3 226.6 227.3 230.3 236.7 234.2 232.7 232.7 228.1 225.2 224.5 223.9 217.5 209.3 197.1 189.9 183.8 180.6 177.9 177.3 182.1 185.2 184.5 184.7 183 164.8 154.3 147.7 146.2 146.1 145.8 144.6 142.5 142.3 142.8 138.9 139.5 139.1 142.3 138.3 137.5 138.1 139.1 143.3 143.4 144.5 148.7 152.5 153.4 155.2 157.1 157 151.5 141.8 132 121.6 112.3 108.5 117.7 119.2 117.4 114.1 93.4 82.3 70.5 67.1 68.5 67.7
242.6 252.6 256 246.5 242.9 236.7 232.6 228.5 226.5 226.5 226.5 226.5 228.6 233 233 230.8 230.3 224.9 222.3 221.6 221.9 220.8 218 212.6 207.4 190.4 182.6 177.4 175.8 172 174 174.7 176.2 171.9 166.8 162.4 153.9 147.1 145.6 145.1 145 143.9 142.7 143.2 143.6 143.5 142.4 140.3 138.5 142.5 140 138.9 140.3 142.2 143.2 147.2 146.7 148.5 150.4 152.3 157 158.8 160.5 162.6 151.9 138.8 128.9 110.5 101 113.2 117 118.3 114.9 90.5 80.5 74.1 67.3 65.9 72.3
247.3 260.8 248.9 245.7 242.5 237.6 237.1 230.9 229.2 228.1 226.5 226.5 238.1 243.5 232.5 236.4 228.1 217.3 217.6 220.9 221.4 218.9 213.2 199.5 190.1 181.1 171.3 168.5 165.8 167 167.4 164.8 162.9 158.8 154 149.1 146.3 144.6 144.5 144 144 143.7 144.4 145.1 145.6 146.2 145.4 141.9 140.8 141.6 140.9 140.4 141 142.3 145.5 146.7 148.5 144.4 146.2 148.4 152.4 156.6 158.6 160 158.5 139.8 134.3 113.5 97.1 107.2 110.3 110.9 109.9 87.4 78.2 71.2 66.8 69.3 82.1
250.6 245.3 248 246 245.4 248.5 249.3 252.1 237.7 226.5 226.5 230.1 240.9 237.1 245.5 237.5 218.4 218.5 220.6 223.3 222.9 221.1 199.9 186.7 175.2 167.6 162.3 162 158.7 158.2 156.3 153.4 152.1 146.2 146 144.7 144.6 145.1 144.3 143.3 143.7 144.5 147.1 147.8 148.2 147.7 147.3 143.5 140.7 142.5 142.4 142.1 142 142.2 143.3 142 140.7 141.3 142.2 146.8 147.7 151.3 153.4 154.9 153.7 136.9 134.5 111.9 95.2 101.9 104.7 102.3 98.3 84.6 75.2 63.4 64.8 76 87.1
238.5 243.3 243.5 241.5 245 250.1 256 256.2 238.7 226.5 226.5 236.3 239.4 243.8 235.9 222.3 216.4 218.8 223.1 221.7 214 202.3 188.4 175 166.5 159.4 159 154.8 152.5 150.3 148.8 146.6 145.8 144.8 144 143.8 145 145.8 145.6 145 145.4 146.5 149.4 150.6 149.7 148.5 147.6 144.5 141.6 145.5 148.6 143.3 142.5 140.6 136.6 134.5 134.4 137.7 137.3 140.3 142.5 146.4 149.9 147.8 148.7 134.5 125.5 104 89.8 96.9 100.5 97 93.3 80.2 71.2 62.4 67.7 80.8 93.3
231.7 233.9 238.4 244.7 249.9 257.9 262 259.9 245 228.9 227.5 232.8 233.4 228.9 226.3 221.3 217.6 220.5 220 215.1 201.7 191.7 175.3 166 161.1 156.4 155 149.2 147.5 147.2 146.3 145.5 144.9 144.5 144.5 144.7 144.9 146 146.9 146.7 146.1 147.8 149.4 150.3 149.9 148.9 147.4 145.5 146.8 150 153.1 152.8 144 139.8 131.4 131.2 129.3 132.8 136.3 135 137.5 140.7 143.4 142 142.8 128 113.8 100.9 91 91.5 94.9 93.6 89.3 77.1 66.6 63.3 72.2 80.7 91
231.4 235.5 241.8 248.9 257.6 267.8 263.9 256.1 241.2 236.2 230.9 233.9 231.5 232.3 237.2 224.1 213.6 216.3 215.2 202.8 186.9 175.6 166 159.6 155 152.6 149.5 147.9 148 146.8 146 148.4 147.2 147.8 147.5 146.7 146.4 146.2 146.7 147.1 146.5 147.5 148.5 148.4 148.3 147.3 148.2 149.9 152.4 155.6 156.3 153.7 142.9 135 131.1 125.9 123.9 127.6 131.8 130.8 132.3 135.1 135.9 134.1 131.9 119.9 111.2 96.6 89.1 86.7 87.8 85.6 83.4 69.3 60.8 66.9 72.2 78.5 87.4
237.8 238 243.3 250.7 256.9 262.5 255.5 242.9 234.1 231.3 233.4 234.8 236.5 242.9 234.2 219.4 214.1 213.6 209 192.5 177.8 167.7 160.3 153.8 152.2 151.1 149.7 149.4 152.1 153.4 154.6 155.8 153 151.2 150.5 150.3 149.6 147.8 145.9 146.8 145 146.2 147.5 148.2 147.4 147.8 150.1 152.4 155.6 161.6 154.6 148.7 135.2 132.3 128.4 132.7 125.6 122.8 125.7 128.5 129.8 131.4 129.1 127.2 123 110.8 100.5 90.6 89 81.7 80.9 77.7 74.8 61.2 67.9 68.3 69.5 75.7 84.7
245.5 237.5 239.3 245.5 253 249.1 240.7 235.1 232.9 234.1 234.6 237.9 243.7 239.9 226.2 218.2 211.7 207.6 198.8 183.6 172.5 164.7 158.1 157.8 154.8 152.5 149.7 151 153.2 155.1 156.4 157.2 157.5 157.1 153.4 151.3 149.8 146.7 143.8 139.4 143.1 144.8 146.2 147.1 146 148.4 151.5 152.5 155.2 155.7 145.9 139.2 134.4 133.4 134.5 135.1 125.4 122.1 126.7 130.3 130.8 125.1 122 116 109 100.2 92.6 85 83.4 79.6 73 66.6 58.4 66.8 73 68.6 68.4 76.2 86.2
247.3 241.3 235.8 236.9 239.9 241.5 237.3 231.1 232.9 234.5 236.2 237.9 239.9 227.5 220.5 214.8 210.7 204.2 188.4 175.7 166.7 162.3 160.7 157.4 155.4 153.2 153 152.9 155.8 158.4 160.9 160.1 159.2 157.7 153.3 151.9 149.6 145.6 138.4 130 136.7 142.1 144.4 145.3 143.5 147.9 151.2 150.2 148.3 145.6 144 142.4 140.2 138.3 134.7 132.6 126.5 120.6 124.2 124.8 123.1 120.6 118.4 109.6 103 95.2 85.6 79.2 76.6 71.1 65.3 56.6 64.7 66.2 66.2 64.2 66.5 73.8 79.6
251.2 244.6 236.7 232.1 230.8 230 230 230 234.2 235.6 237.3 233.2 227.5 223.7 218.3 212.6 206.8 197.7 184.7 171.7 167.9 162.9 160.4 159.2 157.1 155.4 154.1 155.4 159.9 161.4 161.5 160.7 159.6 157.1 155.7 150 144.2 139.2 132 128.5 136.5 135.5 138.5 144.6 140.4 143.5 143.7 144.6 144 144.2 146.4 149 146.7 141.1 139.3 131.2 125.4 119.6 119.3 121 118.9 116.6 112.2 105.4 100.2 91.5 79.5 73.8 69.2 64.8 60.5 57.8 61.6 63.2 63.5 61.3 63.5 70.4 78.9
249.2 244.7 241.7 234.1 230 230 230 230 233.4 233.6 229.8 227.8 224.2 220 214.1 208.6 198.1 191.6 178 174.3 170.3 166.1 165.8 163.7 159.1 156.5 155 157.8 161 162.6 162.4 160 157.9 153.8 149.5 143 136.7 129.9 124.4 122.7 127.1 128.8 131.6 132.8 137.5 140.3 141.8 143.9 142.7 145.9 148.3 149.5 148.7 143 135.3 129.2 125.1 123.9 117 119.2 118 112 104.4 99.4 93.4 87.2 79 75.1 65.7 63.5 61.9 53.9 51.5 57.1 56.1 57.1 60.9 70 74.8
256.2 261 255.7 246.3 233.9 230 230 230 230.9 229.8 229.8 224.9 223.6 228.9 217.9 204.7 192.7 184.4 177.6 175.4 170.5 168.8 164.2 160.3 156.9 156.4 155.2 158.8 162.1 163.7 163.9 160.4 156.2 151.1 144.4 137 129.1 122.7 120.7 119.2 121.3 123.8 129.5 128.9 131.6 136.4 140.1 139.8 144.1 149.9 152.1 148.2 145.7 136.2 129 126.3 124.6 117.1 111.2 114.4 110.1 108.3 103.1 95 92.5 84.9 77.2 70.2 64.7 64.4 63.1 61.4 53.9 50.4 49.4 54.7 59.3 66.6 72.4
259 264.3 265.2 257 241.1 231.9 230 230 232.8 233.2 232.5 234.2 233.9 225.8 211.6 202.3 191.2 180.4 176 173.8 170.4 165.2 160.7 158 155.6 155 156.4 159 163 164.6 160.7 156.3 154.2 150 138.6 130.2 123 118.7 117 116 116.1 118.5 122.7 126.7 133.1 136.7 137.8 141.7 151.2 153.6 158.6 148.2 139.7 134.7 127 121.5 118.5 114.1 108.6 106.1 105.1 101.3 96.6 92.5 86.8 79.3 72.9 67.9 63.5 63.5 60.7 60.1 56.4 52.6 44.7 51.6 53.4 57.6 61.7
258.2 264 262.6 259.5 247.8 234.7 230.9 232.4 235.8 239.2 240.7 234 225.9 214.3 207.6 194.6 185.4 184.5 173.8 171.3 168.4 164.4 162.5 158.3 152.9 153 154.2 156.6 156.9 154.5 151 147.2 144.1 138.5 128.6 123 119.3 116.6 115.5 114.9 115.3 115.9 123.2 131 135.1 139.1 143.6 145.1 149 151 146.3 138.9 135.7 133.6 120.1 120.8 117.9 115.2 112.9 106.6 98.6 92.1 90.1 86 80.8 73.5 68 66.2 64.6 63.8 62.9 57.6 54.4 56.2 44.2 48.7 50.4 52.2 57.8
257.6 261.6 261.2 247.4 237.8 234.9 233.3 236.2 240.2 240 236.9 227.8 217.2 210.3 202.6 192.1 191.5 187.8 179.9 167.2 166 164.2 159.9 155.2 151 148.9 149.6 147.2 146.2 144.1 137.2 132.6 129.5 126.4 124 122.2 119.1 116.2 114.8 114.4 114.5 118.1 129.1 135.3 141.9 139.7 139.1 137 138.2 135.8 133.9 132.6 131.7 120.4 115.3 118.1 117.8 118.3 115.3 108 94.2 88.7 83.8 81.7 74.6 68.7 66.7 68.5 68.3 67.8 71.6 65 55 49.1 43.1 46.5 50.1 50.4 51.8
253.8 252.3 248 240.1 239.1 234.5 233.6 234.9 234.5 234.8 229.2 221.3 212.6 206.6 199 195.7 195.5 188.1 177.5 169.1 162.4 160.7 157.8 152.5 148.1 146.4 145.2 144.6 144.7 144.8 146.3 143.6 142 136.5 135.5 129.9 125.9 121.8 116.7 114 113.5 120.1 132 139.3 138.5 136.8 135.9 132 127.4 128.5 129 125.9 119.7 111.4 113.3 115.8 113.2 109.5 102 92.7 87 81.9 76.9 75 70.2 69.1 72.2 78 73.2 76 79.3 70.4 56.3 48.3 42 45.7 48.9 47.6 51.2
246.6 242.1 239.6 233.9 230.1 228.1 229.2 227.3 227.5 224.1 221.3 215.6 208.9 202.2 200 202 200.3 188.2 178.6 169.5 162.9 158.7 157.6 150 151.6 151.6 147.8 154.6 152.9 151.1 151.7 157.8 162.1 154.8 145 136 129.9 125.3 118.1 114.5 113.3 119.8 128.1 129.2 133 138.7 133 127.3 120.6 120.5 120.8 119.5 117.8 108.2 111.5 109.9 105.8 102.3 95 85.9 81.4 75.3 73.3 72.1 73.1 74.8 84.1 83.1 88.6 87 82.7 76.3 57 47.9 41 43.4 47.1 45.5 46.2
249.4 250.2 248.8 247.3 238.5 229.4 222.6 220 219.3 212.4 214.9 211.6 208.5 198.9 205.2 204.9 200 188.3 178.4 169 163.2 158.9 157.6 158.2 157.9 151.9 149.2 156.2 156.9 157.6 162.1 162.9 166.8 163.2 146.4 136.9 133.3 130.3 124.6 124.3 116.7 112.6 123.8 127.9 131.3 131.3 127.7 126.4 119.7 112.1 116 117.4 107.8 103.2 103.2 104.4 103.2 102 86.6 80.9 76.5 75.8 70.7 72.6 75.9 79.1 83.1 88.3 89.4 90.6 82.6 70.8 59.3 48.3 40.5 43.7 47.5 44.8 43.3
259.5 259.5 259 260.7 247.2 236.5 230.5 229.6 220.2 215.7 210.3 206.1 202.5 206.5 205.7 200.5 192.6 184.1 176.2 168.4 161.3 155.8 159.8 161.7 154.8 147.3 145.6 148.7 156.2 162.9 168.4 168.8 166.9 163.4 153.7 141.5 139.5 134 136.3 134.6 126 116.8 117.7 123.5 127.2 127.8 131.5 126.8 115.9 111.3 108.5 106 104 98.5 98.6 98.2 97.2 91 82.5 77.1 72.2 73.2 68.3 73.7 78.5 82.7 86.6 92.8 86.6 83.4 78.5 70.6 58.4 52.4 41.2 42.9 45.2 41.8 41.9
261.6 266 268.5 262 255.8 246.3 237.8 232 225.4 216.5 209.3 205.7 206.1 208.2 205.3 196.5 187.8 179.5 172.1 162 156.2 156.8 161.1 158 150.1 143.7 141.8 146.5 147.7 153.5 158.1 160.5 164.5 159.6 150.9 143.7 146.5 142 139.4 130.6 127.4 116.7 116.5 124 125.8 128.6 127.2 114.7 103.4 106.3 105.3 108 101.4 97 89.2 86.8 84.8 80.9 77.9 70.7 67 65.9 69.8 73.6 77.3 81.1 85.3 88.2 91.4 87.8 83.2 76.1 53.2 49 45.6 38.3 39.8 40.2 40.7
262 268.5 270.9 268.3 264.1 255.9 247.2 235.4 225.1 221.5 212.9 208.7 211 208.5 199.4 190.7 182 174.7 166.5 155.8 152.6 155.4 157.4 153.6 145.8 138.8 139.4 142.8 144 145.8 155.4 155.7 158.8 151.6 148.9 153.2 157 155.6 147.4 130.6 118.3 111.4 112.3 119.6 121.6 117.3 110.5 105 101.1 104.5 105.1 99.5 97.9 91.1 85.1 84 81.4 76.6 71.1 60.7 62.6 65.2 70.5 71.2 74.3 80.1 83.8 80.5 85.4 85.9 73.7 61.4 49.7 45.7 44.6 37.4 39 38.9 39.3
260.2 268.1 271.9 271.1 268.2 264.6 255.2 241.9 228.2 215.4 209.3 206.1 207.3 200.7 195 185.6 177.6 169.6 160.1 152 151.2 154.3 153.6 149.5 143.5 137.7 139.4 139.5 140.2 142 143.7 147.2 147.3 146.8 148 151.4 150.5 145.4 140.4 129.2 116.6 110.6 112.2 118 120.7 119.5 105.1 104.1 96.6 100.8 96.1 92 92 88.7 81.7 81.2 76.5 74.2 62.3 56.2 61.7 65.8 65.4 70 69.5 73.8 73 65.3 62.2 57.2 52.9 49.7 43.9 42.2 41.8 37.2 38.2 38.2 38.3
258.1 267.6 269.8 272.2 272.7 270.9 256.8 240.9 232.5 213.1 204.5 201.9 198.8 196.3 192 180.5 175.8 169.2 158.4 149.5 150.7 150.6 148.4 145.9 143.5 136.2 136.2 138.9 140 140.4 140.5 142.3 143.3 142.3 139.4 138.8 137.7 134.1 130 120.4 114 110.1 110.5 116.4 110.7 106.9 103 100.1 91.2 95.6 89.9 85.7 83.9 80.5 70.8 71.6 68.6 65 52.3 55.8 56.6 57.2 56.7 62.7 59.7 63.2 59.3 55.3 54.8 50.2 45.6 42.1 37.9 37 38.2 37 37.5 37.7 37.9
255.9 266.3 270.4 273.1 277.1 273.8 262.1 244.1 232.9 213.2 201.5 197.6 193.2 190.6 187.4 179.1 175.3 164.9 152.9 154.3 149.3 147.3 145.2 145.3 143.3 135 140.2 135.5 140.5 140.2 134.6 141.7 139.9 138.4 137.2 139.3 134.6 130.6 127.3 121 114.7 111.5 110.3 109.9 100 98.1 101.3 93.7 88 86.7 86.4 78.3 78.3 72.6 65.5 63.1 60.3 55.5 51.9 52.5 53.1 49 47.9 47 47.6 49.3 50.8 50.9 49.9 47.7 39.7 32.7 33.6 34.1 34.5 35.4 35.6 36.2 37
255.6 265.4 270.8 274.6 276.6 274.3 261.5 244.5 225 208.5 202.4 192.7 186.7 187.4 187.6 180.9 169.4 158.2 157.9 157.3 147.1 144 145 145.2 140.6 126.4 124.5 130.4 134.2 129.4 133.8 134.1 136.8 135 136.3 135.7 131.2 130.4 132.6 126.3 129.2 118.7 117.2 109.4 104.7 91.2 88.7 82.1 82.7 84.9 91.5 72 70.7 65.1 58.3 56.4 55.5 48.8 53.8 60.8 58.2 55.7 47.1 40.8 43 44.6 46.2 45.8 43.7 36.8 32.7 32.7 32.7 32.7 32.7 33.6 34 34.8 35.5
253 263.7 268.5 275.8 276.3 275.7 256.1 245.6 213.4 201.6 194.3 186.3 183 187.5 183.9 177.8 168.1 162.5 162.6 157.4 145.2 143.7 143.6 144.3 133.8 113.2 117.4 122.3 122.2 129.9 132.8 127.7 128.9 130.4 130.6 129 129.3 129.9 130.5 129.4 132.1 127.4 124.4 111.9 100.3 98.4 86.9 75.1 83.5 88.2 76.9 62.6 61.3 58.4 52.7 48.9 46.7 52.8 56.8 58 59.5 59.1 50.7 42.2 39.2 40.4 41.5 42.4 37.7 32.7 32.7 32.7 32.7 32.7 32.7 32.7 32.7 33.3 33.6
245.6 258.8 264.1 268.7 267.2 260.8 248 230 205.2 193.4 186.6 183.6 182.8 181.2 176.6 172.6 168.1 174.3 162.6 153 141.6 144.4 145.4 132.5 117.5 105.6 107.4 117 124.3 130.9 129.2 125.5 123.2 124.5 126.3 124.8 127.2 129.9 134 132.3 137.5 133.6 128.4 116.5 102.6 100.9 86.9 76 76.4 72.6 61 54 51.5 47.9 44.9 45.7 48.9 54.5 60.6 57.4 59 55.2 48.4 40.7 35.5 35.5 35.9 35.6 32.7 32.7 32.7 32.7 32.7 32.7 32.7 32.7 32.7 32.7 32.7
241.3 255.1 260.8 262.9 263 257.1 239 210.5 195.9 187.9 184.6 182.5 189.2 187.7 171.5 171.1 172.4 167.9 151.6 147.1 140.4 146.3 137.7 122.8 107.7 101.9 97.6 109.9 124.4 131.1 130.9 129.4 123.9 120.4 120.5 120.7 125.4 131.5 133.4 136.1 136.9 139.4 131.8 116.4 102.2 94.5 77.4 75.3 67.6 59.2 55.8 50.9 45 45.2 46.3 46.1 49.9 54.2 56.3 54.2 54.8 48.9 41.6 35 32.7 32.7 32.7 32.7 32.7 32.7 32.7 32.7 32.7 32.7 32.7 32.7 32.7 32.7 32.7
237.6 253 255.5 251.9 246.5 235.2 217.7 198.8 189.5 184.8 183.3 185.4 192.9 182.3 168.7 166.3 163.5 158.2 147.5 141 140.9 140.6 127.8 118.2 107.5 101.1 94.6 105.5 116.5 119.8 122.5 126.6 127.6 121.4 119.3 122.1 126.5 135 140.6 135.8 132.7 132.7 125.4 108 92.9 80.5 61 61.4 57.2 52 47.5 43.2 43.4 46.2 49.3 44.8 47.4 50.4 51.7 47.2 46.2 42 32.9 32.7 32.7 32.7 32.7 32.7 32.7 32.7 32.7 32.7 32.7 32.7 32.7 32.7 32.7 32.7 32.7
235.6 248.9 252.3 242.5 230.7 224.3 204.5 192.5 185.4 184.1 183.4 189 186.2 173 161.5 159 159.5 156.9 152.5 133.2 138 133.4 126.5 118.1 107.6 98.3 94.5 98.6 106.8 110.9 115.3 119.4 113.5 112.8 119.8 124 128.6 128.8 131.3 130 123.8 119.9 104.7 87.1 78.4 65.3 52.2 49.9 50.5 45 43 44.5 45.5 51.5 50.9 44 46.2 49 45.5 38.9 34.2 34.4 32.7 32.7 32.7 36.5 32.7 32.7 32.7 32.7 32.7 32.7 32.7 32.7 32.7 32.7 32.7 32.7 32.7
234.1 241.5 240.8 235.5 222.5 212.1 197.3 188.7 184.7 183.8 187.7 190.2 175.9 163 156.8 148.5 154.5 150.9 138.1 129.4 133.8 134.2 133 119.7 103.8 96.3 93.4 95.7 99.5 102.6 105.8 106.9 108.6 112.4 115.8 121.5 124.2 125.6 124.5 117.2 112.7 101.4 83.2 73.5 66.6 56 50.1 43.1 42.2 42 42.8 54.2 48.8 43.5 42.6 41.2 45.7 44.9 39.6 33.7 32.7 32.7 37.3 32.7 32.7 32.7 32.7 32.7 32.7 32.7 32.7 32.7 32.7 32.7 32.7 32.7 32.7 32.7 32.7
