WholeMapElevations/data/sj/sj01_OST50GRID_20230518/SJ01.asc
ncols 200
nrows 200
xllcorner 300000
yllcorner 310000
cellsize 50
[rows 70 to 104 of 200, columns 78 to 155 of 200]
268.4 267.3 266.6 265.5 264.1 263.4 262.7 263.7 260.9 255.4 250.9 251 247.8 248.1 246.8 247.2 245.5 237.3 235.8 240.1 233.8 225.1 223.8 222.7 207.7 211.5 228.1 224.6 220.6 211.4 210.3 217.4 219 224.1 226.6 227.9 231.7 230.7 237.7 240.3 239 242.3 240.3 241.3 240.4 239.1 237.8 237.7 237.7 237.7 240.6 245.5 250.8 253.1 256 255.7 252.4 247.4 246.3 238.8 235.7 232.7 235.3 237.6 238.5 242.3 240.2 243.4 242.2 239.5 245 256.6 268.8 276.7 281.2 285.7 288 289.8
270.9 271.1 271.5 270.9 270.2 269.4 270.1 268.7 265.9 260.4 257.9 257.3 253.8 253.4 252.3 251.1 245.5 237.9 225.9 227.7 216.5 212.1 212.2 216.6 207.3 208.6 226.5 225.2 214 208.4 207 210.2 215.3 222 223.4 221.9 224.2 229.7 233.3 238.3 237.7 237.6 239.7 241 240.3 237.7 237.7 237.7 237.7 242.6 247.7 251.2 256 258.4 259.8 262.4 262.4 259 257.5 254.9 243.4 239.1 236.4 231.8 227.3 231.2 232.4 230.5 224.8 228.8 237.9 245.6 254.9 265.7 273.6 278.8 281.4 283.3
269.8 269.8 270.1 270.7 271.3 271.9 272.3 271.3 269.2 265.3 265.2 262.9 261 259.4 256 249 241 234.5 226.7 220.3 214.7 208.2 206.9 207.9 203.7 206.3 219.8 212.6 206.8 204.9 204.3 204.8 207.1 212.7 214.3 220.3 224 227.1 232.9 239.4 241.6 239.5 240.9 242.1 239.7 238.6 242.1 241 245.3 249.7 254.2 259.9 261.7 264.9 265.9 267.9 271.3 270.3 269.2 267.3 257.9 248.4 242.8 234.5 224.2 220.1 223.7 220.1 217.5 221.9 232 238.8 245.3 253.5 265.5 270.4 272.8 274.7
266.5 266.4 266.6 267.7 268.4 269.1 270.1 271.5 273.7 273.6 272.9 270.9 266.6 261.1 254.1 246.2 237.8 232.2 226.7 221 216.9 207 205.2 205.6 202.2 203.4 208.7 205.3 204.1 202.2 203.4 204.7 206 207.6 209.4 216.2 223 226.1 231 235.6 235.8 236.6 234.9 235.5 236.8 240.6 245.7 248.3 250 254.4 259.2 266.8 270.2 272.2 274.9 276.1 280.2 278.4 278.7 273.6 266.3 257.6 249.5 240.9 230.6 218 215.1 213.9 213.2 216.4 228.9 237.6 241.5 247.7 256.3 261 265.1 268.6
262.2 262.9 263.2 264 265.2 265.9 267.5 270.7 274.7 278.4 275.8 269.7 264.6 258.1 247.9 242.8 235.7 230.7 227.9 220.3 215.1 207.6 205.3 204.6 202 202.2 202.6 202.8 202.1 201.9 203.6 205.3 206.3 209.3 213.3 217.9 222.5 227.4 233.3 231.5 234.9 239.8 240.2 243.6 242.1 245 247.7 253.4 255.4 259.1 266.1 271.7 276.5 280.8 282.9 287.1 289.7 288.4 284.4 278 270.4 261.9 255 248.4 238.8 227.9 217.8 212.5 211 213.7 223.5 232.8 240.9 246.7 255.1 260.3 266 266.2
257.6 258.7 259.3 260.1 261.9 262.9 265.1 268.6 271.2 272 271.2 264.3 260.5 253.4 248.7 239 234.3 228.5 224.2 220.5 215 211 208.8 205 201.2 201.1 201.4 201.4 201.2 201.4 203.5 205 211.8 218.9 223 227.8 231 234.1 237.6 238.5 244.1 246.2 243 245.4 248.4 248.7 251.5 254 256.4 259.6 265.8 270.2 274.3 279.6 283.6 286.5 286.8 285.5 281.2 275.6 267.2 260.8 255 249.6 243.1 233.1 224.2 220.7 210.5 210.2 219.8 229.6 238 247.3 255.5 263.4 267.1 262.6
252.2 253.9 255.3 256.6 258.7 259.8 261.3 263.2 266 266.9 264.8 259.9 255.5 247.3 241.1 235.4 231.8 221.6 218.2 217.3 213.7 212.5 211.4 209.5 201.5 200.4 200.1 200.3 200.4 201.7 204.4 208.1 218.7 228.2 227.3 230.6 237.2 242.4 241.6 243.1 246.7 247.8 248.1 250.1 251.5 253.6 255.7 257.9 258.5 260.2 264.8 267 271.4 276.8 280.8 283.9 284.2 282.6 279.1 274.9 269.9 263 254.7 246.7 241.1 235.2 230.5 226.2 210.7 209.1 219.3 226.9 235.3 244.2 252.9 258.3 261 256.9
248.2 252.4 251.8 252.2 255.6 256 256.8 256.8 259.4 261.7 262.7 256.9 253 243.7 238 233.1 224.8 219.2 216.4 214.4 212.4 211.1 211.8 210.8 209 198.9 199.8 199.9 199.9 202.1 204.5 210.6 219 228.1 228.5 231 237.5 243.1 244.7 247.4 252.9 251.6 252.9 255.1 257.1 258.3 260.3 261.1 263 261.1 265.2 268.9 273.2 275.7 278.3 280.5 281.7 281.2 278.7 275.5 273.7 269.1 259.8 248 238.2 228.8 221.2 218.6 214.5 208.6 216.3 223.4 230.6 238.3 244 250.4 260.6 263.7
246.8 249.2 249.8 239.2 251.2 251.5 251.3 250.5 251.4 255.1 256.9 254.4 250.5 241.2 234.6 226.8 219.8 215.5 213.7 211.3 208.2 207.5 209.2 210.1 209.3 205.5 198.4 198.9 199.6 202.3 204.1 206.1 211.2 213.8 216.1 220.1 227.1 232.8 237 237.5 240.4 245.4 254.1 258.1 260.7 262.6 263.9 263.8 265 265.3 266.8 267.2 270.2 272.8 275.9 278.6 280.6 281.8 282 280.8 278.3 272.3 261.7 248.6 238.4 229.6 224 216.8 208.1 207.7 212.1 216.8 226 237.3 252.5 262.7 269.8 272.3
238.3 241.1 240.3 235.4 241.1 244.5 244.8 244.6 246.5 249.5 250.8 248 244.3 238.2 232.5 223.8 216.6 213.2 210.2 206.1 202.2 204.8 207.1 209.6 210.6 208.7 200.3 198.7 200.5 205.2 208.7 215.2 217.7 222.9 227.2 229.6 232.3 235.2 238.6 241.8 244.2 246.4 249.8 256.5 259.9 262.2 264.6 267 270.3 270.7 271.6 272.5 273 273.8 275.7 278.2 280.3 281.8 283.7 286.4 279.9 272.2 262.4 252.7 244.3 234.2 224.3 218 208.2 206 209.7 217.2 227.4 247.1 263 270.3 275.1 274.8
224.1 225.5 226 225.3 225.7 232.6 236.6 238.7 240.9 243.2 244.6 241.4 238 234.3 227.6 219.6 212.6 208.8 207.5 200 195.5 200.8 203.3 205.4 204.5 201.6 197.8 203.6 212.9 216.5 225.2 231.8 233.1 234.3 238.2 240.2 241.7 248.1 252.8 256.2 258.7 257.8 260 259.7 265.8 268.1 269.9 271.4 271.9 271.2 271.2 270.8 270.4 271.1 272 273.4 274.2 276.6 278.6 282.8 279.7 273.2 263 255.6 246.5 236.7 227.2 218.6 211.5 204.6 209.5 216.7 231.4 255.4 268.6 273.7 274 273.4
215.8 214.9 215.3 216.3 219.5 225.2 229.8 233.9 236.4 239.2 238.7 236 233.4 228.2 220.7 214.1 207.5 204.7 204.4 195.9 193.2 193.6 194.9 196.9 195.6 203.1 214.1 221.2 227.5 236.5 244.5 250.4 250.2 247.7 249.4 249.5 253.4 257.4 264.1 266 267.4 268.2 268.4 268.3 267 268.3 270.9 272.4 272.6 271.3 271.4 267.1 265.9 265.6 265.5 268.3 270.3 271.6 275 276.6 276.4 271.7 264.2 257.3 249.1 238.3 225.1 218.3 212.7 203.3 206.2 214.9 235.9 260.7 270.1 271.5 271.1 267.6
216.5 213.6 210.7 213 215.7 220.8 225.7 227.6 230.3 231.6 230.8 230.1 227.8 223.7 216.1 208.4 203.7 201 200.1 192.5 192.8 193.7 194.4 196.7 202.8 212.2 224.8 234.8 246.4 253.9 260.9 261.8 262.9 261.3 262.9 266.9 268.6 267.2 268.2 270.9 271.9 272.4 272.9 273.4 274.2 270.4 272.3 274.7 275.8 276.1 275.8 269 267 263.7 261.3 262.4 266.4 268.2 270.7 271.7 271.3 267.7 263.1 257.5 249.4 240.6 227.8 219.9 211.4 204.3 203.5 210.6 235.2 259.1 261.8 262.3 259.5 253.1
216.2 212 208.2 209.4 212.3 217.1 221.3 221.8 224.7 226.4 226.3 225.8 221.9 219.4 213.4 202 197.1 190.8 191.8 192.3 193.8 194.8 195.6 201.6 217.3 232 246 255.3 262.5 269.8 273.7 274.6 277.1 277.9 279.6 279 276.8 274.2 272.2 275.1 276.8 276.1 275.5 276.2 274.9 272.3 277.4 279.4 279.8 280.2 280 279.9 274.1 267 262.5 261.4 262.9 264.3 265.5 266.3 266.3 263.9 259.2 253.4 244.9 239.3 233.5 223 210.9 203.3 201.6 205 225.8 238.6 243.3 243.5 239.2 233.3
215.9 209.3 205.4 207.4 209.8 214 217.1 218.2 220.1 219.3 220.7 220.5 215.8 212.3 200.6 191.5 190.6 192.9 195.4 195.5 195.8 195.7 201.8 213.1 230.3 244.7 254.6 262.6 269.6 276.7 283.5 285.6 288.8 289.1 288 284.9 281.4 278.2 277 279.5 279.8 278.3 277.3 276.1 273.9 275.9 280.5 284.8 286.9 286.7 287.1 285.6 281.5 272.9 267 264.3 261.8 259.6 261.1 260.9 259.8 256.7 252 246.8 240.9 234.3 229 221 211.2 205.9 201.5 200 205.9 214 219.8 220.6 221.3 225.4
219.7 211.5 204.5 205.5 207.2 209.4 212.7 213.1 214.9 213.4 214 214.1 208.2 198.5 188.8 196.9 199.2 201.1 202.3 199.4 198.4 200.8 212.4 221.9 234.8 248 259 268.2 276.2 283 286.5 289 288.4 288.9 288.3 283.9 279.7 275.9 275.2 276.7 279 275.8 276.4 274.2 275.7 280 285 289.5 291.9 293.7 292.5 290.8 288.6 279.5 272.6 267.6 264.1 259.3 250.6 249.3 249.6 247.3 243 236.8 234 227.4 221.7 214.6 209.1 204.6 201.6 199.6 200.6 204.8 208.3 213.9 221 231.7
221.4 214.4 208.1 203.8 205.6 207.3 208.8 207.8 208.6 208.7 208.2 206 201.9 192.5 193.1 198.8 200.8 204.8 208.2 206.4 203.5 207.4 221 234.2 244.4 255.8 264.6 274.3 278.8 281 281.5 284.4 284.9 284.9 280.3 274.4 274.8 272.1 270.7 273.9 270.8 272.6 273 271.5 274.3 280.3 285.3 289.7 295.3 297.7 300 299.8 294.1 283.7 274.4 268.4 264.1 260.3 255.7 246.7 244.2 237.7 229.9 225.6 224.5 217.2 214.3 211 206.4 203.5 201.7 199.8 198.6 202.6 204.6 213 224.5 231.2
225.1 220.4 211.7 205.8 201.3 203.1 204.4 203.7 204.3 205 205 202.7 194.2 186.3 195 200 204 209 213 212.3 208.1 210.8 219.5 236.4 249.8 258.6 269.2 276.5 278.8 279 280.8 281.6 277.3 275.3 269 266.1 266.1 263.6 265.4 269.5 267.4 267.8 269.6 268.7 271.1 277.4 281.8 285.2 289.9 293.4 294.6 296.6 293.7 285 276 269.9 264.6 260.2 257.2 254.4 248.8 241.7 237.2 235.2 227.9 219 217.5 212.7 205.8 203.4 200.9 199.6 198 199.5 200.7 212 220.8 225.8
227.5 222.7 216 208.6 203.7 199.8 197.9 198.5 200.1 200.1 198.9 190.4 185.1 189.5 197.6 204 209 214.8 218.2 216.5 213.3 216.1 223.6 242.7 255.5 260.5 267.4 272 272.5 270.4 266.4 265.6 262.1 258 255.2 255.8 256.3 256.5 257.7 261.4 258.4 259.1 263.6 263.5 269.8 273.7 277.5 280.9 284 286.9 288.7 290.2 287.4 282.3 275.4 270.7 267.3 266.5 264 260.7 256 247.6 245.6 240.9 232.8 228 226.1 219.3 211.2 204.5 202.5 200.4 197.3 197.5 202.2 208.7 218.1 221.9
227.5 226 221.5 212.6 208.5 205.2 201.3 196.9 190.8 191.6 181.4 183.2 184.1 195.8 200.7 205.3 210.4 216.5 222.6 222.9 225.4 231 228.8 238.4 249.8 257.4 264.9 268.1 266.7 261.9 259.3 255.9 253.3 249.5 250.5 254.2 255.4 254.1 253.5 250.3 249.6 252 254.5 256.2 262 267.8 271.3 274.3 277.8 279.8 280.3 278.8 279 275.7 274.8 273 270.9 268.5 266 262.4 257.7 253.4 251.6 247.1 241.7 238.2 234.4 228.6 221.5 213.5 207.9 203.3 198.5 196.6 199.9 206.8 214.1 207.2
223 220.5 218.2 213.4 207.5 201.6 195.6 191.4 185.2 182 182 184.4 188.2 197.3 199.5 207.1 212.8 218.8 226.9 233.4 239.6 246.7 252.3 253 248.5 252.7 260.2 259.4 257.7 255.1 253.7 252.3 250.1 245.3 246.8 251.9 251.7 250.1 244.8 252.2 253.1 257.7 259.5 261.3 262.9 264.4 268.2 271.7 274.4 275.4 276 274.5 272.1 271.6 271.4 271.3 270 267.3 264.7 261.1 258.5 255.6 253.6 250.7 246.8 244.6 240.9 235.7 230.1 222 214 208.5 204.1 195.7 197.8 199.1 201.6 215.4
218.1 215.2 211.7 205.1 197.2 194.1 188.5 178.8 179.2 180.7 183.7 187.9 187.7 188.5 196.5 207.2 218.2 222.7 227 230.5 235.3 241 247.5 251 251.6 252.9 254.7 252 250.4 247.9 246.7 246.8 244.6 240 239.2 245.1 244.7 245.8 240.3 245.9 250.2 254.7 258 260.3 263.6 263.8 265.4 267.2 269.9 271.5 271.8 271.8 269.6 270.7 269.8 268.5 267.3 265.2 262.2 258.8 255.8 253.4 252.1 250.7 248.1 246.7 244.1 240.2 234.5 227.1 219.5 213 207.3 198.8 195.2 201.5 207.3 217.2
215.2 211.4 207.2 198.5 189.9 185.4 178.1 184.8 190.4 195.7 198.1 196.6 191.6 189.1 194.4 202.1 207.9 220.5 224.3 230.9 235.3 242.8 255 256 254.3 259.6 256.2 250.9 249.2 244.8 242.5 232.9 234.8 236.9 235.6 236.3 232.3 234 237.4 241.6 241 247.6 250.6 253.4 257.2 261.6 264.8 266.8 268.2 269.2 269.4 269.2 268.4 267.9 266.8 264.9 262.6 260 256.8 252.7 249.1 247.4 246 245.8 243.3 242 240.2 233.6 230.5 226.7 221.4 216.5 210 201.5 195.4 196.1 205 214.2
209 206.5 202.7 195.2 185.5 177.5 175 189.3 193 199.4 204.2 202.1 197.7 195.3 193 202.4 215 224.1 226.7 229 232.6 242.9 250 249.3 249.8 251.8 248.7 243.8 239.3 237.3 237.7 232.1 230.9 235.6 227.2 222.8 239.6 242.9 243.8 246.1 248.5 248.7 250.7 257 261.4 263.8 267.3 270.1 270.5 269.6 269 269.7 269 270.6 270 267.4 263.3 257.9 255.3 253.1 250.5 247.5 242.4 236.7 234.2 234.7 232.3 226.8 223.3 220 216.7 215.5 210 205.1 200.7 192.3 199.1 208.2
212.1 206.3 200.8 194.1 180.3 174.4 179.6 190 192.9 200.2 205.5 202.6 200.6 200.8 197.8 200.2 210.1 219.3 224.5 228.2 230.7 233.7 234.8 234.2 234.5 234 232.2 229.6 230.5 232.8 234.5 230.7 223.4 232.3 223.3 233.2 239.3 243.6 247.6 250.8 254.4 255 256.7 259.2 262.8 264.5 266.2 268 269 269.1 268.6 269.8 271 271.8 271.3 269.6 264.8 259.3 253 251.1 249.4 248.3 245.9 241.5 235.5 227.2 218.5 218.7 217.7 214.1 210.5 208.4 206 201.1 200.5 195.2 192.4 205.3
213.8 206.2 200.5 193.4 184.1 172.5 180.9 189.8 193 198.7 201.2 199.4 198.1 199.3 196.8 195.5 201.8 205.6 203 205.4 206.8 210.7 213.8 214.4 215 217.6 219.2 217.3 221.2 223.8 224.6 223.6 223.1 227 218.6 229.2 237.9 245.8 252.4 256.1 259.7 261 262.7 263.1 265.5 266.5 267.8 268.6 268.5 268.3 267.4 266.9 266.6 268.5 270 268.6 263.7 255.8 249.1 245.5 243.9 242.5 241.7 238.1 233.6 227.5 218.8 211.3 210 207.6 204.7 201.6 199.2 196.3 196.3 193.1 190.7 203.3
208.7 200.5 198.3 192.2 182.8 171.6 176.4 187.5 191.6 195.1 195.1 193.1 194.8 198.5 197.8 196.1 195.7 196.9 197.7 196.8 193.8 198.4 204.2 205 209.7 211.1 210.3 212.1 213.5 210 208.1 211.5 213.7 221.7 232.2 236.1 243.9 249.5 255.4 258.8 261.5 263.3 265.2 266.8 268.4 270 271.6 272.2 271.7 270.8 269.4 268.4 264.9 264.1 266.2 264.9 261.6 255.2 247.1 241.5 237.4 237.4 240.7 237.9 234 228.5 222.7 216.1 204 201.9 199.5 196.1 193 191.2 191.4 187.8 192.3 202.7
200.3 197.1 190.2 189.2 182.6 171.1 173 186.5 190.1 190.5 189.2 190.5 194.4 198.2 200.6 199.7 201.6 202.4 200.4 196.4 191.4 192.3 195.8 198.2 202.1 198.7 199.5 202.1 207.6 216.7 217.3 217.6 219.2 228.7 237.4 246.8 253.7 258.1 263.2 266.2 267.3 268.5 269.5 271.7 274.2 276.7 278.9 279.8 279.8 278.1 276.3 273.2 271.9 266.2 261.7 258.5 255.2 245.8 240.9 238.5 231.5 230.1 231 228.4 226.3 223.7 219.6 211.3 203.2 198.3 195.8 191.1 191.3 186.1 186.3 191.3 197.8 206.1
193.1 190.1 184.4 183.2 175.6 170 170.8 184.3 184.8 185.6 189.1 192.2 196.2 201.2 201.1 201.4 200.8 200 193 189.5 190.5 192.1 192.5 194.2 196.9 203.2 206.8 213.1 217.8 222.9 224.5 225.3 223.8 230.3 235.9 247.2 255.4 261.8 266.8 269.5 271.3 272.4 274 275.2 276.8 278.8 280.5 281.2 281.3 281.6 279.9 278.3 275.5 270.1 265.4 260.7 255.2 250.1 245 239.5 235.7 230.1 224.9 216 215.6 211.4 206.7 201.5 198.1 195.9 194.9 196.5 196.8 190.9 185.4 193.8 203.8 211.8
184.5 181.5 178.8 179 173.1 169.5 176.9 178.8 178.9 185.3 190.1 194.1 199.1 203.7 206.3 202.9 200.8 197.5 189.2 187.8 190.1 194.5 197 202.4 204.8 206.1 209.3 214.3 219.9 225.7 229.4 230.4 229 231.3 234.5 240.4 244.6 250 255.6 262.2 266 270.2 272 273.5 274.7 276.8 278.2 279.8 281.9 284.3 285.1 283.1 280.7 276.5 270.5 265.9 261.5 257.7 250.1 243.9 235.3 230.8 228.5 225.2 211.7 207.6 208.8 209.8 212.5 206.4 202.8 201.9 198.6 188.7 183.6 198.1 205.6 210.7
168.4 169.8 173.2 173 169 176.2 175.7 176.2 178.1 184.1 189.7 195.4 201.1 206.6 208 202.8 200.5 195.5 187.8 187 198 203.9 208.4 216.2 217.4 218.2 217.3 219.1 221.4 225.9 229.2 229.7 232.3 241.5 249.8 254.3 258.2 261.6 266.3 268.6 268.9 269.6 269.6 270.2 270.4 274 277.2 280.5 284.2 287.7 287.5 284.9 281.3 277.8 273.5 268.7 263.4 257.4 249 248.5 245.9 243.8 239.8 233.1 222.7 212.2 211.6 212 213 209.1 202.9 200.5 192 187.6 190.2 198.4 197 197.1
167.4 168.2 167.4 168.2 172.6 175.9 174.8 175.3 178.4 184 189.8 194.8 201.4 206.4 204 198.8 194.9 187.1 185.5 187.4 194.9 199.9 201.1 207.9 211.6 214.3 219 221.7 226.6 230.2 229.8 229.7 237.8 250.4 257.2 262.2 265.6 268.5 270.3 271.8 272.3 271.7 271.1 269.7 270.5 272.5 274.5 276.5 282.8 282.3 282.4 281.9 279.4 276.5 272.5 268.3 265.1 260.3 259.6 260.5 261.6 261.3 260.2 249.4 233.3 220.7 214.7 212.7 209.7 205.6 200.5 196 194.4 186 182.9 180.4 181.9 183.5
172.6 167.7 165.9 166.8 173.7 178.1 177.1 176.2 178.4 184 189 195.7 201.1 202.1 200.1 191.7 182.4 189 193.3 195.4 192.6 193.9 198 202.9 214.2 219.5 220.7 222.1 225.9 232.7 231.3 228.8 237.5 245.8 253.1 261.1 266 267.5 269.2 269.9 269.8 268.9 268.3 264.4 267.5 267.7 269.5 271.8 276.2 276.2 276.8 279.1 278.2 275.8 273 267.2 262.6 262.9 266.8 268.5 270.1 271.1 269 262.3 248 233.6 223.1 217.1 213.3 207.9 202.5 202.3 203.1 199.6 199.4 200.3 178.3 185.6
172.8 169.8 167.1 165.6 175.3 180.8 182 180.4 181.9 185.3 190 195.8 199 199.7 197.1 187.5 181.1 183.1 188.4 193.9 195.4 195.9 195.7 204 218.4 222.6 224.2 227.6 226.3 225.7 225.7 224.8 229.4 241.2 249.3 253.8 257.9 260.1 261.2 262.9 264.3 263.7 262.8 259.8 263 263.5 265.9 267.8 268.3 270.3 270.6 274.6 276.2 273.7 270.8 268.7 268.6 271 272.9 272.3 269.9 271.5 275.3 261.4 244.2 239.7 234.9 223.7 217.1 208.2 200.9 197.6 194.8 191.9 193.5 183 176.9 200.5
172 170.1 168.2 165.9 166.5 179.9 185.3 184.6 186.2 188.3 191.8 195.6 197 197.7 193.7 187.3 180 183.2 187.6 192.2 195.8 198.3 199.7 198.9 209.6 212.1 215.4 216.3 217.1 217.9 220 220.4 227.4 238.3 243.2 247.8 252.3 255.7 258.2 259.6 259.2 258.2 257.4 254.5 256.7 259.8 260.9 262.3 262.4 262.9 264.4 266.2 268.4 268.9 270.2 272.8 274.8 277 275.1 274.2 271.9 268.1 263.2 257.1 252.2 249.2 242.9 231.7 218 207.7 200.3 195.7 190.1 185 182 174.8 197.8 207.1
