UK/data/sk/sk29_OST50GRID_20230518/SK29.asc
ncols 200
nrows 200
xllcorner 420000
yllcorner 390000
cellsize 50
[rows 0 to 34 of 200, columns 0 to 77 of 200]
304.6 301.6 298 290.9 286.4 280.9 274 267.3 261.2 257.1 250.8 246.1 246.1 246 246.1 246.1 246.1 246.1 246.1 246 246.1 246.1 246.1 246.1 246.1 246.1 256.9 267.2 269.4 269.1 267.3 265.6 263.7 262.1 260 256.8 254.2 251.3 248.4 246.4 244.4 242.3 240.1 236.9 233.8 225.6 224.4 220.5 213.9 208.1 204.1 204.8 203.5 202.8 201.6 200.6 198.4 196.2 192.2 192.5 192 192.1 191.8 193.1 198.6 206.5 207.9 208.4 211.9 214.9 214.6 210.4 202 212.8 215.9 216.5 215.8 219.1
306.2 303.2 300.8 296.7 292.9 285.8 279.1 272.6 266.6 259.9 253.4 247.2 246.1 246.1 246.1 246.1 246.1 246.1 246.1 246.1 246 246.1 246.1 246.1 251.3 258.4 265.8 270.6 272.4 271.9 270.5 268.8 267.2 265.3 263.1 261.3 258.4 255.5 252.7 251.2 249.4 247.4 244.9 242.2 238.9 232.6 225.4 221.8 215.2 207.5 206.7 206.5 206.4 206.1 204.8 203.3 202.1 199.7 193.9 191.6 191.4 187.6 187.7 189.5 190.4 192.5 196.1 199.1 203.6 208 212.6 211.1 196.5 207.1 211.4 209.5 210 215
307.7 305.4 304.5 301.8 297.9 292.4 286.3 278.3 271 261.8 257 249.6 246.1 246.1 246.1 246.1 246.1 246.1 246.1 246.1 246.1 246.1 247.2 254.8 263.6 270.5 275.5 276.7 276.9 275.2 273.7 272.2 270 268.8 266.9 265 262.6 259.9 257.3 255.8 254 252.3 249.8 246.6 241.5 235.4 228.8 222.1 216.4 208.7 209.2 210.4 210.1 209.8 208.3 207.3 205.4 202.9 200.6 193.9 191.5 192.5 189.7 189.4 189.3 189.7 190.8 192.2 193.6 195.7 197.2 197.6 194.1 196.7 204.1 200.6 206.9 208.7
309.4 308.1 307.8 306.6 302 296.1 291.4 283 273.6 265.1 258.2 252.4 248.7 246.1 246.1 246.1 246.1 246.1 246.1 246.1 246.1 246 256.5 265.6 275.2 280.7 281.7 281.9 280.4 278.8 277.2 275.4 273.3 272 270.3 268.3 265.9 264.4 262 259.8 258.1 256.1 253.2 248.3 242.9 236.1 231.7 227.1 216.2 212.6 217.4 215.9 215.4 214.4 213 211.2 209.5 206.6 204.4 202 199.5 197.3 195.8 186.6 188.5 188.3 189 188.1 187.9 187.9 188.2 188.2 188.6 190.8 192.8 191 194.6 198.6
313 311.4 311.6 309.3 305 300.1 295.5 288.4 277.5 268.8 262.4 257.3 255.4 248.4 246.1 246.1 246.1 246.1 246.1 246.1 246.1 254.9 265.3 276.7 284.1 286 284.5 284.2 283.5 281.6 279.6 278.4 276.8 275.9 273.9 271.6 269.9 267.3 265.9 263.3 260.7 258.8 254.7 249 243.4 236.3 227.2 218.7 212.2 221.7 223.7 223 221.4 219.5 218.2 217.5 214.3 211.4 208.5 205.6 203.5 201.5 200.1 197.6 195.2 192 187.9 185.5 187.3 186.5 186 185.9 185.1 184.8 184.2 185.5 186.2 186.9
315.6 315.5 315.7 312.2 309 304.4 299.2 291.6 281.3 272.9 266.5 262.6 257.8 253.1 247.7 246.1 246.1 246 246.1 246.1 246 258.7 271.5 283 289.4 289.7 287.8 286 285.4 283.6 281.4 280.8 279.9 278.4 277 275.3 272.9 270.3 267.5 265.6 263.3 258.6 255.2 245.9 243.4 237.1 228 220.2 223.7 229.3 231.2 230.1 228.4 226.7 225.6 223.4 222.9 217.8 214.3 211.1 208.5 206.3 203.7 201.8 199.4 197.3 195 192.1 187.6 186.1 185.8 184.8 183.7 183.2 182.8 182.9 182.9 183.9
318.9 319.7 319.3 316.2 311.8 307.2 300.9 292.4 283.1 275.4 270.7 266.2 260.4 256 253.2 250.1 246.1 246.1 246 246.1 246.1 258.4 272.8 286.9 292.7 292.4 290.7 288.7 287.6 285.7 283.4 282.2 280.4 278.6 277.9 276.8 273.8 270.6 266.6 262.8 261.9 249.7 247 244.8 243.9 243.9 240.8 233.9 231.6 238.3 238.7 237.5 236.5 234.9 232.1 230 227.6 224.2 220.2 216.8 214 211.8 209.3 206.7 204.6 201.9 199.9 197.7 195.7 192.8 191.2 189.4 187.7 185.4 185 182.9 182.9 182.9
321.1 322.6 323.1 319.2 313 307.9 301.6 290.2 284.7 279.1 274.7 268 263.8 260.5 258.9 253.2 246.1 246.1 246.1 247.5 249.7 256.6 268.4 281 288.6 289.2 289.2 288.7 286.3 285.8 284.1 281.8 277.5 277.2 272.9 272.6 271.3 267.9 262.5 257.4 256 247.2 244.3 243.9 243.9 243.9 243.9 243.9 240.9 245.6 244.2 243.7 242.1 241.7 238.8 236.3 233.7 230.4 226.1 222.8 220 217.3 214.9 212.4 210.2 208.3 205.8 203.4 201.4 199 197.6 195.2 193 191.2 189.9 188.7 186 182.9
323.3 323.5 325 320.6 314.4 308.4 298.7 292.3 286.8 282.8 278.2 271.8 268.1 265 260.9 254 246.1 246.1 249.8 253.4 257.4 258.6 262.4 270.9 280.5 282.4 282.4 281.4 278.8 276.5 275.5 272.8 269.8 267.1 263.7 259.2 257.7 256.9 252.7 249 248.9 244.4 243.9 243.9 243.9 243.9 243.9 243.9 247.3 246.5 247 248.7 249.8 247.4 244.7 241.7 239 236.2 232.4 229 226.3 223.5 220.8 218.3 216.7 214.8 212.8 210.4 207.8 205.4 202.7 200.6 198.1 196.1 193.5 191.6 188.2 185
325 323.8 322.4 319.8 314.1 308.4 303 297 291.7 287.1 281.9 276.2 272 267.8 263.3 254.6 246.1 252.7 254.1 256.2 260.2 263.3 262.9 267 272.2 273.6 273.8 275.1 273.2 271.8 268.4 264.3 261.6 259.4 257.8 255 253.6 251.6 250 247.4 245.2 243.9 243.9 243.9 243.9 243.9 243.9 243.9 243.9 246.5 255 256.8 255.4 253 250.3 247.3 244.6 241.6 238.8 235.3 232.6 229.7 226.7 224 221.7 219.9 217.7 216 214.1 211.4 208.9 206.2 203.9 200.1 197.9 194.4 191.7 189.5
327.4 324.1 322.2 318.1 314.4 310.1 305.9 301.4 295.6 290.2 285.9 281.3 277 272.1 267.1 256.3 246.1 256.2 258.2 258.7 261.8 264.8 265.9 268.1 271.5 273 273.7 273.2 271.8 270.1 268.4 266.7 264.5 262.9 261 258.7 256.9 254.4 252 247.4 246.5 244.6 243.9 243.9 243.9 243.9 243.9 243.9 243.9 249.8 262.8 262.3 260.6 258.5 255.8 253 250 246.9 245 241.8 239.1 236.1 233 229.4 226.7 224.4 222.3 220.3 218.2 216 214.6 213.3 210.4 206.2 203.3 199.5 196 193
330.1 326.8 322.8 319.2 314.8 312.1 308.6 303.8 298.7 292.6 288.1 283.8 279.7 275.1 269.7 261.4 249.3 261.8 263.5 264.5 265.6 267.7 269 270.4 274.8 276 275.4 274.1 272 270.3 269 267.3 265.5 263.8 261.7 259.7 257.6 255.6 251.5 248.8 247.9 245.6 243.9 243.9 243.9 243.9 243.9 243.9 243.9 246.4 268.5 266.6 265.1 263.5 261.5 258.3 255.2 252.2 250.3 248.3 245.5 242.5 239.3 235.5 232 229.4 226.9 224.6 222.5 220.4 218.6 216.7 215.1 212.8 208.7 205.8 201.5 197.9
333.1 329.9 326.9 323.1 319.1 315.7 311.5 306.1 300.2 293.8 289.4 285 281.6 277.7 273.2 264.1 251.4 266.6 267.8 269 270 270.9 272.1 274 277.4 277.8 276.7 275.6 274.2 272 270.3 268.7 266.8 264.7 262.8 260.7 258.2 256 253.5 251 249.4 247.1 245 243.9 243.9 243.9 243.9 243.9 243.9 247.8 266.5 270.6 269.2 267.9 266 262.1 259.9 257.6 255.6 253.7 251.8 248.9 245.7 241.9 237.5 234.8 232.3 230.1 227.5 224.9 222.6 220.9 219.1 218.2 217.4 211.6 208.4 204.7
336.3 333.2 330.3 326.7 323.1 318.9 314.3 306.9 301.4 295.3 291.5 287.8 284.3 280.9 277.2 269 253.5 270 271.8 272.8 273.7 274.4 276.4 278.6 279.8 279.3 278.3 277.1 275.5 273.9 272.4 270.8 268.9 266.6 263.7 261.5 258.9 256.6 254.9 253.4 250.9 247.9 244.7 243.9 243.9 243.9 243.9 243.9 243.9 243.9 254.2 273.2 273.4 271.5 268.6 266.2 264.2 262.6 260.8 258.8 256.9 255 251.9 248.5 244.2 240.7 237.8 235.6 233.1 230.4 227.8 224.9 223.1 222.4 221.3 218.8 214.4 210.8
339.6 336.6 333.3 330.1 326.5 322.7 317.9 308.4 303.9 298.9 294.7 291.1 287.2 284.9 281.3 274.9 260.2 263.4 275.6 276.8 276.5 277.7 279.6 281.6 281.7 281 279.9 278.6 277.4 275.5 274 272 269.5 266.9 264 261.9 259.9 258.7 256.4 254.6 251.7 246.1 243.9 243.9 243.9 243.9 243.9 243.9 243.9 243.9 250.2 259 274 276 273 270.7 268.5 267.5 265.8 263.9 262.1 260.4 258 254.4 250.9 247.1 243.8 241 238.6 236.3 233.2 230.5 227.9 226.3 225 224.1 220.8 217
343.4 340 336.8 333.9 330.6 327.1 322.2 312.7 308.4 303.9 299 293.9 290.6 288.6 285.4 279.7 265.7 257.6 279.9 280.9 280 280.8 282.6 284.1 283.7 282.7 281.5 280.1 278.6 276.9 274.7 272 269 266 262.3 260 260.7 259.4 257.2 254.7 249 243.9 243.9 243.9 243.9 243.9 243.9 243.9 243.9 243.9 243.9 251.5 261.1 276.2 278.3 275.5 273.3 271.3 270 268.6 267.2 265.4 263.4 260.6 258.6 253.5 250.6 247.4 244.9 241.8 238.7 235.8 233.1 231.1 229.2 227.8 225.5 222.6
346.5 343.7 341.2 338.8 335.4 331.6 326.6 320.4 314 307.9 302.5 297.5 294.7 292.6 289.6 285.6 270.8 259.3 282 285.4 284.8 284.6 285.6 286.1 285.2 283.8 282.1 280.1 278.5 275.4 272.1 266.3 262 259.6 257.3 254.4 256.3 257.9 253.1 249.2 244.6 243.9 243.9 243.9 243.9 243.9 243.9 243.9 243.9 243.9 243.9 243.9 251.8 262.1 274.9 281.3 278.4 276.4 274.2 272.7 271.8 270.5 268.9 266.9 264.4 261.7 257.6 254 250.9 247.8 244.4 241 238.7 236.5 234.7 232.9 230.9 229.5
347.7 346.9 345.8 343.6 340.6 336.6 330.4 323.9 319.3 314.9 308.5 302.7 299.2 296.3 293.7 289.2 274.9 261.8 282 289.3 289.1 288.7 287.9 286.6 285.5 283.4 280.7 278.1 273.7 268.6 266.4 265.7 264 262.5 261.3 259.1 255.1 250.1 247.4 250 252.2 252.1 252.5 251 251.4 249.8 247.6 245.4 245.3 243.9 243.9 243.9 243.9 250.3 259.6 270.8 277.5 282.4 279.4 277.6 276.3 275.2 273.9 272.2 270.7 266.9 264.1 261.2 257.2 254.2 250.4 247.4 245 242.7 240.4 238.1 236.6 235.2
347.1 348.6 348.9 347.1 344.2 339.7 333.5 327.8 323.8 319.2 313.4 306.3 302.6 299.6 297.1 291.7 278.7 264.8 281.6 292.8 292.7 292.1 291.4 289.7 286.6 282.7 279.1 277.2 275.5 273.5 271.5 269.9 268.1 265.8 264.3 263.9 256.4 251.7 257.1 261.1 260.7 259.9 258.4 256.9 255.3 254.2 251.9 251 250.8 249.4 245.5 243.9 243.9 243.9 244.3 253.3 260.8 266.8 274.3 282.3 280 279.4 279.2 278.2 276.8 274.3 271.1 267.7 263.8 260.4 256.7 253.4 250.9 249 245.8 244.3 242.5 240.7
339.3 341 342 344 342.6 341.3 339.7 333.9 327.7 320.6 315.7 309.9 306.5 304 300.4 294.8 282.5 268.5 281.1 295.7 296.7 295.7 293.8 290.3 285.6 284.9 282.8 280.9 278.8 276.9 275.4 274.7 273.2 270.9 269.6 260 253.2 264.5 266.7 266.8 265.9 264.5 263.2 262 260.7 259.9 259 257.2 255.8 255.1 252.8 250.3 249.5 247.5 244.7 243.9 243.9 253.2 260.4 266.2 274 283.6 282.8 282.8 281.7 279.4 277.6 273.9 270.5 267.1 263.4 260.6 257.6 254.8 252.6 250.7 248.8 247
331 327.1 330 330.1 333.8 345 342.9 335.7 326.9 322.6 317.1 313.8 311 308.5 303.3 295.4 282.4 269.2 283.6 297.1 299.7 297.8 294 290.6 289.1 289 286.2 284.5 283.6 282.9 281.7 280.4 279.3 275.3 268.8 259 270.7 275.3 274.3 272.7 271.9 271.3 270 269 268.1 267.5 266.7 264.9 262 260.7 259.1 257.5 255.8 254 252.4 251.6 252.2 249.8 245.8 255.4 262 268.1 277.8 286.5 285.1 283.8 282.5 279.7 276.6 273.2 269.7 267.6 264.8 260.8 258.7 256.8 255.1 252.9
329.2 325.7 322 318.8 317.4 321.4 321.2 312.4 309.2 315.7 321.3 319.7 316.2 313 305.1 293.6 277.1 275.4 292.3 300.9 298 295 293.1 292.3 293.8 293.3 291.8 290.1 290.1 290.5 289.6 288.4 286 279.6 266.7 258.8 280.2 282.2 281.1 279.7 279.2 277.8 276.5 275.2 274.4 273.1 272.1 270.1 267.6 265.8 264.3 262.6 261 258.9 256.8 255.5 256.6 257.8 256 255.3 251.8 258.5 265 272.3 279.8 287 286.3 285 282 278.9 276 271.6 270 267.7 265.4 263.7 261.9 259.2
336.1 333.1 329.8 322.5 319.2 315.6 312 307.6 303.2 299.3 297.5 308.6 312.8 311.8 301.8 287.5 272.4 287.1 302.4 304.8 303.4 300.9 299 298.2 298 296.4 296.4 296 296.8 297.4 297.5 295.4 291.6 278.4 262.5 265.4 287.9 287.5 286.9 285.5 284.6 283.1 281.6 280.4 278.9 278 275.6 272.8 271.3 269.9 268.2 267.2 265.3 263.5 261.5 259.5 260.7 261.4 260.8 259.9 259.9 258.8 259.6 263.2 268.1 274.7 279 281.8 282.5 281 275.6 275.6 274.2 273.3 271.3 269.7 267.5 265.8
342.7 339.8 333 330.7 326.9 322.2 317.5 312.8 308.6 303.1 298.8 289.4 297.7 298.5 292.8 277.3 281.1 297.2 310.2 309.9 309 307.8 306.5 305 303.5 301.9 302.5 303.6 304 303.7 303.1 299.3 277.4 267.7 263.5 281.3 293.9 293.9 293.1 292 291.4 289.7 287.9 286.6 284.9 282.7 279.7 278.6 277.6 275.2 273.3 271.8 270.9 268.6 266.1 264.7 264.4 264.7 265.2 264.3 264.3 264.4 264.4 264 265.2 267.7 270.1 271.1 271.2 271.2 270.3 270.8 271.8 272.8 273.6 273.6 272.7 270.5
344.7 341.6 337.9 334.4 330.8 325.3 321.4 316.6 313.9 311.2 306.2 298.2 290.5 286.4 285.9 284.2 284.9 304.4 316.7 315.8 314.5 313.3 312.1 310.4 308.6 309.5 311 311 310.4 309.1 305.6 283.8 277.7 280.3 268.5 285.6 299.2 300.9 300.5 299.6 297.8 296.3 294.9 293.3 291.4 288.4 285.6 284.5 283 281.1 279.1 277 275.6 274.3 271.9 269.3 268 268.1 268.5 268.7 268.7 269.3 269.8 270.6 269.1 267.5 268.2 268.3 268.5 268 265.7 264.3 263.8 264.8 266.2 267.1 268 267.7
346.6 343.5 340.4 336.5 332 329.8 326.7 323.3 319.8 316 311.8 305.4 301.1 297.3 293.4 290.2 286.9 301.8 318.2 321.7 320.1 318.9 317.6 316.1 315.9 316.8 316.8 315.5 313.3 310 297.6 283.6 286.3 286.9 278.4 286.4 303.5 308.1 307 306.1 305.2 303.5 301.6 299.8 297.4 294.6 291.9 290.8 289.3 287.6 285.7 283.8 282 280 276.8 275.7 273.7 272.1 272 273.1 274 274.1 275.1 275.2 272.9 271 271.5 270.3 269.3 268.1 266.9 266.2 265.6 264 260.6 256.2 250.4 251.8
351 347.3 343 339 336.8 333.6 331.1 329.1 325.5 321.4 318.3 312.2 308.3 306.2 301.2 296.6 292.3 292.5 309.5 322.5 325.7 324.2 322.8 322.4 322.4 321.9 320.5 318 312 303.2 291.8 286.4 291.6 290.9 283.3 287.1 305.3 314.1 314 313.4 312.3 311.1 309.1 306.2 303.4 300.8 298.8 297.4 295.9 294.2 292.5 290.6 288.3 285.2 283.4 282.5 280.5 277.8 276 276.2 277.4 278 278.6 278.4 276.7 274.4 274.3 273.2 271.6 270.3 269.3 268.7 267.5 265.5 263.5 260.7 256 252.7
354.9 350.5 346.4 344.1 342 339.3 336.8 334.7 331.3 328.3 325.1 322.4 318.5 315.1 311.6 306.2 299.8 293.5 305.8 316.7 328.2 329.2 328.8 328.1 327 324.3 320.2 311.7 303.8 299.9 293 297.5 297.4 296.1 285.8 291.2 307.5 320.4 321.1 320.1 318.9 317.5 315.4 312.5 309.4 306.9 305.9 304.4 302.9 301.3 299.6 297.3 294.9 292.1 290.1 289.3 287.9 284.5 281.6 279.4 279.4 280 281 281 279.3 277.8 277.4 276 274.4 272.8 271.5 270 268.3 266.6 264.5 261.7 259.1 256.7
360.8 356.4 352 349.5 347.2 345.6 343 340.5 337.3 334.6 330.1 327 325.5 323 320.4 315.9 310.1 295.1 309.3 317 324.5 330.9 332 330.4 326.9 320.7 317.9 313.5 309.2 299.2 294.4 303.4 303.5 302 290.2 291.5 309.6 324.9 327.2 326.6 325.5 323.5 321 318 315.3 313.4 312.7 311.2 309.7 308.2 306.6 304.1 301 299.1 297.2 295.2 294.8 291.6 287.6 284.9 283.9 283.9 283.2 283.6 282.4 281.4 280.8 279 277.2 275.6 273.6 271.8 269.8 268.2 265.8 263.6 260.8 257.9
362.6 359.3 357.8 356.4 355.3 353 350.2 347.3 344.2 340.8 338.2 335.3 333.1 331 327.6 323.5 313.5 308.4 316.1 321.2 325.6 328.8 331.4 330.9 327.9 323.3 319.7 310.5 305.8 304.3 307 307.8 308 306.6 297 285.9 310.5 325.8 332.8 332.3 331 329.1 326.5 323.6 321.2 319.7 319.3 317.8 316.4 314.9 313.1 310.4 307.8 305.8 304.1 301.9 300.9 299.4 295.7 292 290.5 290.9 288.8 286.9 286.3 285.3 284.3 282.3 280.3 278 276 274.5 273 270.5 268.1 265.9 262.9 259.1
367 364.7 362.7 361.4 358.8 356.5 354.5 352.3 350.3 348.2 345.9 343.4 341.6 338.4 334.4 324 307.5 317.5 321.4 325.2 328.8 330.8 332.9 333.3 331.3 327.3 320.7 312.9 313.2 306.5 314.5 314.1 312.5 312.1 302.1 293.5 300.3 321.4 334.8 336.8 335.7 334.1 331.8 329.3 327.3 326.2 325.7 324.3 322.7 321.2 319.2 316.4 314.1 312.2 310.3 308.2 307.1 305.9 303.7 300.1 298.6 297.4 295.6 293.6 292 290.3 288.9 287 284.8 281.6 279.8 278 275.9 273.6 271.1 267.6 264 261.9
373.8 371.6 369.2 366.6 365.3 362.1 360.5 358.9 357.4 356.2 353.6 351.1 348.1 342.5 337.7 319.1 320.8 325.9 328 330.5 332.6 334.8 336.6 335.9 335.1 332.4 327.1 322.5 320 323.7 324.5 320.7 317.8 318.4 312.8 304.5 298.6 308.5 323.9 334.7 339.4 338.3 336.5 334.8 333.7 333 332.3 330.7 329.1 327.3 324.8 322.7 320.8 318.7 316.3 314.3 313 311.8 310.1 308.3 305.9 304.5 302.5 300.4 298.4 296.7 294.7 292.3 289.7 286.9 284.1 281.9 279.7 277.1 274.4 270.4 268.1 266.2
381.4 378.1 375 372.8 371.1 368.8 367.3 365.1 363.5 361.9 360 357 353.1 346.8 329.8 326.6 330.7 332.9 334.7 335.6 337.4 339.1 339.1 338.4 337.7 336.2 333.6 330.5 326.9 331.6 331.7 328.7 326.9 325.2 317.2 309.1 304.1 297.7 305.6 321.7 333.6 337.9 340.3 340.9 340.5 339.8 339.1 337.6 335.7 333.2 330.7 328.6 326.4 324.6 322.1 320.7 319 317.4 316.3 315.6 313.7 311.2 309.3 307.2 305 303.1 301.2 298.8 296.3 293.3 290.7 288 284.4 281.8 277.8 274.3 272.5 270.3
387.6 384 381.3 378.9 376.8 374.8 372.7 370.7 369.6 367.6 364.8 361.1 355 341.6 335.1 339.2 338.2 340.1 341 341.7 342.3 342.7 343.4 342.3 340.6 338.8 336.3 334.3 333.6 335 337.4 335 332.1 330.1 327.9 324 319.3 312.4 311.4 307.2 320.4 333.8 339.7 344.7 347 346.8 345.9 344.6 342.4 339.6 337.1 334.7 332.2 329.9 328 326.8 325 323.3 322 321.1 320.6 318.4 315.7 314 312.2 309.6 307.6 305.3 302.2 300.2 297.7 294.2 290.6 286.7 282.9 279.4 276.3 274
394.4 390.8 387.9 385.5 383.7 380.4 378.4 376.4 374.8 372.2 368.6 363.5 355.7 336.2 347.1 346.5 344.4 345.6 346.9 347.9 348.8 347.4 346.7 346.1 344.5 342.6 340.2 338.1 337 338.5 339.4 339.3 336.9 335.1 333.7 330.6 327.3 324.4 323.4 317.9 313.8 329.1 338.5 346.9 352.6 353.3 353 351.4 348.7 345.6 343.9 341.3 338.8 336 334.2 332.6 331.2 329.7 328.5 327 326.3 325.1 322.9 321.2 318.8 316.3 314 311.7 309.4 306.9 304.2 301 297 292.9 288.8 285.6 282.5 279.5
