WholeMapElevations/data/nn/nn65_OST50GRID_20230518/NN65.asc
ncols 200
nrows 200
xllcorner 260000
yllcorner 750000
cellsize 50
[rows 140 to 174 of 200, columns 0 to 77 of 200]
461.6 467.3 470.6 472.7 481.3 488.9 495.2 500.6 504.7 511.5 516.5 521.2 524.8 533.1 540.6 548 555.1 561.9 567.6 575.8 582.5 588.3 594.9 602.1 608 613 615.9 619.8 621 619.4 615.4 610.6 605.1 599.3 593 586.6 580.3 573.8 565.1 558 550.6 543.3 536 528.9 524.6 521.1 516.4 500.9 514 514.6 512.6 490.7 488.7 510.1 522.2 527.1 532.2 538.2 553.4 565.3 579 598 613.8 627.3 641 651.5 662.4 682 698.3 708.8 712.9 706.4 701.6 692.8 680.5 664.9 649.3 643.3
466 472.6 476.6 478.5 479.8 490.8 498.6 504.3 507.9 514.7 520 522.1 527.1 537.2 543.4 550.6 557.9 564.9 571.1 579.3 585.8 591.7 599.9 606.7 612.8 618.4 622.1 625.8 626.4 625.1 620.4 616.3 613.2 606.8 600.4 594 587.5 580.1 571.7 563.3 557.7 550.5 543.3 537.9 533 527.8 522.1 507.6 518.5 518.2 517.6 509.3 492.6 498.7 523.1 528 532 536.8 548.2 560.3 571.8 588.6 607.2 622.3 637.4 648.1 656.2 667.7 686.8 698.8 707.2 702.2 695.4 685.1 672.5 657.6 645.6 638.3
471.4 477.1 482.3 484.3 485.1 491.5 500.5 506.4 511.9 518.2 522.4 524.3 530.1 538.5 546.3 553.3 561 568.1 574.8 581.6 588.8 596.1 603.5 610.6 617.2 623.4 627.7 631.5 632.5 630.9 628.3 625.4 619.8 613.4 607.1 600.9 594.1 586.1 578.4 570.4 564.6 557 553.1 546.9 540.8 534.9 527.4 514.5 522.5 521.1 521.6 521.9 506.6 499.9 503.3 518.3 530.5 535.5 542.2 553.5 567.2 579.1 598.9 613.1 631.1 643.3 651.2 659.5 678.3 689.2 700 695.8 689.5 678.7 662.1 648.5 640.1 636.8
476.4 480.8 485.9 488.2 490.7 492.6 501 507.6 514.1 520.8 524.1 527.4 533.2 540.6 549.6 556.8 563.6 569.9 577.1 583.8 591.4 599.5 607 613.9 620.7 627.2 632.2 636.4 637.7 637.6 635.5 631.3 625 619.7 614.8 607.8 600.5 593.9 585.9 577.6 572.1 567.2 561.3 554.5 546.3 541.6 533 524.2 525.4 524.7 525.7 525.3 520.8 505.9 523.5 528.5 531.7 533.8 540.3 551.2 563 572.6 592.4 606 619.4 633.8 647.2 657 666.7 683.7 694.2 693.9 681.1 673.7 655.5 644.7 638.7 634.6
480.5 486.8 489.1 491 495.2 497.5 503.6 508.9 515.8 520.4 526.1 530.9 536.7 543.9 552.2 559.2 565.2 572.6 579.1 585.9 593.7 602.1 610.2 617.1 623.9 630.7 635.3 639.8 642.1 642.5 641.2 638.6 634.2 629.7 625.3 619.2 610.7 602.3 594.6 587.2 581.4 576.1 569.1 562.2 554.5 547.2 537.1 530.8 531.2 529.8 530.5 530.8 529.7 510.7 525.1 530.1 532.7 535.2 539 549.6 559.5 570.4 585.4 600.2 613.2 627.3 639.2 652.8 662.2 675.3 689.8 686.5 676.2 666.5 651.8 643.9 637.4 632.6
484.6 490.7 491.8 495.1 499.7 502.9 505.9 509.9 516.5 523.7 528.3 532.9 540.2 547.3 554.9 561.7 567.5 574.8 581.3 587.7 596.8 604.8 613.4 620.2 627.9 634 638.9 644.3 647.1 648.6 648.7 645.4 643.1 638.6 631.9 625.4 616.9 610.1 602.7 596.1 589.4 582.9 575.3 566.7 559.2 550.9 542.6 525.8 537.3 535.8 534 534.8 531 513.2 522.5 528.9 534.3 537.5 541.5 546.9 557 569.2 581.9 594.1 607 621.8 634.7 650.6 661 671.8 679.7 680 673.7 670 652.8 643.3 636.3 636.5
491.1 493.9 493.9 499.7 503.9 507 510.7 514.2 519 525.1 529.6 533.4 540.7 549.8 556.8 563 568.5 576.2 583.3 591.1 599.5 608.3 616.9 623.8 632.4 638.3 643.9 648.9 651.9 653.8 653.9 653 648.4 644.4 637.1 632.3 625.2 619.8 612 603 596.2 589.3 580.1 571.1 563.1 554.6 548.2 533.1 543.1 540.7 538.9 539.7 534.3 525.9 520.2 521.9 537.2 539.5 543.6 546 555.7 569.1 580.5 590.2 603.2 618.7 634.2 649.4 657 668 672.2 673.2 670.5 664.3 651 641.5 640.5 641
490 494.5 497.5 503 507 510.2 514.4 517.6 522.4 526.4 530.4 535.6 542.4 549.7 556.7 563.8 569.7 577.1 585.1 593.8 602.7 612.2 620.6 628.5 635.8 642.3 648 653.1 656.4 658.4 658.8 658.2 654.3 650.9 645.7 640.9 636.2 630.4 622.2 612.5 603.6 596 585.4 576.5 568 562.6 553.1 537.2 550.1 546.9 546.7 542.8 537.4 531.7 529.9 528.9 540 541.6 546.1 551.1 559 569.3 580.7 590.2 602.8 619.5 633.4 647.3 655.7 665.8 670.2 674.3 667 660.1 651.5 649.6 649.9 648.6
489.2 494.2 499.3 503.2 507.7 511.8 515.6 520 524 528.6 532.6 538 544.5 550.4 557 564.1 571 578.2 586.3 595.9 605.2 615.3 623.7 632.2 639.9 645.9 651.3 656.8 660.2 662.2 662.9 661.9 659.9 657.2 652 647.1 642.8 636.5 627.4 617.2 608.3 600.6 590.1 580.2 573.9 567.3 555.2 544 555 554.6 550.7 545.5 539.7 539.8 540 534.7 541.8 544.4 548.9 553.2 558.7 570.1 580.9 590.9 601.8 619.6 635.7 646.4 658.1 667.3 673.9 675.3 669.5 661.8 661.4 661.7 660.5 656.8
490.8 495.7 500.5 504.8 509.4 513.8 518.6 521.6 527.9 532 536.1 540.3 545.6 551.3 557.9 566.3 572.6 581.2 589.3 598.4 607.7 617.5 626.1 633.8 643.1 649.5 654.6 660.3 664 666 666.7 666 664.5 661.7 658.2 653.4 648 640 632.4 622.6 610.9 601.9 593.3 584.8 577.2 571.3 551 556.7 559.8 558.1 553.8 548.7 545.6 544.8 544.5 543.2 541 547.4 552.3 558.2 561.4 572.5 582.6 593.6 604.1 619.2 636.7 645.9 659.5 671.5 678.6 679.6 670.2 669.4 671.9 670.9 668.2 665.9
492.5 497.4 502.1 506.6 510.9 515.4 520.1 525.3 529.7 535.2 539.6 543.6 548.2 554.7 561.2 567.5 576.3 583.8 593 601.5 611.6 621.1 628.8 638.3 645.7 653.1 657.7 664 667.3 669.1 669.9 669.3 668.4 666.2 662.4 657.4 652.3 645.2 636.8 626.2 614.3 603.5 595.9 587.7 580.3 571.6 551.1 569.9 565.3 559.5 554.2 553.3 554.5 551.5 549.5 549.4 543.6 549.9 556.4 562 565.3 573.4 584.3 595.2 605.8 619.9 637.1 650.2 669.1 676.5 682.4 685.6 676.1 677.7 680.2 677.5 674.7 672.2
492.5 498.5 503.5 508.2 512.4 517.2 522.9 527.6 532 536.6 542 547 552.2 557.6 564.7 571.4 578.6 585 594.7 603.7 614.5 624.5 633.3 641.9 649.3 656 661.6 667.1 670.6 672.2 672.9 672.5 672.1 670.1 666.7 661.8 655.7 648.2 639.3 627.2 617.1 605.6 597.5 588.6 582.5 567.5 565.2 574.4 569.1 562.7 564.2 563.4 560.5 558.7 556.7 554.9 550.6 545.8 559.4 564 568.6 575.6 586.4 596.2 606.2 621.3 638.5 654.5 674.4 680.7 687.2 689 684.9 687 690.2 684.8 682.1 679.2
492.8 498.2 503.5 508.4 514.5 519.7 524.4 529.3 533.8 539.4 544.4 549.2 554.6 560.7 568 575 583 590.6 598.2 606.2 616.3 626.4 636.3 644.8 652 658.4 664.4 669.5 674.1 675.5 675.9 675.8 675.5 673.8 671.6 666.7 661.1 654.3 642.8 631.1 619.4 607.7 597.9 589.8 582.6 565.1 577.1 576.9 571.3 570.6 570.5 568.7 566 565.3 563.7 562.1 558.9 551.2 553.7 564.1 570.9 577.5 584.9 598.7 609 623 641.4 658.3 676.4 682.9 697.8 699.1 696.2 694.4 695.2 692.8 690.5 689.5
492.6 498.3 503.5 509.5 516.7 521 525.7 530.7 535.4 541.6 547.3 551.7 557 563.7 571 578.3 585.4 593.6 601.4 609.7 618.8 627.4 636.8 648.1 654.6 662.8 669.5 674.8 678.3 678.6 679.1 680.1 680 678.5 676.3 673 666.8 658.4 645.1 633.1 622.1 610.4 599.4 592.5 579.9 570.9 582.4 581.1 577.4 576.9 575.8 575.6 573.5 576.3 572.2 570.1 564.9 558.7 557.5 557.2 563.2 573.7 588.3 598.8 609.2 622.1 640.9 660.2 674.7 687.6 706.7 707.9 706.9 704.1 700.6 698.4 699.2 699.8
492.3 498.3 504.5 511.2 517.9 522.6 527.1 532 537.6 543.9 547.6 553.7 560.8 567.5 573.6 580.8 588.8 596.5 604.2 614.8 622.9 630.6 641.7 651.8 660.7 669.1 675.1 679.7 682.3 683.2 683.8 684.4 683.9 682.6 679.6 676.1 669.5 660.3 646.6 635.2 623.3 611.4 601 591.2 571.5 588.7 588.9 583.6 584.4 583.1 583.5 584.1 584.4 585.9 586 579.8 573.3 565.5 565.6 567.3 566 567 584.9 599.7 608.8 619.7 635.3 655.2 673.5 688.8 710.1 714.4 716.7 712.7 706.9 706.9 708.3 710.5
493.5 499.5 505.7 511.7 518.4 522.7 527.7 532.9 538.3 543.9 549.8 556.7 562.2 569.7 576.3 582.7 590.8 598.6 606.9 616.2 624.9 636.4 646.5 657.4 665.6 674.5 682.6 686.2 688 689 689.4 689.5 688.2 685.4 681.6 677.6 670.7 659.8 647.3 635.5 623.8 612 603.2 599.3 583.4 595.2 593.3 592.4 592 590.5 593.1 594.2 593.8 594.1 591.8 586.2 579.3 577.1 576.4 573.1 571.7 568.5 585 605.3 611.2 618.5 631.7 652 669.1 686.1 708.9 718.9 724.7 722.3 716.4 717.5 722 721.6
493.6 500 506.6 512.6 518 522.5 528.2 533.7 539 545 551.1 557.9 563.8 571 577.8 584.2 592.4 600.6 609.6 617.4 627 640 650.6 663.3 672.9 683.8 690.2 692 693.5 694.2 695.3 694.7 691.3 687.8 683.6 678.7 671.3 661.2 648 635.7 625.1 616 610 605.7 585.6 604.1 598.3 598.8 601.3 599 602.2 602.7 603.8 602.5 598.7 593.8 587.8 585.1 585.5 585.2 578.8 571.3 580.8 603.6 613.4 619 628.5 644.6 667.1 682.9 704.2 723 729.8 729.4 728.7 727 738.5 740
494 499.9 506.3 512.6 518.4 523.8 529.4 534.5 540.8 547.7 553.9 560.2 567.2 573.1 579 586.1 595.3 604 611.8 620.1 631.2 644.3 655 669.5 680.8 690 694.7 697.2 698.8 699.7 702.5 699.3 694.9 689 686.6 679.6 672.1 661.3 650.9 641.2 630.9 622 618 612 591.8 610.4 608.2 609.3 607.2 608 609.7 611.3 610.8 609 606.1 601 596.7 594.6 592.2 592.3 590.2 582.8 578.7 602.7 610.6 616.2 625 640.3 659.9 677.4 702.5 723.1 733.7 736.5 737.4 737.5 747.8 751.8
494.2 500.1 506.4 512.1 517.8 524.9 530.1 536.5 543 548.9 554.1 561.2 569.5 576.4 582.3 590 599.3 606.8 614.3 624.5 635.3 647.5 660.6 674.9 687.8 696 698.7 701.7 704.2 707 711 711 707.4 699.3 690.3 681.9 674.3 663.9 653.8 645.5 636 626.7 621 614 613 618.3 615.9 617.8 617.9 619 617.7 619.4 619.5 616.7 612.7 607 604.7 601.9 599.8 596.2 594.5 596.9 583.1 596.3 610.7 615.8 623.8 635.5 654.9 673.4 694.2 718.3 737.6 741.5 742 746.3 756 762.7
494.5 500.1 505.9 511.9 518.3 524.7 529.9 535.9 542.2 548.1 555.5 563.2 570.4 577.5 585.5 594.5 603.1 609.8 617.9 629.1 639.8 650.7 666.6 680.9 691.8 699.2 703.2 705.9 709.3 714 718.3 720.1 715.2 707.3 696.8 685.9 677.8 669.4 657.6 650.9 641.7 635.5 631.7 612 622.9 624.6 621.5 625.7 626.3 628.8 629.1 628.3 627.7 624.2 619.9 614.2 612.7 610.5 604.7 601.9 599.5 602 592.5 588.3 609.5 615.9 623.7 632.9 648.7 670.6 689.6 711 735.4 743.3 746.1 754 763.6 776.6
495.7 501.1 506.1 512.6 518.8 524.7 530.1 535.7 542.9 549.3 556.4 563.9 571.4 579.7 588.3 596.9 606 613.1 622.7 632.2 643.8 655.7 670.3 686.7 696.9 704.1 708.8 712 716.1 723.3 727.3 727 721 713.1 700.3 689.3 681.8 674.8 664.8 656.7 649.4 643.1 637.8 618.9 628.4 631 630.2 634.7 637.1 638.5 639.8 638.5 635.5 631.4 625.7 622.5 620.2 617 613.6 608.4 605.7 608.6 607.3 593 605.9 616 623.3 632.4 647.2 665.3 684.7 703.3 731.2 744.3 752.9 765 771.9 786.6
497.4 502.8 507.5 513.3 519.4 525.1 529.8 536.7 543.7 550.5 557.2 564.8 572.6 581.6 589.6 598.7 607.9 617.6 627.2 636.8 647.6 658.6 673.5 691.3 701 708.9 715 718.6 724.1 731.4 735.1 732.9 725.7 716.9 705.1 693.6 685.3 679.3 669.6 663.3 654.4 648.4 641.2 630.4 635.4 638.4 639 641.8 646.2 648.3 649.5 648.8 644.8 638.4 633 629.7 626.6 623.4 619.4 616.2 612.8 612.8 612.6 604.2 598.6 616.7 623.5 631.7 642.7 659.1 680.8 699.9 723.1 747.5 761.8 771.5 778.4 790.5
499.6 504.2 509.1 514 519.5 524.9 529.6 535.7 543.6 550.5 558.2 566.1 574 581.6 590.6 600.4 610.4 621.8 630.5 641.2 650.7 662.8 677 694.5 705.5 713.5 721.1 728 732.8 738.3 741.1 739.4 732.5 723.1 710.8 700.1 692.8 684.5 678.2 668.2 660 653.3 645 640.5 636.1 641.7 647.6 651.1 654.8 658 660.5 657.7 651.1 645.6 639.4 635.8 633.7 628.8 626 621.8 619.8 618.8 617.9 615.1 605.8 619 624.4 631.8 641.9 658.7 677.3 694.6 719.9 744.4 765.2 775.7 785.2 799
501.4 505.6 509.7 515.6 520.5 525.5 530.2 536.9 544.1 552.5 559.4 567.3 576.2 583.9 593.7 604.3 614.5 624.7 634.2 644.5 654.7 665.1 679.9 698 711.7 720.6 728.3 736.5 741.8 746.7 747.6 745.2 739.1 729.5 717.7 708.5 701 693.5 684.9 675.4 668.2 659.6 655.5 650.1 645.4 652.6 656.5 660.5 663.7 667.9 668 664.5 658.6 653.4 648.4 643.3 638.9 635 632.2 629.5 627.5 624.1 622.9 619.7 607 622.1 626.5 632.6 642.6 656.2 671.1 687 715 737.4 758.7 774.9 785.5 806.9
502.4 507.7 510.7 515.6 520.3 525.3 532.3 537.9 545.8 553 561.5 570.2 577.5 585.5 595.7 606.1 615.9 626.3 636.9 645.2 658 669.1 682.2 700.7 715 725.8 735.3 742.2 749 753.5 753.4 749.8 745.4 737.5 725.9 715.3 707.5 700.3 691.4 684.5 676.6 668.6 661 655.5 654.5 660.8 665.9 671.3 673.7 675.3 673 668.6 666.1 660.8 655.8 651 644.3 641.4 639.3 634.9 631.7 629.2 628.5 626.3 617.2 619.9 630.5 634.2 642.5 654.4 669.8 683.4 706.3 731.3 751.4 767.7 784 807.8
500.9 508.3 512.7 516.1 520.7 526.7 532.9 538.6 546.7 553.3 562.1 572.2 580.7 588.7 598.5 608.7 616.5 627.3 640.5 651 660.5 669.1 683.8 703.6 718.1 731.7 740.5 748.8 755 759.4 758 757.6 752.9 744.3 732.1 722.4 713.6 705.8 698.1 690.2 680.9 677.9 669.5 657.5 672.5 673 675.9 681.5 684.8 683.3 677.7 675.9 673.1 669.6 668.1 661.5 654.2 649.3 645.4 642.7 637.3 633.9 631.7 631.1 618.5 629.4 631.3 638 643.1 652.6 667 680.1 699.3 721.9 737.8 760 780.6 803.6
504.8 505.5 513.4 517 521.5 527.3 533.6 539.2 545.7 555.6 563.5 571.6 580.9 589.7 601 610 617.6 630.1 642.9 652.8 661.8 672.1 688.5 706.7 721.3 736.1 746.8 754.5 760.4 765.4 765.1 764.3 759.9 750 739.6 728.6 719.8 711.1 703.1 694 689 681 678.2 667.2 677.5 679.9 686 692.3 694.3 691.5 690.6 688.7 684.2 683.8 680.1 671.3 664 658.8 653.2 648.7 641.5 638.6 636 633 628.3 634.6 635 637.4 645.5 652.8 666.4 679.8 694.2 709.7 731.2 752.8 775.2 798.1
511.7 511.4 510.7 517.8 522.4 527.6 533.3 540.1 546.1 555.8 564.5 573.5 583.7 593.2 602.7 610.9 621.8 631.1 641.9 654.1 663.2 674 691.7 709.2 725.1 739.6 751.5 761.7 768.2 772 773.1 771.4 765.6 756.5 745.3 734 725.1 715.7 706.9 702.7 695.2 687 682.3 678.8 683.9 686.7 696.3 701.4 705 705.5 704.9 700.4 696 694 687.8 680.4 672.6 666.5 660.4 654.4 646.5 642.5 639.6 630.6 637.2 637.4 640.2 641.7 647.9 656.2 665.9 675.2 688.6 707 726.8 745.1 765.9 794.4
514.3 516.3 515.9 515.5 520.9 526.8 532.8 539.7 546.8 555.3 564.5 574.8 584.8 593.2 603.2 613.9 624.3 635.2 644.4 655 665 679.8 696.9 711.8 729.1 745.7 759.1 770 776.2 779.2 781.3 779 773.5 763.7 750.3 740.6 731.9 721.1 715.5 708.3 699.9 694.1 685.3 686.4 690.2 696.1 703.9 713.6 720.1 721.6 718.9 713.3 706.4 702.4 693.3 686.3 677.9 672.8 666.4 660.6 654.1 646.1 641.4 639.3 641.4 641.2 643.8 646.8 647.2 657.9 667.8 676.9 688.1 704.8 723.2 740.4 761.3 780.8
518.2 520.1 520.2 520.9 519.9 527.5 532.5 539 548.2 555.7 565.3 575.5 585.2 594.5 603.5 616.2 627.5 636.7 647.1 657.1 669.1 685.4 701.2 716.9 734.2 752 766.4 777.4 782.9 787.6 788.7 786.6 781.2 770.3 757.1 746.9 737.8 726.7 720.9 711.9 707.4 701.2 687.8 694.3 699 704.6 712.5 725.6 734.8 738.2 735.5 730.5 722.5 710.1 698.4 690.2 682.9 677.9 673.1 666.3 658.8 652 644.7 646.8 646.6 646.8 647.8 652.3 655.5 658 665.8 676.5 688.1 703.2 723.3 740.1 758.4 776.5
522.1 523.9 524 525.2 524.9 525.1 533 540.3 548.2 556.7 566.5 575.9 587.2 596.1 606.5 619.5 629.7 639 648.9 660.3 675.2 691.7 708.6 725.5 742.7 760.3 774 782.8 788.6 794.8 795.8 793.6 786.9 776.8 764.6 752.6 744.2 733.6 728.5 717.9 711.9 701.9 697.7 699.8 707.2 714.8 725.1 736.5 747.2 751.6 750 746.9 734.4 721.5 705.5 695.1 686.4 682.3 677.5 671 663.6 656.8 645.4 652.4 652.9 652.3 653.7 657.4 662.3 667.6 671.5 679.1 690.7 706.4 721.3 739.9 756.5 774.1
525.7 528 528.2 529.2 529.5 526.5 534.8 544.6 550.3 557.3 566.4 576.2 587 596.7 609 620.9 632.4 641.9 652.3 666.4 683.6 701.5 718.7 735.5 752.6 770.5 782.3 787.7 795.6 801.3 801.9 799.6 791.6 782.1 769.7 759 748.3 739.4 730.7 721.9 717.4 711.2 702.6 707.6 715.5 723.3 733.7 748.1 755.9 759.5 758.8 752.2 741.4 730.2 711 699.7 691.3 686.5 680.3 673 667.6 656.7 649.8 658.4 658 657.1 660.5 664.7 668.5 674.4 680.8 687.2 695.8 710 725.8 743 758.8 774.9
528.2 530.5 532.4 533.1 534.8 530.1 536.4 545.2 551.4 558.1 567.3 575.8 585.8 597.4 609.6 621.8 633.1 645.4 659.7 676.5 692.8 710.3 727.4 746.7 764.9 779.7 788.4 795.5 802.9 806.7 805.7 804.8 797.6 786.9 774.7 765.9 754.3 744 733.9 726.8 723.8 718.8 715.5 716.7 722.5 732 743.4 757.3 764.1 766.7 762.3 752.4 744 730.8 713.2 702.1 695 689.8 684 676.5 672 668.2 657.8 663.2 662.1 664.1 670.1 673.8 678.6 686.5 690.9 699.2 704 718.4 733.7 749 766.1 779.1
532 534.2 535.4 539.7 539.2 537.7 537.1 544.3 551.6 558.6 567.7 575.7 584.8 596 610.4 621.8 635.5 648.1 667.6 685 701.6 718.9 737.9 757.4 774.7 787.9 796.6 803.7 811.3 815.7 815.3 812 803.7 791.6 780.9 772.3 760.9 749.1 738.9 737.1 731.1 726 723.2 725.3 731.2 741.1 754.4 764.8 771.8 774.3 766.3 754.7 743.9 729.4 714.6 703.7 697.2 692.4 687.3 678.6 676.2 672.5 671.2 669.5 670 673.6 679.1 684.8 692.6 699 703.6 711.2 716 729.5 742 757.2 772.8 785.2
535.8 538.3 539.9 542.5 544.3 542.6 538.5 543.6 550.2 557.2 567.1 575.8 584.5 596.3 610.5 624.4 639 653.5 672.8 690.6 708.7 727.6 747.3 766.5 783.7 794.9 805.2 813.5 819.3 823.4 824 819.6 811.9 800 789.4 781.1 769.2 757.7 747.4 744.3 740.1 735.2 732 732.6 741.5 749.2 762.6 771.7 779.5 779.3 765.6 754.9 742.8 728.6 715.5 705.8 698.2 694.1 689 682.1 680.2 671.7 675.8 675.4 678.5 682.9 689.7 697.5 705.6 710.7 717.5 727.4 729.4 746.3 758.3 768.8 783.8 795.4
