WholeMapElevations/data/nr/nr68_OST50GRID_20230518/NR68.asc
ncols 200
nrows 200
xllcorner 160000
yllcorner 680000
cellsize 50
[rows 74 to 110 of 200, columns 0 to 83 of 200]
141.4 138.9 130.6 124.4 117.3 110.7 103.2 95.4 88.7 69 60.1 57.3 55.5 42.2 38.6 41.2 44.7 41.4 39.8 43.4 50.3 55.4 59.8 64.3 62.1 59.3 63.9 61.6 60.4 68.8 71.5 71.5 70 68.3 66.9 66.4 71.9 70.5 68.3 66.2 67.7 70.4 72.6 73 71 70.5 72 74.8 76 76.7 74.6 69.3 69 76 74.3 72.8 72 71.3 68.8 65.5 62 62.8 62.8 66 67.1 67.3 64.2 60.9 52.1 37 9.6 -0.3 -0.3 -0.3 -0.3 -0.3 -0.3 -0.3 -0.3 -0.3 -0.3 -0.3 -0.3 -0.3
137.8 131.6 127.6 117.4 109.2 102.9 100 90.1 83 63.5 53.5 54.2 47.1 36.3 37.4 39.9 42.2 41.2 39.3 47.8 49.6 57.5 59.7 61 57.5 60.1 62.3 60 61.1 69.1 69.6 69.8 69.8 68.4 67.6 65.6 68.6 66.9 66.5 65.4 67.8 69.8 71.7 70.8 70.5 70.5 71.8 73.9 76.2 76.8 75.8 76.3 75.6 75.4 75 73.9 73.1 71.1 65.4 66.2 68.7 70.4 68.9 70.1 69.4 63.7 58.7 53.9 44.1 29.3 -0.3 -0.3 -0.3 -0.3 -0.3 -0.3 -0.3 -0.3 -0.3 -0.3 -0.3 -0.3 -0.3 -0.3
136.3 130.2 121.9 108.6 99.6 99 94 84 72.7 52.1 46.1 51.6 38.2 37.6 37.4 40.5 42.9 42.7 38.7 50.3 50.5 56.5 58.7 58.2 55.7 57.8 59.2 63.5 66.2 68.9 68.8 68.4 68.2 67.7 67.6 65.5 65.5 65.6 64.7 66 68.4 68.9 70.5 70.5 70.5 70.6 76.5 77.1 78.7 77.7 77.8 79.4 80.9 83 78.7 77.4 73.8 68.4 67.3 71.4 75 76 75.6 75.1 75.4 65.8 58.8 47.2 37.6 24.9 -0.3 -0.3 -0.3 -0.3 -0.3 -0.3 -0.3 -0.3 -0.3 -0.3 -0.3 -0.3 -0.3 -0.3
133.8 124.2 114 103.2 97.5 92.8 88.1 78.3 53.1 41.6 42.8 43 37.4 35.8 35.3 47.5 44.4 38.5 47.5 50.2 49 57.3 58.2 53.9 57.6 59.4 59.5 63 65.9 66.6 65.5 64.7 64.3 66 65.5 65.1 66.4 66.2 65.5 66.6 67.9 69.8 71.1 70.5 70.5 74.9 76.6 78.4 80.5 79.9 81.1 84.4 86.1 88.3 90.2 77.5 69.4 68.1 70.7 77 80.8 84.5 83 80.1 75.9 67.1 57 45.9 32.7 15.9 -0.3 -0.3 2.5 -0.3 -0.3 -0.3 -0.3 -0.3 -0.3 -0.3 -0.3 -0.3 -0.3 -0.3
125.1 114.2 108.7 102.6 92.9 86.7 81.2 61.7 44.5 42.1 39.6 37.8 35.8 35.7 36.5 45.2 45.7 39.8 51 47.9 45.8 53.6 52.5 52.6 55.2 57.1 58.1 61.3 68.1 66.7 68.2 66.8 68.8 68.4 66.5 65.3 67.6 69 67.2 67 69.3 71.6 70.2 72.7 70.5 76.1 78.7 80.4 82.6 84 88.2 89.8 92.9 93.5 88.7 72.3 69.1 73.1 77.7 88.2 89.8 90.5 87 82 76.6 69.5 55.7 42.6 27 9.9 -0.3 -0.3 -0.3 -0.3 -0.3 -0.3 -0.3 -0.3 -0.3 -0.3 -0.3 -0.3 -0.3 -0.3
116.5 108.1 102.3 94 86.2 84.7 66 55.1 46.6 43.4 38.5 36.9 35.4 36 37 39.8 37.8 49.1 50 44.7 44.6 49.4 49.2 54.4 58.6 58.2 58.4 66.9 67 65.4 67.9 66.2 69.2 68.7 67.5 65.7 70.3 70.3 69.3 66.9 69.5 73.6 73 74 72.9 77.4 80 83.6 86.5 90.8 91 91.4 94.4 92.7 81.6 73.4 75.1 85.3 92.4 100.7 94.6 101.5 94.6 94.3 87.5 74.8 57.2 40.2 23.7 -0.3 -0.3 -0.3 -0.3 -0.3 -0.3 -0.3 -0.3 -0.3 -0.3 -0.3 -0.3 -0.3 -0.3 -0.3
105.8 102.1 95.9 89.3 83.5 69.5 61 51.7 46.9 40.8 39.4 37.5 34.8 35.7 35.4 36.1 47.2 47.8 44.8 43.1 45.5 49.4 54.4 58.1 58.7 59.4 59.5 69 66.9 64.2 67.4 63.2 69.2 69.6 68 66.6 71.7 70.9 70.1 67.8 68.5 75.3 75.1 75.4 74.3 82.2 83.9 86.2 92.2 92.7 92.3 92.6 93.6 88 77.2 77.8 83.4 97.4 109.8 105.5 101.3 103.6 98.1 99.1 87.8 69 53.3 35.2 21.5 -0.3 -0.3 -0.3 -0.3 -0.3 -0.3 -0.3 -0.3 -0.3 -0.3 -0.3 -0.3 -0.3 -0.3 -0.3
101.2 95 87.8 79.2 63.1 60.4 55.3 48.7 45.8 39 38.1 34.9 35 35.6 37.3 46.5 47.6 46.1 42.5 40.8 44.8 47.6 57.3 60.7 58.9 59.2 59.5 68.1 65.2 62 58.9 65.2 70.8 70.7 69.6 67.8 71.6 71.4 68.6 67.6 70.5 75.8 74.1 77.1 80.8 86.4 87 90.1 94.9 94.3 93 92.4 89.7 80.1 81.7 81.2 93.3 104.2 119.1 109.3 105.4 105.9 100.7 97.3 80.9 62.5 49.5 36.2 5.6 -0.3 -0.3 -0.3 -0.3 -0.3 -0.3 -0.3 -0.3 -0.3 -0.3 -0.3 -0.3 -0.3 -0.3 -0.3
93.5 84.9 83.6 70.5 57.9 58.8 47.7 44.6 40.2 37.1 35.7 33.3 34.4 34.9 44 46.6 47.3 44.4 40.9 41.3 46.2 46.3 54.7 57 58.6 59 59.3 62.6 59.5 57.6 55.8 70.7 71.8 71.5 71.2 68.7 70.8 70 68.4 69.7 73.1 76 77.4 83.4 88.2 92.1 98.9 98.2 98.1 94.3 91.9 90.4 82.8 79.7 85.9 90.9 101.4 106.5 114.6 102.6 103.4 106.6 101 95.2 73.9 61 49.7 29.3 -0.3 -0.3 -0.3 -0.3 -0.3 -0.3 -0.3 -0.3 -0.3 -0.3 -0.3 -0.3 -0.3 -0.3 -0.3 -0.3
84.2 81.8 76.9 61.8 50.8 51.5 42.8 40 37.6 37.1 35 33.1 33.2 36.3 47.7 47.9 47.7 44.5 39.7 39.6 42.8 45.5 53 56.1 57.7 58.7 58.8 58.6 55.1 54.4 69.1 71.6 72.2 72.2 73 71 71.2 68.8 70.2 74.1 78.8 78.9 82.4 89.2 95.4 97.8 106.3 101.5 99.3 95 90.2 87 80.1 82.3 92.1 96.6 102.9 104.9 107.6 99.9 100.8 101.9 96.3 83.6 69.8 56.3 40.3 21.4 -0.3 -0.3 -0.3 -0.3 -0.3 -0.3 -0.3 -0.3 -0.3 -0.3 -0.3 -0.3 -0.3 -0.3 -0.3 -0.3
81.1 80.5 72.8 51.1 46.8 44 40.7 38.4 37.4 37 34.1 32.4 33.9 41.1 45.8 48.3 52.7 42.6 39.7 39.7 45.5 44.6 50.3 56.8 57 55.1 54.6 54.1 55.9 61.1 68.9 70.9 72.1 73.3 75.2 74 71.3 68.6 77.8 80 80.8 81.3 89.2 94.8 100 104.2 106.3 101.8 98.9 95.6 88.9 82.6 82.6 90.9 96.1 97.4 102.1 100.9 100.8 95.8 97.3 96.1 87 74.7 62.9 46.3 30.6 17.3 -0.3 -0.3 -0.3 -0.3 -0.3 -0.3 -0.3 -0.3 -0.3 -0.3 -0.3 -0.3 -0.3 -0.3 -0.3 -0.3
80.2 77.4 55.1 46.7 44 42.7 41.2 36.5 36.3 37.8 33.9 32.6 34.9 40.2 45.1 54 54.6 39.7 39.7 43.2 42.7 43.2 50.1 51.9 52.5 52.2 58.1 54.2 61.6 65.9 69.5 69.5 73.6 75.8 77.4 76.8 71.9 78.3 82.6 82.5 82.9 85.3 91.5 97.6 102.2 104.9 103.7 101.7 99.5 95.9 86.8 85.9 90.1 94.2 96.9 98 100.3 95.4 91.8 90.9 88.3 87.9 79.3 67.9 52 40.5 28.4 -0.3 -0.3 -0.3 -0.3 -0.3 -0.3 -0.3 -0.3 -0.3 -0.3 -0.3 -0.3 -0.3 -0.3 -0.3 -0.3 -0.3
78.1 65 46.5 43.9 42.3 40.2 36 35.2 38 36.1 32.7 32.6 38.1 39.9 51.5 57.7 42.1 39.7 39.7 39.7 40.6 42.6 50.2 53.1 53.3 58.5 56.6 57.4 65.7 65.7 72.6 73 75.9 79.4 79.5 77.1 75.9 83.6 84 83.9 86.5 89.8 92.3 99.2 103.4 104.1 102.1 101.3 99 91.5 87.4 92.6 96.5 96.4 96.8 97.9 95.1 90.1 83.2 84.8 83 78.5 69.6 57.5 41.1 28.1 22.6 -0.3 -0.3 -0.3 -0.3 -0.3 -0.3 -0.3 -0.3 -0.3 -0.3 -0.3 -0.3 -0.3 -0.3 -0.3 -0.3 -0.3
70.9 53.2 45.8 44.4 40.9 35.4 34.6 35.4 38.4 34.1 32 34.3 34.3 39.6 54.9 52.5 43.1 39.7 39.7 40.9 40.7 47.9 55.3 54.5 54.6 62.3 57.9 63 68 67.9 75.1 76.2 79.2 81.4 80.6 78.6 80.1 84.7 85.1 86.3 93 93.9 93.2 99.3 102.4 102.6 101.4 99.5 94.7 89.7 92.4 100 102.4 99.5 96.7 95.6 91.1 83 76.8 78.8 75.7 68.8 59.3 46.3 30 27.7 17.4 -0.3 -0.3 -0.3 -0.3 -0.3 -0.3 -0.3 -0.3 -0.3 -0.3 -0.3 -0.3 -0.3 -0.3 -0.3 -0.3 -0.3
52.9 49.3 44.9 43.8 42.2 34.4 34.2 35.5 36.8 34.3 31.8 29.4 31.8 42.8 52.3 46.3 41.7 39.7 39.7 39.8 43.1 50.6 53.7 54.1 56 63.7 59.1 70.1 71.5 71.2 77.4 78.5 80.7 82.7 82.1 83.3 82.6 84.4 86.4 89.7 95.6 95.1 95.4 101.3 103.4 103.2 101 98.5 92.8 91.7 98 103.1 104.4 102.5 97.3 90.2 83.9 76.9 69.6 72.1 67.7 58.7 47.2 34.7 23.7 20 7.9 -0.3 -0.3 -0.3 -0.3 -0.3 -0.3 -0.3 -0.3 -0.3 -0.3 -0.3 -0.3 -0.3 -0.3 -0.3 -0.3 -0.3
45.9 42.8 42.7 43 42.8 33.4 34.1 36.1 35.6 34.5 33.8 28.6 34.4 42.4 50.8 44.6 39.7 39.7 39.7 40.1 45.8 51.8 50.3 54.1 61.6 61.7 60 70.8 74.7 72.9 78.3 81.8 83.2 84.1 87.3 86.4 81.2 83.8 84.9 92.9 95.5 95.6 98.3 106.4 109 107.3 100.9 98.8 97.2 96.5 99.8 103 104.3 101.4 95.7 83.9 75.8 70.2 64.1 65.1 59 49.5 34 24.6 19.6 9.5 -0.3 -0.3 -0.3 -0.3 -0.3 -0.3 -0.3 -0.3 -0.3 -0.3 -0.3 -0.3 -0.3 -0.3 -0.3 -0.3 -0.3 -0.3
41.5 40.7 36.8 37.4 33.9 32.1 36.6 36.8 34.5 35 31.2 29.3 32.7 35.8 40.9 42.2 41.6 39.8 39.7 42 44.4 47.4 54.7 57.7 60.4 61.2 65.2 73.1 76.4 78.4 80.5 81.8 82.9 86 85.4 82.1 81.5 86.3 89 94.9 98.6 94.9 105 109.4 111.6 108.1 101.1 97.9 97.4 98.9 103.3 104.6 103.8 100.1 90.6 80.3 71.6 63.1 58.4 56.8 50.1 38 25.8 18.7 15.2 -0.3 -0.3 -0.3 -0.3 -0.3 -0.3 -0.3 -0.3 -0.3 -0.3 -0.3 -0.3 -0.3 -0.3 -0.3 -0.3 -0.3 -0.3 -0.3
39.6 39.2 36.4 32.7 33.1 29.3 28.4 28.8 28.3 30.8 33.6 30.6 32.9 27 34.9 40.9 42.9 39.9 40.2 42.8 44.2 49.5 60.7 60.6 61.1 65.6 70.4 77 79.4 79.8 81.2 81.5 82.5 86.7 84.6 85.4 89.7 94.3 100.4 98.4 95.2 106.5 110.7 111 111.9 108 101.7 98.4 97.3 102.2 105.4 106.4 104.7 99.1 88.6 78 70 59.9 53.3 49.3 37.9 24.9 19.1 14.4 9 -0.3 -0.3 -0.3 -0.3 -0.3 -0.3 -0.3 -0.3 -0.3 -0.3 -0.3 -0.3 -0.3 -0.3 -0.3 -0.3 -0.3 -0.3 -0.3
38.6 39.2 38.2 31.8 29 30 25.3 25.4 27.3 30.1 34.3 26.9 26.6 29.5 40.6 44.5 41.4 40.8 43.4 44 48.5 58.7 61.8 62 63.6 68.4 72.9 78.9 80.7 82.8 85.1 82.5 88.1 88.8 92.2 95.4 97 104.4 107.4 102.3 112.3 116.8 115.1 112.6 112.7 107.2 104.9 101.6 106.7 110.8 111.8 112.5 106.3 99.1 86.8 76.4 67.5 56.6 47.6 41.9 31 19.4 15.1 9.4 -0.3 -0.3 -0.3 -0.3 -0.3 -0.3 -0.3 -0.3 -0.3 -0.3 -0.3 -0.3 -0.3 -0.3 -0.3 -0.3 -0.3 -0.3 -0.3 -0.3
37.9 36.4 36.2 32.5 27.5 26 23.6 24.4 30.6 35.2 26.6 28.6 28.3 36.5 46.1 46.7 37.5 41.9 41 47.5 50.1 63.7 65.2 67.8 69.2 72.2 78.4 83.3 82.9 86.2 87.3 83.2 94.8 96.7 101 97.8 105.1 108.7 108.3 101.9 117.8 121.3 121.2 117.1 112.3 110.6 108 108.9 119.3 125.1 124.2 118 108 100.2 88.6 77.4 65.7 52.8 42.2 35.7 23.8 12.8 9.8 -0.3 -0.3 -0.3 -0.3 -0.3 -0.3 -0.3 -0.3 -0.3 -0.3 -0.3 -0.3 -0.3 -0.3 -0.3 -0.3 -0.3 -0.3 -0.3 -0.3 -0.3
38.6 37.5 37 32.4 31.6 25 22.7 24.7 30.5 33.6 22.7 31.6 29.1 38.3 45.1 46.3 35.7 38.1 46.9 49.5 54.8 65.1 69.1 70.6 72.9 75.4 83.8 87.2 87.9 88.7 89.1 94.3 100.4 101.6 107 104.6 110.3 109.4 110.3 114.9 125.2 129.4 126.2 118.5 112.7 114.4 112.3 116.2 127.8 128.4 125.3 120.2 112.3 103.9 91.3 78.4 63.7 49.9 39.7 27.3 11.1 6.5 3.5 -0.3 -0.3 -0.3 -0.3 -0.3 -0.3 -0.3 -0.3 -0.3 -0.3 -0.3 -0.3 -0.3 -0.3 -0.3 -0.3 -0.3 -0.3 -0.3 -0.3 -0.3
39.1 34.2 32.4 32.7 33.8 25.7 22.5 23 33.4 33.8 25.8 32.7 32 36.8 45.3 38.6 35.4 38.9 46.7 55.5 59.8 67.4 70.8 73.6 76.2 80.5 87.9 91.1 90.6 91 94.2 107.1 105.4 112.4 113.3 108.7 114.2 119.1 117.1 125 128.7 131.1 124.1 115.3 113.8 115.8 119.6 122.7 131.7 133.6 130.9 123.5 117.3 104.2 89.4 75.8 60.5 46.8 33.2 17.6 6.3 4.8 -0.3 -0.3 -0.3 -0.3 -0.3 -0.3 -0.3 -0.3 -0.3 -0.3 -0.3 -0.3 -0.3 -0.3 -0.3 -0.3 -0.3 -0.3 -0.3 -0.3 -0.3 -0.3
34.7 33.5 30 31.1 24.5 23.4 24.1 28.8 31.2 32.4 29.8 34.4 33.5 34.8 42 33.5 39.4 40.9 48.1 58.4 59.8 66.5 71.6 75.9 79.6 83.9 91.3 93 92.9 93.6 106 112.5 114.1 116.3 111.5 111.3 119.5 121.8 123.8 127.3 130.9 128.1 117.9 116 118.6 124.8 134.4 131 137.3 137.2 133.8 129.1 116.9 102 85.6 70.5 56.4 41.3 17.9 6 4.7 -0.3 -0.3 -0.3 -0.3 -0.3 -0.3 -0.3 -0.3 -0.3 -0.3 -0.3 -0.3 -0.3 -0.3 -0.3 -0.3 -0.3 -0.3 -0.3 -0.3 -0.3 -0.3 -0.3
34.9 31.8 26.9 25.1 20.4 18.4 28.6 30.7 31.6 30.4 26.2 33.6 37 31.9 37.2 37.7 41.2 42 49.6 56.9 57.1 65.4 73.7 78.3 83.4 89.3 92.8 95.9 95 106.7 111.8 112.6 117.2 119.1 113.4 121.2 121.7 123.8 129.7 131.6 131.8 124.3 121.8 123.6 130.1 138.2 148.2 138 138.9 139.6 138 132.9 119.4 99.2 80.6 63.6 49.5 27.2 7.5 3.2 -0.3 -0.3 -0.3 -0.3 -0.3 -0.3 -0.3 -0.3 -0.3 -0.3 -0.3 -0.3 -0.3 -0.3 -0.3 -0.3 -0.3 -0.3 -0.3 -0.3 -0.3 -0.3 -0.3 -0.3
33.2 29.3 20.8 17.6 16 18.9 28 29.8 32.2 24 23.1 35.3 31.5 27.6 34.2 36 41.7 48.6 54.4 56.3 57.6 71.6 80.2 82.3 90.7 96.2 98.8 98.5 98.7 116.9 118.1 127.1 126.7 127.9 126.2 134.5 132.2 133.4 138.7 136.2 129.3 124.7 128.4 136 140.3 144.7 148.7 138.5 140.5 140.4 139.8 133.7 119.1 95.3 75.2 57.4 35.3 11.6 -0.3 -0.3 -0.3 -0.3 -0.3 -0.3 -0.3 -0.3 -0.3 -0.3 -0.3 -0.3 -0.3 -0.3 -0.3 -0.3 -0.3 -0.3 -0.3 -0.3 -0.3 -0.3 -0.3 -0.3 -0.3 -0.3
32.5 28.1 17.6 15 16.7 19.7 29.1 28.9 30.5 16.2 24.7 31.7 26 29.1 36.8 42.2 48.4 52.5 56.4 55.7 69.5 77 82.3 87.2 96.9 102.2 100.5 100.9 116.6 121.1 127.6 130.8 129.5 133.4 130.8 140.2 146 144.6 143.7 136.7 125.6 133.4 140.3 144.1 145.2 145.1 144.4 140.9 143.5 143.3 140.5 131.3 112.3 93.5 67.6 48.1 24.1 5 -0.3 -0.3 -0.3 -0.3 -0.3 -0.3 -0.3 -0.3 -0.3 -0.3 -0.3 -0.3 -0.3 -0.3 -0.3 -0.3 -0.3 -0.3 -0.3 -0.3 -0.3 -0.3 -0.3 -0.3 -0.3 -0.3
26.7 22 16.4 13.2 20.2 22.7 26.7 26.5 24.1 14.9 22.3 25.5 30.1 30.6 35.4 42.5 49.9 54 55.3 63.4 72.4 81 83.5 93.9 100.4 104.5 100.6 107 118.7 132.3 133.9 135.7 131.3 136.9 134.4 143.4 148.4 149 141.7 131 136.1 152.9 156.4 155.2 151.7 146.5 142.4 140.8 146.4 144.5 142.8 129 110 83.6 58.5 34.9 8.3 -0.3 -0.3 -0.3 -0.3 -0.3 -0.3 -0.3 -0.3 -0.3 -0.3 -0.3 -0.3 -0.3 -0.3 -0.3 -0.3 -0.3 -0.3 -0.3 -0.3 -0.3 -0.3 -0.3 -0.3 -0.3 -0.3 -0.3
23.4 18.4 17.6 13.4 19.5 21.7 20.9 19.3 14.5 23.7 29 29.1 29 28.9 39.1 50.5 52.8 52.2 57.4 71.6 75.6 81.7 86.2 96 101.6 97.5 98.1 112.7 126.6 138 138 136.4 133.5 135.1 145.5 145.8 153.1 150.6 137.4 141.5 150.8 163.1 165.4 164.6 158.2 149.4 143.4 143 148.6 146.8 144 129.9 103.5 76.7 45.8 17.4 4.9 -0.3 -0.3 -0.3 -0.3 -0.3 -0.3 -0.3 -0.3 -0.3 -0.3 -0.3 -0.3 -0.3 -0.3 -0.3 -0.3 -0.3 -0.3 -0.3 -0.3 -0.3 -0.3 -0.3 -0.3 -0.3 -0.3 -0.3
24.7 19.4 15.2 10.5 16.5 21.1 16.3 11.4 19.3 30.3 29.3 27.1 27.2 28 45.2 51.5 53.9 50 66 72.6 78.7 81.8 88.8 94.3 93.3 96.2 101.3 119.6 137.7 143.8 143.3 134.8 136.1 140.3 148.5 158.6 155.6 142.9 143.2 150.6 162.4 171.9 173.9 170.8 161.2 150.9 142.2 146.3 150.7 145.5 138.3 116.8 96.1 68 37.2 21.8 -0.3 -0.3 -0.3 -0.3 -0.3 -0.3 -0.3 -0.3 -0.3 -0.3 -0.3 -0.3 -0.3 -0.3 -0.3 -0.3 -0.3 -0.3 -0.3 -0.3 -0.3 -0.3 -0.3 -0.3 -0.3 -0.3 -0.3 -0.3
25.4 21.5 10.5 8.8 10.1 14.8 11 13.5 22.3 30.4 28.7 25.3 32.4 34.6 45.4 50.2 49.3 56.4 70.1 75.9 80.2 86.3 89.5 88.8 94.1 99.6 106.2 120.3 140.7 143.6 143.9 139.1 137.6 149.3 155.3 161.6 149.7 145.9 147.1 160.3 176.7 182.6 181.8 174.8 159.8 149 142 149.6 151.4 142.4 127.8 112.5 93.2 64.8 40.2 13.8 -0.3 -0.3 -0.3 -0.3 -0.3 -0.3 -0.3 -0.3 -0.3 -0.3 -0.3 -0.3 -0.3 -0.3 -0.3 -0.3 -0.3 -0.3 -0.3 -0.3 -0.3 -0.3 -0.3 -0.3 -0.3 -0.3 -0.3 -0.3
25 18.2 8.5 8.3 9.2 10.1 10.7 15.5 25.7 28.2 25.7 30.3 34.9 37.6 44.8 48.2 49.4 66.2 72.3 77.2 84.7 89.6 84 86.1 100.1 102 114.2 121.9 139.1 142.4 143.1 141.5 142.1 150 162.7 161.5 159.5 159.3 160.2 173.2 188.7 189.1 187.8 172.6 157.1 149.5 149.2 149.8 149.7 135.2 128.3 112 85.8 62.2 31.3 -0.3 -0.3 -0.3 -0.3 -0.3 -0.3 -0.3 -0.3 -0.3 -0.3 -0.3 -0.3 -0.3 -0.3 -0.3 -0.3 -0.3 -0.3 -0.3 -0.3 -0.3 -0.3 -0.3 -0.3 -0.3 -0.3 -0.3 -0.3 -0.3
21.7 8.7 8.2 8.1 8.7 9.8 10.8 15.9 21.6 25.3 25.5 30 32.9 37.3 44.1 47.4 53 66.3 71.3 80.7 88.3 85.3 78.8 88.3 97.3 106.3 115.3 121.6 133.6 143.5 144.1 142.9 146.7 156.7 168 170.9 172.2 167.3 173 181 190.5 189 181.6 163.9 153 154.9 152 150.8 141.4 134.3 124.6 107.9 84.1 59.4 15.1 -0.3 -0.3 -0.3 -0.3 -0.3 -0.3 -0.3 -0.3 -0.3 -0.3 -0.3 -0.3 -0.3 -0.3 -0.3 -0.3 -0.3 -0.3 -0.3 -0.3 -0.3 -0.3 -0.3 -0.3 -0.3 -0.3 -0.3 -0.3 -0.3
15.2 7.4 7.3 8.5 11.9 11.8 12 14.4 20 25.5 23.5 30.7 38.1 40.6 47 48.4 56.9 63.8 72.6 83.6 83.6 78.4 80.5 90.8 97.3 108.7 114.7 119.4 134.5 144.5 144.6 144.1 148.4 162.8 173.8 181.2 174.4 173.7 179.6 184 186.5 186 171.9 156.5 157.8 155.5 148.8 145.8 134.7 130.2 120.6 103.2 81.4 53 8.2 -0.3 -0.3 -0.3 -0.3 -0.3 -0.3 -0.3 -0.3 -0.3 -0.3 -0.3 -0.3 -0.3 -0.3 -0.3 -0.3 -0.3 -0.3 -0.3 -0.3 -0.3 -0.3 -0.3 -0.3 -0.3 -0.3 -0.3 -0.3 -0.3
7.1 6.4 6.8 14.5 12.1 12.3 14 16.9 26.4 22.8 23.7 33.6 39.2 43 46.5 48.4 54.2 63.5 73.5 80 78.9 77.3 86.6 91.2 97.6 109.6 117.2 122.1 132.2 141.7 143.8 144.7 151.8 161.5 176.6 177.7 177.5 181.7 185.1 184.5 185.2 180.7 163.1 160.1 160.4 154.2 145.7 135.5 133.8 127.9 114.1 95.4 73.6 39.5 -0.3 -0.3 -0.3 -0.3 -0.3 -0.3 -0.3 -0.3 -0.3 -0.3 -0.3 -0.3 -0.3 -0.3 -0.3 -0.3 -0.3 -0.3 -0.3 -0.3 -0.3 -0.3 -0.3 -0.3 -0.3 -0.3 -0.3 -0.3 -0.3 -0.3
6.2 6.4 7.4 10.8 11.5 12.6 15.6 18.9 24.4 22.7 25.7 36 40 42.8 44.9 48.6 55 65.5 72.5 76.1 75 81 88.2 90.9 100.7 112.6 118.2 124.9 130.5 139.3 141.8 144.5 150.4 163.9 170.6 175.1 180.6 191.2 186.9 183.6 180.7 169 167 165.3 159.9 154.8 141.3 136 134.2 123.9 104.6 86.3 60.5 20.1 -0.3 -0.3 -0.3 -0.3 -0.3 -0.3 -0.3 -0.3 -0.3 -0.3 -0.3 -0.3 -0.3 -0.3 -0.3 -0.3 -0.3 -0.3 -0.3 -0.3 -0.3 -0.3 -0.3 -0.3 -0.3 -0.3 -0.3 -0.3 -0.3 -0.3
4.8 7.1 5.7 9.2 10.3 11.7 14.7 20.4 22.9 26.4 30.7 36.1 39.8 41.9 44.3 47.8 57.9 65 73 75.7 75.5 84 86.9 93.4 103.5 111.4 119.3 125.6 130.8 138.2 140.9 142.7 149.1 163.1 173.1 177.7 187.5 190.8 182.1 179.7 176.6 175.1 168.9 163.8 158.4 151.2 138.7 136.4 128.9 116 99.3 74.1 42 -0.3 -0.3 -0.3 -0.3 -0.3 -0.3 -0.3 -0.3 -0.3 -0.3 -0.3 -0.3 -0.3 -0.3 -0.3 -0.3 -0.3 -0.3 -0.3 -0.3 -0.3 -0.3 -0.3 -0.3 -0.3 -0.3 -0.3 -0.3 -0.3 -0.3 -0.3
4.3 8.3 8.9 9.1 10.1 11.5 12.8 24.8 21 27.5 32.7 37.8 42.3 42.2 43.8 50.5 57.5 65.4 74.3 74.1 75 80.9 86.4 97.7 105.2 114.1 125 131.5 132.5 134.7 139 140.9 153.5 160.7 169.6 176.1 180.5 183.6 179.8 176.9 175.9 172.9 165.5 162.7 157 145.4 141.3 138.8 125.2 111.4 85 53.7 19.9 -0.3 -0.3 -0.3 -0.3 -0.3 -0.3 -0.3 -0.3 -0.3 -0.3 -0.3 -0.3 -0.3 -0.3 -0.3 -0.3 -0.3 -0.3 -0.3 -0.3 -0.3 -0.3 -0.3 -0.3 -0.3 -0.3 -0.3 -0.3 -0.3 -0.3 -0.3
