UK/data/nc/nc74_OST50GRID_20230518/NC74.asc
ncols 200
nrows 200
xllcorner 270000
yllcorner 940000
cellsize 50
[rows 105 to 139 of 200, columns 78 to 155 of 200]
168 169.3 171.1 173.9 178.9 180.6 183.6 191.2 195.8 197.4 200.6 200.8 200.9 201.4 204 208.1 213.1 219 224.1 227.5 230.8 233 236 238.5 240.7 243 245.2 257.9 276.5 289.7 298.8 293 297.5 302.3 301.7 307.5 310.3 310.9 310.2 306.7 305.6 306.4 301.4 297.6 296.5 295.2 292.5 290.3 287.9 285.1 282.5 279.3 276.3 278.5 282.7 286.6 293.1 299.2 304.8 308.8 310.1 310.7 310.4 300.2 288.5 275.7 270.8 269.9 267.8 266.9 269.6 270.8 278.8 296.3 309.6 316.4 317.4 313.2
168.4 171.2 174.3 179.5 176 179.9 183.6 190.1 194 195.4 196.4 197.2 197.6 201.3 204.5 211.4 216.3 219.7 223.2 226.7 229.6 231.9 234.9 238 240.6 243 251.4 267.4 281.4 294.7 300.5 295.2 295 296.9 300.2 303 309.8 306.4 305.6 305.9 302.7 300.8 296.5 294 293.1 291.4 288.9 286.5 285 282.8 281 279.8 279 280.2 284.4 289.3 298.8 303.4 308.6 311 312.5 311.9 306.8 297.4 283.4 276.1 274.4 272.2 270.3 267.8 267.5 271.1 278.1 292.8 306.5 316.9 319.6 313.8
169 172.8 175.7 175.4 179.8 180.7 182 185.3 192.3 193.8 192.3 195.9 197.7 200.5 206.4 212.1 217 219.9 222.4 225.4 228.2 230.7 233.5 236.5 239.8 248.8 256.8 271.8 285.4 296.1 296 295.8 295.6 297.4 298.2 298.9 303.5 303.6 303.9 305.4 303.5 300.3 296.2 293.8 290.7 288.7 285.9 283.6 282.1 281 280.7 280.5 280.2 282.3 285.8 291.8 300.7 307.1 310.3 312.4 313.1 314 307.4 292.4 282.9 277.8 276.5 274.8 272.1 271.6 277.2 273 280.4 296.9 297.9 313.3 316.3 314.7
170.4 173.8 172.9 175 174.7 176.7 179.5 183.5 187.5 193.7 195.6 197.8 200 203.1 208.1 212.8 216.9 219.7 223 224.7 227.3 230 232.6 234.8 239.3 250.9 259.7 269.5 285 290.8 294.8 296.1 296.7 297.9 298.6 299.1 299.2 300.8 303.4 305.6 305.8 303.1 295.3 293.6 289.8 284.9 282.2 281.1 280.3 280.8 281.2 280.9 281.4 284.1 286.4 293.3 301.4 309.6 312.1 313.9 314.7 316.6 309.6 294.5 286.2 278.9 278.2 276.9 274.2 274.8 279.2 274.5 283.1 295.2 297.3 308.4 320.1 312.4
168.7 169.8 171.8 173.9 178.4 180.9 182 187 189.4 194.2 195.6 197.9 200.4 203.5 208.4 211.9 216.9 220.9 223.6 226.2 229 231.1 234.8 239.9 249.1 259.9 278.8 282.4 292 295.8 296.2 300.2 305.7 302.6 300.9 300.4 299 302.3 304 301.3 303 299.1 294 291.9 286.3 282.3 279.3 278.6 279.4 280.1 280.6 281.5 282.3 285.1 287.4 294.6 301.7 309 311.6 314.9 315.1 323 308.7 296.8 284.7 280.2 279 277.7 275.2 279.4 281.9 275.7 286.4 295.7 295.6 300.9 318.5 310.2
167.6 168.8 170.8 175.5 179.3 181.2 184 187.2 192.8 194.3 195.5 198.5 200.4 203.7 207.6 212 216.8 221.2 224.3 227.6 230.2 231.3 236.6 244.2 257.5 267.6 280.7 294 303 308.9 309.4 310.8 318.3 316.6 308.2 304.4 301.6 303.3 303 296.9 295.7 294.2 290.1 287.2 281.6 279.1 276.8 275.8 278.2 279.6 281.1 282 283.6 285.6 288.6 294.6 301.2 306 309.4 311.5 314.6 314.2 305.1 294.9 285.4 281.3 279.9 278.8 276.8 283.4 280.7 275.9 286.6 288.7 294 298.6 308.3 305.9
166.3 168.4 170.9 176.5 177.4 181.9 184.1 187.7 194.7 192.4 195.5 198.3 200.5 203 207.7 211.8 217.1 220.7 223.8 226.8 228.8 230.5 239 248.9 264.7 278.8 298.4 305.8 308.9 311.7 312.5 317.6 324 322.2 314.4 307.5 305.2 303.4 303 293.7 290.7 289.1 285.8 282.4 278.6 276.3 274.4 275.1 277.7 279.7 281.4 282.3 284.3 287 290.4 295.3 300.5 303.9 307.3 309.5 311.9 307.2 297.2 292.3 286.3 282.3 280.5 279 277.8 279.4 276.6 277.9 286.4 287.1 292.9 296.4 297.9 302.9
167.3 168.6 171.9 177.4 178.9 180.6 182.9 186.9 189.8 193.3 196.5 198.8 200.8 203.4 207.1 211.2 217.2 220.2 223.7 226.9 229.5 231.7 241.8 253.4 274.1 299.7 305.5 309.2 310.6 311.7 314.2 328.6 325.8 322 317.8 307.6 305.3 303.3 300.7 291.3 288.7 286 283 277.8 275.5 273.7 272.4 274.5 277.8 279.4 281.1 282.6 284.6 288.1 292.1 296.3 299.8 302.9 306.1 309 310.2 299.4 295.9 293.7 289.1 284.3 280.9 279.1 278.3 279.3 278.1 277.5 284.5 287.4 290.3 295.3 296.2 298.4
168 170.5 177.1 180.5 179.9 180.7 183.8 185.7 190.7 193.5 197.1 199.1 201.3 204.1 208.2 212.5 216.1 220.1 224 226.9 230.6 241 259.8 274.5 299.3 307.7 309.5 313.1 313.2 312.3 317.3 331.7 325.8 326.7 324 315.1 304.7 299.7 297.2 290.3 286.3 282.2 279.1 275.3 272.8 271.5 272.6 274.6 277 279 280.7 281.9 284.5 289.9 293.7 296.7 299.8 302.4 305 308.5 312.9 305.9 300.4 297.9 292.3 285.6 281.2 279.7 278.5 279.8 279.8 277.6 284.7 289.8 292.1 294.1 295.8 296.7
165 168 171.2 174.6 179.5 183.8 185.7 187.9 188.7 194.5 197.7 199.5 201.8 204.7 209.9 213.3 215.7 218.5 222.1 227.2 234.1 252 266.3 287.3 298 305.6 314.8 319.5 317.5 313.4 321.8 326.5 327.4 331 326.3 316.5 305.5 300.3 290.8 288.2 283.9 280 279 273.9 271.4 270.2 271.9 274.7 276.2 277.2 278.5 281.3 287.4 291.8 294.5 298.2 300.8 302.5 304.6 307.4 309.4 308.5 307.3 302.2 292.9 285.7 281.8 279.8 280.2 280.9 280.9 278.4 283.5 289.3 293.2 295.4 297.5 297.5
166.9 170 173.6 177.6 180.2 187.4 189.5 191.9 192.3 194.6 197.7 200.3 202.5 205.2 209.7 213.7 216 219.1 223.2 229.6 241 258 272.7 284.4 294.5 309.6 323.7 323.9 325.3 317.6 319.2 326.5 329.1 328.9 322.6 311.9 302.4 298 291.9 282.5 279.5 275.9 274.5 271.9 269.3 268.4 271 274.4 276.1 277.1 280 282.8 289.2 293.3 297.1 299.7 300.9 303.3 304.7 307.7 310.1 317.1 313.7 302.9 291.6 285 282.6 280.7 281.8 282.2 282.9 281.7 286.9 289.1 293.9 297.2 298.7 299.3
165.5 168.9 173.9 178.4 181.1 187.6 190.7 194.6 194.1 194.4 197 200.6 202.9 205.6 210 213.6 216.5 220.7 226.1 234.8 250 264.9 272.5 289.1 300.6 318.7 329 326.9 326.8 322.4 324.3 327 324.4 322 313.5 306.2 303.7 299.9 295.3 282.3 273.7 272.6 270.8 269.8 267.5 268.7 271.1 273.7 276.4 278.3 281.3 284.7 290.6 295 297.9 300.4 302.5 304 305.7 312.3 320.4 319 312.6 301.7 290.6 284.9 282.9 282.8 283.3 286 287.1 282.7 290.6 291.4 297.8 301.5 302.7 300.2
164.8 168.3 172.9 177.2 179.8 184 191.3 196.1 194.9 194 196.2 200 203.3 206.1 210.4 214.5 218.4 223 231.9 246.5 259.6 269.4 270.8 284.5 304.6 321.5 328.7 328.8 327.5 324.9 323.3 325.3 321.3 314.1 310.4 304.5 302.2 297.9 290.4 280.7 273.5 270.2 267.5 267.6 267.5 268.6 271.1 274 276.6 278.6 282 287.1 292.1 295.8 298.3 300.8 303.2 305.3 308.5 319.1 320.1 315.6 307.3 297 288.5 285.7 284.7 284.8 286.7 290.3 290.3 285.2 291.6 291.4 301.4 304.5 304.7 299.7
163.6 168.9 171.5 174.4 181.2 189.9 193.6 197.4 196.5 195.8 198.9 201.2 203.4 207 211.8 216.6 220.7 227.9 238.5 247.6 260.2 267.9 274.9 294.7 305.7 325.6 334.5 329.4 325.2 322 321.1 317.5 314.6 311 306.4 300.2 297 294.5 286.5 276.9 272.2 269.7 267.6 266.4 266.3 268.3 271.6 274.1 276.6 280.7 284.1 289.3 293.3 296.8 299.4 301.6 304.5 307.2 312 317.9 317 312.6 302.3 293.5 287.9 286.1 286.4 287 291.8 293.8 293.8 287.4 294.7 292.3 303.6 310.3 306.6 298
164.2 169.6 173.2 174.9 184.1 195.5 197.4 198.1 198.1 196.7 199.5 202.7 205.5 209.6 213 217.3 225.4 236.1 247.2 254.6 263.9 271.5 281 291.7 314.7 330.4 331.8 327.9 317.6 315.3 312 311.7 307.7 305 300.1 292.8 290.6 288.3 283.5 277.3 271 268.7 266.6 265.8 264.6 268.8 271.5 274 276.9 281.4 286.3 290.9 294.5 297.5 300.2 302.9 306.2 309.1 314.4 315.1 314 308.2 297.7 291.7 288 287.3 287.6 292.4 296.4 296.3 295.4 289.8 295.8 293.4 302.2 311 308.3 297.5
165.5 170.3 173.5 175.4 183.8 192.7 196.2 199.1 199.3 200.7 200.2 203.9 207.5 212.4 215.7 222.2 233 241.9 251.6 261.7 268.9 274.2 282.6 295.7 310.1 315.4 325 321.4 312.5 309.7 306.7 303.1 300.4 299.1 294.1 285.4 281.7 280.3 277.8 275.3 270.8 267.1 265 262.9 265.4 268.6 271 273.9 277.9 282.9 287.9 291.9 295.3 297.6 300.7 303.5 306.6 309.4 312.5 312.6 311.5 303 294.7 289.7 289.5 289.4 290.9 298.5 300 298.7 296 292.5 296.9 293.6 302.9 310.9 305.5 297
167.3 171 173.1 181 193.8 196 200.3 202.2 202.3 203.6 202.3 205.4 209.3 214.4 218.8 225.5 237.9 246.7 256.7 263.8 272.3 278.8 291 299.6 304.8 307.7 314.5 314.3 310.6 307.3 301.7 300.3 295.7 292.6 287 280.7 275.5 274.8 274 273.7 269.4 266.3 265 261.2 265.1 268.2 270.7 274.4 279.2 284.3 288.7 292.7 295.4 297.5 300.3 303.9 305.8 308.8 312.1 313.6 307.7 298.1 293.1 290.4 290.7 291.4 293.3 303.7 302.5 301.2 298.2 293.2 298.9 295 301.3 306.2 302.8 294.7
166.2 170 177.1 189.3 197.2 201.5 204.2 205.5 204.8 205.2 204.1 206.7 212.4 216.8 222.3 231.4 242.7 251.9 258.9 268.3 280 286.6 296.5 300.1 304.7 307 311.1 311.4 309.3 304.3 299.2 299.6 292.2 286.3 281 275.1 271.2 269.2 269.1 272.5 266.8 263.1 261.3 259.7 264.2 267.9 271 275.4 279.7 284.6 289.2 292.9 295.6 297.3 299.2 303 305.8 308.9 313.5 310.9 302 294.9 293.6 291.7 292.1 292.9 300 306.4 304.7 303.2 299.7 294.1 299.2 297.6 302.3 304.4 299.9 294.8
165.4 175.6 178.8 188.2 200.4 208.3 207.3 208 207.3 207.1 206.9 208.5 212.5 219.4 225.1 235 246.5 256.7 270.3 282.4 295 297.8 296.4 301.3 305.2 306.9 308.5 310 308.8 297.6 296.6 296.6 289.8 284 277.9 271.3 267.3 265.1 265.1 266.1 262.8 260.1 257.2 261.9 264.1 267.4 271.6 275.5 279.9 285 289.2 293.4 296.1 297.5 298.9 302.1 305.2 308.9 309 304.7 297.1 294 293.4 293.2 293.7 297.5 306.2 307.1 303.8 302.9 300.4 295.6 298.6 298.6 301.1 300.8 297.2 295
175.2 178.7 184.8 194.7 206.6 212.6 214 211.8 210.4 208.7 208.7 211.4 216.4 221.9 228.9 239.8 252.9 271.8 285 292.1 301.6 300.3 297.4 298.1 300.4 302.8 306.3 306.7 305.5 294.1 293.5 294.9 288 281.8 274.1 266.4 263 261.6 261.3 261.5 259.1 258 256.6 261.4 263.8 266.6 270.9 275.8 279.8 285 289.4 293.2 296.1 297.2 298.6 300.6 305 306.7 303.6 298.6 294.6 293.9 293.7 294.6 297.1 300.1 305 307.6 302.1 302.7 301.1 296.8 298.6 299 299.9 298.8 296.8 295.1
179 183 189.8 203 212.3 217.6 218.4 216.2 213.3 211.6 211.8 213.6 220.6 228.6 231.7 242.6 263.7 282.7 288.8 295.9 303.7 304.3 300.5 299.5 299.1 300.3 304.5 302.2 299.8 290.5 288.2 288 281.8 274.7 268.5 261.8 259 258 257.2 257.3 256 255.4 255.5 258.3 262.8 266.8 271.1 275.7 279.9 284.7 289.9 293.8 295.9 296.6 297.5 299.4 303.3 302.9 298.8 295.2 293.8 293.8 293.9 298.2 301.7 302.6 302.7 302.3 302.1 301.4 299.5 297.4 299.5 300.8 300.3 298.6 297.7 294.7
182.1 186.7 195.5 208.1 215.6 222.1 223.1 221 217.6 214.1 214.6 219 226.2 231.5 239.4 259.8 281.4 288.4 291.7 300.8 305 306 305.5 306.1 312.5 316.7 315.6 302.6 295.9 287.6 283.1 279 274.1 268.5 263.7 258 255.4 254.5 254.3 253.6 253 252.5 251.9 257.6 261.9 266.4 270.7 274.8 279.7 284.8 289.7 293.6 294.7 295.4 295.9 298.1 301.7 298.2 295.7 293.8 293.4 293.5 297.8 302.7 305.6 303.9 302.6 302.2 302.1 301 296.3 299.1 300.8 300.3 300.1 298.4 295.9 293.9
186.6 194.6 202.8 210.3 219.3 226.8 227.4 224.4 221.1 219.3 220.4 223.7 231 238.4 249 276.4 289.5 299.8 295.3 298.4 303.4 305.6 306 306.6 313.4 319.6 320.9 310.6 296.1 284.1 276.3 272.5 267.8 263.7 258.8 254.4 252 250.7 250.9 249.8 249.7 250.2 251.2 256.1 260.3 265.1 270.9 274.8 279.1 284.3 289.7 293 293.6 294.1 294.8 296.8 296.4 294.7 293.6 293 293 293.6 302.7 304.2 304.7 301.1 298.5 299.3 300.8 299.7 295 300.3 300.1 299.8 299.1 297.5 294.8 293.4
190.4 200.5 205.7 214.4 223.1 229.3 232.3 228.8 224.7 223.9 225.3 228.8 234.9 243.5 262.6 281.7 293.4 300.4 297.6 298.9 303.4 305.8 306.3 307 316.6 318.6 318.7 311.6 302.9 281.6 272.2 265.4 264.8 259.4 254.8 251.4 248.8 248.2 247.3 246.5 246.8 246.3 250 254.9 259.1 264.6 270 274.2 278 283.5 289 291.8 292.3 292.6 293.6 294 292.6 292.6 292.4 292.3 292.7 294 301.5 301 300.1 298 296.3 295.6 298.1 295.3 295.4 299.6 299.3 298.9 298.6 296.3 293.8 291.3
198.4 205.6 212.2 216.9 227 232.8 236.7 233.3 228.7 228.6 229.9 234.1 240.4 250.2 270.1 287.9 294.8 296.6 298 299.6 305 306.1 306 308.2 316.3 317.4 316 310.9 301 284 267.4 259.7 259.5 255.8 250.7 247.3 244.5 244.4 244.7 242.4 243.2 244 247.7 253.1 257.9 263.7 268.8 273 276.4 282.6 287.7 290.1 290.9 291.6 291.7 291.4 291.4 291.5 291.3 291.8 292.3 294.2 298.3 298.5 298.6 296.1 294.9 294.3 294 293.4 293.1 295.3 295.9 297 296.3 294.2 291.6 288.9
206.7 214.7 219.7 224.9 230.7 238.8 240.9 237.1 232.3 232.9 234.1 239.3 247 255.8 275.9 287.6 296.2 297.2 298.7 302.4 308.2 307.8 305.5 306.4 314.2 313.4 309.3 304.8 292.3 280.7 260.2 254.2 253.4 249.6 245.6 242.8 240.5 239.7 240.2 239.1 239.8 240.8 245.8 251.5 256.7 262 267.4 271.7 275.3 280.9 285.8 288.2 288.5 289.1 289 289.3 290.3 289.8 289.6 291 292.1 293.8 296.8 298.6 297.7 294.9 293.9 293 292.9 292.3 293 294.2 295.3 296.3 295.3 292.3 289.7 286.9
211.8 219.2 227.8 232.9 237.7 243.5 244.4 239.6 235.8 235.6 238.5 244.2 255.3 263.3 277.9 292.5 295.9 299.2 299.9 305.4 313.8 309.2 303.3 304.6 309 307.4 299.1 293 283.8 275.6 261.9 249.3 248.8 244.2 240.6 237.5 234.6 236.5 236.3 235.7 236.7 238.1 244.9 250.7 255.6 260.4 265.9 270.1 274 278.8 283.3 285.7 286.4 286.2 286.5 287.5 288.5 288.3 287.1 290 292.5 295.3 298.7 299.5 297.1 293.9 292.7 292 292.3 292 293.3 293.4 293.6 293.7 292.7 290.1 288.1 286
221.3 230.7 235.1 242 243.5 246.9 247.5 241.2 239.6 239.6 242.9 251.7 261.3 268.8 280.7 291.7 295.8 298.7 301.2 306.5 315.3 307.5 301 299.9 304.7 299.9 290.7 285.5 277.1 268.8 258.8 249.7 244.5 238.5 236.1 234.5 231.7 233.6 233.5 232.4 232.8 236.6 244.1 249.5 254.6 259.1 263.5 268.2 272.5 277 280.8 281.8 282.5 283.7 284.7 285.7 286.5 286.9 287.5 290 293.3 298 300.7 300.2 296.9 293.7 292.3 291.5 291.4 292.2 292.6 292.8 293 292.2 290.2 288.7 287.3 285.7
235.2 240.9 243.7 253.9 253.6 254.8 249.2 243.4 242.2 242.8 246.7 256.4 265.5 271.6 280.4 292.9 295.8 299.4 304.4 309.4 315.4 306.9 297.2 295.3 298.7 293.7 286.3 279.7 270.9 262.2 251.1 246.4 243.2 238.7 234.9 232 229 229 229.9 232.7 234.1 235.9 242.4 248.5 253.3 257.2 262.1 266.7 271.3 274.3 276.6 277.5 279.1 281.3 282.8 283.8 284.4 286.1 287.8 290.5 296.7 301.5 302.6 300 296.5 293.1 291.9 291.2 291.1 291.3 292.2 292.4 292.5 291.4 289.4 288.1 286.8 285.2
241.7 249.1 252.9 263.6 260.9 260.6 251.7 245.5 245.1 245.8 250.2 259.7 267.3 273.8 282.4 295.2 295.5 299.7 304.2 307 314.1 304.8 292.5 290.5 289.2 288.4 281.7 274.4 267.1 260.3 254.8 243.2 237.4 235.7 231.5 229 229 229 229 231 233.4 234.9 239.7 246.1 251.3 256 260.6 264.8 269 271 272.8 273.9 275.7 278.7 280.5 281.5 281.4 285.6 287.8 294.6 300.9 304.4 303.2 299.2 295.3 292.6 291.4 290.7 290.7 291.3 292.1 292.6 292.1 291 289.2 287.9 286.5 285.2
238.6 253.4 257.5 273.5 264.7 266.5 252.3 247.1 246.6 247.6 253.9 261 269.2 275.2 284.8 294.2 295.4 299.4 301.4 300.8 307.2 298.5 288.3 287.1 284.2 281.8 275.9 270.3 265.3 260.8 255.4 248.1 237.3 232.3 229 229 229 229 229 229 229 234.2 237.8 242.4 249.3 254.8 259.3 263 266.3 268.1 269.7 270.9 273.9 276.3 278.1 278.9 280.5 284.7 291 299.3 304.9 305.8 302.6 297.9 294.5 292.3 290.8 289.3 290.2 291.8 291.9 292.7 292 290.8 289.5 287.9 286.6 285.4
236.1 251.7 259.1 272.1 266.5 266.7 251.2 247.8 247.7 249.9 256.4 261.6 268.7 276.7 285 293 294.9 296.9 297.8 296.1 300.1 290 284.8 283.1 280.4 276.2 271.4 268.4 265.8 261.9 261 251.6 245 234.1 229 229 229 229 229 229 229 232.1 235.9 241.1 247.5 253 257.7 261.4 263.4 264.9 266.5 268.2 271.3 273.9 275.3 275.8 279.8 284.7 295.5 304 308 305.9 301.7 296.8 293.6 292.2 290.3 288.3 290.1 291.3 291.7 292.6 292.1 291.4 290.3 288.7 287 286
235.4 249.6 261.4 274.1 265.9 261 249.9 248.5 248.9 250.5 254.8 260.8 270.4 275.8 282.3 291.2 292.7 291.2 293.6 291.2 289.2 284.3 281.1 279.2 276.2 271.9 269 266.5 263.1 261 256.3 251.2 246.9 239.3 230.2 232.4 229 229 229 229 229 229 235.2 239.5 245.6 250.8 254.9 258 260.3 262.2 263.9 266.3 269.3 271 271.3 275.3 279.2 287.3 299.2 307.6 309.8 305.3 300.2 295.8 293.4 291.4 289.7 287.4 289.8 290.9 292 292.4 292.1 291.5 290.7 289.2 287.6 286.7
235.2 248.3 261.9 267.5 261.2 255.1 248.3 248.7 248.8 250.9 253.6 259 268.4 274.1 281.5 288 290.4 286 287.9 284.7 282.5 279.9 277.7 275.3 271.9 268.3 265.8 264.6 262.6 259.3 252.1 247.3 243.2 239.7 234.6 229 229 229 229 229 229 229 233.2 238.2 243.2 247.8 251.8 254.8 256.6 258 261.3 264.3 266.3 267.1 269.1 274.3 280.6 292.7 304.4 313.5 309.6 303 298.3 294.3 292 290.2 289.2 287.6 289.1 290.4 291.6 292.2 292.1 291.5 290.3 289.2 288.3 287.6
233.1 246.5 255.1 259.4 254.5 250.8 247.3 247.6 248.3 250.5 252 256.9 265.4 271.8 277.7 283.5 286.3 282.5 280.8 279.6 277.5 275 273.3 271.2 268.5 265.6 263.5 262.9 262.5 262.8 251.9 245.2 240 238.8 239.5 231.1 229 229 229 229 229 229 231.9 236.6 240.5 244.9 248.6 251.5 253.4 255.9 258.7 261.2 263 263.9 268.3 274 283.1 300.3 315 315 307 301.2 296.4 293 291.1 289.5 288.5 286.6 288.8 290.2 291.4 291.6 291.7 291.3 290.2 289.3 288.8 288.6
