UK/data/nh/nh43_OST50GRID_20230518/NH43.asc
ncols 200
nrows 200
xllcorner 240000
yllcorner 830000
cellsize 50
[rows 105 to 139 of 200, columns 78 to 155 of 200]
443.9 437.9 434.8 424 410.3 394.3 372.3 365.7 362 350.5 345.7 344.5 345.5 349.6 354.4 355.7 373.5 387.5 390.7 393.5 390.6 371.7 349.9 335.7 320.6 312 301.7 297.2 296 298.4 304.4 312.2 330.9 339 340 340.9 346.3 361.9 355.2 351.5 350.9 348.8 340.4 332 327.9 308.9 301.1 304.3 309.1 323.2 328.8 330.6 335.6 344.4 349.4 360.9 365.8 365.9 365.3 360.9 358.6 354.9 349.6 346.7 353 352.2 351.8 352.1 347.8 352.2 358.8 363.7 366.7 365.1 368.4 370.1 374 370.7
443.9 435.9 430.6 419 403.9 386.4 371.8 368.8 359.8 346.1 343.5 346 346.8 354.7 355 361.9 381.1 387.8 389.4 395.1 392 368.7 352.4 333.3 322.9 311.8 303.3 300.4 297.1 298.5 304.8 315.1 334.1 342.5 346.9 353 364.5 360.7 353.6 349.2 347.9 344.8 335.6 327.9 318.3 301.8 301.1 301.6 313.6 325.7 329.1 333.6 337.4 342.1 351.6 359.7 361.7 367.7 363.5 364 361 355.1 348 340.4 345.1 344.3 343 338.7 341.4 355.9 370.1 379.9 376.4 385.1 390.7 394.3 389.3 384.3
442.5 432.4 422.9 407 397.3 388.4 368.6 364.4 349 343.7 345.7 346.3 347.3 351.9 355 372.9 383.5 386 389.5 397.5 388.4 369.3 352.6 337 327 312.9 307.7 304.7 297.9 298.7 310.9 328.4 342.6 348.1 352.7 358.2 359.7 357.1 351.6 346.4 337.8 335.4 332.3 323.7 312.1 301.6 301.1 304 316.5 329.2 329.1 332.9 336.8 337 338.1 351.6 360 363.5 362.8 363.8 359.6 354 346.9 336.8 340.9 337.9 337.2 334.9 335.2 359.6 374.4 380.4 382.9 396.5 400.5 402 398.6 393.1
430.4 423.8 413.8 410.7 389.2 375 359.8 348.8 344.1 341.6 344.5 344.3 345.2 350.9 357.9 374.1 382.8 385.9 389.5 398.8 387.3 371.7 354.8 343.9 327 315.8 311.8 304.9 300.3 301.1 322.8 329.8 333.5 350.2 351.6 354.6 353.4 355.4 345.1 339.9 334.1 331.8 328.5 320.8 308.5 302.9 301.3 308.8 314.4 322 328.9 331.6 336.2 333.5 332.9 339 345.6 356.4 359.6 357.6 352.1 345.1 338.4 335.3 335.6 335.6 336 335 335 345.4 359.7 374.7 390.5 394.4 399.6 400.5 398.2 393.9
427.4 413.6 410.6 395.1 375.7 359.6 348.3 342.6 340.2 342.6 344.4 344 343.9 349.8 369.8 391.2 389.6 388.4 391 394.8 381.9 370.8 365.4 344 328.1 317.7 314.1 310.4 304.7 312.9 323.7 337.4 348.5 351.8 345.9 346.3 347.9 346.4 339.7 337 328.2 326.4 328.6 322.5 307 303.5 301.6 305 312 323.7 327.9 332.7 332.9 327.7 327 331.6 336.3 343 346.8 351 346.4 336.4 335.2 334.9 336 337.8 338.4 335.1 335 343.8 351.3 373.6 385.3 389.1 395.4 396.5 390.6 381.5
413.9 403.3 393.7 379.6 367 353.6 340.7 338 340.4 343.3 346.7 343.5 342.3 354.7 377.1 393.3 391.6 390.3 390.4 389.2 379.4 380.2 369 344.5 328.6 321.3 318.6 315.2 312.7 321.7 340.5 351.8 349.4 345.3 342 338.4 339.4 334.6 329.9 328.9 325.4 321.9 322.4 322.7 310 302.6 301.9 306.6 312.3 319.8 329.1 333.1 330.3 324.2 321.7 324.2 329.5 339.4 347 343.8 338.5 331.4 333.6 335.2 337.6 338.8 340 339.3 339.8 340.5 348 362.3 368 374.1 381.7 381.1 372.8 376.5
407.5 400.5 383.9 376 366 349.8 337 343.5 341.1 346.1 352 343.3 343.3 356.7 369.5 387.8 389.1 390.4 391.2 388.7 377.8 373.5 365.2 346.5 333.4 327.1 323.5 319.8 324.7 338.5 345.3 346.1 342.4 341.8 338.4 332.8 331.1 320.6 318.6 319 320 316.7 309.3 319 309.9 302 301.6 305.6 312.4 319.6 329.9 331.8 328.8 320.7 314.7 322.6 328.4 336.8 339.3 335.8 330.1 329.4 334 336.1 338.1 341.5 349 342.4 338.1 338.3 340.9 354.6 364.8 369.6 370.6 367.5 362.2 360.5
398.8 390.7 386.4 378.5 362.1 344.5 335.9 338.5 342.3 356 349.7 342.6 346.6 353.4 360.8 375.8 386.3 390.4 390.7 381.8 376.6 372.3 364.5 347.5 340.5 332.8 328.3 324.7 332.8 336.1 340.3 341.6 335 334.7 330.5 330.2 324 316.4 313 316.2 320.9 312.5 305.6 314.7 305.7 302.1 301.4 306 316.1 319 321.5 320 319.1 311.6 312.2 320.9 326.1 326.5 325.9 326.1 326.8 331.8 334.4 336 339.5 348 356.3 348.9 339.4 337.8 340 347 359.2 377.9 373.3 368.4 367.8 369.5
395.4 395.8 385.2 371.2 355.7 336 335.8 340.5 352.5 358.2 346.6 340 340.3 345.8 354.7 370.6 383.8 389.3 385 382.8 380.4 373 365.9 353.9 348.7 337 331.9 328.9 330.5 329.3 328.6 328.3 327.9 327.9 327.9 329 322.6 319.6 315.1 311.8 310.1 309.8 304.1 303 302.2 301.7 301.3 306.3 314.9 310 307.3 311.1 308.2 311.4 311.7 313.3 316.2 319.3 328.9 330.3 333.5 333.5 335 337.7 347 358.7 357.1 351.2 343.7 340.1 340.4 344.1 367.5 382.3 379 379.6 380.5 379.2
401.1 385.7 370.8 360.2 343.6 334.6 337.8 349.3 359.3 355.3 343 337.5 338.1 341.7 347.2 369.1 379.6 382.3 384.8 382.6 374.4 374.7 369.8 362.9 353.8 339.9 333.5 333.8 332.7 328.5 329 327.9 331.2 339.4 339.9 331.6 327.4 323.1 312.3 312.4 311.5 309.7 310 306.9 302.3 301.9 301.3 302.2 304.6 302.2 302.2 307.6 314.1 313.9 314.6 315.8 320.2 326.9 330.9 332.1 332.7 335.6 333.6 341.5 354.3 358.7 355.5 352.5 349.2 346.7 343.6 346.7 355.4 371.4 380.7 387.7 386.2 375.8
390.4 375.1 363 351.2 334.4 336.7 344.4 354.1 356.4 355.4 343.9 336.1 333.2 335 341.8 352.9 367.3 369.9 366.8 369.1 375.4 388.7 388 374.2 357.7 343.6 340.2 341.9 343.2 334.7 332.8 336.7 338 339.6 333.5 331.6 328.3 315.8 314.8 323.3 325.7 323.2 314.5 304.1 301.8 302.5 302.5 300.7 300.7 301 303.4 315.7 315.5 314.9 315.2 320.9 326.5 330.3 331.5 331.5 334.9 332.9 335.2 345 355.2 354.5 353.9 351.3 351.7 349.8 348.3 354.2 354.1 354.6 377.5 381.9 372.7 355.6
380.2 359.6 342.7 335.7 335.2 345.4 347.6 352.1 355.1 354.3 346.4 334.1 331.3 333.3 342.1 345.4 351.7 358 369.7 380.2 390.7 403.2 399.5 390.4 367.8 352.7 349.5 349.7 348.7 344.7 341.8 342.5 337.5 334.8 328.3 326.7 322.6 313.6 323.7 333.5 333.3 326.9 313.5 304.2 302.2 304 304.2 303.7 302.9 303 313 314.1 314.4 315.3 318.2 326.2 327.1 329.7 329.3 334.8 330.8 330.6 342.2 343.1 351.2 353.8 347.7 348.5 351.1 350.5 351.5 353.6 348 351.1 354.1 355.9 347.1 343.6
364.1 348.3 336.1 334.5 339.1 345.1 345.1 345.4 350.5 351.2 347.9 332.1 329.8 331 335.8 340 353.7 360.5 372.6 384.2 395.5 404.8 404.8 392.2 373 360 355.3 354.3 357.7 351.6 342.3 340 332.2 323.9 319.6 319.6 317.1 314.5 326.1 341 335.2 326.2 309 305.9 305.7 306.1 307.2 312 303.8 300.3 307.8 314 312.3 310.8 322.7 327.9 322.7 325.6 332.1 328.8 328.9 329.2 339.1 340.8 345.3 350 343.1 347.9 351.7 347.3 348.6 347.4 341.1 337.5 335.8 337.4 336.7 337
350.2 347 337.9 337.5 342.4 337.9 333.3 337.5 339.2 340.2 339.2 331.2 329.5 332.8 335.3 345.6 361 373.2 380.2 387.1 397.2 408.7 406 387.3 372.1 364.3 359.1 359.5 359.2 355.1 342.1 338.4 331.7 321 315.1 314.5 313.3 321.7 332.5 344.1 338.1 316.9 311.1 308.7 309.2 312 320 313.1 302.2 299.6 311.8 308.9 308.5 308.4 322.3 323.4 320.9 326.7 327.6 327.2 327.8 327.8 334 336.8 341.6 341.6 337.8 342.8 344.7 342.2 342.6 343.2 337.6 329.3 326.8 327.8 329.7 329.8
361.7 350.3 340.3 328.6 326.6 325.9 325.4 331 340.6 345 344.5 331.3 331 334.5 336.2 349.5 364.6 373.3 376.2 384.9 395.2 400.4 394.4 378.7 373.9 370.3 362.9 360.8 360.3 351.2 347.3 345.7 336 323.6 313.8 313.3 313.3 326.9 334.2 340.6 329.2 316.8 314.6 313.7 314.8 322.5 324.4 311.8 300.6 300.9 306.5 304.5 303.9 308.1 320.3 319 318.2 320 323.3 325.8 328.3 326.7 333 334.2 334.2 335 336.7 340.7 340.2 339.1 339.9 337.1 333.6 326.6 324.3 322.6 324 324.1
362.8 350.2 343.8 332.2 324.9 324.5 329.4 336.6 348.7 350.9 343.1 331.9 331.6 333.7 335 350.1 363.9 367.9 373.8 382.2 388.8 390.2 385.4 379.2 375.9 371.3 365.5 360.5 359.4 361.3 358.7 350.8 340.7 328.1 317.6 313.3 317.2 327.3 331.7 330.3 325.8 321.9 317.9 318.8 323.4 328.1 325.7 308.7 300 299.9 303.1 301.7 302.4 305.1 313.8 311.4 310 315.9 321.3 325.7 324.5 326.5 331.5 331.8 332.8 334.8 337.3 338.4 335.8 336.5 338 333.2 326.5 323.9 320.1 319.2 319.5 320.1
358.6 353.7 345.7 330.5 324.8 330.7 341.6 346.8 353.1 351.4 341.4 331.7 329.4 331.5 332.8 341.4 353.8 364.5 376.2 377 376.6 380.9 380.9 379.2 376.3 373 366 361.8 369 370.8 361.6 354.6 342.9 331.5 326.8 317.2 323.8 330.5 331.3 331.1 327 323.1 322 327.1 328.1 328.7 320.8 308.2 299.9 299.4 301.6 302.1 305.9 308.2 309.6 306 305.6 312 318.6 321.4 323.7 328.4 329.1 331.5 333.1 335.3 336.2 334.6 333.5 333.1 331.9 325.5 322.1 319.6 315.9 315.5 315.6 317
357.3 351.5 342.2 330.2 323.5 337.9 341.6 346.9 352.2 349.8 337.6 327.8 328.4 327.4 328.4 328.4 342 361.9 370.1 373 375.2 380 384 379.5 378.1 377.5 368.2 369.7 371.5 375 363.8 354.6 344.9 342.9 331.1 323.3 326.9 333.1 335.1 330.9 328 326.1 331.4 333.7 333.9 331.1 320.8 306.7 302.7 298.3 302.3 309.2 308.2 307.1 305.9 304.1 303.7 310.3 315.3 318.2 327.3 324.5 327.8 329.9 332.5 334.3 333.7 331.1 328.8 327 322.8 318.6 315.8 312.6 312.1 312.8 313.6 315.2
353.9 348.6 343.2 328.4 323.3 326.4 333.7 337.7 336.9 338 328.1 328.4 328.4 328.4 328.4 328.4 333.9 357.8 366 374.7 378.3 383.2 385.1 380.5 379.1 377.1 370.3 368.8 372.7 374.4 364.5 354.4 356.2 346.9 327.4 325.4 331.4 340.8 335.8 334.4 331.1 336.9 339.6 341.2 340.9 326.8 313.4 307 300.2 297.3 308.3 311.9 307.2 305.8 305 302.6 302.2 309.8 313.7 324.3 317.5 323.5 326.5 328.2 330.7 330 328.8 326.5 321.9 321.3 317.7 313.6 310 309 309.4 310 311.3 313.3
349.8 347.1 343.5 325.8 322.9 327.8 331 328.5 328.4 328.4 328.4 328.4 328.4 328.4 328.4 328.4 329.2 351.6 368.7 373.4 376.9 382.6 385.8 374.7 374.5 375.8 377.2 370.8 370 367.8 364 360.7 361.3 345 324.5 324.4 339 338.8 336.2 334.9 342.9 351.3 348.2 350.1 336 322.4 311.7 304.1 296.1 302.4 309.1 310.6 305.9 306.9 302.7 298.8 299.2 308 312.8 316 314.7 316.1 323.6 325.5 327.2 327.2 324.8 318 314.8 313.7 310.7 307.4 305.2 305.4 306.8 308.8 310.5 313.1
347.4 349.3 341.9 326.2 322.9 325 330.9 330.5 328.4 328.4 328.4 328.4 328.4 328.4 328.4 328.4 330.5 352.9 364.8 367.6 370.6 370 368.3 363.5 367.1 372.9 378.8 373.9 367.1 364.5 363.3 360.5 360.3 332.1 322 323.7 331.3 334.9 336.8 343 354.2 353.2 359.6 345.1 329.4 315.9 311 301.9 295.9 301.9 305.2 304.7 304.7 307.5 299 296 298.9 309 310.1 311.8 308.9 313.6 319.1 323.6 323.8 322.6 317.5 309.5 304.8 303.4 303.3 300.8 302.1 304.6 307.4 309.5 312.2 313.2
343.4 343.7 337.6 325.5 322.5 328.4 338.7 335.5 331.9 328.1 328.4 328.4 328.4 328.4 328.4 328.4 332.9 347.7 359.1 363.5 362.3 355.5 352 354 366 371.5 370.2 367.2 361.6 359.5 350.6 346.4 336.6 320.6 319.5 328.7 336.5 340.2 347.8 352.4 356 358.1 351.1 338 316.9 311.7 308.5 300.2 296.1 296.6 302.9 303.5 303 304.5 295.8 292.9 297.6 302.9 304.1 305.2 304.7 310.9 318.2 319 319.8 314.1 304.3 299.9 295.8 296 297.7 299.8 301.4 303.3 305.2 307.4 311.3 310.4
337 336.6 334 323.4 323.2 341.7 340.3 338.6 337.4 333.8 329.4 328.4 328.4 328.4 328.4 328.4 329.6 347.8 357.9 360.4 356.7 349.7 348.9 353.4 366.4 371.8 371.2 366.7 352.4 344.4 336.3 327.8 320.9 318.1 320.2 330.8 343.1 347.2 349.1 355 353.1 352.5 335 319.6 311.7 311.4 301.6 298.9 297 296.2 302.6 300.9 305.3 302 293.5 292.2 292.5 295.2 303.4 299.9 302.6 309 311.1 311.7 310.2 302.5 293.4 291.8 293.5 295.1 296.9 298.4 301.9 303.5 304.8 306.9 308.4 309.4
324.8 330.1 335.4 322.4 332.7 339.9 342.9 344.6 341.3 337.7 335.6 328.5 328.4 328.4 328.4 330.6 334.6 347 354.1 354.3 352.3 347.9 348.4 368 388 383.3 382.1 364.3 342.9 328.1 321.1 319.3 318.2 318.1 325.8 337.7 353.7 358.3 349.5 342.4 334.4 328.3 321.7 315.6 306.8 303 301 299.4 297.8 296.8 299.4 299.9 302.1 297 290.1 287.4 286.4 294.5 295.9 295.6 299.7 302.9 302 301.7 298.8 290.8 289 288.3 290.6 294.1 295.7 300.1 302.8 304.3 305.1 307 308.1 308.9
323.6 334.1 331.6 322.3 327.9 343.3 347.8 346.1 341.3 340.9 340.3 331.9 328.4 328.4 328.4 331.6 337.9 345.1 349.2 350.5 347.3 345.9 353.9 372.1 385.3 385.3 374.6 361.2 343.5 327.1 321.9 318.5 318.1 318.3 333.6 349.7 357.3 347.8 334.2 331.5 328.4 322 317.9 304.5 300.1 299.3 297.7 298.7 295.6 297.9 295.2 295.4 292.8 288 284.2 283 282 282.8 289.3 290.6 290.6 295 295.2 292.7 288.1 287.3 286.2 287.3 290.1 292.8 295.8 298.6 301.2 303.7 306 307.2 308.2 310.1
327 335.8 324.9 323 340.2 347.9 347.2 343.4 343.7 345.6 338.5 332.5 328.4 328.4 328.4 331.8 338.2 344.5 348.9 349.6 345.4 346.2 358.6 373.1 376.9 374.4 363.2 346.2 338.4 328.7 322.7 317.9 318.1 326.3 336.8 345.3 340.9 328.9 324.7 319.9 314.4 307.4 301 300.9 302.2 301 297.6 297.4 296.1 295.9 297.2 296.5 292.1 289.4 286.5 284.7 280.3 282.2 284 288.5 287.8 288.9 283.5 283.5 285.5 284.4 284.5 287.1 290.2 293.1 296.5 299.1 302.3 303.7 306.1 307.4 309.4 311.3
326.7 329.4 323.5 330.1 346.1 344.9 343 347.7 350.2 338.4 337 327.8 328.4 328.4 329.4 333.2 339.5 344.3 347.3 347.2 342.9 347.1 358.5 370.4 372 358 349 343.5 334 333.4 319.5 318.5 323 334.4 344.4 346.4 338 323.3 313.6 306.2 302.3 301.4 306.9 305.4 302.9 299.5 298.9 298.3 298.7 302.5 299.1 293.8 291.4 289.3 286.4 281.5 277.7 281.4 280.5 281 280.7 279.6 280.4 283.7 282.1 281.8 285.1 287.2 290.2 293.4 297 299.9 303.7 304.8 305.7 307.4 310 311.8
321.6 326.6 322.7 336.1 344.4 342.4 344.3 348.2 338.7 333.4 331 328.3 328.4 331.1 333.8 335.3 338.8 342.3 345.9 341.1 343.3 348.3 358.9 363.4 354.3 351.1 349.6 350 345.9 330.5 318.4 319.9 329.1 337.5 349.2 344.8 330.9 317.2 307.4 305 305.6 305.2 310.2 310.5 299.5 298.2 298.5 298.9 302.9 298.7 292.9 291.3 290 288.3 284.3 279.2 275.6 279.2 278 277.4 276.4 276.3 279 278.9 279 282.1 284.8 286.8 290.2 294.7 297.7 299.9 302.9 305.4 306.4 307.9 311.8 314
320.7 316.7 326.7 343.6 343.2 338.6 335.9 335.2 333.8 332.3 329.7 327.1 328.1 332.6 334.1 334.2 338.6 339.5 336.9 335.8 338.3 338.8 341.8 346.2 348.8 352.5 357 356.7 343.1 321.4 319.5 324.5 327.7 341.7 340.6 337.6 321 313.7 315 311.5 307.8 312.8 312.5 301.8 297.9 297.6 297.9 301.9 302.8 293.1 290.9 289.8 288.6 284.9 279.5 276.4 275.6 274.1 274.1 273.8 273.6 276.3 274.3 276.6 279.1 283.3 285 286.5 291 296.4 297.5 300.2 303.7 305.5 307.8 310.9 314.6 317.3
319.5 313.8 331.2 340.8 339 334.5 334.8 335.3 334.1 329.7 326.5 327.8 329.4 331.5 331.9 333.1 336.6 330.9 329.1 331.9 334.1 336.6 343.5 347.9 362 366.1 367.2 351.3 334.5 318.5 321.4 321.4 325.4 327.2 332.2 325.6 324.1 323.7 317.4 315.5 310.1 312.6 304.6 298.1 296.1 296.9 297.6 300.3 295.5 291.2 288.3 289 286.1 281.3 276.3 274.8 273.6 272.1 272.2 272.2 272.5 271.3 271.8 274.5 279.4 282.1 285.3 287.9 291.3 296.6 297.4 300.6 304.4 306.9 310.8 315.6 320.2 320.9
311.5 312.7 325.2 337.8 331.1 332 335.3 335 329.2 324.2 324.7 326.2 328.1 329.1 327.8 328.1 325.5 324.3 327.7 331.6 334.9 338.8 354.1 357.4 360.6 368.4 365.5 346 320.9 316.1 317.7 316.3 319.1 322.3 321.1 322 329.7 325.3 321 315.9 309.4 304.8 299.1 294.4 295.3 296 298.8 299 293.8 289.4 286.4 285.5 282.4 277 275.5 274.4 273.3 271.2 271.1 271.2 269.8 270.2 271.7 273.2 278.1 282.6 287.6 288.3 292.7 296 299.2 302.7 305.5 309.6 313.7 319.4 323.6 319.6
303.2 312.2 329.5 327.1 328.4 334.7 335.9 326.9 322.5 320.7 322.3 321.5 323 324.2 323.9 322.6 320.7 323.1 329.6 334.6 339.4 352.8 358.3 352.3 357 361.2 343.3 330.7 316.9 311.3 309.8 311.5 313.6 317 318.5 334.3 332.6 326.8 323.6 316 305 299 296.3 292.6 293.6 296.1 301.1 297.4 291.7 288.7 284.7 281.8 279 275.5 273.9 272.5 271.3 269.7 269.5 270.5 267.6 268.4 269.9 275.1 278.2 282.1 285.2 288.2 289.6 296.5 300.2 303 308.1 312.4 317.5 321.6 319.9 316.4
303.8 305.3 315.6 324.2 328.3 327 325.2 320.5 317.8 317.4 317.3 317.8 320.6 322.9 320.5 318.2 316.3 322.1 330.4 337.2 348.3 350.2 348.5 341 346 338.5 330.8 320.5 310.3 305.6 304.4 306.4 308.6 313.4 328.4 338.9 329.5 329.9 322.1 309.7 300.6 296.6 293.7 291.1 293 297.3 299.6 295.1 290.6 287.4 284.3 281.5 277.1 275.1 273.6 272.1 270.3 268.3 268.4 269.1 266.9 267.7 269.8 273.8 278.1 281.6 283.9 285.3 288.7 295.3 300.2 305.3 312 317.4 320.3 320 317.4 310.1
303.5 303.6 313.7 319.5 321 319.2 319.4 316.8 315.5 315.1 316.1 316.5 318.5 317.5 314.4 311.7 312.4 317.9 332.2 332.9 332 332.5 322.3 326 329.3 322.8 311.4 306.4 304.2 300.7 301.8 303.7 307.4 318.7 337.3 340.3 333.3 328.7 312.8 304.2 300.1 296.4 294.4 291 291.9 299.2 297.6 293.5 291.2 286 282.9 278.6 275.6 274.4 273 271.4 269.5 267.4 268.2 266.9 265 266.8 270.7 273 277.9 281.1 281.5 284.6 288.6 296.8 302 308.8 313.4 319.7 322.5 319.9 311.5 303.2
296.8 299.5 306.7 310.6 311.1 313.8 314 313.6 314 313.5 312.6 312.2 313.2 310.5 308.2 306.1 308.8 317 322.6 322.2 320.7 310.3 302.2 300.3 305.2 302.2 300.1 300.7 300.4 297.8 299.9 304.5 310 326.4 338 342.6 331.8 319.5 307.3 303.7 300.7 296.6 293.5 291.4 291.5 298.9 297.4 293.4 290.5 286.2 279.2 277 274.5 272.6 271.1 270.6 269.6 266.7 265.5 264.5 264.7 267.6 271.1 273.6 274.3 275.3 279.2 283.7 288.6 296.5 303.1 311 316.3 319.6 321.3 315.2 301.6 300.3
