WholeMapElevations/data/no/no46_OST50GRID_20230518/NO46.asc
ncols 200
nrows 200
xllcorner 340000
yllcorner 760000
cellsize 50
[rows 105 to 139 of 200, columns 78 to 155 of 200]
307.8 298.7 288.9 283 278.6 268.2 260.3 276.9 287.9 292.2 292.4 289.9 286.8 279.2 262.4 239.6 235.1 250.1 264.3 278.3 295.1 310.7 328.2 339.2 351.4 354.7 360.3 378.7 398.1 411.4 425.1 433.5 442 450.2 455.9 459.6 460 457.5 450.6 442.5 434.3 424.7 412.2 400.2 388 375.3 360.7 346.2 333.7 330.2 332.2 334 331.7 319.6 308 302.4 295.4 290.9 287.2 283.8 280.6 276.8 273.5 270.1 266.5 261.9 256.7 250.4 244.6 239 232.3 224.1 214.1 209.9 204.8 218.4 237.3 248.3
312.4 304.7 296.4 288.7 284.8 279.1 260.9 263.5 274.3 280.3 283.7 284.8 283.8 281.3 270.3 251.6 234.9 241.9 258.8 272 285.4 304 322.6 333.3 343.7 346 351.1 360.9 381.8 401.2 415.8 427 436.5 444.5 449.6 451.7 451.9 447.9 441.4 436 427.7 417 404.1 392.1 379.9 365.1 345.6 336.7 323.3 311.9 305.9 306 301.5 294.3 288.5 285.6 285.5 287 286.8 286.2 284.4 281.1 275.7 272.2 267.3 262.4 257.5 250.1 243.2 238.1 232.6 224.9 215.3 204.6 203.7 226.1 241.6 248.3
317 309.9 302 295.5 289.4 284.1 272.8 254.7 260.4 268.6 273.9 277 277.3 278.5 273.4 257.7 233.6 234.1 251.2 265.1 280 294.8 311.2 325.1 334.3 341.3 347.3 346.5 362.1 383.3 401.7 414 427.3 435.7 439 439.9 440.1 438.3 434.4 428.6 420.1 409.3 397.2 384.5 370.3 355.7 341.3 329.3 314 302.3 293.6 289 285 283.6 284 286.3 288.6 291.6 293.4 293.3 289.5 283.1 275.1 269.8 263.7 259.2 254.1 248 241.5 235.7 230.1 224.6 216.3 204.7 206.9 229.7 240.9 246.1
324.8 317.1 309.2 300.8 294 287 279.3 257.5 251.4 255 263.1 267.3 269.9 272.3 271.9 261.8 235.5 233.3 243.6 256.9 269.7 284.8 299 314.5 325.5 332.7 339.4 342.4 348.4 360.6 377.4 397.8 411 421.2 426.3 428 428.4 428.2 426.1 421 412.8 401.3 386.2 371.6 360.4 346.3 330.4 312.6 301.9 293.3 286.7 281.6 281.9 284.7 290.2 296.1 299.9 300 297.2 293.8 288.9 281.9 272.5 265 259.4 254 248.6 243.6 238.4 232.8 227.4 221.5 212 202.6 212.1 226 233.5 239.4
333.4 329.8 323 310.5 300.5 290.4 279.9 272.4 257.3 249.3 247.6 258.2 261.1 266.1 268.5 264.3 239.9 233.3 234.4 250.8 261.1 273.7 286.7 302.3 315.8 330 341 340.6 340.9 348.7 357.4 375.2 390 402.2 411.3 415.3 416.5 416.2 417 415.2 405.5 392.3 375.2 364.5 355.4 338.6 315.2 299.5 294 289.8 284.4 277.6 281.9 292 298 302.8 303 298.2 292.5 287.4 280 271.9 266.4 261.2 255.3 249.3 243.8 239 234.4 229.6 224.3 218.3 206.7 199 216.3 220.1 220.6 216.5
339.7 335.3 326.2 318.7 310.7 300.7 290.5 279.4 268.8 256.9 247.4 247.9 252.7 257.3 263.3 263.5 250.9 233.3 233.3 243.7 255.2 265.5 276.1 293 307.3 322.2 335.1 342 335.8 336.6 341.9 354.9 366.4 379.9 390 390.8 391 395.5 398.3 403 392.1 380.1 368 358 346.3 324.4 303.5 295.1 289.7 286.1 281.7 274.8 274 288.1 293.4 295.4 292.8 289.2 284.8 279 272 266.2 260.6 254.9 250.5 244.5 239.1 234.5 230.7 225.7 219.9 214.1 204.2 200.5 212 213.6 211.8 198.5
344.6 338.4 329.6 324.1 317.9 310.3 302.9 290.8 278.5 264.8 257.1 245.7 242.8 249.2 256.3 258.5 254.4 233.3 233.3 233.3 247.5 260.3 270.9 284.6 299.4 314.5 326.9 334.9 339 327.6 327.8 331.6 342.6 353.9 363 361 356.6 357.4 365.6 372.7 365 354 347.3 339 327 311.7 296.9 289.4 283.8 278.9 265.2 258.6 263.6 278.1 284.1 284.5 282.1 279.6 275.1 269.6 264.2 258.9 253.8 248.2 244.1 239.8 234.3 229.5 225.5 220.5 215.8 210.3 201.8 197.4 206 200 194.9 192
348.4 342.9 336.1 331.5 325.7 317.4 309.3 298.9 287 273.1 261.5 252.2 242.9 239.4 247.3 251.1 247.8 233.3 233.3 233.3 240 253.4 264 277.7 291.4 305.7 317.8 325.5 329.1 324.3 319.2 318.6 318 325 335.8 332.8 329.5 330.3 335.4 342.9 337 324.7 321.3 318.7 312.9 300.2 291.1 284.6 278.4 268.2 262.6 255.3 247.2 260.9 267.5 270.3 271.1 268.5 265.3 260.9 255.5 250.4 245.6 241.6 237.9 233.6 229.2 224.5 220.4 216.5 213.2 207.5 199.4 195.6 196.3 195 193.1 192.1
351.3 347.7 344.2 337.8 331.2 322 313.3 303.3 290.9 278.1 265.4 254.6 247.1 238.9 235.8 241.4 233.3 233.3 233.3 233.3 233.3 246.2 258.5 272.4 287.9 302.1 313.6 318.8 321 323.7 330.6 328.9 322.7 317.6 315.4 315.8 315.9 310.3 310.4 312.7 309.5 304.8 302.1 300 296.4 289.9 286.4 284.7 285.7 285.5 282.7 266.3 243.7 241.4 247.3 251.7 258.8 259.7 256.6 253.1 248.4 243.7 239.2 235.2 230.6 226.2 223.4 220.9 216.7 213.3 209.6 203.4 196.5 195.6 195.8 194.5 193.1 198.4
354.6 353.1 350.5 343.5 334.1 326.4 317.1 306.5 294.1 282 270.5 259.7 251.7 242.8 235.8 234.1 233.3 233.7 233.3 233.3 233.3 237.6 255.2 270.8 287.3 300.1 308.8 316.2 325 333.1 338.8 346.5 347.5 339.1 325.5 328.4 333.8 317.1 301.5 295.8 295 295.2 294.1 291.4 288.3 289.1 293.5 301.1 302.6 298.8 290.3 274.3 248.3 236.3 232.2 236.2 244.7 250 249.8 247.1 244.1 240.1 234.7 229.2 224.1 221.8 221.5 219.1 213.8 209 204.4 198.1 194.8 194.5 194.6 194.1 195.2 206.7
358 357.2 355.2 346.5 337.7 329.2 318.8 308 296.3 284.8 273 262.9 255.1 246.5 252.8 248.9 254.6 257.1 233.3 233.3 233.3 233.3 252.4 271.4 287.8 300 313.2 325.6 337.7 348.2 356.6 365.8 373.8 367.1 350.3 345.5 342.1 333.1 317.2 306.1 304.2 307.1 305.8 299.5 298.4 303.8 311.8 309.3 306.5 298.4 289.8 280.3 261 241.9 231.8 224.3 234.5 243 243 240.9 236.9 232.2 226.7 221.1 217.9 216.3 218.4 216.4 208.9 203.3 196.4 195.5 194.5 193.2 193.4 193.9 202.1 212.5
364.4 360 357.4 350.3 339 329.5 319.4 308.3 296.1 285.5 274.9 265.6 257.8 250.4 260.4 259.9 256.3 255.7 241.5 233.3 234.1 233.3 251.8 272.5 288.1 302.3 317.3 330.3 343.4 355.4 364.8 373.2 382.6 386.6 375.1 362.4 358.1 354.2 348.8 335.3 329.4 325.2 321.5 317.6 317.1 312.8 308.2 304.6 300.3 295.3 288 279.9 271.6 253.8 237.3 220.6 224.8 234.2 236.5 233.8 228 222.4 215.9 211.3 210 206.8 201.7 197 193.7 192.5 192.3 192.8 192.7 191.9 192.6 198.8 208.3 212.8
371 360.9 357.9 352.8 341 328.5 318 307.4 295.9 285.4 275.3 266.5 259 251.9 261.9 257.6 254.7 253.7 254.1 241.1 221.8 243.8 252.9 273.5 289.1 303.5 319 330.9 345.5 359.1 367.3 377.4 385.4 392 392.9 382.4 371.7 365 354.1 346.6 340.2 333.3 328.5 321.6 316.6 311.2 305.7 300.6 296.6 291.8 285.4 279.2 271.2 262.8 244 230.5 214.9 217.8 219.2 221.5 217.4 212.1 206.5 202.8 199.7 196.3 193.5 190.9 189.9 190.6 189.1 190 190.5 192.6 195.4 203.1 213.1 213
371.7 362.2 355.3 348 339.5 326.5 316 305.6 295.1 286.1 276.1 267.1 260.3 254.5 256 256.1 252.4 247.7 245.5 243.1 227.9 239.4 257.1 275.5 291.4 308.8 322 334.7 348.6 361 370 377.3 382.3 386.5 389 385.3 379.1 368.2 360.2 352.5 344.8 335.7 330 321.9 313.9 306.1 300.2 296.5 292.9 287.7 282.9 276.8 269.9 259.8 251.4 240 224.8 210.9 204.8 204.5 204.8 203.2 198.9 195.6 194.1 193 190.9 188.8 187.9 187.3 187.4 189.2 190.5 191.5 198.9 205.4 210.9 213.6
368.8 360.6 350.2 340.8 333.1 323.8 313.8 303.2 293.6 284.5 275.7 268.1 262.1 257.1 255.6 255.2 251.3 241.5 239.2 232.7 226.5 249.3 269.8 287.4 300.1 314.3 325.7 337.7 349.9 359.7 369.3 376.4 380.7 382.3 384.2 379.5 373.6 365.5 358.1 350.7 340.2 332.5 324.7 316 309.1 302.5 296 290.8 287.1 283.1 279 274.4 268.2 259.3 249.1 240.9 235.3 230.2 219.6 209.2 197.5 194.8 193.1 192.4 191.6 191.3 189 187.2 185 186.1 187.3 188.6 195.7 197.5 201.8 208.4 210.4 212.4
359.6 350.2 340.5 332.7 323.5 317.5 308 300.1 290.5 283.5 275.3 267.8 263.4 259.5 255.9 252 244.5 234.7 229.6 222.4 238.8 266 280.8 293.5 305.5 317.3 327.5 339.5 349.4 358.1 366.1 372.9 376.6 376.7 375.5 371.1 365.1 359.1 351.9 344.7 334.5 328.6 320.2 314 306.3 298.4 292.6 286.8 281.9 276.5 272.6 268.4 261 252.1 245.4 242.3 241.3 237.1 230 220.7 206.6 197.2 191.2 188.8 188.8 188.5 184.6 183.5 185.1 186.2 189.6 200.8 198.8 199.3 205.2 212.5 211.6 212
346.4 337.2 330.2 322.6 315.8 308.7 302.9 295 286.7 281.1 275.2 268.4 264.6 261 258 246.5 233.7 222.3 218.3 236.3 252.6 269.1 283.8 295.7 307.6 318.2 326.8 337.7 348.4 353.9 358.2 362.7 367 367.9 366.8 363.7 357.5 350.4 342.9 335.6 327.7 321 315 307.5 299.8 292.1 285.3 278.7 271.8 266.2 260.2 255.7 251.1 246.2 242.3 242.5 241.5 236.3 229.1 220.5 203.1 196.4 193.5 192 183.8 182.2 182.4 183.3 189 197.9 206.3 210.7 202.7 202.3 205.8 211 212.7 212.7
334.4 326.3 318 311.6 307.1 302.2 296.5 291.4 286.4 280.6 274.3 268.2 263.1 258.6 249.5 241.4 225.4 216.9 217.9 235.9 252.9 267.1 282.8 295 305.9 314.8 323.6 329 340.1 344.5 347.5 350.7 354.2 354.6 356 352.2 346.7 341.4 335.6 328.9 322.8 315.3 307.2 298.3 289.7 280.5 272.3 262.6 258.7 253.2 249.4 246.2 243.4 243.5 242 240.7 237.2 231.9 225.3 213.9 199.6 194.3 193.7 192.6 181.2 181.1 182 184.4 190.5 202.8 211.8 211.4 203.1 202.3 203.7 206.2 209.6 210.8
320.4 311.9 305.5 300.5 296.5 293.8 290.9 287.5 283.5 278 272.7 266.8 261.2 254.4 246.6 242.8 224.5 213 215.9 228.6 247.6 262.8 278.3 288.2 297.3 306.7 314.2 321 328.1 334 337.5 338.7 340.4 343.4 345.1 344.9 341.9 335.5 328.7 320.4 312.1 303.5 294.3 283.4 272 262.2 255.1 252.2 248.4 244.3 239.9 239.5 240.7 242.1 241.9 237.6 231.3 224.6 218.8 209.9 199.6 195.4 191.7 179.3 179.8 180.5 181.5 188.4 191.5 204.2 208 206.3 200.3 198.5 200.2 202.3 204.5 205.8
309.5 300 295.8 289 285.4 282.2 282.4 281.1 277.9 272.9 267.8 263.7 258.3 248.9 251.8 244 217.4 213.4 215 223.9 242.9 257.2 270.1 277.9 288.5 297.9 304.9 312.6 318.8 323.8 328 330.4 331.7 334.3 337.6 337.8 334.6 329 319.5 310.1 296.2 283.6 271.5 260.8 255.3 251.4 248.9 245.7 241.9 239.3 233.6 236.8 239.1 239.2 237.3 233.1 227.6 221.2 214.7 207.9 198 193.4 184.8 178.4 180 180.1 177.5 179.7 191 196.3 197.4 203.5 198.7 195.2 196.1 198.1 199.5 200.5
299 293.3 285.8 277.1 272.2 267.3 262.7 264.8 267.8 266.8 263.3 259 253.2 249.7 253.6 236.6 215 212.1 212.6 215.3 233.1 248.3 260.9 269.2 279.7 287.7 295.2 301.2 307.5 312.6 319.4 323.8 325.3 325.3 326.5 325.8 322.8 316.6 311.2 301 282.2 267 259.2 254 248.7 246.9 248.5 248.4 244.9 240.1 235 234.4 234.2 233.9 231.8 227.9 223.2 218.2 213.9 206.2 192.6 188.6 183 177.5 177.1 175.8 175.3 174.3 177.9 184.6 188 195.8 196.3 191.4 189.7 191.7 193.8 195.7
292.2 285.8 273.2 261.3 253.8 249.8 246 245.5 249.7 255.2 256.3 253 250.9 252.7 246.3 226 211.7 210.9 211.1 211.3 225.2 239.7 252.5 263.1 271.1 277.7 284.6 290.1 296.3 302 308.6 313.9 314 313.3 313.2 313.2 311.6 309.2 302.6 292.7 270.8 259.1 255.2 251.1 248.3 248.2 252.9 253.1 247.6 239 231.6 228.8 227.2 228.2 227.2 223 219.4 206.4 197.5 192.6 185.3 180.6 178.1 177.4 185.2 189 184 174.1 173 173.1 180.2 181.3 185.6 182.8 184.2 188 189.4 191.8
286.4 277.5 262.4 252 243.4 239.7 235.5 235.2 237.1 242.2 247.6 251.9 253 246.5 242.1 219.4 211.2 210.2 210.5 210.2 216 231.4 243.9 254.4 261.4 268.1 273.2 278.1 283 288.9 293.9 297 299.5 302.9 304 304.5 304.6 302.4 294.6 281.5 263.2 253.2 251.9 251.9 255.1 254.5 252 249.4 243.2 236.4 228.6 217.3 220 221.4 221.8 217.1 205.4 194.7 191.9 187.1 179.2 181.8 190.4 199.1 208 198.9 187.5 175.5 173 171.7 171.3 175.3 178 178.7 179.5 183.7 187.7 192.5
279.1 267.6 254.9 246 244.9 243.7 238.3 230.6 228.7 230.8 236.2 244.7 245.1 242.6 240.2 221.9 211.4 208.8 208.7 209.1 208.7 223.5 234.9 245.1 250.6 256.2 260 264.7 270.7 276.6 283.3 288.4 290.5 293.1 294.9 295 293.4 289.9 285.8 274.4 257.5 248.7 248.2 252.1 256.8 256.3 250.9 244.4 237.8 231.2 226.1 220.9 209.6 204 210.8 205.3 196.5 189.1 181 184.4 194.2 205.3 207.5 211.3 210.6 208 195.8 186.4 176.4 172 170.7 169.4 170.8 174.1 176.5 183.1 188.9 192.2
265 257.2 249.4 249.3 258.6 254.2 255.3 251.3 229.2 224 224.4 230.1 233.1 235.5 235.2 228.6 222.4 209.4 208.1 207.7 207.8 213.3 227.8 235.7 242.6 247.3 251.4 255.7 262.1 269.2 276 279.5 280.7 281.5 282 280.5 275.5 272 269 263.1 250.7 246.9 246.2 247.6 248.3 247.9 245.1 239.6 232.1 229.2 224.6 220.3 213.2 202.5 195.5 188.3 184 186.1 198.7 205.5 211.1 212.3 209.8 212.6 216.7 213.6 198.6 189.1 180.8 174.1 170.5 169.7 168.8 169 176.7 184 189 192.3
259.3 252.4 253.7 258.6 260.9 259.4 255.4 254.5 248.1 233.9 221.8 220.7 220.6 224.9 226.6 224.5 220.4 215.2 208.1 207 206.9 208.8 223 229.1 234.8 240.1 242.5 248.7 256.4 260.5 266.3 266.3 261.7 258.8 254.3 251.4 248 247.6 247.8 244.2 242.3 243.6 240.4 237.8 237.7 237.1 236.5 241.1 228.4 225.2 220.9 214.2 197.1 188.7 188.8 190.9 199.7 204.5 204.4 216.3 218.1 215.5 210.7 213 215.4 209.9 199.5 187.8 186.3 182.7 174.7 169.7 168.1 167.6 175.9 187.7 190.8 193.7
259.6 252.2 258.6 260.9 258.8 259.7 257.1 252.1 242.6 233.3 225.1 218 216.8 215.8 219.2 220.2 217.5 214.9 208.6 203.9 204.9 205.6 218.4 224.7 230.6 234.7 238.6 240.9 241.3 243.1 238.5 235.3 231.2 225.4 223.6 220.5 219.6 219 220.6 223.9 229.4 227.3 220.8 221.8 223.1 223.2 223.1 219.3 213.7 205.8 198 191.6 187.2 188.2 199.6 203.3 210.5 215 205.9 213.7 214.9 212.9 210.3 210.7 211.6 209.7 198.7 198.7 199 197.5 185.6 175.9 167.8 165.8 175.7 184.6 191.6 193.5
258.5 258.6 261.6 259.9 257.4 257.9 254.9 242.1 240.3 235.2 226.8 219.5 215.7 214.2 213.4 217.3 214.3 214.9 210.8 205.8 204 204.9 212.6 220.2 226.5 230.9 235.1 237.6 239 240 230.9 228.6 215.1 212.9 212.9 212.9 212.9 211.3 208 206.3 208.6 204.6 202.4 204.3 206.5 205.3 200.5 193.3 189.2 187.7 187.4 187.7 197.3 208.3 215.3 211.8 219 217.3 208.5 210.1 211.4 211.2 211.3 211.2 210.7 209.8 208.3 208.4 205.9 207 197.6 181.8 167.7 165.8 174.1 180.1 189.8 193
258.6 262 262.6 260.3 258.5 256.2 249.1 245.9 241.1 232 227.5 222.8 216.5 213.5 211.7 209.9 208.6 208.7 207.7 204.5 203.9 202.5 204.9 219.4 225.2 228 231.8 233.7 234.5 235.9 229.3 213.6 212.9 221.9 219.3 221.4 228.7 224 219.1 203 202.4 202.5 200.6 200.9 199.1 191.5 188 188.6 189.9 193.8 200 208.6 216.2 219.3 216.7 221 225.5 222.4 210.8 217.9 215.3 218.1 215.1 217 216.4 215.1 212.6 214.4 208.8 208.9 205.7 191.2 171.9 165.4 166.3 176.7 185.3 192.4
257.2 262.8 260.3 258.8 256.8 248.8 242.9 242 237 232.1 229.5 223.7 218.6 214.7 210.9 209.2 207.4 207 206.5 204.5 203.6 203.3 200 213.7 221.4 224.8 229.3 231.1 222.5 214.2 215.5 219.7 221.5 221.6 219.7 217.7 214.9 226.8 217.7 207 209.7 212.2 209.6 206.2 199.4 189.2 196.4 204.1 206.2 214.1 223.9 225.6 223.6 221.3 225.5 225.9 226.2 225.7 215.9 223.8 222.5 221 220.6 222.6 220.7 217.8 214.1 210.8 206.1 207.2 206 190.7 177.3 164.9 163.9 171.2 178.9 187.1
261.2 259.7 257 254.2 255.4 243.6 240.8 236.1 231.3 229.1 228.7 221.8 220.4 215.7 213.2 209.4 207.7 205.8 204.8 203.2 202.9 202.4 201.7 209.3 218.7 221.6 217.4 215.1 224.4 225.4 224 222.2 219.9 219 215.3 212.3 212.5 213.1 224.9 221.4 226.2 223.6 210.4 200.8 192 204.6 213.9 225.1 224.2 234.9 234.2 230.5 229.4 229.5 230.1 233.5 229.2 225.6 222.8 224.7 228.1 226.1 228.8 229.6 226 221.1 216.2 212.8 205.3 198.7 197.9 187.3 178.6 164.8 163.2 163.3 173 179.3
269.6 266.8 264.3 260.8 256.9 253.1 245.6 243 232.4 223.6 223.9 222.2 221.5 219.8 216 214.9 211.4 206.3 203.5 202.4 202.1 201.5 201 199 211.9 219.4 214.1 223.7 224.5 223.7 223.5 222.9 223.7 219.8 213.1 212.7 212.6 215 217.5 217.9 216.5 201.6 193.2 200.2 214.9 220 227.4 230.4 232.1 237.8 238.1 236.9 235.4 234.6 234.6 234.4 232.9 230 230.2 232.8 234.9 235.2 235.4 232.5 227.8 222.9 216.6 209.7 205.4 199.7 192 184.2 176.3 165.2 163 162.1 162.1 174.4
283 278.6 271.6 269.9 262.6 257.3 250.3 240.7 225.5 223.5 224.8 223.2 220.7 219.1 216.5 215.9 214 211.7 206.5 201.6 201.2 200.1 199.4 198.7 204 208.2 213.6 220.8 224.2 224.2 225 223.1 218 214.2 214.1 213.6 212.3 214.4 215 214.2 205.9 199.8 214.6 222.1 226.4 229.5 234.7 240.1 240.7 241.6 243.2 243.1 242.7 241.7 240.3 239.4 239.4 239.1 239.9 240.9 240.7 240.4 238.1 234.9 229.8 223 215.1 210 207.1 203.3 194.9 186.3 179.5 171.2 162.8 161.8 161.1 171
292 286.6 280.4 275.7 265 258.7 251.3 237.3 227 229.1 228.5 224.7 220.1 217.8 215.7 215.7 214.7 212.6 208.8 203.5 200.2 199.4 198.9 198.9 198.6 206.5 214.1 220.7 221.8 221 218.9 216.5 214.3 214.6 213.4 211.8 212.1 212.7 211.8 202.6 197.3 217.1 228.5 233.7 237.3 242.8 249 249.8 251 251.7 253 251.9 250.3 249.1 248 249.4 249.1 249.5 248.6 246.8 244.7 243.1 240.4 236.7 230.1 221.9 214.4 209.3 205.4 198.8 194 188.8 189.7 179 171.3 162.5 161 162.3
296.8 290.3 279.3 271.2 264.3 257.7 248.4 239.4 231 230.6 231.5 226.6 221.8 218.8 215.8 214.5 212.4 208.4 204.6 202.8 199.3 199.1 198.9 198.8 197.7 201.6 209 212.6 213.1 213.2 213.2 213.7 213.4 212.9 212.3 210.7 210.9 206.3 196.3 202.9 219.1 228.1 235 242.1 250.2 255.6 255.2 256 257.2 258.4 258.8 258.6 258.1 257.8 258 259.1 258.6 257.3 254.6 250.6 248.4 246.1 241.5 235.8 228.8 220.7 215.2 209.5 204.5 199.2 195 193.4 190.4 187.6 176.8 166.3 160.6 159.9
