UK/data/no/no08_OST50GRID_20230518/NO08.asc
ncols 200
nrows 200
xllcorner 300000
yllcorner 780000
cellsize 50
[rows 70 to 104 of 200, columns 0 to 77 of 200]
475.2 469.5 464.7 458.3 451.5 444.8 440.4 437.5 434.7 434.4 434.5 436.9 444 453.3 465.2 478.1 491.3 502.1 512.4 523.6 531.6 542.1 554.1 566.8 578.6 590.5 600.5 608.4 614.1 615 609 604.6 596.9 587.2 579.2 571.4 560.1 551.5 542.4 557 579.4 592.9 607.2 616.7 625.8 633.7 647.1 654.7 659.8 660.1 655.9 650.2 649.6 649.5 649.7 654.5 660.2 665.8 672.8 680.8 687.1 710 729.9 748.2 762.4 771.2 777.7 779.3 781.9 780.8 777.6 774.6 766.6 754.9 743.5 732.6 721.4 710.4
476.2 470.7 462.9 458.2 451.7 444.8 439.8 435.5 434.8 435.2 436.4 439.4 448.1 458.5 473.9 486.8 500.2 511.4 519.7 529.4 540.6 552.2 562 572.8 585 593.8 601.3 609.7 619.1 623.2 621.6 616.1 608 598.4 585.1 576.8 568.7 559.5 550.6 545.4 566.5 583.4 595.4 604 610.1 621.3 626.3 640 641.1 637.1 633.3 627.9 627 628.4 629.7 633.4 637.7 644.3 655.1 664.6 688.9 711.1 729.6 746.6 757.2 766.1 773.4 774.9 776.2 774.2 768.2 761.6 751.9 739.6 729.7 718.4 706.8 695.6
477.2 470.3 463 455.7 450.6 444.2 438.7 436.6 435.5 435.4 435.9 442.4 453.8 466.7 481.9 495.7 508.3 518.9 530.1 544 558.8 565.6 574.4 582.9 591.5 599.8 610 620.2 628.6 633.2 631.8 627.1 617.1 607.2 595.7 586 574.5 567 559.9 553.2 548.3 564 576.5 587.7 594.5 601.5 616.3 621.2 619.4 617.8 612.7 607.5 606.5 607.9 613.2 621.7 634.8 647 661.8 676.1 695.4 714.7 731.9 743.7 753.5 762.4 766.6 768.9 769.8 765.9 758.8 750.8 737.6 727 719.2 708.1 696.9 685
476.5 469.1 461.6 453.6 448.4 441.2 439.9 436.5 436.6 436.5 438.2 446.2 457.8 474 490.6 503.6 518 535.9 552.9 567.9 575.8 582.6 590.7 599.5 604.7 610.3 617.1 627.4 639.3 643.9 643.4 638.7 629.2 618.7 609.6 594.4 585.1 576.9 570.3 563.2 556.9 552.9 559.4 568.7 577 589.9 595.9 599.8 598.6 595.9 593 594.2 602.6 613.3 624.4 633 646.4 658.7 674.2 687.4 703.4 718.8 732 742.6 752.2 759.7 763.7 766.8 764.4 758.1 751.5 743.4 732.3 719.8 710.6 698.5 688.7 678
476.9 471.3 460.1 453.2 446.6 441.5 440.2 437.8 437.4 437.1 438.1 448.6 464 480.7 497.7 513.6 542.7 563.6 578.6 587.9 596.9 607 615.1 619.2 622.4 627.4 631.2 639.8 648.4 654.4 655.1 652.7 646.4 637.1 623.7 610 599.4 588.3 581.9 573.3 568.4 563.6 559.8 560.1 561.3 567.6 572 580.7 582.6 581.6 590.5 601 611.1 625.6 637.1 646.6 659.1 670.3 682.3 694.4 705.6 720.1 731.1 741.4 750.3 756.5 760.7 762 760.3 752.7 745.3 737.9 728.3 712.8 700.9 690.7 680.2 670.7
475.1 473.6 465.2 452.9 446.6 442 437.7 437.9 438 438.3 440.5 452.9 469.6 488.5 508.4 536 566 588.4 596 606.3 617.5 627.6 635.9 641.8 646.7 649 649.2 648.7 656.9 663.1 665.2 667.5 664.8 655.1 641.3 624.3 610.8 600.1 592.8 584.9 580.5 573.6 569.2 567.7 567.8 568 569.4 570.6 576.9 590.1 599.9 611 624.5 637.9 647.2 656.2 664.8 672.8 684.3 695.3 708 718.6 730.2 739.3 747.3 751 754.8 755.8 755.7 749.8 742.1 732.5 723.4 708.1 697.6 685.2 673.9 665.1
475.8 472.3 469.7 458.4 451.2 442.2 439.1 438.8 440.8 442.7 443.9 458.1 473.9 498.7 525 551 584.9 606.5 610.3 626 638.4 647 657.8 665.5 667.5 666.4 662.7 659.6 665.5 670.2 675.4 679.9 678.3 669.6 656.2 639.8 624.1 614.6 603.9 599.3 591 588.2 583 578.3 576.5 574.9 575.7 575.5 576.8 594.9 609.1 620.7 630.8 639.7 651.7 661 667.4 675.9 685.4 695.3 706.8 717.7 727.3 736.5 744 748 751.8 753.5 751.9 747 739.5 729.2 718.7 706 692.6 681.3 676.5 676.2
477.6 474.4 471.8 461.7 451.8 444.4 439.7 440.2 440.9 445.5 449.2 465.3 484.5 504 531.6 564.5 596.9 611.2 625.8 641.9 656.4 669.5 677.4 681.5 680.8 676.9 671.4 667.4 671.8 677.7 684.6 689.4 692 687.8 673.2 657.1 642.9 631.7 621.8 611.9 606.4 602.8 597.9 590.8 589.8 587.9 587.2 583.6 578 589.8 609.5 620.1 630 640.6 652.3 660.3 667.7 674.2 683.7 693.2 703.3 713.1 723 732.7 740.5 745.3 748.8 750.7 749 744.7 738.1 730 720.3 707.3 697.8 689.3 688.2 686.9
476.6 475.5 471.5 457.8 449.2 442.8 440.1 440.7 441.6 442.9 452.2 471 491.6 511.3 541.7 576.4 611 620.7 638.8 658.8 676.5 686.1 690 690.8 687.1 679.4 675.5 672.9 677.6 685.5 692.6 699.7 703.9 703.3 692.8 676.3 663 648.8 638.7 630 622.8 615.9 611.9 605.5 602.9 600.3 599 596.8 583.1 584.6 606.2 618.8 628.5 638.2 648.6 656.7 665 672.7 680.5 688.6 698.4 708 717.5 728.8 737.4 743.7 747 748.3 747.4 743.1 737.3 728.7 717 708.6 703.8 699.6 699.3 698.9
475.8 474.4 468.8 452.2 444.5 442.4 441.2 441.7 441.9 444.1 457.7 475.5 496.9 521.3 551.4 589.2 609.8 626.9 642.5 669.2 688.4 694.6 697 696.3 689.4 681.4 677.5 676 684.6 691.1 699.2 706.8 711.2 713 709.3 699.5 684 669.3 656.2 648 639.8 631.6 625.4 620.4 616.6 612.3 608.8 605.2 597.3 585.1 600.3 614.3 624.2 634 643.9 650.7 659.5 668.2 676.1 684.2 693.8 704 713.9 724.7 735 742.1 746.2 748.5 745.8 741.5 736.6 729 719.7 712.5 710.9 711.4 710.1 711.2
472.6 470.8 459 448.6 444.8 443.8 442.7 443 444.4 447.7 463.1 480.6 501.2 524.8 556 599.8 608.7 623.4 644.4 669.2 686.8 695.4 698 692.3 682.7 676.6 670.6 678.5 684.5 689.2 698.1 705.1 711.1 714.3 717.2 712 700.6 689 675.6 666.8 659.4 650.8 643.5 639.6 634.3 623.9 617.7 612.9 606.7 596.4 591.2 605.1 619.2 629.7 638.5 644.8 651.9 662.3 671 680.3 691.6 703.1 713.2 723.9 735.6 743.7 748.6 750.2 749.9 745.8 738 732.3 725.5 720.5 718.9 720.7 721 721.6
471.2 463.7 455.5 447.8 445.9 445.5 444.8 444 443.3 452.4 468.6 486.6 503.4 528.4 561.7 596.9 604.1 620.7 643.8 661.9 676.4 680.7 681.1 677.3 668.7 664.6 660.7 670 673.8 682.7 691.3 698.3 704.2 708.5 710.7 709.4 701.6 694 686.6 680.7 675.2 667.8 661.5 656.6 648.2 640.2 633 623.5 612.4 604.6 599.4 598.5 612.1 623.9 632.1 639.4 646.9 657.3 668.6 678.3 689.7 702.9 713.8 725.4 735.9 744.3 750.8 755.3 755.8 752 741.4 737.7 730.2 728.5 730.1 729.9 729.1 731.1
470.3 461.9 454.9 449 447.8 447.7 445.6 445 443.9 456.1 472.6 488.8 506.2 532 561.3 593 603 618.3 640.2 653.2 661.9 664.5 661.3 657.3 653.1 646.6 646.7 652.3 662.2 674.3 680.5 687.1 692.9 697.2 697.3 696.4 695.3 690.8 688.3 685 680.2 678.5 676.2 670.6 664 655.7 643.2 633.8 623.4 616 609.1 604.2 604.8 615.7 625.8 635.1 643.1 655.7 667.1 676.8 686.5 700.3 712.6 724 733.8 745.8 753.5 759 760.3 757.3 750.9 743.7 737.7 736.7 740 743.8 745.6 748.3
466.8 458.9 452.6 449 449.5 448.6 446.9 445.4 445.1 460.1 475.3 488.7 510.3 534.5 561.6 586.3 598.3 615.1 629.7 645 647.9 649.9 648.4 643.7 636.3 629.9 629.2 639.1 649.7 660.2 664.7 671.7 676.8 681.3 680.8 683.4 685.6 687.1 685.7 683.4 684.6 688.2 686.3 681.6 673.6 665.3 653.7 642.4 633.5 627.9 621 615.6 610.3 611.5 618.8 627.3 638.3 653.9 663.9 675 684.2 698.3 710.3 722.8 734.6 747.2 756.3 762.7 765.1 763 759.8 754.8 747.1 748 749.1 750.2 754.1 757.4
460.9 456.8 452 451.9 450.4 450.1 451.6 445.7 452.3 462.6 473.9 489.5 509.5 533.8 562.8 579.5 591.6 607.9 623.1 637.3 637.9 637.1 634.2 625.9 618.6 613.3 606.5 622.3 632.4 641.8 648.2 653.6 654 661.7 664.5 668.9 673.3 674.6 677.4 682.1 690.6 694.4 694.3 690.4 683 673.6 664 654.1 647.9 642.8 637.7 631.6 626.6 622.1 621.1 625.8 639.2 651.8 661.4 671.3 682.4 696.3 707.7 721.2 734.2 746.9 758.1 766.2 770.1 770.2 767.4 764.3 761.3 758.3 756.3 758.2 760.3 762.7
458.1 457 454.1 452.8 451.4 451.1 449.6 446.7 454.7 465.4 478 491.3 509.3 532 556.8 570.5 584.2 596.4 615.1 626.2 625.2 624.5 615 609.7 604.1 595.2 593 603.6 614 626 634 637.1 638.4 643.7 646.5 651 657.8 665.1 671.1 682.2 693 700.2 701.5 699 692.9 683.8 677.3 669.9 664.4 657.3 653.5 645.7 639.2 632.4 628.1 629 638.7 650 659 669.7 680.1 695.7 706.9 720.1 733.8 748.1 761.5 768.8 773.4 774.8 773.4 770.3 767.9 765.2 763.5 762.8 764.7 767.2
459.4 456.9 454.9 456.5 454.3 450.2 448.8 447 458.2 468.9 480.2 492.9 509.6 529.9 550.2 562.8 575.5 587.4 603.7 608.2 607.8 603 595.1 591.5 589 580.8 577.1 588 598.5 609.8 616.5 620.5 624.4 627.3 630.6 637 646.3 654.5 669.2 681.5 694.5 702.8 707 706.2 703.6 695.8 690.7 683.3 676.2 669 662 656.2 649.3 641.8 639.1 638.7 637.9 646.8 657.4 667.5 679 694.4 705.4 716.4 732.3 746.8 760.9 770.1 776.8 779.8 778.4 776 772.9 767.9 766.1 763.9 765.5 768
459.5 457.1 457.1 457.4 453.7 450.1 447.8 448.8 458.3 469.2 481.8 495.3 509 523.9 540.8 551.6 565.3 580.3 588.5 591.5 587.4 583.8 580.5 578.3 571 564 559.8 572.7 586.3 594.6 601.1 606.5 611.6 614.5 616.4 623.3 633.4 650.3 664.1 679 692.6 705.3 713.1 717.2 715 709.5 705.5 700.1 692.1 685 674.6 665.1 658.3 652.4 651.7 651.6 651.2 655.4 662.7 670.3 680.9 691.5 704.5 716.6 731.4 743.7 757.2 769.9 778.6 782.3 782.1 778.8 773.8 769.1 765.6 762.8 762.5 762.3
460.6 459.7 460.6 457.9 454.7 451.7 448.2 450.5 458.6 470.7 482.3 495.9 507.8 519.4 531.3 537.5 553.9 566.2 571.7 569 567.9 567.3 563.3 560.2 556.4 549.7 547.1 563.4 576.9 584.5 590.3 594.3 597.6 601.6 606.2 613.7 624.9 643.7 659.8 675.3 693 708.6 720.6 727.4 726.3 722.5 718.5 713.5 705.7 697.2 686.1 676.2 668.4 663.5 661.5 661.2 663 666.1 670.5 677.1 689.1 698.6 710.3 720.9 733.1 745.2 757.1 770 778.6 784 784.5 780.6 772.7 767.8 764.9 760.1 757.8 755.9
459.8 460.3 459.7 457 454.7 451.5 449.9 453.7 459.9 468.3 481.4 494.7 503.8 515.1 522 527 541.7 550.9 552.7 551.8 549.8 549.5 546.2 545.1 542.9 531.2 538.8 555.3 567.6 575.1 579.9 583.1 587 591.5 597 607.2 622.8 638.8 658.7 675.4 694.3 711.1 726.5 733.9 735 732.1 727.9 722 714.1 705.3 694.3 683.9 676.9 672.7 671.4 671 671.7 674.3 678.5 687.1 696.5 706.2 717.1 728.6 738.1 748.6 759.4 769.7 777.8 782.5 781.6 776.6 770.9 766.3 760.6 754.8 749.5 746.5
462.5 458.1 455.4 454.8 453.1 451.6 450 454.1 458.6 468.5 480.1 490.8 500.8 508.9 510.8 517.6 527.4 531.8 533.7 535 533.7 532.2 530.3 526.3 524.6 515.2 533 543.1 555 565.2 569.8 574.1 576.8 583.5 590.3 605.6 623.1 644.7 660 679.7 699.1 714.6 729.2 738.5 740.9 738.5 733.7 728.7 720.8 712.6 703.2 694.4 689 685 682.4 682.9 683.6 685.5 689.9 697.1 704.7 713.8 723.9 733.3 741.6 751.3 759.9 767.3 774.6 779.8 778 774.2 768.8 761.9 755.2 750.5 742.6 738.8
466.4 459.3 457 454.8 452.6 451.1 450.9 454.1 458 467.1 477.6 487.8 497.9 500.2 504.1 512.8 517.7 517.6 515.5 520.4 518.2 515.9 511.9 509.1 506.3 507.8 516.6 528.3 543 552.4 557.1 561.2 565.9 573.2 588.1 607.8 623.9 645 663.6 684.5 703.1 717.8 730.4 738.7 741.1 742.7 735.7 728.7 724.1 717.3 710.1 703.2 699.5 696.5 696.5 694.8 693.8 697.2 700.8 704.2 710 716.8 725.8 734.8 742.9 751.7 759.4 767.1 773.4 776.7 775.2 771 765.6 757.2 748.9 742.9 737.7 730.9
469.7 460.5 458.4 455.2 452.2 451.8 452.2 455.8 459.6 466.9 473 483.4 492.8 493.1 496.9 504.1 504.6 502.3 499.5 501.1 502.4 498.2 494.7 491.7 493.4 496.2 501.7 513.6 528.6 540.9 545.5 546.7 562.3 574.8 591.7 608.5 624.8 646.4 668.6 687.3 704 717.9 728.3 733.7 735.5 734.1 731.4 728.8 724 719.4 714 710.9 708.2 705.8 704.7 702.9 702 704.8 706.5 708.6 711.8 716.4 724.3 733 741.1 750.6 758.6 765.8 771.8 774.4 772.1 767.7 761.1 752.9 745.7 738.2 731.4 724.1
475.1 464.7 459.5 456.3 453.2 452.5 453.5 457 461.3 464.5 467.8 476.8 487 484.5 482.3 480.9 480.3 482.5 481.5 481.3 481.3 482.5 485.3 486.3 490.1 497.5 495.8 501.5 514.5 530.6 529.6 550.9 563.2 578.7 594.1 610 630 652.8 670.3 688.2 703.1 712.2 721.2 724.9 725.1 723.6 723.2 722.2 721.2 717.7 715.5 713.6 712.6 711.5 708.8 705.6 701.7 706.3 707.8 708.8 710.7 713.9 718.8 726.3 733.7 746.1 755.4 763 769.7 772.1 769.6 764.6 758.1 750.6 741.7 735.3 728.3 719.7
478.9 473.2 462.1 459.3 454.2 454.8 456.4 458.3 460 461.1 465.9 471.2 476.3 470.8 469.7 470.4 472.5 473.4 477.6 486.4 487.8 492.5 497.9 504.3 508.7 511.3 509.1 497.9 505.4 516.7 527.1 547.5 562.3 576.8 591.8 611.1 631.8 653.7 671.4 686.8 699.1 707.9 713.7 713.9 712.5 709.4 710.5 710.8 712.8 712.1 712.9 713.1 712.6 711.3 706.2 701.8 696.9 701.1 700.8 700.6 702.1 704.8 709.6 717.1 725.4 739.2 750.2 759.7 767.1 768.7 767.6 762.1 755.4 748.4 740.8 733.2 725.9 718.2
479.1 475.1 464.9 462.6 455 455.4 456.8 458.3 460.2 460.7 462.8 463.2 464.5 466.3 469.4 477.6 483.1 486.3 491.8 495.9 499.1 502.8 510.5 518.1 519.7 524.9 522.4 514.4 500.4 512 524.3 539.6 558.8 574.5 591.9 611.2 628.9 648.5 664.9 681.7 693.6 700.6 704.6 703.4 697.9 692.8 695 698.1 701.4 703.7 706.8 707.9 707.5 703.7 698.5 694.1 689.8 689.7 689.9 688.9 689.9 694.7 701.2 709.8 717.9 729.5 741.9 753.6 762.7 766.7 765 760 754.9 748.4 741.1 735 726.8 718.9
486.7 479 470.5 462.5 456.5 455.2 457.4 458.8 459.9 461.9 464 465.6 469.6 472.2 478.9 485.2 489.7 493.3 497.9 501.4 507.2 511.9 520.4 526.7 530.7 535.7 536.4 528.8 510.8 509.9 518.7 534.7 553.6 573.8 590.4 607.3 624.5 643.2 664.6 675.5 685.6 690.2 690.1 685.9 679.2 671.2 677.5 683.8 687.6 693.2 696.2 698.9 697.6 692.7 688 683 678.8 677.6 676.6 676.3 678.9 683.8 691 703.2 713.4 724.2 736.6 749.2 759.1 765.6 766.5 763.6 759.6 751.7 744 736.6 728.7 719.8
494.1 483.3 476.7 467.2 463.8 457.2 457.6 459.3 460.3 463.9 466.2 469.3 471.9 475.8 483.8 489.7 494.3 500.3 505 512.2 516 521.9 535.1 544.5 550 548.6 549.5 541 524.1 506.6 513.9 529.2 549.9 568.3 585.2 603.4 620.2 634.8 649 662.7 671.5 674 672.9 667.9 660.7 652.3 660.8 666.8 672.6 678.7 682.2 682 679.1 678.4 676.4 672.6 667.9 666.4 663.9 664.3 666.5 673.8 684.6 698.4 710.5 723.2 736.5 750.5 762.7 770 770.3 766.8 762 756.2 746.3 738.3 731.5 723.5
497 485.7 478.3 468 459.6 455.6 456.4 459.2 460 462.8 470.4 472.9 474.6 480.5 488.5 494 498.8 506 513.5 521.9 532.5 539.8 552.5 562.9 569 570.8 564.2 552.1 537 520 510.9 524.7 542 562 577.7 594.7 610.4 625.1 636.8 646.3 650.7 655.7 653 647.4 639.8 634.3 640.4 646.4 653.4 657.7 661.5 664.2 665.4 664.1 661.9 658.3 654.2 651.3 650.2 650.9 653.5 669.5 682.6 696.9 710.3 724 739.4 755.8 767.5 773.9 775.8 771.2 766.6 758.2 748.3 741.3 735.8 727.1
501.7 489 476.5 468.3 459.2 455.6 456 457.3 459.3 463.4 471.3 474.6 477.4 485.6 492.2 499 509.6 518 526.7 540.5 551.5 563 572.7 582.4 588.8 590.2 579.4 563.9 550.1 532.6 517.7 516.2 532.1 552.9 566.1 580.2 594.1 609.9 622.5 631.1 635.9 636.6 633.9 628 623.7 618.1 623.3 629.2 633.8 637 641.2 642.7 645 647.6 647.2 644.3 640.9 637.4 636.3 632.4 650.9 668 682.9 696.6 710.8 729 744.6 759.4 772.2 777.5 780.9 777.4 771.9 763.9 756.2 747.6 742 735
502.4 491.8 479.7 468.2 460.1 455.9 456.2 457.4 458.7 465.6 472.4 476.8 480.6 490.6 498.9 507.5 519.2 532.3 546.9 560.7 571.7 583.5 593.6 602.8 611.9 609.6 596.1 577 560.4 545.5 529.4 514.4 522 538.8 555.3 567.1 579.1 593 605.8 613.6 618.8 619.3 620.2 616.2 610.4 602.1 609.8 612.1 618.5 622.4 624.9 627.5 629.2 630.7 631.4 629.5 625.9 620.7 626.8 642.2 657.5 670.7 686.6 700 715.6 734.9 750 765.3 774.5 781.5 783.8 781.4 777.1 769.5 760.3 754 746.7 738.7
498.6 491.5 480.9 469.9 460.1 457.2 456.5 457.3 458.6 464.9 475.4 478.3 485.4 494.8 504.7 514.9 528.1 545.3 562.6 579.4 593.1 603.2 615.4 626.1 630.6 625.2 610 591.8 575 559.7 542.5 527.3 517.8 518.3 539 553.3 566.3 578.5 591.3 599.9 604.9 607.2 606.1 601.6 595.9 588.6 591.1 596.5 603.6 607.7 610.1 611.6 611.7 614.4 614.2 614.4 608.8 618.4 633.4 648.4 663.3 677.5 691.5 706.3 723.7 742.2 755.9 768.4 778 785.1 788.2 785.9 782 775.4 765.6 758.3 750.4 741.8
496 488.2 479.2 471 462.6 458.8 457.3 457.1 459 465.5 472.7 482 488.3 496.4 508.2 522.3 538.2 559.2 582.4 602.4 616.4 626.2 638 647.3 650.3 641.3 623.1 601.1 585.4 568.9 555.6 543.5 528.6 521.1 525.8 536.3 547.3 561.2 574.5 584.1 590.8 592.6 591 588.4 582.8 576.5 577.5 583.6 589 591.5 593.6 593.6 593 596.5 598 598 611.6 623.7 641.9 656.5 669.7 684.3 699.1 718.4 735.5 750.1 760.7 773.1 782.6 788 791.8 789.6 785.6 779.1 769.9 759.8 751.9 743.6
492 483.5 475.9 468.4 460.8 458.1 457.1 457.9 460.2 463.6 469.9 481.2 490.7 501.7 513.9 531.8 549.7 571.7 601.7 623.4 640 649.3 658.5 665.5 668.4 659.3 634.9 609.7 591.7 577.8 566 549 538.4 530.9 526.3 525.5 531.4 541.4 553.7 564 570.5 574.1 573.5 569.6 564.4 563.8 568 571.6 575.5 579.8 577.1 578.6 582.5 590.4 595 606.4 619.3 635 649.2 662.4 676.3 692 709.9 728.4 743.7 755.8 766.9 778.8 787.1 792.2 793.6 792.4 787.9 780.5 770.8 761 752.4 743.9
489.3 479.7 472.9 465.7 460.8 457.7 457.5 458.1 459.8 465.2 471.1 481.2 494.6 503.1 519.3 535 562 582.7 610.8 634.4 650 662.2 679.8 687 686.6 669.7 643.8 620 599.1 584.1 573.4 560.5 552.2 544.6 535.5 533.3 531.3 529 535.6 544.1 550 553.8 554.3 553.1 554.1 556.5 559.9 561.5 565.7 572.4 579.2 588.2 594.6 594.8 603.1 617.4 627.7 643.2 655.5 670.4 685.2 701.9 718.4 735.4 748.3 759.5 772.1 782.3 789.9 795.4 795.9 794 788.9 779.9 770.4 761.3 753.3 744.4
