UK/data/so/so08_OST50GRID_20230518/SO08.asc
ncols 200
nrows 200
xllcorner 300000
yllcorner 280000
cellsize 50
[rows 35 to 69 of 200, columns 78 to 155 of 200]
361.3 378 383 387.8 394.8 401.7 407.6 416.4 423 427 431.7 433.2 432 432 428.9 421.7 414 404.3 399.9 403.7 418.4 424.5 416.1 408.1 403.6 397.7 391.1 382.7 372.7 362.5 361.6 362.4 360.6 361.4 366.2 367.8 369.5 374.9 377 370.4 362.1 349.6 338.9 329.7 319.3 311.7 304.5 299.9 294.2 289.4 275.7 267.3 262.3 251.8 246.1 240.7 237.7 232.5 228.5 217 207.2 199.5 193.7 190.2 188.2 176.2 187.7 201.1 209.3 218.1 218.2 213.9 210.8 210.6 208.7 203 200.2 189.6
367.2 373.2 377.1 386.2 392.8 400.6 404.9 415.2 419.9 427.6 431.5 431.9 434.4 433.6 433.3 429.3 422.1 414.1 406.5 410.8 427.5 433.7 424.7 411.6 405.3 399.2 391.9 385 375.6 364.8 365.8 366 365.1 365 369.1 369.3 370.2 373.4 374.4 369.2 359 347 335.2 324.6 315.9 310.6 304.6 298.1 293 288.3 274.9 268.2 261.3 253.3 246.7 242.8 238.4 234 227.6 217.1 212.9 204.3 195.9 196.3 191.2 174.4 191.6 202.1 209.3 215.4 217.7 213.5 210.6 210.3 207.1 201.6 197.8 189.7
366.4 366.8 365.8 380.3 390.4 395 399.2 411.9 417.4 421.4 425.1 428.3 429.5 433.8 436.3 435.6 429.4 417.5 411.1 417.3 433.7 436.2 427.8 415.2 406.8 401.8 393.4 387.9 378.6 369.7 370.3 369.5 368.9 369.9 372.6 374.5 375 373.7 372.2 366.3 356 342.1 330.2 323 316.2 310.6 302.1 295.6 290.8 286.3 275.2 269.6 263.1 254.9 249 242.6 238.9 232.2 226.7 221.5 214.3 204.5 201.6 198.9 192.1 172.8 194.1 203.3 207.9 212.1 216.2 213.1 210.7 208.6 207.4 198.9 193.4 184.7
357.5 353.5 349.1 366.1 386.3 389.1 395.4 403.7 408.2 412.3 416.7 423.7 429.5 434.9 435.9 436.4 432.8 423.1 414.5 419.5 436.5 437.6 431.3 420.2 410.8 403.6 396.6 389.5 380.9 376.3 374.2 373.5 374.7 375.5 377.8 380.4 379.3 375.9 370.5 363.8 351.9 337.6 330.6 325.1 317.3 310.5 304.1 293.8 288.1 284.8 277.8 274.2 263 256.7 250.5 244.1 238 232.4 226.3 220.1 213 206.8 203.2 200.1 192.2 176.8 195.5 204.1 207.9 211.3 214.7 216.4 214.5 211.1 204.9 196.1 189.9 182.2
339.9 339.2 332.6 351.4 377.4 381.7 387.5 393.7 390.4 395.9 405.9 418.2 426.5 431.6 435.1 436 433.1 424.5 415.5 418.5 435.3 441 436.8 427 415.9 407.5 399.7 392.2 383.9 380.5 378.9 382.6 382.5 383.8 385 385.8 385.7 382.9 377.1 368 350.6 338.2 331.7 325.6 318.6 311.7 305.6 292.7 288.7 283.8 278.9 272.4 264 257.6 252.9 247.3 240.2 233.5 228.5 221.8 213.3 209.2 204.7 200.2 191.6 186.6 201 207.1 209.8 215.6 219.1 220.4 220 215.1 208 197 191.4 184.4
318.5 321.6 319.7 339.2 363.3 368.7 373.2 373.4 373.6 378.8 397.4 414.3 421.9 426.8 431.3 430.3 428.5 424.3 413.3 415.6 434.5 443.1 440.8 432.7 421.9 412.1 405 396.1 389.2 386 387.6 392.6 392.6 392.9 393.3 392.9 392.9 387.6 379.2 365.6 350.6 343.2 335.6 327.5 320 312.8 305.4 297.7 289.6 284.8 279.8 274.1 265.9 260.2 254.4 250.6 246.6 237.4 230.1 225.3 219.2 212.3 206.4 199.4 181.8 190.3 200 209.6 215.8 219.6 224 225.4 223.4 217.6 209.9 201.6 192.5 183.5
290.1 295.9 306.8 322.1 340.5 345.3 356.1 355.7 355.8 368.1 389.5 404.1 413 418.7 423.6 424.1 421.9 419.2 410.7 414.7 432.8 445.8 446.1 438.8 426.8 415.2 410.3 402.2 394.7 393.7 398.7 401.8 400.9 401.3 401 401.5 399 390 377.2 362.5 350.5 340.8 332.4 326.2 319.3 313 305.8 300 291.9 285.6 279.5 273.1 267.3 261.6 256.2 251.9 248 236.3 233 226.1 221.1 216.9 207.9 193.1 185 189.9 203.8 212.6 222.9 227.2 228.4 227.8 225.2 219.3 210.8 202.1 189.9 184.6
260.2 277.1 293.1 299 312.7 322.6 330.7 333 339.2 357.9 372 390.6 398.7 406.3 413.8 415.5 412.9 411.3 406.1 414 433.6 446.7 448.6 442.3 431.1 420.7 415 407 401.8 403.5 407.3 409 406.3 405.9 405.6 403.6 398.7 388.2 375.3 359.3 347.9 341.3 332.5 324.6 317.4 312.4 305.3 297.6 291.5 285.9 280.7 275.7 269.4 262.5 257.5 251.5 246.7 241.2 237.1 229.7 223.2 217.5 204.6 190 182.5 194 212.6 220.6 231.6 232.9 232.9 229.9 224.8 218.6 211.6 208.6 201 190.2
243.3 258.6 274.4 278.7 286.4 295.4 307 308.4 322.2 341 352.6 369.5 381.3 394.1 404.2 405.3 404.6 402.8 404 414.3 436.9 448.6 452.3 447.1 436.5 425.8 419.8 413.8 408.1 409.6 412.4 413 410.7 408.2 406.3 402.9 397.7 386.7 373.2 353.3 341.9 337.3 329.9 323.4 316 310.3 304 296.7 290.4 285.4 280.4 276.2 270.9 266 259.6 252.3 247.7 244.2 239.7 233.3 225.3 216.9 199.8 188.5 194.9 195.8 218.9 227.1 234.1 236.7 234.7 228.5 222 218.3 217.6 214.1 205.4 190.6
248.1 253.5 263.2 269.1 279.2 284.9 285.7 294.5 304.7 322.5 335.3 348.2 363 379.1 392.9 396 396.2 396.9 402 416.1 439 449.5 455 449.9 438.4 428 424.5 418.8 414.4 415.4 417.3 416.8 412.3 407.9 405.7 402.1 396.8 384.6 369.5 351.1 338.9 332.3 326.1 320.1 311.5 304.7 300.7 294.6 287.9 283.1 278.5 274 269.9 265.6 259 253.5 249.3 245.4 240.4 233.7 224.9 211.4 194.6 200.9 206.4 195.6 227.8 234.1 234.9 233.5 229.5 224.1 220.6 222 222.3 213.4 205.2 192.8
257.9 251.4 268.8 277.5 280.8 283.9 292.2 298 304.4 308 319.3 334.5 344.2 362.3 377.1 381.5 386 391.7 398.7 415.7 437.9 447 450.1 448.5 438.9 429.4 429.6 422.6 418.7 418.3 418.1 415.1 408.5 402.3 400.1 396.2 387.7 376.6 364.9 350.8 339.1 329.6 323.5 318.3 310.2 304.1 297.6 291.2 285.7 280.5 273.9 271.1 267.8 263.1 258.2 253.6 249.3 244.9 238.8 223.8 213.1 203 205.4 216.1 206.8 203.5 236.1 234.6 232.2 230.9 230.5 228.1 226.7 225.6 219.9 210.7 202.7 192.3
278.9 274.3 263.8 271.5 276 287.8 294.8 303.4 315.8 322.5 328.9 333.3 334.6 345.2 355.1 366.6 377.7 389.9 396.9 412.6 435.5 444.7 447.9 445.8 437 431.2 428 424 416.9 414.3 408.4 403.3 397.8 396.2 394.7 389 383.6 375.7 358.7 348.7 338 328.3 319.1 311.6 307.7 301.9 292.3 287 282.7 276.4 271.8 268.3 264 253.1 250.5 249.8 250.9 247.3 238 216.3 202.6 209.2 221.3 221.9 209.6 211.6 230.7 231.9 236.2 237.8 236 233.5 230.1 226.7 216.1 208.9 203.2 193.7
305.1 290.9 293.1 285.3 276 288.6 307.8 323.6 338.7 349.1 354.2 355.2 350.7 352.7 366.1 376.2 388.2 390.3 394.8 411.6 431 441 445.5 443.5 435.7 430.1 426.8 419.3 409.1 401.8 397 392.3 385.1 384.1 382 382.5 378.6 368.2 354.7 344.3 334.6 322.8 313.8 306.2 302.4 297 288.6 283.5 279.8 275.1 271.3 265.3 251.5 237 233.2 242.8 252.7 250.1 234.4 208.1 214.5 224.9 229.4 224.8 211.8 213.8 231.6 238.4 241.8 239.8 238.8 234.3 228.4 221.6 212.5 204.8 201.1 195.6
315.9 304.2 300.4 297 284.1 303.1 326.6 345.9 355.9 360 364.2 368.3 369.3 361.4 375.1 383.4 391.5 391.5 396 416.3 433 439.8 442.6 440.3 434 428.2 425.4 414.6 401 393.4 387 382.1 379.3 373.5 373.8 371.1 365.6 354.4 346 338.2 326.5 314.9 308.4 304.2 300.1 294.8 288.7 281.2 276.7 273.3 268.6 258.2 241.2 233.1 242 232.2 233.7 235.2 224.7 223.9 228.6 235.7 234.3 224.9 210.5 211.9 238.9 240.5 241.6 239.9 236.1 230.8 224.7 215.5 207.2 200.8 197 192.9
320.5 313.3 306.9 304.3 288.5 312.2 342.3 356.1 361.3 366.2 372.2 377 380.3 379 375 384 388.9 391.6 397.5 417.7 433.3 439.2 443 440.9 433.6 424.6 420.5 405 393.6 382.9 379.5 376.4 373.4 366.5 363.1 359.3 352.6 343.4 335.6 328 320.1 311.9 304.5 300.4 298 294.5 288.9 280.3 272.8 263.5 253.3 241.6 245.5 250.7 256.4 255.1 243.8 232.7 230.7 231.6 239.9 241.6 236.7 228.6 213 204.4 238.2 243.1 245.3 241.8 236.4 226.8 216.9 208.6 200.9 194.9 190.1 186.1
324.3 320.3 314.1 304.4 292.5 317.4 345.9 361.6 369.4 373.5 376.1 381.5 384 385.2 387.7 389.3 391.3 392.9 398.3 419 433.1 437.4 445 440.4 430.9 422 416.2 397.1 383 375.2 373.2 371.5 368.5 362.6 356.1 352.4 342.8 335.9 328.5 323.7 315.7 308.7 302 295.1 294.7 292.5 289 279.6 270.3 254.4 248.3 254.6 257.7 260.1 261.5 261.2 253.4 247.8 242.4 245.7 246.5 243 236.3 226.2 217.5 204.5 242.1 249.7 246.8 239.2 230 222.3 212.8 201.6 202.1 200.2 196.4 194.8
332.4 326.1 316.7 304 300.9 313.5 341.5 362.3 364.9 366.7 374.9 385.4 391 396.6 398.5 396 395 396.3 400.7 417.7 429.6 438 444.4 439.2 426.8 416.3 410.8 391.5 376.3 370.2 369.6 366.2 362.3 358.2 351.4 345.9 336.7 328.1 320 315.2 311.1 305.3 299.4 291 287 284.8 281.1 275.8 264.9 255.9 264.4 271.2 270 268.8 266.7 262 255.7 252.3 250.7 251.5 247.3 242 233.3 226.7 218.7 209.6 247.2 252.6 247.2 238.3 226.7 215.6 213.4 212.1 211.5 206.6 203.8 201.7
338.1 331.4 324.2 313.7 310 325.4 332.4 346.4 355.9 360.4 373.1 390.9 397 398.7 399.1 397.7 396.4 397.9 403.8 417.6 432.5 442.8 448.3 436.1 417.9 410.9 402.2 382 369.4 366.5 365 361.1 357.5 353.3 348 338.1 332.2 325 316.5 309.9 305.2 301.2 295.4 286.7 282.2 278.4 273.7 267.8 261.1 270.5 274.7 276.7 276.4 274.9 272.1 266.7 261.8 258.4 255.6 252.1 247.7 241 232.1 226.3 215.6 218.2 251.7 251.9 247.5 236.1 225.3 215.5 218.7 217.8 218.2 214.5 215.7 212.4
339.5 334.8 328.4 321.5 318.1 330 335.1 343.1 350.6 356.5 367 389.4 399.1 404.7 403.4 399.3 398.4 400.4 409.9 428 437.6 445.6 442.9 421.5 407.6 400.5 390.4 374.4 367.7 363 359.7 353.9 354.5 348.9 346.2 333.7 327.2 322.1 318.4 308.8 302 293.9 289.9 282.3 277.5 271.8 267.9 264.9 271.9 277 279.8 281.1 284 283.1 278.6 272.4 266.7 262.6 258.8 252 246.1 238.6 231.1 220.5 208.8 226.9 254.1 254.6 247 235.1 226.1 221.7 222.7 222.5 224.5 223.5 225.2 224.8
345.5 341 333.3 323.9 323 328.8 337.6 344.3 351.2 357.9 364.8 377.3 393.7 404.7 402.6 401.5 400.4 402.6 412.3 430.3 434.6 436.2 423.1 406 398 390.1 380 373.1 368.4 361.8 356.9 349.6 347.7 342.8 339.1 328.7 325 320.3 316.2 308.2 299 288.9 283.9 278.3 275.2 273.5 274.8 277.1 280.2 284.2 286.3 288.5 290.6 287.1 280.9 275.1 268.1 263.3 258.1 251.2 243.6 233.5 225.8 216.9 211.7 243 257.9 253.4 244.2 233.7 225.8 230.3 225.8 228 227.5 230.4 233.3 230.8
358.8 354.2 345.1 332.7 329.7 331 337 351.8 358.5 362.8 364.2 369 383.1 399.6 400.1 397.9 398.8 401.7 412.8 426.4 426 420 406 394.6 388.6 381.2 372.2 368.2 364.3 359.8 354.9 351.4 343.3 340 335 326.9 307.6 308.4 305.4 296.8 292.9 288.1 290.2 289.7 286.2 286.7 285.9 286.4 286.8 289.6 293 294.5 291.7 286.2 280.3 274.1 267.3 261.5 257.2 249.8 241.4 229.7 217.7 206.9 227.1 249.9 257.6 253.7 245.3 236.7 232.1 231.9 231 235.6 235.1 237.6 239.7 237.4
374.4 367.5 355.7 337.3 337.1 340.2 342.7 355.4 360.2 359.1 362.1 367.5 373.3 386.3 390.1 393 397 402.3 412.7 420.5 418 402.4 391.1 381.5 376.2 370.4 364.3 362.2 358.9 355.4 349.9 345.2 341.9 338.5 336.5 330.7 310.5 319.5 314.8 308.9 298.9 300.6 300.7 299.3 297.9 295.2 291.6 291.4 290.6 293.4 296.5 295.8 289.6 283.7 277.3 271.9 265.2 260 255.5 249 233.1 218.9 211.5 216.6 237.3 257.8 262.5 258.3 250.9 243.7 242.4 235.8 237.1 240.2 243.4 247.5 247.1 242.7
387 375.4 359 356.1 354.3 354 354.7 359.9 362.7 365.8 368.8 375.3 383.8 384.6 389.6 395.1 400.5 403.8 415.2 422.1 419.6 413.7 404 397.9 392.7 387.8 380.6 371.4 359.3 355.8 350.9 353.6 345.2 338.7 321.7 323.9 326.5 321.7 316 312.1 307.9 309 311.1 310.3 307.6 302.5 296.4 293.4 292.1 294.5 296.5 292.7 287.1 279 274.5 269.1 263.1 259.1 252.2 235.1 216.3 211.3 209.3 229.1 244.5 265.2 266.9 264.1 257.9 252.9 248.4 244.1 252.2 249.7 251.8 254.5 249 241.4
395 382.3 352.1 364.3 363.3 361.2 362.2 373.4 384.3 385.8 386.8 392.3 393.7 394.6 396.4 400.5 405.5 409.2 418 429.6 432.5 431.1 425.4 418.7 413.9 408.3 400.1 382.4 364.6 362.2 359.8 357.5 355.1 346.1 330.3 340.3 335.2 328.4 325.3 323.7 322.7 324.3 325.1 321.2 316.1 305.2 296.2 293.3 292.6 291.9 292 287.8 282.7 276.9 272.4 267.7 261.7 253.3 239.3 219.9 213.7 210.9 225.4 238.4 256.8 270.9 271.8 269.4 264.2 261.5 257 255.1 258.5 261 258 252.6 246.5 237.3
402.4 386.3 362 370.2 368 368.6 374.5 390.9 395.6 396.8 397.5 401.7 399.9 401.6 405.2 411.4 414.9 417.7 423.9 438.1 442.9 449.1 448.7 437.9 429.8 421.9 409.9 382.2 370.5 365.4 362.6 360.4 356.4 343.9 342.1 346.8 344.2 341.7 341.7 335.6 336.2 337.6 334 327.8 319.1 308.2 296.7 292.5 290.1 287.7 285.7 282.7 277.3 271.9 267.9 261.3 253 237 218.8 220.7 227.7 236.5 242.4 250.4 267.7 278 278.4 273.8 270 268.2 265.3 264.1 264.4 261.9 257.1 249.3 241.8 233.4
403.9 388.6 379.9 378.8 376.2 377.9 386.8 400.7 402 402.1 405.2 409.1 413.9 414.5 416.7 422.9 427.6 428.2 434 444 449.5 455.4 454.5 446.8 437.4 429.9 412.4 386.8 374.8 368.9 365.6 363.7 359.2 349.2 351.7 353.5 352.9 353.8 353.4 347.4 349 346.2 339.9 328.3 316.6 307.6 297.5 291.3 287.3 283.1 279 275.2 269.1 264.6 259.4 250.9 231.1 221.6 232 236.1 238.1 243 249 257.5 275.5 284 284.8 276.3 277.4 275 271 268.5 266.9 261.4 255 244.5 237.3 228.3
404.2 389.5 390.4 390.3 385.5 386.8 396.8 405.8 411.9 424.4 425.2 429.3 434.2 433.9 432.1 434.7 439.1 441.9 447.5 451 454.1 460.6 461.4 452.7 443.4 435.6 416.9 390.8 376.6 372.4 369.6 367.9 364 352.4 357.9 358.4 358.6 362.1 361 360.7 357.7 351.5 343.3 327.6 315.6 306.4 295.9 290.5 285.2 279.5 274 267.2 262.7 255.6 247.1 230 223.8 235.9 237.1 239.9 243.6 250.3 255.6 267.1 282.3 288.5 284.9 282.8 283 277.9 273.3 270.2 265.5 260.8 251.1 240.5 233.6 224.5
404.9 392.3 389.2 396.4 394.8 395.4 405.6 417.3 429.6 433.6 434.9 440.7 442.9 442.1 442.3 448.7 451.7 453 457.4 463.3 463.6 467.7 467 457.7 449.8 439.9 419.7 392.3 381.6 377 374.5 374.4 367.5 364.3 362.9 362.5 363.5 371.3 369.6 369.7 362.5 354.8 344.2 328 315 305.2 296.9 290.1 283.5 276.8 272 265.4 254.7 245.1 228.6 235.6 242.3 241 240.6 244.4 249.5 255.4 263.6 281.2 290.3 290.7 289.8 292.7 287.6 280.4 274 268.9 264.2 258.6 243.6 235.5 227.2 217.3
409.6 397.2 399.1 400.6 402.2 408 417 427.5 435.9 439.1 443 448.2 450.8 451.2 453.7 459.4 461.6 462.3 466.1 469.3 471.2 474.5 470.7 462.7 454 442.3 420.5 395 385.6 381.4 381.4 378.9 373.8 370.9 368.2 367.8 370.1 376.2 380.1 373.1 365.3 356.2 343.2 325.7 310.4 301.9 295.9 287.9 283 275.1 269.2 261.9 242.7 231.1 243.1 246.2 247.3 246.9 246.7 249.8 255.3 261.8 275.1 289.6 293.9 294.9 296.9 298.3 290.8 281.2 271.4 264.9 258.8 251 236 227.4 220.1 216.9
413.9 404.7 404 403.5 408.2 412.5 429.3 437.5 444.3 448.7 451.4 454.3 456.6 459.1 463.6 466.8 467.7 471.6 471.7 476.6 478.2 477.8 475.6 466.2 455.8 440.7 416.6 398.6 393.2 387.8 388.8 382.3 378 375.4 373.7 373.9 378.1 386.5 384.5 375.9 367.1 355.4 338.1 318.2 306.9 299.7 288.4 282.8 277.1 270.7 261.7 247.3 230.9 242.7 252.5 254.2 254 252.2 252.4 256.9 263.4 269.5 285.2 295.8 299.4 302.1 305.3 298.5 288.5 278 265.4 255 248.2 239 229 222.9 220.8 222.1
416.3 410.6 411.5 408.9 413.4 418.9 436.1 445.8 452.9 457.5 461.2 463.8 465.4 469.1 471.6 472 474.3 476 476.9 480.2 482.5 480.4 475.5 467.3 453.7 437.5 412.7 399.8 397.2 395.1 387.1 383.5 379.9 379.3 381.3 383.9 390.5 395 387.1 378.1 367.8 351.6 332.8 314.6 303.1 294.5 287 278.3 273.7 265.6 255.1 239.2 242.4 244.5 252.1 259.3 259.9 259.5 261.7 266.3 269.2 280.3 294.2 300.7 305.4 304.6 300.1 293.5 283.8 266.5 253.7 246.3 236.1 231.1 226.9 227.8 228.4 234.3
420.6 423.9 420.1 420.1 423.5 425.9 443.7 452.3 459.3 466.1 469.3 470.5 472.8 476.9 478.8 479 479.4 480.7 483.3 483.7 486.2 482.7 477.3 465.2 451.3 433.5 410.5 401.7 399.8 393.5 387.8 384.5 381.4 383.4 387 395.9 405.4 398.5 388.8 377.5 365.5 348.7 329.8 310.2 298.7 290.4 282.7 275.8 271.1 263.4 244.4 237.8 247.5 256.8 256.8 263 267.9 270.1 274.3 274.3 278.1 289.5 299.4 304.6 305.5 300.1 292.9 283.6 268.3 250.8 245.6 240.6 242.7 234.8 234.7 233.6 239 253.5
439.8 438.1 441.6 446.2 449.3 442 446.5 456.7 464.4 471.4 475.3 477.9 479.9 483.4 485.2 483.8 485.6 488.1 489.4 486.9 487.9 484.2 476.9 463.3 447.6 427 409.7 404.4 397.2 393 388.9 386.3 385.9 389.6 399.2 410.1 409.7 401.4 387.2 376.9 363.1 343.9 321.9 305 293.4 285.8 278.6 274.1 266 254.9 237.5 245.9 252 259.7 261.3 268 273.2 277.3 279.6 283.5 288.3 296.8 300.7 303.9 300.4 294.2 285.7 268.8 251.7 251.6 252.3 261.7 255.3 244.1 244.3 245.7 257.8 277.1
458 454 455.3 461.9 464.8 459.2 446.6 461.6 469.6 475.7 481.1 483.7 485.9 488.2 490.1 490.7 490.6 494.2 493 490.8 489.1 485.2 476.6 456.1 443.1 422.3 408.1 400.3 395.3 391.9 388 388.3 393.2 404.1 412.8 418.2 413.4 399 385.9 375.4 357.2 336.5 315 300.8 289 280.6 275.2 269.9 258.6 240 246.4 255.8 261.9 264.8 267 272.8 278.8 283.2 285.9 290.5 296.4 303.6 301.6 300.8 295.4 288.9 276.3 263.2 269.2 269 270.4 268.5 258.1 255 254.7 269.2 284.5 289.4
465.8 464 469.2 471.7 471.4 471.6 464.7 463 474 480.6 485.3 488.1 490.6 492 494.9 495 497.2 500.4 496.4 495.7 492.5 487.9 477.2 458.3 444.4 417.2 405.4 399.7 395.8 392.1 392.3 396.6 409.6 417.9 425.1 424.3 412.6 395.4 385.7 370.4 350.5 328.8 311.7 298.7 285.5 278.7 272.9 262.1 245 249.1 253.8 257.8 263.1 270.1 274.2 279.5 284.1 286.9 291.9 298.5 302.5 311.1 303.3 298.3 292.9 284.2 264 276.7 281.6 280.8 280.7 276 265.6 268.7 276.9 290.7 296.9 295.7
