UK/data/tq/tq91_OST50GRID_20230518/TQ91.asc
ncols 200
nrows 200
xllcorner 590000
yllcorner 110000
cellsize 50
[rows 0 to 37 of 200, columns 85 to 169 of 200]
1.6 2.5 2 2.2 1.5 2.1 2.4 2.4 1.9 2.2 0.4 2.3 2.4 2.6 2.7 2.3 2 2.4 2.7 2.7 2.7 2.7 2.4 2.4 2.7 2.7 2.8 2.7 2.2 2.3 2.1 0.8 2.2 2.6 2.7 3 2.5 3.2 2.2 2.3 2.3 2.4 2.5 2.6 2.8 2.2 2.1 2.2 2.3 2.4 2.4 2.4 2.2 2.1 1.7 2.2 2.1 2.3 2 1.9 2.1 2.3 2.5 2.8 2.7 2.7 2.6 2.7 2.6 2.6 2.5 2.5 2.5 2.5 2.5 2.4 2.6 2.8 2.9 2.8 2.7 2.5 2.6 2.6 1.6
1.7 2.4 2.5 2.5 2.6 0.4 2.1 2.2 2.3 2.4 2.2 2.3 2.3 2.4 2.5 2.4 2.3 2.5 2.7 2.6 2.6 2.5 2.4 2.3 2.3 2.5 2.6 2.6 2.5 2.6 2.6 2.1 2.2 2.5 2.8 2.8 2.7 2.9 3 3.2 0.9 2.3 2.4 2.6 2.6 2.2 2.3 2.4 2.3 2.4 2.5 2.4 2.3 2.3 2.3 2.5 2.3 2.3 2.2 2.2 2.3 2.5 2.8 2.8 2.7 2.8 2.6 2.4 3.1 2.6 2.6 2.6 2.6 2.5 2.4 2.6 2.4 0.9 3 2.8 2.7 2.5 2.4 2.4 2.7
2 2.3 2.4 2.3 2.3 3.1 2.4 2.1 2.1 2.3 2.4 2.3 2.3 2.3 2.3 2.3 2.2 2.6 2.8 2.6 2.5 2.4 2.4 2.2 2.3 1 2.5 2.5 2.5 2.6 2.6 2.2 2.1 2.4 2.7 2.6 3 3.1 3 3.1 3 3.5 3.2 1.4 2.4 2.3 2.4 2.4 2.4 2.4 2.6 2.5 2.3 2.4 2.6 2.4 2 2.1 2.2 2.3 2.4 2.6 2.8 2.6 2.7 2.8 2.6 2.5 2.5 2.8 2.7 2.6 2.5 2.5 2.4 2.4 2.4 2.4 2.6 2.8 2.6 2.6 2.5 2.5 2.6
2.2 2.3 2.3 2.4 2.6 2.6 2.7 2.1 2.2 2.4 2.5 2.3 2.3 2.3 2.3 0.9 2.2 2.3 2.2 2.2 2.2 0.9 2.3 1.2 2.2 2.3 2.4 2.4 2.5 2.6 2.6 2.1 2 2 2.1 2.2 2.7 3 2.9 2.9 3 3.3 3.2 3.2 2.6 2.4 2.3 2.3 2.5 2.4 2.6 2.7 2.4 2.4 2.3 2.3 2.1 2.1 2.2 2.3 2.3 2.3 2.7 2.8 1.3 2.7 2.7 2.6 2.5 2.7 2.6 2.6 2.5 2.5 2.5 2.4 2.4 2.4 2.7 2.8 2.8 2.6 2.6 2.6 2.5
2.5 2.3 2.3 2.3 3.5 2.8 3.1 2.4 2.2 2.3 2.4 1.9 2.3 2.1 2.2 2.2 2.3 2.4 2.3 2.3 2.3 2.5 2.4 2.3 2.3 2.3 2.3 2.4 2.5 2.5 2.5 2.2 2 2.1 2.2 2.4 2.8 3.1 2.8 2.8 3 3.2 3.5 3 2.4 2.3 2.2 2.8 2.9 3.3 2.6 2.9 3 2.6 2.1 2.2 2.1 2.1 2.2 2.3 2.3 2.5 2.7 2.8 2.6 2.6 2.6 2.6 2.7 2.6 2.6 2.5 2.5 2.6 2.5 2.5 2.4 2.4 2.5 2.9 3.1 2.9 2.8 2.7 2.5
2.7 2.6 2.6 2.6 2.3 1.8 2.8 2.6 2.2 2.2 2.3 1.8 1.5 1.4 1.6 2.5 2.3 2.4 2.3 2.3 1.1 2.4 2.4 2.4 2.4 2.3 2.3 2.4 2.5 2.5 2.5 2.2 3 2.5 2.4 2.6 2.9 3.2 3.2 2.3 2.8 2.6 1.6 3.1 1 2 2 0.4 2.1 2.1 2.1 2.5 2.6 3.3 1.7 2.9 2.8 2.8 2.7 1.1 2.9 2.8 2.7 2.8 2.6 2.6 2.6 2.6 2.7 2.6 2.5 2.5 2.4 2.6 2.5 2.5 0.9 2.7 2.8 2.7 2.7 2.5 2.4 1.9 2.5
2.3 2.3 2.3 3.4 3.7 2.2 2.3 3.1 2.5 1.8 2.2 2.6 1.7 2.5 2.4 2.4 2.5 2.3 2.3 2.3 2.3 2.4 2.3 2.3 2.2 2.1 2.2 2.4 2.4 2.5 2.5 2.2 2.2 2.8 2.7 2.6 2.5 3.6 3 3 3 3.1 3.2 2.3 2 2.9 0.4 2.3 2.3 2.4 2.4 2.6 2.5 2.8 2.4 2.5 2.8 2.7 2.7 2.6 2.9 3 2.8 3 2.8 2.6 2.6 2.6 2.7 2.6 2.5 2.4 2.2 2.4 2.5 2.6 2.6 2.7 2.7 2.7 2.6 2.3 2.4 2.4 2.4
2.3 2.3 2.9 3.1 3.4 3.1 2.4 2.5 2.9 2.4 2.2 2.5 2.5 2.5 2.4 2.5 2.4 2.3 2.3 2.3 2.3 2.2 2.4 2.1 1.6 2.3 2.3 2.2 2.2 2.7 3.1 2.8 3.7 3 2.6 3 2.5 2.8 2.8 2.9 2.9 2.9 3.1 3.1 2.1 2.3 2.5 2.6 2.6 2.8 2.8 2.7 2.7 2.9 2.9 2.6 2.8 2.7 2.8 2.8 3 2 2.3 3.1 2.8 2.6 2.6 2.6 2.6 2.5 2.2 2.4 2.5 2.6 2.6 2.5 2.6 2.6 2.6 2.4 2.5 2.3 2.4 2.4 3.7
3.6 4.3 3.4 3.3 3.6 3.4 2.6 2.3 2.8 2.5 2.2 2.5 2.5 2.5 2.5 2.5 2.4 2.3 2.2 2.3 2.3 2.2 2.2 2.2 2.3 2.4 2.4 2.5 2.5 2.5 2.7 2.6 2.4 2.4 2.3 2.5 2.3 2.8 2.7 2.8 2.9 2.9 3 3.1 0.4 2.7 2.8 2.8 2.9 3 2.9 2.8 2.7 3.1 3.4 3.2 1.8 2.8 2.8 2.8 2.2 2.3 3.8 3.1 2.7 2.6 2.6 2.6 1.4 2.2 2.4 2.2 2.3 2.6 2.6 2.5 2.4 2.4 2.3 2.2 2.5 2.3 2.3 1.9 2.7
5.1 4.6 4 3.7 3.6 4 3.2 2.5 2.3 3 2.5 2.6 2.5 2.5 2.5 2.5 2.3 2.2 2.2 2.3 2.3 2.3 2.2 2.3 2.4 2.4 2.5 2.5 2.5 2.6 2.6 2.5 2.4 2.4 2.4 2.2 2.2 2.8 2.7 2.7 2.8 2.7 2.4 2.2 2.6 3.1 3.2 3.1 3.1 3 2.9 2.8 3 3.2 3.4 3.2 2.5 2.2 2.9 2.6 2.5 2.6 2.7 3 2.7 2.6 2.6 2.1 1 2.1 2.5 2.4 2.2 2.5 2.4 2.5 1.5 4.1 0.9 1.2 1.1 2.2 2.3 2.2 2.4
5.5 5.7 4.9 6.1 3.9 4.5 4.4 3.2 2.7 2.5 2.5 2.7 2.7 2.6 2.6 2.6 2.4 2.3 2.3 2.3 2.4 2.3 2.2 2.4 2.5 2.5 2.5 2.5 2.5 2.5 2.6 2.5 2.5 2.4 2.2 2.2 2.3 2.6 2.6 2.7 2.8 2.7 2.4 2.1 2.7 3.1 3.1 3.1 3.1 3 2.9 2.8 3.1 3.3 3.3 3.1 2.6 2.4 2.6 2.4 2.8 2.7 2.6 2.8 2.8 2.8 2.2 1.6 1 2.4 2.6 2.4 2.3 1.8 0.8 2.2 2.1 2.1 2.2 2.2 2.2 2.3 2.2 2.4 2.7
3.7 4.7 6.2 7.1 8.9 9 4.7 3.9 2.8 2.5 2.5 2.7 2.8 2.7 2.6 2.6 3.1 2.4 2.4 2.5 2.9 2.4 2.7 4.6 3.1 3.1 2.4 2.6 2.5 2.5 2.6 2.7 2.3 2.2 2.2 2.3 2.4 2.5 2.5 2.5 2.6 2.4 2.1 2.8 2.9 3.1 3.1 3.1 3.1 3 2.9 2.8 3 3.2 3.4 3 2.5 2.7 2.8 2.5 2.8 2.8 2.6 2.6 2.9 2.6 2 1.4 1 2.4 2.6 1.7 1.5 2.3 2.3 2.1 2.2 2.2 2.3 2.3 2.2 2.3 2.3 2.4 2.6
3.7 3.8 4.2 3.8 4.3 7.9 8.9 10.7 6.6 3.3 2.7 2.6 2.6 2.7 2.7 2.7 3 2.6 2.5 3.2 3.3 2.5 2.8 3.3 2.9 3.6 4.7 2.6 2.6 2.8 2.9 3.5 2.5 3 2.1 2.2 2.3 2.7 2.5 2.2 2.1 2.9 0.4 2.9 2.9 3 3 3.1 3.1 3 2.8 3 3 3.2 3.3 3.4 2.7 2.7 2.8 2.5 2.6 2.6 2.3 2.5 2 1.4 1.3 1.9 2.3 2.2 0.9 2.3 2.3 2.2 2.2 2.1 2.3 2.3 0.4 2.3 2.3 2.3 2.3 2.2 2.5
3.2 2.8 3.6 3.7 4.2 4.1 4.9 8.1 9.9 6.4 4.1 2.9 2.9 2.5 2.6 2.5 2.7 2.3 2.8 3.2 3.8 3.2 3.3 2.7 2.8 2.8 2.8 3.3 3.5 2.9 2.6 2.8 3 2.9 2.8 2.5 2.4 2.9 2.3 0.4 2.5 3.2 3.3 3.1 2.3 2.3 2.7 2.8 2.8 2.8 2.6 3 2.7 2.8 2.8 3.2 3.1 2.7 2.6 2.5 2.6 2.7 2.9 2.8 2.4 2.7 3.8 0.7 2.1 2.2 2.2 2.2 2.3 2.2 2.1 0.7 2 2 2.2 2.2 2.2 2.4 2.5 2.1 2.4
3.4 3.2 3.4 3.7 4 4.3 4.8 3.9 7.7 9.2 9.9 4.7 3.7 2.9 2.5 2.4 2.7 2.9 3 2.1 3.4 2.8 3.5 3.3 2.7 2.8 2.9 2.3 3 3.3 3 3.3 2.9 2.7 2.8 2.8 2.3 3.1 2.4 2.5 2.8 3.2 3.3 3.1 2.4 2.5 2.4 2.4 2.4 2.4 2.8 2.4 2.6 2.5 2.5 2.5 2.5 2.5 1.2 2.5 1.9 2.4 1.3 2.2 2.3 2.1 2.2 2.1 0.6 0.6 0.6 0.6 1.3 2 2.1 2.1 2 2 2.1 2.1 2.2 2.3 2.5 2.1 1.3
-2.4 3 4.1 2.7 2.8 4.1 2.9 5.7 4 7.1 9.8 11.8 7.2 4.8 4.2 2.5 2.8 2.9 2.9 3.1 3.1 3.5 3.5 3 2.7 3 3.1 3.4 2.5 2.8 3.5 3.6 2.5 2.6 2.6 2.6 2.3 2.4 2.3 2.7 3 3.2 3.2 3 2.5 2.7 2.7 2.7 2.8 2.8 2.7 1.4 2.7 2.7 2.7 2.7 2.6 2.6 2.9 2.5 2.7 2.1 2 2 2.2 2.1 2.1 2 2.7 2.3 2.2 2 2.1 2.3 2.3 2.2 2.1 2.1 2.1 2.1 2.1 2.1 2.1 2.1 2.4
-2.4 -2.4 4.7 3.4 3.2 3.4 3.5 4.3 4.7 5.1 6.8 6.9 8.9 7.4 5.3 4.4 3.1 2.9 2.9 2.9 3.2 3.5 3.5 3.5 3.5 3.5 3.5 3.5 3 2.6 3 3.3 2.5 2.7 2.6 1.5 2.6 2.7 2.4 2.5 3.1 3.2 3.1 2.9 2.7 2.9 2.8 2.9 2.8 2.6 2.5 2.6 2.7 2.8 2.8 2.8 2.7 2.6 2.5 2.5 2.5 3.2 2.2 2.1 2.1 2.1 0.6 2.1 2.1 2.1 0.6 2 2.2 2.2 2.3 2.3 2.3 2.1 2 2.5 2.2 2.4 3.4 2.7 2.4
2.7 -2.4 -2.4 5.3 4.5 4.4 6.3 4 6 6.1 5 4.7 6 7.1 10.2 5.4 4.1 3.3 3.4 2.9 3.5 3.6 3.5 3.5 3.5 3.5 3.6 3.6 3.1 2.7 3.1 3 3.4 2.9 2.5 2 2.9 3.2 3.1 2.9 3 3 2.7 2.8 2.8 2.6 2.8 2.9 2.8 2.7 2.5 2.7 2.8 2.9 2.9 2.8 2.7 2.6 3 2.8 2.6 2.7 2.2 2.1 0.6 2.2 2.4 2.4 2.4 2.4 2.7 0.6 2.1 2.2 2.3 2.3 2.3 2.4 2.4 2.1 2.4 1 2.4 2.5 2.6
4.1 -2.4 -2.4 4.3 3.3 3.2 3.7 3 3.8 3.5 9.1 7.5 8 6.5 4.8 9 8 5.6 4 4.4 3.7 2.8 2.2 3.5 3.5 3.5 3.5 2.8 3.3 3.1 3.3 3.1 2.8 2.9 2.7 2.6 2.7 3 3.4 3.4 3.7 3.3 3.1 2.9 3.6 3.2 2.9 2.6 2.8 2.8 2.7 2.9 3 3 3 2.9 2.8 2.6 3 2.6 2.9 3.1 1.5 2.1 3 3.1 3.1 2.7 2.7 2.7 2.7 2.2 0.6 2.2 2.2 2.2 2.3 2.3 2.4 2.3 1 2.7 2.6 2.7 2.7
3.7 3.2 -2.4 -2.4 3.3 3.2 2.9 2.8 3 3.3 3.7 4.8 7.4 11.3 10.6 9.6 9.1 8.8 9.2 6.7 4.3 3.9 3.6 2.9 2.3 2.2 3.1 2.8 3.4 4.3 3.6 3.3 3.1 3.2 3 2.8 3.2 3 3.1 4.2 3.1 3 3.5 3.7 3.4 3.5 3.7 3.2 3 3.1 3.1 3.1 3.2 3.2 3.1 3 2.9 2.8 3.2 3.2 3.2 3.4 2.5 2.5 2.5 3.2 2.9 2.8 2.8 2.8 2.6 2.3 2.3 2.1 2.1 2.2 2.2 2.3 2.4 2.6 3.1 2.9 2.7 2.7 2.6
3.5 2.9 -2.4 -2.4 3.9 1.7 2.5 2.7 2.7 3 3.1 2.9 3.1 3.7 5.1 5.5 7.1 11 10.2 9.6 9.2 7.4 5.2 4.4 3.5 4.2 5 4.8 4.7 4.9 4.6 4 3.5 3.5 3.5 3.2 3.2 3.5 3.2 3.8 4.5 3.7 3.6 3.5 3.8 3.8 3.7 3.8 3.8 3.6 3.4 3.2 3.1 3.1 3.2 1.3 1.3 2 3.1 3.1 3.2 3.1 3.1 2.7 2.1 3.1 3.1 3 2.9 2.9 2.6 2.8 2.8 2.8 2.1 2.1 2.2 2.3 2.4 3.2 3 2.9 2.9 2.7 2.6
3.3 2.9 2.9 -2.4 -2.4 3.6 3.7 2.3 3.2 2.8 2.8 2.9 3 3 3.6 3.8 4.1 4.8 5.7 7.5 8.9 8.8 10.8 11.2 6.9 3.8 4.1 5.2 5.3 5.3 4.8 4.3 3.9 3.7 3.5 3.5 3.4 3.5 3.7 4.2 4.4 4.3 3.6 4 4.1 3.7 3.7 3.7 3.7 3.5 3.3 3.1 3 3 3.2 3.2 3.2 3.1 3.1 3.1 3.1 3.4 3.7 2.9 2.5 2.6 3.2 3.1 3.1 3 2.7 2.8 2.9 2.9 2.3 2.1 2.1 2.3 2.9 3.1 3 2.8 2.8 2.7 2.7
2.1 3.5 3.2 2.9 -2.4 -2.4 3.9 3.4 3.7 3.7 3.1 3.2 3.5 3.4 3.4 4.2 4.3 4.3 4.1 5.6 5.5 7.1 5.9 7.3 10.5 10.4 8.3 6.8 4.5 5.4 5.3 5 4.7 4.6 4.3 4.5 4.1 4 4.7 5.1 5.1 4.5 4 3.9 4 3.7 3.6 3.6 3.6 3.4 3.2 3 2.9 3 3.2 3.2 3 3.1 3.1 3.1 3 3.1 3.3 3.1 2.7 1.7 3 2.9 2.9 2.6 2.9 2.9 2.9 2.9 2.8 2.4 2.2 2.4 3 2.7 2.8 2.8 2.7 2.7 2.7
3.2 2.1 5 3.1 2.1 -2.4 4.4 4.1 3 2.9 3 3.2 3.4 3.6 3.2 3.1 2.8 3.1 3.4 4.1 4.2 5.2 6.8 8.1 5.8 9.7 7.6 9 7.2 7.7 7.9 8.2 6.2 5.9 6.1 5.2 4.8 4.7 5 5.4 5.4 4.8 4.3 4.2 4.1 4 3.6 3.6 3.6 3.4 3.1 2.9 2.8 3 3.3 3 3 3.4 3.1 3.1 3 2.9 2.6 1.3 2.5 2.3 2.5 2.6 2.6 2.7 3 3 2.9 2.9 2.9 3 3.2 2.5 2.4 2.3 2.4 2.5 2.7 2.8 2.8
1.1 5.1 3.2 4.9 2.9 -2.4 -2.4 3.8 3.6 2.8 2.7 3 2.9 3.1 2.6 2.9 3.4 3.5 3.7 4 3.6 2.8 3.9 3.6 3.5 3.6 3.5 4.2 5.5 11.6 7.3 11 16.7 13.5 11.3 10.4 8.9 5.9 6.6 5.3 4.8 5 4.8 4.9 4.7 4.3 3.5 3.6 3.6 3.5 3.2 3.6 3 3 3 2.9 3.2 3.4 3.8 3.4 3.1 4.9 2.9 2.9 2.6 2.6 2.4 2.5 2.8 2.8 2.8 3 3 3 3 3 3.4 2.5 2.4 2.5 2.3 2.4 2.6 2.8 2.9
2.5 5.2 2.9 3.1 5 3.1 -2.4 -2.4 4.1 2.7 1.2 2.7 3 2.7 2.6 3.3 3.8 3.3 3.7 3.5 3.6 3.3 4.3 3.4 3.2 3.3 3.2 3.8 5.1 7.2 6.3 8.1 14.9 18.2 19.5 17.4 17.2 16.2 12.6 14.3 10 6.6 4.5 5.1 4.7 4.6 3.7 3.4 3.5 3.6 3.3 3.2 3 2.9 2.9 3.1 3.2 2.9 3.8 2.6 2.8 2.7 3.1 3 2.5 2.3 2.5 2.6 2.8 3.1 2.6 3 3.1 3 3 3.3 3.6 2.7 3.1 2.5 2.3 2.4 2.5 2.7 2.9
1.3 4.5 2.5 1.8 2.5 3.5 2.9 -2.4 4 2.8 2.8 2.9 2.5 1.6 3.2 3.6 3.7 3.2 3 2.7 4.2 3.1 3.8 6.9 6.4 4.9 7.8 8.3 5.6 10.2 10.6 15.3 15.8 18.2 17.1 16.5 18.8 17.4 18.4 19.6 18.9 19.9 14.8 8.6 8.5 4.5 4.3 6.1 3.5 3.5 3.1 3.1 3 3 3.5 3.9 3.3 3 3.4 3 2.9 2.6 2.8 2.8 2.6 2.7 1.6 3 3 3.1 3.1 2.8 3 3.1 3.1 3.4 2.5 2.2 2.4 1.4 2.3 2.4 2.5 2.7 2.8
3.3 2.4 1.7 1.7 1.9 3 4.2 -2.4 -2.4 3 2.5 2.6 3.5 2.9 4 3.2 3 2.8 3.6 3.6 4.4 3.6 3.8 3.9 3.4 3.6 4.5 9.1 12.3 14.9 16.4 15.7 12.1 12.3 14.2 14.1 12.2 14.6 13.7 13.3 16.4 14.4 17.5 13.9 13 13.1 5.4 9.8 13.9 7.7 5.2 4.8 3.5 2.9 3.3 3.4 3 3.2 2.9 3.3 3 2.6 2.8 3 2 2.5 2.2 2.8 2.9 3 3.1 2.5 2.8 2.9 3.4 3.7 2.2 2.4 2.5 2.4 2.4 2.4 2.5 2.6 2.8
2.6 2.6 1.7 1.7 1.9 2.5 4.6 2.9 -2.4 -2.4 3 2.8 3.6 2.8 2.9 3.1 3 3.5 5 5.4 3.6 3.8 3.6 6.6 9.4 13.1 12.6 11 8.6 7.8 5.2 4.2 3.2 2.9 2.9 3 3.6 2.9 3.5 4.4 4.2 5.7 7.2 6.9 7.6 5.4 5.9 8.3 12.4 12.2 8.6 5 3.2 2.9 3.3 3.3 3.2 3.3 2.8 3.3 3 2.7 2.7 3 3.2 2.4 2.4 2.7 2.9 3.1 3.1 2.9 3.1 2.9 0.5 2.3 2.3 2.3 2.4 2.5 2.5 2.4 2.4 2.5 2.7
2.7 2.6 2.5 2.1 2.3 2.5 2.9 3.4 -2.4 -2.4 3.9 4.3 4 4.4 5.1 6 6 3.9 3.4 3.6 7.3 10.4 11.5 11.1 9.6 10.1 5.9 3.8 2.8 2.7 2.6 2.5 2.4 2.4 2.4 2.5 2.5 2.4 2.5 2.5 2.5 2.5 2.6 2.6 2.7 2.8 2.9 5.4 4.9 6.3 7.2 8.8 4.8 3.2 3.2 3.2 3.3 3.1 3 3.1 3 2.8 2.7 2.9 3 2.7 2.8 2.4 3.1 3.2 3.2 3 3.1 2.9 2.5 2.5 2.4 2.3 2.2 2.3 2.3 2.3 2.4 1.4 2.5
2.5 2.5 2.5 2.5 2.5 2.5 2.6 3.1 3.1 -2.4 -2.4 3.8 4.3 5.6 7.1 8.6 10.5 10.6 10.8 11.7 11.9 10.5 10.4 9.2 4 2.8 2.6 2.5 2.3 2.2 2.1 2 2 2 2 2 2 2 2 2 2 2 2 2 2.1 2.2 2.3 2.4 2.5 2.6 2.7 3 6.5 5.3 6.4 6.2 6 5.3 3.1 3 3 2.8 2.8 2.9 2.3 2.5 2.4 2.3 2.3 2.6 2.8 3 2.8 2.6 2.6 2.5 2.4 2.3 2.3 2.2 2.2 2.2 2.2 2.3 2.3
2.5 2.5 2.5 2.6 2.7 2.6 2.3 2.9 3.7 -2.4 -2.4 -2.4 4.5 7.3 10.4 11.9 10.2 7.9 7.1 3.4 2.8 2.8 2.7 2.6 2.4 2.3 2.1 1.9 1.8 1.7 1.6 1.6 1.5 1.5 1.5 1.6 1.6 1.5 1.5 1.5 1.4 1.5 1.4 1.5 1.5 1.5 1.6 1.7 1.8 1.9 2 2 2.2 2.3 2.5 2.7 3.5 5.4 5.9 5.6 3.7 3.4 3.1 2.7 2.3 3.4 2.3 2.3 2.4 1.3 2.6 2.7 2.4 2.3 2.6 2.5 2.5 2.4 2.3 2.2 2.2 2.2 2.2 2.3 2.3
2.5 2.5 2.8 2.6 2.8 2.6 2.2 2.5 3.2 3.6 -2.4 -2.4 5 7.1 6.1 2.9 2.5 2.2 2 1.9 1.9 2.2 2.2 2.1 1.9 1.8 1.6 1.4 1.3 1.2 1.1 1.1 1 1 1.1 1.1 1.1 1 1 1 0.9 0.9 0.9 0.9 0.9 0.9 1 1.1 1.2 1.1 1.2 1.2 1.2 1.3 1.4 1.5 1.7 1.9 2.2 2.5 2.8 4.2 7 5.3 3.6 1.8 2.7 2.6 2.6 2.5 2.6 2.5 2.4 2.8 2.6 2.5 2.5 2.4 2.3 2.2 2.2 2.2 2.3 2.3 2.4
2.5 2.6 3.1 3.1 1.8 1.8 1.8 2 2.8 4.2 4 -2.4 -2.4 2.6 1.5 1.8 1.5 1.2 1 0.9 1.3 1.6 1.6 1.5 1.4 1.2 1.1 0.9 0.8 0.6 0.6 0.6 0.6 0.6 0.6 0.7 0.7 0.6 0.5 0.5 0.4 0.4 0.3 0.3 0.3 0.3 0.4 0.5 0.5 0.4 0.4 0.4 0.4 0.3 0.3 0.4 0.4 0.6 0.8 1.1 1.4 1.7 2 2.3 2.6 2.8 7.1 6.2 5.4 5.1 4.9 4.8 2.9 2.8 2.5 2.5 2.4 2.4 2.2 2.2 2.2 2.3 2.3 2.3 2.4
2.5 2.9 3 2.6 1.8 1.8 1.8 1.8 2 3.1 4.4 -2.4 -2.4 -2.4 0 0.5 0.4 0.1 0 0.3 0.6 1 1.1 1 0.8 0.7 0.5 0.4 0.2 0.1 0.1 0.1 0.1 0.1 0.2 0.2 0.2 0.1 0 0 -0.1 -0.1 -0.3 -0.3 -0.3 -0.3 -0.2 -0.2 -0.2 -0.3 -0.4 -0.4 -0.5 -0.7 -0.8 -0.8 -0.8 -0.7 -0.5 -0.3 0 0.3 0.7 1 1.3 1.6 1.8 2.1 2.3 2.6 2.9 5.8 7.1 6.6 5.8 5.6 5.8 2.6 2.4 2.3 2.3 2.2 2.5 2.3 2.3
2.4 2.6 1.8 1.8 1.8 1.8 1.8 1.8 1.8 1.8 4.8 2.9 -2.4 -2.4 -1.4 -0.8 -0.7 -0.9 -0.7 -0.4 0 0.3 0.6 0.4 0.3 0.2 0 -0.2 -0.3 -0.4 -0.5 -0.4 -0.4 -0.3 -0.3 -0.2 -0.2 -0.3 -0.4 -0.5 -0.6 -0.6 -0.8 -0.9 -0.9 -0.9 -0.9 -0.8 -0.8 -1 -1.1 -1.3 -1.4 -1.6 -2.4 -2.4 -2.4 -2.4 -2.4 -1.7 -1.4 -1 -0.6 -0.2 0 0.3 0.6 0.8 1.1 1.4 1.7 2 2.3 2.6 2.8 3.9 5.3 7.1 6.4 5.7 4.4 2.7 3 2.3 2.2
1.7 1.9 2.7 2 1.8 1.8 1.8 1.9 1.8 2.3 2.9 4.7 3.7 -2.4 -2.4 -2.1 -1.7 -1.7 -1.3 -1 -0.7 -0.3 0 -0.1 -0.2 -0.4 -0.5 -0.7 -0.8 -0.9 -1 -0.9 -0.8 -0.8 -0.7 -0.7 -0.7 -0.8 -0.9 -1 -1.1 -1.2 -1.3 -1.4 -1.5 -1.5 -1.5 -1.5 -1.5 -1.7 -1.9 -2.1 -2.4 -2.4 -2.4 -2.4 -2.4 -2.4 -2.4 -2.4 -2.4 -2.4 -2.4 -1.5 -1.2 -0.9 -0.7 -0.4 -0.1 0.2 0.5 0.9 1.2 1.4 1.6 1.8 2.1 2.4 2.6 2.9 3.3 5.6 6.8 5.1 2.8
2.7 2.7 2.5 1.8 1.8 1.8 1.8 1.8 2.1 2.1 2.7 3.2 4.4 2.3 -2.4 -2.4 -2.4 -2.3 -2 -1.7 -1.3 -1 -0.6 -0.7 -0.8 -0.9 -1.1 -1.2 -1.3 -1.4 -1.5 -1.4 -1.3 -1.3 -1.2 -1.1 -1.1 -1.2 -1.3 -1.4 -1.6 -1.7 -1.8 -2 -2.1 -2.4 -2.4 -2.4 -2.4 -2.4 -2.4 -2.4 -2.4 -2.4 -2.4 -2.4 -2.4 -2.4 -2.4 -2.4 -2.4 -2.4 -2.4 -2.4 -2.4 -2.4 -2.4 -1.6 -1.3 -1 -0.6 -0.2 0 0.2 0.4 0.6 0.8 1 1.3 1.6 1.8 2.1 2.4 2.7 2.9
