WholeMapElevations/data/sx/sx78_OST50GRID_20230518/SX78.asc
ncols 200
nrows 200
xllcorner 270000
yllcorner 80000
cellsize 50
[rows 140 to 174 of 200, columns 78 to 155 of 200]
285.2 278.3 267.5 253.6 244.4 239.3 233.8 231.1 229.9 224.5 219.7 209.2 207.3 209.2 212.9 218.8 220.1 217.9 214.3 209.6 206.9 205.8 206.1 207.4 208.6 199 193.4 192.7 204.3 213.6 214 211.2 216.9 222.5 225.7 229.6 231.3 232.6 231.9 231.5 232.2 232 233.3 235 237.4 239.5 242.6 246.8 252.5 258 263.5 264.1 263.5 262.2 262 259.6 255.6 247.6 242.5 240.9 239.8 234.1 224.2 210.5 203 199.6 195.8 199.1 204 204.2 204 201.5 187.2 170.1 154.9 135.5 120.9 118
289.7 283.6 275.1 266.7 261.1 254.8 246.2 240.9 236.9 232.8 225.7 220.9 217.3 211.9 213.1 218.7 220.6 218.2 215.7 211.3 205.6 200.7 200.9 205.2 204.5 203 193.4 192.1 208.2 216.4 210.4 199.9 201.9 210.2 217.1 224.7 228.9 230.5 230.3 231 230.6 230.9 236.2 238.2 241.2 244 247.7 252.9 259.6 269.1 275.4 277.9 276.5 272.4 268.8 264.5 257.4 246.2 240.4 238.6 237 234.3 227.3 216.5 208 201.3 198.8 194.9 199.5 204.1 201.6 201.2 191.7 171.6 152.8 137.5 125.3 116
294.1 288.1 280.6 273.8 268 262.5 257.3 251.1 243.2 238.2 233.6 232.8 228.3 222.7 218.4 218.8 219.2 217 215.2 213 208.8 202.4 196.2 197.7 194.9 193.6 193.6 193.1 195.1 196.5 196.7 197.7 199.1 202.8 216.8 221.5 224.6 225.6 226.1 227.4 229.8 237.3 239.8 241.9 244.8 248.4 253.4 258.2 267.9 278.4 284.4 286.7 284.7 279.1 272 265.6 256.1 245.9 240.9 237.8 235.1 232.8 228 220.6 210.9 204.5 198.5 192.9 196.7 204.8 203.6 196 189.1 176.1 158.4 145.2 128.6 120.8
297 291.4 285.8 279.1 270.9 266.9 262 255.4 245.5 238.4 234.5 234.8 233.5 229.9 224.9 219.7 212.5 209.9 211.3 212.8 208.2 199.3 195.2 194.8 195.6 198.4 194.5 192.3 191 190.9 194.2 197 198.2 198.8 210.7 221.5 225.3 228.5 230 229.3 237.1 240.7 243.3 246.2 249.5 253.1 257.6 264.9 276.6 286.6 291.9 292.6 288.5 280.4 271 263.9 258.4 252.7 246.8 239.9 234.7 231.4 225.7 219.7 213 208.6 201.9 194.2 192.7 199.8 199.5 191.4 181.8 172.6 162.1 149.2 135.2 123.8
299.1 295.5 290.1 283.1 273.9 268.5 263.8 257 247.2 236.3 230.4 229 230.5 229.7 225.5 215.5 206.4 202.3 201.3 202.3 198.8 197.7 198.2 200 212.4 210.4 199.3 197.7 197.8 197.5 190.4 193.3 194.8 197.1 212.8 220.5 224.8 224.3 227.7 236.1 240.4 245.1 248.6 251.5 254.2 258.4 264.3 275.8 286.5 294.3 297.5 295.7 290.9 283.7 275.2 269.7 267 262.2 255.8 247.9 236.9 229.5 222.2 216.6 212.8 209.7 204.2 194.3 190.3 192.8 201.5 196.6 185.5 178.5 173.7 163.8 145.7 131.5
302.7 299 293.9 287.8 278.9 271.3 265.5 257.9 246.9 232.8 228.4 226.8 223.8 222.8 217.2 207.4 203.2 201.6 201.3 199.7 199.5 208 211.2 209.5 215.4 213.4 207 209.3 215.3 211.7 194.4 193 193.3 202.5 211.4 217.7 223.4 227.8 235 239.8 245.1 248.5 253 256.6 260.4 266 275.2 285.9 293.7 299 301.1 300 296.5 291.9 284.8 278.5 273.1 266.7 258.3 250 239.2 229 217.9 212.5 209.2 207.1 201.6 190.2 186.8 194.4 203.8 203.1 197 190.4 185.1 175.8 158.8 141.9
309 303.8 297.9 291.1 283.8 274.3 268.4 260.5 247.5 235.3 230.2 226.9 223 218.9 213 212.9 216.8 210 202.7 204.3 205.7 209.8 215.2 215.8 216.9 216.6 215.1 214 217.4 211.9 197 192.4 194.3 198.5 207.4 213.1 223.1 229.9 236.9 243.1 249 256 260.7 264.6 269.3 276.6 285 293.3 299.1 303 305.2 303.7 301.1 297.1 291.1 284.8 277.8 269.1 260 251.2 241.3 231.2 220.5 212 205.7 200.9 197.9 185.7 186.3 200.1 204.7 204.9 201.3 197.9 192.4 185.6 174.1 155.7
313.5 308 301.8 294.6 287.7 278.8 270.9 263.8 253.2 238.8 232.6 226.5 222.6 220.3 222 223.9 225.9 221.2 214 218.7 218.7 216.5 214.5 212.9 214.1 215.5 217.4 216.7 215.5 213.1 200.7 192 193.4 195.2 199.4 211.2 224.1 235.1 243.5 252.1 258.8 265.6 271.2 277.3 285.2 291 294.1 298.2 303.6 306.6 307.6 306.3 303.8 299.8 295.1 288.6 281.1 271.8 264.4 258 248.2 238.2 228.2 217.4 208 200.8 191.5 181.8 183.7 190 193.7 198.4 201.4 196.8 194.5 188.6 180.5 164.8
319.1 313.6 306.8 299.1 291.5 283.5 273.9 265.7 257.8 245.7 237 234.2 229.7 226.6 226.4 226.7 225.3 221.8 219.2 222.9 221.3 217.1 210.7 206.5 207.6 209.5 214 216.6 215.1 209.7 196.3 191.7 192.2 194.7 199.3 209.8 227 239.9 253.6 265.7 275.1 283.2 288.3 296.6 301.7 303.3 302.5 304.3 307.2 308.7 309 307.3 305.1 300.9 296.3 290.7 284.2 276.9 271.4 265.9 258.9 250.1 238 226.8 216.5 205.2 194.3 181.6 178.5 178.5 181.8 184.1 186.6 189.2 190.7 188.6 183.6 174
322.9 317.2 309.6 301.7 294.8 286.1 277.8 267.4 261.9 255.3 250.3 247.2 240.9 235.6 231.5 229.4 226.1 223.1 222.2 224.5 221.4 215.3 210.6 204.5 201.4 203.6 208.3 212.5 213 210.2 196.2 191.6 191.6 194.5 199.7 209.9 225.9 243 256.1 270.4 281.6 295.2 305.8 310.6 311.9 312.1 310.6 308.2 309.1 309.6 308.9 306.9 304.4 300.5 296.1 291.3 285.8 280.3 275.1 270.8 264.2 255.4 243.4 231.6 220.4 209.6 198.5 184.2 177.8 174.7 173 173.6 173 177 184.5 190 190.6 187.2
324.7 317.4 310.5 302.8 295 287.2 278.1 269.5 264.8 260.7 261.9 259.1 252.4 245.5 238.9 233.1 228.7 225.7 226.8 227.1 221.5 214.7 205.4 202.1 198.5 197.6 200 202.2 204.7 205.4 197.5 191.2 191.3 193.5 202.6 213.1 224.3 239.4 253.8 266.7 278.9 293.8 311.9 318.4 319 319.4 317.4 314.1 311.6 310.6 308.3 306 303 299.4 295 290.5 285.3 279.2 274.7 270.2 264.6 256.7 244.3 230.9 218.1 207.6 196 188.9 182.8 176.9 172.5 167 164.1 162.8 170.2 182.4 189.6 191.2
327.1 316.6 309.2 300.3 292.9 286.3 276.8 270.1 267.3 264.5 267.2 265.5 261.1 256.4 248.8 241 234.5 230.2 232.9 230.2 223.7 213.6 205.1 200.1 196.6 195.2 194.4 194.1 195.9 196 193.2 192.6 191.6 192.7 206.8 215.9 222.8 234.3 250 263.6 275.7 290.1 304.6 315 321.2 322.9 322.3 318.9 315.7 312.3 308.1 305 301.4 297.2 293.3 288.6 283.7 277.3 271.4 266.6 260.9 251.3 238.7 228.2 220.5 213.3 206.5 199.4 191 181.6 176.7 171 163.6 160.3 160 171.9 183.6 191.6
328.8 315.7 303.9 295.3 287.8 280.4 273.8 270.5 267.7 269 270.6 270.2 268.4 265.2 259.3 249.7 241.4 235 232.6 229.9 222.3 216.1 206.3 199.8 196.4 194.9 194.2 193.3 192.5 192.1 191.6 189.9 190.8 191.2 197.8 206.9 214.8 225.2 244 260.7 273.7 286.5 301.3 312.9 320.9 324.9 325.1 322.2 318.7 313.6 309 304 299 294.2 289.7 284.9 280.2 274.7 267.5 259.2 251.6 243.7 237.9 233.2 231.1 224.7 218.5 211.2 204.3 193.1 184.6 178.9 170.8 159.2 158.1 165.5 181.5 192.8
330.1 311.6 297 287.7 282.2 276.2 273.8 272.3 270.9 271.5 272 273.3 272.2 270.1 264.8 255.7 244.4 238.5 233.1 228.7 225.4 223.1 215.6 204.8 197.4 195.8 194.4 193.4 192.9 192.3 192.2 190 190.6 190.7 194.5 202.1 208.9 217.7 237.6 256.4 269.2 281.7 297.2 309.9 318.5 323.9 325.5 323.9 320.4 315.5 310.1 304.3 298.9 293.1 286.4 281.1 275.7 270.5 263.1 257.9 255.5 250.5 246.8 244.3 241.4 236.1 232.6 230.1 223.4 212 202.3 200 180.5 165.4 154.6 157.6 174.2 191.3
332.1 309.1 294.3 285.9 281.2 277.5 275 272.6 272.6 272.9 273.2 274.4 274.6 273.2 268.2 259 246.3 239.5 232.8 230.7 230 228.1 220.3 206.9 198.2 197.3 196.1 194.5 194.4 193.4 192.2 191 189.2 189 193.5 197.6 203.5 210.4 225.5 244.1 263.3 277.7 292.2 305.6 315.4 321.8 324.6 324.2 321.3 316.6 311.3 306.1 300.7 293.9 287.2 280 274.4 269.4 265.6 262.8 260.8 258.3 255.2 251.9 248.9 245.6 242.6 238 232.3 225.7 216.5 206.4 184.1 168.1 154.6 152.2 168.8 188.7
333 312.3 297.9 288.5 282.4 279.2 277.2 276.5 275.4 275.7 276.8 277.8 279 276.5 271.6 263.7 252.9 241.1 232 228.3 224.9 225.1 214.6 204.4 203.1 206.6 207.1 200.7 197 198.2 193.3 192.6 190.6 190.6 191.6 193.6 198.3 205.2 214.3 234.7 257.9 273.2 286.3 299.4 310.4 318.2 322.3 323.7 322.2 317.9 313 308.3 303.5 297.3 290.3 283.5 276.9 271.6 267.8 264.4 262.4 260.3 257.6 255.1 251.2 247.9 244.1 239.4 234.1 228.6 220.9 208 185.9 166 151.3 148.9 170 188.1
336.3 322.3 310.9 306.5 299.2 290.1 285.6 282.6 280.5 279.6 279.7 280.4 280.5 277.6 272.6 264.7 254.1 240.4 232.1 230 227.4 224.7 215.9 211.1 212.6 217.7 215.3 211.2 207.5 212.3 204.3 198 194.4 191.2 188.4 191.2 193.9 199.8 205.5 223.9 243.4 263 277.6 292.2 305.2 313.7 319.5 323.3 323.3 320.3 316.5 311.7 306.4 300.8 293.9 284.8 277.8 272.2 267.9 263.7 262 260 257.4 255.2 252.6 248 243.4 238.4 232.5 227.4 220.3 210.7 188.6 166.4 149.5 145.8 161.4 176.6
341.3 330.8 322.7 314.7 309.1 301.9 297 292.6 287.9 284.6 282.7 282.1 280.1 276.8 269.8 261.2 251.4 240.4 234.8 232 227.8 225.5 220.2 217.7 217.9 222.8 220.2 215.1 212.8 220.1 212.9 203.4 199.2 193.7 191.1 188.8 188.6 191.2 200.4 213.1 228.5 250.9 269.1 284.4 298.4 309.9 317 322 323.8 322.4 319.2 314.7 309.6 304.4 298.4 289.2 277.7 271.2 267.1 262.7 260.4 257.9 254.9 252 250.5 247.1 242.1 235.7 228.7 221.7 216.4 209 190.8 168 148.9 141.9 150.3 166.2
346.1 338.6 330.8 324.7 318.9 312.6 306.9 301.4 295.6 289.4 286 282.9 279.3 273.8 267.1 259.7 249.4 244.2 240.2 233.8 231.2 227.1 223.7 221.8 223.6 227.6 226.8 218.5 217 225.8 226.8 214.9 206.5 197.6 192.6 190.4 188.2 188 193.7 203.3 217.4 237.8 253.4 275.2 291 302 311 317.5 321.1 320.5 319.1 316 311.7 306.6 300.9 293.4 281.6 271.8 264.8 260.1 257.5 255 251.1 248 246.1 244.2 239.6 233.3 224.8 217.9 210.4 204.1 188.5 168.5 152.8 138.3 139.7 155.3
349.6 347.4 340.6 335 329.1 323.6 316.7 309.4 300.7 293.3 288.1 283.4 278.2 272.7 265.5 257.4 251.7 249.1 246.7 239.1 235.9 232.8 228.6 229.9 231.8 235.7 233.8 227.2 220 227.6 234.3 235.1 225 207.1 198.3 187.8 190.2 186 188.9 193.9 203.4 217.9 237.2 261.3 276.9 295.2 304.6 310.1 313.6 314.2 314.7 313.3 310.2 307.1 302.5 295.2 286.1 272.5 261.3 256.1 253.9 251.9 248 243.5 241.4 240.1 235.9 229.6 221.6 214.1 205.4 197.1 186.6 171.4 159.3 139.9 135.2 146
346.7 345.5 343.1 339.2 333.4 327.8 320.8 313 305.2 297.1 290.8 283.6 277.1 271.2 265.9 260.4 257.2 255.1 251.9 247.2 243.4 239.1 236.6 236.4 238.1 240.4 239.1 233.7 224.3 229.2 238.2 244.4 241.8 216.2 203.2 197 187.2 185.8 181.4 188.4 194.7 205.5 222.2 243.5 264.1 280.2 291.6 294.5 299.6 303 306.9 307.4 306.2 304.7 301.3 295.2 286.8 273.5 260.1 253.7 250.9 248.8 244.4 239.4 235.8 234.1 232.4 226.5 218.8 211.5 203 190.6 180.3 176.6 168.8 145.3 130.9 135.3
339 340.1 340.1 338.2 334.2 329.8 324.6 318.2 311.1 303.4 295.8 287.3 280.8 274.4 270.6 267.4 264.4 259.4 255.8 253.1 250.7 248.9 246.5 242.2 241.5 242.1 239.5 234.9 230.9 233.5 242.2 247.8 248.7 234.3 209.1 200.5 194.6 187.9 179.4 180.6 188.6 195.4 206.6 227.4 248.2 260.3 265.5 272.6 276.3 283.6 289.4 294.7 296.9 298.6 297.8 293.2 286.3 275.6 260.9 253.8 250.5 247.6 243.1 238.1 232.4 223 227.2 223.7 216.9 209.9 203.8 194.1 187.8 184.5 174.2 150.5 130.1 128.9
331.3 332.1 333.7 334.5 333.1 329.8 325.6 320.5 315.6 308.8 301.3 291.5 287.5 283.7 280 277.7 273.4 269 265.3 262.1 260.3 258.1 254.8 250.3 246.4 243 239.6 235.7 235 237 242.2 248.2 251.8 246.3 222 206.2 197 189.8 182.9 173.8 178.6 185.6 193.1 201.6 217 231.1 243 254 257.1 263.1 263.6 270.7 280.1 288 290.9 290.1 285.5 278.4 266.8 255 251.4 249 247.1 243.1 233.5 217.4 215.4 221.8 211.6 204.6 200.3 193.1 186.9 183.3 176.6 154.6 127.9 128.4
323.6 324.9 326.2 327.9 328.2 331.1 324.4 321.1 316.6 311.4 303.1 297.1 296.1 293.7 291.5 287.7 282.2 278.1 274.1 270.9 268.4 265.2 261.6 257.1 251.3 245.7 241.9 238.8 237.9 239.2 243.9 249.3 253 252.3 238.4 222.3 203.2 191.8 183.3 177.3 171.9 177.3 180.2 187 195.4 207.6 217.4 226.2 235.4 238.4 243.1 251.8 264.2 274.9 282.4 285.3 283.2 278.2 271.1 260.8 255.2 252.3 250.7 246.3 238.4 221.5 204.7 212.7 207.3 197.2 193.8 190.8 181.7 178.4 174.7 157.5 130 125.7
316.8 318.4 320.2 321.6 323 323.5 321.7 319.7 315.2 308.9 303.7 303.2 303.2 303.2 302 298.2 291.3 286.7 282.4 279.2 276.6 271.9 266.8 262.4 257.4 251.2 246.2 242.1 240.5 243.8 247.6 253.4 256.5 257.6 252.7 240 216.3 195.9 183.4 176.5 165.2 171.9 174.2 178 183.1 191.4 200.8 211.1 215.9 220.9 227.8 233.5 245.7 254.4 267.4 273.2 276.1 276.1 271.6 267 260.6 258.3 255.6 250.1 239.4 224 204.8 198.3 197.7 185.6 181.1 179.1 165.1 159.3 156.8 150.4 127.2 121.7
311.5 312.2 313.7 314.8 316.6 317.6 317.9 316.2 313.7 309.7 306.5 307.6 309.4 310.6 310.8 308.2 302 295.8 292.1 288.6 284.2 277.8 272.2 267.4 262.5 258.4 254.7 249.5 246.2 248.9 254.6 259.4 262 262.6 259.6 251.9 236.5 207 187 170.2 163.2 164.4 167.9 170.7 175 178.6 184.1 190.8 199.1 204.4 210.7 217.6 227.9 233.6 243.9 252.1 256.1 262.3 266.5 268.3 265.6 264.2 260.3 253.4 241.2 227.9 212 197.8 190.6 181.2 177.1 172.5 154.1 146.7 139.9 134.9 123.4 117.3
306.7 307.1 308.2 308.7 309.6 310.8 312.5 312.6 311.1 308.9 309.3 311.5 314.2 317.2 317.9 317.1 312.3 307 301.6 297.1 291.2 286.7 282.2 278.9 274.2 270.3 269.5 262.3 256.6 259.3 264.5 266.8 268.2 267.7 265.4 260.5 249.8 221.3 196.2 175.2 155.2 160.2 160.3 161.6 165.5 168.3 170.6 175.6 182 186.5 193.7 198.5 207.8 217 224.2 230.9 239.5 248.1 257.5 264.7 265.6 265.6 262 254.9 245.9 236.3 221 201.6 193.2 185.3 177.7 172.7 157.9 151.6 136.8 125.9 120.5 117.2
303 303.5 303.8 303.8 303.6 304.9 307 308.4 307.4 308.1 311.2 315 319.1 322.7 324.5 323.4 320.2 316.7 312.3 309.7 306.3 305.8 299.4 294.3 289.2 282.5 280.8 273.8 267.6 268.8 271.2 271.6 271.8 270.9 268.5 262.6 253 234.3 211.2 185.1 162.5 157.1 156 154.3 152.2 157 159.8 163.7 168.2 173.4 178.7 184.9 189.8 198.2 206.3 213.2 218.8 228 238.7 250.8 259.7 264.1 261.6 253.1 244.6 235.3 223.2 210.5 196.3 186.6 181.6 176.5 164.6 154.1 139 129.2 123.3 119.2
300.5 300.5 300.5 299.1 297.5 299.1 301.4 302.9 303.5 306.6 310.9 314.9 320.2 324.5 331.1 327.8 329.7 328.5 328.4 325.9 324.4 318 310.8 303.5 296.2 291.2 287.5 282.3 278.3 275.9 276.8 272.1 271.7 271 270.5 260.2 249.7 236.3 211.7 190.9 169.6 161.4 157.8 153.8 151 145.2 145.6 148.8 155.6 160.8 165.3 170.9 175.1 182.1 188.8 198 206.9 213.6 224.3 239.1 251.6 261.3 261 254.9 246.8 237.7 229.2 216.5 202 190.7 185.5 180.2 171.1 161.6 146.7 133.3 127.3 121.5
297.7 296.7 295.4 294.2 293.2 294.3 295.5 297 299.2 303.4 307.9 312.2 315.4 318 319 320.2 320.2 324.1 319.5 313.8 310.1 308.1 306.1 300.5 295 291.5 289.9 284.7 281 275.6 271.3 264.1 265 260.6 261.1 249.2 240.9 226.1 201.8 188.9 183.6 178.8 175.4 170.2 162.1 153.5 146 135.9 145.5 151.1 154.8 158.7 164 169.7 177.2 184.9 194.8 204.2 211.7 225.1 235 244.4 249.8 250.5 254.2 248 243.3 230.3 211 198.1 190.7 186.6 176.3 165.1 152.5 138.6 130.4 128.6
296.9 298.4 298.8 297.1 293.1 290.5 292.4 293.8 296.5 300 304.5 307.9 310.6 312.6 313.8 313.6 313.8 312.8 310 304.4 299.9 295 291.7 287.7 283 281.1 280.2 276.7 271.9 264.7 258.3 250.8 245.8 242.3 239.2 232.4 227.1 216 200.3 197.1 198.9 194.3 197.1 195 184.1 168.5 150.5 139.1 135.1 140.5 144.2 148.7 152.3 157.7 164.3 170.2 178.6 187.9 196.9 212.3 217.9 224.8 230 233.6 240.4 251.6 253.5 235.5 217.5 201.6 192.8 186.4 179.2 170.7 159 145.4 140.6 138.6
297.4 298.1 298.2 296.5 292.9 287.7 288.9 290.6 293.7 297.1 300.4 303.3 305.6 307.7 308.3 308.3 307.5 306.6 303 298.8 295.5 292.1 287.7 283.2 279.4 275.2 271.7 268.1 263.4 256.2 250.1 243.1 237.9 234.2 230.3 226.3 221 212.1 202.6 205.4 214.3 211.6 215.9 217.7 207.1 182 159.2 138.6 127.7 129 133 139.7 144.1 146.2 151.6 156.1 162 170.8 179.6 188.7 196.9 202.3 208.4 212.3 218.3 226.2 233.7 231.5 222.2 207 197.9 185.8 179.7 172.8 161.1 154.2 148.7 148.5
296.8 296.4 295.7 293.9 290.3 285.3 285.7 288.1 291.2 294.1 296.9 298.4 299.2 300.7 301.3 302.1 301.8 300.4 297.6 294.9 292.4 288.8 283.4 279 275.5 272.8 270.2 265.8 257.7 252.4 245.9 240.8 235.5 229.9 226.5 223.3 218.3 212.6 210.2 209.4 212 212.3 212.6 212.8 207.9 190 163.4 135.1 125.3 126.8 126.4 131 133.7 137.6 140 144.5 151.8 157.6 163.6 169.8 177.3 184.9 192.4 195.4 202.3 209.3 215.6 219.2 219.6 212 201.3 186.9 178.3 171.8 163.8 158.6 156.6 155.1
292.8 291.2 290.9 289.3 285.2 281.9 283.9 285.3 288.5 291.7 293 294.4 296.8 297.2 297 297.5 297.5 295.9 293.7 291.5 286.8 283.1 279.4 275.4 273.2 270 266.7 263.2 256.4 250.1 244.3 239.4 237.1 233.6 229.5 223.9 218.4 215 210.8 210.1 210 206.6 204.1 201.5 197.8 186.9 160.2 132.4 124.8 124.9 125.3 124.3 126 131.6 136.7 137.3 140.2 148.8 154.5 160.1 166.5 171.8 179.3 186.5 190.7 198.7 205.1 210.7 212.6 209.2 202.1 189.3 178.5 171.9 165.8 163 162.8 160.7
290 287 285.4 283.4 281.8 279.2 281.8 283.4 285.4 287.8 288.8 289.9 291.5 292.5 292.5 292.7 292.8 292.4 290.6 287.7 284.5 280.4 277.8 274.5 271.6 267.7 264.3 261.4 255.4 250.6 246.3 244.3 242.9 239 236.5 232 224 218.8 214.6 210.9 208.2 203.6 198.4 193.3 184.8 170.3 149.3 130.8 123.6 123.7 124.7 122.8 123.2 124.2 129.7 133.7 135.4 139.5 144.9 150.4 155.2 160.9 167.7 177.1 184.6 194.8 205.2 208.8 213.6 213 206 197.8 189.5 178 172.6 170.6 170.5 173.4
