UK/data/nm/nm31_OST50GRID_20230518/NM31.asc
ncols 200
nrows 200
xllcorner 130000
yllcorner 710000
cellsize 50
[rows 0 to 37 of 200, columns 84 to 167 of 200]
38.8 34.3 31.1 34.2 39.1 45.4 45.4 50.3 53.7 61.3 59.1 60.1 57.1 56.4 54.2 54.8 57.6 58.3 51.3 55.4 56.6 57.1 56.7 60 61 69.2 76.6 74 82.3 88.7 89.6 87.7 83.2 83.1 77.9 61.5 60 56.1 49.7 46.2 43.9 40.3 44.5 49.9 49.3 37 36.7 38.4 38.9 40 42.5 40.8 41.4 39.2 36.7 32.7 32 25.1 33 33.8 33 31.8 29.6 28.8 29 31.1 31.2 40 48.7 50.9 58.4 61.6 70.2 75.7 78 78.6 82.4 89 89.9 93.8 101.4 101.7 99.2 98
36.3 36.9 30.7 33 38.2 44.3 56.7 66.8 59.7 62 62.5 59.2 58.9 62.2 57.7 59.5 68.3 68.7 55.6 59.5 62.4 68.3 64.9 65.9 69.4 73 72.4 77 78.4 85.3 88.8 92.3 88.8 85.7 77.6 68.9 60.6 58.8 54.5 46 43.1 40.7 44.3 51.6 53.4 39.6 36.9 42.1 40.2 41.7 46.9 50.6 44.1 47.3 42.5 38.6 31.3 25 25.9 30.8 31.3 32 31.5 29.7 30.2 29.9 31 35.1 41.1 45.5 53.4 59.6 66.2 72.8 72.9 78.5 80.3 87.4 88.1 92 100.8 102.2 100.2 103.2
39.2 36.2 31.1 33.7 41.4 54.5 61.4 67.9 67.9 71.1 69.7 63.1 62.7 62.2 73.1 62.6 63.3 58.7 54.2 57.5 68.2 69.9 67.5 67.2 79.5 75.4 79.2 82.3 84.1 89.2 95.7 97.8 97.9 98.4 90 74.5 59.3 59.9 61.9 55 42.9 41.9 43.8 55.3 59.7 44.5 38 41.1 42.7 42.5 50.7 57.8 52.8 48.1 46.1 39.9 31.4 24.9 24.5 26.1 30.1 30.3 32.6 32.8 30.6 32.6 31.9 34.7 38.4 42 48.3 58.8 63.8 67.9 70.7 75.3 79.2 84 86.1 91.7 98 102.2 103.5 105.9
42.2 40.4 37.2 32.1 38.8 57.8 59 73.1 71.5 66.6 69 70.4 70.5 66.5 70.7 67.5 62.1 57.3 56.2 55 56.1 63.1 67.6 64.5 75 78.6 81.5 87.3 89.4 91.4 97.5 96.6 97 96.9 87.8 78.4 63.1 54 56.5 50.9 44.5 43.4 42.7 48.5 58.3 46.1 42.4 39.7 41.9 46.9 51.7 59.5 62.5 55 47.3 36.2 31.2 25.1 24.1 26.1 28.5 30.5 32.1 35.3 31.8 32.6 33.8 36.9 37.7 40.4 47 53.7 58 67.3 75.4 74.5 78.1 81.6 87 93.5 96.4 98.4 105 107.2
43.7 41.8 38.9 32.9 33.6 40.3 56.8 58.8 65.1 65 66.5 71.2 71.5 65 65.9 68.8 68.5 59.5 58.9 56.6 56 56.4 58.2 62.4 70.3 76.1 89.6 99.5 104.1 100.7 96.5 95.6 90.5 84.9 80.8 74.6 65 59 49.2 46.8 45.1 44.2 41.4 42.6 45.4 44.7 43.4 42.4 42 46.8 54.9 58.1 65.6 58.1 54.7 38.7 28.3 25.3 24.2 24.5 27.2 29.4 29.6 31.7 32.6 32.8 34.1 36.3 37.5 40.5 45.5 50.4 55.6 63.5 72.6 79.1 80.1 85.7 90.5 95.3 97.2 98 102.8 104.2
44.6 43.9 42.7 41.5 33 34.4 40.4 47 55.9 55.1 55.8 60.8 63.8 63.5 64.6 63.9 61.8 60.1 58.2 57.3 56.9 56.4 58.1 63.6 79.2 83.5 89.6 95.4 100.3 103.9 104 102.2 107.4 99.5 94.6 83.4 73 60.9 51.1 47.5 44.6 43.8 41.2 41.9 44.6 45.5 47 49 41.8 46.9 55.6 58.9 62.9 65.3 59 49.2 30.5 25.7 24.5 24.2 25.8 27.4 29 30 30.7 32.4 33 34.1 37.5 41.4 44.9 46.5 50.9 59.9 68.8 74 81.6 85.7 91.1 97.4 100.9 99.5 100.2 101.3
49.3 49.2 50.6 44.9 34.6 34.4 35.6 37.5 42 50.8 53 54.9 61.6 69 67.1 63.8 62.8 61.7 62.6 59.2 59.4 58.3 58.4 60.9 67.9 76 81.5 88.8 98.2 97.4 106.5 106.4 105.6 102.8 102.1 93.9 83.6 67.4 60.2 46.5 43.8 43.1 42 44.2 45 46.5 50.5 55.8 48.2 44.1 54.7 59.6 61.9 62.4 59.7 50 31.1 27.9 24.7 25.9 26.9 27.8 28.7 29.8 30.6 31.6 32.5 34 37.1 40.6 40.4 41.8 47 58.2 62.5 68.3 78.5 82.3 86.8 95.5 104.3 104 96.3 97.8
43.5 55.8 50 44.4 36.3 36.4 36.3 39.5 43.1 50.6 52.1 55.9 67.8 77 73 70.8 74.1 68.7 76.1 74.4 67.3 66.1 61.7 62.5 70.8 71.8 76.7 82 90.7 93 103.9 104.2 103.3 99.3 94.7 86.9 78.7 68.2 60.8 48.6 44.5 41.6 41.5 44.6 46 47.9 52.3 52.4 47.6 44.8 45.5 55.5 59.6 62.6 61 51.7 37.6 36.9 26.9 24.7 27.5 30 29.3 29.9 30.9 31.5 34 34.9 35.3 37.1 38 39.5 43.3 48.9 53.8 64.9 75.5 79.8 84 90.6 96.6 99.5 99.9 89
38.2 44 42.8 41.7 37.1 35.2 38 50.2 51.5 55.3 60.4 61.4 66.7 69 75.8 83.9 84.1 76.5 80.8 82.4 77.4 72 66.5 61.3 66.3 71 71.1 73.6 78.6 89.9 95.1 97.5 100.6 104.5 96.8 89.6 82.2 75.8 65.3 59.4 47.7 40.9 43.8 43.9 47.2 51.5 55.6 56.7 50 48.1 46.4 48.6 51.7 57.9 55.7 49 45.7 43.2 32.7 29 28.3 29.7 30.1 30.3 32.1 31.6 32.4 32.1 33.8 36.6 37.9 41.2 42.2 45.2 49.2 62.6 72.3 73.4 77.4 84.8 90.2 92.8 94 82.4
38.3 39.1 47.8 50.8 46.5 36.6 39 52.2 58.1 59 60.8 61.5 67.3 68.3 78.1 82.2 88 87.6 86.1 89.5 84.1 88.2 82.9 67.9 64 65.5 67.8 73.5 83.8 88.9 90.7 95.3 102 105.4 103.6 96.4 84.3 71.4 65.7 54.7 50.8 41.4 45.3 46.4 53.4 54.3 56.4 55 53.5 50.1 48.1 52.4 52.9 49.1 48.3 45.3 46 45.8 31.3 27.3 28.6 29 30 32.6 34.5 31.8 30.4 30.4 32.1 34.5 36.4 42.3 44.9 44.5 46.5 54.1 64.7 68.3 71.7 76.2 82.2 85.6 84 76.2
39.6 38.3 47.8 53.6 49.6 38.8 38.7 44.8 53 59.6 62.9 61 64.6 72.1 76.5 86.8 92.1 94.2 92.9 96.2 88.7 89.9 84.6 75.5 66.5 69.8 73.5 84.1 86.4 88.4 95.1 99.9 100.6 108.4 105.8 101.6 93.5 82.9 65.9 63.3 50.4 41.7 42.3 44.1 47.8 51.1 55.8 55.8 56.1 55.5 49.8 53.1 53.4 52.8 46.3 45.8 44.1 48.3 31.5 25.2 29 28.8 29.5 30.7 34.1 30.6 29.6 28.6 30.4 34.2 33.3 44.9 48 49.4 47.6 49 53.2 57.2 61.7 65.8 71.7 73.9 71.9 67.2
41.4 39.7 38.3 40.3 42 39.7 38.8 44.7 51.2 54.3 58.4 64.4 65.1 73.9 78.5 86.6 88 98.2 93.7 91.5 87.1 82.9 78.5 74.9 75.2 74.9 82.2 87.5 91.6 98.8 103.2 106.4 108.4 108.5 106.4 100.6 95.5 92.7 73.7 64 50.7 42 41.8 43.7 52.2 51.1 52.4 55.8 55.1 53.3 50.5 52.4 56.5 55.4 49 45.3 43.2 40 29 21.8 31.5 29.6 29.3 30.1 28.2 27.5 27.7 26.3 30.9 29.8 32.2 48.1 53 55.5 53.8 50.4 51.4 53.3 52.3 56 62.3 64.6 63.4 59
48.4 42.1 39.2 38.8 44.3 42.3 42.6 42.7 51.6 59.4 65.2 70 68.7 71.4 72.1 80.5 87.9 91.7 85.9 86.8 87.4 80.5 78.6 78.2 78.4 75.5 86.8 93.2 94.5 97.4 104.7 110.7 111.7 106.2 100.9 99.1 95.5 88.9 74.5 61.4 52.2 42.8 42.4 45.2 48.8 48.7 49.8 55.5 56.9 56.1 52.3 52.1 55.8 55.3 49.4 47.4 47.4 39.3 29.8 21.4 27.7 30.5 28.4 30.4 24 23.7 22.9 21.6 22.7 25.1 29 34.6 48.3 57.3 57.5 55.6 53.1 52.9 49.6 48.1 47.6 51 51.9 50.3
54 47.5 45.4 42.9 41.8 49.4 46.2 44.7 52.2 64 68.3 71.2 63.5 77.8 82.9 78.4 82.1 82.7 80.6 83.7 92.3 93.6 89.7 84.6 81.4 78.1 82.3 86.6 89.7 93.7 95.4 98.9 99.8 100.5 106.3 108.5 109.8 101.3 82.3 64.9 58.5 44.5 41.6 42.9 44.9 47.1 48.8 55.1 56.9 58.5 55.6 53.7 53.8 50.6 48.4 46.7 50.3 45.9 29.9 25.9 25 28.4 26.2 23 19.6 19.7 19.9 19.6 19.7 20.2 23.1 28.7 37.6 53 58.8 58.2 54.3 50.9 49.2 49.2 46.7 45 44.1 44.5
57.9 53.6 49.8 48.8 42.4 46.5 44.2 44.2 54.9 59.4 63.9 65 60.9 67.8 73.6 76.9 69 65.2 70 70.8 85.7 89 90.9 86 86.4 84.9 79.9 82.6 83.3 88.3 96 99.8 101.3 103.4 107.7 110 111.4 104.6 88.6 69.2 55.8 45 40.9 42 43.3 48.6 48 47.5 50.6 57.5 61.5 55.5 58.6 57.4 51.5 44.1 43.3 34.4 30.2 25.5 18.8 27.5 29.1 22.5 19.1 18.3 18.5 18.4 18.2 19.1 19.5 24.5 29.6 45.7 62.7 59.4 56.5 53.2 53.7 51.2 54.4 51.7 47.2 41
65.1 60.8 55.6 49.2 46 43.1 41.9 42.8 49 54 54 55.1 57.3 64.5 65.7 63.5 61.6 61.4 69.3 70.3 73.3 84.3 90.7 87.2 84.2 86.4 79.3 77.1 82.7 89.8 101.4 104.8 104.5 102.4 106.1 103.3 100.9 95.5 84.4 67 55.5 41.4 40.5 40.5 42.5 44 43.9 45.8 52.2 62.7 65.9 61.1 57.5 57.5 60.6 50.9 38.3 34.7 33.8 24.9 23.1 23.6 32.7 18.7 17.9 17 16.4 16.3 16.5 16.7 17.6 21.2 43.1 74 74.3 75.9 56.2 55.2 52.7 51.5 52.2 50.8 47.8 45.3
68.3 66.2 60.1 51.2 47 44.3 43.6 42.1 42.5 44.6 46 51.2 55.8 63.5 61.6 63.5 54.2 55.7 57.4 60.7 67.7 75.2 79.6 76.3 80.2 76.6 74.7 73.9 75.6 80.5 88.9 91.1 89.9 90.7 92.8 94.3 90.8 86.4 74.7 61.3 53.5 40.7 40.5 40.5 41 42.1 47.1 54.2 55.3 63.8 70.2 64.3 55.6 53.3 60.1 53.9 34.8 32.6 27.7 23.7 21.2 22 23.9 16.9 17.2 16.6 15.9 15.7 15.7 15.7 16.3 21.5 44.8 70.7 80.8 72.5 63.8 42.5 50.6 50.6 47.7 45.3 45.1 45.6
68.2 64.2 56.5 51.7 47.1 44.9 42.9 40.6 43.1 44.2 45.2 44.9 45.4 48.2 49.5 51 49.2 48.5 49.1 52.1 55.6 57.8 60.7 67.4 70.9 61.4 58.5 63.1 62.1 68.6 71.5 74.4 76.6 79.4 76.3 76.8 70.5 66.7 61.3 54.2 45.7 40.6 40.5 40.5 43.3 47.4 56.7 59.8 59.2 62.2 64.8 67.7 57 52.5 54.8 50.8 36.2 31.9 27.6 22.8 18.1 14.3 12.8 11.9 14.5 15.3 15 15 14.8 14.5 16.5 20.7 48 62.1 71.4 68.7 47.8 29.5 56.9 52.4 46.4 41 41.6 42.7
68.9 65.3 67.8 71.7 66.2 53.2 41.9 40.6 40.6 42 43 42.7 43.5 44.3 45 45.6 46 46.9 49 50.6 50.4 51.7 52.8 54.4 54.6 55.8 56.9 58.5 63.3 66 65.8 67.9 71 71.7 69.7 66.5 60.4 56.4 51.8 47 44 41 40.5 40.9 44.5 46.8 58.7 67 66.6 64.6 67.5 64.7 60.4 52.2 58.7 44.8 34.1 31.2 28.7 23.7 18.4 16.4 16.1 24.2 9.1 13.3 14.8 15.4 15.8 14.2 23.9 14.6 38.9 50 57.3 61.9 26.1 37.8 44.7 47.1 41.6 36.4 40.5 42.2
81.6 87 83.4 84.7 73.5 71.4 59.8 44.8 40.6 40.7 42 42 42.6 44.9 50.8 50.8 48.3 50.7 53.3 53.2 52.6 54.8 64.7 65.5 68.6 67.1 60.4 66 71.1 77.3 80.9 84.7 86.6 87.9 80.1 74.1 63.6 60 49.7 49.1 47.9 41.7 41.9 43.4 44.7 49.7 57.5 66.5 65.4 64.1 69.7 67.6 59.8 51.1 51.3 38.6 32.7 30.8 25.6 22.4 17.5 14.7 9.8 7.9 8.2 9.3 10 9.6 10.4 12.5 11.2 13.6 34.3 38.3 40.9 29.2 18.6 24.3 26.9 40.5 34.5 34.2 38.2 46.2
85.7 89 89.9 85.1 81 81.1 74 65.1 43.6 45.7 43.9 42.8 43.6 45.6 56.9 73.3 73.2 64.2 65.6 65.1 59 64.2 72.4 78 81.9 78.4 75.7 72 80.8 82.7 85.4 89.7 89 88.1 86 76.6 70.6 58.9 51.2 51.5 47.4 42.6 46 42.1 48.1 46.9 56 63.2 65.9 64.3 72.6 68.9 64.9 57.8 49.5 36.8 35.3 26.8 23.5 20.9 16.4 8.4 7.1 6.6 6.3 7.8 8.4 7.8 7.6 8.5 9 11.6 32.5 35.3 32.1 13.4 17.6 14.6 23.9 34.9 24.8 29.6 34 49.7
84.5 91.3 82.1 80.1 83.4 83.5 81.7 73.1 57.7 51.4 50.9 46.4 43.5 47.6 62.3 73.1 71.7 72.3 78.9 76.2 77.3 87.9 86.8 82.7 82.1 83.4 80.7 70.8 77.9 81.3 84 89 97.6 97.2 87.8 80.4 71.4 60.5 50.8 49.2 45.2 44.2 48 42.4 43.6 45.9 56.9 60.9 59.1 63.4 66.1 65.5 64.5 57.6 37.5 36.6 54.2 36.2 23 19.7 18.5 7.9 5.8 5.2 5 5.7 7.1 6.9 6.6 6.9 7.6 8.3 12.2 12.6 9.8 12.4 13.2 11.8 22 17.5 21 25.2 35.1 55.1
82.1 80.1 77.6 75.8 82 85 81.2 75.6 63.8 52.5 54.3 47.4 45.5 47.1 54 66.6 64.8 71.1 79.8 83.8 83.3 92.9 104 97.2 99.5 96.9 89.6 72.9 84.4 88.9 94.3 94.6 97.2 102.7 95.4 88.8 72.1 61.7 49.5 47.8 45.9 45.3 44.1 43.1 42.9 44.6 52.3 58.4 63.8 67.5 65.5 69.6 64.2 54.3 32.2 31.5 39.4 32.6 24.9 19.6 19.6 6.6 5.3 5.2 3.3 6.4 11.6 5.7 6 6.8 8.3 8.1 7.8 7.5 8.8 11.8 10.2 9.7 10.7 14.6 18.7 25.8 44.2 54.4
72.2 72.9 68.8 68.1 73.9 76.5 77.7 82.6 73.1 57.8 57.5 57.3 45.7 48 53.5 62.1 66.1 80.6 85.8 90.5 99.1 99.3 103.4 103.2 98 95.9 92.3 83.6 79.4 91.2 91.8 89.8 89.3 102 102.6 96.7 82.6 68.1 51.9 53.6 47.4 45.5 45.4 46.6 42.7 50.7 53.9 60.7 63.8 65.3 66.6 69.9 63.2 37 28.7 27.7 29.3 26 22.1 18.5 25.9 5.7 5 4.3 4.9 5.6 4.5 3.7 5 5.1 5.1 8.1 9.9 8.3 8.7 8 8.6 8.9 8.2 11.9 22.1 37.6 47.2 51.9
63.9 64.5 64.7 66 67.4 72.6 76.3 86.2 74.9 62.4 53.1 53.7 47.9 47.9 55.7 56.1 68.3 79.8 86.6 98.6 103.4 111.1 109.9 109.4 107.3 98 93.9 92.3 79.1 82.9 84.4 90 84.8 83.8 89.9 84.7 72.7 60.7 58.9 58.3 52.8 47.5 46.1 46.3 44 46.2 51.5 57.7 65.5 64.5 65.9 73.8 58.2 31.3 23.6 24.2 26.6 25.1 15.4 11.5 9.7 3.7 3.5 -1.3 2.5 2.6 2.3 2.3 2.2 2.7 2.5 5.1 8.3 5.3 8.9 8.1 7.5 7 7.9 13.2 28.6 40.2 47.6 54.1
62.2 62.2 64 66.7 68.3 72.9 76.4 79.3 77.6 63.5 50.4 53.7 49.4 48.1 52 58.9 66.7 77.2 84.2 96.7 100 103.4 105.5 112 106.7 102.6 95.4 89.2 83.3 82.7 83.5 83.1 81.8 80.6 79.2 78.5 75.1 62.2 60.2 68 57 52.7 49 46.2 44.7 43.9 51.7 59.4 66.3 66.5 64.3 67.6 44.6 33.1 21.1 20.2 30.1 18.4 8.2 7 4.1 2.2 0.8 -1.3 0.3 1 1.2 1.4 1.6 2 2 4.1 4.1 5.2 9.9 9.1 5.8 7.4 8.8 31.9 43.6 46.8 51.1 53
60 62.6 66.3 69.9 69.5 73 77.2 81.9 82.6 68.4 52.6 49.4 49.8 51 51.1 53.1 57 65.7 81.4 90.3 98.9 98.6 99.5 99.8 99.8 98.5 99.2 96.5 87 84.4 85.1 83.4 83 79.8 78.4 81.7 82.6 64.7 66.7 64.7 57.4 53.2 49.8 48.1 45.7 43.8 57.4 63 67.4 68.4 68.6 58.3 32.9 28.8 18.3 18.2 29.8 11.4 6.3 2.3 1.7 1.3 -0.1 -1.3 -1.3 -0.1 0.3 0.4 0.7 0.8 0.9 1.3 1.5 1.9 3.7 7 4.9 5.4 26.4 44.6 51.2 55.2 59.3 58.4
62.7 65.8 71.2 73.5 74.3 75.9 75.9 75.8 73.7 63.3 54.7 47.3 47.3 49.3 51.7 55.2 63.9 69.5 88.2 92.8 95.5 98.8 99.3 102.1 106 107.7 101.6 94.7 92.2 90.9 86.5 85.2 84.8 85.5 81.9 75.7 72.4 66.4 71 80 73 56.3 53.9 51.8 48.2 44.6 55.1 64.1 67.2 78.7 67.3 37.3 25.7 21.5 16.5 15.6 16.9 8.7 2 1.3 0.7 0.2 -0.7 -1.3 -1.3 -1.3 -0.6 -0.5 -0.3 -0.4 -0.3 0.1 0.4 0.9 1.4 2 2.5 4.9 11 42.7 51.5 60.2 63.8 57.6
64.1 70 76.3 80.5 81.8 78.9 77.1 77.1 71.7 60 54.5 45.9 46.2 49 53.8 64.8 63.1 66.1 83.2 88 95.2 102.2 109.2 114.4 119 115.3 112.1 106.9 102.3 102.2 105.2 97.1 91.7 97.5 92.7 83.1 77.4 66.1 71.5 73.3 69.3 57.5 53.3 51.1 50.4 45.2 48.7 58.1 63.4 79.2 79.4 67.4 47.5 15.6 8 6.7 2.1 1.3 0.9 0.3 -0.3 -1.3 -1.3 -1.3 -1.3 -1.3 -1.3 -1.3 -1.3 -1.3 -1.3 -1.3 -1.3 -0.2 0.4 1.1 1.5 2.2 22.2 36.3 48.5 61.4 60.1 61.3
63.2 69.7 80.1 79.8 79.6 79.1 78.9 79 74.9 65.4 55.3 46 42.1 43.2 48.8 55.1 58.9 60.6 66.8 83.4 94.9 107.7 114.1 115.6 117.6 118.2 119.1 115.8 111.2 110 117.7 119.9 106.1 96.5 98.4 93.4 84.9 67.5 69.4 72.8 66.7 59.5 54.1 50.2 48 48 51.5 56.9 60.7 69.7 74.1 65.6 49 17.5 7.6 2.2 2.2 0.2 -0.5 -1.3 -1.3 -1.3 -1.3 -1.3 -1.3 -1.3 -1.3 -1.3 -1.3 -1.3 -1.3 -1.3 -1.3 -1.3 -1.3 0 0.5 1.8 12.2 31.8 49.6 62.4 45.7 58.1
64 68.1 75.6 77.7 78.7 79.7 79.1 78.2 73.5 66.8 58 44.1 41.6 42.4 43 48.2 49 55.7 69.4 92.2 101 105.5 116.6 116.2 118.8 124.2 123.1 117.7 120.1 117.6 117.5 124.1 122.6 110.7 100.7 91.1 82.5 68.8 71.3 68.1 67.2 64.4 57.7 51.2 48.4 48.8 51.3 59.5 59 65.4 66 52.6 39.5 15.4 4.6 2.2 -1.3 -1.3 -1.3 -1.3 -1.3 -1.3 -1.3 -1.3 -1.3 -1.3 -1.3 -1.3 -1.3 -1.3 -1.3 -1.3 -1.3 -1.3 -1.3 -1 -0.2 1.1 7.3 26.9 44.2 44 45 54.9
63.5 66.2 70.8 75.6 78.2 78.5 77.6 75.4 74.2 67.5 59.6 45.7 40.7 40.8 42.1 43.6 46 57.1 69.4 85 98.4 96.1 101 111.7 117.7 120.9 121.9 119.3 119.1 119.9 117.4 119.3 119.2 114.5 100.6 91.8 84.3 69.9 73.2 75.5 65.8 58.4 53.9 51.4 49.7 50.2 51.6 57.1 59.5 58.9 57.7 44.6 20.3 9.1 9.1 1.6 -1.3 -1.3 -1.3 -1.3 -1.3 -1.3 -1.3 -1.3 -1.3 -1.3 -1.3 -1.3 -1.3 -1.3 -1.3 -1.3 -1.3 -1.3 -1.3 -1.3 -1.3 -1.3 2.8 18.1 39.5 28.7 47.6 29.3
64 67.9 74.9 79.6 82.1 80.9 79.3 86.4 89.6 83.1 69.4 44.3 40.4 40 41.6 43.2 46.1 59.3 68.7 76.6 84.5 89 93.1 103.3 116.9 116.7 120.1 118.7 118.7 118.6 116.1 114.1 115.4 116.2 109.5 90 82.2 70.8 72.8 78.1 70.2 60.9 59.8 53.1 53.8 50.8 51.8 58.3 62 43.1 38.5 36.5 24.5 8.2 8 2.1 -1.3 -1.3 -1.3 -1.3 -1.3 -1.3 -1.3 -1.3 -1.3 -1.3 -1.3 -1.3 -1.3 -1.3 -1.3 -1.3 -1.3 -1.3 -1.3 -1.3 -1.3 -1.3 2 14.7 19.5 34.4 33.5 17.4
65.9 70 80.1 86.7 90.6 87.2 82.7 89.8 96.6 94.6 77.3 51.3 40.5 39.2 41.7 42.7 44.3 55.3 72.7 78.4 86.9 94 92 94.8 98.3 106.3 109.1 112.3 114.3 114.5 113.6 111.1 111.9 110 101.5 95 77 72.3 71.7 74.1 68.8 65.4 64 56.9 55.5 54.7 48.7 59 58.3 52.2 36 29.8 23.9 6.1 2.4 0.5 -1.3 -1.3 -1.3 -1.3 -1.3 -1.3 -1.3 -1.3 -1.3 -1.3 -1.3 -1.3 -1.3 -1.3 -1.3 -1.3 -1.3 -1.3 -1.3 -1.3 -1.3 -1.3 -1.3 8.8 -1.3 16.1 17.8 2.3
74.2 71.5 77.6 91.1 94.7 90.9 86.4 92.2 97.6 94.5 78.9 63.1 42.7 38.4 39.7 41.6 44.7 59.7 61.6 71.6 87.6 99.9 101.9 99 102.8 109 110.8 112.8 113.2 113.5 111.1 108.5 109.4 103.3 92.8 86.7 81.1 73.5 70.3 69.9 70.3 66.1 64.4 64.4 58.6 55.8 48.9 42.3 51.4 34 35.2 31.3 7.9 3.2 1.1 -1.3 -1.3 -1.3 -1.3 -1.3 -1.3 -1.3 -1.3 -1.3 -1.3 -1.3 -1.3 -1.3 -1.3 -1.3 -1.3 -1.3 -1.3 -1.3 -1.3 -1.3 -1.3 -1.3 -1.3 -1.3 -1.3 -1.3 -1.3 -1.3
77.9 82.2 74.4 87.1 95.7 93.7 90.1 94.3 94.2 92.4 82.6 71.7 48 39.1 38.7 41.2 43 47.1 60.8 73.4 88.9 96.3 99.9 102.3 104.7 107.6 113 111.5 113.2 114.2 110.2 106.4 110.8 103.1 98.4 88.6 80.2 75.5 77.1 70.1 63.6 63.9 63 64.3 65 58.3 49.8 34.7 41.9 31.5 18.8 24.1 2.2 2.4 0.3 -1.3 -1.3 -1.3 -1.3 -1.3 -1.3 -1.3 -1.3 -1.3 -1.3 -1.3 -1.3 -1.3 -1.3 -1.3 -1.3 -1.3 -1.3 -1.3 -1.3 -1.3 -1.3 -1.3 -1.3 -1.3 -1.3 -1.3 -1.3 -1.3
77.1 81.5 76.3 81.9 91.7 93.9 92 99.8 96.2 90.4 82.4 69.9 57.5 39.1 37.3 38.9 42.8 51.5 63.6 83.4 88.5 87.3 94.3 101.1 102.3 111 112.2 107.6 107.8 110.9 105.7 97.2 94.6 91.8 86.5 77 74 76.2 77.2 78.2 73.7 61.2 57.2 62.8 66 58.9 51.2 32.4 41.8 29 16.1 19.3 -1.3 -1.3 -1.3 -1.3 -1.3 -1.3 -1.3 -1.3 -1.3 -1.3 -1.3 -1.3 -1.3 -1.3 -1.3 -1.3 -1.3 -1.3 -1.3 -1.3 -1.3 -1.3 -1.3 -1.3 -1.3 -1.3 -1.3 -1.3 -1.3 -1.3 -1.3 0.9
74.5 74.4 77.9 77.6 87.9 90.1 90 99.6 96.2 87.6 79.6 72 57 39.5 37.2 40.6 43.1 59.8 71.3 87 100.3 99.3 92.9 94.9 98.9 98.6 103.2 100.7 100.2 100.5 99.3 99.7 98 87.3 81.5 75 68.5 69.5 69.3 69.5 68.1 65.9 60.3 55.2 51.2 47.7 51.2 32.3 28.7 32 11.6 18.3 -1.3 -1.3 -1.3 -1.3 -1.3 -1.3 -1.3 -1.3 -1.3 -1.3 -1.3 -1.3 -1.3 -1.3 -1.3 -1.3 -1.3 -1.3 -1.3 -1.3 -1.3 -1.3 -1.3 -1.3 -1.3 4.1 -1.3 -1.3 -1.3 -1.3 -1.3 -1.3
