UK/data/st/st29_OST50GRID_20230518/ST29.asc
ncols 200
nrows 200
xllcorner 320000
yllcorner 190000
cellsize 50
[rows 35 to 69 of 200, columns 0 to 79 of 200]
251 253.8 259.8 264.9 266.7 265.8 262.2 250.9 245 239.3 235.1 231.7 229.1 225.5 217.7 209.9 202.9 196.2 187.1 174 161.1 153.4 147.1 137.9 118.2 113.3 111.9 113 119.4 143.6 179.2 195.9 212.5 227.8 236.7 243.4 250.1 255.7 260.7 265.7 269.6 272.6 275.6 278.8 282.5 286.4 289.6 292.7 295.8 297.9 299.8 300.5 301.1 302 302.6 304.3 305.6 306.7 309.1 314.7 319.6 325.9 339 349.8 357 361.5 364.6 367.7 369.4 370.8 372.3 373.4 372.2 369.3 353.6 343.4 360.8 371.4 381.2 388.7
250.8 255.2 260.1 264.7 265.7 264.4 259.5 249.7 243.8 239 235.6 232.3 229 225.4 218.4 209.7 201.6 194.6 186.6 172.9 159.8 151.4 145.5 126.4 114.9 112.4 111.9 112.9 118 148.3 182.3 196.2 213.3 227.7 236.3 244.1 251.2 257.3 259.8 264.6 269.5 272.6 275.4 278.7 282.4 285.4 287.8 290.1 290.8 292.2 292.1 291.2 289.5 285.5 285.8 286.4 286.8 289.1 293.5 296.1 313.7 329.2 341.6 350.2 356.1 359.6 362.6 365.1 366.7 368.1 371.1 373.9 374.3 372.9 366.7 364.8 372 380.6 387.5 393.7
250.4 255.1 259.4 262.7 263.3 262 256.8 248.4 243.2 238 234.5 231.3 228.5 225.1 218.9 209.1 201.4 193.9 185.6 172.2 159 148.8 142 130.5 112.8 112.2 111.9 111.2 126.4 152.1 179.3 191.7 208.3 225.6 235.1 243.5 250.9 256 258.7 263.2 269.2 272.1 274.7 277.3 280.2 282.5 284 284.2 284.5 283.5 281.7 276.4 269.8 265.5 264.1 265.2 266.8 277.7 294.1 310.6 324.9 335.9 343.7 349.8 353.8 356.6 359.4 362 364.6 366.7 369.6 372.3 373.2 375.4 375.6 377.3 379.8 385 390.2 394.4
250 253.1 256.7 260.2 260.6 259.2 255.8 246.9 241.8 237.2 233.2 230.2 227.6 224.1 218.1 208.5 201.4 194.5 186.1 171.2 158 146.8 139.1 133.2 116 112.7 114 113.3 117.1 149.6 173.9 186.9 204.3 222.7 233 242.4 249.3 254.5 258.2 262.2 266.9 269.9 272.1 274.4 276 277 277.4 276.5 275.6 271.3 265 256.7 249.5 246.1 247.9 262.5 277.1 293.2 307.3 320.3 330.4 339 344.1 348 350.4 353.3 356.1 358.7 361.7 364.7 367.8 370.5 373.4 376.5 379.1 381.5 384.4 387.6 391.5 395
248.5 249.8 252.9 256.6 257.1 256.4 254.2 247.4 241.1 235.8 231.4 228.9 226.1 221.3 215.2 207.3 200.4 193.5 185.8 170.7 161.5 144.9 137.7 132.4 117 112.8 114.9 116.5 117.4 154.6 169.5 183.6 199.5 218 232.5 242.3 249.9 253.6 256.6 260.6 264.7 267.2 268.5 270.1 270.3 270.2 269.3 265.4 259.3 252.9 246.1 238 233.7 243.6 261.1 277.3 291.7 304 315.3 325.9 333.3 338.2 342.6 344.9 346.9 349.7 352.8 355.5 359 362.4 366.4 369.7 373.7 377.5 380.4 382.9 386 389.4 392.8 395.6
247.2 248 249.6 252.3 253.3 252.8 250 245.6 240.3 233.2 229.1 226.2 223.2 217.9 212.8 206.9 198.7 192.3 184.3 170.1 160.9 142.9 134.6 130.6 111.1 112.6 110.6 119 140.1 155.2 165.9 181.1 195.6 212.9 229 241 248 251.7 255.1 258.5 261 263.2 263.3 265.1 263.1 259.2 254.4 248.1 240.1 233.3 225.7 221.5 239.2 257 275 288.3 299.2 310.1 319.3 328.1 332.5 336.8 339.7 341.2 342.5 345.7 348.7 352.5 356.3 360.3 364.7 369.5 373.6 377.3 381 384.1 387.4 391 394.1 396.8
244.2 245.5 245.4 247.4 248.5 248 246 244.1 238.5 232.2 227.3 223 219.6 215.5 211.2 204.9 197 190.2 181.8 170.6 159.4 141.1 131.7 121 110 113.3 114 125.1 141.6 151.5 162.5 175.3 192.6 209.2 224.6 238.1 243.9 247.4 250.3 252.9 254.6 255.2 254.4 252.9 249.1 244.3 236.3 225.7 219.4 212.9 213.7 231.9 251.1 267 281 290.3 301.1 310.8 320.3 326.9 331 334.4 336.1 336.8 336.3 338.9 344.7 349.5 354.4 359.1 363.9 368.7 373.6 377.3 381 385 388.6 392 395.3 398.3
242.2 242.1 242.1 244.3 244.1 243.7 242.7 241.5 236 228.3 224.1 219.6 215.9 211.8 207.1 201.1 193.8 186.6 179.7 169.3 159.9 142.5 126.5 110.6 112.3 110.5 115.8 126.9 141.5 148 154.1 165.6 190.1 206.5 221.4 232.2 239.5 241.9 243.9 246.7 246.8 245.2 243.4 239.7 234.2 224.4 213 210.1 203.6 203 214.6 233 252.9 268.9 279.6 288.3 297.4 306.4 314.9 324.1 328.6 331.8 332 327.3 324.9 332.4 340.6 347.9 353.1 358 362.9 367.9 373.5 377.4 381.6 385.6 389.2 392.9 396.1 398.7
237.9 237.7 238.5 239.7 240.9 240.2 239.4 237.6 231.6 224.2 219.8 216 212.6 207.8 202.5 196.1 189.2 182.5 178 168.9 160.5 143.3 120.4 109.5 113.6 111.2 116.6 127.9 140.5 147.3 152.2 165.2 192.3 207.1 218.2 225.6 231.9 234.1 234.5 235.6 235.7 233.9 230.9 223.4 214.3 212 213 204.3 193.4 198.8 209.5 219.5 233.5 249.5 265 277.3 290.1 299.2 307.7 314.5 321.8 322.3 321.1 313.2 316.1 322.2 335.6 345.6 351.4 357.1 362.8 366.9 372.6 377.9 382.5 386.2 389.7 393 395.3 397.4
233.6 234.4 235.2 236.3 238.1 237.8 236.9 234.5 227 220.1 216 212.8 207.9 202.1 196.2 190.9 185.1 179.9 175.4 169.3 161.5 144 116.7 110.2 114.9 114.7 117 128.2 138.9 144.2 152.9 166.7 192.6 204.2 211 218.8 224.2 226.3 227.2 227.2 225.6 222.1 216 208 209.5 210.4 198.4 199.3 204.2 208.3 210 209.9 214.5 227.3 240.9 258 275.1 289.2 299.3 305.8 307.6 307.9 305.9 298.5 308.5 328.3 341.5 346.9 353.1 357.6 361.9 366 371.5 376.8 382.1 386 389.2 391.7 393.5 394.4
229.2 230.9 231.8 233.2 234.9 235.2 234.8 230.9 223.1 215.5 213 209.3 203.2 198.7 192.2 187.3 182.2 176.5 172.8 167.8 161.1 145.3 115.8 111.9 110.9 119.1 117.6 128.3 138.7 145.9 159.4 175.3 191.5 199 205.7 212.2 216.7 219.2 219.4 218.8 215.3 209.7 200.8 196.9 208 197.1 202.1 211.5 223.5 227.7 228.9 227.7 228.7 230.6 231.4 232.4 250.7 269.8 283.2 285.8 285.9 285.8 290.6 311.7 326.7 333.4 342 348.1 352.3 356.7 361.4 365.8 371 375.4 380.3 384.3 387.1 389.1 390.5 390.9
225.7 228.3 229.1 230.5 231.7 231.9 231.1 225.8 215.9 212.8 211.1 206.9 200.1 194.5 188.4 184.1 179.4 173.6 169.5 163.8 156.8 147.8 114.6 112.7 116.9 119.6 118.3 128.1 138.3 151.2 166.6 182.6 191.8 197.4 202.1 206.8 210.2 211.7 212.1 208.4 203.7 195.5 194 195 197.8 193.7 207.8 224 241.5 248.5 250.6 249.2 251.4 252.9 254.7 252.4 251.8 246.4 258.1 270.4 282 295.2 311.5 328.2 336.8 340.5 343.9 348.3 352.6 356.8 361.1 365.9 370.1 374 378.6 382 384 385.7 386.2 386.9
220.2 224.2 225.6 226.9 228.3 227.9 224.1 215.9 210.9 210.9 209 204.8 197.9 191.1 185.4 181.1 176 170.7 165.4 158.2 149.9 144.4 114.2 112.6 113.1 115 118.8 127.2 139.7 155.7 172.7 184.8 190.5 194.4 197.6 200.7 203.6 204 203.7 199 189.8 186.1 187.2 194.9 193.8 197.7 220.9 243 259.4 266 272.6 277.9 281.1 283.4 284.6 281.9 279.9 281.2 287.1 298.8 308.9 320.1 329.3 335.1 339.2 343.3 346.6 349.5 353.2 357.4 361.4 365.4 369.1 372.9 376 378.9 380.6 380.6 381.3 382.3
215.6 219.9 221.4 222.4 222.5 220.8 217.1 210.9 208.1 207.5 207.5 202.2 195 188.5 183.6 179 173.6 167.7 159.7 150.6 144.2 132.9 114.5 112.4 113.5 114.5 118.6 125.7 139.5 158.7 175.4 183.5 188 189.9 192.5 195 196.8 197.2 191.4 184.1 184.3 185.2 185.9 188 193.1 213.6 238.8 255.4 268.8 277.8 285.5 292.2 295.8 300 302.8 305.2 309.3 311.9 316.4 322.7 330.1 335.2 337.7 338.8 342.8 344.5 347.5 350.5 352.8 356.2 360.3 364.1 367.5 370.8 373.3 375.5 376.1 375.7 376.1 377.5
209.7 215.3 216.5 217.3 217 214.2 211.1 207.6 205.3 203.7 201.3 198.3 191.9 187 181.6 175.6 170.7 163.3 154.2 144.5 139 130.6 126.9 112.6 112.5 114.3 117.6 124.7 141.5 161.2 173.7 180.5 183 185.2 187.6 189.5 189.1 184.6 178 179.2 181.2 184.1 185.3 188.4 212.1 230.6 249.6 264.9 276.7 286.9 294.2 299 303.1 308 312.5 316.1 321.7 326.2 330.7 334.3 337.2 339.9 341.3 342.7 344.1 345.8 348.1 350.8 353 355.6 359.1 362.6 366 368.2 370.4 371.1 370.8 370.5 370.6 365.6
199.6 204.5 207.6 209.5 209.9 207.8 205.8 203.9 202.7 200.4 197.5 192 189.8 184.7 178.2 173.6 167.4 159.3 150.7 141.4 133 127.5 118.7 112.6 110.2 114.3 116.1 123.1 140.8 161.3 173.4 176.4 179.9 181.6 182.3 181.4 177.1 173.3 174.7 177.4 180.5 180.9 183.8 204.4 225 242.5 259 273.4 283.9 291.9 298 302.4 306.8 311.2 315.1 319.8 325.5 330.1 333.7 336.5 339.2 340.9 342.2 343.6 345.3 347.1 348.8 350.9 353.1 355.2 358.1 361 363.7 365.2 365.6 366.1 365.7 365.3 358.2 354.1
186.6 191.8 196.1 198.1 200.3 201.1 201.1 202.1 201.2 198.4 193.9 191 189.4 180.9 174.8 170.3 164.6 153.2 143.5 138.1 131.2 124.9 114.3 111.6 112.2 112.3 113.5 120.3 140.2 160.2 169.7 173.9 176.3 176.9 175.9 173.3 168.3 160.7 172.2 174.5 178.3 179.9 195.1 215.9 233.3 251.7 268.3 279.1 288.8 295.5 299.6 303.9 308.4 313 316.9 321 327.1 331.6 334.8 337.5 339.5 340.5 341.7 343.2 345.3 346.9 348.5 350.6 352.8 355 357.3 359.7 360.9 361.3 361.4 361.2 360 353.2 342.5 359.1
179.8 185.7 189.3 191.6 192.8 194.3 197.4 199.5 200.2 196.2 193.8 193.5 186.1 177.8 171.4 164.9 157.9 145.9 138.1 131.5 126.5 121.7 111.7 110.1 112.2 113.4 113.9 118.1 138.6 158.4 167.8 171.9 173.9 172.4 169.5 166.9 160.2 151.7 159.1 172.6 176.6 190.3 210.7 226.3 244.7 260.5 274.8 283.7 291.5 296.5 300.7 305 309.6 314.4 318.6 322.2 327.9 332.1 334.5 336.8 338.1 339.5 340.6 342 344.3 346 348 350.3 352.7 355 356.9 358.4 358.7 357.7 356.9 354.5 346.9 334.2 348.7 365.2
175.8 180.9 183.2 185.2 186.6 188 190.9 194.7 195.3 192.2 193.2 193.2 182.8 176.2 166.8 158.2 148.9 141.1 130.3 126.1 122.2 118.3 111.2 107.4 112.4 113.7 113.6 118.4 139.2 160.2 167.6 170.7 171.8 166.4 163 158.7 150.7 147.4 157.4 172.8 186.4 205.3 223.6 243.6 257.3 269.7 278.4 287 292.5 297.7 301.6 306.2 310.8 314.7 318.6 322.8 327.6 331.2 333.4 334.7 335.7 337.1 339.1 340.8 342.6 345.4 347.8 350.3 352.7 355.1 356.9 356.1 356.1 356.2 353.1 342.4 328 338.4 357.3 367.6
172.3 174.8 178.8 180.5 181.6 182.6 185 187.1 187.5 187.2 192.2 187.2 180.2 172.3 162.5 152.1 141.4 133.3 124 121 118.3 112.1 111.6 111.2 112.9 113.4 113 118.9 144.8 161.3 166 168.4 166.5 163.5 156.4 147.3 146.2 156.8 168.3 182.5 202.3 219.5 236.2 252.6 263.3 274 283.2 292 295.2 297.7 302.5 307.5 310.7 314.2 318 322.3 326.7 329.5 330.9 331.6 331.5 333.2 335.4 338.1 341.4 345.3 347.8 350.1 352.7 355.1 355.4 354.3 353.9 352.5 346.5 325.9 325.5 346.5 362 371.7
173.2 163.2 168.6 173.6 175.6 177 178.6 179.3 180.3 182.3 181.7 180.2 175.4 166.2 157.1 147 138.9 128.8 121.8 117.6 115.8 111.8 110.9 111.6 113.2 113.2 113 130 153.6 159.9 162.7 164.2 162.8 156.3 145.4 144 156.1 167 177.9 193.8 209.1 230.1 247.3 257.4 268.6 277.1 289.2 307.1 312.3 312.5 307.9 307.7 310.8 312.9 316.8 322 325.7 326.8 327.9 327.1 325.9 329.6 334.9 339.2 342.4 345.9 348.7 350.9 353.1 354.4 353.8 352.9 349.9 340.3 329.8 311.3 332.8 352.9 366.1 376.4
175.5 162.2 157.3 161.5 166.9 169.5 170 170.4 173.9 176.2 176.7 175 169.8 162.9 155.1 145.2 136 126.4 119.7 116.4 114.3 110.4 110 107.4 113.1 113.1 117.9 144.2 150.4 156.3 159 159.8 155.2 143.7 138.7 149.6 160.9 173.8 187.2 200.9 217.4 236.6 252.7 263.7 271.6 279.9 299.1 312.4 317.1 321.1 318.8 307.4 309.4 311.4 314.7 319.4 322.6 323.1 322.3 319.3 324.1 331.2 336.8 341.1 344.2 347.3 349.5 351.6 353.7 353 351.7 346.4 333.3 319.3 309.1 316.6 338.5 357.1 369.4 379.2
175.5 169.9 160.4 153 156.4 160.9 161.9 163.7 166.2 168.8 170.6 170 167.5 161.8 154.7 147 137.5 125.6 117.8 115.1 113.5 110.2 109.5 105.8 111.9 113.5 124.6 143.2 148.7 153.2 154.9 153.3 143.4 133.7 147 154.7 167.2 182.5 196.2 210.8 226.5 244.5 257 266.6 274.8 286.1 308 319.3 324.6 323.6 317.3 306.1 307.6 308.2 311.2 314.9 316.6 316.6 310.9 318.7 327.1 333.4 338.3 342.6 345.9 348.7 351.3 352.9 353.9 351.1 347.5 330.2 313.2 299.4 301.8 324 344.9 361.5 373.2 381.2
173.4 170.7 166.3 155.8 144.5 151.8 152.9 154 158.2 161 164 165.3 163.7 159.9 154.4 150 142.3 125.5 116 115.2 113.1 109.7 108.6 108.5 107.2 117.4 138.5 143.3 146.1 148.1 148.4 143.5 128.8 143.8 150.5 160.4 176.3 191.4 206.2 221.9 236.1 249.1 260.4 269.4 279.7 294 313.2 327.4 328 319.2 308.3 303.7 301.2 301.4 301.9 305.4 305.2 302.4 310 321.9 329.2 334.9 339.7 343.7 347.4 350 352.4 353.2 352.8 348.3 334.3 312 289.4 286.1 309.6 335 353 363.8 376.1 381.8
171 168.5 164.3 154.1 153.2 153.2 151.1 148.2 151.2 154.9 157.3 158.5 157.7 155 154.1 151.1 141.9 128.1 115.8 113.9 111.7 109 106.3 106.7 106.6 124.7 139.3 141.5 143.5 141.3 139.5 127 140.5 147.2 157 172.7 187.7 202.9 219.2 233.4 243.8 256.2 264.5 273.4 285.2 303.1 321.6 330.4 321.3 309.8 301.2 292.6 285.5 288.3 284 286.8 286.4 300.9 315.6 323.7 330.9 336.4 341 345.1 348.4 350.8 353 353.8 351.4 344.7 320.2 292 269 291.8 319.8 343.1 357.7 367.9 378.4 383
167.1 166.1 164.3 157.5 147 141.6 137.6 140.8 143.4 148.4 150.6 150.3 149.7 149.7 149.9 143.2 144.1 130.9 117.3 113.7 105.6 104.3 105.1 106.2 107.4 121.9 127.7 137.5 136.2 132.7 124.8 133 143.6 156.4 171.7 186.9 201.6 217.2 232.6 243.5 253.3 262.6 271.4 283.3 297.7 313.3 327.7 326.3 314.2 301 289.1 277.4 268.1 263.1 265.9 283.6 299.7 312.8 322.5 327.8 332.5 337.8 342.5 346.1 349.4 352.1 354 354.3 350.4 332.9 305.7 277.8 271.4 298.4 324.5 348.8 360.7 370.2 379.4 383.9
162.1 161.9 161.8 157.8 149.2 144.2 136.6 131.1 135.7 138.9 141.4 139.3 138.7 136.4 132.2 138.2 139.1 131.4 117.5 112.5 108.6 106.2 105.6 105 107.4 122.9 120.2 121.5 124.7 119.8 126.9 139.7 152.1 168.5 185.4 201 216.8 232 244 253.4 262.1 270.2 284.2 297.9 311.5 325.3 330.5 320.8 305.1 294.7 276.9 259.8 252.6 264.7 286.6 301.3 313.8 319.7 325.9 330.6 335.2 339.5 344 347.2 350.4 353.5 354.7 354.2 345.4 320.6 288.9 266.7 273 301.2 328.9 351.8 361.1 369.9 380.6 385.8
145 146.1 155.6 147.9 145.3 138 131.6 128.2 129.3 128.4 129.2 127.8 124.9 120.5 119.9 122 125.8 124.3 115.6 110.8 108.4 106.6 104 103.6 105.1 120 119.7 115.8 116.1 126.2 140 148.5 162.3 178.6 196 213.7 229.9 242.9 253 261.6 270.7 283.4 298.4 312.8 325.6 330.3 327.5 315.8 300.3 289 268.3 243.6 254 270.7 298.6 309.4 318.2 325 330.4 334.5 338.1 342.2 345.8 349 351.8 354 355.2 352.2 335.2 312 281.2 253.3 274.9 305.3 332.5 351.9 362.2 371.7 381.8 387.5
154.7 146.8 140.5 140.1 138.4 135.2 127 125.9 124.8 122 121.5 119.7 117.8 116.8 116.4 116.1 115.1 115 113.4 111.5 107.6 103.8 103 103.1 103.8 113.5 116.7 113.3 122.2 132.8 143.6 154.9 170.7 186.9 206.6 224.9 239.1 252 260.3 271 284.4 297.3 310.1 325.7 330.7 329.7 321.4 309.4 296.9 282.2 260.6 236.3 239.8 260 282.8 307.6 317.4 327.9 334.2 338.5 341.1 344.5 347.7 350.5 353.6 354.4 353.5 341.7 321.2 296.4 269.3 248.7 277 306.3 333.6 351.8 362.9 375.5 384.8 388.6
152 144.8 139.3 137.6 136.5 134.4 127.6 128.6 126.5 126.8 126.5 123.5 119 117 114.9 113.9 112.7 113 112.5 111.7 104.8 102.9 102.6 103 104.3 108.7 112 117.2 124.7 134.8 145.9 160.6 177.7 195 213.8 229.9 243.8 257.3 268.2 280.9 298.6 310.2 320.4 329.8 328.4 321 311.2 299.6 290.5 272.9 252 228.2 218.3 246.5 272.6 298.1 309.1 326.7 333.6 341.9 342.6 345.9 348.8 351.5 353.8 354 350.5 329.4 307.5 280.1 251.2 250.9 280.5 307.8 334 350.7 365.1 377.9 387.9 388.8
156.6 149 143.3 137.1 133.1 130.3 132.1 133.3 137 138.2 132.6 130.1 126.3 120 121.1 114.9 112.7 110.9 109.9 110.3 105.1 102.8 102.5 102.4 102.1 108.3 113 116.7 124.4 135.8 147.1 163 180.6 199.1 217.8 233.6 247.6 261.7 275.3 290.9 307.1 314.9 321.1 319.8 314.3 304.9 296.9 289.8 281.5 262.8 241 218 210.7 239.2 256.6 286.4 306.1 326.8 331.6 342 343.2 346.2 348.6 350.7 352.2 353.2 346.3 323.4 298 267.3 239.1 251.4 278.6 307 333.3 347.1 364.7 380 389.9 387.7
159.2 154.7 144.9 137.3 132.9 135.4 139.8 141.9 143.7 145.7 139.4 133.6 127.8 122.1 119 117.9 116.4 113.8 112.7 108 106.2 100.1 102.4 102.2 102.2 105.7 111.7 118.5 123.8 135.7 147.7 165.8 183.9 202.2 220.2 236.2 251.4 265.6 278.7 293.7 307.6 311.8 311.9 306.2 298.7 291.1 284.3 275 262 247.5 228.2 210.1 202.3 227.4 248.5 277.5 302.9 325.1 334.1 346.9 342.4 345.5 347.8 349.7 350.9 351.6 347.2 322.3 294.5 261.3 228.7 248 273 300.1 328.4 345.7 363.5 378.8 387.4 384.2
161.8 150.8 141.4 137.2 142.9 147.3 148.6 149.4 150.8 151.3 146.2 139 131 130.4 128.7 127.3 123 118.4 114.9 112.4 108 105 98.5 102.2 102.4 108.8 110.7 112.7 119.9 135.1 145.8 164.9 184.5 203.3 221.9 237.7 253.3 267.9 280.4 292 299 301.6 297.1 289.2 281.7 274.4 265.2 253.3 241.3 228.2 211.7 197.6 201.6 229.7 250.4 282.4 304.4 328.1 344.2 341 341.8 344.5 346.7 348.5 349.6 350.5 346.6 323.8 294.4 259.9 228.8 238.6 263.2 289.5 317.3 341.5 359.6 376.3 381.7 380.6
156.6 149.3 145.4 148.4 151.2 154.6 155.1 155.2 154.9 153 150 147.1 144.5 141.6 138.6 136.8 133.8 123.9 119.3 115.1 110.6 106.1 105.6 98.2 109 109.4 109.2 110.6 115.6 129.9 142.9 160.4 180.7 201.3 221.5 236.6 251.3 265.8 276.6 282.8 287.4 283.9 278.8 271.1 261.8 252.4 242.1 231.9 221.4 209.5 197.8 196.3 204.2 239 273.6 297.6 321.5 328.6 333.9 337 340 343 345.3 347.5 348 349.1 346.2 324.2 295.8 261.8 233 225.9 250.9 277.2 306.7 331.4 355.3 371.6 375.6 374.9
154.2 148.3 155.6 156 156.3 157.9 162.1 159.2 159.9 161.8 160.4 155.9 151.8 148 143.7 140.9 137.1 129.6 126.9 124.2 116 106.8 106.1 105 98.2 108.3 111.5 111.5 110.4 120.4 135 152.9 175 196.4 216.8 231.8 246.5 260.1 269.2 273.5 273.3 269.6 262.4 251.5 240.7 229.7 218 208.1 199.8 189.6 201.8 206 217 250.5 288.7 314.2 323 327.1 331.8 335.2 338.3 341.3 344.3 346.1 347.2 348.3 345.5 325.2 297.4 265.2 235.8 207.8 239.8 265.1 295.2 320.9 347 362.3 366.6 366.5
