UK/data/sj/sj12_OST50GRID_20230518/SJ12.asc
ncols 200
nrows 200
xllcorner 310000
yllcorner 320000
cellsize 50
[rows 140 to 174 of 200, columns 0 to 77 of 200]
272.1 273.8 279.2 289.1 291.9 295.1 296.5 295.6 295.1 293.7 291.5 288.6 290.2 293.5 304.5 310.8 316.9 312.1 314.3 311.3 306.9 303.2 299.6 300.7 298.6 301.8 306.2 306.5 309.3 309.5 306.8 303.2 300 297.1 295.3 294.2 296.5 298.6 300.7 302.6 302.9 302.2 300.9 299.1 296.4 292.8 288.6 284.8 281.5 277.2 272.8 269.3 266.9 265.4 263.7 265.6 262.9 257.9 258.3 258 256.1 253.3 248.7 243.9 245.8 247.6 247.6 249 246.9 245 240.7 235.2 231.3 226.7 221.6 218.2 217.2 220.1
291 295.1 298.3 301.3 302.3 301.8 300.5 299.5 296.8 294.5 292.7 287.7 285.4 295.1 304.8 309.4 315.3 320 321.8 319.9 316.4 305.7 299.5 288.7 287.4 286.9 287.6 304.8 311.3 313.5 315.5 315.4 312.3 307.9 306.5 304.6 302.4 300.7 301.4 301.1 300.3 297.4 295.3 292.8 289.3 285.8 283.1 278.8 275.2 271.9 268.9 266.6 264.7 263.9 266.5 268 267 264.4 258.3 255.4 254.3 252.5 249.9 242.8 249.7 252 252 251.1 250 247.8 244.6 240.8 235.9 232 227.4 222.3 220.7 222
306.1 307.1 307.7 306.4 307.4 305.7 302.6 299.2 295.5 288 284.1 280.7 282.9 290.4 301.9 312.1 318.1 322.8 326.3 323.6 320.5 313.9 298.6 278.7 276.6 273.6 274.2 289.5 309.7 312.2 315.3 318.2 317.2 316.5 317 316.4 313.8 310.2 307 303.6 301 298.1 293.7 289 286.8 284.6 280.3 277.4 273.5 270.5 268.3 267 265.6 265.2 268 270.1 269.9 267.5 264.4 257.8 253.4 250.6 248.3 249.2 252 254 256 255 253 250.4 247.9 244.9 241.8 236.5 231.2 226.6 223.6 223.1
317.7 315.4 311.3 308.2 307 306.9 304.7 301.4 297.7 290.7 277.1 276.9 286.2 295.7 302 308.5 316.3 322 321.7 319.3 316.1 313.4 302.1 276.1 271.3 270.4 261.4 270.3 285.6 300.9 305.6 303.8 303.4 301.3 304.7 308.6 312.8 316.2 315.5 312 308.3 303.2 297.5 292.7 289.4 285.7 281.7 278.5 274.9 271.7 269.3 267.4 266.4 267.1 269.4 271.6 272.2 269.7 266.4 260 254.6 252.2 250 250.8 252.7 255 256.7 257.4 255.9 254.1 251.2 248.3 244.7 239.5 234.7 230 229 227.6
320.2 315.6 311.1 306.9 305.7 307.1 305.7 302.4 298.2 289.9 277.1 271.4 275.8 283.4 294.3 303.5 312.4 317.9 317.8 313.5 310.3 309.5 301.9 280 266.6 265.8 257 254 266.6 279 282.6 283.5 282.2 281.7 285 290.4 298.2 306.6 311.4 313.1 312.5 309.1 304.9 298 292.6 288.1 285 281.7 278.7 274.6 272.2 269.6 268.4 269.7 271.9 272.9 274.4 273.2 270.2 266.2 259.2 256.7 255 253.3 254.4 257.1 258.3 259.5 258.7 256.4 254 250.6 246.4 241.1 237.5 235.4 236.1 233.8
319 314.4 308.6 304.1 303.2 304.5 305 303.3 302 293.4 275.9 265.8 267.2 269.8 281.5 293.6 305.9 313.5 316.4 311.9 305.6 297.1 292.2 279.8 261.9 259.7 254.3 245.9 254 262.3 262.3 261.5 263.1 267.9 270.1 275.5 283.6 297.6 310.4 314.6 313.5 312.7 310.8 309.3 304.7 300.3 295.4 291.4 287 283.7 281.4 277.9 273.8 273.9 275.4 276.2 277 276.3 273.8 271.3 266.2 264.6 262.8 261.9 260 259.3 259.7 260.9 260.6 258.4 254.7 250.9 246.9 244 242.3 239.7 242.2 239.8
314.5 311.7 305.5 295.9 291.7 293.1 298.4 301.2 305.6 301.7 281.7 266.1 260.9 259.7 263 275 285.5 292.6 303.8 305.8 298.8 290.7 279.7 266.8 255.5 254.2 247.5 242.4 241.7 243.3 247.7 252.1 257.4 262.7 268.9 277.4 286.6 295 305.5 315.5 321.4 322.8 319.5 315.3 310.2 304.8 299.9 296 290.4 288 285.5 282.7 278.8 278.4 277.3 279.9 280.6 280.3 278.8 276.8 274.6 272.8 271.6 270.9 268.7 266.1 263.2 261.7 261 259.2 256.2 253.5 251.5 249 247.8 244.5 245.5 241.7
303.8 302.2 299.8 291.4 284.4 285.3 289.1 296.6 305.9 303 291.4 270.4 257.7 255.2 254.1 257 264.1 269.2 277.1 288.3 288.9 283.3 272.7 252.8 250.1 248.7 241 239.5 240.1 242.5 246.7 252.5 260.4 271.7 283.4 296.4 303.4 308.6 314.6 320.3 323.5 322.4 320.4 316.2 311.6 307 302.4 298.2 293.7 291.2 289.9 287.2 285.2 284.7 284.7 285.1 285.5 285.7 286 285.3 282.7 280.6 279.7 277.3 273.5 269.9 267.2 264.6 263.6 262.9 261.5 258.2 256 253.7 251.7 247.9 243.6 240.5
290.7 292.6 291 283.5 276 278.3 285.2 299.7 305.4 304.2 295.4 283.2 262.3 253.2 251.8 250 250 251.6 256 267.9 276.3 273.7 260.1 244.3 244.7 242.8 236.4 239.1 241.3 244 253 270 281.3 292.6 303.2 311.4 321 328.4 323.6 320.5 320.1 319.3 316.4 312.7 309.4 305.4 300.9 296.6 291 290.1 292.5 291.8 291.1 291.3 291.9 291.5 293.2 296 295.2 293.2 292.1 290.7 287.2 283.7 278.5 273.5 271.5 268.9 267.9 266.8 264.5 261.9 259.2 257.9 254.2 250.4 244.1 240
281.4 279.7 276 275.8 268.1 270 282.8 297.4 301.7 298.6 295.5 290.7 274.5 255.8 249.1 245.8 245.1 240.5 239.1 244.1 258.4 261.2 248 238.2 239.1 237.7 235 247.2 253.2 255.6 257.7 270.5 274.3 281.4 289.4 299.7 307.2 314.8 318.2 317.5 313.7 310.4 309.5 307.6 303.9 298.5 288.2 278.7 273 268.8 274.6 278.9 284.5 288 290.1 291 290.1 289.4 288.4 287.1 288.5 287.9 287.2 284.8 281 276.6 273.1 271.5 271.1 270 267.9 265.3 263 260.8 258.1 254 247.9 241.4
268.4 266.2 264.6 263.3 258.2 265 274.4 287.5 295.8 294.5 291.3 288.2 285.1 268.3 251.5 243.5 241.1 237.4 231.4 231.6 236.6 240.7 237.1 233 231.3 230.3 239.9 260.2 262.3 262.5 259.6 258.5 264.5 273.1 281.6 286 289.8 296.4 303.3 305.9 305.1 301.7 299.9 299.3 297.2 291.3 281.9 274 268.6 262.9 258.9 265.5 270 274.5 278.2 280.8 281.7 281.5 281 280.1 280.4 278 278.5 280.8 280.9 279 277.2 275.6 273.7 272 268.2 266.9 264.1 263 261 257.6 250.3 244.8
252.4 250 251 249.2 253.3 264.7 274.3 282.8 286.9 286.7 285.1 282.4 280.1 277.6 266.4 249.7 237.4 231.7 229.1 225.8 226 225.7 225.9 224.7 223.8 224.2 230.8 247.2 248.7 249 249.1 257.9 261.2 262.9 266.7 273.3 277.8 280.2 284.5 288.6 289.4 291.6 292.5 294.2 291.4 286 278.3 268.9 264 257 252.4 257.6 262.3 266.5 270.6 273.2 276 276 273.5 274 272 272.4 277.5 283 282.1 280 278.3 277 275.4 272.7 267.9 265.6 267.1 266 262.5 257.4 249.7 246.8
235.7 236 237 242.1 253.6 264.6 278.4 276.4 278.8 278.2 276.8 273.2 272.1 269.6 266.3 259 243.6 229.5 222.3 222.8 220.1 217.4 216.7 219.4 218.2 219.2 219.3 227.9 233.3 232.4 235.5 244.7 256.8 258.9 257.1 258.6 265.2 269.5 272.1 276.3 279 280.2 283.3 280.5 281.9 280.4 274.8 265.8 256.6 252.5 246.5 251.7 257.5 261.7 266.7 270 270.8 271.4 271.4 270.5 269.4 271.3 276.1 282 281.5 280.3 279.7 277 274 270.5 269.6 266.1 263.2 261.5 259.9 257.5 252.4 250.1
225.6 225.9 229.1 239.8 254.7 272.4 278.2 273.7 271.1 274.3 271.3 268.1 265.2 264.1 261.8 254.9 247 235.4 223.7 215.4 214.5 212.8 209.2 211.7 213.1 210.5 214.9 217 218 217.1 221.1 229.4 235.6 240.5 244.1 246.1 251 252 259.7 266.9 271.3 275.2 272.8 272.4 270.4 266.6 262.6 255.4 248.5 244.9 241.6 250.7 257.6 261.9 264.6 268.3 269.5 270.6 270.6 269.5 268.7 269.5 272.5 279.1 279.5 278 277.5 274 273.1 273.8 273.3 271.1 269.3 265.4 258.3 255.4 254.5 251.9
219.1 219.5 225.4 238.1 254.9 261.6 265.3 261.7 262.5 263.9 261.5 260.7 261 260.7 259.8 254.8 249.2 238.5 228 223 219.9 212.7 205.2 202.1 206.7 201.8 204.2 207.6 206.8 206.3 207.3 211.8 218.2 225.5 226.7 229.3 234.6 235.1 237.1 241.3 245.8 251.2 255.5 255.2 257.2 254.9 249.9 240.5 242.3 236.4 248.9 265.2 269 268.1 269.5 270.5 270.5 271.1 271.2 270.6 268.7 268.8 268.9 273.6 274.5 273.3 272.2 271 273.1 274.7 273.1 270.9 268.5 265.2 258.3 254.2 251.9 251.1
214.2 215.5 219.8 225.9 234.6 237.9 240.5 244 248 248.2 246.2 248.4 253.7 254.1 253.3 246.1 234.8 227.2 218.9 215.6 219.8 215.9 209.7 201.4 191.5 193.8 194.7 203.9 205.1 199.2 197.9 201.5 204.1 207.1 210.9 213.1 216.6 218 220.6 223.5 228 231.3 233.9 234.7 235.2 236.1 237.1 235 235.5 234.3 244.9 255.2 262 268.4 271.2 272.7 272.4 272.3 271.8 271.4 270.6 269.2 269.1 267.6 268.4 270.3 270.5 271 272.7 273.2 270.9 268.9 267.3 262.5 255.4 251.6 250.9 245
211.8 211.4 213.9 218.7 220.7 222.9 224.7 227.2 232.4 236.4 236.2 237.3 238.3 240.3 233.1 219.4 210.4 204.9 201.3 202.6 202.9 201.9 199.1 191.3 181.9 184.5 183.4 193.6 198.1 193.1 190.7 190.6 192.2 197.5 201 202.2 206.2 208.5 211 215.4 219.2 222.2 223.2 223.6 222.8 221.9 223.6 225.7 225 232.4 240.7 247.5 252.3 258.8 264.2 267.2 269.8 271.5 270.9 269.1 269.9 271.8 272.3 270.8 260.6 268.6 270.8 270.5 272.6 272 270.5 269.6 267.5 261.5 252.4 248.8 246 243.8
210 208.8 209.3 212 214.3 216.2 216.6 217.2 221.6 225.8 227.6 224 222.8 221.9 213.2 203.3 196.6 193.1 192.5 191.7 191 190.4 188.3 184.4 179.1 176.5 174.6 174.2 176.9 180.6 180.3 184.8 183 186.2 188.8 195.9 199.9 202 203.9 206.8 209.8 212.2 214.5 213.6 211.2 216.4 219.8 221.1 224.2 229.7 235.9 242.1 252.5 257.2 261 262 262.7 263.6 262.5 259 260.4 264.4 269.6 269 265.5 260 266.5 269.3 270.9 271.5 268.6 267.8 264.5 258.5 251.4 250.5 248.7 248.9
210.1 211.8 207.6 204.1 208.1 209.4 210.1 210.7 212.5 215.4 216.1 213.8 210.2 206.9 200.2 193.8 188.8 186.1 186.8 183.7 180.6 179.1 175.9 175.3 176 175 175.9 173.9 170.8 170.3 168.9 170.9 175.5 177.8 178.9 185.3 190 194.9 197.3 199.7 202.6 206.1 204 200.7 207.8 217.8 221.5 226 228.8 231.2 234.5 238.6 245.9 258.2 261.5 257.2 255.6 254.1 252.3 247.9 251.5 256.5 260.7 260.7 260.7 251.9 261.8 266.4 267.3 265.7 264.9 262.1 259.6 256.6 254.5 254.9 255.5 258.2
216.3 219.2 214.7 208.8 202.6 201 204.5 204.8 204.4 205.7 204.7 204.6 203.6 199.1 191.3 186.9 185.2 182.7 181.7 178.2 178.2 184.3 184.9 184.4 187.1 184.4 183 179.4 178.5 178.5 174.3 169.6 166.5 167.5 169.7 173.8 179.3 184.2 184.1 189.5 196 201.1 191.7 195.2 208.5 213.7 219 222.9 227.3 230 232.9 234.8 237.4 239.4 243.5 245.5 245.5 240.7 239.2 240 243.3 249.1 252.1 253 252.5 248.4 257.2 257.8 258.8 258.8 258 257.4 258.2 258.5 260.1 262.1 266.3 272.9
221.2 220.5 214.7 210 206.2 200.5 195.8 197.9 196.7 196.6 195.8 196.5 193.6 191.7 187.1 184.7 182.5 179.8 178.6 178.4 183.9 186.8 189.4 189.2 189.2 186.3 184.2 182.2 181.6 182.3 180.5 176.6 172.7 166.3 165.9 166.9 168.6 172.2 176.5 188 195.5 186.5 183.5 202.3 205.8 208.7 210.5 214.2 220 223.4 225.7 234.3 235 233 230.8 231.4 234.5 232 231.4 234.8 237 243.1 242.3 235.8 240.2 244.6 248.6 253.5 256.2 259.6 263.1 264.5 267.3 269.6 270.9 272.7 279.4 289.2
218.3 216.2 214.3 209.3 204 203.3 200.5 192.4 192.3 190.5 191 189.4 187.8 186.3 183.8 181.9 181.1 181.5 184.1 188.1 188.3 189.6 192.7 192.6 191.9 190.3 188.9 189.9 186.6 188.2 186 185.2 179.5 175.3 171.1 164.3 164.1 164.6 168.5 180 182.1 174.5 191.1 203.4 203 204.7 205.8 208.2 211.9 215.8 222.5 232.6 232.3 227.8 223.9 220.8 220.9 222.5 223.1 222.2 229.3 233.2 236.2 243.9 253.6 255 256.9 260.7 265.7 273.4 278 284.4 288.4 288.4 288.2 289.1 293.6 301.2
211.3 210 209.1 206 205.3 204.3 200.2 196.7 191 188.6 188 185.8 185.4 184.5 182.8 184.4 185.9 185.5 190.4 194 197.1 196.9 197 198.5 199.2 198 197.9 198.2 196.9 196.5 194.9 193.3 191 187.3 184.7 176.4 167.9 162.4 161.6 165.7 166.7 175.6 193.9 198.5 198.2 201.1 202.6 204.5 207.6 211.4 215.4 223.3 226.4 222 215.7 213.4 212.4 214.6 222.9 234.7 242.1 249.5 250.8 252.2 256.3 261.5 266.5 274.7 282.5 292.7 298.5 304.9 307.8 307.7 309.6 307.3 314.4 322.1
208 205.4 204.2 203.3 202.2 202.3 200.4 196 190.1 187.6 187.4 187.7 187.8 190.1 191.5 192.9 193.8 195.1 198.3 201 203.8 207.1 210.1 209.3 208.7 208.5 208.3 206.2 204.4 205 207.5 206.5 204.5 203.2 201.2 191.4 183.5 177.5 172 161.6 164.5 177.1 189.6 193.1 194.1 195.9 198.6 201.4 204.5 207.8 211.5 215.4 217.9 214.6 209.3 207.4 211.1 216.6 225.7 233.2 238.8 240.6 245.6 254.9 262.9 274.2 286.3 295.3 302.7 309.9 316.5 322.5 324 323.1 323 324.7 327 330.4
205.4 200.1 198.2 197 195.3 194 191.7 190.9 191 193.9 195 194.6 197.2 199.5 201.7 205.4 204.1 204.4 206.2 210.1 213.7 220.4 223.3 222.7 220.7 219.7 218.6 216.4 215.9 216.9 218.9 217.2 216.9 215 212.3 204.5 195.8 185.3 179.4 166.8 160.5 175.2 188.3 186.4 190.2 192.9 194.8 197.9 201.1 204.9 208 210 209.7 207.9 204 205 210.9 212.7 217.9 224.9 227.2 234.3 248.3 261.4 274.1 286 297 307.3 316.6 324.3 329.7 335.7 333.9 334.5 335 335.8 337.8 338.2
199.9 198.3 195.8 194.2 194.5 193.5 195.3 197.5 199.6 202.6 203.2 203.3 205.5 209.1 212 215.3 216.4 216.8 219.5 222.9 228.4 232.7 233.2 230.4 229.7 228.9 227.1 227.2 227.2 226.1 227.2 225.9 224.5 223.5 220.1 216.1 212.6 195.8 186 178.3 159.7 165.7 178.1 180.9 188.3 189.7 191.3 194.7 198.6 201.3 203.6 203 202.2 201.8 201.4 206.5 208.3 209.4 213.8 219.9 225.5 238.4 256.7 272.1 285.3 297.9 309.3 313.2 326.1 334.2 338.6 339.1 339.4 338.3 340.8 343.7 345.9 345.8
198.8 197 197.2 199 199.1 201.2 203.8 205.4 207 209.1 210.4 212.1 213.5 216.2 220.1 222.1 224 229.2 234.2 238.1 240.9 241.1 238.4 234.9 234.3 233.7 232.7 231.6 234.9 234.7 234.3 233.3 229.9 228.7 226.9 224 219.6 203.2 189.1 182.1 170.2 158.4 164.4 172.8 181.8 183 187.2 191.7 194.5 196.8 193 188.4 193.8 195.5 201.4 202.8 205 207.5 212.3 217.6 228.3 246.8 266.3 282.2 294.9 309.8 321.6 325.4 329.4 334.3 336.3 340 339.9 341.3 346.4 350.3 352.3 353.1
200.1 202 207.3 210.6 212.3 212.4 213.2 213.3 213.4 215.2 217.9 219.9 221.4 225.5 227.7 232 236.3 242.5 245.4 246.3 246.9 245.4 243 239.4 236.9 235.9 233.6 233.2 234.7 235.8 235.3 233.2 231.4 229.4 225.2 220.8 213.3 201.6 190.5 186.1 182.1 163.7 157.4 158.8 172.4 173.2 184.4 188.7 190.6 185.5 186.7 192.4 199.2 204.6 206.5 207 208.5 210.9 214.5 222.2 235.9 255.5 273.7 289.4 305.1 318 329.5 331.9 331.9 332.8 334.2 338.8 339.8 346.3 351.9 356.5 357.9 358.8
207.9 208.3 210.8 216.1 219.1 220.7 219.6 218.7 219.8 222.1 223.8 228.9 232 236.2 240.2 247.3 255.8 256.3 254.2 249.9 249.3 246.2 242.8 239.6 236.9 235.3 232.5 230 228.2 226.5 223.3 221.2 219.6 218.4 215.4 211.4 206 199.3 193.2 186.9 181.1 176.2 165.6 156 160.2 177 185.4 184.8 183.9 181 187.2 196 203.5 208.7 212.2 215.8 217.3 223.4 228.2 233.7 243.2 262.8 279.8 295.2 309.7 323.9 332.2 331.5 331.3 330.5 333 336.3 341.2 352.9 358.8 363.7 362.2 361.3
213.3 215.3 214.6 220.8 223.9 226.1 228.4 228.2 226.8 232.1 234.1 239.7 243.5 245.3 251 254.8 256.1 257.9 254.7 249.7 244.5 240.7 236.4 232.9 230.9 229.3 224.8 219.2 216.1 214.7 212.7 209.4 207.9 205.2 202.5 200 196.2 192.3 188.8 183.8 176.5 172.5 161.2 156 165.1 178.1 179 177.2 176.9 180.9 191.6 200.9 210.1 215.1 220.6 230.2 237 246.5 250 257.6 257.5 274.9 287 296.8 305.3 315 324.1 326.3 325.6 326.4 335.8 345 346.3 356.4 360.7 365.2 362.2 356.6
223 220.7 224 226.7 232.5 237.1 238.2 239 237.6 237.3 242.8 247.8 250.8 256.8 257.3 255.3 252.2 250.3 246.3 240.3 233.3 229.4 225.7 220.4 217.4 214.5 211.9 209.1 206.7 205.7 203.7 201.3 198.6 196.9 193.9 190.6 186.2 182.6 180.3 176.2 173.3 168.8 164.3 154 161.5 170.9 171.5 165.8 171.2 185.3 196.2 204.1 212.2 220.1 238.9 249.5 255.5 264.3 266.4 269.8 262.8 276.9 292.2 302.2 308.4 315.4 320.7 320.5 313.8 312.1 327.7 345.1 350.4 357.8 360 361.3 356.5 336.2
229.3 224.3 232.8 232.3 239.2 243.5 245.4 248.4 247 247.9 249 249.8 248.4 246.9 245.1 242.8 240.4 239.5 237.6 232.5 225.8 219.7 214.9 209.8 205.9 203.5 202.1 200.8 199.4 198.2 196.2 194.4 192.4 189.1 186.6 183 177.9 174.9 173.7 171.7 170.2 166.3 163.7 154.3 155.2 162.7 165.1 174.1 180.1 188.7 197.7 204.4 216 227.5 241.8 258.8 272.6 269.1 271.1 276 262.5 274.4 287.6 296.5 306.3 314.4 317.7 315 301.5 301.9 318.9 342 350.9 351.8 351.2 345.5 330.9 316.8
233.9 231.4 236.6 236.8 241.4 247.1 252.1 253.9 254.5 252.9 252.1 250.8 249.7 245 238.8 235.7 233.3 231.8 230.6 226.8 220.7 211.3 205.9 201.7 199.4 196.9 194.4 193.1 192.8 192.3 191 189.5 187.3 184.1 180 174.7 171.1 168.3 167.3 165.7 165.4 161.6 158.9 154.2 154.6 158.6 168.6 176.9 182.6 191.6 199.8 209 220.6 230.5 241.4 255.4 270.7 277.5 275.4 276.1 263.7 266.4 281.8 289.1 299.1 305.9 307.2 301.1 291.1 296.6 316.9 335.5 344.1 347.4 338.4 323.6 312.5 304.2
236.5 237.7 239.2 241 245.5 251.9 258.3 260.4 260.4 258 255.2 250.6 248.1 244.9 240.6 234.7 230.1 223.8 222.4 218.9 211.8 204 200.6 197 194.1 190.9 188.7 186.8 185.9 186 186.1 184 182.2 181.7 179.7 175.6 171.7 166.6 161.8 160.2 159.5 157 155.2 152.2 153 159.2 167.8 175.3 183.1 190.9 202.7 208.1 216.7 227.6 239 252.3 267.5 276.8 282 275 273.3 260.6 274.5 282.9 290.6 293 290.1 287 281.9 291.1 310.5 326.9 333.7 329.2 315.4 305.9 295.7 307.2
243.3 242.4 243.1 245.1 248.6 254.9 264.4 267.8 267.4 264.9 258.6 252.2 246.5 243.2 240.2 238 233.3 227.6 219.3 210 201.5 197.8 195.8 195.1 190.8 186.3 183.7 182.2 180.5 179.4 177.7 176.6 173.4 173.6 173.6 172.5 167.5 160.3 158.2 156.7 155.2 154 153.6 152.4 150.9 152.5 162.8 172.2 182 190.5 200.1 209.4 217.7 225.4 238.4 247.8 260.6 272.5 276.7 275.8 270 257.9 262.5 273.7 278 279.4 284.1 285.7 272.1 283.4 301.1 313.3 319.4 307.7 292.7 285.2 289.2 309.2
