WholeMapElevations/data/ng/ng90_OST50GRID_20230518/NG90.asc
ncols 200
nrows 200
xllcorner 190000
yllcorner 800000
cellsize 50
[rows 35 to 69 of 200, columns 0 to 77 of 200]
545.6 537.8 514.1 494 473 452.8 440.8 428.1 416.2 401.1 379.5 364.6 347 332.5 320.3 312.5 314.1 311.1 308 311.2 310.7 312.8 312.9 305.3 301.1 304.5 306.3 304.6 312.9 323.9 350.9 357.4 369.1 390.7 377 353 331 329.9 323.7 305.4 288.6 267.7 249.3 230.1 216.3 211.2 204.5 197 213.4 198 196.3 191.9 191.4 196.2 192.4 184.1 176.9 166.5 157.3 141.8 146.8 174.9 195.1 190.1 187.8 177 174.9 170.3 174.3 175.4 174.8 170.5 162.9 151.9 164.4 172.7 187.1 199.9
522.5 524.9 526.4 498.6 473.2 448.5 432.4 420.4 405.7 385.1 361.2 341.3 325.6 303.3 292.5 285.6 285.3 287 285.3 279.9 282.5 288.7 287.1 277.2 277.3 277.1 285.6 287 281.6 292.6 316.5 329.6 333.3 345 323.9 314.8 303.5 293.1 291.8 279.5 272.8 252.6 226.9 206.6 188.9 183.9 170.8 159.1 164.8 167.5 167.2 166.1 164.6 167.2 173.7 174.3 160.7 138.4 120.9 107.8 122.8 145.1 162.8 157.7 155.6 155.6 160.1 167 165.2 163.3 165.4 168.7 153.6 169.8 188.3 188.6 181.3 204
518.6 512.5 515 507.4 482.2 461.2 438.3 414.3 391.9 360.2 341.7 323 302 284.7 270.4 258.8 261.6 263.5 266.7 267.8 260.5 254.8 250.6 249.2 254.4 255.4 256.9 255.7 262.7 282.9 294.1 303.8 311.4 302.7 309 297.9 279.5 262.4 259.9 246.8 238.6 221 197.9 177.8 158 146.9 135.8 130.4 133.9 141.3 138.5 137.7 135.4 127 124.3 126.3 118.2 102.9 87.2 86.4 94.7 104.1 123.3 125 125.1 138.8 154.8 160.4 155.9 150.9 156 156 156.6 171.8 195.8 202.7 212.6 206.8
494.5 498.1 494 500.4 484 460.4 439 408.1 369.5 342.7 321.7 307.5 291.5 272 245.4 236.2 232.7 237.5 244.8 249.3 242.6 235.6 233.8 231.8 228.3 226.1 226.7 228.3 234.2 248.6 266.3 281.1 292.6 278.2 265 258.6 252.6 235.8 223.3 214.8 207.9 191.9 176.4 157.4 138.8 119 107.2 98 96.5 101.9 104.2 100.1 95.9 95.3 91.3 85.3 80.9 66.2 53.2 60.2 66.9 75.9 82.3 93.2 105.6 140.3 150.3 149.9 145.6 136.2 137 130.2 156.8 163.7 188.9 212.1 239.3 247.1
492 485.7 475.8 470.2 467.1 451.4 431.4 391.4 352.5 329.1 307.9 288.6 272.3 254.1 232.4 210.5 211.8 218.4 223.4 222.1 220.3 220 217.3 215.1 209.5 205.6 203.5 201.6 206.2 219.4 236.1 259.7 275.8 259.6 238.2 221.4 215.2 209.2 191.4 185.5 185.6 172.9 162.7 144.3 124.9 107.2 89.7 81.6 69.7 64.3 59.2 54.7 52.2 51.2 55.2 54.9 49.8 37.5 27.8 34.5 43.8 56.5 48.7 59.6 83 128.7 143.2 142.2 125.1 137.3 154.8 148.2 151.6 158.4 182.3 200.4 232.7 254
475.6 473.7 457.5 449 434.5 419.2 402.2 376.7 342.8 321.2 301.2 278.7 260.8 241.5 220.3 199.2 191.6 196 199.3 200.9 202.7 202.5 201.5 197 191.5 184 179.5 176.9 189 199.5 214.5 237.8 242.1 227.4 208.5 186.3 176.8 164.4 150.3 153.7 159.9 146.5 142.5 137.7 118.9 99.4 84.3 69.3 49.3 37.2 29.7 20.2 12.7 15.7 21.1 25.4 23.4 12.3 13.3 11.9 18.1 26.1 24.6 37.5 74.2 108.5 124.9 126.5 106.8 122.1 144.3 147.6 135.5 143.5 182.4 188.5 228.8 250.9
441 442.5 430.1 417.7 407 385.2 374.5 358 336.6 319.9 297.5 273.3 254.6 236.8 218.9 196.8 171.9 176.1 178.1 181.9 185.6 189.6 188.5 181.8 168.2 161.1 156.7 165.8 175.7 180.6 192.6 201.8 196.9 188.3 167.8 149.3 141.9 136.9 127.2 130.2 131.4 127.2 125.8 115.2 96.6 84.2 66.8 47.6 33.3 23.3 10.4 4.6 -1.8 1 5.3 8.1 -1.8 -1.8 3 5.8 11.2 16 14.1 21.2 64.7 99.3 110.2 112.5 104 87.1 109.4 136.3 108.6 101.4 167.4 175.8 222.6 250.5
390.8 391.6 392.8 375.7 360.2 350.9 344.2 342.3 335.5 315.6 296.6 272.1 251.8 234.1 213.4 191.2 170.5 146 151.6 163.3 166.9 167.6 163.2 163 148.6 144.1 146.5 155.6 158.8 159.7 164 166.8 148.6 135.1 132.5 118.9 106.8 103.4 114.4 123.2 124.1 118 106.4 99.3 98.1 76 52.2 30.6 20.4 13.4 3.7 -1.8 -1.8 -1.8 -1.8 -1.8 -1.8 -1.8 -1.8 4.8 15.9 20.4 8.8 8.4 36.5 58.4 93.1 95.9 78.1 54.1 77.3 110.7 68.6 85.3 143.9 168 207.6 230.7
352.2 342.9 340.4 331.7 322.7 322.4 331 342.7 332.4 311.5 290.2 271.6 250.9 231 208 186.4 165.8 149.5 126.4 133.5 140.2 140.4 128 119.6 122.8 122.8 125.7 128.8 125 127.2 120.1 121.8 122.5 111.4 102.3 82 79.3 89.4 104.6 108.9 109.1 109.8 90 83.6 81.1 56 24.3 9.6 6.2 -1.8 -1.8 -1.8 -1.8 -1.8 -1.8 -1.8 -1.8 -1.8 -1.8 -1.8 -1.8 11.4 2.5 2.1 14.4 23.5 41.8 64.4 55.7 29.6 50.1 81.5 54.1 79.7 111.4 151.5 186.7 220
322.1 306.9 302.4 298.4 293.7 300.7 318.3 327.5 319 298.8 279.9 262.5 251 230.7 207.9 180.7 157.4 138.1 122.7 109 107.5 106.6 102.5 94.9 97.6 98.3 104.1 109.4 102 99.7 89.6 86.5 95.9 81.7 63.5 60.9 61.1 65.3 68.9 77.4 84.2 81.8 66.1 37.6 21.8 18.6 6.3 -1.8 -1.8 -1.8 -1.8 -1.8 -1.8 -1.8 -1.8 -1.8 -1.8 -1.8 -1.8 -1.8 -1.8 -1.8 -1.8 -1.8 8.4 22.9 38.4 43.3 30.2 13.1 33.6 44.5 52.2 78.1 106.5 138.8 170.7 197.3
291 276.7 268 265.6 269.4 288.7 306.2 307.5 294 275.7 260.4 250.9 240.2 221.1 196.1 174.1 154.2 131.6 111.4 90.6 88.1 90 83.6 74.2 71.8 78.9 87.9 87.7 79.8 68.8 60.3 59.1 62.1 58.6 58.9 58.1 51.4 50.7 45.4 34.2 38.3 41.4 23.4 8.5 1.9 -1.8 -1.8 -1.8 -1.8 -1.8 -1.8 -1.8 -1.8 -1.8 -1.8 -1.8 -1.8 -1.8 -1.8 -1.8 -1.8 -1.8 -1.8 -1.8 -1.8 4.9 19 17.2 12.8 16.5 27 38.6 53.3 73.6 84.9 112.4 151.5 167.2
256.9 249.2 238.7 243.4 258 278.7 278.6 272.9 264.2 251.8 250.9 236.9 222.7 207.4 189.5 168.5 144.2 121.6 101 79.6 64.7 62.2 65.2 58.6 55.4 74.3 80 64.2 54.5 46.9 41.2 28.9 34.1 51.4 64.3 50.1 35.8 29.4 22.9 11.8 4.2 -1.8 -1.8 -1.8 -1.8 -1.8 -1.8 -1.8 -1.8 -1.8 -1.8 -1.8 -1.8 -1.8 -1.8 -1.8 -1.8 -1.8 -1.8 -1.8 -1.8 -1.8 -1.8 -1.8 -1.8 0.6 3.8 3.6 8.9 12.9 27.9 54.2 69.7 74.3 68.8 82.1 108.5 139.1
233.4 222.3 210.7 217.8 232.2 248 244.6 243.5 226.1 227.2 226.3 214.5 203.9 192.6 176.6 157.2 133.2 111.9 93.2 68.1 46.5 41.9 45.5 39.3 43.7 51.1 56.2 46 29.3 14.6 11 8.9 10.1 25 38.4 43.3 26 16.8 3.7 -1.8 -1.8 -1.8 -1.8 -1.8 -1.8 -1.8 -1.8 -1.8 -1.8 -1.8 -1.8 -1.8 -1.8 -1.8 -1.8 -1.8 -1.8 -1.8 -1.8 -1.8 -1.8 -1.8 -1.8 -1.8 -1.8 -1.8 1.1 3.7 5.7 7.2 22.3 62.2 88.9 86.3 74.8 87.7 111.5 141.8
192.8 189.2 195.2 193.2 210.3 223.9 219.5 205.8 191.7 193.8 194.8 195.2 173.8 162.5 149.2 127.6 108.2 93.7 76.8 52.5 34.1 21.9 18.5 19.4 24.5 35 26.9 17.6 5.2 3.7 6.9 -1.8 -1.8 -1.8 -1.8 19.6 16.6 3.4 -1.8 -1.8 -1.8 -1.8 -1.8 -1.8 -1.8 -1.8 -1.8 -1.8 -1.8 -1.8 -1.8 -1.8 -1.8 -1.8 -1.8 -1.8 -1.8 -1.8 -1.8 -1.8 -1.8 -1.8 -1.8 -1.8 -1.8 -1.8 -0.2 1.3 2.2 3.6 10.3 42.5 72.9 69.8 58.5 89 129 144.8
165.6 167.6 173.2 184.7 189 187.3 174.8 172.6 165.7 159.2 151.4 147.1 125.7 110.9 93.5 79.3 72.2 62.3 44.7 30.2 21.8 13.4 8.5 5.1 6.6 18.3 -1.8 -1.8 -1.8 -1.8 -1.8 -1.8 -1.8 -1.8 -1.8 -1.8 14.7 3.7 -1.8 -1.8 -1.8 -1.8 -1.8 -1.8 -1.8 -1.8 -1.8 -1.8 -1.8 -1.8 -1.8 -1.8 -1.8 -1.8 -1.8 -1.8 -1.8 -1.8 -1.8 -1.8 -1.8 -1.8 -1.8 -1.8 -1.8 -1.8 -1.8 -1.8 -0.2 0.9 3.6 10.9 23.9 37.7 36.1 75 123.4 149.2
166.7 190.4 190.2 179.9 169 158.7 139.1 131.2 135.5 122.6 97.8 99.6 104.2 79.9 57.7 45.3 33.9 31.9 24.8 18.1 10.4 -1.8 -1.8 -1.8 -1.8 -1.8 -1.8 -1.8 -1.8 -1.8 -1.8 -1.8 -1.8 -1.8 -1.8 -1.8 -1.8 -1.8 -1.8 -1.8 -1.8 -1.8 -1.8 -1.8 -1.8 -1.8 -1.8 -1.8 -1.8 -1.8 -1.8 -1.8 -1.8 -1.8 -1.8 -1.8 -1.8 -1.8 -1.8 -1.8 -1.8 -1.8 -1.8 -1.8 -1.8 -1.8 -1.8 -1.8 -1.8 -1.8 0.8 1.3 5.1 18.5 18.8 41.8 74.8 109.8
187 201.2 188.4 183.2 164.2 144.7 130.6 111.9 97 84.3 75.4 73.2 68.5 54.9 38.8 15 -1.8 -1.8 14.4 -1.8 -1.8 -1.8 -1.8 -1.8 -1.8 -1.8 -1.8 -1.8 -1.8 -1.8 -1.8 -1.8 -1.8 -1.8 -1.8 -1.8 -1.8 -1.8 -1.8 -1.8 -1.8 -1.8 -1.8 -1.8 -1.8 -1.8 -1.8 -1.8 -1.8 -1.8 -1.8 -1.8 -1.8 -1.8 -1.8 -1.8 -1.8 -1.8 -1.8 -1.8 -1.8 -1.8 -1.8 -1.8 -1.8 -1.8 -1.8 -1.8 -1.8 -1.8 -1.8 -1.8 0.5 2.3 5.7 34.8 59.8 79.4
177.4 176.9 172.8 158.6 144.7 122.9 108.3 92.9 77.8 72.2 61.6 68.5 58.8 33.1 8.2 -1.8 -1.8 -1.8 -1.8 -1.8 -1.8 -1.8 -1.8 -1.8 -1.8 -1.8 -1.8 -1.8 -1.8 -1.8 -1.8 -1.8 -1.8 -1.8 -1.8 -1.8 -1.8 -1.8 -1.8 -1.8 -1.8 -1.8 -1.8 -1.8 -1.8 -1.8 -1.8 -1.8 -1.8 -1.8 -1.8 -1.8 -1.8 -1.8 -1.8 -1.8 -1.8 -1.8 -1.8 -1.8 -1.8 -1.8 -1.8 -1.8 -1.8 -1.8 -1.8 -1.8 -1.8 -1.8 -1.8 -1.8 -1.8 -1.8 -1.8 -1.8 39.3 60.8
167 163 155.4 143.7 117.5 92.2 81.4 67.8 56.3 45.5 45.6 49.3 27.7 23.3 26.6 18 -1.8 -1.8 -1.8 -1.8 -1.8 -1.8 -1.8 -1.8 -1.8 -1.8 -1.8 -1.8 -1.8 -1.8 -1.8 -1.8 -1.8 -1.8 -1.8 -1.8 -1.8 -1.8 -1.8 -1.8 -1.8 -1.8 -1.8 -1.8 -1.8 -1.8 -1.8 -1.8 -1.8 -1.8 -1.8 -1.8 -1.8 -1.8 -1.8 -1.8 -1.8 -1.8 -1.8 -1.8 -1.8 -1.8 -1.8 -1.8 -1.8 -1.8 -1.8 -1.8 -1.8 -1.8 -1.8 -1.8 -1.8 -1.8 -1.8 -1.8 -1.8 27.9
150.9 140.8 126.4 101 79.8 68.5 65.9 49.9 39.4 12.4 -1.8 -1.8 -1.8 14.1 11.1 16.3 -1.8 -1.8 -1.8 -1.8 -1.8 -1.8 -1.8 -1.8 -1.8 -1.8 -1.8 -1.8 -1.8 -1.8 -1.8 -1.8 -1.8 -1.8 -1.8 -1.8 -1.8 -1.8 -1.8 -1.8 -1.8 -1.8 -1.8 -1.8 -1.8 -1.8 -1.8 -1.8 -1.8 -1.8 -1.8 -1.8 -1.8 -1.8 -1.8 -1.8 -1.8 -1.8 -1.8 -1.8 -1.8 -1.8 -1.8 6.4 -1.8 -1.8 -1.8 -1.8 -1.8 -1.8 -1.8 -1.8 -1.8 -1.8 -1.8 -1.8 -1.8 -1.8
108.8 105 93.4 66 49.7 59.1 54.2 38.1 -1.8 -1.8 -1.8 -1.8 -1.8 -1.8 12 22.6 11.8 -1.8 -1.8 -1.8 -1.8 -1.8 -1.8 -1.8 -1.8 -1.8 -1.8 -1.8 -1.8 -1.8 -1.8 -1.8 -1.8 -1.8 -1.8 -1.8 -1.8 -1.8 -1.8 -1.8 -1.8 -1.8 -1.8 -1.8 -1.8 -1.8 -1.8 -1.8 -1.8 -1.8 -1.8 -1.8 -1.8 -1.8 -1.8 -1.8 4.8 7.1 6.8 6 7.5 8.6 11.2 23 26.8 26.9 41 59.2 59.3 47.4 23 5.6 -1.8 -1.8 -1.8 -1.8 -1.8 -1.8
83.2 64.7 46.7 25.9 31.5 41.8 32.4 -1.8 -1.8 -1.8 -1.8 -1.8 -1.8 -1.8 5.3 5.5 -1.8 -1.8 -1.8 -1.8 -1.8 -1.8 -1.8 -1.8 -1.8 -1.8 -1.8 -1.8 -1.8 -1.8 -1.8 -1.8 -1.8 -1.8 -1.8 -1.8 -1.8 -1.8 -1.8 -1.8 -1.8 -1.8 -1.8 -1.8 -1.8 -1.8 -1.8 -1.8 -1.8 -1.8 -1.8 -1.8 -1.8 -1.8 2.2 5.5 9.2 11.7 11.3 16 29 30.9 52.7 69.3 54.4 50.8 77.6 89.3 91 82.6 56.5 32.1 13.4 4.1 -1.8 -1.8 -1.8 -1.8
46.9 28.5 15 -1.8 -1.8 -1.8 -1.8 -1.8 -1.8 -1.8 -1.8 -1.8 -1.8 -1.8 -1.8 -1.8 -1.8 -1.8 -1.8 5.6 -1.8 -1.8 -1.8 -1.8 -1.8 -1.8 -1.8 -1.8 -1.8 -1.8 -1.8 -1.8 -1.8 -1.8 -1.8 -1.8 -1.8 -1.8 -1.8 -1.8 -1.8 -1.8 -1.8 -1.8 -1.8 -1.8 -1.8 -1.8 -1.8 -1.8 -1.8 -1.8 -1.8 1.8 5.7 9.1 13 16.6 18.2 32.1 54.5 52.6 76.6 112.3 119.1 95.2 83.8 93.6 112.2 120.9 96.8 82.6 48.6 14.5 8.2 3.5 2.1 -1.8
18.6 10.4 -1.8 -1.8 -1.8 -1.8 -1.8 -1.8 -1.8 -1.8 -1.8 -1.8 -1.8 -1.8 -1.8 -1.8 -1.8 -1.8 12.9 -1.8 -1.8 -1.8 -1.8 -1.8 -1.8 -1.8 -1.8 -1.8 -1.8 -1.8 -1.8 -1.8 -1.8 -1.8 -1.8 -1.8 -1.8 -1.8 -1.8 -1.8 -1.8 -1.8 -1.8 -1.8 -1.8 -1.8 -1.8 -1.8 -1.8 -1.8 -1.8 -1.8 -1.8 4 6.8 10.9 15.8 22.3 26.6 49 62.2 65.7 77.8 112.1 138.2 148.7 154.2 144.4 144.3 146.1 139.1 105.8 69.7 44 27.7 29.5 37.8 19.2
-1.8 -1.8 -1.8 -1.8 -1.8 -1.8 -1.8 -1.8 -1.8 -1.8 -1.8 -1.8 -1.8 -1.8 -1.8 -1.8 -1.8 -1.8 -1.8 -1.8 -1.8 -1.8 -1.8 -1.8 -1.8 -1.8 -1.8 -1.8 -1.8 -1.8 -1.8 -1.8 -1.8 -1.8 -1.8 -1.8 -1.8 -1.8 -1.8 -1.8 -1.8 -1.8 -1.8 -1.8 -1.8 -1.8 -1.8 -1.8 -1.8 -1.8 -1.8 -1.8 1.1 5.6 8.5 12.9 19.6 26.5 33.7 44.2 58 72.4 84.7 99.2 117.2 150.3 185.4 201.4 211.9 201.7 166 134.2 103 77.8 72.7 66.2 72.1 44
-1.8 -1.8 -1.8 -1.8 -1.8 -1.8 -1.8 -1.8 -1.8 -1.8 -1.8 -1.8 -1.8 -1.8 -1.8 -1.8 -1.8 -1.8 -1.8 -1.8 -1.8 -1.8 -1.8 -1.8 -1.8 -1.8 -1.8 -1.8 -1.8 -1.8 -1.8 -1.8 -1.8 -1.8 -1.8 -1.8 -1.8 -1.8 -1.8 -1.8 -1.8 -1.8 -1.8 -1.8 -1.8 -1.8 -1.8 -1.8 -1.8 -1.8 -1.8 -1.8 4.6 13.3 12.3 15.5 20.9 28.4 38.7 54.6 70.2 82 99 116.7 141.4 167.9 189.3 221.5 237.8 229.6 195.6 177.3 148.6 127.5 124.9 124.4 99.5 68.2
-1.8 -1.8 -1.8 -1.8 -1.8 -1.8 -1.8 -1.8 -1.8 -1.8 -1.8 -1.8 -1.8 -1.8 -1.8 -1.8 -1.8 -1.8 -1.8 -1.8 -1.8 -1.8 -1.8 -1.8 -1.8 -1.8 -1.8 -1.8 9.2 1.8 -1.6 -1.8 -1.8 -1.8 -1.8 -1.8 -1.8 -1.8 -1.8 -1.8 -1.8 -1.8 -1.8 -1.8 -1.8 -1.8 -1.8 -1.8 -1.8 3.7 13.6 14 21.4 25.1 24.1 22.5 24.4 35 53.1 59.8 80 103.2 125.3 144.6 176.8 206.7 219.2 226.2 236.8 248.9 255.2 219.2 195.2 193.1 172.3 145.8 126.3 100.7
-1.8 -1.8 -1.8 -1.8 -1.8 -1.8 -1.8 -1.8 -1.8 -1.8 -1.8 -1.8 -1.8 -1.8 -1.8 -1.8 -1.8 -1.8 -1.8 -1.8 3.2 2.2 -1.8 -1.8 -1.8 -1.8 -1.8 -1.8 36.8 27 21.6 12.6 -1.8 -1.8 1 1.1 1.7 -1.8 -1.8 -1.8 -1.8 -1.8 -1.8 -1.8 -1.8 -1.8 14.8 13.1 17.8 31.5 44 45 42.9 43 42.7 41.6 47 66 72.9 62.2 84.8 111.3 139.8 172.2 202.3 228.9 247.9 259.6 264.4 253.5 257.6 259 247.8 219.3 205.4 187.9 169.3 159
-1.8 -1.8 -1.8 -1.8 -1.8 -1.8 -1.8 -1.8 -1.8 -1.8 -1.8 -1.8 -1.8 -1.8 -1.8 -1.8 -1.8 -1.8 -1.8 -1.8 4.5 4.2 2.4 -1.8 -1.8 -1.8 23.2 45.7 54.7 39.1 31.3 21.2 8.7 4.4 4 4.8 2.9 3.6 1.7 4.2 9.6 21.9 28.1 35.4 50 58.9 49 39.4 43.4 55.8 72.7 69 66.6 63.6 63 69.8 84.8 94.5 92.7 68.9 87.8 110 144 177.2 209.3 233.6 255.8 281 293 288 283.6 280.5 249 234.3 231.5 222.2 218.3 212.4
-1.8 -1.8 -1.8 -1.8 -1.8 -1.8 -1.8 -1.8 -1.8 -1.8 -1.8 -1.8 -1.8 -1.8 -1.8 -1.8 -1.8 -1.8 -1.8 0.8 4.6 6.1 7.7 20.1 40.5 92.8 106.3 88.1 69.4 57.5 41.1 31.6 33.4 24.9 13 8.8 10.3 14.2 18.4 23.8 34.7 46.8 55.5 72.2 88.4 83.3 74.2 68.8 73.9 83.1 91.6 97.9 94.7 94.9 110.2 118.3 137.1 137.5 108.2 83.9 82.9 107.8 139.4 176.4 211.2 235.6 255.6 281.7 305.6 319 306.1 299.5 300.5 286.4 274.6 261.6 261.5 259.4
-1.8 -1.8 -1.8 -1.8 -1.8 -1.8 -1.8 -1.8 -1.8 -1.8 -1.8 -1.8 -1.8 -1.8 -1.8 -1.8 -1.8 -1.8 1.2 4.4 8 8.8 15.9 29.5 67.8 112.2 128.3 100.9 83.5 68.2 60.2 51.4 43.8 32.4 25.1 24.4 26 26.2 27.3 36 48.8 61.7 76.8 96.9 102.5 95 99.6 106.6 112.2 112.4 121.5 132.9 127.5 135.5 146 151.2 166.2 157.2 120.6 96.5 88.6 111 151 189.2 224 250.5 270.1 291.9 317.9 328.3 329.8 336.8 341 336.8 310.5 310 306 300.9
-1.8 -1.8 -1.8 -1.8 -1.8 -1.8 -1.8 -1.8 -1.8 -1.8 -1.8 -1.8 -1.8 -1.8 -1.8 -1.8 20.9 23.8 16.9 14.1 14.7 16.2 33.1 64.3 104.7 131 129.3 117.4 102.8 90.6 72.6 60.2 51.4 41.6 32.9 38.2 41.9 40.8 48.9 54.1 60.9 77.1 96.3 107.6 111.7 115.5 135.6 139 146.1 148.1 157.7 156.5 166.5 169.5 168.2 179.5 192.8 170.7 135.2 110.9 97.5 111.2 149.3 187.6 225.4 257.2 280.8 308.2 333.8 340.6 357.9 363.5 374.7 379 362.7 348.5 345.4 348.7
-1.8 -1.8 -1.8 -1.8 -1.8 -1.8 -1.8 -1.8 -1.8 -1.8 -1.8 -1.8 -1.8 -1.8 -1.8 33.2 40 38.9 32.3 29.1 23.5 30.4 47 70.7 89.8 105.9 126.4 127.3 109.4 96.1 84.6 74 68.1 59.6 50.4 52.4 54.2 66.3 85.6 100.6 99.5 85.4 105.2 112.3 118.8 141.5 163.1 169.1 182.5 188.6 183.5 183.9 198.6 204.3 202 201.7 217 187.5 154.3 125.7 108.1 110.3 143.8 175 211.3 245.3 282.7 312.8 335.9 352.3 364.8 381.2 385 384.9 395 398.3 377.4 367.8
-1.8 -1.8 -1.8 3.7 18.6 20.6 21.6 18.9 13.3 24.9 41.5 46.4 70.8 74.1 78 71.5 55 51.2 48.7 41.8 39.2 42.5 62.7 87.9 89.8 102 114.7 117.9 113.3 103.8 94.4 86.7 81 65.4 71.6 71.4 81.5 97.6 110.6 122.2 135.3 126.5 115.4 122.8 132.6 161.9 182.2 200.3 211.1 217.5 217.3 213.7 225.1 230.9 225.8 219.9 216 196.5 171.9 141.2 119.7 115.7 143.3 173.1 211.9 245 277.8 307.4 339 356.2 377.1 398.8 404.9 407.9 411.7 420.5 425.3 416.5
-1.8 -1.8 9.3 13.3 28.4 36.4 41.4 39.3 49 78.8 85.3 82.3 107.8 128.7 114.2 86.9 79.6 78.8 70.5 67.3 65 66.4 69.2 78.1 81.5 90.3 98.8 105.9 107.6 104.6 99 93.5 87.6 79.2 87.5 97.9 110 124.3 138.6 152 150.4 143.6 143.5 145.2 142.8 165.2 189.8 228.3 241.8 247.1 242.8 241.5 249.6 242.4 239.1 238.4 232.1 208.2 186.1 151.9 132.7 130.2 152.4 189.2 223.3 249.3 278 307.7 342.3 373.5 400.8 420.9 432.8 444 447.7 448.2 450.5 450.3
