UK/data/ns/ns18_OST50GRID_20230518/NS18.asc
ncols 200
nrows 200
xllcorner 210000
yllcorner 680000
cellsize 50
[rows 36 to 71 of 200, columns 81 to 161 of 200]
22 22 22 22 25.7 39.9 63.9 83.1 103.8 116.8 139.8 167.9 192 215.2 248 276.2 304.4 332.8 374.4 398.5 419.8 456.3 497.5 532.5 562.1 587.7 604.2 621.4 623.6 619.4 618.1 617.1 620.1 618.4 614 620.2 620.2 623.8 621.7 612 602.1 599.3 597.8 571.9 535.1 514.9 497.1 481.7 464.2 439 422.2 408.9 386.1 372.8 363.5 358.9 350.5 329.6 292.9 253.1 236.8 228.6 217.2 186.6 173.7 167.1 144.4 151.9 153.4 161.4 167.9 174.7 176.7 180.9 180.1 181.6 184.1 183.8 181 178.9 174.1
22 22 22 22 23 38.5 66.7 95 116.4 126.7 140.6 168.7 189.2 213.3 246.4 277.9 306.9 333.3 359.4 386.6 419.9 447.1 489.2 521.5 554.5 581.5 596.6 613.4 610.7 614.3 614.8 616.2 617.3 613.6 611.1 609.6 608.8 610.9 606.4 606.1 603.2 599.5 605.9 590.7 576.1 550 521.9 498.5 479.1 460.5 424.8 413.5 402 391.5 396.7 395.3 372.5 329.6 278.8 248.4 236.6 229.7 218.6 210.1 192.8 177.7 174.8 179 181.4 179.6 184.4 191.2 200 203.2 203.7 204.7 203.2 200.5 194.2 190.2 187.8
22 22 22 22 22 38.4 66.2 95.7 121.4 128.2 149.6 179.2 201.6 236.5 253.7 276.9 300.5 332 357.1 387.4 422.3 451.5 475.2 515.4 551.8 572.6 593.5 609.2 608.3 611.2 617.4 617.6 611.6 612.4 607.4 605.1 603.8 601.9 603.9 603.4 605.6 605.3 606.5 610.3 597.6 573 551.9 521.4 486.8 461.3 439.6 425.2 423.5 423.7 410.8 383.1 357.4 322 290.5 253.8 241.3 236.1 236 219.4 207.4 179.2 199.2 197.4 195.5 190.4 200.1 213.7 221.8 226.1 229.7 233.1 225.5 215.3 212.8 207.5 208.1
22 22 22 22 22 37 74.2 95.9 113.7 133.9 155.4 183.5 214.8 245 268.4 291.4 319.1 340.9 374.6 399 431.4 459.5 482.5 507.1 537.4 568.1 594.3 599.9 602.2 605.2 613.5 612.3 610 609.2 605 598.3 599 597.6 599 604 607.5 609.7 599.8 606.6 602.7 588.7 568.1 530.1 493 487.5 458.6 460.2 444.6 430.9 420.8 392.9 352.3 325.4 289 259.1 246.7 248.7 248.5 229.3 211 209.5 214.4 210.9 210.1 209.5 224.2 234.1 245.3 252.1 253.7 249.7 242.8 233.3 227.5 226.5 225.3
22 22 22 22 22 37 73.9 85.8 113.2 138.3 162.3 196.5 224.5 253.7 282.8 308.3 335 365.6 379.6 413.6 442 467.7 497.7 518.8 549.1 574.2 600.7 598.8 597.9 603.1 605.5 605.1 599 602.4 595.2 592.5 590.4 591.3 599.7 601.8 603.5 600.9 594.3 599.6 605.7 592.1 577.4 554 528.2 512.4 506.2 482.8 455.8 439.3 423.3 388.3 371.8 333.8 288.1 263.6 259.6 257.1 248.3 226.4 223.6 223.7 221.5 225.9 234 234 247.4 262.4 267.9 273.4 273.2 263.7 257.1 251.2 246.7 247.8 238.2
22 22 22 22 22.6 35.1 53.5 84.8 114.7 137.9 164.9 205.5 240 269.6 299.1 323.1 352.6 377 405 427.2 454.3 484.1 508.3 532.4 553.5 594.2 598.4 600.4 592 596.1 594.6 586.2 588.2 587.5 583.5 583.1 585.2 590.4 596.9 597.1 597.5 592.4 590.4 592.3 596.2 589.9 576.9 564.8 559.8 536 514.7 483.8 462 437 417 395.6 366.5 341.1 298 271.7 267 263.3 240 228.9 247.4 242.4 243.9 250.4 257.7 266.2 275.9 286.5 292 294.2 290.6 282.6 275.8 272.7 270.9 261.2 247.9
22 22 22 22 22.1 42.5 67.4 96.1 117.2 149.5 177.1 214.6 251.2 285.8 312.3 335.7 363.6 393.5 423.1 447.6 475.6 494.5 519.1 543.6 567.6 598 602.2 602.2 595.2 583.9 579.7 579.2 578.5 577.3 576.4 581.7 589.1 593.3 591.2 592.7 591.3 589.6 590.1 587.8 584.4 581.6 570.7 575.5 560.7 537 502.8 479.4 458.5 434.1 408.2 390.5 373.7 351.4 314.9 278.4 273.5 257.1 241.4 255.1 269.6 273.1 273.8 275.1 282.8 293 303.8 309.9 312.6 312.7 307.6 301.1 299.1 302.1 291 262.6 243
22 22 22 22 25.6 52.5 79.3 99.9 121.9 153.9 183.4 224.9 264.8 298.9 327.1 350.1 372.5 408.7 437.2 463.6 485.6 508.5 535.3 558.8 580.4 608.6 610.2 601.7 583.4 577.7 576.6 574.2 572.7 571.5 573.8 578.4 584.5 587.3 588.2 585.5 586.5 588.7 591.6 584.7 576.5 569.4 565.3 561.5 545.1 520.2 498.7 475.4 453.8 421.9 401.1 391.4 379.1 345.4 315.1 286.2 277.6 256 262.4 277.5 297.6 306.5 306.5 306.2 307.9 313.9 330.3 339.2 336.3 337.1 329 326.6 323.3 311.7 296.7 264.5 237.8
22 22 22 22 35.3 63.7 87.1 104.4 126.7 156.8 186.2 226.9 268.5 311 339.8 364.8 392.3 420.3 444.7 470.1 501.3 525.1 543.5 573.4 593.8 614.7 606.2 604.6 584.5 579 577.2 574.8 570.8 569.2 573.4 574.6 576.7 581.1 581.8 580.9 582.3 586.6 586.1 584.2 575.5 563.6 547.9 542.6 529.8 515.3 485.8 471.9 437.7 416.6 404 391.1 369 340 314.5 287.6 280.1 258.2 274.1 303.1 317 326.2 330.5 330.2 324.6 325.4 327.9 340.6 347.1 340.3 334.4 332.6 325.9 315.3 298.1 267.1 250.7
22 22 22 22 35.1 69.9 91.3 105.5 127.3 157.5 189.3 235.1 281.2 321.1 355.6 383.4 405.4 429.8 453.3 483 510.6 531.8 559 585.1 608.8 617.6 606.8 601.7 596.7 590.8 572.3 570.3 566.1 561.5 562.7 567.1 570.9 573.1 574.8 576.3 577.4 582.8 582.3 583.7 579 562.6 546 525.9 519.2 499.2 477.2 458.7 435.3 422.1 401.1 381.9 358.7 333.1 307.1 288.2 280.3 268.6 289.4 312.7 319.3 326.5 341.1 329.1 325.2 318.9 314.5 332.4 339 332.8 330 332 329.6 317.3 298.6 264.8 245.3
22 22 22 22 33.7 69 90.1 107.8 125.6 157.7 189.2 242.5 282.1 324.2 363.7 385.1 408.4 443.7 476 492.9 516.9 543.5 571.6 602.4 609.6 618.8 614.2 610.7 597.7 586.8 573.9 566.5 563.3 559.2 553.8 557.9 559.6 565 566.2 566.4 571.6 577.5 578.6 577.8 572.8 557.3 539.3 521.7 501.2 485.7 467.3 448 424.3 400.3 385.4 373.1 345.6 325.8 307 293.2 285.4 288.6 303.4 320 321.9 323.5 335.7 327.2 318.7 305.4 306.5 322.4 320.6 321.1 321.4 324.3 316.5 306.2 290.9 265.7 246
22 22 22 22 31 55.7 83.4 102.4 126.5 158.7 190.4 236.2 281.2 332.8 360.3 386.6 432.2 470.8 489.3 517.7 530.8 559.2 590.6 591.9 606.8 616.9 614.5 612 595.7 585.6 576.1 561.3 557.8 553.9 547.1 551.4 550.9 553.4 558.6 560.3 562.8 568.4 572.9 569.3 563 551 530.7 514.3 501.8 485.4 472.3 457.9 432.8 414.2 393.7 371.6 348.4 329.7 314.9 298.5 290.8 297.9 312.8 327.9 327.7 323.2 324.5 322.6 310.8 298.6 291.6 305.1 312.7 313.2 314.3 315.1 310.3 306.5 305.4 274.7 252
22 22 22 22 29 51.5 74.8 95.8 122.1 150.8 194.1 235.3 269.9 308.1 355.4 402.4 459.4 485.5 508.2 525.5 555.3 569 587 591.3 610.9 616.8 613.6 601.7 587.4 584.5 576.9 563.9 546.1 551 543.6 536.8 540.5 542.3 545.7 552 556.8 561.2 562.2 561.5 557.3 542.7 522.5 507.6 496.1 486 473.5 452.9 428.9 407.9 394.7 376.3 353.6 337.4 321.5 302.9 302.2 314.4 326.3 333.9 337 325.4 320 309.3 298.4 282.2 278.7 286.1 299.4 299.3 309.6 301.3 301.1 305 301.7 278.6 250.5
22 22 22 22 29.2 52.6 75 95.8 123.2 153.6 195.4 227.5 276.2 318.8 363.2 418.9 444.8 482.5 514.8 530.7 567.6 569.3 581.5 598.1 601.2 605 601.9 595.6 585.3 582.3 574.7 561.1 541.3 540.2 536.6 530 521.5 533.1 537.1 540.5 544.9 550.5 553.8 553.4 547.5 532.4 517.4 503.9 494 484.7 468.8 449.4 429.4 412.3 397.1 379.1 358.9 339.7 323.2 309.8 315.3 326.4 335.5 336.2 332.5 327.5 319.3 313.3 303.5 291.2 276.3 271.8 281.3 288.8 293.1 298.2 297.4 292.9 281.4 260.3 239
22 22 22 22 29.8 46.1 74.9 99.8 124.5 151.3 186.7 230.1 272.7 315.4 362.8 409.9 444.7 490.7 509.8 531.3 552.1 572 572 586.7 593.3 597.2 599.2 585.8 577.4 572.9 562.1 546.9 537.2 517.6 520.9 524.6 516.3 510.9 528.5 530.8 535.7 540.2 540 539.7 534.4 522.9 513.4 502.5 488.3 479.6 463.4 444.2 428.7 412.9 395.8 380.9 364.6 343.8 328.3 321.1 331.8 343.3 347.6 349.5 337.3 331 325.8 321.6 306.6 290.4 276.6 266.2 268.2 280.7 287.7 286.2 285.8 270.8 257.6 244.3 230.6
22 22 22 22 25.4 42.9 72.1 103 125.2 149.4 181.3 229.5 266.2 314.5 359.7 399.9 436.2 477 486.4 517.3 552 562 572.3 585.1 592.4 587.4 589.7 582.8 572 563.6 553.9 540.9 531.8 517.9 503.7 507.9 504.6 508.2 516.4 518.6 527.3 527.5 525.2 524.8 521.4 514.6 508.5 499.1 482.8 471.4 456.5 442.4 426.8 412.2 398.4 384.4 368.3 356.5 333.5 335.7 348.9 354.3 360.3 356.8 353.1 340.6 332.2 325.4 318.7 291.1 279.4 265.6 253.1 263.1 272.1 278.1 269.8 257.5 241.8 228.4 212.9
22 22 22 22 23.5 37.2 69.3 109 126.7 147 177.4 217.9 276.7 315.7 349.7 381.9 425.7 445.8 472.8 508.5 539.6 548.4 568.3 586.1 580.2 587.1 586.2 579.9 566.8 561.2 545.4 534.4 525.3 513.6 495.4 485 479 505.5 508.4 512.5 515.2 515.9 515.6 515.1 513.2 510.7 506 499.1 480.1 468.1 456.9 443.1 428.3 414.8 403.6 389.7 375.5 360.7 353.3 358.5 364.2 365.2 367.6 367.9 359.1 354 333.1 323.8 320.8 302.5 285.5 270.4 241.1 243.1 250.5 257 254.3 248.2 231.4 214.3 204.4
22 22 22 22 23.8 31.8 66.4 110.2 125.1 139.7 170.5 221.1 268.5 299.5 341.6 358.5 394.1 429 452.1 488.7 515.3 544.2 563.5 579.1 577.2 581.2 581.4 572.3 559.8 552.3 536.1 522.8 511.3 505.1 493.8 466 478.7 497.5 497.1 502.4 506.4 507.5 508.8 502.1 498.2 496.1 493 485.5 477.6 468.5 458.6 446.7 433.7 419.4 409.8 397.7 387.2 362.6 374.4 381.1 377.7 377.5 378.8 376.1 365 351.3 341.9 330 329.6 312.1 288.5 272.5 241.6 225.2 233.2 244.4 242.6 231.5 212.3 202 192.6
22 22 22 22 23.9 28.7 53.3 99.6 112.9 130.1 163.3 207.2 245.6 276.9 312.4 353.3 394.4 414 432.2 466.8 499.9 540.2 550.7 571.4 571.6 564.8 575 565.8 552.1 540 529.7 512.5 506.2 496.4 488.7 466.4 459.5 474.5 479 496.7 498.7 498.7 493.3 490.7 487.8 483.8 479.1 474.9 471.3 464.8 457.7 451.2 440.6 427.2 418.5 409.5 398.8 395.9 395.9 397.7 394.2 397.6 391.8 384 377.3 369.5 350.8 333.2 330.2 309.4 281.4 269.1 246.4 214.8 212.2 213.7 219 215.1 188.3 172.7 172.8
22 22 22 22 23.8 26.3 41.7 79.7 102.7 120.7 158.3 191.3 231.4 264.1 302.6 346.3 379.5 402 418.2 450.2 493.1 522.2 534.3 557.2 559.8 551.1 562 556.3 540.1 531.1 519.3 511.4 501.5 493 484.8 462 446.6 458.1 469 482.2 488.8 488.4 482.7 480.1 477.7 474.4 473.2 471.4 468.5 464.3 457.6 452.7 446.5 436.7 427.3 420 409.1 415.4 415.8 409.2 407.5 410.9 403.7 392.6 385.3 374.9 349.5 329.9 319.4 297.1 282.8 270.5 243.9 213.8 197.6 196.2 197.4 184.5 172.6 161.5 149.8
22 22 22 22 22.6 25.6 37.6 65.7 82.1 106.2 151 188.1 212.4 260.8 298.7 325.4 366.2 378 399.5 441.2 480.9 504.4 515.6 537 540.4 544.3 541.7 537.2 527.6 524.3 514 507.8 493.1 483.5 474.1 458.3 432.2 444.5 456.8 465.5 474.5 476.8 473.9 471.2 469.1 465.9 465.7 465.5 465.1 460.9 459.1 455.1 450.5 444.3 438 428.5 427.7 433.7 427.1 424.1 425.7 421.3 413.4 399.8 383.7 366.7 340.8 317 303.9 292.9 283.1 269.5 245.5 221.8 190.2 172.8 178.5 165 160.5 153.1 136.9
22 22 22 22 22 25.5 33.8 58.5 71.2 96.9 143.1 177.7 208.5 245.6 275.7 310.6 332.3 357.7 385.2 423.4 464.6 494 504.4 520.9 525.4 525.1 520.4 524.3 523.3 518.9 507.1 493.6 482.7 475.8 468.3 455.7 438.6 424.5 449.6 451.2 458.1 463.4 464.6 460.1 460 460.6 459.8 459.5 459.5 460.1 458.2 456.2 455.2 451.7 445.7 441.9 443.9 445.2 441.1 439.4 441.3 430.3 417.1 401 378.2 357.3 345.2 316.3 299 291.2 286 266.3 246.5 226.8 193.7 164.1 148.5 150.7 145.4 141 126.9
22 22 22 22 21.6 25 31.8 47.2 63.2 82.1 126.9 172.4 215.6 228 265 297 316.8 340.6 375.5 414.4 459.5 483.1 488.6 496 500.6 509.8 507.1 507.5 504.4 501.4 492.5 482.8 478.6 470.3 464.7 450.9 429.2 420.9 438.9 439.5 442.8 448.8 447.9 451.5 454.3 454 454.1 455.1 456.4 457.2 457.4 457.5 456.9 454.8 452.2 450.6 454.9 458 455.8 456.1 457.4 443 421.1 394.4 371.9 346.3 335.1 316.2 301 281.4 275.1 255.4 238 210.9 187.9 169.5 142.2 134.2 132.7 124.9 118
22 22 22 22 22 25.1 29.5 40.8 53 75.1 125.3 165.8 195.8 222.8 240.4 280.8 312 324.4 361.1 406.8 447.1 466.3 466.9 477.5 485.5 490.8 492.7 489.4 488.3 487.9 481.9 476.5 470.6 464 455.6 446.1 425.6 405.7 424.6 429 430.3 432.5 436.6 444 448.3 448.6 448.6 449.9 452.5 454.6 456 457.2 457.8 458.7 458.3 459.8 465.1 468.3 470.3 468.1 460.7 450.1 427.3 394.6 378.3 343.2 323.5 309.3 285.8 271.5 264.5 247.7 223.9 200.2 179.1 160 147.8 135.8 127.8 108.9 106.6
22 22 22 22 22 25.7 27.5 30.5 40.1 66.5 106.7 139.5 183.2 219.1 235.2 271.4 291.2 310.2 350.4 389.3 425 447.3 450 456.6 466.2 471.9 473.2 474.1 477.7 476.8 470.8 469.5 466.7 457.9 446.7 436 426.9 411.4 399 415.9 415 419.9 430.3 433.9 439.2 442.8 445.1 448.1 450.2 452.6 455.2 456.8 458.8 460.4 463.2 467 474.6 476.9 479.6 475.8 465.4 452.4 424.1 388.9 372.5 346.7 325.5 300.6 280.2 260.7 248.6 233.3 211.4 205.7 191.8 180.8 159.4 144.8 131.3 118.7 110.7
22 22 22 22 22 25.6 26.8 28.9 37.2 58.2 90 132.7 172.5 217.4 231.9 246 269 297.3 330.1 372.1 407.5 422.8 429.8 441.1 450 459.1 461.7 465.4 465.1 464.4 461.7 462.6 457.3 448.2 438.4 431.1 424.2 412.6 389.9 386.5 402.3 410.8 419.9 427 433.6 437.2 441.5 444.7 446.2 448.9 452.8 456.7 459.3 463.3 466.8 472.3 478.7 482.7 487.3 485.5 465.7 435.5 404.1 382.4 361.6 338.4 320.1 296.4 281 261 249.7 231.8 226.9 210.5 198.9 184.7 172.7 156 145.8 117.6 129
25.5 23.9 19.4 23.5 24.3 25.6 27.2 29.2 32.2 51.8 87.8 127.1 170.5 224.7 231.5 238.8 259.5 290.9 322.6 346.9 370.8 394.4 412.3 420.7 433.6 442 446.7 449.3 449.6 449.6 450.5 449.7 444.1 439.3 430.4 426 419.8 410.5 396.2 370 382.6 399.3 413.5 419.9 426.1 431.2 434.9 438.3 443.8 447.1 451.3 455.8 459.2 462.9 468.4 475.5 481.1 487.2 492.8 496.8 481.2 437.1 399 377.6 357.1 342.1 325.1 297.8 286.9 271.1 257.9 240.5 230.2 218.3 212.2 209.6 190 174.2 137.3 152.5 154.1
29 26 19.4 23.3 24.5 25.9 26.7 27.4 29.9 43.2 80.7 122.3 184.5 197.7 215.6 233.6 247.8 277.5 313 333.4 353.8 376.2 399.3 408.4 417.9 429.3 431.8 438 439.4 436.7 436.2 433.9 428.4 425.5 423.2 420 412.3 405.1 396.4 376.3 366.1 384.2 401.3 409.9 418.6 423.3 427.5 433.2 439.6 445.9 449.8 454.1 458.5 464.3 470.8 477.3 484.2 489.5 498.4 502.5 491 457.4 415.7 394 371.2 349.8 335.5 305.4 290.6 281.8 261.7 250.8 237.2 223 213.6 211.7 197 163.2 168 169.6 162
31 28.2 19.4 23.8 23.1 22.5 22.2 27.5 29.4 34.7 77.7 122 155.5 176.3 199.3 225.4 242.2 251.3 281.1 309 330.7 363.9 382.7 395 402.4 409.5 415.9 421.8 420.1 421.6 419.1 416 417.8 417.5 413.9 413.9 411.3 401.4 392.3 376 352 368.7 384.7 399.3 407 414.3 420.9 430.3 436.9 443.6 449.5 454 458.9 464.6 471.8 479.5 487.2 494.3 504.8 510.1 503.8 482.2 446.8 413.9 382.2 353.9 332 309 293.9 287.4 279.2 262 240.4 230.4 218.1 208.9 198.5 193.3 185.3 180.2 182.2
32.4 29.5 27 19.4 19.4 22.7 20.9 25.3 29.6 32.5 90.8 133.3 138.1 157.5 191.8 210.8 234.9 245.5 260.4 284.9 306 339.1 357.4 372.3 381.7 388.9 393.1 400.9 402.4 398.2 394.4 391.9 395.2 396.4 400.6 406.1 404.2 392.4 383.3 362.1 343 365.4 375.4 386.4 397.1 409.1 417.7 427.2 435.1 441.7 447.4 453.7 460.1 466 472.7 481.2 488.8 496.9 508.9 520.2 514.6 502.6 475.7 437.5 399 371.8 341.9 317.1 295.1 290.5 283 264.1 244.4 233.8 224.1 217.1 212.4 209.5 199.2 194.7 187.2
32.9 28.8 28.1 27.8 27.6 27.4 23.8 20.6 27.7 35.3 76.1 109.7 129.5 146.1 168.4 187.2 213.9 236 244.6 268 288.8 313.2 330.4 351.8 358.3 357.3 368.3 371.7 370.3 365.6 360.4 359.1 360.8 361.9 367.4 378.9 375.2 360.6 355.2 342.9 347.9 362.3 372.3 382.3 397.1 407.7 416.5 425.3 432 440.2 446.5 453.3 460.2 466.6 473.1 481.3 491.4 498.2 516.6 523.4 523.4 516.5 488.5 459.7 430.4 402.8 373.9 336 310 295.2 287.8 275.5 253.5 241.3 230.6 229.7 224.8 222.1 223.3 211.4 193
35 28.1 23.2 28.1 22.2 19.9 19.1 23.6 27.3 32.6 65.3 91 112.2 133.5 152.2 174.1 203.1 219.9 230.3 250.3 264.5 286.1 307.9 320.5 330.3 330.9 333.1 333.8 333 326.6 322.1 322.1 325 326.2 336.3 344.4 336.3 325.5 324.8 321.9 349.6 364.9 373.4 381.4 393.5 406.6 416.2 424.4 431.1 438.6 445.9 453.2 460.6 467.2 473.8 482.9 491.9 499.5 522.4 529.4 529.5 524.4 511 483.8 448.1 436.7 396.5 360.3 324.9 313.6 301.7 280.6 264.4 258 243.6 248.5 243.8 246.1 235.9 218.8 202.7
31.9 25.7 15.5 17 19 21.3 22.4 24 24.9 30.4 57.9 75.3 89.5 117.9 144.6 171.9 189.3 200.5 216.6 236.2 250.2 263.2 278.2 293.8 299.9 307.3 304.1 297.1 295.1 295.6 292.8 292.5 289.2 290 308.1 313.9 305.7 298.6 323.3 344 368.7 373.7 380.8 387.5 394.2 406.5 415.3 423.8 429.8 437.6 447.9 454.7 461 467.8 474.6 483.3 492.5 502.1 525.7 533 537 529 514.8 492.8 471.9 447.1 409.4 374.6 354.8 337.2 333.9 302.1 279.2 265.9 257.8 258.5 256.7 255.3 238.1 221.8 215.8
35.2 21.3 19.7 20.6 21.5 22.1 23.5 24.9 25.9 28.5 45.8 68 87.1 110.7 136.3 155.5 170 181.7 194.5 216.1 234.8 242.7 254.9 266.5 274.2 279.2 273.8 267 264.9 266.5 266.4 261.6 256.4 259.6 281 284.2 287 320.1 347.1 369.1 377.1 386.2 393.1 396 400.6 410.1 414 419.1 427.1 439.3 448 455.4 461.6 468.4 475.6 484.7 494.6 507.6 529.3 537.8 543.6 536.6 522 498.9 471.9 439.1 409.1 389.2 365.8 353.8 343.1 315.4 290.9 274.1 276.7 271.8 269.1 257.6 243.8 239 240.1
30.3 15.1 20 20.6 21.2 22 23.8 25.9 28.4 30.2 37.1 56.1 68.5 88.4 111.8 126.3 142.6 164.7 184.5 200.2 218.3 227.7 232.9 237.8 247 248 244.4 242.9 234.7 238.8 236.5 226.4 235 246.8 260.4 288.3 311.1 341.3 368 376.3 394.2 403.6 410.6 403.8 399.7 403.4 409.6 417.1 426.9 438.2 449.4 457.3 465 473 480.1 487.1 498.1 514.2 532.8 538.4 542.3 541.5 529.8 516.4 475.1 445.1 417.3 396.5 378.4 369.6 349 319.9 300.7 289.6 297.2 286 271.3 263.5 259.1 259.2 259.5
27.5 15.1 18.9 20 21 22.4 24.6 27.1 29.6 32.8 35.7 42.8 60 80.3 98.3 114.7 128.5 145.8 167.2 182 198.8 210.4 212 201.7 216.1 218.2 216.7 216.9 208.3 209.3 212.6 237.4 262 281.1 298.1 315.5 338 366 381.8 397.7 409.1 411.6 403.2 399.3 394.8 400.3 407 416.5 424.2 439.2 450.5 459.4 467.6 476 484.7 491.4 503.1 522.5 538.3 541.5 543.9 539.4 531.3 519.6 499.9 477.5 451.9 420.8 393 376.3 366.6 333.2 309.3 302.4 301.4 292 286.3 279.7 271.6 266.2 259.3
