UK/data/sp/sp01_OST50GRID_20230518/SP01.asc
ncols 200
nrows 200
xllcorner 400000
yllcorner 210000
cellsize 50
[rows 70 to 104 of 200, columns 78 to 155 of 200]
204.7 209 212.8 218.2 223.5 226.7 228.8 229.8 230.7 230.3 229.7 229.1 228.4 226.3 224.2 221.6 217.9 212.1 205 198.9 189.8 180.1 165.5 152.8 156.2 164.6 170.4 174.1 176.5 178 179.4 180.8 182.5 183.7 185.2 189 192.2 196.1 197.3 197.7 195.1 190 185.5 185 186.4 184.8 186.1 188.5 188.4 185.9 183.9 186.5 192.3 200.5 210.8 217.5 220.1 220.4 220.7 223.8 226.1 228.6 231 233.4 234.6 234.9 234.4 234 233.9 233.8 233.7 232.5 231.7 231 229 226.9 227.7 226.3
199.5 201.8 205.6 211.8 218.4 223.5 228.3 230.2 231.2 231.4 230.8 230.2 228.4 226.1 223.1 218.6 215.2 209.8 203.5 195.8 189.6 179.1 163.3 152.7 155.7 164.1 171.2 175.2 177.8 179 179.9 180.2 178.5 178.2 180.6 184.9 190.8 195.7 198.5 198.4 197.1 193.8 193.2 190.2 191.6 192.2 192.5 193.8 196.6 195.5 192.7 187.8 187.7 195.1 204.8 213.9 215.1 217.6 220.7 224.2 227.1 229.8 231.6 233.1 233.2 233.2 233.2 233.1 233 232.9 232.8 232.7 231.7 230.9 228.9 226.5 225.7 224.2
195.5 194.7 199.4 205.5 214.6 222.4 226.7 230.1 231.8 232.4 231.9 230.7 228.2 225.5 220.5 215.6 212.6 206.7 200.4 196.3 190.4 179.3 163.9 154.4 152.3 155.8 167.5 168.9 174.3 176.1 176.6 172.8 174.3 179.1 181.2 183.6 187.9 195.3 199.7 200.1 199.4 198 197.3 195.2 197.6 197.9 198.3 199.4 201.1 202 200.6 196.2 191.6 188.2 200.1 207.8 207.2 214.1 220.1 223.9 227.3 229.6 231.1 232.3 232.6 232.8 232.4 232.3 232.1 231.9 231.7 232.2 231.6 230.9 229.1 227.9 225.7 223
186.4 188.7 197 204.7 214.4 221.5 226.1 230.1 232.4 232.8 232.8 230.6 228 224.5 218.9 213.7 207 203.6 199.2 194.8 190.5 180.9 167.9 159.3 153.3 150.9 155.3 159.4 163.9 163.8 165.5 174.8 183.3 185.8 187.1 188.6 190.3 195.3 200.7 202.8 202.4 203.3 201.8 200.5 202.8 203.7 204.1 205.2 206.3 206.7 205.3 202.9 198.1 188.6 194.3 198.3 205 212.6 219.2 224.2 227.6 229.2 230.7 231.6 232.1 232.5 231.6 231.2 231 230.8 230.7 231.6 231.1 230.5 229.4 227.8 225.9 222.4
179.5 191.2 198.3 205.2 214 220.8 225.8 229.6 232.4 232.8 232.6 230.2 228 224.2 217.9 209.7 200 196.6 191.8 188.7 186.6 182 171 162.4 156.3 150.6 151.2 156.9 160.8 168.4 176.7 185.7 190.6 193 194.7 196.7 196.9 197.6 203.8 207.2 207.5 207.7 206.6 205.8 207.6 208.5 209.4 210.1 210.6 210.3 208.9 206.8 199.4 190.9 198.7 204.8 210.5 215.9 220 224.5 227.3 228.9 230.8 231.1 231.4 231.9 231.2 230.4 230 229.7 230.1 231 230.5 229.9 228.8 227.2 225.4 222.7
182.5 192.3 199 205.3 211.5 219.4 224.9 228.7 231.7 232.5 232.3 230.5 227.9 224 217.7 210.4 199.9 192.8 183.5 178.9 176.1 171.3 163.8 157.9 154.3 151.1 151.4 159.9 165.8 174.7 185.7 191.6 195.9 200 202.3 204.8 203.9 206.5 210.7 212.3 212.5 212 211 210.5 211.4 212.3 212.7 212.9 213.3 211.5 210.3 207.6 198.5 194.1 202.2 208.8 213.2 217.2 221.1 224.6 227.1 229.1 230.5 230.6 230.7 231.2 230.7 230 229.2 228.7 229.5 230.5 229.9 229.3 228.1 226.5 224.9 223.1
186 195 199.4 205 210.7 216.4 222.8 226.8 229.3 231.3 231.4 230.4 227.7 224 219.8 213.1 204.9 197.5 190.7 181.2 174.1 165.5 160.2 154.1 150.4 148.5 152.6 164.2 174.2 179.5 188.1 194.7 200.1 204.8 209.2 210.9 212.9 216.5 218.9 218.9 217.9 216.7 215.6 215.3 215.9 215.8 215.6 214.8 214.1 212.6 210.7 204.5 198.2 198.5 201.5 207.1 212.4 217 221.7 225.2 227.3 229.3 230 230.1 230.3 230.5 230.3 229.5 228.7 227.6 228.8 229.2 228.5 227.9 225.9 224.3 222.6 221.5
190.1 195 198.5 202.3 208.4 214.3 219.3 223.6 226.4 228.3 229.7 228.3 225.9 222.8 219.3 214.2 208.1 201.8 195.8 188.7 184.8 172.1 161 153.5 148.9 148.3 156.7 167.9 179.6 186.9 192.4 199.1 203.9 209.9 215.6 219.8 222.6 224.5 225.1 225.3 224.4 222.7 221.7 219.3 218.9 218.7 217.1 215.8 213.8 212 207.1 201.5 204 205.2 202.8 211.5 214.4 217.6 222.2 225.2 227.4 229.4 229.5 229.6 229.8 229.9 229.8 228.9 227.6 226.6 228 227.8 227 225.6 223.3 221.7 220 218.3
190.3 194.3 197.2 200.3 204.9 210.7 215.2 219.6 222.9 224.4 225.3 224.8 223.1 220.6 217.3 213.1 208.7 203.5 195.3 188.3 180.4 171 160.1 149.1 147.9 152.9 161.1 172.1 184 190.8 197 203.1 208.5 215.4 221.2 225.2 227.4 229.1 230 229.9 229.1 226.9 224.4 222.8 222.5 219.6 217 214.3 211.3 206.6 204.1 206.8 210.2 210.3 206.8 209.7 216.4 219.6 223 225.4 227.6 228.9 229.1 229.2 229.3 229.5 229.3 227.9 226.6 225.4 226.3 226 225 223.2 220.8 219.1 218.1 217.9
185.9 191 195.8 200.1 203.8 207.5 211.9 215.7 219 219.9 219.8 219.6 218.3 216.9 215.4 211 207.7 203.2 196.5 189.4 182.8 171.6 154.5 147.5 154 158.7 165.2 176.5 187.7 194.3 199.9 205.8 213 219.6 225.1 228.9 231.6 232.8 233.1 232.6 231.9 229.9 227.4 224.9 223.1 219.5 216.3 213.5 209.2 208.7 207.6 210 213.9 213.1 212.8 209.9 215 219.9 223.6 226 227.7 228.6 228.8 228.9 229.1 229.2 228.6 228 226 224.7 224 223.8 222 221 221.2 221.7 221.3 220.6
180.4 186.5 192 195.3 201 204.5 208.3 211.7 215.1 216.7 217.1 217 215.5 213.8 211.9 209.2 206.2 202.9 198.7 194.4 188.8 176.9 156.1 146 153 159.8 167.2 178.3 189.3 194 200.1 205.9 212.7 221.9 227.6 231.9 234.1 235.8 235.5 235 234.4 232.3 229.9 227.5 224 220.4 217.6 216.1 212.8 214.2 213.6 214.2 216.5 217.1 216.6 215.7 213.9 220.6 224.2 226.1 227.4 228.3 228.5 228.7 228.8 228.5 227.9 227.3 226.7 225.6 224.8 223.5 223.7 224 224.6 224.6 224.3 223.1
175.4 181.4 185.9 190.3 197.9 201.8 206.8 209.5 212.7 214.6 215.6 214.2 212.2 210.5 208.6 206.6 204.5 200.8 198.5 194.8 187.8 175.3 159.1 148 145.5 154.7 165.5 176.3 185.8 192.1 197.2 204.8 212.7 222.2 228.1 232.5 235.7 237.3 237.8 237.3 236.8 234.8 232.3 229.3 225.6 222.3 220.6 218.8 217.4 218 217.5 218.8 219.9 220.3 219.1 218.3 216.8 220.8 224.6 226.3 227.6 227.8 228.4 228.5 229 228.6 228.1 227.7 227.3 226.6 225.8 225.9 226.1 226.5 226.9 226.6 225.9 225.7
171.1 175.1 179.3 186.9 194.3 199.4 205.3 209.2 211.3 213 214 211.9 209.9 208.7 206.5 204.3 202.1 199.7 197.1 193.8 187.3 177.1 164.2 155 145.5 148.9 158.9 167 176.7 185.6 194.5 202.6 211.7 220.6 227.1 232.4 235.8 238.3 239 239.5 239 237.1 234.6 230.9 227.6 225.5 224.1 222.7 222.1 222.3 222.2 222.4 223.7 223.2 222 220.9 221 221.1 222.5 224.4 226.2 227.5 228.7 229.4 229.8 229.6 229.2 228.8 228.4 227.7 227.8 228 228.3 228.2 228 227.7 227.1 226.9
167.2 171.3 175.7 181.6 188.7 196.4 204.1 208.8 210.3 211.8 212.3 209.6 208.5 207 204.6 201.8 199.1 197.5 196.2 193 187.4 178.6 168.8 159.9 149.7 146.4 156.4 166.2 176.2 186.3 195.7 204.8 212.5 218.1 224.5 229.7 234.5 238.2 240.2 240.7 240.2 238.9 236.7 233.4 230.6 230.2 229.1 227.9 226.7 226.5 226.6 226.7 226.5 226.1 225.1 224 224.1 224.8 225.4 226.1 227 228.3 229.4 229.7 230 230.1 229.8 229.6 229.3 229.1 229 228.8 228.7 228.7 228.5 228.2 228 227.5
165.9 168.8 172.6 177.9 186.3 195.7 203.5 208.3 209.1 210.6 210.8 208.3 207.8 206 203.4 200.7 197.4 193.9 194 190.8 186.6 179.9 170.6 160.6 149.5 147 158.5 167.2 176.9 187.3 198.9 207.7 213.8 217.7 221.7 226.5 233.7 238 240.2 242 241.5 240.4 238 235.9 234.9 233.9 232.7 231.8 231 230.5 230.5 230.3 229.7 228.8 228.1 227.1 227.2 228.1 228.5 228.5 228.9 229.2 229.5 229.9 230.2 230.5 230.3 230.1 230.4 229.9 229.4 229.3 229.2 228.8 228.4 228 227.8 227.3
163.5 167.4 170.8 176.7 185.3 195.1 203 207.8 208.6 209.5 208.9 206.5 205.6 203.5 200.9 198.2 195.7 190.9 188.2 187.8 184.4 178.5 169.5 158.6 146.8 148.5 159.9 167.9 176.7 186.8 197.9 206.8 213.9 219 222.6 226.4 233.4 237.7 241 242.8 242.9 242.4 240.2 239.1 238.5 237.1 236.3 235.7 235.1 234.5 234.1 233.3 232.4 231.6 230.8 230.1 230 230.2 230.4 230.2 229.7 229.6 229.6 230 230.4 230.7 230.8 231.2 231.1 230.8 230.2 229.7 229.3 228.7 228.3 227.9 227.6 227.1
160.7 165.4 170.1 176 184.7 194.8 202.8 206.6 208.8 209.4 207.3 205 202.9 200.1 197.3 194.4 191.9 188.1 183.9 182.2 179.9 174.8 167.1 156.8 144 151.2 162.3 170 178.7 188.8 198.9 207 214.4 219 223.7 227 233.3 239.9 241.8 243.5 243.7 243.8 242.8 242.6 241.5 240.3 239.5 238.9 238.4 237.7 236.9 235.9 235.1 234.4 233.6 232.8 232.4 232.6 232.1 231.6 231.2 230.8 230.6 230.5 230.5 230.9 230.8 230.8 230.6 230.2 229.9 229.5 229.2 228.6 228.2 227.6 226.7 226.6
160.5 165.3 169.9 176.2 185.4 195.3 202.2 205.4 208.4 207.6 205.1 202.6 199.7 196.8 193.2 189.6 186.5 181.2 174.9 173.5 173.5 170.2 163.7 152.1 143.7 154.1 164.1 171.9 179.6 188.6 197.6 206.1 213.2 219.2 224.4 227.3 233.6 238.1 242.5 244.2 244.4 244.7 244.9 244.7 244.3 243.1 242.3 241.7 240.9 240.1 239.1 238.2 237.4 236.7 235.9 234.9 233.8 233.3 232.9 232.4 232 231.9 231.8 231.5 231.2 231.1 230.5 230.3 230 229.7 229.3 229 228.6 228.1 227.2 226.3 225.2 225.1
160.4 165.2 170.3 176.9 186.4 196.1 202.1 205.3 205.9 204.1 202.1 200.1 196.7 190.9 186.7 181.2 178.2 174.6 169.6 166.4 165.6 164 157.7 146.2 145.9 161 167.6 175 181.6 189.4 195.1 204.2 211.5 217.4 222.5 227.7 231.9 236.3 240.8 245 245.2 245.5 246.1 245.9 245.7 245.5 244.7 243.7 242.6 241.6 240.6 239.5 238.5 237.5 236.5 235.4 234 232.8 232.4 231.9 231.3 231 230.8 230.7 230.4 230 230.1 229.8 229.5 229.2 228.8 228.5 227.8 226.8 225.9 225 223.7 223.7
162.9 167.7 172.6 179.5 188.1 196.2 202 204.2 203.8 201.5 198.8 196.3 192 185 179 173.1 169.7 167.8 164.4 161.7 160.4 159.6 152.8 142.5 152.2 163.4 168.1 174.1 180.9 187.4 192.6 199.8 208.4 215.3 221.1 226.6 230.5 235.3 239.8 243.9 245.5 246.3 246.7 247 246.9 246.4 245.8 245 244 242.9 241.6 240.1 239 238 237 236 234.5 232.5 231.8 231.3 230.7 230.1 229.8 229.5 229.1 228.8 228.8 229.3 229 228.6 228.3 227.5 226.5 225.6 224.8 223.7 222.2 222.2
165.3 170.8 177.9 183.9 190.3 197.6 201.3 202.6 201.4 198.3 195.7 191.1 185.1 178.1 171.5 166.9 163.7 162.1 161.5 159.3 156.8 155.8 150.9 142.1 152.7 161.9 167 172.1 177.6 182.2 188.8 198.5 208.4 214.9 220.3 224.3 227.8 231.1 235.9 241.4 244.3 246.1 246.5 246.7 246.8 247.1 246.3 246 245.3 243.9 242.3 240.9 239.6 238.5 237.5 236.5 235 233 231.3 230.7 229.8 228.8 227.7 227.8 227.8 227.5 227.4 228 228.4 228.1 227.2 226.5 225.8 225.2 224.4 223.1 220.9 220.9
169.5 176.1 182.9 188.4 194.1 197.8 198.3 199.1 198.2 194.4 189.2 184.4 177.4 171.2 165.9 162.7 159.8 159.5 158.9 156.9 153.7 153.4 150 141.3 149.5 159.1 163.5 167.5 172.2 178.2 186 195.7 206.8 213.5 218.7 222 225.4 228.9 231.8 237.6 241.5 244.5 245.4 246.2 246.3 246.6 247.1 246.6 246 244.7 243.1 241.7 240.4 239.1 238 237 235.5 233.5 231.6 229.7 228.1 227 225.9 225.1 225.1 225.1 225.8 226.8 227.4 227.5 226.9 226.2 225.5 224.8 223.8 222.5 220.7 218.7
174.9 182.4 188 192 194.4 195.3 195 193.8 191.7 188 182.6 177.3 171.2 165.6 162.3 159.4 156.8 156.5 156.6 155.1 152.3 150.1 149.3 141.5 145.6 154.6 158.2 162.5 167.8 174.6 182.8 191.9 204.2 211.7 216.9 220.3 223.7 226.1 228.5 232.8 237.4 240.9 244.1 245.1 245.7 245.7 246.5 246.9 246.1 245.2 243.8 242.4 241.2 239.9 238.6 237.5 236.1 234.1 232.4 230.5 228.6 226.6 224.9 223.6 221.8 221.6 223.4 225.3 226.2 226.5 226.6 225.9 225.2 224.2 223.2 222.4 220.7 219.9
183.1 186 188.4 189.9 189.6 189.6 188.5 187.1 185.8 181.8 177.2 172.4 166.8 162.9 159.4 156.3 154.2 155.1 154.8 153.9 151.9 148.3 145 141.2 143.1 149 154.2 160.7 165.9 172 179.7 188.7 198.3 208.1 214.1 218.8 221.3 223.5 224.5 228.1 232.3 236.6 240.9 243.4 245 245.1 245.5 246 246.1 245.2 244.3 243.2 241.9 240.7 239.4 238.1 236.7 234.9 233.2 231.3 229.4 227.6 226.4 224.8 222.4 218.3 219.7 223 224.7 225.3 225.5 225.6 224.7 223.7 222.8 222.2 221.9 221
185.8 187.6 187.9 188 186 184.4 181.8 180.5 177.9 176.7 172.7 167.5 163.1 160.5 156.9 153.5 153.5 155.3 154.9 153.9 152 149.2 144.7 140.1 141.4 146.1 152.8 158.9 164.3 169.6 176.1 184.8 196.4 206.7 212.7 216.9 219 219.8 221.9 224.6 227.9 232.3 236.7 240.2 243 243.4 244.5 245 245.6 245.5 244.8 243.4 242.3 241.2 240 238.8 237.4 235.7 234 232.1 230.3 229.1 227.5 226 224.7 220.4 216.4 220.3 222.4 224.1 224.5 224.4 224.3 223.3 222.4 222 221.2 220.9
189 189.2 188.9 187.2 184.9 182.5 179.9 176.5 174.8 171.5 167.3 163.4 159.7 156.5 153.5 151.5 152.2 155.1 153 152.2 150.6 147.7 143.6 138.7 141.5 148.9 155.6 160.1 164.4 169.3 175.8 186.7 196.8 203.6 210.1 213.1 214.8 217 219.8 221.8 223.3 227.7 231.3 236.2 239.8 242.4 243.6 244.2 244.9 244.9 244.7 243.5 242.3 241.2 240.1 239 237.8 236.4 234.8 233 231.6 230 228.4 226.9 225.1 221.6 215.9 214.3 218.3 222.4 223 223 223 222.9 222.2 221.4 220.5 220.6
190.8 190.1 188.9 186.8 184.8 182.4 179.8 177.2 174.8 171.7 167.6 163.2 159 155 151.7 148.5 148.1 149.9 147.4 145.3 144.5 142.9 139.6 139.4 148.6 152.5 157.1 161.5 165.7 170 175.9 184.3 191.8 196.8 201.9 205.5 210 214.2 216.4 218.6 219.6 221.3 225.4 230.7 235.8 240.1 242.4 243 243.6 243.9 243.7 243.2 242.4 241.2 240.1 239 237.7 236.5 234.7 233.7 232.1 230.5 228.9 227.2 225.4 222.4 217.8 209.7 212.9 219.1 221.8 221.8 221.8 221.8 221.5 220.6 219.4 218.6
191.3 190.2 188.3 186.1 184 181.9 179.3 176.6 173.7 170.8 166.7 162.1 158.2 154.6 151.6 148.5 144.8 145.3 142.5 139.5 138.8 138.4 138.4 139.6 146.3 150.8 157.9 162.3 166.1 169.5 173.4 179.4 183.6 187.9 191 196 204 209 212.7 215.1 214.5 217.8 219.6 224.7 232.6 237.6 240.2 241.4 242 242.3 242.4 241.9 241.2 240.4 239.7 238.8 236.8 234.9 233.5 232.8 231.9 230.8 229.2 227.5 225.6 222.7 218.6 210.7 207.2 216.4 219.3 220.8 220.6 220.5 220.3 219.4 217.6 216.4
191.6 189.7 187.5 185.3 183.1 181.4 178.8 176 173.1 168.6 163.9 159.9 156.4 152.4 149.5 146.9 143.8 140.7 139.1 138.2 138.7 138.9 137.9 138.7 143.5 149.6 158 162.5 165.7 168 170.8 173.1 175.7 178.5 180.5 189.2 196.2 203 206.9 209.1 210.6 213.8 215.4 222.5 230.4 235.2 237.8 239.2 240.3 240.6 241 240.6 239.9 239.1 238.3 237.1 235.1 233.1 232.3 231.6 231 230 229 227.8 226 223.5 219.9 212.3 202.2 208.5 215.3 217.3 219.3 219.2 219 217.7 216 213.4
190.9 188 186.6 184.4 182.2 180.4 178 175.3 172.3 167.7 163.5 159.1 155.1 152 147.5 144.9 141.9 139.6 139.6 138.8 138.1 138.7 137.9 137.8 139.1 145.5 157.4 161.3 163.9 164.7 163.9 163.7 166.1 168.1 172.9 178.2 184.6 191.1 196.9 200.4 206.1 208.8 214.6 222.5 229.7 234.4 236.5 237.4 237.5 238.7 239 238.3 238.1 237.8 237 235.4 233.3 231.7 231 230.4 229.8 229.2 228.1 226.8 225.3 223.2 219.8 214 200.9 196.8 205 212.1 215.1 217.1 217.3 216 214 211.1
188.4 186.8 184.3 182.9 181.3 178.8 176.8 174.4 171.9 168.1 164.1 160 157 152 146.9 142.9 140.2 139.3 139.3 139.3 138.6 138.5 138.2 138.4 138.1 142.9 154.8 158.8 159 155.4 156 161.6 167.1 171.3 176.9 178.5 181.4 186.8 191 196.3 203.7 211.6 217.9 223.3 230 232.8 234.7 235.5 236.1 236.6 236.4 235.5 235.3 235.3 235.4 233.8 231.5 230.5 229.8 229.2 228.6 227.9 227.3 225.5 224 222.4 219.2 215.2 203.9 193.1 194 201.2 208 211.8 214.7 214.9 213.6 211.5
182.7 181.2 180.5 178.4 177.2 177.3 175.2 173.1 171.4 167.5 164.5 160.7 156.3 151.4 146.4 141.6 139.5 139.1 138.5 138.5 140.7 141.4 139.4 137.9 137.9 141 149.8 150.3 148.8 154.9 162.3 167.5 171.8 177 183.2 187.7 191.7 193.7 197.6 204.9 213.8 219.5 224.4 227.7 229.5 230.9 232.2 233.4 233.7 234.4 233.9 233.6 233.9 233.9 233.9 232.3 229.8 228.2 227.4 226.6 225.9 225.2 224.5 223.6 221.9 220 218.2 215.4 210 198.7 187.5 189.6 196.7 206.3 210.9 212.4 212.6 211.8
163.1 161.2 160.9 161.9 163.6 168.4 170.4 170.3 168.7 166 162.6 158.5 153.8 148.3 144.2 140.2 139.8 139.2 139.3 142.2 144.8 143 139.5 137.1 137.7 139.5 142.2 145.9 154.8 163 167.7 170.8 175.4 180.5 185.4 189.7 194.1 199.4 205.2 212.4 217.5 223 227.3 230.1 231.3 232 231.6 232.4 232.2 231.9 231.7 231.8 232.1 232.4 232.4 230.8 227.9 226.1 224.3 223.6 223 222.5 221.7 220.8 219 217.1 215.2 213.7 209.8 200.4 187.6 183.7 190.1 198.1 204.9 207.9 209.6 209.2
149 147.5 145.6 145.3 147.4 150.5 154.4 160 161.7 160.9 157.7 153.9 149.7 146.3 142.5 139.6 139.4 140 144.4 148.7 146.5 142 137.5 137 137.5 141.9 149.1 157.6 163.7 167.5 170.4 174.2 177.8 181.7 186.1 190.4 195.6 201.1 208.1 213.7 219.7 223.7 227.3 230.4 232.3 232.5 232.2 231.8 231.5 230.5 230.2 230.2 230.5 230.7 231 229.7 227.7 225.8 223.2 221.4 218.4 217.5 217.1 216.7 215 213.1 211.2 209.1 206.3 197.9 186.6 179.1 183.9 189.5 194.6 202.1 203.7 205.1
141.4 141.1 141 140.6 140.6 140.7 141.7 144.7 149.5 150.5 149.7 148.5 145.3 141.9 139.4 139.1 139.8 145.3 154.3 153.1 146.7 140.3 136.5 136.5 137.5 143.5 153.8 162.6 166.3 168.8 171.5 174.9 177.2 181.1 185.5 189.7 194.6 200.4 206.8 213.1 218.5 222.6 226.3 229.3 231.1 232.9 232.8 232.6 230.9 228.9 228.6 228.7 229.2 229.8 229.6 228.9 228.3 226.7 224.8 221.5 218.9 215.7 210.8 210.8 208.6 206.5 203.7 200.5 197.3 189.5 183.8 176.8 178.9 182.8 185.4 190.1 197.4 199.5
