UK/data/nn/nn66_OST50GRID_20230518/NN66.asc
ncols 200
nrows 200
xllcorner 260000
yllcorner 760000
cellsize 50
[rows 70 to 104 of 200, columns 0 to 77 of 200]
727.3 728.9 729.5 726.7 719.6 711.3 702.9 689.7 676.6 664.1 650.6 637.3 625.7 620.1 609.7 598.3 594.4 582.8 572.4 557.1 541.2 527.2 513.6 500.9 492.5 484.9 474.4 464.8 457 453.2 450.3 444.2 440.8 438.4 434.9 436.7 428.2 428.4 432.1 434.3 428.9 427.4 425.5 423.3 420.6 421.4 421.5 422.1 423.5 423.5 423.9 425.2 425.3 427.4 428.2 428.7 429.3 430.5 433.7 438.3 440.3 441.1 442.3 443.6 444.2 446.4 446.4 446.8 447 446.5 446.7 446.8 446.9 447.7 448.6 449.1 449.7 450.8
724.2 727.4 730 725.3 718.1 708.2 694.5 684.3 670.5 657.6 645.4 631.7 625.1 620.6 607.9 598.2 584.8 573.3 562.9 549.3 533.8 519.7 505.6 494.7 486.9 477.4 468.8 461.9 455 452.4 449.7 444.3 441.6 441.2 431.2 429.6 430.2 429.6 429.4 429.8 431.8 428.4 424.9 423.3 421.7 423.6 422.3 421.9 422.9 423.2 424.1 425 426.8 426.5 428.8 429.3 429.9 431.5 434.6 437.8 439.7 440.5 442.2 442.5 442.8 445.1 447.5 447.8 447.8 447.2 447.1 446.1 446.4 446.3 447.1 447.4 447.2 447.8
722.2 721.4 720.6 713.5 705.1 694.2 688.5 676.7 663.7 651.1 640.4 631.1 621.1 611 601.6 587.7 575.3 561.4 550.6 538.1 524.4 511.2 498.6 488.7 479.8 473.1 465.8 458.5 455 452.5 449.5 447 443.9 435.7 431.4 438.2 439.6 438.6 433.2 430.8 429.6 426.1 424.5 422.9 422.2 424.3 423.6 422 424.2 424.3 424.7 426.2 428.2 428.1 429.7 429.8 430.7 433 434.3 437 438 438.9 441.6 442.8 443.6 445.1 447.5 447.7 447.8 446.5 446.3 446 445.7 445 445.5 445.8 445.6 446.4
715.1 716.7 709.8 703.1 696.5 685.1 674.4 664 655.9 644.9 634.4 624.2 612.5 601.9 591.5 576.1 561.4 547.8 537.7 525.7 513.1 501.8 489.5 483.3 476.1 471.8 464.2 458.5 455.2 453.1 450.7 447.5 443.9 434.7 440 438.1 437.9 435.8 432.2 429.3 428.2 426 424.4 423.1 424.3 426.8 423.4 422.6 422.4 423.7 424.7 425.6 427.3 429.3 430.2 430.5 430.8 434.4 435.9 437.1 438.2 440.4 442.1 442.7 445.4 445.1 447 447.2 447 446.9 446.6 445.9 445.7 444.8 444.5 444.1 445 445.9
711.8 706.8 701.9 694.2 683.6 675.7 665.3 656.2 646.3 634.6 622.4 609.4 598.7 589.8 577.9 561.6 549.5 537.8 524.9 516.2 502.1 492.9 483.1 477 473.1 469.2 463.9 459.8 455 451.6 449.6 446.8 440.2 438.8 441.8 440.6 438.1 435.1 432.6 430.6 429.3 426.9 425 425.3 427.5 427.1 425.4 423.6 422.8 423.2 424.2 425.9 427.2 429 430.6 431.4 433.4 435.7 435 436.8 438.6 441.5 442.8 445.1 445.8 446.1 446.1 446.5 446.5 446.5 446.5 445.7 445.1 444.3 443.7 443.8 444.6 445
707.5 696.8 691.4 682.9 676.2 663.4 655.1 646.4 633.9 623 609.1 596.8 583.6 574.6 561.2 547.1 534.2 523.3 511.9 501.6 492.8 485.3 479.7 474.3 470.3 467 462.7 458.5 453.7 451.7 450 446.1 436.6 442.8 443.2 441.9 439.6 437.9 435.5 433.4 432.9 429.3 427.3 428.7 429.2 428.5 425.5 423.8 423.2 425.1 427.1 428.8 429.6 430 430.8 432.4 434.1 437 437.4 438.5 440.8 443.1 444.1 445.8 445.8 445.9 445.3 444.4 444.5 444.6 444.7 444.6 443.9 443.4 443.4 443.3 443.8 444.2
699.1 688.9 681.9 673.2 665.3 654.8 645.3 633.9 623.2 607.9 593.2 581.2 571.6 559.9 546.4 534 525.2 511.6 502.3 493 482.5 477.8 475 470.2 466.7 462.5 458.9 456.6 454.9 452.3 449.5 439.9 439.1 442 442.6 442.9 441.2 440 438.3 436.6 436.7 433.7 430.5 431.1 429.6 428 425.4 425.9 425.1 428.5 429.2 430.7 431.6 432.1 433.4 434.3 435.2 439.7 438.7 440.4 443.1 444.1 444.9 445.4 445.5 445.9 445.8 445.9 445.9 445.5 445 445.1 444.7 444.8 444.9 442.6 443 443.3
690.4 680.6 671.6 661.5 651.3 642.3 630.4 619.3 607.6 595.1 581.4 569.3 558.9 546.5 534.7 524.9 512.4 501.4 491.7 486.6 477.6 471.1 468.1 466.7 463 460.8 458.8 455.5 455.2 451.6 447.7 442.7 444.1 443.7 444.1 443.9 442.4 442.1 440.9 440 438.6 439.4 435.6 433.9 432.1 431.5 428.1 428.2 426.2 426.5 428.8 430.8 433.1 437 437.7 435.5 438.2 442.2 441.1 443 444.3 445.8 445.5 446.5 447.3 447.6 446.9 446.6 446.6 446.3 445.8 444.6 444.8 444.9 443.6 444 443.4 443.3
679.7 671.9 661.4 650.3 637.1 627.6 618.8 604.5 593.1 581.2 568.9 556.6 547.2 534.1 522.7 513.4 503.9 494.4 483.9 478.3 474.6 468.6 464.9 462.7 462.3 459.9 456.9 453.9 451.9 449.5 449.1 439.5 444.2 446.2 446.1 444.9 443.6 444 443.5 440 439.1 440 440.8 440.3 438.2 433.4 430.9 428.8 427.2 428 430.9 431.9 432.5 435.6 440.1 438.1 438.8 441.7 443 445.6 447.2 447.6 446.7 446.6 447 447.6 446.1 445.2 444.8 444.8 445.6 445.8 445.5 445.3 444.9 442.6 443.1 443
669.9 664 650 636.7 624.7 612.1 603.2 592.2 580.8 569.4 557.2 545.5 534.6 522.6 511.7 502.9 493.6 485.1 479.7 474.6 470.2 466.9 463.5 461.6 460.4 457.5 454.9 452.9 451 449.4 443.9 442 448.1 448.6 447.7 446.1 444.8 444.2 444 443.6 440.9 440.9 441.7 440.8 439.5 436.1 433.2 431.1 430.2 427.4 432.5 432.9 433.2 436.5 440 441.5 440.5 444.7 445.2 447 447.5 447.5 447.7 447.3 447.7 445.8 445.7 445.4 445.1 446.6 446.2 445.7 445 445.3 445 443.7 443.4 442.6
659.1 648.6 634.8 623.3 612.7 603.8 591.9 581.5 570.2 558 545 533.5 522.9 513.1 501.3 491.7 484.4 481.6 477 473.4 469.5 466 462.4 461 459.6 457.8 456 454.1 447.8 446.9 445.7 451.5 449.9 450.3 450.9 448.1 446.7 446.2 445.6 445.9 446.1 444.3 444.5 443.1 441.7 440 438.4 436.2 431.2 430.9 436.4 434.5 434.6 441.6 444.8 444.6 445.2 446.6 446.8 446.6 447.2 447.4 447.6 447.6 445.6 445.9 445.8 445.8 446.6 446.1 445.2 444.6 445.1 444.7 443.6 444.1 444.2 444.3
646.8 635.3 622.9 614.4 604.6 595.1 583.7 570.7 559.1 546.9 534.4 523.1 513 500 491.1 485 481 478.7 472.8 470.6 467.1 463 461.2 460.3 459.6 456.9 453.3 450 451.8 452.5 451.9 451.8 452.8 455.5 454.9 452.1 449.9 449.2 449.2 449.8 450 451.4 450.3 448.8 445.7 444.4 438.3 435.1 432.3 432 435.7 436.2 440.2 444.5 447.6 445.4 445.1 445.9 445.7 446.5 447.1 447.3 448 447.1 446.1 446.2 446.3 446.3 446.9 446.5 445.4 444.3 445 444.2 443.5 444.1 444.8 444.2
632.8 622.9 614 601.3 591.9 584.2 573.8 560.6 547.8 534.4 524.7 513.4 502.9 491.7 485.4 480.7 481.3 474.6 471.1 466.9 464.6 462.1 460.2 458.7 457.5 456.4 454 454.7 456 456.6 456.9 457.5 459.8 460.3 458.3 457.6 457.5 456.8 456.3 456.2 456.7 455.3 454.8 452.5 451.7 449.3 439.7 434.3 433.1 431.8 439.2 439.6 441.8 444.9 446.2 446.5 446.1 445.3 446.5 445.5 446.1 446.5 447.1 447 445.9 446.2 446.8 446.9 447 446.7 446.2 444.9 444.8 444.5 444.7 444 445 444.6
611.6 612 601.5 590.5 580.9 572.5 560.6 547.1 535.2 528 513.3 503.3 494.6 485.2 479 477.8 476.6 471.9 467.9 464.7 462.9 461.4 460.6 461.4 460.4 456.1 458.8 459 459 460.9 461.8 461.2 461.4 463.4 465.1 462.9 462.6 463.3 463.2 461.8 464.6 464.9 463 458.9 451.8 448.5 438.5 437 435.9 432.2 436.6 443 444.6 445.5 445.5 445.8 446.4 446.6 445.3 446 446.4 446.3 447 447.3 446.8 446.2 446.7 447.3 447 446.8 446.4 445.4 445.1 445 448.4 448.7 447.4 445.4
602 589.4 588.4 580.5 569.2 559.3 545.7 535.8 523.5 514.1 503.3 494.8 487.9 479.6 476.9 477.7 473.6 470.2 466.4 465.8 464.2 464.6 464 463.4 459.6 461.1 462.3 462.1 462.5 462.7 463.5 464.3 465.2 468.9 471.3 472.7 473.4 473.4 474.4 473.1 473.4 473.1 470.4 463 454.2 448.3 440.6 438.7 436 434.3 442.1 445.7 445.9 446.9 446.2 446.5 447.7 447.6 446.2 446.5 446.5 445.9 446.6 447.7 448.1 446.7 446.7 447.3 447 446.5 447 449.1 448.7 449 452.6 452.2 449.8 446.9
594.5 583.3 570.4 568 556.6 545.8 533.9 523.5 513.8 502.1 492.4 486.7 479.6 475.1 478 474.3 470.5 469.5 467.1 466.2 465.9 463.9 462.9 462.1 461.7 463.3 464.7 465.1 465.7 466.9 468 471.3 474.1 477.3 480.8 485.5 485.6 483.7 483.4 482.6 482.6 481.2 478.6 468.3 460.3 450.3 441.9 438.6 435.7 437.8 441.3 446.7 447 447.2 447.7 448 448.1 448.4 447.5 447.5 448.4 448.8 449.4 450.1 450 451.1 451.7 450.9 451.2 451.8 454.1 454 457.4 455.3 460.6 460.5 457.8 457.5
582.6 574.8 568.2 548.7 544.7 533.5 521.8 512.4 502.4 492.7 484.7 482.1 475.3 475.9 474 472 470.1 468.3 467.6 467.5 466.1 462.5 460.8 462.7 465 466.2 467.3 469.1 471.7 472.3 473.8 479.9 482.3 488.1 493.5 496.1 495.1 496.5 494.8 494.9 493.5 490.5 482 471.3 462.9 454.8 443.4 438.4 436.7 440 441.9 444.6 448.4 449 449.3 449.4 451.1 451.3 451.2 452.4 453.5 454.6 456.3 456.7 458.6 464.7 466.5 464.7 466.4 463.9 462.6 466.3 468.8 466.9 471.8 471 469.8 466.4
569.6 562.3 554.9 540.7 529.2 521.9 512.9 503.2 491.9 483.5 478 475.4 477.1 474.7 472.1 471.3 470.5 469.4 467.7 466.6 463.7 465.3 467.1 468.2 469.2 471.2 473.2 475.8 480 481.3 484.7 487.7 494.6 502 505.4 504.2 507.9 509.8 510.1 508.1 504.8 496.9 486.7 475.5 464.9 455.8 445 439.2 437.5 440.3 442.5 446.9 449.8 449.7 450.4 453.3 455 456.3 458.2 462.3 463.7 465 464.7 466 470.2 475.9 477.5 480.3 487.2 486.5 490.9 490.3 486 481.2 483.6 485 477.9 473.2
563.5 558.4 545.3 533.5 520.2 506.4 503.6 492.7 485.5 480 477.6 478.1 476.8 474.6 472.3 471.4 468.7 466.2 465.8 465.6 467 468.8 470.8 472.2 475 477.6 479.9 483.3 487.3 491.9 494.1 498.3 505.5 510.8 513.9 522.1 521.8 521.9 525.3 521.2 514.6 504.1 490.3 478.7 467.5 455.6 446.1 440 439 441.9 447.2 448.6 450.4 451.1 454.5 456.8 458.9 461.9 465.8 469 472.1 473.4 476.7 478.5 481.7 486.3 494.4 499.7 510 512.4 515.9 511.2 505 503.9 500.9 491.7 488 489.9
561.2 548.7 537.8 523.3 507.7 497 492.2 486.5 482.6 479.5 477.8 477.9 476 474 472.4 469.9 467.3 469 469.2 469.9 471.2 473.8 476 480.3 483.4 486.3 491.1 493.3 497.9 502.5 506.3 513.6 519.9 526.1 532.4 538.5 535.5 534.4 534.8 534.2 520.4 507.3 490.7 477.9 466.9 455.8 445 442.9 440.9 443.6 446.8 450.2 450.8 455.3 457.8 460.6 465.5 469.9 476 481.3 485 489 492.3 496.2 495.4 504.4 514.6 512.9 530.6 537 535.8 523.9 516.9 515.5 510.8 509.5 506.8 508.2
555.1 539.1 528.6 513.3 500.4 490.1 485.5 482.5 480.6 479.9 477.9 476.1 475 474 469.4 469.5 470.7 470.2 472.2 474.5 476.3 480.6 484.6 490.3 493.8 497.5 501.9 505.3 508.8 511.8 518 529.3 537.6 545 547.4 549.6 551.3 547.8 548.2 536.5 523.6 507 490.2 476.3 465.4 454.5 444.9 444.5 441.5 446.2 448.6 450.7 454.6 459.3 464.8 470.6 476.8 483.8 490.4 495 498.5 501.9 505.4 515.1 513.9 522.1 531.2 534.8 545.6 544.2 540.5 539.7 532.7 532.6 531.3 529 528.9 526
545.8 533.7 519.5 503.8 491.4 484.5 482 480.1 480.5 479.3 476.9 475.1 472.9 470.3 471.3 472.4 473 474.3 476.3 479.9 482.8 488.6 496 500 504.4 509.8 514.3 516.4 520.6 527 536.7 543.7 549.2 563.5 566.7 567.6 561.6 556.3 550.8 540.1 520.3 499.4 486.2 475 465.2 453.6 446.9 445.8 446.8 450.1 453 456.1 461 465.8 473.3 481.3 497.3 508.3 508.9 512.3 511.7 521.3 526 531.3 529.4 534.7 539.9 543.6 547.2 547.5 552.3 551.1 545.7 539.7 537.3 536.6 542 544.1
540.5 524.5 510 495.1 485.4 479.9 479.5 478.8 478 478 476.1 475 471.7 471.7 472.6 474.4 475.7 479 481.7 486.2 491 499.9 505.7 510.6 515.7 519.6 522.6 527.4 532.6 542.6 548.3 556.6 564.2 576.2 578.7 573.7 569.9 566.6 555.7 536 515.3 498.5 485.2 474.6 464.4 454.9 448.9 448.1 451 453.1 456.4 460.2 465.2 471 478.7 489.7 508.2 516.8 529.8 526.8 528.2 533.5 535.6 534.3 539.4 548 550.4 548.1 549.9 552.1 558.5 557.7 546.9 544.1 546.8 548.6 551.7 547.3
527.9 514.2 499.8 486.3 480.2 478.9 479 479.8 479.2 478.3 476.3 473.7 472.9 474.3 476.3 477.9 479.6 484.3 488.2 493 500.8 508.4 514.8 520.2 525 527.8 531.8 537.8 545.9 554.6 560.7 568.8 580 583.4 584.8 585.4 586.7 571.6 554.6 532.9 511 497.3 485.6 475 465.3 456 449.3 451.7 454 456.1 459.7 463.4 468.5 475.9 482.6 493 508.8 523.8 532.9 541.3 539 538 539.8 546.8 551.4 561.3 564.9 559.8 558.9 565.8 564.9 561 550.3 550.3 552.4 555.5 553.7 550.6
518.1 504.8 491.7 481.8 478.5 477.3 477.7 478.6 478.7 478.1 476.5 474.1 475.1 477.2 479.6 481.8 484.6 489 495.6 502.9 511.2 517.9 523.6 528.4 532.5 536.4 541.8 548.5 556.7 563.7 571.1 578.3 585.6 589.3 594.7 597.9 591.6 574.9 554.3 532.4 515.2 499.3 486.7 474.7 460.7 453.9 452.2 454.8 457.2 458.7 462.2 465.6 471.1 477.8 484.7 498.1 512.4 527.3 537.9 540.3 538 540.9 548.6 557.6 562.2 568.4 571.4 564.8 571 578.2 578.1 564.4 559.3 557.8 558.1 558.8 553.2 549.8
508.2 493.8 484 480.2 478.3 477.6 477.6 476.5 477.1 476.9 476.9 474.7 478.6 480.2 482.4 487.2 490.3 495.6 505.2 512.6 519.3 525.8 531.4 535.1 540.2 544.9 552.3 557.7 563.3 570.3 577 582.5 590.5 597.8 604.9 600.3 590.7 578.6 563.9 544.3 524.3 507.6 489.4 470.9 460 452.8 454.9 456.2 458.6 460.4 464 467.5 473.8 479.5 487.1 499.2 514.5 529.9 544 538.5 539.4 545.6 560.5 567.3 569.4 572.9 576.1 580.3 583.9 584.7 584.7 577.9 571.3 565.9 563.4 562.5 556.6 548.4
499 487.9 481.5 478.6 478 477.8 476.1 477.9 478 475.3 475.6 478.9 482.1 483.4 486 492.3 496.9 504.6 512.4 520.2 526.5 531.1 537.8 542.5 547.3 554.3 558.9 563.8 570.5 576.1 581.6 586.1 595.2 604.7 602.3 595.3 588.7 581.5 570.2 552.2 530.2 512.5 489.4 473.2 462.5 455.1 456.6 457.2 458.2 461 464.9 468.8 474.5 480.3 488.1 500.1 516.8 527.5 536.1 538.1 541.7 555.3 567.8 572.7 580.9 581.4 582.9 588.4 594.7 598 589.9 581.7 582.2 573.7 572.1 571.2 562.2 553.9
494.3 484.4 480 478.1 476.7 477.7 476.2 477.7 478 478.5 479.2 482.7 485 488.6 492.3 497.8 505 513.1 520 525.7 532.4 538.9 544.1 549 554 561.5 564.9 569.3 575.8 582 585.4 589.1 596.5 602.3 597.7 592.6 586 577.5 566.3 547.6 532.9 517.2 493.8 479.3 464.1 455.4 455.4 456.2 457.2 460.2 464.3 469 474.1 480.3 488.8 502.7 517.9 527 531.7 537.3 552.9 566.1 572.5 578.2 592.8 585.6 591.4 598.1 602.5 603.5 595.7 593 594.3 590.3 585.4 578.3 568.8 564.9
486.3 483.9 478.3 477.4 476.3 478.1 477.2 476.8 478.5 479.9 481.9 484.7 488.4 492.6 497.8 504.5 512.1 520 525.9 532.4 537.5 543.4 549.5 554.4 559.5 565.1 570.9 576.1 581 584 587.2 591.3 597.4 597.8 595 592.3 584.5 576.5 567.3 554.4 534.6 518.1 502 481.3 463.5 456.7 454.6 456.6 457.6 460 464.5 469.1 475.2 481.7 489.5 505.3 517.4 525.5 532.8 549.2 561.4 575.3 586.5 589.4 591.6 590.3 595.6 603.7 606.8 606.6 602.6 601 596.6 588.8 584 579.2 575.1 569.2
484.2 480 479.7 477.9 476.5 478.2 478.6 479.8 479.6 480.7 485.2 487.4 491.5 497.7 502.3 509.8 517.1 524 529.4 535.7 541.3 546.5 551.1 556.1 561.6 567.5 572 577.6 582 584.8 586.6 590.1 594.6 590.4 589.5 585.1 584.3 576.7 565.6 556.1 540.6 523.7 505.1 482.4 462.9 456.6 454.4 457 458.5 460.6 464.2 468.8 475.2 482.4 490 502.3 513.4 525.4 538.6 555 572.1 587 593.7 592.5 595.5 598 599.7 607.5 607.4 610.3 605.7 601.8 594.8 591.2 588.3 585.8 582.8 576.6
481.8 478.6 478.6 477.1 478.4 478.1 479.3 479.1 481.2 481.9 486.9 490.7 495 501.7 508 514.7 521 526.4 532.9 537.7 541.8 544.7 549.3 553.7 560.5 566.6 572.7 577.2 580.1 583.3 589.8 586.5 586.2 585.9 584 580.8 580.9 575 565.3 556.1 542 524 505.3 481.8 462.8 456.7 455.1 457 458.4 461.6 463.9 468.8 474.8 481.1 488.8 501.1 512.2 529.3 545.6 564 579.1 587.2 591.1 588.6 595.9 595.4 603.3 607.5 608.7 606.2 602.8 602 600 594 590.6 589.5 585.6 579.9
481.8 478.3 478 478.1 478.9 479.2 479.7 480.8 481.6 483.9 487.7 492.5 498.1 503.6 508.9 515.2 520.6 527.3 533.3 537.6 541.5 544.5 547.1 551.9 557.4 564.3 571.4 574.8 578.2 583.5 585.5 584 581.6 579.2 578.9 578.7 576.8 572.9 562.7 550 534.4 514.6 500 481.7 464.1 457.8 455.5 456.7 457.1 460.4 464.5 468.8 474.4 480.7 487.6 500.5 513.8 533.6 550.2 568.1 578 588.2 583.4 584.9 587.4 591.6 599 601.6 600.5 602.1 602.5 598.8 594.8 589.5 586.3 583.3 580 576
480.4 478.5 478.6 477.4 478.5 479.7 481.1 482.9 483.3 486.4 493.2 493.1 498.5 503 509.3 515.3 521.6 528.3 535.2 539.7 541.6 543.7 545.9 551.9 558.5 565 570.6 578.2 594.9 591.5 588.9 584.6 579.4 576.6 574.3 577.4 576.6 569.7 565.6 549.5 527.9 509.1 496.1 480.8 462.6 458.5 457.3 457.5 458.3 461.1 464.7 468.8 473.3 479.9 487.2 500.6 516.9 532.6 548.1 564.6 579.2 580.4 575.8 577.6 584.7 587.6 590.4 592.2 594.2 596.4 594.6 591.6 585.2 581 581.2 577.4 573.1 568.4
482.5 481.5 481.2 480.7 478.8 481.4 482.9 484.4 485.6 489.9 494.6 495.8 499.2 505.6 513.2 518.7 525.3 529.3 534.6 537.7 540.1 543 549.8 555.9 563.6 567.9 573.8 586.4 592.6 591.7 589.5 585.6 580.1 576 573 569.5 568.4 569.8 560.4 546.1 523.8 506.4 493.1 478.7 460.7 458.4 456 456.7 458.6 462.1 465.5 468.5 472.7 478.6 487.3 501.7 518.1 529.8 543.9 560.4 569.2 570 565.5 572.8 576 580 583.3 583.4 587.9 587.3 584.6 578.6 575.9 576.7 574.7 571.5 565.8 560
483.8 483.9 483.3 483.2 480.7 481.5 483.1 485.7 487.8 491 496.6 497.2 500.9 508.4 515.3 520.4 526.4 530.4 534.9 538.8 542.2 546.8 553 560.6 567.5 572.3 581.5 589.4 594 592.9 589.2 583.8 580.2 574.9 573.9 576 568.1 555.5 547.7 538.4 517.3 499 484.6 472.3 459.2 456.9 455 455.3 458 461 464.5 468 472.7 477.9 487.6 501 512.5 523.5 531.6 544.9 551.7 551.2 554.1 561.5 566.9 569.6 573.5 576.6 576.7 575.1 569.3 567.6 567.9 568.6 565 559.3 555.6 554.2
