UK/data/nn/nn00_OST50GRID_20230518/NN00.asc
ncols 200
nrows 200
xllcorner 200000
yllcorner 700000
cellsize 50
[rows 144 to 179 of 200, columns 0 to 81 of 200]
348.1 351 351.7 352.9 349.5 352.9 358.7 356.5 358.1 365 365.8 346.9 329 322.1 312.9 310.3 307.1 302.1 287.7 277.5 268.8 261 253.3 242.4 234.1 226.2 218.3 209.9 204.6 194.5 182.8 161.5 147.6 137.5 128 123 117 110.8 104 98.1 94.2 89.2 84.3 83.9 84.2 82.3 81.7 83 78.3 76.7 75 74.5 75.7 72.3 69 67.1 71.1 73 78.2 83.8 95.3 100.7 109.3 122 130.9 135.2 145 145.5 145.3 149.4 162.7 166.8 165.2 164.5 158.6 141.6 142.1 143.2 148.5 156 163.4 176.4
357.7 358 361.4 367.5 364.3 356.5 355.1 357.9 361.1 359.4 344.9 325.2 320.6 313.3 305 299 292.8 281.4 276.4 268.9 259.8 250.3 240.9 234.5 224.2 215.6 206.8 196.7 189.7 178.9 162.4 150 139.4 129.8 122.2 118 114 105.1 98.3 87.4 79.1 82.5 81.8 83 85.2 85.5 82.6 79.9 77.9 75.2 72.3 72.4 70.7 65.4 63.4 64.9 67.1 68.3 73.5 88.5 102 111.8 115.5 119.1 122.9 123.1 125.7 125.4 133.7 140.7 147.5 146.7 145.7 146.9 142.1 142 141.4 151 157.9 167.2 172.1 186.1
364.6 364.2 365.1 363.2 354.7 354.7 356 352.6 346.1 338.7 321.7 315 312.8 303.9 294 283.1 275 270.1 265.2 256.5 246.8 240.7 230.5 220.2 212.9 202.2 196.8 181.9 171.5 160.8 149.4 139.5 131 122.7 117.2 112.6 106.3 98.3 93.1 87.1 85.7 81.7 83.7 85.6 85.2 82.8 80.7 76.5 75.9 71.3 65.8 66.2 64.5 62.8 62.8 65.3 69.3 76.6 83.8 89.8 91.8 105.4 107.3 110.5 115.4 119.8 127.1 131.7 135.7 137.9 139 139.1 142.3 142.9 146.9 144.6 147.4 157.3 167.8 175.1 184.1 192.2
368 362.5 352.8 350.6 347.6 345.1 342 335.4 332.2 322 317.9 315.3 312 300.5 282.2 274 267 262.3 254.1 245.4 238.4 225.8 215.2 206 200 193.3 180.9 170 154.7 149.6 139.6 129.9 122.4 117.4 112.5 105.7 100.6 93.2 89.7 85.7 82.5 67.2 80.9 82.6 80.4 78.1 76.1 72 69.4 66.6 62.8 59.8 60.8 61.5 67.4 67.4 74.9 83.2 88.1 92.7 97 106.8 112.1 117.5 123.7 128.6 133.9 139.3 144 146 146.2 148.2 150.4 147.3 148.5 143.6 148 160.9 165.5 175.4 187.6 192.8
360.9 357 357.2 357 357 356.5 348.7 338.7 323 318.4 311.8 304.5 295.3 281.3 273.7 264 259.7 251.5 245.9 236.4 224 212.5 209.8 199.8 186.5 173.8 166.1 157.4 146.6 134.3 130 123.8 118.5 113.3 106.8 100.1 94.8 89.2 85.9 83.7 80.1 64.4 78.3 75.3 74.8 72 70.2 66.2 65.5 60.7 59.3 58 61.3 62.7 67 74 80.7 86.3 89.6 93.5 101.9 110 116.4 124.9 131.8 137.2 142.6 147.9 151.6 152.7 154.3 153.9 150.8 150.5 144.9 150.3 151.5 160.7 169.7 177.1 180.7 182.8
361.7 372.6 368.9 367.4 361.5 352.5 338.4 328.2 308.1 306.4 295.7 284 274.2 269.9 263.9 255.7 248.4 242.5 233.2 225.1 215.5 213.7 213.8 191.3 179.9 165.9 148.3 146.6 137.8 129.5 122.5 119.2 114.2 108.9 103 97 93.8 89.9 86.1 80.5 75.6 61.7 62.9 70.4 67.6 65.7 62.6 60.2 60.2 57.7 55.8 56.2 61.8 70 76.2 78.9 82.3 85.8 92.9 99.6 110.3 119 126.5 134.1 141.4 147.4 154.2 158.1 159.8 159.3 156 152.3 148.3 146.4 146.3 145.3 149 158.2 166.4 171.2 173.5 168.4
371.1 371.1 367.2 356.5 340.5 322.3 307.5 304.3 293.6 293.1 282.1 272.2 264.8 259.6 250.9 246 240 231.1 222.1 218.2 218.4 214.1 199.9 189.9 175.5 158.3 146.3 134.5 132.9 126.8 120.2 116.6 110.1 104 98.2 96.9 94.1 90 85.3 80.9 76.7 73.2 66.3 63 62.5 59.1 56.2 56.5 54.9 53.5 53.2 58.7 64.3 71.2 75 80.2 85.4 90.8 97.1 107 118.9 129.1 134.8 141.3 148.4 155.4 160.2 160.5 160.4 158.8 154.9 149.6 145.7 145.2 144.6 144.4 145.9 151.2 156.4 157.3 162 167.4
355.5 347.8 341.6 331.6 317.2 310.3 314.8 312.1 290.7 280.3 277.3 261.1 252.5 250 244 237.3 227.5 224.9 220.3 219.7 213.6 205 199.5 184.5 170.5 158.5 148.5 139.4 126.8 118.4 118.7 111.2 104.3 102.3 99.7 93.9 91.9 84.6 83.1 79.8 74.8 71.8 65.7 53.9 55.7 53.6 52.2 52 52.1 51.4 53.1 57.5 63 68.1 74.8 81.1 86.7 94.3 102.1 114.6 127.2 135.6 142.6 150.7 154 159.2 161.7 161.8 160.9 157.6 153 148.4 145.4 144.4 144.3 144.4 145.1 145.5 147.7 152.7 156.3 163
345.7 340.7 331.8 320.4 314 312.7 317 295.2 279.5 273.9 262.9 250 248.6 246.7 233.3 228.7 224.4 227.7 221.1 213.4 205.4 200.9 190 179.6 169.7 159.5 150.5 143.3 137.5 121 117.8 113.2 109.4 105.2 99.4 94.8 92.3 85.7 75.9 76.6 72.3 66.6 64.2 56.2 52.7 51.3 50.5 49.1 50.1 50.8 52.6 58.6 67.9 71.1 75.4 80.2 88.2 95.3 105.9 120.5 131.5 140.7 149.2 154.5 159.8 163.6 166.3 166.5 166.2 162.2 156 150.1 146.5 145.7 144.6 144.8 145.7 145.7 145.3 145.7 147.4 150.7
328.2 320.1 312.5 312.1 311.5 308.9 291.9 278.8 266 253 245.4 244.5 237.7 233.8 229 227.4 229.3 226.2 214.2 207 203.3 191.4 184.2 175.4 159.6 164.5 151 142.1 133.7 128.8 121.1 115.5 110.1 103.1 99.8 94.9 90.2 84.1 76.9 67.7 67 65.2 63.3 52.3 48.6 49.5 48.9 48.4 49.6 50 52.7 61.2 66.7 68.6 74.4 82.4 91.7 102.4 111.5 122.3 133.6 142.7 150.9 160 166.7 173.3 175.4 173.3 172.3 168.1 161.8 155.6 148.6 147 145.6 145.4 146 146 145.9 146.3 146.6 146.7
314.9 313.1 309 307.3 304.5 291 276 257.6 248 246.1 241.2 236 236.6 231 227.7 227 222.5 210.1 205.1 200.7 192.8 185.4 178.1 168.5 175.6 161.7 150.2 141.8 135.5 127.3 119.4 112.6 105.7 101.1 96.8 93 87.7 80.3 78 72.3 60.9 55.3 52.6 50.4 49.4 48.2 47.9 47.6 48.5 50.4 52.9 56.9 62.4 68 77.5 86.3 92.4 104.3 116.5 127 138.2 146.9 156.5 165.5 175.7 181.6 183 181.3 178.3 174.7 169 161.9 154.9 152.1 150.8 150.3 147.5 146.5 146.7 146.9 147 148.5
319.5 312.2 305.4 304.6 291.8 276.7 262.1 251.6 241.9 241.2 238.1 231.6 231.8 230.8 225.7 219.5 207.2 202.8 197.7 191.9 187.1 181.3 175.9 180.1 170.8 158.6 150.5 143 133.4 125.1 117.4 113 106.1 102.1 97.4 91.3 86.8 81.7 77.3 71.3 63.3 58.4 50.9 49.6 48.4 47.4 46.8 46.4 48 49.9 56 55.2 60.6 69.9 80.6 92.1 102.4 101.7 119.1 131.5 144.7 151.7 161.5 171.7 181.9 190.2 193.4 191.5 187.2 183.8 175.6 169.3 164.1 161.2 160.2 156.8 153.2 150.1 148.2 148.2 148.4 150.1
313 310 307.4 293.4 274.9 264 253.3 241.9 236.7 235.9 236.1 234.7 227.6 222.6 214.7 207.4 201 196.2 192.8 186.8 181.6 180.1 182.5 176.3 166.1 158.3 149.2 140.8 131.8 123.5 115.3 108.9 104.6 100.2 95.9 89.7 85.1 81 75.3 67.6 60 57.1 50.5 49 48 46.8 46.8 46.7 46 48 50.6 54.3 62.6 74.1 85.5 96.7 107.7 117.8 121.7 138.7 145.3 155.8 165.1 176 183.3 188.2 190.7 192.6 190.8 188.7 184.6 178.6 174.2 170.5 165.7 161.9 158.5 155.2 151.8 151.1 151.4 152.1
312.5 310.3 310.2 287.3 267.9 255 243.7 238.8 235.7 231.5 230.1 225.3 220.3 212.8 209 202.4 197.5 193.7 189.8 183 185.1 184.4 181.3 171.4 161.5 152.3 143.6 135.7 126.1 119.7 114.4 107.8 102.5 97.4 92.2 89 84.5 76.9 70 65.4 58.7 50.7 48.1 47.6 46.8 46.8 46.9 46.3 46 46.9 48.6 53.2 61.4 77.5 90.9 104.6 115.2 124.1 133 141.6 151.9 158.5 169 175.3 181 187.1 191.2 194.2 196.7 197.7 194.6 189 183.5 177.6 172.3 167.8 164.2 160.5 155.5 154.1 154.8 155.5
312 305.1 291.7 275.3 261.5 255.3 242 234.3 231.7 228.6 225.7 220.2 214.8 208.8 206.5 203.6 197.3 191.4 189.3 190.7 188 183.9 176.7 166.4 157 148.3 140.5 131.6 126.3 115.4 110.5 105 99.5 95.8 91.3 86.6 80 74.8 68.6 60.3 56.1 48.4 46.7 46.8 47.2 46.5 45.9 45.5 45.3 45.8 47.9 60.8 68.9 83.9 98 106.5 118.1 129.7 140.2 147.4 156.6 164.4 172.3 180.5 188.1 193.8 199.1 204.2 206.7 207.2 201.9 196 190.6 185.3 181.5 177.4 173.7 165.8 159.7 157.5 158.2 158.6
291.1 279.8 275.7 262.6 259.9 257 240.9 235.2 232.3 229.2 222.7 217 210.2 208.8 205.2 201.1 200.8 197 195.8 192.4 188.2 178.7 170.9 161 152.8 145 135.8 127.9 120.9 113.6 106.3 101.3 97.4 92.3 87.5 84.4 77.5 72.3 65.1 60.3 51.7 48.5 46.5 45.6 45.3 45.6 45 44.8 44.6 45.3 57.8 65.1 77.2 91.1 102.7 112.1 122.8 133.4 145 156.1 168.5 178.4 184.3 192.5 200.8 208.5 213.7 215.1 217.3 214.1 209.4 201.6 196.4 191.6 189.9 186.4 180.2 171.6 163.2 161.8 161.3 161.7
279.1 271 260.9 256.3 251.3 245.4 242.4 236.3 231.6 226.4 221.7 217.8 213.8 210.7 208.3 208.1 205.6 204.6 197.6 191.5 182.8 173.2 164.3 156.9 148.4 140.1 132.9 125 116.7 109.3 103.9 98.8 95.6 89.9 85.5 78.7 73.7 70 62 58.1 52 47 46.6 45.6 45.1 45.4 44.3 44.1 43.7 49.8 60.8 71 85.6 97.3 108.9 120.8 131.3 144 158.8 173.4 187.4 199.1 201.3 207.9 215 221.3 228.1 229.3 231.3 232.4 221.9 209.6 203.9 199.9 197 192 182.4 174.8 170.7 168.2 165.6 164.8
268.9 258.8 252.8 246.5 244.8 241.9 239.4 236.5 230.5 226.2 223 219.2 216.1 213 212.5 210.3 207.9 200.6 195 184.1 175.8 168 160.3 152.2 142.6 136.9 130 121.7 113.2 106.1 102.5 97.3 92.4 88.7 82.2 74.4 71.9 69.1 61.4 56.9 53.5 48.8 47.2 46.4 45.8 45.3 43.2 44.9 47.6 55.2 64.4 81.8 98.1 109.4 116.2 127.7 140.3 155.3 175.1 189.4 201.2 212.8 222.3 231.2 232.1 239.3 245 246.5 248.5 249.4 244.3 227.9 213.9 208.6 203.5 199.9 194.3 187.2 180 175.8 172.4 172.1
259.3 252.6 246 244.2 242.9 239.7 237.2 237.1 230.4 225.5 223.4 220.6 217.6 216.5 215.1 211 206.8 198.8 188.6 180.7 171.8 163.8 156 147.1 140.6 131.6 125.7 118.2 109.4 103.6 99.3 94.8 90 83.7 79.5 75 69.6 67.3 62.8 61 58.8 53.9 48.6 46.8 46 45.6 43.4 45.2 49.5 57.1 66.8 80 92.5 109.3 119.6 129.1 142.3 161.5 179.5 195.2 212.4 224.5 240.7 251 255.8 255.9 260.5 267.6 268.9 265.9 260.7 250.6 235 227.5 220.4 216.1 210.6 201.1 191.3 186.8 182.8 181.8
254.3 245.8 240.6 240.1 239.2 239 233.6 231.3 225.5 224.8 223.1 221.7 216.5 216 212.2 208.2 201.2 191.4 183.4 175.8 167.6 159.6 151.7 143.4 137.3 129.7 120 113 106.9 101.1 97 92.2 86.7 81.2 76.5 72.3 68.1 65.4 63.9 62.8 59.3 52 48.9 46.4 47.3 45.9 43.1 45 50.4 58.6 69.5 80.4 89.1 104.2 117.2 128.1 140.2 158.5 177.9 196.5 220.2 241.4 256.8 268.4 280.9 272.7 278.5 285.3 283.5 280 273.5 264.1 258.1 249.9 242 233.1 224.2 216 206.2 200.2 193.5 192.9
247.1 239.9 236.4 236.5 236.4 233.2 228.9 225.9 226.7 223.2 219 215.7 213.1 210.4 206.6 200 193 186.1 178.7 171 163 155 147.3 141.1 134.1 126.8 118.3 109 103.9 97.8 94.4 89.2 84.1 79.1 74.6 71 68.4 66.5 65.2 63.7 52.4 51.8 52.2 53.8 56.2 51.9 47.1 44.3 54.2 61.4 70.6 79.1 86.5 101.4 123.4 123.2 141.2 162.3 182.3 201.8 221.8 248.5 268.8 295.8 312.2 306.2 294.4 294.9 295.6 294.4 285.9 277.8 272.2 264 257.3 249.2 239.8 229.5 218.3 210.4 205.2 201.7
242.1 238.3 234.9 232.9 230.3 228 226.7 223 223 217.5 214.7 211.7 208.6 205.1 199.2 194.2 188.1 180.7 171.3 164.1 157.2 150.4 144.2 138.3 130.2 122.8 115.2 107.6 99.7 96.5 90.4 84.9 81.9 77.7 74.9 70.9 69.7 68.5 67 56.4 55.1 58.9 63 62.8 64.1 59.3 49.1 39.5 47.2 57.7 66.6 76.9 85.9 98.9 109 117.6 138.8 164.6 180.1 196 221.2 254.9 281.9 302.7 320.4 326.9 318.8 311.3 305.3 301 294.3 287.7 281.2 274.2 266.7 257.6 246.9 233.3 223.1 216.2 210.5 203.2
241.8 237.7 234.2 228 226.8 225.6 222.3 218.7 215.4 213.7 211 208 204.1 200.1 194.6 188.7 181.9 173.3 167.1 159.8 155.7 148.1 141.5 135.1 127.9 121.9 113.9 108.3 101.1 94.6 90 82 75.2 76.5 74 72.3 70.8 69.2 57.3 60.4 66.7 70.1 77.3 76.2 71.8 66.7 52.8 41.1 44.4 54.1 69.8 86.4 86.7 95.1 105.6 113 132.4 154.6 170 198.1 238.4 264.9 286.5 301.9 327.4 341.2 349.4 331.3 319.7 308.1 300.3 295.6 289.5 281.6 271.3 259.1 246.1 234.7 227.5 221.5 218.2 202.7
237.5 235.9 233.3 228 222.9 219.3 215.5 212.7 209.9 208.6 206.4 203.5 199.5 195.2 189.6 182.8 175.1 167.3 163.2 158.3 153 145.4 139.9 133.1 126.1 120.9 114.7 108.6 101.5 95.4 88.5 85.1 80.3 75.1 63 73.3 56.9 62.8 67.1 69.8 73.6 81.8 90.5 91.6 85.1 72.9 52.6 37 44.2 51.6 65.8 76.6 80.4 88.3 99.6 110.5 127.6 149.5 167.7 197.7 241.9 260.9 270.9 281.8 304.3 330 354.9 355.6 333.4 318.9 308.2 300.4 292.1 281.3 269 254.2 242.5 233.8 227.3 225.1 210.4 196.8
234 233.3 230.2 224.1 218.1 214.5 211.9 209.2 206 204.4 202.3 198.6 194.4 189.1 182.3 176.8 170.1 166.4 160.5 155.2 150 143.6 137.9 131.9 126 120 113.7 108.6 101.7 96.4 89.9 84.9 81.5 77.2 70.1 64.5 72.3 74.1 76.4 79.3 83.5 90 101.4 105.3 101.4 73.1 50.5 37.7 43.7 51 63.2 68.5 76.5 85.1 96.1 106.6 126.2 150.7 168.7 194.5 210.3 224.5 242.1 247.9 268.9 301.7 327.6 346.8 348.5 333.2 316.2 303.6 291.7 276.5 262.6 247.4 234.9 230.3 223.8 211.3 198.1 188
229.8 226 222.1 217.6 213.7 209.8 207.8 205.7 202.3 201 196.5 193.2 188 182.3 176.9 172.8 167.8 162.7 158.3 154.2 148 142.4 137.1 131.6 124.8 118.9 113.3 107.6 101.7 95 89.7 84.8 79.1 68 75.5 78.7 82.9 84.7 88.3 90.1 93.3 99.3 111.7 121.5 103.8 73.3 45.2 35.7 42.8 50.4 59.6 67.4 75.9 81.5 89.6 100.6 116.3 138 151.8 165 176.2 188 211.3 228.4 246.1 267.4 302.4 317.6 338.5 356.7 327.6 307.5 291.9 268.8 252.2 239 229.9 217.4 208.3 197.2 188.7 182.2
223.8 220.3 217 213.9 211 208 204.6 202.2 198.2 195.5 191 187.1 182.3 178.8 175.1 170 165.1 160.1 155.5 152.1 147.1 141.8 136.4 130.5 124.2 118.7 113 107.4 101.7 94.2 87.3 75.6 83.1 85.7 85.9 87.3 91.9 95.6 98.2 101.2 103.7 106.9 119.5 116.2 95.2 64.9 42.1 30.3 39.8 49.8 57.9 67.4 74.7 81.1 88.7 99.6 111.3 125.1 137.7 154.7 167.2 180.1 202.9 214.7 229 245.6 274.9 307.9 332.7 355.8 353.4 315.5 289 264.1 244.8 230.3 221.6 209.5 201.1 192.2 182.5 172.6
219 216.3 211.5 209.7 207 203.7 199.9 196.5 193.8 188.9 185.6 183.1 179.3 175.1 171.7 167.2 161.7 157.8 154.1 150.6 146 141 135.6 129.4 123.8 118.3 112.7 106.5 99.9 93.5 91.7 93 95 95.4 96.4 98.5 104.8 108.2 105.9 107.5 107.9 119.8 113.7 99.4 79 55 41.9 30.8 38.3 51.5 59 64.2 72.6 81.2 88.7 98.3 110.1 119.3 134.4 151.3 167.9 179.1 192 205.7 219.4 234.8 256.7 295.7 330.9 345.3 352.9 331.1 290.5 266.9 246 229.2 218.2 205.4 198.5 192.9 181.7 171.7
213 209.3 206.5 204.8 201.6 198.1 194.6 190.1 186.8 183.2 181.3 179 174.9 170.8 167.1 163.6 160 156.4 152.8 149.2 144.5 139.4 134.3 128.1 122.2 116.8 111 105.6 98.8 82 99.3 101.9 103.6 105.8 107 109.1 111.6 112.2 111.9 111.8 114.3 117.4 104.1 83.7 64.6 45.7 37.5 30.6 40.1 49.7 56.6 69.1 78.6 85.7 93.9 101.2 111.8 121.3 135.8 152.3 168.6 177.2 185.7 199.2 213.8 229.4 247 276.1 338.9 338.1 338.9 334 296.2 266.5 249 231 212.8 199.6 187.2 181.4 173.3 163.5
207 204.2 201 197.4 195.2 191.3 188.7 184.7 181.5 178.4 176 173.6 170.3 167 163.8 160.7 157.1 153.5 150 146.8 142.6 137.7 132.9 126.4 120.5 113.9 106.1 95.7 97.6 106.1 106.5 110.3 115 117.6 118.3 122.6 123.4 119.2 117.8 113.9 108.5 108.2 91.7 70.5 52.7 40.7 34.8 32.4 43.9 50.5 60 71.1 80.5 87.3 96.4 103.9 113.3 123.1 138.8 154.7 167.3 174.1 183.9 198.9 211.5 221.3 232.9 252.2 283.1 318.5 322.9 325 299.4 265.4 245.1 228.2 210.3 191.7 175 167.8 160.2 152
201.3 199.2 194.2 192.2 188.8 185.9 183.3 179.8 177 174.5 172.1 169.6 166.9 163.8 160.7 157.7 154.3 150.7 147.3 144.6 140.9 136 130.1 123.1 114.1 107 110.5 111.1 113.8 113.9 114.8 123 128.5 131.9 142.1 142.2 136.9 130.8 123.3 113.2 104.8 105.1 86.9 65.8 49.5 38.4 32.3 30.4 42.7 53.1 61.9 73.6 80.5 87.2 96.7 105.5 116.3 126.6 141.5 154.4 163.1 170.8 186.1 199.9 204 217.1 230 238.7 256.7 305.2 315.1 310.6 298.9 263.5 241.4 226.5 208.9 189.3 174.3 162.1 149.7 144.4
196.1 192.3 191.3 187.3 183.5 182.3 179 176.1 173.5 170.9 168.4 166 163.8 161.1 157.9 154.9 151.6 147.5 144.8 142.1 139.1 133.9 127.5 106.4 115.7 119 118.9 119.5 116 124.4 135.2 137.2 145.2 159.3 158.5 154.7 146.8 140.9 128.2 116 108.9 101.6 80.3 64.6 46.7 36.2 30.5 30.9 46.5 54.1 63.8 73.1 80.3 87.1 96.5 104.9 116.9 128.7 141.8 150.2 155.9 169.6 181.6 191 197.6 209.4 221.9 233.4 249.3 286.6 315.5 301.9 290.6 263.7 239.9 227.3 213.4 192.2 170.2 153.3 142.9 133.7
187.7 185.4 184.4 181.7 179 177.8 176 172.8 170.2 167.6 165.8 164.2 162 159.8 155.1 152.1 148.8 142.1 140.4 138.2 134.7 122.4 121.2 122.6 126.1 126.3 126.8 121.3 130.8 141.1 148.6 151.6 161.2 166.3 162.3 156.2 150.8 140.9 134.2 121.3 106.4 93.2 73.2 56.8 42.5 31.5 27.4 39.3 47.3 54.9 64.3 73.2 80.2 86.9 95.9 104.3 116.1 126.4 136.4 143 153.7 164.2 173.2 182.9 192.4 208.2 221.2 232.1 245.1 272.3 304.8 295.5 280.3 257.1 237.1 223.4 208.4 193.1 170.6 148.1 135.6 122.8
180.1 177.7 176.8 175.8 174.6 173.3 171.9 169.9 166.9 165 163.4 162.3 160.2 158 153.5 149.3 147.1 143.2 140.3 134.6 128.4 129.2 134.6 134.2 134.8 132 128.6 133.8 140.6 156.4 156.2 158.9 166.5 172.1 168 157.3 153.5 146.9 137.9 123.7 108.3 90.3 73.4 54.2 36.5 28.1 31.3 42.6 49.9 57.4 64.4 72.1 78.7 86.2 95 104 115 123.7 129.6 137.4 149.3 158 164.7 173.9 190.2 203.9 218 229.6 241.3 271.3 284.8 291.5 271.5 255 231.3 216.6 198.1 184 155.9 142 126 113
174.6 173.7 172.8 172.2 170.3 168.8 167.3 165.5 164 162.4 161.1 160 158.4 156.3 154 149.3 146.6 140.5 136.3 131.9 134.4 144.2 145.4 144.8 142.2 139.4 137.4 141.5 152 158.4 156.5 170.2 175.2 178.5 173.6 161.6 157.1 154.1 149.3 129.9 107.3 89.7 70.6 50.1 33.5 23.6 33.9 44.6 52.4 58.9 64.8 71.2 77.5 85.2 94.4 102.8 112.7 120 128 133.6 141.9 147.9 155.1 166.1 177.9 195.1 212.9 226.4 241.4 260.9 275.4 284.1 264 250.9 227.5 208.5 177.7 159.6 145.7 127.9 117.5 102.2
169.3 169.3 169.3 169.1 168 164.4 163.1 162.1 160.6 159.3 159.2 155.5 154 151.7 143.1 146.2 147 148 148 148.7 155.5 162.1 169 159.2 155.4 151 148.6 149.1 160.2 154.2 163.5 173.7 177.5 174.6 170.4 169.1 165.4 161.5 160.2 135.5 106.1 86.5 66.5 48.9 29.4 25.1 34.2 44.5 53.1 59.1 66.3 71.6 76.9 83.6 92 101.3 108.6 115.9 125.1 130.2 136.3 143.6 149.8 158.3 171.7 189.5 210.1 220.6 241.2 260.1 267.1 271.2 257.8 240.9 224 195.8 178.6 152.5 135.3 118.8 107 95
