WholeMapElevations/data/ss/ss82_OST50GRID_20230518/SS82.asc
ncols 200
nrows 200
xllcorner 280000
yllcorner 120000
cellsize 50
[rows 0 to 34 of 200, columns 78 to 155 of 200]
330.1 327.1 323.8 320 317.1 312.5 307.7 302.8 298 293.1 288 284.2 280.5 277.8 270.1 264.6 260.6 253.6 254.1 259 257 251.7 248.7 243.5 237.6 229.3 234.6 245.7 252.4 251.4 247.8 243.6 237.8 227.4 223.3 222.9 243 261.7 266.9 272.4 279.2 286.3 291.9 296.5 300.1 302.4 302.9 302.2 299.8 296.5 291.5 286 280.9 270 256.4 232.9 219.8 208.7 204.2 220.1 243.1 251.9 237.8 224.3 214.4 205.3 195.9 194.6 202.2 208.6 211.5 209.8 208.5 207.6 211.8 220.5 232 244
336.4 334.5 331.8 327.7 324.2 320.5 316.1 310.7 305.5 301.1 296.8 294.4 291.9 288.5 284 277.9 272.9 268.4 267.7 266.3 264.4 260.5 257.1 252.5 245.5 238 227.2 228.8 233 241 241 236.3 228.8 224.4 224.7 229.8 254.7 272.5 278.4 284.2 291.4 295.3 298.8 301.3 303.3 304.9 305 303.6 301 297 292.5 287.5 282.2 274.9 259.6 252.6 235.5 221.1 208.5 202.4 225.5 239.9 227.9 214.4 207.1 194.7 196 196.5 193.4 190.9 191.4 190 189.3 189.1 191 200.5 219.7 239.7
341.9 340.1 337.9 334.4 330.7 327.2 323.5 317.9 312.9 308 303.4 300.8 298.8 295.4 291.3 285.9 281.6 278.1 275.5 273 270.7 267.6 263.5 259.6 253.8 244.6 234.9 227.2 227.2 227.3 230 225.7 225.3 223.6 234.7 243.5 264.2 278.7 286.2 292.5 297.1 301 303.5 304.9 306.4 307.3 306.3 304.5 301.6 298 292.9 288.6 283 280 275.3 265.6 251.1 235.3 217.1 205 206.6 225.4 219.5 208.6 200.1 199.4 213.1 210.2 205.7 202.5 198.7 198 201 198.2 190.1 186 205 232.7
347 345.5 343.5 341.8 338.2 334.9 331 325.1 320.2 315.3 311.8 308.4 305.6 301.8 297.9 294 289.9 286.1 282.6 279.8 276.8 273 268.3 264.1 257.4 242.5 234.9 237 235 224.4 223.5 225 227.1 242.5 252.1 244.3 269.3 284.2 292.1 298.1 302.6 305.7 307.6 308.8 309.2 309.5 308.2 306.1 302.9 298.7 294.5 291.2 288.9 285.1 278.3 269.4 260.6 247.4 231 214.4 200 203.3 205.3 198.1 196.5 217.2 233.8 229.9 224.3 220.9 222.3 227.9 232.2 224.5 206 192 190.7 217.2
350.7 349.6 347.9 345.9 343.9 340.7 337.5 332.7 327.6 323.1 319.5 316.3 312.9 309.4 305.8 301.6 297.3 293.5 289.5 286.4 282.3 278.2 273.6 266.9 251 241.4 252.1 256.5 251.7 245.8 242.9 247.5 252 257.4 267 261.9 275.2 290.1 296.8 302.7 306.7 309.5 311.2 312.7 312.7 311.9 310.2 307.6 304.4 300.9 297.6 295.5 293.2 288.5 281.1 273.9 266.2 256.5 245.4 229.6 213.8 200.8 197.8 197.2 213.2 233.5 249.9 250.4 247.2 245.1 243.6 251.2 250.9 238.6 215.3 195.4 183.5 194.2
353.6 352.5 351.3 349.5 347.6 344.9 342.3 339 334.1 331 329.3 325.5 321.2 317.7 313.3 309.3 305.1 302.1 298.3 293.2 288.1 283 277 264 245.4 253.6 263.5 265.4 260.9 255.3 258.3 263.6 270.5 271.2 278.4 276.7 282.4 294.2 301.9 306.9 310.6 313.4 315 315.6 315.7 314.6 312.4 310.2 306.9 303.5 301.2 298.7 297.1 293.1 286.8 281.2 275.3 267.7 256.9 243.4 229.2 207.6 209.4 220.1 235.3 252.4 262.4 265 267.8 268.4 268.4 268.6 263.3 247.7 223.3 203.6 188 183.6
355.3 354.9 354.2 352.3 350.1 348 346 343.3 339.4 337.2 334.3 331.1 328.1 325.1 320.5 316.5 312 308.1 303.5 298.3 293.4 286.3 271.9 254 256.8 263.8 269.5 270.9 268.9 269 271.3 279.1 282.5 286.4 288.4 287.9 285.4 298.6 306.5 311.2 314.6 317.2 318.6 318.7 318.4 317.3 315.5 312.3 309.4 307 305 302.3 300.2 297.1 292.2 287.9 282.3 274.5 267.9 251.9 226.4 210.7 226.3 239.1 254.1 262.1 269.8 275.2 280.2 283.1 283.5 279.2 273 257.2 236 217 203.2 192.7
355.4 355.6 354.7 353.5 351.9 349.9 347.9 345.4 343.3 341.4 339.1 336.7 334.3 331.5 328.4 325.2 319.8 315 310 304.3 297.9 286.4 266.6 268.6 270.8 273.6 275.7 277.1 277.9 280.3 283.3 287.2 291.3 293.5 294.8 296.7 292.3 303.2 311.8 315.8 318.8 321 322.1 322 321.5 319.8 317.1 315.3 312.2 310.3 308.1 305.5 303.1 300.6 297.1 292.7 287.9 281.4 271 247 222.3 218.1 238.2 253.3 265.7 271.8 278.4 282.6 287.9 289.8 290 288.4 282.8 271.8 253 233.8 223 214.8
353.2 353.4 353 352 350.7 349.8 348.5 347.2 346.3 345.2 343.8 342.2 340.3 338.7 334.9 331.6 328.2 322.7 317.8 311.6 303 283.2 277.6 282.8 282.6 283.3 283.2 284.1 286.4 288.6 292.6 297.4 302 304.5 305.5 307.3 308.2 310.1 316.9 320.7 322.9 324.2 324.6 324.7 323.8 321.9 319.5 317.6 315 312.3 310.2 307.5 304.6 302.5 299.3 295.6 291.2 286.4 271.6 242.2 218.5 233.5 249.5 265.1 272.1 278.4 283.6 289.3 293.7 296 295.8 294.7 291.6 285.3 273.6 255.9 244.1 236.6
348.7 348.9 348.6 348.3 348.4 347.8 347.1 346.9 347.1 346.5 346.2 345.2 344 342.7 340.6 337 333.1 328.3 322.9 317.2 308.7 288.2 290.5 291.4 290.6 290.6 290.2 293 296.5 302 306.5 310.2 314.1 316.7 317.2 317.8 319.1 320.1 323.1 325.2 326.5 326.8 326.9 326.3 325 323.2 320.3 318 315.6 313.4 310.6 308.4 306.1 303.2 300.3 297.1 293.2 287.3 266.9 238.8 222.6 243.3 260.8 270 276.7 282.9 288.4 293.9 297.2 299.4 300.2 299.2 297.5 293.7 287.4 276.9 265.8 259.4
343.8 344.3 344.3 344.4 344.3 344.4 345 345.5 345.7 346.6 346.8 346.8 346.4 345.4 343.5 340.9 337.5 333.6 328 321.6 309.1 296.3 300.5 300.7 300.1 299.8 302 306.4 311.1 317.6 320.4 322.9 325.3 326.6 328.6 328.1 328.4 328.5 329.2 329.9 329.2 328.8 327.6 326.2 324.6 321.8 318.9 316.3 313.6 311.1 309.3 306.6 304.4 302.5 299.8 297 293.3 286.5 265.3 237.9 233.1 250.9 264.9 273.6 280.6 286.6 292 296.7 299.7 302.2 303.1 302.8 301.6 297.4 292.6 287.1 280.5 273.4
337.9 338.7 339.3 339 339.1 340.5 341.2 342.7 343.7 344.8 346.1 346.5 346.5 346 344.9 342.7 340.3 337.1 332.4 325.9 314.9 312.1 310.8 310.2 310 311.1 313.5 318.8 323.8 328.2 330.6 332.7 334.7 336.4 336.9 336.9 336.1 335 334.6 333.7 331.6 329.6 327.4 323.9 321.6 318.3 315.7 313.1 310.5 308.3 306.1 303.9 301.4 299.4 297.1 294.2 290.8 285.9 266.7 239.1 236.3 252.4 264.9 275.5 282.5 289.5 295.1 299.1 302.9 305.3 305.9 305.7 303.6 300.2 295.4 290.7 282.6 276.9
330.7 330.9 330.9 331.7 333 334.4 336.3 338.4 340.5 342.6 343.7 344.9 345.7 345.6 344.9 343.5 341.7 338.7 335.2 329.8 324.6 321.3 319.2 318.4 319.4 321.9 324.9 329.4 332.3 335.5 338.5 339.7 341.1 341.9 342.4 342.3 341.4 340.3 338.9 336.6 333.4 330.4 325.3 321.5 317.2 314.1 311.3 309.1 306.5 303.8 301.9 299.7 296.9 294.9 292.3 289.3 286.1 277.1 266.2 240.1 236.5 249.8 265.9 277.5 285.6 292.9 297.3 301.2 304.9 307 307.8 307.2 304.6 300.9 296.3 290.7 283.5 278.1
321.3 321.6 323.2 324.2 325.4 327.3 330.1 333.3 335.9 338.2 340.7 342 343.2 343.5 343.3 342.8 341.4 339.4 336.9 333.3 329.8 327.7 326.2 326.7 328.3 330.7 333.7 336.4 339 341 342.9 344.3 345.4 346.2 346.7 346.5 345.7 344.3 342.6 338.7 334.2 328.7 323.5 318.1 313.5 309.8 307.4 305 302.3 299.2 296.4 294.5 291.1 288.8 287.1 283.5 273.3 258 242.8 245.8 245.3 253.7 269.2 280 287.2 293.2 298.4 303 306.2 308.2 308.6 307.3 304.8 300.2 295.4 289 282.5 276.6
310.3 312 313.7 314.5 316.9 320.2 323.6 327.3 330.5 333.6 336.2 338.9 340.3 341.1 341 340.7 339.9 338.4 336.5 333.6 331.5 330.1 330.1 331.3 333.2 335.9 338.3 340.8 343.3 345.7 347.2 348.8 349.5 349.6 349.8 349.4 348.5 347.3 344.7 340 333.9 328.5 322.6 316.9 311.7 306.6 302.3 299 296.7 294.3 292.1 288.7 284.9 280 276.2 267.2 256.6 260.6 261.9 262.1 258.2 255.9 272.9 281.3 288 294.1 299.5 304 307.2 308.2 308.1 306.8 303.4 298.9 293.5 287.5 279.4 274.1
302.3 304.3 306.4 307.6 309.9 312.6 317.1 321.3 324.8 328.2 331.5 334.1 336.7 337.7 337.7 337.5 336.9 336 334.2 332.3 331.1 331.4 331.8 333.9 336.1 338.7 341.4 343.5 345.6 348.2 350 351.5 352.3 352.9 352.6 352.1 351.2 349.9 346.8 341.9 335.7 329.9 324 317.9 313.3 309.3 303.4 298.6 293.3 289.3 284.7 282.5 281.8 279.8 278.4 275.5 274.7 275.4 276.1 275.7 273.4 258.9 273.2 282.9 289.8 294.7 299.9 304.3 307.4 308.1 307.7 305.7 301.9 297.3 292.1 285.3 277.6 270.2
294 295.8 297.1 298.5 302.1 306 309.6 313.9 318.1 322.6 325.8 328.6 330.9 332.7 333.6 333.8 333.5 332.6 330.9 328.5 327.8 329.5 331 333.7 336.6 339.7 342.6 345.4 347.7 350.2 352.1 353.4 354.2 354.6 355 354.7 353.8 352.2 349.8 344.5 338.6 333.2 327.4 322.8 317.9 312.5 307 301.9 297.7 292.8 289.8 287.9 291.6 290.2 288.6 287.6 287.8 287.4 286.5 284.3 282.4 273 273 282 289.5 295.5 300.2 304.5 307.4 308.2 307.3 304.6 300.4 295.4 290 280.4 273.7 266.4
286.6 288 289.1 291.1 294.4 297.9 302.2 308.1 312 316.4 320.7 323.5 325.7 327.2 329 329.2 328.9 328.3 325 323.7 324.3 326.1 329 332.8 336.6 340.3 343.4 346.2 348.6 350.8 352.6 353.6 354.8 355.3 355.7 355.6 355.2 354.3 351.9 348.4 343.6 339.3 333.7 328.5 322.9 317.5 312.5 307.6 303.6 299.2 295.5 294.7 296 296.4 295.3 295.7 294.8 293.5 291.3 289.1 287.8 285.8 281 281.8 290.4 295.8 300.7 305.1 307.4 307.9 306.7 303.2 298.8 292.8 285.4 278.3 271.7 263.7
279 280.4 280.8 283.2 286.3 290.2 294.2 300.4 306.2 310.1 313.8 317.3 320 321.7 323.3 324 323.6 320.3 318.8 318.7 319.3 323.2 327.3 331.6 335.7 339.5 342.7 345.8 348.2 350.3 351.8 353.1 353.9 355.1 355.8 355.9 355.9 355.2 353.8 351.1 348.1 344.8 341.5 336.7 330.4 325.7 320.8 315.9 310.7 306.2 302.3 300.4 301 301.2 301.2 301.3 299.8 298.1 295.5 293.3 292.3 291.4 289.4 287.9 291.3 296.9 301.4 305.7 307.8 308.1 306.5 302 297.2 292.3 284.2 277.8 271 261.4
271.7 271.9 270.3 271.2 277 282.4 287 293.2 299.2 303.6 308 312.1 314.7 316.4 317.5 318.1 316.9 314.7 313.7 313.4 316.3 321 325.5 329.9 333.8 337.8 341 343.8 346.2 348.4 349.6 351 352.3 353.7 354 354.7 355.2 355.1 354.4 353.1 350.9 348.2 345.7 341.8 337.4 332.1 327 322.2 317.6 312.9 309.2 308 308.3 307.7 307.6 307.3 305.1 303.5 301.4 299 297 295.3 294.1 293.5 294.4 297.3 301.8 306.3 308.8 308.9 307.1 302.3 298.2 291.7 285.1 278.3 271.5 265.6
265.8 265.3 259.9 262.1 268.6 274.6 279.9 284.7 292.5 298 302.7 307.8 309.7 311 312.1 311.9 310.9 308.9 307.9 308.9 313.9 318.5 323.1 327.4 331.4 334.9 338.2 341.3 343.6 345.6 346.8 348.1 349.4 350.5 351.4 352.3 353.2 353.8 353.9 353.8 352.8 351.2 349.3 346.7 342.9 338.4 332.9 328.5 324.1 320.4 317.6 316.1 316.5 316.2 315.5 313.5 312.6 311.3 309 305.9 302 300.2 299.1 299.2 300 301.5 303.6 307.3 310.1 310.2 307.7 303.5 298.4 293.1 287.4 282.6 278.2 273.6
260 259.6 255.1 254.4 263.1 270.1 275.7 281.3 286.6 293.9 298.6 302.8 304.2 304.9 305.3 305.6 304.5 303.1 302.2 306.5 311.9 316.1 320.3 324.3 328.5 332 335.2 337.5 339.7 342 343.4 344.6 345.8 347.1 348.2 349.3 350.4 351.6 353 353.4 353.2 352.5 351.9 349.7 347.2 343.9 339.5 335.7 331.6 328.1 325.5 325.1 325.8 324.9 323.6 322.4 321.3 319.4 316.3 313.3 309.9 308.4 306.9 307 307 306.8 307 310 312.2 311.5 309.6 305.5 301.6 297.5 294 291.2 286.8 282
252.3 252.1 249.5 248.8 257.3 264.4 271.5 277.8 284.2 290.5 295.1 298.7 299.9 299.9 299.3 299.3 298.7 297.8 297.9 303.8 308.7 313.3 317.2 321.3 325.2 328.7 331.5 333.8 335.9 337.7 339.1 340.6 341.9 343 344.2 345.5 347.5 349.4 351.2 352.8 353.3 353.6 352.4 351.1 349.8 347.6 345 341.6 338.4 335.7 334.1 334.1 333.2 332.1 330 329.3 328.6 326.7 324.4 321 319.3 316.8 315.7 313.8 313.3 312.2 312 313.7 315.3 314.8 313.1 310.1 306.3 303.7 301.8 299.3 295.8 290.4
245.1 244.1 242.5 245.4 253.5 261.1 269.4 276 282.4 287.6 292.3 294.9 295.8 294.6 294.5 292.2 291.6 291.8 296 301.4 305.9 310.4 314.3 318 321.7 324.7 327.5 329.7 331.8 333.3 334.7 336 337.5 338.5 339.8 341.6 344.2 347.1 349.3 351 352.2 352.5 352.4 352 351.3 350 348.2 346.2 344.4 342.6 341.4 340.1 339.3 338.1 337 335.7 334.5 333.1 331.1 328.4 325.5 322.8 321.1 319.6 319 317.8 317 317.9 318.8 318.6 317.2 315.3 313 310.9 309.3 307 303.2 298.4
236.3 237 239.5 245 251.8 260.1 268 274.9 280 285.2 289.5 291.6 290.9 289.9 286.6 285.1 284.8 288.4 294.6 299 303.2 307.6 311.5 315.1 318.4 321 323.3 325.5 327.3 328.8 330.3 331.2 332.4 334.1 335.2 337.3 341.2 344.4 346.8 348.7 350.1 350.5 351.5 352.3 352 351.3 350.4 349.2 347.9 346.4 345.3 344.5 343.5 342.2 340.9 339.7 338.2 336.6 334.8 332.4 330.1 327.4 326 324.7 323.9 322.7 321.4 322.3 322.3 322.3 321.5 320.6 319 317.6 315.5 313.2 309.9 300.7
233.6 237.9 243.4 248.2 251.4 254.4 265.1 273.3 278.5 283.2 286.7 288.1 287.6 284.9 281.3 277.4 281.9 287.7 292 295.2 300.1 304.5 308.1 311.6 314.1 316.2 317.9 319.8 321.8 323 324.4 326.1 327.4 328.5 330.7 334.6 338.5 341.6 344.2 346.4 347.9 348.9 350.1 350.8 351.2 351.1 350.6 350 348.9 348.5 347.4 346.5 345.5 344.5 344 342.2 340.9 339.5 337.9 336.1 333.8 332 330.3 329.2 328 326.8 325.6 325.7 325.8 325.8 325.5 324.6 323.4 321.8 319.4 316.4 313 308.4
245.9 250.3 254.4 257.8 259.8 262.9 265.6 269.8 276.9 281.3 284.5 286.2 285.4 281.7 276 274.3 279.9 284.7 289 293.3 297.2 300.6 304.3 307.7 310.2 311.6 312.9 314.1 315.7 317.3 318.8 320.6 321.7 322.7 326.6 330.6 334.5 338.2 341 343.2 345 346.5 347.8 348.4 349.1 349 348.9 348.8 348.4 347.4 347 346.5 346 345 344.2 343.5 342.4 341.1 339.6 338.1 336.1 334.4 332.8 331.4 330.6 329.5 329 329.1 328.8 328.7 328 327.3 325.8 323.2 320.4 317.4 313.7 309.2
258.3 262.4 264.8 266.7 268 269.3 271.5 274.7 278.5 281.2 283.5 284.4 283.1 280.1 272.8 270 274.3 278.9 284.7 289.5 293.7 296.6 300.5 303.5 305.6 306.6 307.5 308.8 310.1 311.6 313 314.1 315.3 318.6 322.5 326.2 330 334 337.6 339.7 341.8 343.4 344.6 345.4 345.6 346 345.8 345.6 346 345.7 345.2 345 344.7 344.7 344.2 343.5 342.7 341.6 339.9 338.5 337.1 335.9 334.5 333.4 332.7 332 330.9 330.5 330.5 329.9 328.9 327.7 325.6 322.8 319.8 316.5 311.9 308
269.2 271.9 273.2 274.7 275.3 276.4 277.3 278.4 279.9 281.9 282.6 282.9 281.2 277.5 271.4 264.4 273.6 276.6 280.4 285.7 289.9 293.7 297 299.5 300.8 301.7 301.2 302.2 303.5 304.9 306.7 308.2 309.5 313.9 317.9 321.6 325.1 329.2 332.9 336.3 338.5 340.1 341 341.5 341.8 342 341.7 341.9 341.9 341.9 341.8 342.2 342.7 342.6 342.4 341.9 341.7 341.1 338.8 337.5 336.2 335.1 334.3 333.8 333.1 332.4 331.5 331.1 330.9 329.8 328.2 326.1 323.3 320.6 317.4 314 308.6 304.5
281.2 283.1 283.4 283.7 283.1 282.3 281.7 281.7 280.9 280.7 280.7 281.1 280.3 276.5 266.6 267.6 279.6 282.5 282.1 284.9 289 291.9 294.3 296 296.7 296.6 295 296.7 297.3 298.1 298.6 299.9 302.4 308.9 312.6 317.2 320.3 325.1 329.4 332.6 334.9 336.3 336.6 336.9 336.6 335.7 335.8 335.8 336.2 336.9 337.4 338.2 338.8 339.3 339.4 339.2 338.6 337.9 337 335.6 334.7 334.2 333.7 333.1 332.4 331.8 331.3 330.3 329.3 327.8 326 323.6 320.4 316.9 313.4 309.7 304.3 300.6
289.9 290.6 290.9 290.1 288.1 286.9 285 282.2 279.8 278.3 279.7 280.5 280.1 276.4 262.9 267.7 279.4 283.2 284.8 285.8 288.5 290.4 292 293.7 294.3 292.4 289.1 288.1 290.6 291.4 288.6 290.1 297.9 303.1 307.4 311.6 315.6 319.6 325.6 328.8 330.9 332.1 332 331.4 330.3 329.5 329.3 329.3 330.3 331.1 332.2 333.5 334.5 335 335.3 335.4 335.3 334.6 333.8 332.9 332.3 331.7 331 330.4 329.7 329.1 328.3 327.3 326 324.3 322.2 319.7 316.3 312.5 307.7 303.7 298.8 295.1
294.7 295.3 295.5 294.3 291.4 288.7 284 280.1 276.1 276.2 279.6 281 279.9 276.3 259.6 261.2 275.4 281.5 282.4 284.9 287.9 289.2 291.2 291.4 290.1 289 285.7 278.7 282.5 280.4 275.5 285.4 291.4 297.1 302.6 307 312.1 317.6 322.6 325.5 327 327.8 327.3 325.7 324.7 323.9 323.8 323.6 324.1 325.6 327 328.2 329.3 330.4 330.8 331.3 331.2 331.2 330.4 329.5 328.7 328.2 327.7 327.3 326.6 325.8 324.9 323.7 322 320 317.8 314.8 311.2 307.2 302.3 296.6 291.5 288.9
298.8 299.2 299 297.5 294.2 288.8 281.8 274.1 269.2 275.6 278.4 280.4 280.1 276.6 263.5 245.9 259.4 270.8 278.2 283.8 286.8 288.4 289.2 288.4 285.8 282.9 278 269.1 271.3 266.3 270.5 276 280.3 287.2 294.2 301.7 310.1 315.5 320.1 322.3 323.7 323.4 322.4 320.7 318.8 317.8 317.4 317.4 318.3 319.9 321.5 322.8 323.9 325.1 326.3 326.8 327.1 326.9 326.2 325.4 324.1 323.5 323.3 322.9 322 321.1 320.2 318.7 316.9 314.9 312 309.1 304.7 301.1 296.5 290.7 286 282.5
299.1 300.5 300.3 298.2 294 286.3 278 266.1 265.6 272.4 275.3 276.9 277.5 275.8 270.9 251.6 242 254.7 275.1 282.3 284.8 285.8 285.4 283.3 279.8 267.7 260.8 256.4 255.6 261.8 270.5 279.3 288.4 296 301.5 306.7 312.1 315.9 317.4 319.9 319.8 319.2 317.6 315.9 312.9 311.4 311.3 311.9 312.6 314.3 315.7 317.1 317.9 319.2 321 321.8 322.2 322.4 321.7 320.3 319.1 318.2 317.8 317.5 316.9 316 314.8 313 311 308.7 305.8 302.9 298.7 294.6 289.4 284.1 279 270.2
296.8 298.3 298.2 295.9 291 282.7 269.4 254.7 259.8 265.5 269.5 271 271.4 270.1 268 261 237.7 244.9 268 278.2 280.5 280.6 279.9 277.1 262 249.4 246.3 255.5 265.9 275.5 286.2 292.3 298.4 302.6 306.1 310.6 313.7 315.3 316.8 317 316.1 313.8 312.8 309.8 305.4 304.9 305.2 306.2 307.4 308.4 309.2 309.8 310.7 311.8 313.1 314.7 316.1 317.3 316.8 315.4 314.2 313.2 312.7 312 311.2 310.4 308.7 307 304.8 302.4 299.1 296.5 293.3 288.7 283.9 278.6 271.3 259.4
