WholeMapElevations/data/nh/nh84_OST50GRID_20230518/NH84.asc
ncols 200
nrows 200
xllcorner 280000
yllcorner 840000
cellsize 50
[rows 70 to 104 of 200, columns 78 to 155 of 200]
212.2 209.4 205.3 201.3 197.2 195.3 194.3 192.6 191 190.6 190.5 190.3 190.6 192 193 194.1 192.5 191.7 188.3 187.2 195.3 195.1 198.4 198.7 197.1 197.6 202.4 209.4 216.7 222.4 230.7 231.9 233.1 237.1 239.7 240.8 241.8 238.8 230.6 225.1 217.6 214.3 213.4 217.8 216.8 216.5 215.8 215.2 216.3 216.6 216.8 216.5 215.7 212.5 211.4 205.5 205 206.7 211.8 217.6 220.2 221.5 218.5 213.9 208.2 204.8 203.7 204.1 204.9 205.3 203.9 198.2 195.5 193.2 191.1 188.7 186.5 185.8
209.8 207.7 203.8 200.8 198.1 195.3 194.1 193 190.6 191.5 192.9 194 194.8 195.3 196.1 195.4 195.4 193.9 189.5 193.6 200.3 200.8 200.6 198.9 199.1 205.4 211.3 220.9 227.2 235 240.7 244 243.5 247.7 246.9 243.3 241.7 239.3 237.6 232.7 227.9 224.5 222.7 220.4 219.1 218 218.1 219.3 219.4 218.5 218.7 216.9 214.6 211.6 203.2 202.9 203 203.4 208.9 218.6 219.9 215 207 199.1 195.3 193.9 193.5 194.8 198.7 200.6 204 200.6 197.5 196.1 194.5 192.3 190.8 191.3
202.7 203.2 201.8 199.2 197.2 195.5 192.3 190.2 191.6 195.9 195.5 196.2 197.2 196.2 198.2 199 198.3 191.3 190.6 199.6 199.3 199.4 199.4 199.6 205.3 212 220.9 229.5 235.8 241.1 245.3 248.9 249.8 250.8 248.7 246.7 244.7 240 234.5 233.2 229 225.2 223.3 221.8 221 220.6 220.4 222.2 223.8 223.5 223.4 223.3 218.1 204.1 202.9 202.2 202.3 202.5 205.7 213.6 210.4 205.3 197.2 195.6 194.4 193.7 193.9 194.5 194 194 201.2 203.2 200.1 199.3 199.2 196.6 194.8 192.6
200.8 198.9 198.3 195.7 195 193.4 191.6 194.5 196.2 197 197.5 199.5 201.3 201.8 200.9 200.7 199.4 192.3 190.1 203.2 203.9 203.4 201.2 206 211.3 218.8 228.6 235.3 241.1 245.5 249.3 252.6 254.3 253.7 252.2 248.8 243.2 240.3 236 230.7 228.6 224.9 223.4 223.3 223.8 224 224.2 225.4 226.5 224.5 224.2 221.5 214.3 203.2 202.7 201.5 201.4 201.2 203.3 208.6 201.4 200.3 201 201.5 201.2 200 196.9 193.8 194.3 194 198.1 204.8 203.1 201.9 203.4 203.1 200.2 194.2
200.9 197.1 194.5 194.5 195.3 197.5 200 201.6 202.5 202.2 202.2 204.1 204.8 206 207.5 208 202.6 193.2 192.2 206.9 204.6 202.2 202.3 212.6 220.8 227.8 234 239.9 245.2 249.5 253.4 256.4 256.9 255.8 253.4 250.2 245.7 241.1 236 232.5 229.3 227 226.2 225.7 226.2 226.5 226 225.6 228.6 223.1 225.3 223.7 214.5 202.2 201.8 201.4 200.8 200.5 200.8 201.6 205.3 206.6 208.2 207.9 206.6 206.3 203.1 198.5 196.3 191.5 193.2 201.5 206.6 202.7 203.4 200 193.7 189.6
205.1 201 199.1 199.7 201.9 202.8 203.1 203.6 206.9 207.6 210.5 210.8 211.3 210.9 211 210.9 204.5 194.5 194.9 208.2 203.2 203.2 211.8 220 227.4 232.8 237.2 243.3 249.4 253.7 256.5 259.3 258.5 256.8 253.4 249.7 244.4 240.3 237.3 232.9 231.8 229.8 229.3 230.1 229.3 229.2 229.6 228.9 225.2 224.3 219.5 217.2 215.1 203.9 203.1 202.8 202 202.8 205.8 209 211.5 213.9 215.3 216.7 214.2 212.5 208.9 203.5 196.9 192.6 191.3 193.1 196.1 192.7 191.7 189.7 188.3 186.6
204.7 201.9 200.6 206.5 207.7 209.2 209 212.7 213.3 213.2 213.3 215.6 215.3 214.9 213.8 212.6 206.8 198.6 195.9 204.2 204.1 212.4 219.7 226.1 232.2 237.3 240 246.8 253.4 257.2 259.5 260.3 259.1 256.9 253.5 249.6 243.4 239.6 236.1 233.8 233.3 232.2 232.4 233.3 234.4 232.1 232.8 232.9 229.7 227.7 226.8 214.8 210.7 204 206.5 204.3 206.2 208.1 211.5 214.7 220.8 221.3 223.5 224.5 224.9 222.1 218.3 211 202.4 198.5 194.7 192.3 190.7 190.9 190.5 191.8 191.1 198
207.8 207.3 211.2 212 214.5 216 214.7 212.3 212.8 213.2 213.3 214.4 217.9 215.5 215.5 210.2 207.2 198.8 199.7 206.2 207.8 217.8 224.3 231.1 235.8 239.2 242.7 249.6 255.6 258.9 260.5 260.1 257.8 255.9 252.3 248.5 243.6 239.6 236.6 235.3 234.9 234.7 236.1 235.9 234.9 231.6 231.6 231.6 233.5 231.2 225.8 213.7 206.5 205.8 211.4 212.7 216.4 219 222.3 225.8 230 232.8 233.3 234.1 232.4 229.9 226.6 222.6 217.2 208.8 205.8 202.4 199.9 198.7 196.5 195.8 201.9 211
216.6 217.8 220.2 220.9 220.1 217.5 216.4 214.6 215.2 214.8 213.2 212.6 217.2 211.9 208.2 207.8 209.7 201.4 201.3 202.1 213.4 222.9 229.6 233.3 237.7 239.4 248.7 250.6 257.3 259.5 260.3 259.3 256.9 253.7 250.8 247 243 239.9 236.7 233.3 231.6 231.8 231.4 231.6 231.6 231.6 231.6 231.6 235.5 233.5 228.7 218.9 213.6 226.4 230.9 230.5 232.4 234.8 235.9 236.5 238.4 240.6 242.1 244.4 240.2 235.3 232.9 229.8 224.7 219.2 217.1 215.7 212.3 209.6 206 210 209.8 213.7
221.3 222.6 221.9 221.7 224.1 225.9 225.5 226.5 224.4 221 217.8 212.3 210.4 208.8 210.3 214.9 213.8 204.5 203.3 206.7 220.2 229.9 233.6 237.2 239 240.7 248.3 252.4 258.1 259.2 259.5 258.3 256.3 252.7 248.1 243.1 238.7 232.8 231.6 231.6 231.6 231.6 231.6 231.6 231.6 231.6 231.6 233.6 238.7 231 211.8 212.9 236.1 239.6 243.1 242.9 243.1 244.5 246.2 247.2 248.6 253.4 250.9 247.8 245.9 242.7 240.2 239.2 234.8 230.9 229.6 227.5 226.4 220.6 216.8 217.4 219.5 215.7
222.9 223.8 229.5 235.1 236.6 236.2 234.8 232.6 232.2 230.1 225.3 218.4 215.7 217.8 220.2 220.5 208.8 203.6 205.8 219.5 225.3 232.8 236.5 239.5 239.9 243.2 250.7 256.7 258.4 258.7 258 255.6 248.9 243.1 236.7 231.6 231.6 231.6 231.6 231.6 231.6 231.6 231.6 231.6 231.6 231.6 231.6 233.2 236.5 213.2 233.3 235.7 246.2 248.6 246.3 246.2 247.3 248.6 249.3 251.3 251.8 251.5 248 245.2 242.1 238.6 236.2 233.7 231.6 231.3 228.7 225.1 220.4 223.7 225.1 226.2 224.1 220
230.9 233.9 234.7 237 239.2 234.6 228.4 227.5 227.4 225.2 229.1 231.1 227.8 226.5 224.6 222.9 206.9 204.4 211.5 227.6 232.5 237.1 242.7 238.7 242.3 247 255.4 257.1 257.9 253 248.6 240.8 231.9 231.6 231.6 231.6 231.6 231.6 231.6 231.6 231.8 231.6 231.6 231.6 231.6 231.8 234.6 221.2 217.2 237.6 247.6 250.4 251.5 254.1 251.2 253.3 254.6 256.7 258.9 257.1 254.2 251.3 249.8 248.2 243.2 240.2 236.7 233.2 229.8 227.3 225.9 226.1 231.9 232 230.7 230.6 229.9 224.3
239.5 241.9 240.6 237.1 233 232.4 231.6 232.5 233.4 233.6 232.8 231.6 228.6 227.7 226 218.8 207.8 205.8 219 232.6 237.1 241.4 240.4 239.7 245.2 252.6 253.2 255.6 249.9 244.7 233.2 231.6 231.6 231.6 231.6 231.6 232.2 234 237.8 241.5 241.4 240.1 239.6 238.6 238.8 238.9 242.2 240.9 234.2 251.1 253.7 254 256 253.5 260.5 262.2 264.1 267 266.8 266.2 262.8 260.4 257.5 255.1 251 246.1 242.1 237.6 235 228.3 227 230 231.4 234.1 232.6 234 233.4 225.3
249.3 249.3 248.7 243.7 239.8 238 235 234 233.2 233.5 233 231 229.2 228.3 226.7 215.5 208.3 209.5 217.5 233.6 237.3 239.3 241.1 244.8 249.7 255 255.7 249.8 244.3 234.1 231.6 231.6 231.6 234.8 237.3 241 242.9 245.1 248.1 251.5 254.1 255 254.3 251.9 249.9 249.3 250.7 252.3 251.3 253.4 255.7 258.8 263.9 257.9 268.1 270.5 274.2 276.9 275.6 273.5 271.9 269.6 266.6 262.8 256.1 251.6 249.5 246.1 244.9 245.1 236.8 232.6 229.8 229.6 234.1 232.1 229.6 224.5
249 243.9 246.2 247.1 245.2 243.2 240.2 236.6 233.6 233.4 233 232.6 229.7 229.2 229.5 212.6 211.6 212.4 227.9 237.2 236.4 242.4 246.2 250.2 255.2 256.9 249.3 245.3 234.7 231.6 231.6 238.2 240.5 244.6 247.3 248 253.2 255.7 260.6 261.5 260.9 260.4 259.5 258.2 257 254.9 256.1 256.6 256.9 255.5 260.6 265.3 268.4 267.1 276.8 280.3 283.7 286.2 286.1 285 283.4 279.3 274.3 268.5 260.9 256.5 254.5 250 247.8 246 245.6 241.7 237.6 230.3 229.4 226.3 224.4 224.1
262.8 259.1 256.2 254.8 251.6 248.2 243.6 237.4 233.8 233.4 233 232.6 231.5 232.6 232.1 212.7 213.5 218.7 232 237 243 248.5 251.5 255.6 256.3 249.4 246.4 237.5 231.6 231.6 239.7 244.3 249.1 252.4 253.9 258.1 262.3 265.1 266.5 265.7 265 263.9 262.1 260.8 259.8 258.2 259.6 259.2 262 259.9 264.8 270.3 277 280.3 284.6 288 290.7 292.6 293.1 291.7 289.9 286.5 281.7 275.4 267.4 263 259.2 253.8 250.4 251 248.8 243.2 239.3 235.2 230.7 228.9 231.5 232.9
270.6 265.7 263.8 259.4 255.3 250.1 243.3 238.1 234.4 233.6 233.1 232.7 232.5 233.7 235.3 218.2 213.6 225 238.8 245.3 249.4 253.8 255.1 256.9 253.1 246.8 237.3 233.4 231.6 239.3 245.3 249.3 255.2 257.9 261.1 265.4 267.6 269.7 269.5 268.7 268.7 266.4 264.8 263.5 262.8 263 262 262.3 261.3 260.2 268.2 276.6 283.4 287.8 291.8 294.7 296.8 298.1 298.7 298 295.2 291.9 287.7 282.5 275.9 269.8 265.9 261.2 253.6 249.6 246.9 241.4 238.7 238 240.2 232.8 237.5 239.8
276.1 271.8 266.3 261.1 253.4 247.1 242 238.1 235.3 234.3 233.5 232.8 233.1 232.5 231.4 220 215.9 221.5 246.5 250.9 253.6 255.9 257.6 254.3 248.7 237 234.3 232.7 235.2 243.7 249.5 256.4 261.1 264.8 267.6 269.9 271.5 273.6 273.5 273.5 271.2 268.6 267.3 266.2 265.4 265.7 265 264.1 263.5 265.7 274.8 282.9 289.3 293.8 297.2 300.2 302.5 303.8 303.9 303.1 301.1 296.4 291.9 286.2 281.1 275.7 271.7 267.6 263.8 259.6 251.6 247.1 244.4 240.3 237.3 239.4 246.4 249.6
280.1 274.5 267.6 261.8 253.4 247.9 243 239.4 236.2 235.1 234.4 234.2 231.3 230.2 229.9 226.5 218.6 221.6 248.3 252.2 255.3 258 255.9 249.6 239.2 234.6 234.3 234.5 240.2 245.6 254.1 263.6 266 267.6 270.6 273.7 276.3 277.9 278.1 275.7 273.3 271 270.5 268.9 267.6 267.4 266.1 266.9 269 271.2 280.4 288.1 294.2 299.5 302.4 305.3 307.9 309.4 309.1 308.3 305.6 301 296.1 289.7 284.1 279.3 273.4 270 266.1 262 258.8 255.9 252.4 247.4 249.7 246.1 250.5 250.7
280.4 273.1 265.3 257.9 253 249 247 244.9 242 237.4 236.5 232.8 232.4 229.4 229 230 221.1 220 242.3 252.2 256.8 256.8 251.4 241.9 235.8 236.4 236.5 238.5 246.4 249.7 259 267.2 269.3 271.2 274.4 278.1 281 281.5 280.7 278.1 275.5 273.4 272.3 271.2 270.1 269.3 267.7 270.1 272.7 278.8 284.9 292.5 298.9 304 307.1 310 312.6 314.2 313.7 313.1 310 305.1 299.2 292.7 286.3 280.8 275.5 271.2 267.3 263.3 260.9 258.4 254.7 253.2 248.1 251.7 252.7 250.7
277.3 270 262.2 254.7 252.5 248.9 247.4 245.4 242.4 241.3 240.8 241 242.9 244.7 244.7 240.4 223.6 225.9 230.1 245.7 256.2 252.7 242.4 238.3 237.5 238.4 241.1 247.3 250.7 254.9 265.3 269.6 272.5 275.8 279.3 282.3 284.1 284.7 283.1 280.1 277.2 274.8 273.7 271.6 270.2 270.3 270.5 272.6 278 284.2 288.8 296 303.2 308.5 311.9 314.6 316.6 317.8 317.5 316 312.5 307.2 301.5 294.3 288.4 282.5 277.4 273.6 270.5 265 261.8 259.9 257.9 255.4 254.9 254.9 255.2 255.8
275.7 268.8 258.5 255.1 251.4 248.9 247.7 245.4 245.2 244.3 245.7 247.7 249.4 250.2 250.3 244 225 224.5 230.4 238.6 247.5 245.4 239.7 238.4 239.6 240.8 249.3 256.1 260.6 264.4 268.4 271.5 274.7 279.3 283.5 286.3 286.6 286.7 284 281.1 278.2 275.3 272.9 272.5 274.1 276.5 277.5 278.2 283.3 288.1 292.9 300.1 306.2 311.3 315.2 317.7 319.6 320.6 319.7 317.9 312.7 307.9 302.7 295.7 289.7 284.2 279 274.7 270.6 267 264.5 261.5 258.8 258.3 257.3 257.6 257.4 257
273.4 267.9 259.9 253 251.6 249.1 247.9 246.7 247 248.1 250.9 253.1 254.6 254.5 251 251.3 236.1 225.7 229 238.6 240.5 240.8 240.3 239.5 242.3 251.7 259.2 263.3 269.6 270.7 272.3 274.8 277.8 282.7 286.5 288.6 289.4 287.3 284.6 281.9 278.1 274.1 273.6 276.8 281.1 282.2 282 282.5 287.3 291.3 297 303.1 308.9 313.9 316.9 319.6 322 323.2 321.6 318.3 314.5 309.2 303.6 297.1 290.4 285 280.4 276.6 273 269.2 265.1 262.8 260.6 260.4 260.3 259.9 260.1 260.2
273.2 267.6 260.9 257.3 254.6 250.4 248 249.1 249.7 251.6 254.5 255.4 256.3 256.9 254.5 256.6 239.7 226.1 229.1 240.6 242.8 242.2 242.9 249 245.9 255.2 264 271.5 273.4 273.4 275 277.2 281.6 285.7 289.2 290.1 289.3 286.6 283.9 281 278.2 274.1 278.6 281.4 283.5 285.5 284.7 285.5 289.5 294 299.7 305.2 310.9 315 317.8 320.2 322.6 323.4 321.6 318.3 315.2 309.4 303.7 297.1 291.3 286.1 282.3 278.7 274.9 271.2 267.7 264.3 262.6 262.4 262.3 262.1 262.2 262.3
272.1 266.8 262.3 258.4 255.6 252.8 252.6 254.2 256 257 258.4 259.7 258.9 258.6 257.8 259.3 244.1 228.1 230.9 234.2 244.7 246.5 251.4 257.3 258 259 264.7 275.4 275.2 275.4 277.7 280.1 283.7 288.4 290.3 289.8 288.2 285 282.9 281.1 278.6 276.1 280.4 283.8 285.8 287.6 288.6 288.1 291.3 297.5 302.5 306.6 312.2 314.9 318.1 320 321.6 322 320.2 317.7 313.9 309.6 303.8 298.1 292 288 284.3 280.6 276.7 272.3 269.6 266.2 264.7 264.4 264.2 263.7 264.1 264.3
271.4 267.1 262.7 259.4 257.3 256.6 255.7 256.3 258 259 259.9 260.9 261.3 260.3 261 261 256.8 230.3 231.4 238 246.1 249.3 258.3 262.5 267.9 271.4 269 274.3 276.2 277.8 281.1 283.6 285.8 289.5 290 289.2 287 284.7 283.4 282 280.5 276.2 281.7 285.7 288.1 289.7 291.4 291.2 294.6 299.9 304.9 309.1 312.7 315.3 317.7 319.7 320.4 319.7 318.2 315.7 311.9 307.2 302.3 297.4 293.5 290 286.5 281.9 277.6 273.4 270.7 268 266.9 266.2 265.8 265.3 265.9 265.9
271.9 267.5 264.4 261.6 260.7 260 258.9 259.3 259.4 260.4 261.5 261.4 261.3 261.8 263.2 263.2 260.1 233.7 232.7 236.7 251.7 259.7 266.8 271.9 278.4 277.7 270.2 274.5 277.4 279.3 283.2 287.1 289.2 289.8 289.5 287.6 286.2 284.9 283.7 282.5 281.1 277 281.5 287.3 289.9 291.6 293.1 293.3 296 301.1 304.6 309 311.7 314.2 316.4 317.9 317.7 316.5 314.8 313 309.5 304.9 301.4 298.3 295.3 291.4 287.1 282.1 278.3 274.5 271.8 269.1 268.7 268.7 268.2 267.2 267.4 267
273 269.5 266.7 264.5 263.2 262.6 261.9 261.8 261.3 262.1 262.3 262.2 262.7 263.4 265.6 263 258.8 234.5 233.3 252.5 264.7 266.5 276 280.3 280 278.3 272.7 277.9 278.5 281.1 284.2 287.8 291.2 291.4 290.5 288.6 286.1 284.6 283.4 282.1 280.6 278.6 281.8 288 290.9 293.2 294.6 295.4 297.8 301.2 304.4 308.7 310.8 313.3 314.7 314.6 315 313 311.4 309.6 307.2 303.6 301.4 298.2 295.7 291.8 287.9 283.4 279.5 275.7 273 270.3 270.1 270 269.6 268.9 268.6 268.1
275 272 269.6 267.8 266.9 266.3 265.5 263.9 263.4 264.1 263.2 263.6 265 267.2 268.9 266.8 257.1 241.1 235.8 247.1 271.9 276.5 280.1 280.5 281 279.2 276.1 280.4 281.4 283.7 286.2 288.5 291 292 290.5 287.8 286.1 284.4 282.8 281.4 280.1 280.6 282.9 288 291.5 293.7 295.5 296.6 299.2 302.2 304 307.4 308.9 312.2 312.6 311.3 310.8 310.1 309 307.2 305 303.5 300.9 297.7 295.5 292.2 288.6 284.8 280.7 276.8 274.1 271.4 271.4 270.7 270.5 270.1 269.7 268.8
277.9 275.2 273.9 272 271 270.9 268.7 267.2 266.8 266.6 266.3 267.1 269.1 271.1 272.4 272.7 272 241.1 238.4 250.1 277.6 280.2 281 281.4 281.8 278.7 280.6 283 284.4 286.5 288.9 289.9 289.9 289.4 288 287.2 286.3 284.6 282.4 281.3 281.6 282.5 285.3 288.6 292.1 293.9 295.7 298 300.5 302.7 305.2 305.7 306.3 308.6 309.7 309.4 308.3 306.7 306.6 306 302.8 298.3 295.7 291.1 290.1 290.9 288.8 285 281.2 277.5 275.2 272.7 271.9 271.8 271.4 271.1 270.2 270.2
280.9 280.4 278.6 276.6 275.1 273.5 271.8 270.9 270.5 270.1 269.9 271.3 273.1 274.3 275.2 276 272.2 242.4 239.8 254.1 279.2 281.2 281.9 281.7 281.7 281.8 283.4 285.1 287.3 289.3 290.5 290.3 290 289.3 288.3 287.4 286.4 284.8 282.3 282.1 282.8 286.3 288.9 291.5 294.2 296.6 297.7 299 300.2 302.1 303.9 298.9 299.4 302.9 298.3 298.3 301.6 302 300.4 298.4 297.6 293.9 289.9 286.4 283.4 282.9 284.1 285 281.3 277.7 275.9 274.3 272.5 272.7 272.8 271.8 270.3 269.9
286.7 285.1 283.2 281 278.2 276.3 274.6 273.9 273.5 273.2 273.2 274.7 276.5 277.4 278.1 278.4 274.6 243.7 240.8 247.9 272.9 282 282.5 282.7 282.9 282.9 284.2 287 289.3 290.8 291.2 290.5 289.7 289.4 288.5 287.5 286.4 284.2 283.2 284.1 286.8 289.6 292 295.1 297.6 298.9 299.4 298.9 299.2 299.5 294.9 289.6 280.7 279.7 278.2 280 291.2 294.8 295.2 290.3 290.2 286.8 284.7 279.7 276.3 277.7 277.6 277.4 280.4 278.2 276.8 275.9 274.9 274 274.2 272.7 270.6 266.5
292.5 291 288.1 284.4 281.7 279.5 277.5 276.8 276.5 276.3 276.1 277.9 279.4 279.6 279.9 280.2 280.7 248.8 243.8 250.1 280.2 282.7 283 283.2 283.4 283.6 286.1 288.9 290.1 292.3 290.9 290.1 289.4 288.1 286.2 284.9 283.9 283.7 285 289 291.3 293.6 295.5 298.3 295.9 295.1 294.2 296 295.1 296.6 290.5 282 274 273.9 274.2 272.3 273.1 284.8 279.4 276.7 275.9 273.6 268.6 269.2 267.1 267 267.1 268.9 271.6 275.2 276.8 275.9 276.1 275.1 275 273.6 271.9 266.5
297.6 295.2 292.1 288.1 285.1 282.9 280.6 280 279.8 279.6 279.5 280.4 281.3 281.6 281.7 281.9 277.2 249.2 243.8 249.3 277.8 283.2 283.5 283.8 284 285.3 288.1 290.2 291.4 294 290 289.4 287.4 285.7 284.4 283.8 285.6 287.5 288.6 292.2 295.5 295.6 296.3 294.2 293.2 292.1 291.2 291.3 290.3 290 289.2 285 274.9 295.1 294.1 290.4 273.9 271.1 270.5 267.8 267.4 264.9 262.1 259.3 260.2 255.8 255.1 256.1 261.3 268.8 269.1 270.5 274.1 274.5 274.6 273.1 269.7 267.8
298.6 297.1 295 292.8 289.2 286.2 283.9 283.1 283 283.3 283 282.8 283.3 283.9 283.9 283.4 282.9 258.1 245.9 248.4 274.9 283.9 284.1 284.3 284.6 287.4 290 290.9 290.2 289.5 289 288.6 285.9 284.7 286.2 288.5 289.4 291.7 293.4 295.2 297.6 294.5 293.3 292.2 291.3 290.1 289.6 287.3 286.1 285.7 286.4 287.3 279.9 300.1 300.6 299.2 293.3 283.3 283.3 279.4 274.1 274.2 282 282.1 280.1 275.5 267.3 253.7 252.4 260.1 260.4 265.6 267.2 266.6 261.2 261.3 260.5 258.3
