WholeMapElevations/data/nt/nt01_OST50GRID_20230518/NT01.asc
ncols 200
nrows 200
xllcorner 300000
yllcorner 610000
cellsize 50
[rows 105 to 139 of 200, columns 0 to 77 of 200]
316.8 317.6 321.5 326.3 332.1 339.3 346.5 353.5 359.2 362.2 360.3 355.2 348.4 340 328.6 319.9 324.9 335.1 340.7 343.3 344.8 346 346.8 347 347.8 348.8 346.4 342 339.3 341 345.1 351.5 353.6 356 356.3 357.9 359.8 363.2 367.1 370.3 372 373.7 376.6 382.6 388.9 396.2 402.3 406.5 408.4 408.4 405.1 409.1 419.3 432.4 442.9 451.2 455.4 457.5 457.9 457.1 454.1 450.7 448.2 445.4 440.5 434.4 429.2 426.1 424.6 423.2 422.6 423.9 425.9 429.5 433 434.4 432.9 430.6
314.8 316.5 320.3 324.3 329.2 335.1 342.1 347.7 351.9 354.6 352.7 347 340.7 331.2 318.6 325.8 336.2 343.4 349.1 351.7 353.9 355.3 354.3 356.1 356.8 356.8 355.5 354.4 354 354.4 356.4 358.3 360 360.8 360.5 361.5 364.8 368.3 371.1 375.7 378.6 380.6 382.6 386.9 393.4 400.2 406.8 412 416 416.4 414.9 413.7 422.9 435.8 446.6 453.7 457.3 458.3 457.4 454.7 450.9 447.9 445.2 442.6 436.6 431.4 427.8 426 425.3 424.7 424 424.8 426.8 430.6 433.8 433.4 430.9 428.8
312.7 314.9 318.3 322.2 326.3 331 336.8 341.2 344.6 346.7 344.7 339.5 333.3 322.9 318.7 331.5 341.5 349.2 356 361.7 365.9 368.2 368.9 367.3 366.4 364.8 363.5 361 360.6 361.5 362.7 364.1 365.6 366.6 367.3 367.5 369.8 373.3 377 380.9 383.4 387.7 389 392.4 397.7 405.3 412.7 419.6 424.1 425.3 423.9 422.4 427.7 438 448.2 455.1 458.5 458.1 454.8 450.7 446.4 442.4 438.2 435 431.8 430.3 429.1 427.2 426.8 426.3 425.4 425.5 428.2 432 434.7 434.2 430.5 428.1
310.9 313.5 316.4 320.3 324.4 327.8 332.7 336.3 338.6 339.5 337.3 331.9 326.4 317.7 323.2 336.7 345.3 358.6 367.9 373.9 378 380.7 380.5 378.6 375.3 373.1 370.5 368 366.6 366.9 367.2 368.3 370 371.8 374.5 376.2 378.7 381.5 385.2 388.8 391.2 394.3 395.9 398 403.9 411.2 419 426.5 431.8 434.5 434.2 432.2 434 441.4 450.2 455.6 457.3 455.3 451.7 446.2 441 435 430.2 428.2 428.8 428.7 428 427.8 427.3 426.8 426 426.7 429.7 433.1 435.9 435.6 431.6 427.6
310.2 313.3 315.2 319.5 322.3 325 328.9 332.1 334.2 333.3 330.3 325.6 320.9 314.6 327.7 338.4 354.6 367.6 376.1 382 386.3 389 388.1 385.5 382 379.4 375.9 372.6 371 370.5 370.4 371.7 373.9 376.8 380.4 384.4 387.8 390.7 393.7 396.6 400.2 402.1 403.3 405.1 410.5 417.4 425.1 432.7 438.8 442.4 443.4 442.8 443.1 446.9 451.8 454.3 455.6 453.5 447.3 440.3 433.4 427 423.6 424.7 425.9 425.3 425.4 426.1 425.9 425.8 426.7 429.2 431.5 433.4 436.6 437.3 433.5 428.6
305.3 310.4 315.6 318.2 321.3 323.8 325.9 327.4 328.4 327.7 325.1 319.4 314.5 309.1 330.3 342.3 358.3 371.8 380.4 386.9 391.8 395.8 391.8 390.2 386 381.5 378.5 374.8 372.5 372.2 372.5 373.9 376.3 380 384.6 389.9 395.1 399.2 402.9 406.1 409.1 410.9 411.9 412.9 416.8 423.4 430.9 437.1 443.4 446.6 448.7 450.9 451.8 453 454.9 455.6 453.2 447.3 439.8 431.9 424.9 419.7 419.5 421.4 420.3 420.4 421.3 422.9 424 426.1 429.2 432 432.5 432.9 434.6 435.5 432 427.3
304.8 306.9 310.6 317.3 320.4 322.7 323.7 323.5 324.2 322.7 320.1 315.3 308.2 310.5 328.3 343.7 357 371.4 382.5 390.2 395.1 396.5 392 389.1 384.6 379.5 375.3 373.1 371.2 372.9 374.3 375.8 378.1 382.5 387.5 393.4 400.2 406.1 410.5 413.5 416.1 418.2 419.7 421.5 424.3 429.3 435.2 441 445.4 448.4 451.3 454 456.9 457.1 455.2 449.8 443.4 436.6 429.9 423.1 416.8 413.2 415.5 415.4 414.2 416.2 418.4 420.5 423.9 428.2 432.4 433.4 432.1 431.6 431.4 431.2 429.1 424.9
298.9 304.8 308.9 310.6 318.4 320.2 321.3 320.9 320.8 320.5 318.1 311.6 304.1 314.4 328.1 341 353.3 366.4 377.5 386.3 390.7 391.3 385.9 381.8 378.2 374.6 370.8 369.8 368.1 371.6 375.7 378 380.8 385.7 390.7 397.3 404.7 410.4 414.7 418.3 421.4 423.7 426.3 428.8 431.3 434.8 439 443.4 447.3 450.3 453.3 456.2 458.2 454.6 447.7 440 434.1 426.4 419.5 413.8 409.7 407.4 408.7 409.3 410.9 413.4 415.6 420.9 427.2 431.9 434.8 433.4 431.1 429.3 428.2 427.4 425.7 424
303.9 298 307 310.2 311.8 318 318.8 320.1 319.4 318.7 317.5 311.5 303.8 313 325.5 336.8 347.6 358.2 365.8 374 380.4 382.3 377.9 375.2 371.2 368 365 363.4 363.7 369.5 374.4 378.3 383 388.9 395.2 401.3 407.1 411.2 415.5 419.1 422.2 425 429.3 433.1 435.4 438.3 441.2 444.1 447.5 450.5 454.1 457.1 454.8 447.6 440 432.3 425.2 416.7 409.3 405.4 402.7 399.4 403.1 405.5 408.7 411.4 416.7 424.4 430.7 435.8 436.5 433.2 429.5 426.7 424.3 422.8 421.4 421
303.1 304 296.7 307.7 310.8 311.5 317.6 318.1 318.2 317.4 316.5 312.5 304.9 308.7 322.6 332 341.6 350.6 357 362.7 367.7 370.2 367.7 365.6 363.1 360.5 356.4 351 359.8 365.8 371.6 377 383.8 390.1 397.7 402.9 406.8 410.1 413.2 416 418.9 422.6 427 431.7 434.7 437.7 439.8 442.3 444.9 447.1 449 451.1 447.4 439.9 432.1 423.8 415 405.8 399 397.1 395.6 393.6 399.6 404.4 407.5 412.3 418.9 425.2 431 436.5 437.1 433.8 428.2 424.2 421.2 417.7 416.3 415.7
302.9 303 303.8 296.7 307.7 310.1 309.9 316.5 316.7 315.3 313.8 310.2 304 305.3 318.3 327.3 335.1 342.6 346.8 350 353.3 355.3 355.2 355.7 354.6 352.3 344.8 343.1 354.9 362.1 368.1 375.5 383.3 389.6 395.2 400.3 404 406.7 408.6 411.1 414.3 417.8 422.6 427 429.2 431.7 433.7 436.5 438.9 440.1 440.2 441.1 437.3 430.6 423.1 414.7 404 395.3 391.3 389.4 388.5 391.5 398.6 402.6 405.8 412.8 418.5 423.1 428.3 434 435.1 433.1 427.5 421.6 416.8 412.9 410 409.5
301.3 301.7 302.9 303.8 304.7 308.1 309.9 308.9 311.6 312.7 309.6 306.1 299.5 301.6 312.7 321.7 329 334.1 337.2 340.6 343.6 345 346.2 346.5 346.4 345.2 337 340.2 348.9 356.3 364.8 373.3 380.2 386.1 391.4 396 399.7 402.3 404.1 406.1 409.3 412.6 416.8 420.2 422.2 424.2 425.7 427.1 428.8 429.7 429.3 428.6 424.7 419.2 412.9 405.3 394.9 388.1 385.3 383.7 383.3 390.1 396.8 398.3 404.1 411.5 415.7 418.9 423.6 428.8 430.4 429.6 425.4 417.8 412.8 407.8 403.5 402
301 300.1 302.3 303 303.7 304.4 294.1 310.5 307.4 306.7 311.8 306.1 298.2 295.8 307.2 315.4 321.9 326.2 329.2 332.6 335.4 336.8 337.9 338.9 338.7 338.3 334.6 336.9 343.3 350.8 359.4 367.4 373.1 378.9 384.1 389.2 393.7 397.3 399.1 401.2 403.9 407.2 410.8 413.3 414.9 416.7 417.6 417.6 418 418.2 417 415.4 412.1 407.9 402.7 396 386.8 381.3 379.4 378.1 378.1 386.3 390.8 392.5 399.3 406.6 410.2 413.8 418.6 422.2 424.8 423.7 420.7 414.5 409 404 399.4 396.9
301.1 301.2 299.6 301 301.8 302.3 302.9 301.3 302.2 309.9 305.4 304.3 303.2 293.5 301.7 308 313.8 318.7 322.1 325.5 328.6 330.4 332.3 333.4 333.2 332.6 332.6 332.8 336.6 342.5 350 358.3 364.8 370.4 375.6 380.8 385.9 389.6 393.1 396.2 399.2 401.9 404.6 406.6 408.1 409.5 409.7 408.6 407.4 406.3 404.9 402.9 400.1 397 393.2 387.5 380.3 375.7 373.7 372.8 375.1 380.5 383.5 385.4 391.3 397.5 402.3 406.8 411.1 414.2 417.1 416.5 415 410.1 404 399.1 396.6 393.8
305.8 304.3 301.3 296.5 298.5 300.1 300.9 301.7 304.2 291.6 301.6 305.2 302.6 300.8 298.4 297.9 304.9 309.5 313 316 319.9 324.3 327.1 328.4 328.6 328.2 329.2 330.3 330.8 334.2 340.4 348.1 354.7 361.2 366.6 372.1 377.3 381.4 385 388.9 393.2 397.1 398.9 400.1 400.9 401.3 400.7 399.3 397.4 395.5 393.7 391.3 389.2 387.4 384.9 381.1 374.8 369.9 367.7 367.5 370.5 374.1 376.1 378.7 382.4 387.8 394.2 398.6 401.8 404.8 408 409.9 408.7 403.6 398 394.4 392.5 391.1
306.6 305.2 302.4 299.3 298.4 296.7 298.2 298 298 300.5 300.1 297.8 290.9 293.9 293.4 294.6 294.3 292.6 291.7 299.1 310.5 315.3 318 320.1 320.7 321.5 324.1 325.9 326.2 328.4 332.9 339.6 346.3 352.8 358.3 363.6 368.7 373.2 376.9 381.2 385.3 389 390.9 392.3 393.2 392.9 391.8 390.5 389.1 388 385.9 383.4 381.3 380 378 375.7 370.1 365.6 363 361.7 364.7 368.1 369.9 372.2 375.3 379.7 385.8 389.9 392.3 396 398.5 400.3 400.2 396.7 391.4 388.2 387 386.1
306.5 304.1 302.2 300.9 299.3 299.9 299.3 294.1 294.9 293.3 291.9 291.6 292.2 291.2 289.2 287.5 286.1 289.6 290.6 289.4 288.7 292.2 303.9 309.4 310.6 312.1 315.2 318.7 320.6 324.2 328.6 333.2 338.9 344.6 349.8 355.1 360.1 364.6 369 373.6 377.6 381 382.8 384.1 384.8 384.4 383.3 382.3 381.1 380.3 378.5 376.3 375 373.8 373 371.3 367.2 362.6 358 353.6 356.9 362.2 365.8 368.8 370.9 373.3 376.8 380.7 383.5 386.3 388.9 390.3 390.3 388.4 384.3 381.2 380.5 380.4
305.4 304 305 304.3 302.3 301.3 300.1 299.4 297.1 293.2 291.9 294.9 298.3 297.8 296.4 294.8 291.9 284.7 288.4 283.5 278.3 284.5 283.4 289.1 299.3 301.9 305.4 309.1 313.6 319 323.5 328.1 333 338.2 342.8 347.3 352 357 361.9 366.5 370.1 373.1 375 376.1 376.5 376.1 375.5 375.3 374.2 373.1 373 373.1 372.4 371.3 370.1 367.6 364.5 360.5 355.7 349.2 349 354.6 360.3 365.3 368.2 370.5 372.7 374.7 377.1 378.7 379.9 380.5 380.2 378.7 377.1 375.1 373.8 374.8
308 307.6 307.6 306.3 304.8 303.3 301.5 299.9 298.3 300 301.6 303 303.8 303.1 302.6 302.4 301.2 298.4 294.8 283.7 285.5 280.7 274.2 280.3 280.3 291.1 295.1 298.9 306.1 313.3 318.4 323.5 327.7 332.9 336.9 341.1 345.5 350.9 355.8 360.2 363.7 366.4 368.3 369.1 369.5 369.5 369.8 370 369.6 369.3 370.5 371 370.9 369.7 368 365.1 361.6 358.5 354.1 348.2 344.2 348 354.6 360.8 364.9 368.2 370.5 372.5 374.3 374.8 375.2 375.2 374.3 373.1 371 369.4 369.2 369.8
311.4 310.3 309.4 308.1 306.6 305.1 303 300.1 300.2 303.4 304.8 306.5 307.9 308.8 308.8 309.1 308 305.8 302.2 296.9 293 286.8 280.2 272.4 276.1 276.5 285.3 292.2 300.4 307 312.3 317.8 322.9 327.9 331.8 335.9 340.8 345.1 349.6 354 357.2 359.8 361.5 363 363.6 364.7 365.4 365.9 366.6 367.4 369 370 370.1 369.5 367.7 365.2 361.4 358.3 354.4 350.1 343.6 343.7 350.2 356.5 361.5 365.4 368.2 370.2 371.9 372.4 372.7 373.3 373.4 371.3 368.1 366 365.8 366.5
314.1 312.4 310.8 309.2 307.7 306.2 304 301.2 302.5 306.2 308.1 309.9 311.4 312.7 313 313 312.7 310.2 307.4 304 299.9 293 280.7 278.8 271.8 271.5 273.8 283.8 291.1 297.7 304.1 311.2 319 324.4 328.1 332 336.1 340 343.7 347.3 351 354.1 355.9 357.5 358.7 359.9 361.6 363 364.7 366.8 368.6 369.7 370.7 370.4 369.6 368.6 365.3 360.3 355.5 351 345.3 340.5 346 352.6 357.9 362.1 365.5 367.9 369.6 370 370.6 371.6 372.2 370.4 366 362.8 361.4 362.7
316.8 314.6 312.3 310.5 308.6 306.5 304.5 302.9 306.3 309.2 311.3 313.3 314.7 315.7 316.2 316.3 316.5 314.4 312.5 309.3 306 301.5 292.8 282.8 277.5 270.3 269.4 271 282.4 288.8 295.7 304.4 313.2 319.3 324.3 328.4 332.4 335.5 339 342.2 345.8 349.3 351 352.6 354.5 357.1 359.6 362 364.8 366.8 368.6 369.5 371.1 371.9 372.3 371.9 369.3 363.7 356.8 351.5 347.3 341.3 340.6 347.3 353.8 358.5 362.8 365.7 367.2 367.7 368.3 369.4 370.4 368.1 363.3 358.6 356.1 357.3
319.1 316.8 314.3 311.6 309.5 307.2 305 304.6 309.6 313 315 317.1 318.3 319.1 319.9 320.8 320.7 319.4 317.3 314.4 311.2 307.2 301.6 293.8 281.5 277.7 270.6 268.6 268.5 281.6 288.9 296.9 305.1 312.4 319.4 323 327.5 331 334.1 337 340.6 344 346.1 348.9 353.2 357 360.1 362.8 365.1 367.3 369.5 371.2 372.4 373.1 373.5 374 372.4 366.8 359.3 352.1 347 342 337.1 341 347.9 354.6 359.6 362.9 364.6 365.4 366.1 366.7 365.9 362.9 357.9 352 350.1 352.5
321.3 318.5 315.6 312.7 310.4 307.9 305.9 309.1 313.5 316.7 319.6 320.8 322.6 324.7 326.7 327 326.7 325.5 323.1 320 316 311.8 306.8 300.8 292.6 280.6 277.6 263.6 267.6 272.1 281.5 289.5 297 305.5 312.5 315.7 321.7 325.7 330 333.9 338.2 341.8 344.9 348.5 353.2 357.5 360.9 364.2 366.8 369.1 371.5 373.1 374 374.4 374.4 374.1 371.7 367.2 359.7 351.2 344 339.1 333.9 338.1 345.2 351.7 356.5 359.5 361.2 361.9 362.3 362.1 360.5 357.1 350.5 343.8 344.9 352.4
323 320 317 314 311.1 307.7 308.2 313 316.2 320.4 323.3 324.6 327.7 330.6 332.5 333.8 334 332.2 329.7 326.5 322.3 317.5 312 305.8 298.7 290.7 278.7 269.2 264.3 266 273.3 280 287.4 295.5 302.5 310.9 320.2 327 332.3 337.6 342 345.8 349 351.5 353.8 359.2 363.2 366.3 369.4 372.2 374.7 376.8 377.4 376.6 375.2 373.2 370.4 364.9 355.8 346.3 338.3 332.6 331.5 340.1 346.6 351 354.3 356 357.2 358.1 359.1 358.4 355.8 352.3 344.1 335.1 344.9 358
325.9 322.5 318.8 315.2 311.1 309.3 311.7 314.9 318.8 323.2 326.1 328.7 332.2 335.6 338.2 340 341.3 340 337.1 333.7 328.8 323.1 317.4 311.1 304.2 295.8 286.3 276.2 271.4 265.7 267.2 269.2 277.2 292.7 304.2 314 322.6 328.6 335.3 341.3 345.7 349.6 353.4 356.9 359.9 362.9 366.9 370.3 373.5 376.4 379.6 381.6 381.5 380.2 378.6 376.1 371 362.5 352 340.7 333.8 326.1 329.9 340 346.5 350.6 352.5 353.5 354.6 355.5 356.5 355.7 352.2 348.2 339.6 329.8 343.2 357.7
328.2 324.9 321 316.5 311.8 313.8 316.1 317 322 326.8 330.7 333.8 337 340.4 343.3 346.2 348.5 348.4 345.5 341.6 336.1 329.7 323.2 316.7 310.4 302 291.9 280.2 275 269.4 267.6 265.3 277.2 290.9 302.9 315.8 324 330.8 339.1 344 348.1 353.8 359 361.9 364.5 369 373.8 378.4 380.5 382.7 385.5 386.5 385.6 384.5 382.8 379.4 371.2 358.7 345.5 334.3 328.5 323.2 327.8 337.9 344.5 348.3 350.7 352 352.8 353.8 354.7 353.9 350 344.5 337.4 326.4 336.7 353.1
330.5 327 322.2 317.4 314 317.1 320 320.1 325.7 329.9 334.3 337.7 341.3 344.9 348.6 351.7 354.7 355.4 353.4 349.2 343.5 337 330.1 323 316.2 308.9 300.1 287.4 274 271 265.4 268.9 276.6 292.6 308.9 320.5 326.1 335.8 342 346.5 354 360.2 364.1 368 371.9 378.4 384.8 388.6 389.3 390.5 391.4 390.9 390 388.9 386.9 380.1 367.6 352.6 337.9 328.9 322.5 320.1 325.5 334.6 341.1 345.7 348.6 350.3 351.1 352 352.7 351.6 347.2 341.5 335.2 324 331 346.9
331.6 327.5 322.1 316.7 316.8 320.5 324.1 325.3 327.4 331.8 336.5 339.6 344.5 348.8 353.1 355.9 358.5 359.7 358.2 354.5 349.7 344 336.6 329.1 321.6 314 306.3 293.5 281 273.3 261.8 271.3 278 296.5 312.4 323.3 330.3 339 345.1 351.5 359 364.8 370.1 375.3 381.4 388.3 395 397.9 397.4 396.5 395.7 395.2 394.1 392.8 387 376.2 363.4 349.5 335.7 326.6 319.8 314.6 322.3 329.9 338.2 344.2 347 348.2 349.3 350.1 350.5 348.8 344.3 339.3 333.1 322 325.2 340.1
331.7 327.2 321.7 317.4 320.2 324.5 327.9 329.7 329 332.4 336.6 341.3 346.9 351.6 355.9 359.4 362.1 363.2 362.1 359.8 355 350.7 343.3 335 326.9 318.4 310.2 298.8 283.8 268 272.9 270.3 275.5 293 309.2 323.7 333.6 341.3 348.5 355.6 363 370.2 376.6 383.1 389.2 395.9 402.5 404 402.4 400.3 398.8 398.3 397.6 393.6 383.7 372.4 360.2 347.9 336.2 326.5 318.3 309.6 318.6 328 337.3 343.3 345.6 346.4 347.3 348.1 347.8 345.8 342.1 337.1 331 320.2 318.8 333.5
330.8 325.7 320.9 319.7 324.2 327.5 330.8 332.4 332.7 333.5 338.1 343.1 348.9 353.6 357.8 361.9 365.4 366.9 366.5 364.4 361.3 356.7 350.6 341.2 332.4 323.6 314.6 303.3 288.2 273.9 259.9 267.1 274.3 289.3 305.1 321.5 334.3 343.3 350.8 359.5 367.4 375.1 382.7 390.1 395.7 400.3 406.3 407.6 405.5 403 401.1 399.5 396.6 390.1 379.5 368.4 357.2 346.7 337 327 318.1 306.4 315.4 325.6 335.2 341.9 344.7 345.2 344.9 345.2 344.6 342.3 339.4 334.7 327.9 316.7 311.8 324
328.6 323.6 322.2 323.8 326.6 330.2 333.8 336.5 337.3 338.1 338.8 344.5 348.7 353.6 358.5 363.3 367.6 370.4 371.2 369.9 367.5 362.8 355.9 346.9 337.7 328.7 319.6 308.2 291.8 269.1 260 267 273.5 277.5 298.7 317.1 332.2 343.1 353.2 362.3 369 376.6 386.2 394.6 398.6 401.2 405.9 407.9 405 401.9 398.8 395.3 390.1 384.1 375 363.7 353.1 342.6 334.6 326.8 317.7 303.9 311 320 330.3 338.8 343.1 343 341.8 341.2 340.2 337.8 334.8 329.5 321.2 310.4 310.5 317.5
326.1 325.4 326.7 327.3 329.3 333.3 336.6 338.8 340.9 342.7 343.6 345.1 348.7 353.7 358.8 363.9 368.4 372.3 375.3 375.2 373.4 369 360.8 352.3 342.8 333.6 324.5 313.3 297.4 274.7 255.7 260.4 271.6 277.7 286.6 308.9 326.8 339.6 349.3 359.5 368.1 377 387.1 394.7 398 400.6 402.7 401.1 397.4 394.5 391.6 388.2 383.2 376.3 366.6 354.1 346 337.8 330.5 319.1 309.3 300.6 306 313.6 324.3 331.6 337.1 339 338 336.4 333.8 331.6 327.7 319.6 310.3 305.3 320.8 330
329.6 330.5 330.5 331 332.3 336.1 339.6 341.9 344 345.9 346.5 347.8 349.5 354.2 359.1 363.6 368.1 372.3 375.9 377.3 377.1 373.1 364.8 356.2 347.7 338.8 329.5 319.2 304.1 283.2 262.1 256.6 261.6 271.4 278.8 291.8 313.1 328.8 338.8 348.9 361.7 373.1 383.1 389.8 392.9 393.8 394.3 391.8 389 386.5 383.3 379.2 373.8 364.9 353.1 342.5 337.7 330.9 322.3 310.7 299.4 293.8 298.7 305.5 318.1 324.4 329.1 331.9 332 329.9 326.3 323.5 318.9 308.7 301.6 313.6 332.9 343.8
334.5 334.4 334.4 335 335.9 337.9 341.6 344.4 346.3 348.7 350.6 351.4 351.8 354.9 358.8 363 366.9 370.8 374.7 377.8 377.2 372.9 366.1 358.7 351 342.9 334 324.1 310.8 291.8 268.8 253.6 257.9 263.3 271.1 280 292 311.3 324.9 335.5 348.6 362.5 372.4 378.7 382.1 382.8 382.6 381.3 379.6 377.5 373.9 369.7 362 350.7 340 332.9 325.3 319.6 313.9 306.1 287 284.3 290.6 298.6 309.9 317.9 322.5 323.8 322.9 321 318 315.8 311.7 301.6 306.5 327.9 342.4 353.4
