WholeMapElevations/data/nn/nn30_OST50GRID_20230518/NN30.asc
ncols 200
nrows 200
xllcorner 230000
yllcorner 700000
cellsize 50
[rows 37 to 73 of 200, columns 0 to 83 of 200]
299.3 283.3 254.9 233.6 211.9 187 164.2 174.1 196 192.8 192.3 178 148.9 129.6 115.3 136.1 152.6 146.7 147.9 157.4 170.3 185.5 198.9 199.7 204.4 226.4 234.3 241.6 236.9 226.7 217.7 217.9 215.8 214.4 211.5 204.5 190.5 184.5 183.7 169.3 140.6 123.2 120.4 112.3 97.1 83.4 70.9 58.4 44.5 29.9 17.6 6 6 6 6 6 6 6 6 6 6 6 6 6 6 6 6 6 6 6 6 6 6 6 6 6 12.1 38.9 53.3 75.7 97 130.5 172.3 182.5
309.6 287.5 267.3 242.1 216.9 191.6 175.2 149.2 173 180.9 186.5 167.3 138.3 122.9 114.9 130.9 139.4 139.5 146.7 157.3 166.3 182.3 193.7 194.3 208 228.1 234.9 236.7 231.8 223.6 221.8 223.2 223.4 225.7 220.5 210.5 193.9 184.9 182.9 170.8 145.4 128.5 130.2 121.8 109.2 93.3 79.1 65.8 51.2 36.8 26.1 12.9 6 6 6 6 6 6 6 6 6 6 6 6 6 6 6 6 6 6 6 6 6 6 6 6 6.6 26 50.5 73 85.6 129.1 161.4 171.5
314.5 296.8 283.7 256.9 230.4 202 176.9 150.8 149.5 163.7 162.3 146.3 129.4 118 120.5 126.6 127.7 124.6 143.2 153.7 160.9 174.2 184.5 185.2 202.2 223.1 228.3 233 223.9 228.5 228.6 228.2 228.6 235.7 230.8 219.3 198 185.2 181.2 172.5 149.7 137 136.8 132 118.1 100.1 85 71.9 55.1 43 34.4 25 11.3 6 6 6 6 6 6 6 6 6 6 6 6 6 6 6 6 6 6 6 6 6 6 6 6 20.4 46.2 61.4 81.3 114.2 147.1 151.3
329.5 302.5 287.5 270.8 240.3 206.4 185.8 160.1 133 140 141 138.5 118.5 109.6 122.9 125.1 125.2 119.8 134.3 146.4 154.6 169.2 175.9 178.3 193.7 208 215.3 217.3 216.7 229.4 228.5 230.4 240.1 245.9 242.2 231.4 203.5 186 180.5 173.2 152.7 143.9 142.1 138.4 124.8 107 92.5 78.4 62.5 50.1 39.4 32.2 13.5 6 6 6 6 6 6 6 6 6 6 6 6 6 6 6 6 6 6 6 6 6 6 6 6 17.6 32.5 53.9 79.2 100.3 123.3 134.1
340.3 314.1 289.6 274.2 243.7 211.3 191.9 165.8 144.7 119.9 125.5 120.3 105.9 107.8 120.3 119.9 122.3 120.8 129.9 139.1 151.8 164.7 170.9 172.2 181.6 194.1 202.2 201.8 223.4 227.3 226.1 232.2 248.4 248.9 242.5 227.4 214.7 194.7 181.8 173.7 156.2 149 146.9 139 126.3 110.7 97.5 84.1 65.7 51.7 41.6 31.3 14.8 6 6 6 6 6 6 6 6 6 6 6 6 6 6 6 6 6 6 6 6 6 6 6 6 12.4 22.1 52.9 79.3 93.1 106.5 118.2
353.8 329.3 294.3 274.9 248.6 223.5 195.5 175.1 153.7 133.3 110.3 106.2 91.4 108.2 110 113.4 116.2 122.9 138.3 141.5 159.3 162.7 163 166.2 173.4 180.6 189.3 212.7 224.9 226.3 219.2 231.7 247.1 244.9 238.4 230.2 219.5 203.5 185.9 173.7 159.2 157.2 151.1 139.4 127.3 112.9 99.8 84.4 68.3 54.7 41.6 30.6 14.5 6 6 6 6 6 6 6 6 6 6 6 6 6 6 6 6 6 6 6 6 6 6 6 6 6 25.6 52.9 71 82.5 93.4 104.8
361.2 339.5 318 289 266.7 230.9 201.4 177.8 161.2 141.8 118.5 97.4 84.9 99.5 102.6 105 112.6 128.7 145.2 148.4 151.2 157.5 157.6 157.8 163.3 170 182.4 217.7 219.4 213.5 216.6 228.9 240.1 241.2 239.4 232 220.4 207.4 190.8 180.4 169.1 163.4 153.9 143.3 129 112.1 97.5 84.2 67.9 54.7 40.7 28.3 16.5 7.3 6 6 6 6 6 6 6 6 6 6 6 6 6 6 6 6 6 6 6 6 6 6 6 6 24.8 49.7 61.3 76.8 91.8 105.1
358.4 345.8 311.1 295.2 261.3 234.6 207.5 183.4 163.7 134.7 118.9 100.1 89.3 91.9 89.7 90.2 106.5 137.3 147.1 144.7 145.9 153.4 149.9 157.5 160.4 171.5 192.4 202.6 202.4 195.7 212.7 223.8 236.8 240.4 240.5 236.6 223.9 213 204.4 185.1 174 168.3 156.1 143.8 131.2 112.3 97.9 83.3 68.3 55.6 41.2 26.7 15 11.3 6 6 6 6 6 6 6 6 6 6 6 6 6 6 6 6 6 6 6 6 6 6 6 6 23.3 38.4 57.3 78.3 90 107.7
346.2 335.1 311.7 292.4 256.4 232.8 212.4 179.7 165 143.7 120.5 103.7 93.8 83.1 80.1 85.3 107.3 125.2 133.4 137 139.8 145.5 144.8 158.3 162.1 175.4 183.9 187.1 182.6 189.6 208 222.6 234.8 238.7 240.2 236.2 225.3 219.6 211.6 188.4 177.6 172.5 159.9 145.5 131.5 116.5 99.7 85.9 69.7 57.6 42.8 29.8 16.6 6 6 6 6 6 6 6 6 6 6 6 6 6 6 6 6 6 6 6 6 6 6 6 6 6 26.8 41 61.6 76 87.9 110.3
339.7 321.9 306.3 298.4 265.3 235 209.1 181.1 165.7 149.3 130.1 115.9 94.3 87 78.5 81.2 117.2 116.6 126.5 128.6 132.1 136.4 140.7 153.9 161.8 170.3 171.2 168.6 171.9 188.2 201 220.3 231.1 235.2 235.1 226.3 219.2 217 207.2 191.7 182.4 176.7 164 148.2 132.5 119.1 103.8 89.7 72.5 57.8 43.9 30.7 17.3 10.9 6 6 6 6 6 6 6 6 6 6 6 6 6 6 6 6 6 6 6 6 6 6 6 6 27.7 43.7 59.8 73.3 89.7 110.6
333.5 320.3 312.5 289.9 263.4 229.8 204.3 184.1 165.7 150.5 136.1 120.7 97 86.8 80 74.6 96.2 104.5 110.2 114.6 121 126.5 133.6 146.9 154.7 161.7 160.4 163.2 177.2 189 203.4 216.5 222.1 221.1 223.9 214.9 211.9 207.9 201.5 193.3 187.4 176.3 163.6 149.6 133.4 122.4 109.6 93.8 78 62 45.7 30.6 18.5 6 6 6 6 6 6 6 6 6 6 6 6 6 6 6 6 6 6 6 6 6 6 6 6 6 31 45.3 56.3 74.1 96.9 115.6
325.4 312.9 291.9 276.6 249.9 224.2 200.3 179.5 165.1 152.4 140.1 124.5 100.1 84.4 80.4 76.3 88 87.2 95.8 100.6 108 114.4 124 133.2 146.2 151.7 150.6 173.7 184.6 193.9 207.2 215.7 215.9 212.9 213 206.6 204.3 199.5 193.1 187.4 185.5 175.2 163.7 149.2 135.3 126.1 114.6 100.2 82.3 67.4 53.6 33.5 20.2 9.6 6 6 6 6 6 6 6 6 6 6 6 6 6 6 6 6 6 6 6 6 6 6 6 8.4 34.7 46 49.6 76.9 102.5 118.5
321.7 300.3 281.6 261.1 250.8 217.5 194.2 176.3 166.5 155.3 141.9 125.6 102.6 82.2 76.3 64.2 78.2 77.8 80.3 89.1 94.6 106.6 117 122.8 135.2 140.2 156.7 177.1 190.1 198.4 206.7 211.4 211.2 209.2 208 204 200.4 191.9 184 179 178.3 172.9 164.2 154.1 141.1 131.6 120.3 104.1 87.3 73.5 57.7 42.4 25.5 11.6 6 6 6 6 6 6 6 6 6 6 6 6 6 6 6 6 6 6 6 6 6 6 6 10 29.6 39.3 47 78.9 116.8 121.5
304.4 286.7 274.1 254.4 239 209 186.7 176.1 165.6 156.1 142.8 125.1 102.4 80.1 72.2 59.7 63.4 70.4 72.2 77.5 83.9 102 113.4 113.2 127.2 134.6 163.7 180.4 195.2 202.2 204.4 206.2 207.3 205.1 201.1 196.2 193.5 188.3 181.5 177.7 175.7 173.4 172.7 164.5 152.4 142.1 128 109.3 93.1 79.6 65.2 50.4 32.9 14.9 6 6 6 6 6 6 6 6 6 6 6 6 6 6 6 6 6 6 6 6 6 6 6 6 16.6 28.3 50.6 89.6 138.8 123.6
277.8 266.5 260.7 241.8 228.2 203.7 179.3 171.3 162.9 156.5 142.7 120.7 99.4 77.3 69.6 53.4 57.1 64.8 67.9 63.4 77.7 95.3 103.6 106.1 116 128.8 166.5 184.1 197.2 204.1 203.6 203.2 203 199.8 195 191.9 188.4 182.9 183 184.6 184.1 183.1 184.6 181.4 172.7 157.5 141.9 126.4 105.8 90.5 72.4 52.5 34.7 18.5 6 6 6 6 6 6 6 6 6 6 6 6 6 6 6 6 6 6 6 6 6 6 6 6 6 17.4 49.9 94.7 133.5 116.6
260.4 251.4 242.9 231 213.7 197.2 179 171.9 160 156.5 143.8 121.8 100.3 76.4 65.9 47.6 51.3 57.3 59.4 55.2 71.6 90.5 90.6 97 111.1 140.8 166.6 185.5 198.1 202.9 202.5 201.3 199.5 199 197.1 199.7 190.8 189 194.8 202.8 197.6 195.5 197.1 194.8 194 179.3 153.6 140.9 122.1 104.5 87.5 58.3 33.8 20.4 6 6 6 6 6 6 6 6 6 6 6 6 6 6 6 6 6 6 6 6 6 6 6 6 6 14.9 51.2 90.8 119.4 114.5
254.6 253.3 228.5 214.7 198.4 187 177.7 172.4 160.2 153 143.3 122.8 97.2 72.1 59.6 40.3 50.6 51.2 53.9 54.5 65.4 82.3 77.9 89.2 116.3 145.6 167.9 186.4 196.1 199.8 203.3 203.2 203.9 214.2 219.7 211.2 206.5 206 210.6 213.4 207.7 214.1 209.9 207.3 202.3 188.8 163.1 148.8 138.8 116.6 98.5 77 48.5 24 6 6 6 6 6 6 6 6 6 6 6 6 6 6 6 6 6 6 6 6 6 6 6 6 6 11.1 50.2 85 116.6 103
238.8 235.9 223 215.3 202 179.9 178.2 172.1 156.9 143.4 132.3 119.9 93.3 69.6 55.6 40.6 44 44.9 59.9 47.5 61 71 70.8 95.8 134.7 152.2 167 184.1 195 199.1 203.2 206.9 231.2 245.7 240.4 228.9 219.8 220.1 223.1 222.2 223.3 224.5 217.7 214.2 205.7 190.4 167 157.4 147.9 126.4 104 85.1 61 36.5 13.5 6 6 6 6 6 6 6 6 6 6 6 6 6 6 6 6 6 6 6 6 6 6 6 6 7.1 48.8 84.2 107 95.6
227.1 223.9 220 211.4 196.9 175 172.4 169.3 152.2 139.5 126.7 112.3 86 66.1 52.9 42.1 37.9 41 52.7 43.2 55.7 62.3 75.7 107.2 143.9 155.3 168.6 181.3 190.8 198.1 206 236.9 244.7 252.1 246.9 238.2 231.5 227.3 229 230.4 232.6 230.2 220.8 215.1 204.9 189.4 171.9 162.9 155.3 134.2 110.2 90.3 68.1 45.4 25.5 6 6 6 6 6 6 6 6 6 6 6 6 6 6 6 6 6 6 6 6 6 6 6 6 6 45.1 72.8 90.9 91.1
230.2 225.7 210.3 209.1 190.3 171.6 171.5 159.3 149.2 135.9 119 102.8 80.1 63.1 51.6 37.7 32.6 35.5 41.7 39.1 49.9 58.9 80.4 117.1 142.9 159 171.3 182.1 191 199.7 219.2 245.7 251.8 255.3 251.4 245.9 238.3 234.4 234.2 241.4 240.7 234.5 226.4 217.5 204.3 188.9 174.2 168.9 157.6 134.3 117.3 96.3 76.2 54.3 33.7 17.1 6 6 6 6 6 6 6 6 6 6 6 6 6 6 6 6 6 6 6 6 6 6 6 6 32.5 64 86.8 81.9
231 224.2 201.3 194.4 176.5 168.8 163.8 157.4 149.8 133.5 116.9 99.8 70.8 56.2 46.2 34.9 30.3 34.4 44.7 37.5 41.8 58.7 91.5 120.3 142.3 159.6 171.7 182 190.8 207.5 224.8 238.7 247.5 251.4 250.1 251.4 247.1 243.4 240.6 251.4 246.6 239.6 233.7 221.1 204.1 191.5 183.5 176 156.6 137.1 122.7 105.4 82.3 60 40.3 24.6 11.1 6 6 6 6 6 6 6 6 6 6 6 6 6 6 6 6 6 6 6 6 6 6 6 26.8 56 77.9 71.6
221.1 216.8 195.6 178.7 172.6 173.2 166.2 153.7 140.7 128.9 111.6 91.1 59 49.3 40.5 26.7 37.5 36.6 42.4 36.2 40.4 66.9 103.6 120.9 143.3 158.9 172.3 184.1 195.5 215 229.2 238.1 243.8 248.7 252.2 258.2 258.5 250.2 244.6 253.1 246.4 240 235 218.9 204 192 188.5 177.8 160.4 140.4 122.6 110 86.7 65.7 46.2 28.5 16.9 6 6 6 6 6 6 6 6 6 6 6 6 6 6 6 6 6 6 6 6 6 6 6 16.7 50.8 74.9 58.4
208.7 197.5 188.3 177.4 175.1 175.2 170.5 158 142.5 128.1 109.9 83.2 51 36.5 26.7 33 42.4 33.2 39.5 32.1 44.4 78.7 107.8 128.3 146.3 159.1 169 181.5 205.7 221.3 230.7 239 256.1 259.2 266.8 265.4 260.3 251.5 247.2 252.1 246.1 236.1 232.6 211.4 197.4 188.8 187.6 177.1 161 149.1 139.1 122.9 98.2 72.7 52.3 32.1 19.1 6 6 6 6 6 6 6 6 6 6 6 6 6 6 6 6 6 6 6 6 6 6 6 6 47.7 63.4 47.6
205.8 186.9 182.1 177.8 178.6 182.1 179.7 169.5 151.4 132.2 113 84.3 56.1 36.7 23.6 24.3 25.5 25.1 30.6 33.8 55.2 84 109.1 131.3 148.3 159.1 168.3 182.7 208.5 225.3 243 259.2 263.6 267.4 268.4 267.1 261.7 246.2 244.8 246.4 238.9 234.1 224.5 212 202 190.1 186.8 175.9 171.3 169.2 153.7 132.9 113.1 84.7 55.7 35.9 21.8 6 6 6 6 6 6 6 6 6 6 6 6 6 6 6 6 6 6 6 6 6 6 6 6 36.4 48.2 41.5
206 191.9 179.1 175.7 183.1 192.3 192.2 170.4 148.7 130.5 110 81.8 60 42.5 22.3 16.2 18 18.7 23.5 40 62.9 84.9 110.2 131.1 146 155.3 165.4 184 207.3 227.5 249.7 258.7 274.1 280.3 290.5 282.6 277 253.8 240.1 240.6 240.5 237.9 230 223.1 215.9 199.6 191.3 185.2 184.5 177.9 167.5 145 126.1 95.6 63 40.5 26.6 7.7 6 6 6 6 6 6 6 6 6 6 6 6 6 6 6 6 6 6 6 6 6 6 6 19.7 39 35.6
206.3 189.7 176.4 170.7 183.9 186.6 175.1 161.1 143.5 131.3 102.6 73.1 51 28.8 15.4 14.7 15 17.3 27.2 44.6 68.9 93.9 115.9 135.7 146 155.4 173.4 199.3 220.2 240.2 263.3 289.7 299.1 289.9 293.2 285.6 279.4 273.5 244.8 238.9 239.9 234.7 226.5 220.5 211.8 203.3 192.8 193.9 196.9 186 177.4 162.6 136.8 105.8 73 47.6 30.4 11.8 6 6 6 6 6 6 6 6 6 6 6 6 6 6 6 6 6 6 6 6 6 6 6 16.4 34.7 31.6
201.8 184.6 172.8 166.3 174 170.8 154.9 143.7 137.7 122.3 96 67.4 38.8 16.8 13.3 13.7 14.6 17.9 32.8 49.4 72.1 103.1 123.6 136.5 147.9 163.7 185.3 202.7 229.3 264.1 278.5 298.5 299.2 288.8 291.4 282.1 274.3 265.4 244.4 236 233.6 229.1 219.9 215.5 208.1 195.9 192.3 200.4 200.8 190 178.1 164.8 141.7 112.9 80.3 54.9 35.3 20.9 6 6 6 6 6 6 6 6 6 6 6 6 6 6 6 6 6 6 6 6 6 6 6 15.6 27.1 29.7
195.8 177.6 168.8 159.1 156.7 151.9 147.2 139.2 121.4 104.7 80.8 55.8 29.1 13.2 13.6 13.7 14.6 22.9 33.4 54.1 79.3 106.5 123.4 135.5 148.4 168.8 194.8 221.1 252.8 271.3 279.4 294.1 296.2 287.4 285.5 273 266.4 258.2 239.3 231.7 227 215.7 209.6 204.3 197.8 192.1 192 201.6 202.8 191.3 174.4 159.7 139.3 111.6 82.2 57.4 41.9 32.6 14.7 6 6 6 6 6 6 6 6 6 6 6 6 6 6 6 6 6 6 6 6 6 6 9.3 18.8 22.3
190.6 173.8 165.5 154.4 147.4 136.2 129.9 123.8 110.5 95.8 67.3 47.4 17.2 12.6 12.5 13.6 15.1 21 35.1 58.5 84.1 106 122.4 128.1 151.8 176.2 206.1 246.6 256.8 271 276.1 291.4 294.6 279.9 274.3 263.4 258.5 248.8 232.7 229.7 217.6 202.5 202.4 188.3 189.1 187.7 190.6 198.3 201.1 190.4 168.4 153.8 133.3 108.8 81.9 58.6 45.7 37.1 24 6 6 6 6 6 6 6 6 6 6 6 6 6 6 6 6 6 6 6 6 6 6 6 11.3 19.3
184.3 165.7 162.1 149.1 150 127 108.6 99.8 100.2 86.4 59.2 35.5 12.6 12 13.5 15.6 17.2 22.5 38.1 58.4 80.5 103.9 116.3 127.5 152 190.2 223.9 242.5 255.6 278.7 274.5 287.8 293.2 276.2 270.4 258.9 250.4 239 231 226.6 212.7 211.3 214.2 198.6 181.3 182.2 184.7 190.6 194.3 181.4 161 144 125.7 99.5 74.4 58.2 51 40.4 27.9 6 6 6 6 6 6 6 6 6 6 6 6 6 6 6 6 6 6 6 6 6 6 6 8.1 13.7
173.2 154.3 147 139.4 144.4 120.6 97.6 75.3 74.9 61.3 47.6 21.6 12.3 12.4 14.2 17.6 21 24.2 47.7 68.9 87.3 104.5 115.9 140 179.6 207.2 224.6 236.2 257.8 272.3 268.7 270.9 275.2 271.4 269.1 258.4 245.8 239.7 233.6 229.8 215.3 213.6 215.3 204.5 182.5 174.5 174.9 180.7 183 170.5 155.5 136.1 113.6 88.2 76.8 63.2 52.1 41.7 28.1 6 6 6 6 6 6 6 6 6 6 6 6 6 6 6 6 6 6 6 6 6 6 6 6 6.4
160.1 148.8 140.7 126.5 134.1 117.9 79.3 55.7 53.2 49.5 38.1 13.9 12 12.4 14.5 19.1 25.8 34.2 53.8 76.9 94.3 108.2 124.5 163.5 199.4 214.5 233.4 243.1 255.9 264.5 275.9 284.7 287.9 287.3 269.7 263.8 250.9 241.1 238.7 230.6 217.3 215.5 212.1 197.3 185.5 168.8 165 169.6 168.9 161.3 147.8 122.5 102.3 95.6 83.5 62.8 50.2 42.5 24.3 6 6 6 6 6 6 6 6 6 6 6 6 6 6 6 6 6 6 6 6 6 6 6 6 6
151.3 142 134.4 110.1 116.7 93.6 61.2 42.6 35.2 30.6 18.3 11.9 11.7 12.4 14.7 19.3 31 49.2 64.7 76 99.7 119.4 141.6 184.6 206.2 223.4 240.2 258.9 277.1 279.4 295.1 294 303.7 296.1 276.2 266.2 257.9 241.3 238.8 229.2 218 217.8 210.2 198.4 186.2 169.4 155.3 160.2 158.7 150.5 131.5 107.5 103.4 96.4 84.2 62.7 51.6 39.4 19 6 6 6 6 6 6 6 6 6 6 6 6 6 6 6 6 6 6 6 6 6 6 6 6 6
154.6 134.6 116.5 101.8 97.1 75.3 41.8 24.9 16.7 12.7 11.7 11.2 11.1 12.9 19.8 34.7 51.6 66.7 83.1 96.7 115 133.8 161.8 191.2 209.1 237.9 263.6 280.5 286.4 293.7 301.3 309 312.6 309.6 280.1 264 254 239.7 237.5 227.2 221.6 219.2 209.2 195.7 184.2 170.7 159.7 137.2 149.2 137.5 116.1 105 101.5 95.7 81.2 62.6 52.8 39.5 15.7 6 6 6 6 6 6 6 6 6 6 6 6 6 6 6 6 6 6 6 6 6 6 6 6 6
150.3 119.5 95.8 80.1 70.2 56.5 39.9 19.4 12.1 11.5 11.3 10.8 11.8 15.5 32.8 48 64.7 85.3 103.7 121 142.8 162.9 179.6 200.1 238.8 254.3 272.2 287.5 291.3 304.6 321.8 314.8 316.2 318.1 292 261.2 246 238.5 234.7 230.6 224.9 222.5 211 197.6 188.4 173.1 161 142.3 122.5 120.4 104 98.8 97.5 89.5 78.9 60.9 54.2 39.5 14.1 6 6 6 6 6 6 6 6 6 6 6 6 6 6 6 6 6 6 6 6 6 6 6 6 6
131.8 101.8 79.8 60.7 51 44.9 33.7 14.6 11.9 10.7 10.9 11.9 15.8 29.8 47.7 64 85.3 107.3 127.4 146.7 167.6 191.6 205.9 222.5 247.1 266.2 281.2 291.7 312.2 329.4 329 319.1 325.2 320 293.2 260.2 242.7 236.9 234.9 236.5 230.1 222.5 217.9 205.6 188.6 175.4 162.5 145.1 126.8 110.8 105.4 96 89.5 80.7 73.7 60.3 54 38.8 13.5 6 6 6 6 6 6 6 6 6 6 6 6 6 6 6 6 6 6 6 6 6 6 6 6 6.1
111.4 74.3 56.5 46.3 36.7 31 21.8 11.2 10.9 10.7 12 19 36.2 50.8 67.1 92 105.6 120.9 143.2 165.6 188.5 208.2 233.7 248.7 262.9 279.4 293.6 317.3 336.5 339.9 331.7 316.1 320.4 314.9 289.4 258.2 241.4 238.2 238.9 239.7 230.5 223.8 218.2 202.8 190.3 176.9 162.8 142.7 125.1 115.4 113.2 101.9 84 75.6 66.8 56.6 45.9 31.5 8 6 6 6 6 6 6 6 6 6 6 6 6 6 6 6 6 6 6 6 6 6 6 6 6 9.4
