UK/data/ns/ns70_OST50GRID_20230518/NS70.asc
ncols 200
nrows 200
xllcorner 270000
yllcorner 600000
cellsize 50
[rows 105 to 139 of 200, columns 0 to 77 of 200]
512.2 502.5 493.5 483.7 475 464.3 456.4 468.2 479.4 495.4 509 517.6 523 526.1 526.3 522.4 519.9 515.8 514.4 514.2 515 516.4 516.9 516.5 514.9 510.1 506.8 503.9 505.8 505.7 507.1 508.9 511 510.7 507.8 505.8 502.9 500.8 496.3 487.1 474.3 465.6 460 458.2 465.2 472.6 481.5 488.1 484.9 475.6 471 467.9 463.3 460.1 457.5 464.2 463.4 453.5 446.2 434.4 427.1 411.6 403.9 398.8 396.5 395.3 396.4 396.7 400.3 403.7 406.6 412.8 418.7 423.4 420.2 412.2 406.9 404.1
517.4 507.1 495.4 483.7 474.6 463 469.9 477 487.7 502 514.9 522.8 526.2 528 527.4 523.5 519.3 517.3 516.9 518.3 518.1 517.3 517.3 516.6 514.5 512.2 509.6 506.1 506.5 506.8 506.8 507.8 507 504.4 499.5 496.3 493.2 490.2 486 475.7 459.4 453.6 449.7 448.7 454.8 463.4 471.9 477.9 479.5 472.7 465.3 457.9 453.8 449.3 454.6 454.8 446.3 441.2 425.5 416.7 405.1 397.6 391.6 384.6 379.6 378.6 380.5 382.1 386.6 394.6 401.9 408.7 412.1 418.1 408.9 408.5 400.8 398.5
516.2 506.1 494.5 482.5 473.4 464.3 476 484.8 495.4 508.6 520.8 525.6 527.8 529.2 528.4 525 521.7 520.9 521.8 521.1 520.2 517.7 517.3 517 515.4 509.6 505.4 505.1 506 502.9 498.9 497.7 495.1 490.6 486.3 482.3 478.9 476.9 470.1 460.1 452.2 445.4 441.1 439.4 440.8 453.2 467 472.8 473.4 465.5 458.7 447.9 440.6 442.2 444 438 428.6 420.3 411.5 404.6 396.5 388.1 380.6 372.1 366.7 364.9 368 372.7 376.9 385.7 393.1 397.4 401.4 403.9 401.5 401 398 395.4
511.6 500.2 491.1 480.9 470.4 477 482.7 491.7 503.1 514.4 523.7 526.8 528.4 528.2 527.3 527.5 526.7 526.6 526.1 523.4 522 519.2 519.3 518 513.8 506.5 501.6 496 491.6 489.5 485.1 483.6 477.7 469.6 466.8 465.9 466 465.9 460.1 455.3 447.5 439 431.6 429.9 432.6 442.3 455 460.2 460.2 458 449.5 439 434.5 433.6 427.3 419.8 415.9 409.6 404 398.2 391.4 380.6 368.9 360.5 354.8 352.4 352.5 356.6 368 376.8 387.9 395.6 394.8 395.6 403.2 401.6 395.6 391.5
506 495.9 483.7 478.3 478.4 485.3 490.7 500 509.9 520.5 524.2 526.4 528.1 527.4 528.6 528.7 528.4 524.5 524.4 523.6 519.7 518.5 518.3 514.4 509.3 501 495 487.3 477.4 470.8 465.5 457.9 451.5 450.9 452.4 453.4 456.2 458.7 456 452.1 443.9 432.9 423.3 418.4 419.8 425.3 438.2 446 449.1 449.7 442.3 433.8 427.2 417.6 408.9 403 400.3 398.7 395.3 391.9 382.8 370.1 357.7 348.2 341 338.6 338.3 345 358.6 374.9 385.5 389.1 389.8 397.3 401.7 396.7 392.6 386.5
499.6 487.4 485 484.6 486.8 491.9 497.7 506.5 516.2 521.9 524.8 527.9 527.3 527.2 527.3 527.2 524.7 524.8 523.3 520.6 518.5 516.1 512 507.1 500.2 492.4 485 474.4 460.4 449.6 444.2 438.7 437.2 437.1 440.6 443.3 448.9 454.5 452.4 444.7 437.8 428.7 419.8 411.5 409.4 412.6 421.1 433.7 439.4 441.2 434 424.7 413.6 404.1 396.4 390.3 388.9 388.5 384.3 377.5 364.7 351.1 342.6 332 323.5 325.1 323.9 336 354.1 367.3 375.6 380.6 385.8 393.7 392.5 392.4 389.8 382.5
492.2 489.2 488.8 491 494.7 498.8 505 511.5 518.4 522.4 524.1 523.1 523.1 522.5 522.6 520.3 520.4 521.2 518.1 514.2 512 509 505.4 495.9 485.3 476.3 466.5 456 446.4 437.9 432.4 426.7 424.4 428.4 432 438.7 446.2 447.1 445.5 442.1 436.3 427.6 419.7 411.1 401.9 403.1 409.3 420.8 429.5 431.7 423.1 412.2 401.7 392.9 386.3 379.9 376.9 371.7 364.3 353.3 342.9 335 326.3 314.8 311.3 313 313.4 326.3 336 348 359.2 363.7 378.6 383.1 385.2 388 387.2 381
494 494.4 494.3 497.8 501.5 505.3 508.7 513.7 518.5 518.6 517.6 515.2 511.1 510.3 508.6 509.3 508.9 508.8 509 506.2 505.4 502.9 494.2 482.4 471.8 461.3 450.1 441.4 435.6 428.7 422.9 418.2 418.5 420.6 428.7 439.3 444.4 444.1 444.9 442.7 435.9 427.3 420.1 410.5 399.5 393.8 398.2 408.4 419.3 417.9 409.7 399.3 390 382.9 376.6 367.7 359.6 351.5 344.6 336.5 328.4 319.9 310.5 304 303.8 302.7 302.1 309.6 321.5 333.8 341.3 352.7 366.5 375.8 382.4 385.2 383.2 376.7
498.5 498.1 501.1 503.2 505.2 508.1 509.8 510.7 510.7 509.2 505.7 499.3 494.9 491.2 489.6 490.3 491.1 493.7 494 494.3 493.3 489.1 480.4 469.9 459.8 446.9 438 430.5 426 420.6 413.6 413.3 414.9 417.9 427 436.3 439.7 441.1 444.2 440.1 432.4 425.9 417.7 405.8 394.4 386.7 390.6 398.5 405.8 402 396.3 386.9 379.3 374.3 363.4 353.1 345.2 335.9 328.6 319.9 313.1 306.1 300.9 297.4 295.4 293.4 293.3 297.1 304.6 314.4 321.3 336.3 349.5 365 377.3 382.9 377.1 374.1
503.3 505 506.6 507.2 508.9 508 504.9 502.7 498.5 494.1 487.7 478.5 472.2 466.3 465 466 469.4 473.1 474.3 476.7 474.7 469.9 465.8 457.4 446.4 436.8 428.3 421.9 416.8 410.4 406.3 407.4 407.3 411.8 418.2 426.3 431.8 434.2 433.8 429.3 425.3 420.1 410.9 398.2 387.6 382.1 382.2 385.6 387.7 386 376.4 374.6 366.6 358.3 347.3 337.2 329.3 322.2 313.4 310.5 299.8 296.9 298.2 300.8 305.1 304.2 298 288.6 289.1 294.2 306.2 319.9 336.5 353.3 369.1 376.7 378.3 377.4
510 512.3 510.4 510.2 507.8 502.6 493.8 487.7 483.1 476.6 467.9 460 454.1 451.6 448.4 447.7 447.7 452.5 456.8 457.3 462.6 459.1 452.5 443.7 435.1 427.2 419.6 412.6 405.4 402.8 399.6 400.3 400.9 405.6 411.2 421.3 419.1 420.7 421 416.3 411.7 406.7 395.5 386.4 379.4 373.2 373.2 370.8 369.2 367.2 362.6 357 350.3 340.9 331.1 323.3 319.5 312 307.1 299.3 298.8 306.6 313.1 317.1 320.9 322.1 318.8 311.7 298.3 285.4 290.3 305.8 321.8 338.4 359.3 373.5 380.1 376.7
516.1 514 511.5 507.4 501.2 491.9 482.1 474.3 466.7 459.4 451.9 447.7 445 442.1 440.4 439.4 438.2 438.1 437.3 439.5 442.3 442 439 431.7 423.3 414.1 406.3 401.1 396.3 393.4 390 393.1 391 392.8 395.7 400.7 403.5 403.7 401.7 400.1 394.2 388.1 380.1 373.9 369 366.3 357.9 358.8 356.5 351.5 351.1 343.3 334.9 325.4 320.4 314.1 308.7 305.5 299.7 300.1 308.1 315.7 319.6 322.6 324 323.8 322 318.3 314.6 300.5 285.5 293.3 308.8 326.3 345 364.4 371 365.7
515.4 510.4 504.9 498.9 490 479.7 470.2 461.2 454.6 448.1 442.8 440.7 438.2 436.8 434 431.8 429.9 429.2 427 425.8 430.6 430.8 426.9 419 409.1 401.8 397.1 391.8 387.1 383.1 376.9 378.6 375.7 375.1 375.3 380.6 382.4 378.7 378.8 379.6 373.3 369.6 366.1 361.6 358.4 355.3 350.1 348.1 343.4 340.4 334.8 329.1 321.9 316.8 311.3 305.9 301.7 302.1 308.1 311.8 313.9 317.7 322.2 324.1 324.7 323.8 321.5 318.5 315.2 309.1 292.9 284.1 297.7 314.5 334.3 348.5 356.4 352
509.6 502.5 494.5 488.6 479.6 469 461.7 457.5 449.7 443.3 436.4 430.6 425.8 424.9 426.5 424.2 422.6 420.3 417.3 417.7 417.7 416.9 411.9 405.2 399.7 394.3 389 383.9 380 376.2 369 370.2 367.9 365.4 362.1 360 359.1 356.8 356.8 358 354 354.9 353.3 349.8 346.9 342.2 337.6 334.5 330.1 323.2 319.3 317.9 313.9 310.5 303.9 301.8 307.6 313.6 315.7 316.7 319.6 324 326.3 328.8 328.7 326.8 322.1 318.3 315.5 311.2 303.6 286.7 284.5 302.7 320.7 332.4 334.3 335.6
504.4 497.7 488.6 480.9 471.3 464.5 456.4 451.6 451.7 448.1 443.5 437.5 431.8 425.9 418 415.1 412.8 413.4 409.8 407.6 405.8 402.8 400 396.4 393 388.7 384.8 380.7 371.3 363 360.3 355.6 362.1 361.1 357.2 352.7 349.5 347.1 344.7 342.6 343.3 342 341.8 339.2 335.7 333.1 328.5 324.6 320 317.2 314.2 310 309.2 303.3 303.3 311.9 311.2 316.3 318.3 324.9 329.7 333.4 336.5 336.3 334.6 331 325.5 318.9 315.6 310.9 303.8 294.2 282.2 292.5 305.6 313.9 313.3 311.7
500.9 492.8 483.8 476.6 470 467.3 464.8 461.8 458.3 454.5 448.7 441 431.7 425.7 421 415.7 405.8 403.1 402.9 399.7 395.7 393.8 392.2 390.6 388.8 385.8 382.6 372.4 373.5 375 369.4 362.2 349 344.9 351.8 350.4 341.6 343.2 340.4 337.5 336.6 336 334 331.2 328.4 324.6 320.5 318.2 312.9 313 309.7 306.8 304.1 304.9 311 313.6 315.7 320.4 327.8 334.7 340.1 345.1 347.2 346 342.6 337.6 330.5 321.8 316.4 311.7 305.1 297.8 281.1 284.2 291.2 296 295.3 294.6
500 492 486.2 480.7 476.8 476 474.8 470.6 467.1 460.1 452.9 441.9 432.8 425.4 419.6 413.6 405.6 400.9 395.9 395.7 392.7 390.6 390 387.6 384.8 379.6 375.1 378.8 376 370.2 366.4 362.3 358.5 352.5 337.5 335.8 330.3 332.9 329.6 329.6 330.1 328.6 325.9 324 321.1 318.6 315 314.3 312.9 309.2 306 305 306.6 309.4 315.6 319.9 326 332.4 340.9 348.3 354.3 358 359.5 358.3 353.9 346.9 336.9 325.2 319.2 311.6 305.8 298.8 291.4 280.4 280.6 283 282.1 280.8
503.3 498 494.5 490.3 487.3 487.2 485.3 481.5 475.6 465.9 454.7 445.2 434.6 425.9 419.5 412.9 405.5 400 396.5 392.6 392.2 390.1 390.3 388.6 388.2 387.7 386.9 381.1 376.4 370.9 364.5 359.5 354.3 350.6 343.3 337.5 336.2 325 322.8 321 320.7 321.1 318.4 317.4 315.4 312.8 310.3 309.1 306.6 305.8 305.2 308.8 312.1 315.5 323.5 330.5 338.9 345.8 354.3 362 369.5 374.5 375.8 371.9 365.4 355 339.5 328.9 321.1 313.7 304.5 299.1 295.7 294.7 290.1 283.9 277 277.1
508.9 506.2 503 499.7 496.7 497 493.2 489.5 480.5 471.3 461.5 449.9 439.3 429.7 422.6 417.5 410.3 405.7 401 398.7 396.4 395.6 395 394.6 394.1 392.3 390.5 385.8 379.3 372.3 365.4 358.7 348.7 343.4 338.7 336.4 328.5 326.2 320.9 318 317 315 313.3 312.2 311.4 309.3 307.8 307.2 308.8 309.4 311.6 316.1 321.8 327.5 334.8 342.8 350.7 359.2 369 379 388 392.6 387.6 381 371.3 359 344.4 332.4 323.9 316.1 308.6 302.8 297.9 298 296.6 292.4 286.2 284.9
512.1 508.5 505.8 502.1 500 499.4 496.9 491.4 484.7 478 468.5 457.2 445.6 438.8 433.5 426.9 421.1 416.1 411.5 408.2 405.3 403.3 402.5 402.2 400.1 397.3 393.2 385.9 378.1 370.4 360.9 350.2 343.6 340.4 335.7 329.6 323.5 320.2 319 315.8 315.7 314.2 312.8 310.7 308.6 308.9 308.8 310.1 311.6 314.8 319.6 324.8 330 337.1 347.3 355.8 365 374.2 384.7 397.3 406.9 407.4 401.9 390 378.3 364.7 349.8 337.3 327.9 319.3 311.5 306.5 301.1 301 298.5 291.7 289.1 290.2
505.6 501.5 497.8 493.9 492.5 492.7 492.9 490.8 488 483.8 475 464.5 458.5 450.8 448 441 436.5 429.5 424 419.3 415.8 413.7 412.3 408.8 405.3 400.1 394.8 386.3 375.1 365.4 353.8 344.5 340.5 333.5 327.8 321.8 318.8 317.1 316.7 315.4 314 313 311.9 309.9 309.1 311.6 311.9 313.7 317.9 323.3 327.9 334.2 341 349.4 359 367.6 378.7 389.9 403.3 415.5 420.8 422.8 411.4 398.4 385.2 370.4 355.9 342.8 332.5 322.8 315.4 309.5 307.7 303.4 300.3 296.4 295.7 296.7
494.9 492.2 488.1 481.9 480.2 483.1 485.1 486 486.1 483.7 476.9 473.9 471.5 466.9 460.6 455 448.2 440.2 434.2 429.6 426.7 424.4 419.7 413.7 408.2 400.6 391.6 381.8 369.4 356.9 346 339.4 332.4 325.3 321.7 318.1 316.2 314.9 313.6 313 311.8 311.4 310.5 309.6 313.9 315 317 322.1 326.9 331.6 337.7 344.9 352.8 362.2 372.3 383.3 394 407.7 420.9 428.5 432.6 430.6 419.9 406.2 392.4 376.8 361.9 347.9 336.1 327 314.8 315 311.7 309 305.6 303.4 301 301.3
480.7 477.2 472 469.5 468.7 472.1 475.3 478 480 481 482.6 481.3 479 474.9 469.6 464.1 456 447.5 441.2 438.9 435.2 429.7 423.6 416 406.8 396.7 386.4 373.4 359.9 348.2 339.6 332.5 325.5 321.2 318.3 316 314.8 314.1 312.9 311.7 312.6 314.3 314.8 316.1 319.5 323.4 327.5 330.2 335.7 342.4 349.5 357.9 366.7 377 388.3 399.4 410.9 423.2 432.5 437.6 439.8 437.1 428 414.1 397.5 381.8 366.4 351.9 340.6 330.9 326 321.9 318.5 315.5 313 309.8 306.9 308
463 461.4 461.7 460.1 460.2 461.8 463.8 468 473.8 478.9 482.2 482.6 482.2 479.1 475.3 468.1 460.7 453.8 448.7 444.9 437.8 432.1 425.9 415.1 403.1 390.5 378.3 365.3 353.1 342 333.9 325.7 321.4 318.5 316.5 315.4 314.2 313.5 313.2 315.6 319.6 322.4 324.8 328 331.3 334.1 337.6 341.1 346.4 353.8 362.4 372.3 382.9 394.1 405 414.9 425.9 434.9 439.9 443.1 445 442.1 435.1 418.9 401.2 386.4 371.5 358.2 347 335.1 335.5 331.6 329.4 324.6 322.1 317.4 315.4 315.4
447.7 449.3 451 450.6 450 450.4 453.6 460 468.9 475.3 478.5 480.3 479.5 478.2 473.5 468.6 463.3 457.2 449.6 444.9 440.4 432.3 420.2 411.3 395.5 382.5 369.3 356 345.3 335.7 327.2 322.2 320 317.1 316.1 314.9 313.8 315.5 319.6 326 331.4 335.8 339.4 343.2 344.6 346.7 350.3 354.6 359.9 368 377.4 389.3 401.1 412.3 421.2 429 435.3 441 444.2 446.6 448.3 445.4 438.3 422.2 405.7 391.7 379 364.9 353 350.8 348.2 344.1 341.4 335.7 332.6 328.9 325.4 323.4
434.7 438 439.3 440.4 439.9 440 443.7 452 462.5 471.1 474.6 477.2 476.7 474.3 469.4 464.4 459.6 454.2 448.3 443.6 436.5 427.4 412.6 403.8 386.7 372.4 359.7 349.8 338 328.2 322.5 320.5 318.4 315.4 315.1 314.5 319.3 327.3 333.5 341.1 349.2 355.8 358.7 359.7 361.9 364.9 366.9 370.3 376.7 385.9 397 408.3 420.3 428 432.4 439.3 443.1 445.6 447.5 448.5 448.6 448.1 442 428.4 412.5 398.7 385.7 373.9 365.6 363.3 359.9 357.5 352.9 348.6 344.5 340.4 336.9 333.5
422.1 425 426.7 428.4 428.8 431.2 435.4 444.2 458 467 470.4 472.4 472.1 466.5 462.4 457.6 452 445.8 441.3 436.4 427.9 417.7 403.6 391.3 377.3 362.6 352.5 338.6 330.8 324.2 321 319 316 316.6 316.5 322.3 332.6 343.3 352.3 365 373 375.9 376.8 378.4 381.1 382.4 384.4 387.4 395.8 407.3 418.9 427.8 432.5 438.3 442.4 446.2 448.3 448.5 449.2 449.8 451 452.2 447.1 434.6 420.3 405.9 394.8 384.8 380 377 373.9 370.3 366.7 361.9 358.8 352.4 347.7 344
407.7 411.3 414.7 415.7 418.9 419.7 428.2 439.4 453.7 461.4 463.7 464.1 461.6 459.6 455.5 450 444.7 439.7 435.1 429.7 419.3 404.5 393 379.3 367.5 354.2 342.2 330.1 323.6 321.3 318 316.9 317.1 317.1 322.8 332.6 346.5 359.9 377 387.9 393.9 394 395.5 397 399 400.3 402.6 405.6 415.7 427.1 434.7 440 442.9 446.9 450.1 452.4 450 449.3 449.4 450.7 454.7 454.8 449.6 440.6 426.5 416 405.8 398.6 395.4 391.9 389.6 385.6 381.7 376.4 370.8 363.4 357.9 353.8
398.8 398.3 399.6 401.6 406.9 410.6 422.7 434 445.6 453.4 455.5 458.4 457.6 455.2 450.7 443.8 439.2 434.6 427.4 417.1 406.9 392.6 381 369.1 354.5 342.8 333.5 325 321.3 319 318.2 318.7 319.9 321.5 330.8 345.1 359.5 380.4 395 406.7 410.6 413.5 411.8 413.7 418.3 418.4 420 424.5 433.6 439.9 442.5 446.8 451.3 454.3 456.4 454.7 451.1 449.6 449.6 452.8 455.2 455 452.4 445.8 434.7 425.7 418.5 414.4 412.1 409.1 407 403.7 397.1 391 384.1 375.3 368.5 360.1
390.7 388.6 388.3 391.5 396.8 404.4 414.4 425.1 436.2 444.5 449.6 454.9 454.6 450.9 445.7 439.8 433 424.6 414.4 403.8 393.7 380.6 369.4 356.9 345 334.5 327.7 323.5 320.8 318.1 319.1 321.1 323.5 328.6 340.3 356.7 376.2 394.6 410 420.4 426.7 428.3 427.7 431.2 433.1 431.8 433.7 436.1 441.1 444.4 446.8 451.6 456.3 458.2 458.3 455.7 452.4 449.6 449.3 451.5 453.7 453.7 451.3 446.8 440.3 433.7 427.2 428.1 426.6 426.1 427.2 423 413.5 405.7 394.3 382.3 372.6 360.6
381.8 380.1 378.7 382.9 390.2 398.3 406.2 415.8 425.3 434.2 442.6 448 448.3 447.9 441.6 435.1 424.1 413 399.4 390.3 379.8 368.8 356 347.2 336.1 329.8 324.6 321.7 319.8 320.5 320.5 322.3 328.1 335.9 350.4 371 389.4 405.1 420.6 432.2 441.9 440.5 441.8 443.3 442.3 441.6 444.5 442.7 444.1 446.6 451.2 456.5 460.2 460.4 458.9 456.9 454 449.9 449.3 449.4 449.7 449.2 448.1 445.7 443.2 439.1 435.1 435.7 436 438.9 435.6 430.5 426.1 412.8 397.9 383.7 372 372.4
372.8 371.3 370.4 375.5 385 391.2 398.1 405.5 413.9 423.9 432.3 435.9 435.2 434.5 430.1 422.3 408.4 395.2 385.4 376.9 366.1 355.1 344.7 336.6 331.2 326.8 323.5 321.1 320.4 321.3 322.8 326.5 333.2 345.7 361.4 382.5 398.5 410.9 425.2 437.1 445.5 448.2 450.8 449.2 447.3 446.1 445.3 444.7 445.2 448.9 454.1 458.4 460.6 460.6 459.2 456.7 452.8 449.2 447.2 447.1 447.3 445.7 444.6 442.9 440.7 438.5 436.5 436.9 438 437.9 436.6 433.1 423.5 410.6 396.8 382.4 380.3 385.2
364 362 361.3 366.8 375.9 382.5 388.2 393.1 401 408.7 414.5 415.4 414.6 413.5 405.9 393.2 388.6 380.7 371.1 360.3 352.9 345 337 331.7 328 322.8 321.3 321.4 322.6 322.6 325.5 331.5 342.1 357.4 376.1 392 400.4 416.3 426.3 436.7 445.6 449.3 451.5 451 448.9 446.4 445 444.2 445.4 448.7 453 457.1 459.8 460.3 459.3 453.8 450.6 446.8 443.3 443.4 441.7 440.4 439.6 437.7 437.7 437.9 437.2 436.6 435.8 433.5 431.9 426.5 418.7 407.6 395.2 389.6 394.2 396.8
356.3 355.7 357.4 359.7 365.1 372.3 376.7 379.3 385.8 392.1 395 395.1 393.3 389.9 388.1 381.3 371.4 364.7 357.6 348.9 344.4 337.1 331.5 328 324.6 321.8 324.4 324.4 324.6 324.3 331.3 339.4 354.1 370.5 389.4 402.9 413.4 420.2 428.6 436.9 444.1 447.2 449.7 449 449 446 444.1 443.7 445.5 448 451 454.7 457.3 455.1 451.5 450 447.8 442.7 439.8 438.3 436.6 434.4 433.3 432.5 433 433.7 433.3 433.2 430.6 429.2 427 422.1 414.6 403.5 397.2 399.7 404.9 406.6
350.9 349.9 349.6 352.7 352.7 356.9 365.3 368.1 372.2 374.4 374.8 376.3 375.6 372.9 369.4 362.8 358.5 349.8 342.6 340 335 330.3 327.8 325.7 323.5 323.1 326.4 326.6 326.4 330.4 339.9 351.1 369 384.2 399.3 410.2 421.2 427.6 432 438 442.5 445.7 447.1 447.6 447.9 445.1 443 442.5 444.7 446.5 448.2 450.8 451.1 449.4 448.6 447.2 442.2 437.4 433.6 430.9 428.5 427.1 426.4 426.6 426.8 426.9 425.9 426.7 425.8 424.9 422.2 417.8 411.4 405.4 405.1 407.8 413.3 416.8
