WholeMapElevations/data/se/se01_OST50GRID_20230518/SE01.asc
ncols 200
nrows 200
xllcorner 400000
yllcorner 410000
cellsize 50
[rows 140 to 174 of 200, columns 78 to 155 of 200]
353.7 353.4 353 352.5 350.8 348.1 345.3 343.4 341 337.2 333.5 331.8 328.9 326.2 324.5 321.1 315.7 312.5 310.6 309.2 307.1 304.3 299.7 293.3 285.1 275.6 265.8 257.8 237.1 209.5 212.9 232.7 244 242.1 227.6 210.9 196.4 185.2 182.8 181.3 180.7 173.9 168.8 162.8 159.5 154.5 153.8 153.3 153.5 154.1 156.3 159 161.9 165.6 171.3 175.5 179 181.1 186 193 195.3 206.7 215.7 219 222.1 224.6 227.3 233.9 242.1 246.4 251.4 250.5 255.1 262.8 266.1 265.6 258.8 250.7
351.4 351.1 350.7 350.2 348.6 345.4 344.2 342.3 340 337.7 333.5 330.2 327.5 325.3 324 320.4 316 311 307.9 306.3 304.4 302.8 298.2 291.1 282.7 274.1 261.8 254.5 231.6 203.9 209.5 224.3 240 235.1 216.8 205.9 194 183.6 176.7 177.2 172.6 167.1 161.9 158 155.5 154.5 154.5 155.2 156.3 157.9 160.2 162.8 163.9 166.1 171.7 176 181.9 187.4 194.9 203 207.8 211.9 215.1 219.4 222.8 226.6 230.7 236.2 243.6 249.5 254.5 256.1 267.2 271.3 270.9 268.4 264 256.2
349.5 349 348.5 347.8 345.2 343.2 342.8 341.2 338.9 336.8 333.1 330.3 326.1 324.4 322.6 319.8 314.6 310.8 306.4 302.6 301 298.7 294.8 289.1 277.9 269 261.9 250.5 232.3 203.8 202.5 214.9 228.7 224.2 207.5 198 187.3 182.3 175 170.7 167.4 163.3 159.3 157.7 155.3 155 156 158.1 160.5 163.6 164.7 167.5 169.5 171.2 173.1 178.5 184.6 191.7 200.2 208.9 214.2 218.1 220.4 221.8 226.5 229.5 234.5 240 247.5 253.1 258.7 268.8 274.2 274.3 274.5 272.2 267 260.1
346.9 346.8 346.2 345.3 341.8 341.2 340.7 339.7 337.2 335.8 332.9 330.2 327.1 323.5 319.6 316.5 312.3 308.7 304.8 299.9 295 287.3 285.7 278.6 263.8 253.9 250.8 247 231.6 206 189.8 200.8 211 209.3 198.3 184.6 180.8 176 170.7 168.4 165 162.6 159.7 156.4 155.2 155.5 158.4 160.6 163.8 167.1 169.8 172.7 174.3 175.9 176.1 179.5 182.3 193.7 204.6 210 215.4 220.7 223.6 225.8 229.8 234.2 240.4 247.1 252.8 258.4 265.6 276.2 278.8 278.8 277.6 274.3 269.6 262.4
344.1 344.2 343.8 341.7 338.4 337.8 337.6 336.9 334.3 333.3 332.1 329.1 326.6 323.4 318.3 315 310.6 307.9 305.2 302.7 299.5 287.6 265.6 262.6 243.9 235.7 231.1 231.6 224 208.5 189.4 189.1 191.2 192.6 185.3 180 175.6 172.3 168.1 166.6 162.7 162 158.9 154.8 155.8 157.2 163.6 165.1 169 172 174.5 177.2 178.8 179.8 181.7 185 191 197.8 207.6 211.8 216.9 222 226.2 230.2 234.6 239.3 248.1 255.8 260.4 264.9 276.2 280.4 283.2 282.5 281.4 276.4 271.7 264.2
340 340.5 340.8 337 334.7 334.3 334.4 334.5 333.4 331.3 328.5 326.5 324.2 323.5 319.2 313.9 309.8 308.2 304.8 302.2 299.2 291.2 276.9 253.3 230.2 228.3 219.8 216.6 211.4 205.4 192.6 180.9 180.6 185.9 178.1 175.8 171.2 168.6 166.3 165.3 162.7 161.1 155.4 154.5 160.3 165.1 167.9 171.1 173.6 176.4 179.2 181.6 183.6 186 187.3 192.2 197.8 201.4 208.7 214.3 219 224.3 228.8 234.1 240.3 247.3 253.4 260.6 266.3 273.6 280 284.6 286.8 286.8 284.8 279.6 274 266.8
332.8 332.7 333.6 332.4 331.3 330.3 331.3 331.3 331.3 330 327.6 325.6 324.3 320.4 316.5 312 307.8 304 302.1 299.8 295.4 285.2 271.6 253.3 230.2 217.3 213.4 200 199.8 193.9 188.7 183.1 186.3 173.1 174.1 171.7 169.2 166.9 165.5 163.8 161.3 159.8 156.7 155.3 167.2 169.9 174 176.7 179 181.7 184.1 187.5 190.8 194.7 195.1 196.4 203.9 207.3 213 216.8 221.4 226.8 233.1 239.5 247.3 255.8 259.7 265.3 271.4 280.1 284.9 288 289.3 288.7 285.2 281.5 275.4 268.2
324 324.9 327.4 327.8 327.5 327.7 328.2 328.2 328.5 326.8 325.7 324.7 323.2 320.5 315.1 311.4 308.4 304.9 298.2 292.7 285.7 275.6 263.3 248.3 247.5 240.1 231.6 215.5 204.2 191.4 181.5 187.7 176.1 171.7 167.6 170 167.9 165.3 163.8 163 160.2 158.9 158.1 161.2 171.6 175.8 178.9 182.8 186.1 187.9 191.2 194.8 198.3 204.1 208.3 207.4 213.5 215.9 219.1 223 227.6 233.6 240.9 248.8 258.5 264.8 266.8 270.7 276.6 285.1 289.5 291.3 289.5 288.6 286.8 283 277.2 270
313.9 317.1 321.1 323.2 324.3 324.9 325.3 325.8 325.7 324.2 323.8 323.4 322 318.1 314.5 312.3 309.7 306.1 300.8 294.9 291 284.5 279.5 272.7 264.7 248 230.6 213 206.6 205 196.5 184.3 167.2 167 167.7 166.5 166.2 164.5 163.1 161.7 158.5 158.8 166.3 172.4 178.8 183.1 186.5 190 193.4 198.7 202 204.7 209 216.1 221.7 224.1 225.6 226.6 230.3 231.6 237.2 241.8 249.1 259.2 266.9 270.2 272 277.2 285.4 290.7 293.4 292.4 289.9 288.2 284.8 283.5 278.3 273.2
301.8 306.6 312.5 318.9 320.5 321.1 322.7 323.5 323 322 321.9 321.9 319.5 316.2 313.9 312.7 310.2 307.7 305.2 300.6 298.4 295.8 290.6 277.8 260.6 241 227.8 209.8 198.1 193.5 187.2 173.4 167.2 167.2 164.8 162.9 162.9 162.9 160.6 160.7 158.9 167.9 174.8 182.6 187.7 192.8 199.4 203.5 206.9 211.8 215.9 217.8 221.1 225.8 233.4 236.9 236 237.2 240.4 242.2 246.2 253.1 258.8 267.1 272.4 275.3 279.6 285.5 290.5 293.4 295.8 293.4 289.4 286.3 284 282.8 280 274.1
282.6 292.8 305.1 315.8 317.1 316.5 318.4 320.2 321.6 320.6 321 319.6 317.9 315.5 313.7 311.7 310.3 308.5 306.3 301.1 297 294.3 287.9 271.7 253.4 238.4 224.3 209.7 196.7 186.7 181.6 167.2 167.2 164.7 164 164 160.8 162.1 159.6 159.2 162.3 174.4 183.2 197.9 205 209.7 214.8 217.6 220.3 224.2 228.6 231.3 234.9 239.9 244 245.7 245.3 245.7 248.3 252 257.8 262.4 266.3 273.4 277.4 283.1 288 293.9 297.6 299.7 297.8 294.3 291.2 285.5 282.6 280.8 279 273.5
262 289.6 303.9 311.2 311.4 303.1 316.7 320.9 320.9 319.4 319.4 318.1 317 316.2 314.5 312.3 309.2 306.4 302.8 298.4 292.3 284.9 275.2 260.3 245.5 228.6 218.2 207.7 196.7 188.8 178.2 167.2 164 164 164 170.6 169.2 174 176.6 180.6 180.8 185.6 196.3 214.7 221.8 225.6 228.3 230.3 234.1 235.5 240.1 243.1 245.4 247.1 251 252.3 252.8 254.7 258.7 263.3 266.3 268 273.8 279 283.3 288.3 291.8 298.9 302 300 297.2 293.2 293 290.9 283.2 278.1 275.9 274.6
256.5 281.2 290.7 303.9 300 301.7 312.8 319.2 318.9 318.1 317 315.6 313.7 317.1 316.5 314.1 307.2 301.1 296.6 291 285.5 272.7 259.2 248.8 236.5 222.8 213.6 205.8 197.8 187.5 175.3 167.8 165.7 164 163.5 174.1 181.9 187.2 195.5 204.5 211.6 217.1 214.2 229.8 235.4 239 240.2 242.9 245 246.6 248.9 250.7 253.7 256.4 258 259.9 259 261.5 266.3 269.3 272.7 274.6 277.9 285.3 290 292.7 300.6 303.9 302.1 299.7 298.4 303.2 303.7 299.8 291.6 286 274.5 271.1
237.7 253.3 272.5 284.1 277.8 292.9 304.8 309.3 311.5 309.4 315.8 312.6 310.7 310.3 309.6 307 302.7 294.6 288.3 281.7 270.8 262.4 248.4 237.9 226.8 217.6 208.8 203.4 191.5 186.2 169.9 165.1 164 166.3 175 187.5 195.6 206.4 214.8 224 231.3 235.6 238.6 240 241.5 245.5 247.1 249.3 252.4 255.1 257.1 259.3 259.1 260.7 262 264 267.2 268.3 272.6 275.3 277.9 281.1 286.5 292.5 298.6 302.8 304.8 303.5 302.4 306.1 310.4 310.6 307.6 302.4 296 289.1 279.7 271.3
230.8 232.6 245.8 270.1 272.7 281.8 290.4 299.6 301.2 303.1 302.2 301.3 301.2 301.2 300.3 297.4 293.8 287.9 277.4 268.3 257.4 247.2 235.4 227 219.8 213.3 205.1 199.5 195 175.8 166.3 171.1 174.4 185.8 190.5 202.1 213.2 222.2 229.7 236.5 240.3 243.4 245 247.4 251 253.2 256 258 259.7 261.1 262.7 264.6 264.9 265.8 267.5 269.1 272.1 273.9 279 282.8 287.3 290.1 294.9 301.4 305 306.5 305.5 305.2 309.6 312.8 315.3 316.1 310.4 303.4 297 289.2 279.8 272.3
227 227.3 231.2 246.9 258.6 268.4 276.1 282.1 284.3 285.7 287 289.5 289.1 288.6 289.4 287.3 283 278 269.8 258.4 242.5 233.4 227.3 220.5 213.4 208.2 201.9 190.6 186 169.5 171.9 184.2 192.7 193.4 206 216 225 232.8 237.2 241.9 246 248.7 251.4 252.4 256.1 258.5 261 263.3 265.5 267 268.2 269.8 271.8 275.7 274 279.5 281.8 281.7 287.6 291.3 294.9 298.9 301.6 304.9 307.9 309.6 307.6 311 315.1 318.2 321.3 318.3 310.9 303.4 296.3 287 279.2 269.1
219.6 219.3 224.6 235 245.4 257.1 265.8 269.4 272.7 274.3 275.5 278.1 278 275.3 277.6 275.2 273.6 267.4 258.8 246.9 233.9 225.3 220.7 213.9 208 203 195.2 190 177.9 166.1 183.4 188.7 193.3 203.5 214.9 226.1 232.1 237.4 241.6 247.1 252.8 254.5 257.5 256.5 261.6 262.6 266.5 270.6 271.7 275 276.8 278.6 281.7 285.2 286.5 289.6 291.8 292.3 295.9 299.2 302.5 304.2 305.8 307.6 310.5 311.8 312.7 316.1 320.6 324.2 323.9 319.2 311.3 303.3 295.8 286 273.4 269.4
212.3 213.2 215.3 224.4 235.8 249 256.3 260.9 263.8 264.7 266.6 269.9 270.6 270.9 268.8 265.6 260.9 254 244.7 232.7 224.8 219.7 214.4 209.3 203.8 198.4 191.5 184.9 176.2 168.5 178.6 187.8 199.5 209.5 223.1 229.3 236.3 243.3 248.7 252.5 256.2 258.8 262 263.5 266.3 273.8 277.3 279.5 282.7 284.8 286.8 288.9 291.2 292.4 294.3 297.5 296.5 299 302.3 304.7 306.6 308.6 310.3 311 313.5 313.1 317.4 321.2 325.9 327 323.6 318.2 310.5 302.3 294.3 279.6 273.5 271.5
208.1 209.2 208.9 217.7 229.8 236.6 244.5 252.6 256.7 258.3 259.4 261.6 261.7 264.1 261.8 254.5 245.4 237.8 227.5 221.5 217 212.9 208.9 205.3 201.6 193.8 189.5 180.4 173.6 169.4 180.4 193.4 203.1 214.4 223.6 236.1 241.2 246 250.8 255.2 259.4 263.7 270.9 275.4 280.8 283.9 287.4 289.6 291 292.8 293.3 295.4 297.6 299.2 301.6 300.9 303.5 304.9 307.4 309.6 312.6 313.2 314 316.2 317.4 320.3 322.3 325.2 327.7 326 321.8 315.8 308.1 300.3 285.3 280.2 277.1 274.6
208.4 210.1 204.4 210.3 218.7 221.9 228.6 236.6 244.7 250.3 251.4 253.2 252.9 253 249.1 239.5 230.4 223.4 217 213.3 210.7 207.2 204.1 199.4 197.2 192.4 187.3 180.2 176.3 170.2 189.2 198.4 208.4 218.3 226.8 235.5 241.3 245.9 251.5 259.8 266.6 273.2 281.8 286.2 288.3 291.1 293.6 296.7 299.4 301.3 302.4 303 304.3 303.9 305.3 305.7 304.1 310.8 312.3 313.9 315 316.5 319.2 322.1 325.1 326.3 325.5 325.9 327.5 324.1 318.6 311.8 303.5 289.9 283.5 282.8 277.6 273.8
208.1 205.1 199.1 199 202.4 209.7 215.5 224.3 231.1 241.2 245.8 245.1 245.1 241.8 234.9 223.9 218.3 214.4 210.4 207.3 204.9 202.7 194.4 199.6 195.5 190 184.9 179.7 171.5 174.2 198.7 205.6 212 219.5 227.5 234.6 240.6 248 258.8 268.7 277.5 279.3 286.6 288.9 295.3 297.2 298.3 301.1 303 304.8 306.4 309.2 310.8 312.2 312.7 312.3 313.6 315.3 316.7 317.6 319.7 322.1 325.4 330.8 333 330.2 327.5 325 322 319.7 313.8 304.6 297 292 288 280.6 282.4 279.5
208.9 199.6 201 200.2 200.5 201.3 201.5 208.5 219.9 227.9 231.6 229.5 228.4 228.9 215.7 212.1 208.5 206.7 204.6 203.1 198.1 195.1 197 200.9 199 187.6 183.7 180.9 171.1 185.5 202.5 207.7 214.9 222.7 231 239.6 244.4 255.9 267.5 277.1 285.9 288.5 293.3 295.5 297.5 301.5 304.3 306 309.1 312.1 314.6 318.6 318.8 318.2 319.1 318.3 318.8 320.7 321.9 324 327.8 330.6 334.6 338.1 336 331.5 328.6 325.5 320.5 316.7 311.4 306.4 300.6 296.7 292.7 289.1 285.2 282.5
202 204.6 206.6 195.4 200.3 200.8 199.5 200.4 201.1 202.6 210.5 212.8 212.8 208.4 207.1 204.5 203.6 197.2 196.6 196.8 197.6 198 197.3 197.2 197 187.3 183.2 178.8 171.5 192.9 205 210.7 218 226.5 236.3 246 252.9 261.8 271.3 280.5 288.2 292.9 295.8 300.5 303.2 306.3 309.5 314.3 318.8 321.6 327.7 328 327.5 326.4 325.1 324.3 324.6 325.4 327.5 331.3 339.3 341.4 341.3 340.5 335.8 332.1 329.1 326 322 317.3 313.5 310 305.1 302 298.2 293.9 290.8 286.2
229 221.1 214.8 208.4 200.1 195.4 201.4 200.7 197.6 201.9 207.6 206.1 202.3 200.8 198.8 197.8 197.4 195.4 195.8 199 202.3 198.9 193.6 190.9 187.4 182.7 179.3 174.6 187.3 200.8 206.5 213.9 221.3 230.7 240.8 248.2 257.9 266 274.9 285.9 289.2 294.6 299.8 304.8 308 311.1 317.4 324.7 327.7 334.5 337.3 338.4 335.1 333.7 332.1 332.2 331.5 331.3 334.6 342.2 343.4 342.5 342.2 341 336.1 332.9 329.8 326.1 323.4 320.7 318.6 314.8 310.5 306.6 303.2 298.8 293.6 289.6
244.7 234.3 225.7 215.9 207.8 204 201 196 199.9 193.2 199.3 201.8 201.5 202.5 202.9 191.4 190.2 190.7 190.9 197.6 197.2 186.7 186.4 185.4 180.8 176.8 173.9 183.3 198 203.2 208.8 215.2 224.2 234 244.2 252.9 259.8 268.2 276.9 286.6 291 298.5 305.2 309.8 316.1 323.6 329.5 333.8 337.3 342 345 344.3 342.7 341.8 340.1 338.8 338 337.4 340.3 341.9 343.6 342.2 342.3 341.3 337.4 334.6 331.2 331.1 328.5 326.1 324 320.8 317 312.4 307.5 302.4 297.1 295.4
258.2 247.9 236.8 223.6 214.7 209.2 205.9 200.1 194.7 192.6 192.6 192.5 196.5 189.2 187.7 185.9 185.9 185.1 185.4 183.5 182.5 180 180.7 180.7 178.4 179.7 183.9 190.2 198.4 203.8 209.9 217.4 225.4 234.7 245.4 253.9 261.1 269.5 280.2 287.2 294.1 303.8 312.9 322.9 328.5 333.3 340 342.3 344.8 347.1 348.8 349.8 348.5 350.9 349.2 347 343.7 342.6 342.2 346.1 349.6 349.6 348.2 342.7 340 337 333.7 334.6 334.2 334 328.4 325.1 320.9 316.5 311.4 305.9 304.1 300.4
264.6 254 239.8 228 220.5 214.3 209 203.5 202.2 192.8 192.8 190.7 186.7 185.9 185.4 184 183.7 181.8 179.8 179.2 180.1 180.2 181 181.9 182.3 185.5 188.7 193.9 199.4 204.5 211.5 218.3 226.6 235.4 244.3 253.5 263.6 276.9 283.3 292.3 299 313.3 323.5 333.8 337.1 339.6 341.4 344.1 346.6 348.6 350.5 352.1 353.3 353 353.6 352.2 349.1 348.5 349.3 349.6 349.6 349.6 349.6 349.6 349.7 349.9 344.2 339.5 336 335.4 336.2 329.7 325.2 319.8 314.9 311.9 308.4 305.3
266.7 253.7 240.6 230.9 223.8 216.7 214.7 212.5 209.6 207.1 199.3 192.7 188.8 186.4 185.8 186.6 186.1 183 181.7 180.9 182.1 182.6 182.8 184.1 184.8 188.8 192 197.3 201.6 206.6 213 219.1 226.9 236.9 246.2 256.6 270.6 284.3 289.8 295.1 303.9 316.6 325.8 334.9 338 340 342.2 345.3 347.5 349.4 351.2 352.8 352.9 354.5 355.2 354.8 352 349.7 349.6 349.6 349.6 349.6 349.6 349.6 349.7 349.6 349.6 349.6 343.6 335.3 336.1 330.3 327.3 323.8 320.1 316.4 313.3 310.3
261.8 249.7 240.1 230.7 226.5 226 223.3 223.2 218.7 205.4 207 205.2 200.3 196.6 191.5 192.7 188.9 184.4 180.8 182 182.8 183.8 185.7 187.4 189 190.3 195.6 199.8 203.6 208.2 214.2 220.5 228 236.5 247.9 258.8 273 289.9 296.1 298 307.1 318.5 328.5 333 337.8 340.3 343 345.1 347.2 349.4 351.5 353.2 354.2 355.6 356.5 356.3 355.7 352.1 349.6 349.6 349.6 349.6 349.6 349.6 349.6 349.6 349.6 349.6 341.4 337.1 335.6 330.9 327.9 324.9 322.6 320.3 317.5 314.8
260.6 249 240.1 239.4 236.6 234.7 233.5 231.8 223.3 215.6 221.1 216.5 213.6 206.7 204 196.4 189.5 181.5 182.7 182.9 186.5 186.5 188.4 192.2 192.6 197.3 201.9 208.4 213.1 217.7 219.2 219.8 233.2 243.3 251.4 261 273.5 288.1 296.5 302.6 311.8 319.5 328.6 333 336.9 340.6 342.2 344 346 348.2 350.5 352.8 354.4 356.2 356.9 356.6 354.1 352.2 351.2 349.6 349.6 349.6 349.6 349.6 349.6 349.6 349.6 349.6 340.1 337 334.8 332.1 328.8 326 323.9 321.8 320.1 317.3
269 258.7 254.1 255.5 249.6 249.4 245.2 238.7 225.5 224.2 234.4 230.2 221 217.6 217.2 208.5 183.9 185.9 185.7 186.8 186.5 189.2 191.3 194.3 198.3 202.6 207.4 212.7 215.4 222.2 225.8 232 238.7 244.9 252.3 263.5 274.4 286.4 297.2 307.4 314.7 322.4 327.6 332.6 336.6 340.1 342.6 344.1 346 348 349.9 352 354.2 356.1 357.5 357 355.3 354.3 351.9 349.6 349.6 349.6 349.6 349.6 349.6 349.6 349.6 349.6 340 337.7 335.3 332.5 329.6 327.2 325.1 323 320.2 317.8
281 272.8 268.7 268.2 261.3 262.5 257.7 241.8 229.9 234.3 244.2 242.2 236 228.3 220.9 204.2 188.5 185.2 186.5 187.2 188.4 190.8 196.6 199.5 203.2 207.7 211.5 216 221.5 229.3 235.1 240.2 245.5 250.1 256.2 275.7 274.3 285.5 301.5 309.1 316.7 322.8 328 332.7 336.2 339.4 342.8 344.5 346.5 348.5 351.2 353.5 354.6 355.6 357.1 357 356.7 355.9 353.8 350.7 349.6 349.6 349.6 349.6 349.6 349.6 349.6 349.6 339.7 337.3 335 332.6 330.4 327.8 325.3 323.2 320.6 318.2
292.3 285 282.4 279.3 273.2 272.2 266.8 256.4 236.1 241.5 248.3 246.8 242.9 230.7 218.5 203.2 193.1 186.9 187 187.9 190.9 195.1 203.5 208.2 216.2 215.6 217.5 227.4 233.5 242.2 248.8 254.4 257.7 257.7 261.6 282.5 284.5 295.7 305.8 312.4 318.1 323.2 329 332.3 336 339.1 342.3 345.1 347 349 351.1 354.1 356.6 356.6 357.3 358.2 358 356.6 355 352.1 349.8 349.6 349.6 349.6 349.6 349.6 349.6 349.9 339.3 337.1 334.7 332.2 330.7 327.4 325.1 323.5 321 318.4
301.4 294.2 291.2 286.7 284.3 280.4 275.6 259.1 240.3 249.7 254.5 251.3 242.9 226.8 216.1 203.5 194.1 188.4 188.4 191 193.4 198.1 208.9 215.2 223.6 230 225.5 240.4 246.5 254.8 255.6 265.5 274 276.8 294.4 291.6 293.7 306.2 314.3 317.1 320.1 326.4 329.3 332.5 335.8 339.4 343 346.5 347.9 349.5 351.8 354.5 356.1 357.2 358.5 358.7 358.5 356.9 355.4 353.9 352 350.3 349.6 349.6 349.6 349.6 349.6 350.8 339.7 337 334.2 333.2 331 327.8 324.6 322.8 320.4 317.8
311 302.2 299.4 295.8 292.6 286.4 278.7 255.8 254 264 262.4 253.8 241.2 222.7 211 200.9 194.9 191.2 190.5 194.6 196.8 202.5 210.4 220.4 226.6 233.2 235.9 241.3 253.7 256.3 266.7 276.3 299.4 306.9 310.9 302.9 305 315.3 319 321.8 324.9 328.6 331.2 334.8 337.8 340.8 344 347.3 350.7 351.3 354.8 356.8 358.4 359.4 360.4 361.9 361.3 359.2 357.9 356.8 354.9 353.6 352.7 351.9 352.7 350.4 349.6 349.7 341.5 338.5 335.9 334.1 331.2 327.3 323.7 321.9 319.8 317.2
