UK/data/sy/sy97_OST50GRID_20230518/SY97.asc
ncols 200
nrows 200
xllcorner 390000
yllcorner 70000
cellsize 50
[rows 0 to 37 of 200, columns 0 to 83 of 200]
102.8 106.4 105.5 100.7 93.7 85.5 76.6 70.5 65 60.3 56.1 54.2 55 57.6 58.1 57.9 58.1 59.3 61.6 63 63.9 64 65.2 66.1 66.9 67.6 67.8 68 66.4 64.5 61.7 60.4 60.1 61.3 65.2 75 88.3 102.3 118.7 128 134.7 139.3 141.7 142.9 141.3 138.8 136.8 133.9 134 134.6 134.5 133.8 131.4 128.8 127.2 125.8 129.6 134.4 135.4 136 135.3 132.7 130.9 132.2 131.5 127.2 117.8 112.8 104.9 108 123.5 130.8 135 137.3 137.6 135.2 133 130.8 129.2 127.7 125.8 123.8 121.9 117.2
89.6 93.1 92.9 88.9 83.2 76.6 69.3 63.9 58.9 52.9 48.7 46.9 47.9 48.8 49.9 48.9 49.1 51.2 53.6 56.5 59 59.5 56.3 56.7 58.5 59.6 58.9 58.7 58.7 56.7 54.6 53.9 53.7 55.2 59.1 66.5 77.6 91.9 109.8 126 140.7 146.6 149.6 151.3 150.3 149.1 147.5 144.3 143.6 143.7 143.3 142.9 141 138.2 137.3 134.1 137 139.7 140.2 140.6 140.1 137.6 136.7 137.4 135.5 129.7 123.3 119.1 110.1 110.1 123.3 132.9 138 141.2 141.3 140 137.9 135.8 133.5 132.3 130.4 128.1 125.7 120.9
80.2 82.9 83.2 80.5 75.5 69.4 62.6 56.6 51.1 46.6 42 40.4 40.8 41.1 41.8 41.8 42.6 46.8 50.6 53.8 57.5 56.3 51 50.6 53 52.1 50.8 50.9 50.8 49.7 48.6 47.6 47.9 50.3 55.5 64.1 73.5 86.7 103.9 119.5 137.9 153.9 158.2 160 160.2 159.6 157.1 155 152.6 152.6 152.4 152.1 150.8 149.6 148.6 145.7 144.2 145.3 145.2 145.3 145 142.6 141.4 141.2 138.5 134.1 130.2 125 115.6 112.7 125.7 135.4 140.8 143.8 143.9 143.4 141.4 139 137.1 135.9 133.1 130.1 128.3 126.8
70.5 73.7 74.5 72 67.3 62.1 56.2 50.3 45.3 41.1 37.6 35.6 35.8 36.3 36.7 37.3 39.3 43.3 47 49.9 50.7 49.9 45.4 46.1 48.2 47.3 44.8 44.3 44.3 43.9 43.3 43.4 45.5 49.5 56.3 64.7 73.2 86.7 98.3 112.6 127.4 145 161.4 166.8 168.2 167.7 165.3 162.5 161.1 161.3 161.2 161.1 159.1 157.5 156.5 153.1 151 150.5 150.4 150.2 149.9 147.6 146.4 145.3 144 140.8 137.6 130.9 119 114.9 128.8 136.5 142 145 146 145.2 144.2 142.1 140.5 138.5 135.5 133.7 132.6 131.2
63 67 69 67.6 62.1 56.2 50.2 44.4 39.5 36.2 33.9 32.4 32 32.3 32.8 33.6 34.6 37.6 41 43.8 44.5 43.6 40.9 40.6 42.2 40.1 39.6 39.3 39.3 39.1 38.8 40.7 44.4 50.2 56.1 64.4 73.8 83.4 93.5 106.1 119.7 133.6 147.9 162 173.1 174.9 173 170.8 169.6 170 169.9 168 166 164.6 163.2 160.1 157 156.9 156.7 156.4 155.1 152.9 151.4 150.1 148.8 146.1 140.6 133 120.7 117.4 128.4 134.8 140.5 143.7 146.9 146.2 145.4 144.6 142.4 140.2 137.7 136.3 135.9 133.9
64.9 67.2 65.5 61.8 56.7 50.2 44.2 39.1 34.7 32.5 30.9 29.5 28.9 29 29.6 30.5 31.3 32.7 35.1 37.4 38.8 37.7 36.9 35.6 36.5 36.3 35.9 35.4 35.4 35.3 36.8 39.7 44.3 50.2 56 62.7 71.1 80.2 89.4 99.3 110.6 122.4 135.7 147.9 161.6 175.5 179 179.3 178.2 178.1 176.2 174.2 172.3 170.8 168.3 164.4 162.6 162.8 163.3 162.3 160.5 158.7 157.5 156 154.2 148.9 142.3 134.2 124.6 120 123.7 131.3 139.3 143.9 147.3 148 147.6 146.6 144.3 141.4 138.4 137.3 136.3 135.7
62.3 62.2 59.8 56.3 51.5 46.2 40.2 35.8 32.1 30 28 27 26.4 26.6 26.9 27.4 28.2 28.9 30.5 32.4 33 32.2 31.6 31.1 31.5 31.9 32.2 31.8 32 34.1 36.7 39.6 43.2 48.3 54 60.6 68.5 77.4 86.2 94.1 101.3 110 121.9 135.8 147.4 158.6 172.2 183.2 184.3 183.2 181.2 179.2 177.2 174.9 171.5 169.6 168.8 168.2 168.5 166.3 165.8 164 163.1 161.2 156.7 149.6 142.4 137.1 128.7 124.1 126.6 137.2 142.8 146.4 148.6 149.5 149.6 148.5 145.9 143.2 141.2 140.4 139.3 138.9
55.5 54.9 54.2 50.5 46.4 42.1 38 33.7 29.4 27.4 25.6 24.7 24.3 24.4 24.7 24.9 25.2 25.8 26.5 27.5 27.5 27.1 26.9 28.1 29.5 29.5 29.3 30 32 35.7 39 41.8 43.5 47.6 51.7 58.7 66.6 74.8 82.1 88.7 94 99.9 108.2 121 133.3 144 154.7 165.7 178 184.7 184.9 183.5 181.1 178.3 175.4 174.3 174.1 173.9 172.2 170 167.9 166.9 166.4 162.9 157.3 151 147.4 141.3 132.8 131.6 131.2 135.6 144.5 147.8 150.1 150.5 150.5 149.7 147.8 145.5 144.2 143.4 142.4 142.6
49.8 48.9 47.7 45.2 42.6 39.1 35 31 28 25.5 23.4 22.8 22.7 22.6 22.8 23.1 23.3 23.3 24 24.7 24.1 23.9 24 25.2 26.7 28.1 28.1 30.4 33.5 37.5 41.5 44.1 45.2 47.9 51.2 57.6 64.3 70.8 76.7 82 87.2 92.6 99.6 109.1 120.3 131 140.4 150.5 160.1 166.5 173.8 180.2 182.7 181.3 180.5 179.2 178.4 177.5 174.9 172.8 170.8 168.3 165.3 161.5 158.3 155.3 151.8 141.5 142.6 142.4 141.2 139.9 142.8 146.3 150.4 151.3 151.1 150.2 149.2 148.3 147.1 146.3 145.5 146.4
44.3 44.6 42.9 41.4 38.6 35.4 33.3 30.4 27.4 24.9 23.3 21.3 21.1 20.9 21 21.2 21.7 21.3 21.7 22.1 21.2 20.9 21.5 24 26.4 28.5 29.9 32.7 35.5 39.5 43.3 45.7 45.9 46.6 49.4 54.6 60.5 66.3 71.1 75.8 81.1 87 93.5 100.1 109 117.6 126.4 134.4 143.1 150.9 156.1 161.4 169 173.5 183.1 183.9 182.6 179.9 177.4 175 172.2 168.8 165.6 164.2 162.2 158.2 151.4 148.5 153 152.4 151.4 150.3 146.3 147.2 150 151.8 151.8 150.3 148.9 148.2 148.3 148.2 148.5 149.5
39.1 39.7 39.1 37.8 36.2 34 31.9 29.6 26.6 25 23.3 21.3 19.4 19.3 19.2 19.6 20 19.5 19.3 19.4 19 21.4 24.5 28.4 31.5 33.1 36.5 37.7 38.7 42 44.4 45.8 45.8 44.1 45.9 50.2 56.5 62.7 66.8 70.8 75 81.4 88.1 93.4 99.1 106 110.9 116.3 124.9 133.6 139.3 143.8 149.1 155.5 165 179.6 184.1 181.8 179.2 176.5 173.2 170.7 168.8 167.1 163.4 156.9 151.8 154.7 157.4 157.5 156.8 154.6 150.8 150.3 152.4 153 152 150.4 148.9 148 147.7 147.4 148.8 150.6
35.7 36 35.6 34.6 33.8 32.6 30.5 28.7 26.3 25 23.2 21.2 19.2 17.7 17.3 17.7 18.1 17.3 16.1 19.3 22.6 25.6 29.5 34.6 39.4 42.9 46.2 46.7 47 48.7 50 47.1 44.1 43.2 42.9 45.8 51.2 56.7 60.9 65 69.5 75.9 82.1 86.8 91.5 97.3 100.9 104.3 109.7 116.3 122.3 128.8 133.9 140.5 150.9 163.1 178.8 183.3 180.9 178.1 175.2 171.9 168.8 166.7 161.8 156.9 158 160.3 161 160.2 158.3 155.6 154.3 154.5 154.1 153.4 152.7 151.1 149.4 147.8 147.1 147 147.7 148.5
32.4 32.4 32.2 31.9 30.9 30 29.1 27.7 26.5 25.1 23.2 20.8 18.4 17.2 15.9 15.5 15.6 15.1 17.4 20.8 23.9 27.8 33.2 43 48.4 52.4 55.7 58.5 58.5 57 53.6 49.3 44.6 42.3 41.6 42.5 46 49.9 54.6 59.8 64.8 70.3 75.5 80.2 85 89.1 92.4 96.2 100.8 105.8 108.8 114.5 123 130 138.7 150.1 161.5 178.8 182.1 180.1 177.2 173.9 170.4 166.3 162.8 162.2 163.6 164 162.9 161.2 158.9 157 157 156.6 154.7 153.8 153 152 150.2 148.5 147.4 146.4 145.9 146.3
29.6 29.6 29.4 29.2 28.3 27.3 26.8 26.8 26.6 24.5 21.8 19.5 17.6 16.8 16 14.1 13.8 15.1 18 20.8 23.9 29.2 38 48.3 54.2 57.9 60.6 62.8 63.6 59.7 54.7 50.2 45.1 42.8 40.6 41.1 44.3 47.5 50.4 55.4 60.4 65 69.4 74.1 78.7 82 85 88.7 92.3 97.8 101.6 106.5 115 121.9 128.6 139.2 152.1 165.2 182.8 182.1 179.4 176.3 172.7 168.5 167.4 167.1 166.9 167.2 164.8 162.5 160.3 160 159.8 158.6 156.2 154.6 153.4 152.7 151.1 149.3 147.8 146.7 145.5 145
27 27 26.7 26.6 25.6 25.3 25.5 25.2 25.1 23.7 22.1 19.4 16.8 16.8 16.9 14.8 11.3 14.6 18.5 21.4 24.3 31.5 40.5 50.2 55.3 59.9 62.9 64.9 65.1 60.8 55.7 50.8 45.3 42.1 40.1 40.1 42.8 45.7 48.3 51.4 56.2 60.1 63.7 68 71.8 74.9 78.5 82 86.3 91.8 96.7 102.3 108.2 114.4 121.1 129.9 140.5 156.5 173.2 183.5 181.3 178.5 176.4 173.4 171.8 171.3 170.3 169.1 166.8 164.4 162.3 163.1 162.7 160.5 157.7 156.1 154.5 153.1 152 149.9 148.7 147.2 145.8 144.6
24.5 24.4 24.1 23.8 23.8 24 24.1 22.5 21.1 9.1 1.3 0.7 2.1 15.5 16.4 13.9 10.4 14.1 18 22 25.7 34.6 42.5 48.2 53.3 57.4 62.1 63.9 63.2 59.2 54.3 49.8 45.1 42.1 39.7 38.8 41.1 43.7 46.4 49 52.4 55.9 59.5 62.9 65.2 69.2 73.7 79.6 85.9 88.6 92.5 97.8 102.9 107.8 113.9 125.2 133.4 147.8 162.6 180.2 183.4 181.7 179.9 177.8 175.5 175 173.5 170.9 168.3 165.8 165.3 165.2 164.4 162.2 159.7 157.6 156 154.4 152.9 151.4 150.2 149.6 148.3 146.5
22 21.8 21.6 22.1 22.6 22.6 21.5 0.9 0.5 -0.5 -0.5 -0.5 -0.5 -0.5 12.1 13.6 9.9 14.5 18.1 21.2 27.2 36.5 41.4 44.7 47.7 51.3 55.3 57.7 57.2 56 51.9 48.4 44.9 41.4 38.7 38 39.9 42.4 44.9 47.4 50 53.2 56.3 59.2 62.4 66.3 71.8 77.4 81.3 84.6 87.9 92.5 97.2 102.4 109.3 118.9 130.2 140.9 154.7 171.2 186.8 185 183.1 181.3 179.3 178.2 176.1 173.7 171 168.1 167.1 166.8 166.1 163.7 161.4 159.1 158 157 155.7 154.3 153.1 152.8 151.7 150.3
19.5 19.3 19.6 20.6 21.4 21.6 -0.5 -0.5 -0.5 -0.5 -0.5 -0.5 -0.5 -0.5 -0.5 -0.5 10.4 14.2 16.5 19.2 27.3 36 39.1 40.3 42.3 44.8 47.6 49.8 50.8 49.5 48.1 45.8 42.9 39.5 36.4 37.8 39.8 41.3 43.8 46.8 49.1 51.6 54.7 57.2 60.4 64.1 68.3 72.3 76.2 80.2 83.2 88.8 94.3 100.6 108.8 117 125 135 146 161.4 181.1 187.9 186.3 184.5 182.9 181 178.6 176.3 173.9 172.2 170.9 169.6 167.7 165.2 163.2 162 161.1 159.8 158.5 157.2 155.8 156 156 154.9
18.4 17.4 18.3 19.2 19.9 13.6 -0.5 -0.5 -0.5 -0.5 -0.5 -0.5 -0.5 -0.5 -0.5 -0.5 -0.5 13.6 15.1 18.2 25.7 33.9 36 36.3 37.4 38.8 40.4 42.9 45.4 44.6 44.4 43.4 40.4 37.3 35.2 37.6 40 41.6 43.9 45.6 48 50.4 53.3 56.4 60 63.6 66.1 69.7 73.3 76.9 80.9 86 93.1 99 105.7 112.9 118.3 127.4 137.8 155.7 174.5 190.2 188.9 187.4 185.6 183.5 181.1 178.7 176.9 175.9 174.6 172.8 170.3 168.6 167.2 165.6 163.9 162.6 161.3 159.9 159.4 159.5 159.8 159.2
0.9 2.4 13.9 14.4 13.3 -0.5 -0.5 -0.5 -0.5 -0.5 -0.5 -0.5 -0.5 -0.5 -0.5 -0.5 -0.5 -0.5 14 18.2 23.9 30.5 33.3 33.4 33.5 33.9 35.1 37.3 39.4 41 41.5 40.5 37.9 34.8 34.1 36.7 38.8 41.2 42.8 43.6 46.3 49.4 52.7 56.1 59.7 63.3 65.4 68.2 71.8 74.3 78.5 84.2 90.7 96.9 101.9 106.4 112.6 122.2 133 149.7 169.1 190.3 191.5 189.9 188.2 185.9 183.6 181.4 180.4 179.5 177.6 175.6 173.7 172.4 171 168.8 166.8 165.4 164 162.4 161.9 162.3 162.8 162.2
-0.5 0.1 0.2 0.2 0.3 -0.5 -0.5 -0.5 -0.5 -0.5 -0.5 -0.5 -0.5 -0.5 -0.5 -0.5 -0.5 -0.5 1.8 17.1 22.5 28.2 29.2 29.3 29.4 29.8 31.1 33.2 35.3 37 37.9 37.5 35.4 33.4 35 37.4 39.2 40.1 40.9 42 45.5 49.6 52.2 55.9 59.4 63 65.2 67.2 69.8 72.9 77.7 83.2 88.1 92.7 97 102.7 111.7 120.9 131.6 143.2 165.3 185 193.9 192.4 190.6 188.7 186.3 184.9 184 182.5 180.5 178.8 177.4 176 174.5 171.6 169.6 168.2 165.9 164.6 163.5 164.5 164.7 163.8
-0.5 -0.3 -0.4 -0.5 -0.5 -0.5 -0.5 -0.5 -0.5 -0.5 -0.5 -0.5 -0.5 -0.5 -0.5 -0.5 -0.5 -0.5 -0.5 14.6 22.3 26 25.7 25.5 25.6 26.3 27.3 29 31.3 32.7 33.6 34 31.8 32.9 36.3 38.7 40.9 40.8 40 41.3 43.3 48.6 51.7 55.8 59.2 62 63.8 65.6 68.9 72.2 76.4 81.1 85.9 90.8 97.2 102.9 110.9 120.2 131.4 142.5 164.1 179.9 195.4 194.8 193 191.3 189.4 188.4 187.5 185.6 183.9 182.4 181 179.6 177.6 174.6 172.2 169.6 166.6 165.8 164.4 164.6 165.5 165.2
-0.5 -0.5 -0.5 -0.5 -0.5 -0.5 -0.5 -0.5 -0.5 -0.5 -0.5 -0.5 -0.5 -0.5 -0.5 -0.5 -0.5 -0.5 -0.5 17.3 20.6 23 22.7 23.3 23.5 24.1 24.9 25.7 27.4 28.4 29.3 30 29.1 33.2 36.1 38.2 39.1 37.6 38.7 44.7 44.6 46.6 51.7 54.9 57.6 60.4 62.6 64.7 67.4 70.7 74.2 79 84.1 90.8 96 102.6 112.5 121.1 130.7 139.2 152.3 173.9 189.2 196.5 195.4 193.8 192.5 191.6 190.3 188.7 187.1 185.4 183.9 182.4 179.3 176.1 172.4 166.8 157.7 149.6 143.4 143.9 145.5 150.9
-0.5 -0.5 -0.5 -0.5 -0.5 -0.5 -0.5 -0.5 -0.5 -0.5 -0.5 -0.5 -0.5 -0.5 -0.5 -0.5 -0.5 -0.5 -0.5 16.6 18.4 20.1 21.3 21.2 21.1 21.8 22.4 23.8 25.2 25.6 27.2 28.5 29.6 30.7 33.7 35.2 35.3 35.9 41.1 45.7 46.6 48.8 51.4 54 56.4 58.8 61.3 63.8 66.8 69.2 72.5 77.3 83.2 88.4 94.8 102 109.5 117 124.9 131.6 141.3 161.8 176.7 191.6 197.4 196.7 195.3 194.4 192.5 190.7 189.2 187.6 185.9 182.1 177.5 168.3 159.6 148.3 137 129 125.5 123.8 124.5 128.3
-0.5 -0.5 -0.5 -0.5 -0.5 -0.5 -0.5 -0.5 -0.5 -0.5 -0.5 -0.5 -0.5 -0.5 -0.5 -0.5 -0.5 4.9 10.1 11.5 16.3 19 19.2 19.1 19 22.9 28.3 31.8 34.9 36 36.2 36.8 34.1 30.7 30.6 32.2 33.2 37.7 44.6 47.6 48.5 49.6 50.9 53 55.5 57.8 60.1 62.9 65.9 69.4 72.7 78.4 84.4 89.7 93.8 100 104.4 108.6 116.1 126.4 137.2 147 162.7 177.9 195.8 199.1 198 196.6 194.8 192.9 191.2 188.9 181.3 167.5 158.5 149 140.8 128.1 119.1 113.3 109.4 109.3 108.8 110.3
-0.5 -0.5 -0.5 -0.5 -0.5 -0.5 -0.5 -0.5 -0.5 -0.5 -0.5 -0.5 -0.5 -0.5 -0.5 -0.5 6.6 17.3 26.1 18.8 16.1 16.9 17.2 18.7 24.8 30.2 37.1 44 46.2 44.4 42.1 39.4 36.2 32.3 31.2 31.7 35.7 41.6 48.3 49.3 48.6 50.8 51.1 52.5 54.6 56.9 59.1 62.3 67 70.7 75.5 83.2 90 94.3 94.8 94.8 98.8 103.3 110.2 119.8 129.7 138.9 149.9 167.2 184 200.9 200.2 198.8 197 195.2 192.3 179.8 164.5 152 137.3 127 120.9 116.6 107.8 102.7 98.6 97.7 98 96.4
-0.5 -0.5 -0.5 -0.5 -0.5 -0.5 -0.5 -0.5 -0.5 -0.5 -0.5 -0.5 -0.5 -0.5 -0.5 -0.5 6.6 42.2 39.2 31 23.6 19.5 19.3 24.7 31.8 39.2 48.7 53 50.9 48.1 41.5 37.7 34.7 32.2 32.7 35.5 41 48.4 50.3 50.5 50.7 52 53.3 52.7 54.1 56.1 59.2 64.2 68.1 71.7 79.5 86 92.3 94.8 92.5 91.2 93.9 99.9 106.9 114.3 122.8 131.5 141.1 154.5 172.6 192 201.7 200.4 198.2 196.4 186.5 167.6 144.9 129.6 122.7 117.5 111.6 111.9 106.7 95.5 90.1 88.1 85.4 84.3
-0.5 -0.5 -0.5 -0.5 -0.5 -0.5 -0.5 -0.5 -0.5 -0.5 -0.5 -0.5 -0.5 -0.5 -0.5 -0.5 -0.5 37.4 47.2 40.8 33.8 28.1 24.5 30.9 39.1 49.4 56.7 56.9 55.4 50.2 40.8 36.1 33.7 33.7 35.8 42.1 50.5 54.1 52.2 52.2 53.5 54.1 55.7 54.3 53.8 54.2 59 64.3 69 73.5 78.4 84.1 88.1 89.2 87.6 85.6 90.5 97.1 102.4 108.9 116.2 124.8 134.7 144.1 161.8 179.6 198.4 201.8 199.6 191.9 174.9 153.3 133.9 125.2 117.4 111.5 104.8 103.8 102.8 92.7 85.8 75.2 73.4 72.1
-0.5 -0.5 -0.5 -0.5 -0.5 -0.5 -0.5 -0.5 -0.5 -0.5 -0.5 -0.5 -0.5 -0.5 -0.5 -0.5 -0.5 2.7 49.4 43.3 36.7 31.7 29.8 38.5 48.2 57 58.2 58.1 57.8 50.6 41.1 36.1 35.9 36.5 40.8 49.2 56.6 57.5 56 56.9 57.8 58.7 58.7 57.8 53.8 52.9 56.4 61.4 66.4 70.9 75.5 79 80.8 81.1 81.5 81.8 86.6 92.5 98.5 105.6 112.7 119.4 128.5 137 149.2 170 189.7 202.9 200.6 187.8 165 141.6 130.6 121.6 113.5 106.6 96.9 92.1 93 90.1 83 76.6 75.5 73.6
-0.5 -0.5 -0.5 -0.5 -0.5 -0.5 -0.5 -0.5 -0.5 -0.5 -0.5 -0.5 -0.5 -0.5 -0.5 -0.5 -0.5 -0.5 37.5 43.4 37.1 33.6 34.4 44.1 53.2 56.1 57.5 58.7 56.8 51.2 42.3 37.1 38 39.2 43.7 52.4 58.2 61.4 62.8 64.5 64.3 64.5 62.7 60.7 56 52.8 54 58.1 62.7 67.2 70.3 72.8 73.5 74.6 77 79.5 84.8 90.2 97.4 103.6 108.1 114.3 122.6 131.4 141.7 160.6 182.2 202.5 201.4 184.2 156 138 130 120.4 111 102 94 86.5 85.9 83 80.1 83.5 84.5 81.2
-0.5 -0.5 -0.5 -0.5 -0.5 -0.5 -0.5 -0.5 -0.5 -0.5 -0.5 -0.5 -0.5 -0.5 -0.5 -0.5 -0.5 -0.5 0.5 40.5 37.1 34.6 36.2 45.8 52.3 55.6 56.6 57.7 54.7 49.7 43.5 39.1 39 42.4 46.9 53.3 59.5 64.1 67.8 70.1 73.4 73.4 71.4 64.2 59.3 54.4 51.5 54.9 59.7 61.3 64 65.8 68.1 70.5 72.6 76.7 82.2 87.9 94.8 98.9 103.6 111.3 119 127.8 138 151.3 175.7 196 202.4 182.4 153 138.1 130 121 111.5 104.7 98.6 91.6 87.8 87.2 86.6 90.1 98.1 92.4
-0.5 -0.5 -0.5 -0.5 -0.5 -0.5 -0.5 -0.5 -0.5 -0.5 -0.5 -0.5 -0.5 -0.5 -0.5 -0.5 -0.5 -0.5 -0.5 1.7 35.7 34 37.4 43.6 50 55.3 56.2 56 52.8 48 44.7 40.4 40.4 43.3 47.8 53.4 60.6 66.1 70.2 74.1 77.3 79.7 78.2 69.6 61.4 53.3 50 52.7 54.7 56.3 57.9 61.5 64 66.4 69.3 73.8 79.2 84.6 90.5 94.9 100.5 108.2 115.8 123.8 134.2 146.3 170.3 188.3 203.3 185.3 156.9 141.1 130.9 123.6 115.3 110.5 104.3 100 96.7 93.2 91.2 94.3 104.7 100.4
-0.5 -0.5 -0.5 -0.5 -0.5 -0.5 -0.5 -0.5 -0.5 -0.5 -0.5 -0.5 -0.5 -0.5 -0.5 -0.5 -0.5 -0.5 -0.5 -0.5 2.7 31.9 35.8 40 46.9 54.1 54.8 54.4 50.1 45.9 42.8 40.5 41.1 43.9 48.5 54.6 60.5 66.2 70.3 74.5 77 78.8 79.8 70.4 60.3 52.5 48.2 49 50.7 52 55.1 57.4 60.6 64.2 68.5 73.1 77.8 82.3 87 92.2 99 106.4 112.5 119.5 130.9 142.4 162.8 183.4 202.2 189 165.9 141.4 132.5 125.6 120.7 117 114.3 109.6 102.4 95.8 89.2 86.7 95.2 95.6
-0.5 -0.5 -0.5 -0.5 -0.5 -0.5 -0.5 -0.5 -0.5 -0.5 -0.5 -0.5 -0.5 -0.5 -0.5 -0.5 -0.5 -0.5 -0.5 -0.5 -0.5 2.2 32.2 36.6 44.5 51.3 53.6 51.6 47.4 43.1 40.3 39.2 40.6 43.8 50.7 58.7 63.8 67.1 70.5 74.9 77 77.4 77.3 67.8 58.3 49.4 46.6 47.1 47.7 52.2 56.8 61.1 63.5 65.3 68.2 72 75.6 79.9 84.4 89.8 96.4 103.2 109.7 117.4 128.8 139.4 154.8 174.6 190.5 196.1 178 144.3 135.2 132 130.5 128.9 126.8 116.5 105.3 94.6 87 82 82 81.6
-0.5 -0.5 -0.5 -0.5 -0.5 -0.5 -0.5 -0.5 -0.5 -0.5 -0.5 -0.5 -0.5 -0.5 -0.5 -0.5 -0.5 -0.5 -0.5 -0.5 -0.5 -0.5 0.9 16.7 32.5 51.9 52.8 48.5 42.5 38.7 37.8 38.2 40.8 45.8 54 60.7 64.9 68.1 71.4 74.6 75.6 75.4 72.2 62.8 54.3 47 45.1 45.8 48.5 53.6 59.1 65.6 68.7 68.8 69.1 70.8 74.3 77.8 82.2 87.4 93.3 100.1 106.5 114.7 120.1 130.3 139.3 149.6 174.7 191.2 182.3 164.7 143.5 140.1 140.1 134.7 127.5 115 104.2 96 87.6 80.9 76.9 75.8
-0.5 -0.5 -0.5 -0.5 -0.5 -0.5 -0.5 -0.5 -0.5 -0.5 -0.5 -0.5 -0.5 -0.5 -0.5 -0.5 -0.5 -0.5 -0.5 -0.5 -0.5 -0.5 -0.5 -0.5 0.3 0.5 4.1 28.7 33.7 34.2 37.7 39.5 42.6 49.5 56.6 61.8 65.4 68.4 71.3 72.1 72.6 71.8 68.4 58.8 51.2 44 43 44.3 48.2 54 59.6 65.4 69.2 69 68.1 68.8 71.4 76.8 80.8 84.8 90.4 97.7 103 107.5 110.5 114.8 125.1 137 155.7 175.2 186.7 178 168 164.7 145.5 134.6 121.8 111.7 103.3 93.9 84.8 77.2 72.4 70.9
-0.5 -0.5 -0.5 -0.5 -0.5 -0.5 -0.5 -0.5 -0.5 -0.5 -0.5 -0.5 -0.5 -0.5 -0.5 -0.5 -0.5 -0.5 -0.5 -0.5 -0.5 -0.5 -0.5 -0.5 -0.5 -0.5 -0.5 -0.5 2.3 32.2 41.9 44.1 48.2 54.6 58.2 60.9 64.4 67.6 68.7 66.6 66.5 64.5 61.6 54.9 47.4 41.7 41.2 42.9 47.9 52.6 57.6 61.6 65.1 66.4 65.6 66.5 70.6 76.2 80 83.9 90.7 93.2 93.8 97.9 102.6 108.8 116 124.4 141 153.4 174.3 181.8 178.4 154.6 139.3 130.8 118.2 111.1 102.3 91.3 82.2 74.2 67.9 66.3
-0.5 -0.5 -0.5 -0.5 -0.5 -0.5 -0.5 -0.5 -0.5 -0.5 -0.5 -0.5 -0.5 -0.5 -0.5 -0.5 -0.5 -0.5 -0.5 -0.5 -0.5 -0.5 -0.5 -0.5 -0.5 -0.5 -0.5 -0.5 -0.5 -0.5 -0.5 45.5 49.7 51.6 53.5 56.9 61.8 65 65 61.8 58.9 56.7 54.1 49.5 44.8 40.2 39.9 42.1 46.3 50.8 53.7 57.1 59.8 62.1 61.5 64.6 70.1 75.5 79.4 83.7 85.7 83.7 87.3 92.1 97 104.4 112 116.9 130.8 140.7 146.5 146.6 147.2 144.6 137 124.1 116.4 109.4 97.7 89 80.6 72 65.8 63
