UK/data/hy/hy42_OST50GRID_20230518/HY42.asc
ncols 200
nrows 200
xllcorner 340000
yllcorner 1020000
cellsize 50
[rows 152 to 189 of 200, columns 0 to 83 of 200]
34.1 33.8 31.5 28.8 27.1 25.2 24.2 22.4 20.5 18.5 17.8 16.4 13.5 11.4 9.4 7.6 5.8 4.2 1.4 -0.9 -0.9 -0.9 -0.9 -0.9 -0.9 -0.9 -0.9 -0.9 -0.9 -0.9 -0.9 -0.9 -0.9 -0.9 -0.9 -0.9 -0.9 -0.9 -0.9 -0.9 -0.9 -0.9 -0.9 -0.9 -0.9 -0.9 -0.9 -0.9 -0.9 -0.9 -0.9 -0.9 -0.9 -0.9 -0.9 -0.9 -0.9 -0.9 -0.9 -0.9 -0.9 -0.9 -0.9 -0.9 -0.9 -0.9 3.8 7.5 12.4 18.6 25.7 32.6 39 46 52.1 59.6 65.6 71.8 79.2 89.3 93.4 98.3 100.4 97.8
39.8 36.4 35.2 32 28.9 27 25.2 23.7 21.9 21.1 20.6 17.7 15.1 15 11.1 9.5 7.3 5.2 2.7 -0.9 -0.9 -0.9 -0.9 -0.9 -0.9 -0.9 -0.9 -0.9 -0.9 -0.9 -0.9 -0.9 -0.9 -0.9 -0.9 -0.9 -0.9 -0.9 -0.9 -0.9 -0.9 -0.9 -0.9 -0.9 -0.9 -0.9 -0.9 -0.9 -0.9 -0.9 -0.9 -0.9 -0.9 -0.9 -0.9 -0.9 -0.9 -0.9 -0.9 -0.9 -0.9 -0.9 -0.9 -0.9 -0.9 -0.9 4.9 7.9 11.5 18.3 27.4 34.6 41.1 49.7 55.2 63 70.6 75.9 81 87.3 94.3 98.4 100.2 98.2
41.2 42.5 38.5 35 32.8 30 27.2 26.3 25.1 25.5 21.7 20.7 19.3 16.5 13.2 10.8 8.8 6.8 5.3 1.8 -0.9 -0.9 -0.9 -0.9 -0.9 -0.9 -0.9 -0.9 -0.9 -0.9 -0.9 -0.9 -0.9 -0.9 -0.9 -0.9 -0.9 -0.9 -0.9 -0.9 -0.9 -0.9 -0.9 -0.9 -0.9 -0.9 -0.9 -0.9 -0.9 -0.9 -0.9 -0.9 -0.9 -0.9 -0.9 -0.9 -0.9 -0.9 -0.9 -0.9 -0.9 -0.9 -0.9 -0.9 -0.9 1.1 4.9 7.4 11.1 16.2 26.8 35.4 42.3 50 56 63.6 71.7 75.7 78.8 84.1 90.1 95.6 97.5 96.2
44.4 43.7 40.7 38.7 34.7 32.4 31 30 27.3 25.3 23.6 21.7 20.1 18.8 15.1 12.6 10.6 8.8 7.4 6.3 2.1 -0.9 -0.9 -0.9 -0.9 -0.9 -0.9 -0.9 -0.9 -0.9 -0.9 -0.9 -0.9 -0.9 -0.9 -0.9 -0.9 -0.9 -0.9 -0.9 -0.9 -0.9 -0.9 -0.9 -0.9 -0.9 -0.9 -0.9 -0.9 -0.9 -0.9 -0.9 -0.9 -0.9 -0.9 -0.9 -0.9 -0.9 -0.9 -0.9 -0.9 -0.9 -0.9 -0.9 -0.9 1.8 5.3 7.6 9.3 13.3 23.4 33.5 40.5 47.4 53.2 57.9 64.8 70.5 73.8 79.2 86.3 89 92.4 91.8
43.9 44.1 43.1 40.5 37.3 35 34.9 33.3 31.2 27.5 24.4 22.9 22.4 21.7 20.4 18.9 16.4 12.6 9.7 7.8 6.7 4.8 0.3 -0.9 -0.9 -0.9 -0.9 -0.9 -0.9 -0.9 -0.9 -0.9 -0.9 -0.9 -0.9 -0.9 -0.9 -0.9 -0.9 -0.9 -0.9 -0.9 -0.9 -0.9 -0.9 -0.9 -0.9 -0.9 -0.9 -0.9 -0.9 -0.9 -0.9 -0.9 -0.9 -0.9 -0.9 -0.9 -0.9 -0.9 -0.9 -0.9 -0.9 -0.9 -0.9 1.9 5.5 8.5 9.6 12.1 18.4 28.1 35.4 44 49.6 50.5 55.9 62 65.1 71.4 76.9 84.6 85.7 84.1
44.8 45.7 44.4 41.9 38.6 39.5 36.2 34.7 34.5 33.7 31.9 30.5 28.9 26.1 24 21.8 18.5 15 11.1 6.7 3.8 3 0.6 -0.9 -0.9 -0.9 -0.9 -0.9 -0.9 -0.9 -0.9 -0.9 -0.9 -0.9 -1 -0.9 -0.9 -0.9 -0.9 -0.9 -0.9 -0.9 -0.9 -0.9 -0.9 -0.9 -0.9 -0.9 -0.9 -0.9 -0.9 -0.9 -0.9 -0.9 -0.9 -0.9 -0.9 -0.9 -0.9 -0.9 -0.9 -0.9 -0.9 -0.9 -0.9 1 3.8 9.1 9.8 11 16 24.8 29.8 33 40.3 46.4 49 52.2 56 60.3 61.7 66.6 72.8 71.8
45.6 46 44.6 43.3 41.8 39.5 38.9 40.1 39.2 37.8 35.3 32.8 30.9 26.9 25.4 22.3 19.1 17.1 13.2 10.9 7.4 6.3 4.4 -0.9 -0.9 -0.9 -0.9 -0.9 -0.9 -0.9 -0.9 -0.9 -0.9 -0.9 -0.3 -0.3 -0.9 -0.9 -0.9 -0.9 -0.9 -0.9 -0.9 -0.9 -0.9 -0.9 -0.9 -0.9 -0.9 -0.9 -0.9 -0.9 -0.9 -0.9 -0.9 -0.9 -0.9 -0.9 -0.9 -0.9 -0.9 -0.9 -0.9 -0.9 -0.9 0.7 2.9 8.2 9.3 11 14.3 20.5 24.5 25 25.4 31.8 37.8 40.4 45.3 47.6 48.8 49.7 54 56
46.1 45.2 45.7 43.9 42.9 42.6 43.8 43.6 41.9 40.4 38 34.6 30.9 27.5 25.2 23.4 19.4 16.6 13.4 10.4 8.2 5.4 3.6 2.5 -0.9 -0.9 -0.9 -0.9 -0.9 -0.9 -0.9 -0.9 -0.9 1.3 1.3 0.9 0.4 0.2 0.3 -0.9 -0.9 -0.9 -0.9 -0.9 -0.9 -0.9 -0.9 -0.9 -0.9 -0.9 -0.9 -0.9 -0.9 -0.9 -0.9 -0.9 -0.9 -0.9 -0.9 -0.9 -0.9 -0.9 -0.9 -0.9 -0.9 1.3 3.6 5.9 7.7 8.8 11.1 15 17.4 19.2 20.3 21.9 22.7 26.6 31.3 34.2 37.6 35.1 37.4 38.3
46.4 46.8 47.9 46.7 46.1 46.3 45.9 46.5 44.9 42.5 39.9 37.2 34.6 31.6 30 24.7 21.6 18.6 14.9 10.6 7.9 5.2 3.9 3.6 5.7 3.2 3.6 5.4 1.6 1.2 1.5 5.1 4.6 3.4 5.9 4.7 3.5 3 1.4 -0.9 -0.9 -0.9 -0.9 -0.9 -0.9 -0.9 -0.9 -0.9 -0.9 -0.9 -0.9 -0.9 -0.9 -0.9 -0.9 -0.9 -0.9 -0.9 -0.9 -0.9 -0.9 -0.9 -0.9 -0.9 0.9 3.1 2.5 4.3 7.1 7.1 7.9 9.3 12.1 15 16.1 17.6 19.8 21.9 23.2 25 25.7 27.8 28.9 29.8
49.7 52.4 52.1 50.8 49.8 50.1 51.1 49.2 48 45.4 41.6 38 35.2 35.1 31.1 25.4 23.2 17.8 16.1 10.6 7.7 5 4.9 4.6 4.2 3.5 5 6.6 7.3 7.5 7.1 7.4 6.8 6.7 6.5 7.2 5.5 3.2 4.1 4 0.5 -0.9 -0.9 -0.9 -0.9 -0.9 -0.9 -0.9 -0.9 -0.9 -0.9 -0.9 -0.9 -0.9 -0.9 -0.9 -0.9 -0.9 -0.9 -0.9 -0.9 -0.9 -0.9 -0.9 -0.9 -0.9 3.1 3.7 5.1 7.7 5.9 4 5.6 8.7 11.6 13.5 15.4 17.7 19.4 20.6 20.5 21.5 22.6 23
53.8 55.9 54.4 53 53 55.1 54.1 51.8 50.7 49.8 47.1 44.3 43.4 40.1 34.8 30.3 26.9 20.5 15 11.9 7.6 5.7 5.9 6 5.5 4.6 5.9 7.7 9.2 9.8 9.6 9.8 9.2 8.5 8.7 9.5 8.1 5.9 3.2 3.3 3.2 0.2 -0.9 -0.9 -0.9 -0.9 -0.9 -0.9 -0.9 -0.9 -0.9 -0.9 -0.9 -0.9 -0.9 -0.9 -0.9 -0.9 -0.9 -0.9 -0.9 -0.9 -0.9 -0.9 -0.9 -0.9 -0.9 -0.9 1 -0.9 1.4 1.7 -0.9 -0.9 -0.9 -0.9 -0.9 13.5 15.5 15.8 16.2 16.2 16.5 17.9
58.1 58.5 57.5 55.7 56.3 56.7 55.9 56.4 57.3 57.2 55.1 50.4 46.3 43.1 38.5 33.4 28.2 22.6 18 12.2 8.6 7.6 7.2 7.5 8.2 7.9 8.3 9.5 11.1 12 12.1 12.2 11.6 10.9 10.2 10.6 11 8.6 5.9 3.7 3.3 2.1 -0.9 -0.9 -0.9 -0.9 -0.9 -0.9 -0.9 -0.9 -0.9 -0.9 -0.9 -0.9 -0.9 -0.9 -0.9 -0.9 -0.9 -0.9 -0.9 -0.9 -0.9 -0.9 -0.9 -0.9 -0.9 -0.9 -0.9 -0.9 -0.9 -0.9 -0.9 -0.9 -0.9 -0.9 -0.9 -0.9 -0.9 11.4 12.2 12.1 13.5 14.2
59.8 60.3 61 60.1 59.4 59.7 61.1 62.7 62.7 62.8 60.9 56.8 49.9 45.3 42.6 39.8 34.6 25.9 20.8 15 10.7 10 9.2 8.9 9.8 10 9.9 10.8 13.3 15 14.7 14 14 13.3 13.1 12.4 12.6 11.4 8.7 7.8 6.7 5.8 2 -0.9 -0.9 -0.9 -0.9 -0.9 -0.9 -0.9 -0.9 -0.9 -0.9 -0.9 -0.9 -0.9 -0.9 -0.9 -0.9 -0.9 -0.9 -0.9 -0.9 -0.9 -0.9 -0.9 -0.9 -0.9 -0.9 -0.9 -0.9 -0.9 -0.9 -0.9 -0.9 -0.9 -0.9 -0.9 -0.9 -0.9 2 9 11 12
61.7 62.6 63.6 63.7 65.3 65.3 66.7 67 67.3 67 66.6 61.7 56.2 50.4 43.7 40.6 37.6 29.4 22.8 16.8 13.9 11.5 10.9 10.7 12.1 13.6 13.1 13.4 15 16.8 15.9 15.2 14.9 15.5 15.3 15.3 15.4 14.1 12 10.6 9.6 7.9 4.9 -0.9 -0.9 -0.9 -0.9 -0.9 -0.9 -0.9 -0.9 -0.9 -0.9 -0.9 -0.9 -0.9 -0.9 -0.9 -0.9 -0.9 -0.9 -0.9 -0.9 -0.9 -0.9 -0.9 -0.9 -0.9 -0.9 -0.9 -0.9 -0.9 -0.9 -0.9 -0.9 -0.9 -0.9 -0.9 -0.9 -0.9 -0.9 2 8.4 10
66.4 66.3 68.9 71.2 71.2 70.7 71.7 71.6 71.8 70.9 68.9 64.7 58.3 51.8 45.9 41.6 38.8 31.9 26.7 21.2 16 15.4 14.8 14.5 15.1 16.4 17.1 17.1 16.2 17.5 17.2 16.5 16.2 15.8 16 16.3 18.1 19.7 16.5 13.2 11.5 9.1 6.3 5.6 3.7 -0.9 -0.9 -0.9 -0.9 -0.9 -0.9 -0.9 -0.9 -0.9 -0.9 -0.9 -0.9 -0.9 -0.9 -0.9 -0.9 -0.9 -0.9 -0.9 -0.9 -0.9 -0.9 -0.9 -0.9 -0.9 -0.9 -0.9 -0.9 -0.9 -0.9 -0.9 -0.9 -0.9 -0.9 -0.9 -0.9 0.7 5.3 8.5
68.8 70.7 73.6 76.9 76.9 76.9 76.5 76.4 75.8 74.5 71.5 65.7 59.6 52.3 47 42.5 39.6 34.6 28.8 24.5 19.1 19.1 18.5 18.2 17 19.2 20.6 20.1 19.7 20.3 19.4 18.7 17.7 17.4 17.6 18.9 20.1 21.5 20 17.3 13.1 10.2 8.5 7.5 5.4 4.8 -0.9 -0.9 -0.9 -0.9 -0.9 -0.9 -0.9 -0.9 -0.9 -0.9 -0.9 -0.9 -0.9 -0.9 -0.9 -0.9 -0.9 -0.9 -0.9 -0.9 -0.9 -0.9 -0.9 -0.9 -0.9 -0.9 -0.9 -0.9 -0.9 -0.9 -0.9 -0.9 -0.9 -0.9 -0.9 -0.2 1.1 6.7
71.9 74.1 78.8 81.9 81.5 81.3 80.9 79.8 78 76.3 72.2 65.6 59.1 52.3 46.2 42.4 39.4 35.6 30.5 25.6 24.6 23.5 21.7 22.4 20.7 21.9 23.2 23.9 23.2 24.4 23.8 22.8 21.3 20.7 21.2 22 22.3 22.4 22.1 20.5 17.5 12.7 9.1 7.7 7.2 7 1.3 -0.9 -0.9 -0.9 -0.9 -0.9 -0.9 -0.9 -0.9 -0.9 -0.9 -0.9 -0.9 -0.9 -0.9 -0.9 -0.9 -0.9 -0.9 -0.9 -0.9 -0.9 -0.9 -0.9 -0.9 -0.9 -0.9 -0.9 -0.9 -0.9 -0.9 -0.9 -0.9 -0.9 -0.9 -0.9 0.5 3.3
75.7 78.3 83 86.6 84.8 83.6 83.4 82.6 80.4 76.8 71.5 63.9 57.8 51.8 45.6 42 39.5 37.2 33.8 29.3 27.7 27.5 26.8 25.2 24.8 25.5 25.6 27.1 28.8 30.1 30.3 29.3 28 27 26.4 26.6 26.5 25.5 22.8 21.6 20.3 16.4 11 8.7 8 8.7 6.4 -0.9 -0.9 -0.9 -0.9 -0.9 -0.9 -0.9 -0.9 -0.9 -0.9 -0.9 -0.9 -0.9 -0.9 -0.9 -0.9 -0.9 -0.9 -0.9 -0.9 -0.9 -0.9 -0.9 -0.9 -0.9 -0.9 -0.9 -0.9 -0.9 -0.9 -0.9 -0.9 -0.9 -0.9 -0.9 0.2 1.6
77.7 80.4 85.5 88.2 86.6 86.2 84.5 83.1 79.9 74.3 68.4 61.3 56.2 50.7 45.8 42.5 40.4 38.1 35.7 34.3 31.2 30.8 30.4 30.2 29.2 31 30.5 32.8 33.9 35.3 36.2 37.1 35.6 32.7 33 31.8 32 29.1 26.5 22.2 21.2 20.4 13.9 9.8 9.1 9.6 8.6 0.7 -0.9 -0.9 -0.9 -0.9 -0.9 -0.9 -0.9 -0.9 -0.9 -0.9 -0.9 -0.9 -0.9 -0.9 -0.9 -0.9 -0.9 -0.9 -0.9 -0.9 -0.9 -0.9 -0.9 -0.9 -0.9 -0.9 -0.9 -0.9 -0.9 -0.9 -0.9 -0.9 -0.9 -0.9 -0.9 0.4
79.8 81.9 86.4 87.7 88.1 87.6 86.6 83.8 79.8 74.3 67 61.3 55.5 49.6 46 43.8 42.2 39.9 36.7 37.1 35.9 35.6 35.9 36 38.5 36.3 36.7 36.8 38.3 41.9 43 43.1 42.5 40 39.3 38.5 38.6 37.3 33.7 28.1 22.5 21 18.6 12 9.8 11 10.1 1.1 -0.9 -0.9 -0.9 -0.9 -0.9 -0.9 -0.9 -0.9 -0.9 -0.9 -0.9 -0.9 -0.9 -0.9 -0.9 -0.9 -0.9 -0.9 -0.9 -0.9 -0.9 -0.9 -0.9 -0.9 -0.9 -0.9 -0.9 -0.9 -0.9 -0.9 -0.9 -0.9 -0.9 -0.9 -0.9 -0.4
82.5 84.5 87.4 90.1 90.8 89.9 88.4 84.8 79 72.4 66.4 60.9 54.7 49.9 47.4 45.5 43.3 41.4 40.3 40.3 39.7 39.8 39.5 39.4 41.5 41.6 44.2 44.1 45.8 48.6 50.5 51.7 51.7 48.9 46.8 45.6 45.2 44.8 41.7 34.8 25.3 21.8 18.9 15.9 11.1 11 10 3 -0.9 -0.9 -0.9 -0.9 -0.9 -0.9 -0.9 -0.9 -0.9 -0.9 -0.9 -0.9 -0.9 -0.9 -0.9 -0.9 -0.9 -0.9 -0.9 -0.9 -0.9 -0.9 -0.9 -0.9 -0.9 -0.9 -0.9 -0.9 -0.9 -0.9 -0.9 -0.9 -0.9 -0.9 -0.9 -0.9
84.6 87 90 93 93.3 93.1 90 84.3 77.6 71 65.3 59.4 54.2 50.3 48.8 47.6 45.5 44.5 44.2 43.9 43.8 43.9 45.1 45 47.1 49.2 53.3 54.1 54.4 55.5 59.1 60.7 61.8 58.1 55.3 52.8 50.7 49.5 46.7 42.4 31.9 22.9 19.6 17.7 12.6 11.4 10.4 7.4 -0.9 -0.9 -0.9 -0.9 -0.9 -0.9 -0.9 -0.9 -0.9 -0.9 -0.9 -0.9 -0.9 -0.9 -0.9 -0.9 -0.9 -0.9 -0.9 -0.9 -0.9 -0.9 -0.9 -0.9 -0.9 -0.9 -0.9 -0.9 -0.9 -0.9 -0.9 -0.9 -0.9 -0.9 -0.9 -0.9
87.9 90.9 93.8 96.4 94.3 92.6 88.2 82.2 76 69.6 63.8 59.8 55.7 52.3 50.2 49.4 47.3 45.8 46.9 47.5 48.4 50 51.6 53.4 56.1 59 60.5 64 64.5 64 66.3 68.6 71 68.7 63.3 59.9 57.6 51.8 49.3 44.7 37.1 25.3 21.8 18.8 15.2 12.2 11 8.8 1 -0.9 -0.9 -0.9 -0.9 -0.9 -0.9 -0.9 -0.9 -0.9 -0.9 -0.9 -0.9 -0.9 -0.9 -0.9 -0.9 -0.9 -0.9 -0.9 -0.9 -0.9 -0.9 -0.9 -0.9 -0.9 -0.9 -0.9 -0.9 -0.9 -0.9 -0.9 -0.9 -0.9 -0.9 -0.9
92.3 95.2 97.7 99.3 95.5 89.1 84.3 78.8 74.3 68.8 65.5 60.9 57.6 56.1 54.8 50.2 48.5 47.8 49.1 51 53.8 57.1 58.7 61.6 64.4 69.1 71.3 73 73.2 73.3 74.1 75.2 75.6 73.9 70.6 66.3 61.4 55.9 49.1 44.8 36.2 29.5 22.9 21.2 19.5 13.1 12 9.4 2.2 -0.9 -0.9 -0.9 -0.9 -0.9 -0.9 -0.9 -0.9 -0.9 -0.9 -0.9 -0.9 -0.9 -0.9 -0.9 -0.9 -0.9 -0.9 -0.9 -0.9 -0.9 -0.9 -0.9 -0.9 -0.9 -0.9 -0.9 -0.9 -0.9 -0.9 -0.9 -0.9 -0.9 -0.9 -0.9
95.5 98.8 100.5 98.1 92 86 81.4 77.4 74.1 71.1 68 63.1 60.7 58.3 56 52.5 50.3 50.9 53 57.5 62.8 66.5 69.1 72.6 76 79.1 81.3 82.7 83.1 82 80.4 78.2 77.3 75.4 72.6 68.7 61.6 56.6 50.3 42.8 36.9 31.5 25.1 22.7 21.2 14.2 11.4 9.1 6.7 -0.9 -0.9 -0.9 -0.9 -0.9 -0.9 -0.9 -0.9 -0.9 -0.9 -0.9 -0.9 -0.9 -0.9 -0.9 -0.9 -0.9 -0.9 -0.9 -0.9 -0.9 -0.9 -0.9 -0.9 -0.9 -0.9 -0.9 -0.9 -0.9 -0.9 -0.9 -0.9 -0.9 -0.9 -0.9
98 100.8 99.9 94.1 88.9 84.1 80.2 78 75.5 72.7 69.6 66.3 64.6 62.2 58.3 56.5 57.9 58.4 61.7 66.6 73.1 76.8 79.8 83.1 85.7 88.5 89.4 89.9 90 87.7 85.5 82.3 78.5 76 72.7 68.2 61.6 54.7 49.2 43.5 36.2 31.4 26.7 22.9 19.6 14.3 10.6 8 5.4 -0.9 -0.9 -0.9 -0.9 -0.9 -0.9 -0.9 -0.9 -0.9 -0.9 -0.9 -0.9 -0.9 -0.9 -0.9 -0.9 -0.9 -0.9 -0.9 -0.9 -0.9 -0.9 -0.9 -0.9 -0.9 -0.9 -0.9 -0.9 -0.9 -0.9 -0.9 -0.9 -0.9 -0.9 -0.9
98.3 98.8 95.2 90.7 86.2 83.3 81.1 79.3 77.3 75.1 73 70.3 67 63.8 64.9 65.4 66.8 69.3 74.6 78.9 84.6 87.9 90 92 94.6 96.9 98.1 95.4 92.5 89.9 87.7 84.4 79.7 75.9 72.6 66.8 59.6 54.6 48 42.7 35.4 30.6 26.3 21.5 18.1 13.9 10.7 8 5.4 2 0.4 -0.9 -0.9 -0.9 -0.9 -0.9 -0.9 -0.9 -0.9 -0.9 -0.9 -0.9 -0.9 -0.9 -0.9 -0.9 -0.9 -0.9 -0.9 -0.9 -0.9 -0.9 -0.9 -0.9 -0.9 -0.9 -0.9 -0.9 -0.9 -0.9 -0.9 -0.9 -0.9 -0.9
96.6 94.3 91.5 89 86.3 83.6 82.2 80.7 79.6 77.6 75.7 73.3 72.6 73.3 75.3 73.9 78 83.6 88.4 92.4 95.8 98.5 101 102.3 103.3 103.4 102.3 101.6 96 90.6 88.2 85 79.6 75.6 69.7 63.5 56.7 51.6 45.4 40.5 33 27.4 23.8 19.3 15.4 12.5 10.4 8.1 5.4 3 1.4 -0.9 -0.9 -0.9 -0.9 -0.9 -0.9 -0.9 -0.9 -0.9 -0.9 -0.9 -0.9 -0.9 -0.9 -0.9 -0.9 -0.9 -0.9 -0.9 -0.9 -0.9 -0.9 -0.9 -0.9 -0.9 -0.9 -0.9 -0.9 -0.9 -0.9 -0.9 -0.9 -0.9
93.4 91.2 88.8 86.7 84.5 82.4 82 80.7 81 79.4 79.2 77.5 78.5 79.3 82.8 87.8 93.2 98.5 102.5 105.9 108.7 111 112.5 112 111.3 109.4 104.6 101.5 98.3 91.6 87.4 82.6 76.8 71.6 65.2 58.9 53 47.5 41.8 34.6 29.6 23.9 20.8 17.8 14.5 11.7 9.7 7.7 4.9 2.9 1.8 0.2 -0.9 -0.9 -0.9 -0.9 -0.9 -0.9 -0.9 -0.9 -0.9 -0.9 -0.9 -0.9 -0.9 -0.9 -0.9 -0.9 -0.9 -0.9 -0.9 -0.9 -0.9 -0.9 -0.9 -0.9 -0.9 -0.9 -0.9 -0.9 -0.9 -0.9 -0.9 -0.9
88.6 87 85.3 83 81.4 79.8 79.5 80.5 81.8 81.9 83.7 84.5 87.9 91.8 94.7 100.6 108.9 114.4 118.5 120.8 122.2 121 119.3 118.1 113.8 109.1 104.3 101.2 96.3 89.6 83.8 77.4 71.7 65 59.2 53.3 47.8 42.2 36.1 30.6 25.6 20.5 17.4 14.3 11.9 11 9.1 7.2 4.2 1.5 0.6 -0.5 -0.9 -0.9 -0.9 -0.9 -0.9 -0.9 -0.9 -0.9 -0.9 -0.9 -0.9 -0.9 -0.9 -0.9 -0.9 -0.9 -0.9 -0.9 -0.9 -0.9 -0.9 -0.9 -0.9 -0.9 -0.9 -0.9 -0.9 -0.9 -0.9 -0.9 -0.9 -0.9
82.3 81.4 78.4 77.9 78 77.7 77.7 79.7 82.1 84.7 87.6 92.7 97.7 102.9 110 116.2 125.1 129.2 132.5 131.6 130.3 125.6 120.5 115.5 111 105.8 102 97.2 91.6 84.7 77.7 71.9 65.2 58.9 49.4 44.9 39 33.9 29.4 25.4 20.7 16.9 13.3 11.2 10.7 10.1 8.5 5.6 1.1 0.2 -0.9 -0.9 -0.9 -0.9 -0.9 -0.9 -0.9 -0.9 -0.9 -0.9 -0.9 -0.9 -0.9 -0.9 -0.9 -0.9 -0.9 -0.9 -0.9 -0.9 -0.9 -0.9 -0.9 -0.9 -0.9 -0.9 -0.9 -0.9 -0.9 -0.9 -0.9 -0.9 -0.9 -0.9
76.1 75 72 71 71.8 73.4 75.7 79.4 84.1 86.8 94.3 99.5 106.3 116.7 123.3 129.5 136.4 139.5 137.9 133.8 129.2 123.5 116.9 111.9 107.4 103.1 98.3 92.2 86.5 80 72.8 64.5 57.2 50.1 42.3 37.6 32.8 28.5 24.9 21.2 17.3 13.6 11.2 9.7 8.9 8 7.3 2.7 -0.9 -0.9 -0.9 -0.9 -0.9 -0.9 -0.9 -0.9 -0.9 -0.9 -0.9 -0.9 -0.9 -0.9 -0.9 -0.9 -0.9 -0.9 -0.9 -0.9 -0.9 -0.9 -0.9 -0.9 -0.9 -0.9 -0.9 -0.9 -0.9 -0.9 -0.9 -0.9 -0.9 -0.9 -0.9 -0.9
69.1 68.8 66.1 65.5 67.6 70.5 74.7 78.4 83.7 91.5 98.8 106.8 117.1 126.2 133.7 137.1 139.5 139.1 136.4 131.7 126.9 119.7 114.3 109.2 104.6 99.5 93.9 87.1 80.7 73 64.8 56.9 50.9 45.1 38.5 34.1 31 26.8 22.9 18.8 15.4 12.7 10.4 9 8 6.3 6.6 1.4 -0.9 -0.9 -0.9 -0.9 -0.9 -0.9 -0.9 -0.9 -0.9 -0.9 -0.9 -0.9 -0.9 -0.9 -0.9 -0.9 -0.9 -0.9 -0.9 -0.9 -0.9 -0.9 -0.9 -0.9 -0.9 -0.9 -0.9 -0.9 -0.9 -0.9 -0.9 -0.9 -0.9 -0.9 -0.9 -0.9
61.9 61.2 59.9 59.6 62.6 67.2 72.7 76.6 83.9 93.4 102 111.3 121.7 130.2 135.9 141.2 138.9 138.4 134 129.2 122.9 116.7 111.5 106.4 102.2 95.2 88.2 81.7 73.7 63.9 57.9 52.5 46.9 41.7 35.4 33.3 29 24.7 22 19.2 15.9 12.8 11 8.9 7.9 6.9 4.5 1.5 -0.9 -0.9 -0.9 -0.9 -0.9 -0.9 -0.9 -0.9 1.6 1.5 0.1 -0.9 -0.9 -0.9 -0.9 -0.9 -0.9 -0.9 -0.9 -0.9 -0.9 -0.9 -0.9 -0.9 -0.9 -0.9 -0.9 -0.9 -0.9 -0.9 -0.9 -0.9 -0.9 -0.9 -0.9 -0.9
57.2 55.6 55.3 56 60.1 65.1 71.5 75.6 83.6 92.6 101.5 110.8 120.4 128.5 134.1 137.4 139 136.6 131.8 126.1 120.4 113.9 108.3 104.2 96.4 89.2 82.4 74.7 66.4 59.8 53.9 48.5 43.9 40 36.5 33.4 28.2 24.9 21.9 19.4 15.9 13.6 11.5 9.8 8.3 7.2 5.9 3.9 0.3 -0.9 -0.9 -0.9 -0.9 -0.9 -0.9 -0.1 0.3 0.6 -0.9 -0.9 -0.9 -0.9 -0.9 -0.9 -0.9 -0.9 -0.9 -0.9 -0.9 -0.9 -0.9 -0.9 -0.9 -0.9 -0.9 -0.9 -0.9 -0.9 -0.9 -0.9 -0.9 -0.9 -0.9 -0.9
51.7 52.1 52.1 53.4 55.6 60.7 67.8 73.3 82.6 91.3 99.5 108.1 117.8 125.6 131.6 134.1 135.1 132.8 129 123.6 117.7 110.2 105.5 98.2 90.1 82.1 76 69.2 62 56.1 50.8 45.9 43.3 39.8 36.1 32.8 30.4 27.1 23.2 20.5 17.9 15.5 13.1 11 9.8 8.8 7 5.1 1.6 -0.9 -0.9 -0.9 -0.9 -0.9 -0.9 -0.9 -0.9 -0.7 -0.9 -0.9 -0.9 -0.9 -0.9 -0.9 -0.9 -0.9 -0.9 -0.9 -0.9 -0.9 -0.9 -0.9 -0.9 -0.9 -0.9 -0.9 -0.9 -0.9 -0.9 -0.9 -0.9 -0.9 -0.9 -0.9
46 47.7 49.3 50.7 53.5 57.2 63.1 69.9 78.4 88 97.1 105.3 114.1 123.3 129.7 132.1 132 130.5 126.3 120.7 114.6 107.6 99.7 93.3 86 79.8 74 67.8 60.3 55.9 51.3 47.2 43.5 40.6 37.7 35 32.6 30.2 26.4 23.3 21.1 18.4 16.2 14.1 13.1 11.5 8.5 6 4.4 2.6 -0.9 -0.9 -0.9 -0.9 -0.9 -0.9 -0.9 -0.9 -0.9 -0.9 -0.9 -0.9 -0.9 -0.9 -0.9 -0.9 -0.9 -0.9 -0.9 -0.9 -0.9 -0.9 -0.9 -0.9 -0.9 -0.9 -0.9 -0.9 -0.9 -0.9 -0.9 -0.9 -0.9 -0.9
41.5 41.3 43.4 46.4 49.7 54.2 59.1 67.2 75.7 84.3 92.8 101.8 111 119.8 125.8 129 130.2 127.5 123 116.9 109.8 102.1 96.7 91.9 84.5 79.7 74.8 68.8 63.2 58.6 53.6 49.7 46 43.1 40.2 38.9 36.9 35.4 30.7 26.4 24.7 22 19.6 16.8 14.6 12.8 10.9 6.7 5.8 6.4 -0.9 -0.9 -0.9 -0.9 -0.9 -0.9 -0.9 -0.9 -0.9 -0.9 -0.9 -0.9 -0.9 -0.9 -0.9 -0.9 -0.9 -0.9 -0.9 -0.9 -0.9 -0.9 -0.9 -0.9 -0.9 -0.9 -0.9 -0.9 -0.9 -0.9 -0.9 -0.9 -0.9 -0.9
