UK/data/sh/sh93_OST50GRID_20230518/SH93.asc
ncols 200
nrows 200
xllcorner 290000
yllcorner 330000
cellsize 50
[rows 105 to 139 of 200, columns 0 to 77 of 200]
267.4 267.2 267.6 268.2 271.4 272.3 272.8 276.1 279.7 280.9 267.6 260.1 254.5 248.4 245.6 242.3 241.2 236.4 234 231.7 224.3 212.6 209.6 207.9 192.2 185.3 175.2 159.1 159.1 159.1 159.1 159.1 159.1 159.1 159.1 159.1 159.1 159.1 159.1 159.1 159.1 159.1 159.1 159.1 159.1 159.1 159.1 159.1 159.1 159.1 159.1 164.4 168.8 173.4 176.7 180.3 182.9 185.1 183 182.9 187.3 194.8 203.4 213.7 223.6 233 244.4 254.2 264.1 271.7 276.9 278 275.6 267.5 262.4 255.7 248.9 245.7
266.6 267.3 270.2 273.5 275.1 278.6 278.8 284.1 286.4 285.4 275.1 268.4 263.7 255.8 250.9 247.2 246.7 248 245 240.1 231.8 214.2 207.4 205.6 189.1 184.7 166.3 159.1 159.1 159.1 159.1 159.1 159.1 159.1 159.1 159.1 159.1 159.1 159.1 159.1 159.1 159.1 159.1 159.1 159.1 159.1 159.1 159.1 159.1 159.1 160.9 165.7 170.3 174.5 177.7 180.9 183.7 183.7 184.2 187.5 196.8 207.8 216.2 226.7 234.4 245.2 256.9 266.6 276.6 285 288.9 286.1 281.1 275.8 270.6 262.2 256.2 254.7
269.1 276.4 277 275.8 282.4 284.2 287.1 286.6 286.3 285 284.7 274.6 273.4 263.9 255.6 254.1 256.9 255.6 250.9 240.8 225.1 206.5 200 197.5 184.4 168.6 159.1 159.1 159.1 159.1 159.1 159.1 159.1 159.1 159.1 159.1 159.1 159.1 159.1 159.1 159.1 159.1 159.1 159.1 159.1 159.1 159.1 159.1 159.1 159.1 164.3 166.4 170.2 174.6 177.8 180.3 182.6 185.4 189.1 197 206.3 215.6 225.3 236.3 244.2 256.3 270 281.1 288.2 297.2 292.6 291.6 286.2 282.2 281.4 273.3 266 262.1
271.8 276.6 276.3 278.5 284.6 286.7 289.2 287.7 286.2 285.3 287.5 282.8 276.9 274.4 267.3 262.8 260 254.7 250.8 239.2 216.5 195.7 189.2 180.9 169.1 162.3 159.1 159.1 159.1 159.1 159.1 159.1 159.1 159.1 159.1 159.1 159.1 159.1 159.1 159.1 159.1 159.1 159.1 159.1 159.1 159.1 159.1 159.1 159.1 160.7 164.6 167.1 169.7 173.8 177 181.7 183.6 189.6 199.7 211 219.2 228.3 237 246.2 256.9 268.5 281.8 294.3 301.5 301.3 299.5 296.4 291.6 289.1 288.8 284.3 278.6 272.1
276.3 277.1 278.2 281.6 286.7 287.5 291.6 288.6 288.7 287 290.4 284.1 277.5 282.4 277.4 273.8 263.2 250.7 243.8 229.9 209.4 186.9 174.6 162.1 159.1 159.1 159.1 159.1 159.1 159.1 159.1 159.1 159.1 159.1 159.1 159.1 159.1 159.1 159.1 159.1 159.1 159.1 159.1 159.1 159.1 159.1 159.1 159.1 159.1 162.1 165.6 167.7 171.3 175.2 179.5 188.4 200.3 210.6 220.5 227.5 234.7 245 251.7 259.6 270.7 282.2 293.3 302.8 305.9 307.5 305.6 302.3 300.2 297.2 296.7 293.3 288.7 281.9
277.8 279.9 281.6 283.6 285.3 288.1 292.1 292.9 291.8 286.2 285.3 278.6 278.6 280.4 280.9 275.6 263.6 246.9 233.5 221.5 209.6 181.6 162.4 159.1 159.1 159.1 159.1 159.1 159.1 159.1 159.1 159.1 159.1 159.1 159.1 159.1 159.1 159.1 159.1 159.1 159.1 159.1 159.1 159.1 159.1 159.1 159.1 159.1 160.5 163.3 165.7 169.2 172.8 179.4 189.2 206.5 218.9 228.9 232.6 240.3 250.7 258 264.3 274 285.5 297.4 306.8 311.7 311.1 311.9 310.3 307.7 307.2 304.5 303.4 301.9 294.2 288.6
279.8 281.9 283.7 283.7 286.7 289.8 292.4 294.7 288.3 283.8 280.9 275.8 273.5 274.6 275.5 266.6 255.7 241.4 228.3 213.7 196.6 169.9 159.1 159.1 159.1 159.1 159.1 159.1 159.1 159.1 159.1 159.1 159.1 159.1 159.1 159.1 159.1 159.1 159.1 159.1 159.1 159.1 159.1 159.1 159.1 159.1 159.1 159.1 162.2 164.2 168 171.8 177.6 185.9 207.6 220.8 234.1 237.4 239.9 255.7 263.5 269.9 278.3 288.5 300.2 310.4 317.8 317.7 313.6 313.8 313.2 310.4 311.1 311.3 309.7 304.9 298.6 295.3
281.7 283.3 283.7 283 286.5 294.2 298.5 295.5 289.8 283.9 279 271 265.1 258.3 256.3 252.9 239.5 229.2 214.6 194.9 174.4 159.1 159.1 159.1 159.1 159.1 159.1 159.1 159.1 159.1 159.1 159.1 159.1 159.1 159.1 159.1 159.1 159.1 159.1 159.1 159.1 159.1 159.1 159.1 159.1 159.1 160.8 164.1 164.5 168.3 170.6 174.5 180.2 196.2 217.7 233.2 237.8 240.3 246.7 265.6 274.6 279.6 291.8 301.3 311.3 317.9 321.4 321 320.7 316.9 314.2 313.1 315.7 315.6 314.2 310 304.1 301.1
282.2 282.1 283.5 281.8 284.1 291.2 294.6 293.1 289 284 276.1 267.9 258.7 251.5 234.7 232.3 219.6 206.8 193.8 177.9 161.3 159.1 159.1 159.1 159.1 159.1 159.1 159.1 159.1 159.1 159.1 159.1 159.1 159.1 159.1 159.1 159.1 159.1 159.1 159.1 159.1 159.1 159.1 159.1 159.1 159.1 164.4 166.3 169.8 175.5 178.6 186.7 196.2 209.6 223.4 235.1 240.3 250.8 265.1 276.4 285 292.7 302.7 309.1 321.1 328.3 330.2 327.5 325.9 320.1 317.3 316.8 319 318.6 317.4 315.6 309.4 310.4
281.3 280.5 281.7 279.9 282.6 290.3 290.3 290.2 287.4 278 270.5 262.6 244.6 239.9 228 213.1 206.2 191.6 183.2 169.4 159.1 159.1 159.1 159.1 159.1 159.1 159.1 159.1 159.1 159.1 159.1 159.1 159.1 159.1 159.1 159.1 159.1 159.1 159.1 159.1 159.1 159.1 159.1 159.1 159.1 164.4 168.2 174.6 180.5 186.5 195.4 205.1 218.6 228 235.9 246.5 256.2 264.2 273.6 283.8 294.6 302.1 310.1 320.4 326.1 331 336.5 328.8 323 319.4 319.5 320.9 325.3 327.6 322.6 324.9 329.7 327.5
278.6 276.4 275.8 275.9 279.7 289.5 288.1 289.2 283.9 268.9 260.2 253.4 233.6 223.5 211.2 198.8 186.4 180.3 170 165.5 159.1 159.1 159.1 159.1 159.1 159.1 159.1 159.1 159.1 159.1 159.1 159.1 159.1 159.1 159.1 159.1 159.1 159.1 159.1 159.1 159.1 159.1 159.1 159.6 165.9 172.6 176.6 187 191.5 201 211.9 220.8 231.7 240.5 248.9 257 266.4 272.7 284 294.1 304 312.4 322.7 330.7 334.5 335 333.5 327.2 323 321.8 321.8 323.3 329.2 330.3 333.6 337.7 337.6 336.2
275.2 271.4 270.3 272.6 277.3 283.5 287.2 279.6 271.4 254.5 244.3 235.6 222.7 210.3 196.3 184.6 173.4 167.8 160.4 159.1 159.1 159.1 159.1 159.1 159.1 159.1 159.1 159.1 159.1 159.1 159.1 159.1 159.1 159.1 159.1 159.1 159.1 159.1 159.1 159.1 159.1 159.1 163.8 168.6 173.9 181.5 190.5 195.4 203.6 215.4 224.3 237 245.1 253.4 262.7 267.1 278.7 286.9 294 304.1 310.7 318.4 327.3 331.9 334.7 335.7 332.4 325.5 324.4 325.5 324.1 326.7 331.6 337.2 340.4 342.6 342 337.1
269.6 266.2 267.8 269.9 274.9 281.6 284.1 269.6 256.3 244.6 230.9 224.2 214.1 204.1 188.4 175.1 166.3 159.1 159.1 159.1 159.1 159.1 159.1 159.1 159.1 159.1 159.1 159.1 159.1 159.1 159.1 159.1 159.1 159.1 159.1 159.1 159.1 159.1 159.1 159.1 159.2 165.9 171.1 176.1 184.8 191.9 198.2 206.1 219.2 233 241.7 258.3 263 268.1 271.8 279.8 286.3 292.6 300.6 307.4 312.9 320.5 327 331.6 332.2 328.9 327.3 326.7 331 331.4 331.3 334 339.1 341.7 342 343.6 343.3 333.2
262.8 265 266.1 267.5 272.5 278.5 277.4 262.7 244 233.8 219.5 210 202.9 193.7 180.8 167.1 159.1 159.1 159.1 159.1 159.1 159.1 159.1 159.1 159.1 159.1 159.1 159.1 159.1 159.1 159.1 159.1 159.1 159.1 159.1 159.1 159.1 159.1 159.1 162.4 168.6 171.8 175.9 185.8 194 200.5 205.8 221 238.8 255.8 266.7 272.8 278.7 281.9 285.8 289.7 294 301.3 308.6 312.6 317.9 323.8 326.2 329.2 328.7 329.7 337 340.2 341.2 339.6 337.8 341.1 344.5 344.6 344.2 340.9 338.9 334.5
258.5 259.3 261.2 265.7 270.6 272.5 264.5 249.3 230.8 215.1 205.8 199.7 194.8 186.6 172 159.1 159.1 159.1 159.1 159.1 159.1 159.1 159.1 159.1 159.1 159.1 159.1 159.1 159.1 159.1 159.1 159.1 159.1 159.1 159.1 159.1 159.1 159.1 164.5 168 172.6 176.8 182.4 195.4 202.8 207.9 218.7 235.7 254.8 271.8 279 284.6 286.8 293.3 296.1 303 304.6 308 312.5 315.8 318.3 322.2 327.8 332.7 339 338.7 340 343 342.9 342.1 341.7 342.7 346.2 343.4 343.8 340.3 333.3 326
253.3 254.6 255.9 265.5 266.6 265.7 251.4 235.9 217.2 207 198.3 191.7 185.1 173.8 160.5 159.1 159.1 159.1 159.1 159.1 159.1 159.1 159.1 159.1 159.1 159.1 159.1 159.1 159.1 159.1 159.1 159.1 159.1 159.1 159.1 159.1 159.1 165.4 170.8 173.4 176.1 182 189.6 197.9 208.3 218.6 230.8 250.1 269.8 284.2 289.7 290.2 291.3 295.2 302.7 310.5 312.5 314.7 315.5 315.6 318.3 328.7 336 340.3 342.6 342.8 341.4 343.9 342.1 342 343.7 342.5 341.3 340.8 339.8 335.3 329.9 320.8
248.8 247.9 249.5 251.8 253.6 249.4 239 227 209.6 200.4 192.3 183.2 174.4 162.7 159.1 159.1 159.1 159.1 159.1 159.1 159.1 159.1 159.1 159.1 159.1 159.1 159.1 159.1 159.1 159.1 159.1 159.1 159.1 159.1 159.1 160 166.9 171.1 175.3 178.8 180.6 184.8 197.6 204.7 212 225.6 239.5 260.7 277.1 287.8 289 294.6 299.1 299.4 306.6 308.3 309.2 310.6 312.1 317.8 324.2 330.8 335.6 340.2 341.6 344.8 341.8 341.6 341.6 342.8 339.4 338.1 338.2 339.5 336.9 334.9 330.7 320.6
244 241.1 244.3 242.1 240.9 241.7 230.9 218 202.5 193.9 184.6 174.4 163.4 159.1 159.1 159.1 159.1 159.1 159.1 159.1 159.1 159.1 159.1 159.1 159.1 159.1 159.1 159.1 159.1 159.1 159.1 159.1 159.1 159.1 161.2 166.5 172.2 176.3 179.6 182.2 190 195.9 201.2 212.6 220 229.5 243.4 258.9 274.9 282.3 286.3 291.1 294.5 296.7 300 303.7 308.8 313.3 316.9 321.4 324.6 329.7 335.8 338 340.1 341.2 341 337.3 336.7 335.9 333.5 336.6 335.7 330.6 328.3 324.9 322 317.2
236.8 236.9 238.7 238.3 231.8 226.5 218.1 206 195.9 183.3 174.4 162.8 159.1 159.1 159.1 159.1 159.1 159.1 159.1 159.1 159.1 159.1 159.1 159.1 159.1 159.1 159.1 159.1 159.1 159.1 159.1 159.1 159.1 160.4 166.9 173.7 177.5 183.1 187.3 193.7 205.6 210.9 218.4 219.3 226.5 234 241.8 255.4 263.3 273 281 284.2 291.6 296 302.7 305.2 308.4 313.2 317.8 321.2 324.8 330.1 334.8 336.3 338.4 339 339 334.3 334.1 330.8 330.1 330.1 327.8 323.4 321.2 317.3 312 306.8
234.2 230 233.7 233.2 224.9 215.1 206.3 197.4 184.1 175 164 159.1 159.1 159.1 159.1 159.1 159.1 159.1 159.1 159.1 159.1 159.1 159.1 159.1 159.1 159.1 159.1 159.1 159.1 159.1 159.1 159.1 159.1 167.3 172.7 178.9 185.1 196.7 203.8 208 220 231.1 234.2 233.6 239.8 246.1 255.7 265.5 276.6 279.2 284.4 288.8 291.3 295.9 302.4 304.5 309.2 313 314.8 319.2 322.7 328 331.2 333.3 334.8 335.5 334.9 332.8 330.8 329 327.9 325.8 322.8 317.9 313.7 310.9 307.2 303.3
225.4 223 225.7 223.6 220.6 211.7 198.9 188.4 176.8 168.1 159.1 159.1 159.1 159.1 159.1 159.1 159.1 159.1 159.1 159.1 159.1 159.1 159.1 159.1 159.1 159.1 159.1 159.1 159.1 159.1 159.1 159.1 166.2 173.2 178.1 188.3 193.9 206.2 216.1 230.4 236.6 245.4 249.6 249.1 254.5 260 265.2 272 278.3 281.4 285.1 289.2 295.3 301.1 303 305.1 308.5 309.9 312.5 316.1 318.9 321.6 324.9 326.5 330.2 331.3 329.2 329.3 329.4 327.8 325.8 323.3 318.1 313 311.3 310.3 306.7 300.4
220.9 221.8 217.9 217.3 212.9 202.7 191.5 180.2 172.2 161 159.1 159.1 159.1 159.1 159.1 159.1 159.1 159.1 159.1 159.1 159.1 159.1 159.1 159.1 159.1 159.1 159.1 159.1 159.1 159.1 159.1 164.8 169.9 178 184.7 195.8 207.9 223 228.2 242.5 249.9 258 251.2 259.7 265.3 269.3 271.6 274.9 279.2 285.2 289.9 295.5 301.4 307 305.8 308.1 308.6 310.6 314.8 317.7 317.6 318.7 318.6 319.6 321.5 322.5 322.6 324.1 326.6 324.6 321.5 316.7 312.2 310.4 308.7 306 304.1 298.8
222.8 216.8 216.4 212.1 205 195.3 185.1 175.8 166.2 159.1 159.1 159.1 159.1 159.1 159.1 159.1 159.1 159.1 159.1 159.1 159.1 159.1 159.1 159.1 159.1 159.1 159.1 159.1 159.1 159.1 163 168.1 174 184 191.7 206.2 222.3 230.8 241.2 248.5 256.3 260.3 259.1 266.6 271.5 273.8 278.1 280.2 282.5 292.4 299.2 304.9 307.7 307.5 309.4 308.4 312.5 316.6 319.4 319.7 319.5 319.2 314.8 313.8 312.4 314 315.6 318 321.3 320.1 314.8 312.1 308.7 305.9 302.3 298.2 294.5 291.7
221.5 213.4 205.8 203.8 196.5 189.2 180.7 172.1 162.7 159.1 159.1 159.1 159.1 159.1 159.1 159.1 159.1 159.1 159.1 159.1 159.1 159.1 159.1 159.1 159.1 159.1 159.1 159.1 159.1 160.1 165 171.6 179.9 188.5 196.1 209.5 225.4 238.9 255.6 259.6 261.7 260.1 265.4 272.8 277.2 279.2 282.2 285.4 291.1 299.5 306.2 309.3 309.5 313.4 313.8 315.5 319.4 322.4 320.9 320.3 321.3 315.7 310.7 308.5 307.9 307.9 307 310.4 312 309.5 308.3 306.1 303.5 300.2 295.4 289.6 287.7 288
217.7 211.8 205.7 191.1 187.5 180.7 175.4 168.2 162.8 159.1 159.1 159.1 159.1 159.1 159.1 159.1 159.1 159.1 159.1 159.1 159.1 159.1 159.1 159.1 159.1 159.1 159.1 159.1 159.1 164.9 172 175 188.8 196.8 202.4 207.2 225.7 242.7 258.7 265.6 262.8 263 267.8 276.3 278.5 285.5 289.7 291.6 294 303.5 308.6 310.9 315.5 317.2 319.7 322 325.3 322.6 321 318.3 313.7 307.9 304.2 304.5 303.6 302 301.8 299.9 302.1 302.7 301.7 298.6 296.3 291.6 289.8 289.5 291.4 293.2
212.8 208.9 201.7 193.2 180.8 174.7 170.3 166.2 162.7 159.1 159.1 159.1 159.1 159.1 159.1 159.1 159.1 159.1 159.1 159.1 159.1 159.1 159.1 159.1 159.1 159.1 159.1 159.1 164.6 172.7 186.2 190.9 195.2 199.2 204.5 215.2 232.9 245.5 254.7 262.4 263.4 266.3 269.2 277.7 281.9 288.5 293.5 297.2 301.9 310.2 314.2 316.4 317.6 319.6 321.7 323.1 322.8 322.3 317.4 311.5 306.8 304.3 303.2 301.9 301.5 300.8 299.7 300.8 299.3 295.6 295.9 292.6 292.2 290.5 291 292.1 294 297.2
210.7 202.2 197.3 186.4 175.2 167 165.3 161.4 159.1 159.1 159.1 159.1 159.1 159.1 159.1 159.1 159.1 159.1 159.1 159.1 159.1 159.1 159.1 159.1 159.1 159.1 159.1 166.4 176.4 186.9 196.8 198.3 200.1 201.8 210.1 224.8 243.2 257.1 260.5 263.6 265.4 273.6 271.9 281.1 286.4 289.9 295.5 303 311.8 315.3 320.5 322.5 323.7 324.8 324.4 321.3 319.7 315 311.8 309.2 306.4 304.8 302.6 301.3 300.9 300.2 300.1 301.3 299.8 298.7 295.5 295.6 294.7 296.6 298.4 299.3 298.7 303.4
206.4 197.8 187.6 176.9 168.8 161 159.1 159.1 159.1 159.1 159.1 159.1 159.1 159.1 159.1 159.1 159.1 159.1 159.1 159.1 159.1 159.1 159.1 159.1 159.1 159.1 164.9 176.7 188.7 202 205.3 202.2 202.1 206.5 215.4 232.1 251.8 266.3 268.4 270.8 272.3 276.9 277.1 284.7 291.3 297.2 301.7 308.6 315.2 319.9 325.9 329.4 329.6 328.5 325.9 322.6 316.2 311.7 308.7 306.8 305.7 304.4 302.4 301.6 300.8 300.5 300.6 302.1 300.9 299.5 298.3 299.2 298.9 299.9 302.4 305.1 308.1 309.4
201.5 192.3 179.4 169.1 159.1 159.1 159.1 159.1 159.1 159.1 159.1 159.1 159.1 159.1 159.1 159.1 159.1 159.1 159.1 159.1 159.1 159.1 159.1 159.1 159.1 161.4 171.3 189.7 204.4 208.7 205.9 203.6 205.6 216.1 222.9 239.4 259.5 268.5 274.5 280 276.9 277.8 282.5 290.4 299 304.5 311.2 316.2 321.1 323.5 331.5 336.9 332.6 332.2 328.4 322.9 314.7 311.8 308.2 306.8 305.5 304.4 302.3 302.2 301.9 303 302.2 304.2 302.3 299.2 301.6 301.3 302.8 305.3 307.2 308.9 311.9 315.6
196.1 181.9 170.7 159.1 159.1 159.1 159.1 159.1 159.1 159.1 159.1 159.1 159.1 159.1 159.1 159.1 159.1 159.1 159.1 159.1 159.1 159.1 159.1 159.1 159.1 169.7 181.7 198.2 200.2 206.1 205.9 206.6 210.2 219.5 231.6 244.8 258.9 269.5 276.8 279.2 279 284.5 291.9 299.8 309.4 316.8 321.3 324.5 326.9 330.3 335.6 338 338.3 334.4 331.3 321.2 317.2 312.5 309 306.8 305.4 303.5 303.4 303.1 305 305.5 306.6 304.9 303.5 306.4 304.1 303.7 306.3 308.8 311.2 313.1 316.9 320.3
182.3 169.2 159.4 159.1 159.1 159.1 159.1 159.1 159.1 159.1 159.1 159.1 159.1 159.1 159.1 159.1 159.1 159.1 159.1 159.1 159.1 159.1 159.1 159.1 169.7 183.8 200.2 203.8 200.1 206.3 209 210.6 214.4 220.2 230.3 243.2 256.7 268.6 282.6 281.7 281.4 286.3 297.8 311.1 320 325.8 327.6 330.1 334.1 337.2 339.9 342.4 342.3 338.8 330.7 327.3 320.1 311.2 309.8 307.6 305.4 305.4 307.4 309.3 310.2 310.6 309.4 306.7 309.4 308.3 306.7 307.3 309.6 312.1 315.1 315.9 320.5 324.4
169 159.1 159.1 159.1 159.1 159.1 159.1 159.1 159.1 159.1 159.1 159.1 159.1 159.1 159.1 159.1 159.1 159.1 159.1 159.1 159.1 159.1 159.1 165.5 179.4 201.4 207.3 203.9 202.9 207.4 209.8 212.3 215.9 222.5 232.7 241 253.6 266.6 276.1 282.2 290.6 294.7 304.2 316.9 326.3 331.5 335.5 340.8 342.4 346.4 347.9 347.5 346.4 343 340.9 329.3 318.3 312.2 311 309.5 309.7 311.8 314.7 316.2 314.8 313.7 311.5 308.5 310.7 312.4 312.5 312.1 314 317.5 320.7 322.3 325.7 330
159.1 159.1 159.1 159.1 159.1 159.1 159.1 159.1 159.1 159.1 159.1 159.1 159.1 159.1 159.1 159.1 159.1 159.1 159.1 159.1 159.1 159.1 164.2 171.9 194.3 207.8 206.3 203.4 203.8 206.3 209.7 213.1 217.2 224.3 232.8 245.8 259.9 272.7 282 284.5 295.9 307.4 315.5 326 334.8 341.5 347.8 349.1 353.8 355.9 357.8 350.1 351 351.7 340.5 331 320.1 314.3 313.9 315.3 319.6 318.6 320.7 323 319.9 319.3 315.7 311.3 315.1 319.9 323.3 323.3 320.3 323.2 326.6 328.5 332.2 337.9
159.1 159.1 159.1 159.1 159.1 159.1 159.1 159.1 159.1 159.1 159.1 159.1 159.1 159.1 159.1 159.1 159.1 159.1 159.1 159.1 159.1 163.9 176.6 181.1 200.9 205.5 203.2 205 206.1 208.4 210.6 213.9 219.8 226.3 236.2 251.1 264.8 277.2 285.8 292.4 298.6 311.3 324.6 337.3 347.2 352.9 357.4 360.6 364.1 365.3 365.9 354.4 345.8 338.8 331.4 324 320.2 319.3 324.3 329 328.3 328.8 330.6 329.3 327.4 326 317.9 318.8 324.9 330 329.9 333.5 327.9 330.5 332.6 334.7 339.4 347.4
159.1 159.1 159.1 159.1 159.1 159.1 159.1 159.1 159.1 159.1 159.1 159.1 159.1 159.1 159.1 159.1 159.1 159.1 159.1 159.1 162.2 171.1 186.9 188 199 201.9 203.7 205.4 207.6 209.5 213.1 217.7 221.1 225.1 235.4 254.3 271.3 285.6 295 302.6 315.9 321.3 327.8 341.1 357.7 363.5 368.2 370.7 374.3 370 368.3 358.5 347.2 344.6 340.3 336.3 333.3 331.7 334.9 337.5 342.3 349.3 343.6 340 339.3 335.2 325.6 332.2 335.2 337.7 339.8 340.2 334 340.1 342.3 344.1 349.4 356.6
