WholeMapElevations/data/nh/nh20_OST50GRID_20230518/NH20.asc
ncols 200
nrows 200
xllcorner 220000
yllcorner 800000
cellsize 50
[rows 140 to 174 of 200, columns 0 to 77 of 200]
205.8 201.7 200.7 201.9 202.7 204.3 206.5 206.7 203.5 207.7 215.6 217.9 218.4 219.8 223.6 229.8 233.7 238.9 248.6 258.9 263.5 268.9 267.5 268.9 272.6 268.2 260.3 254.6 249.9 247.9 246.1 241.5 240.8 238.4 233.9 230.8 229.4 229.7 226.8 221.9 218.5 214.1 208.7 204.8 196.1 192.8 192.6 190.8 191.4 186.8 190.3 191.6 195.1 196.4 196.3 199.6 203.1 202.5 201.1 196.5 189.8 186.8 187.6 184.2 179.7 175.9 168 161.8 153.7 142.4 134.8 136.6 129.8 130 130.1 127.4 124.4 122
197.7 192.5 192.7 194.4 195.1 195.4 196.7 198.3 192 196.7 200.6 202.8 206.6 209.5 211.7 217.5 222.1 229.6 236.5 246.5 249.7 254.8 257.4 257.1 257.1 255.8 247.3 242.1 241.4 242 242.7 236.7 234.8 234.6 233.2 228.1 227.2 221.6 221.1 216.3 211 204 200.3 197.6 190.7 186.4 183.4 181.1 179.2 179.8 179.5 179 181.9 183.1 182.3 184.7 193.5 191.1 190.6 185.5 177.6 175.8 173.2 167.4 160 156.4 153.6 151.5 143.1 134.7 125.8 121.6 120.6 117.5 119.2 121.3 121.8 122.8
186.8 183.1 185.4 184.9 186.8 184.8 183 184.1 185.2 186.5 192.4 192.8 194.5 196.4 200.8 205.3 210.4 216.3 225.6 233 236.4 242.2 244.9 247 243.4 242.6 235 234.7 235 235.8 235.4 231.7 226.5 228.6 227.3 223.6 219.8 219 213.7 210.1 205.7 200.2 193.1 188.7 186.9 180.9 174.3 167.5 166.6 170.1 169.6 165.1 171 168.2 168.5 164.8 167.7 172.2 174 169.4 161.3 158.4 157.1 155.7 147.2 140 138.1 136.1 132.1 126.4 122.1 118.1 108.9 108.5 109.9 111.7 118.7 123.2
182.5 175.7 173.9 174.4 174.9 174.2 171.9 180.3 176.1 176.2 182.2 187.1 185.2 185.8 189.9 193.7 197.4 203.8 211.8 221 221.5 228.2 237.1 233.5 231.2 232.8 228.2 227 226.2 227 228.9 225 220.4 219.8 219.1 219.1 214.5 211.1 209.1 207.3 204.4 196.3 189.8 182.6 179.7 173.1 163.1 153.8 156.3 163.7 160.3 158.2 155.5 159.6 161.8 159.1 158.4 156.8 154.9 151.7 148.8 145.8 142.8 137.8 133.3 127 123.8 126.8 129.5 125.6 120.3 109.6 105.4 102.7 102.2 105.6 113.8 116.9
173.9 168.9 164.8 163 164 163.4 163.1 164.3 164.5 163.4 169 174.6 172.6 176.5 180.4 181.2 186.8 191.2 197.6 201.6 206.4 216 219 219.6 217.4 217.3 219 215.3 214.3 216.6 218.8 211.7 206.2 205.6 204.9 200.9 200.7 200.6 203.2 201.2 195.8 186.2 180.3 171.9 166 162.5 155.7 145.3 152.7 159.9 152.5 147.3 146.9 146.9 151.1 150.8 151.2 148.2 142.8 138.4 135.2 133.3 131.8 127.4 127.1 122.6 118.3 117.4 118.3 112.9 103.9 99.7 98.1 99.7 98.4 100.4 103.9 106.2
168.9 162.6 156.6 152.6 152.7 149.2 150.9 149.1 146.5 147.9 150.7 153.8 156.8 164.8 173.2 172.3 173 176.7 185.6 190.7 198.2 200.6 203.6 208.7 207.4 203.3 206.3 205.8 203.6 207.2 203.6 197 194.5 194.3 191.4 187.2 191 186.8 188.2 183.3 174.6 163.8 162.9 163.2 159.4 159.1 153.6 141.2 141.8 146 146.3 142.3 139.5 129.5 130.5 134.9 137.1 133.7 129.7 124.4 123.9 125.9 126.6 123.4 121.5 119.4 112.4 106.6 104.3 99.4 96.6 95 93.8 93.1 92.5 91.2 89.1 90.7
165.6 161.7 150.5 145.1 143.3 143.1 141.9 139.6 138.2 139.8 141.7 142.9 145.8 151.5 158.2 158.6 159.5 164.7 173.8 179.6 183.6 189.9 193.2 198.7 198 193 197.8 197.6 193.2 196.5 192.1 190.2 188.7 185.5 181.4 176.2 180.4 179.7 174.3 169.7 162 158.2 162 163.7 157.7 153 146.5 139.5 136.7 142.7 141.1 134.5 125.9 119.6 115.9 120.6 123.4 124.5 120.7 118 117.6 118.6 118.2 115.4 108.7 102.3 99.3 97.7 95.5 92.6 88.7 87.1 83.4 83.4 83.4 83.4 83.4 83.4
158.6 148.4 142.9 137.6 135.7 135 135.1 134.4 131.8 132.4 132.2 134.3 138.3 142.5 147.1 148.6 151.3 156.4 160.5 168.4 171.9 174.5 182.3 190.2 188.8 180.9 185.9 186 185.3 184.4 181.6 182.2 180.3 176.5 170.1 166.5 166.9 164.8 163 161.7 159.2 156 158.7 161 158.8 152.5 143.1 130.6 123 127.9 130.6 124.1 118.9 115.6 112.1 110.7 116 119.5 111.8 108.2 106.4 105.1 104 102 93.9 91 92.1 91.9 88.7 83.4 83.4 83.4 83.4 83.4 83.4 83.4 83.4 83.4
138.3 137 133.5 129.2 128.2 127.4 128.4 127 125 124.4 125.5 127 127.4 131 136.6 142.6 138.7 142.6 148.1 152.9 158 161 165.6 172.8 168.6 164.8 167.6 168.2 174 169.4 163.5 164.6 160.8 161 157.7 155.9 154.4 155.8 158.9 162.6 157.4 153 143.8 150.1 145.9 136.7 130.4 121.3 116.4 118.8 118.9 113.6 112.7 111.6 110.7 107.5 102.4 100.7 97.1 93.9 95.6 94.8 92.6 89.4 83.9 83.4 83.4 83.4 83.4 83.4 83.4 83.4 83.4 83.4 83.4 83.4 83.4 83.4
123.9 122.6 121.7 120.4 117.3 119.3 120.1 119.3 118.6 115.5 117.5 116.7 117.5 121.2 128.1 130.1 130.5 134.5 133.5 137.8 142.5 146.5 150.2 152.4 153.6 154.9 152.5 148.2 147.1 147.4 145.7 145.9 150.1 149.8 150.8 149.6 145.6 150.2 152.8 153.8 142.7 138.9 139 135.5 128.1 122.7 118.1 112.1 109.4 110.1 110.1 103.6 101 104.3 103.8 98.6 93.4 91.8 91 89.2 86.8 83.4 83.4 83.4 83.4 83.4 83.4 83.4 83.4 83.4 83.4 83.4 83.4 83.4 83.4 83.4 83.4 83.4
106.4 109.8 111.6 110.9 109.2 113.3 114.1 113.3 110.7 108.1 108.6 109.4 111.1 109.4 117.5 119.1 118.4 126.6 123.2 125.7 130.6 137.4 139.7 138.2 134 135.4 136.5 137.8 137.2 134.2 132.9 133.7 137.4 139.3 138.2 133.4 138 138.1 139.7 138.2 128.4 125.5 122.5 120 116.5 116.1 112.3 107.8 104 104.7 103.8 101 94.8 93.2 93.7 87 83.4 83.4 83.4 83.4 83.4 83.4 83.4 83.4 83.4 83.4 83.4 83.4 83.4 83.4 83.4 83.4 83.4 83.4 83.4 83.4 83.4 83.4
95.4 96.3 99.2 100.2 101.4 106.2 106.9 106 103.6 101.2 101.9 104.2 104.4 103.1 104.1 105.7 106.3 110.2 113.9 117.1 118.8 121.9 124 125.5 126.1 127.1 124.8 127.5 126.2 123.3 126.2 128 129.5 131 127.4 122.2 123.4 121.7 124.9 124.1 115.7 113.2 110.8 108.4 106.8 106 103.7 99.5 94.1 94.3 95.4 95 87.8 83.4 83.4 83.4 83.4 83.4 83.4 83.4 83.4 83.4 83.4 83.4 83.4 83.4 83.4 83.4 83.4 83.4 83.4 83.4 83.4 83.4 83.4 83.4 83.4 83.4
87.9 90.8 89 89.7 92.2 93.4 97.8 97.9 95.8 94.7 95.5 95.8 96.3 96.6 96.6 97.1 98.6 99.6 105.3 107.7 110.3 113.4 114.5 116.7 117.6 119.4 118.2 119.6 118.4 115.7 114.2 116.1 119.4 120.2 117.9 111.5 110.7 110.5 110.7 106.9 103.6 104 103.3 100.8 98.6 96.9 95.2 92.9 87.7 87.2 83.4 83.4 83.4 83.4 83.4 83.4 83.4 83.4 83.4 83.4 83.4 83.4 83.4 83.4 83.4 83.4 83.4 83.4 83.4 83.4 83.4 83.4 83.4 83.4 83.4 83.4 83.4 83.4
83.4 83.4 83.4 86.8 87.2 88.8 88.8 91.7 89.8 88.9 91.2 90.4 90.5 92 92.8 93 93.3 94.1 97.3 99.8 100.2 104 105.5 105.9 109.5 110.7 113.8 116.1 115.6 110.3 107.9 108.3 108.5 103.5 102.2 100.4 98.3 97.2 97.4 94.8 92.4 94.8 95.1 92.8 86.4 83.4 83.4 83.4 83.4 83.4 83.4 83.4 83.4 83.4 83.4 83.4 83.4 83.4 83.4 83.4 83.4 83.4 83.4 83.4 83.4 83.4 83.4 83.4 83.4 83.4 83.4 83.4 83.4 83.4 83.4 83.4 83.4 83.4
83.4 83.4 83.4 83.4 83.4 83.4 83.4 85.5 85.4 86.2 86.9 87.9 87.5 88.5 88.7 88.6 88.3 87.2 89 91.5 93.4 97 98.7 99.7 99.5 101.8 108.5 112.5 110.8 104 98.6 97.4 97.3 93.4 90.6 87.4 86.2 83.4 87.4 83.4 83.4 83.4 83.4 83.4 83.4 83.4 83.4 83.4 83.4 83.4 83.4 83.4 83.4 83.4 83.4 83.4 83.4 83.4 83.4 83.4 83.4 83.4 83.4 83.4 83.4 83.4 83.4 83.4 83.4 83.4 83.4 83.4 83.4 83.4 83.4 83.4 83.4 83.4
83.4 83.4 83.4 83.4 83.4 83.4 83.4 83.4 83.4 83.4 83.4 83.4 83.4 83.4 83.4 84 83.4 83.4 83.4 86.4 83.4 88.6 91 91.2 88.1 91.5 94.4 97.8 96.4 91.3 89.2 87.4 87.7 83.4 83.4 83.4 83.4 83.4 83.4 83.4 83.4 83.4 83.4 83.4 83.4 83.4 83.4 83.4 83.4 83.4 83.4 83.4 83.4 83.4 83.4 83.4 83.4 83.4 83.4 83.4 83.4 83.4 83.4 83.4 83.4 83.4 83.4 83.4 83.4 83.4 83.4 83.4 83.4 83.4 83.4 83.4 83.4 83.4
83.4 83.4 83.4 83.4 83.4 83.4 83.4 83.4 83.4 83.4 83.4 83.4 83.4 83.4 83.4 83.4 83.4 83.4 83.4 83.4 83.4 83.4 83.4 83.4 83.4 83.4 83.4 83.4 83.4 83.4 83.4 83.4 83.4 83.4 83.4 83.4 83.4 83.4 83.4 83.4 83.4 83.4 83.4 83.4 83.4 83.4 83.4 83.4 83.4 83.4 83.4 83.4 83.4 83.4 83.4 83.4 83.4 83.4 83.4 83.4 83.4 83.4 83.4 83.4 83.4 83.4 83.4 83.4 83.4 83.4 83.4 83.4 83.4 83.4 83.4 83.4 83.4 83.4
83.4 83.4 83.4 83.4 83.4 83.4 83.4 83.4 83.4 83.4 83.4 83.4 83.4 83.4 83.4 83.4 83.4 83.4 83.4 83.4 83.4 83.4 83.4 83.4 83.4 83.4 83.4 83.4 83.4 83.4 83.4 83.4 83.4 83.4 83.4 83.4 83.4 83.4 83.4 83.4 83.4 83.4 83.4 83.4 83.4 83.4 83.4 83.4 83.4 83.4 83.4 83.4 83.4 83.4 83.4 83.4 83.4 83.4 83.4 83.4 83.4 83.4 83.4 83.4 83.4 83.4 83.4 83.4 83.4 83.4 83.4 83.4 83.4 83.4 83.4 83.4 83.4 83.4
90.5 90.7 88.2 83.4 83.4 83.4 83.4 83.4 83.4 83.4 83.4 83.4 83.4 83.4 83.4 83.4 83.4 83.4 83.4 83.4 83.4 83.4 83.4 83.4 83.4 83.4 83.4 83.4 83.4 83.4 83.4 83.4 83.4 83.4 83.4 83.4 83.4 83.4 83.4 83.4 83.4 83.4 83.4 83.4 83.4 83.4 83.4 83.4 83.4 83.4 83.4 83.4 83.4 83.4 83.4 83.4 83.4 83.4 83.4 83.4 83.4 83.4 83.4 83.4 83.4 83.4 83.4 83.4 83.4 83.4 83.4 83.4 83.4 83.4 83.4 83.4 83.4 83.4
103.6 99.5 94.5 87.7 83.4 83.4 83.4 83.4 83.4 83.4 83.4 83.4 83.4 83.4 83.4 83.4 83.4 83.4 83.4 83.4 83.4 83.4 83.4 83.4 83.4 83.4 83.4 83.4 83.4 83.4 83.4 83.4 83.4 83.4 83.4 83.4 83.4 83.4 83.4 83.4 83.4 83.4 83.4 83.4 83.4 83.4 83.4 83.4 83.4 83.4 83.4 83.4 83.4 83.4 83.4 83.4 83.4 83.4 83.4 83.4 83.4 83.4 83.4 83.4 83.4 83.4 83.4 83.4 83.4 83.4 83.4 83.4 83.4 83.4 83.4 83.4 83.4 83.4
109.3 104.9 99.7 93.4 88.7 83.4 83.4 83.4 83.4 83.4 83.4 83.4 83.4 83.4 83.4 83.4 83.4 83.4 83.4 83.4 83.4 83.4 83.4 83.4 83.4 83.4 83.4 83.4 83.4 83.4 83.4 83.4 83.4 83.4 83.4 83.4 83.4 83.4 83.4 83.4 83.4 83.4 83.4 83.4 83.4 83.4 83.4 83.4 83.4 83.4 83.4 83.4 83.4 83.4 83.4 83.4 83.4 83.4 83.4 83.4 83.4 83.4 83.4 83.4 83.4 83.4 83.4 83.4 83.4 83.4 83.4 83.4 83.4 83.4 83.4 83.4 83.4 83.4
110.7 107 100.5 94.1 90.6 86.8 83.4 83.4 83.4 83.4 83.4 83.4 83.4 83.4 83.4 83.4 83.4 83.4 83.4 83.4 83.4 83.4 83.4 83.4 83.4 83.4 83.4 83.4 83.4 83.4 83.4 83.4 83.4 83.4 83.4 83.4 83.4 83.4 83.4 83.4 83.4 83.4 83.4 83.4 83.4 83.4 83.4 83.4 83.4 83.4 83.4 83.4 83.4 83.4 83.4 83.4 83.4 83.4 83.4 83.4 83.4 83.4 83.4 83.4 83.4 83.4 83.4 83.4 83.4 83.4 83.4 83.4 83.4 83.4 83.4 83.4 83.4 83.4
109.7 106.2 100.6 96 90.6 86.9 83.4 83.4 83.4 83.4 83.4 83.4 83.4 83.4 83.4 83.4 83.4 83.4 83.4 83.4 83.4 83.4 83.4 83.4 83.4 83.4 83.4 83.4 83.4 83.4 83.4 83.4 83.4 83.4 83.4 83.4 83.4 83.4 83.4 83.4 83.4 83.4 83.4 83.4 83.4 83.4 83.4 83.4 83.4 83.4 83.4 83.4 83.4 83.4 83.4 83.4 83.4 83.4 83.4 83.4 83.4 83.4 83.4 83.4 83.4 83.4 83.4 83.4 83.4 83.4 83.4 83.4 83.4 83.4 83.4 83.4 98.9 101.8
109.2 105.6 100.8 96.2 91.8 86.3 83.4 83.4 83.4 83.4 83.4 83.4 83.4 83.4 83.4 83.4 83.4 83.4 83.4 83.4 83.4 83.4 83.4 83.4 83.4 83.4 83.4 83.4 83.4 83.4 83.4 83.4 83.4 83.4 83.4 83.4 83.4 83.4 83.4 83.4 83.4 83.4 83.4 83.4 83.4 83.4 83.4 83.4 83.4 83.4 83.4 83.4 83.4 83.4 83.4 83.4 83.4 83.4 83.4 83.4 83.4 83.4 83.4 83.4 83.4 83.4 89.8 86.1 83.4 83.4 83.4 83.4 83.4 83.4 96 109.4 116.5 113.2
108.6 104.5 100.1 96.4 92.7 88.1 83.4 83.4 83.4 83.4 83.4 83.4 83.4 83.4 83.4 83.4 83.4 83.4 83.4 83.4 83.4 83.4 83.4 83.4 83.4 83.4 83.4 83.4 83.4 83.4 83.4 83.4 83.4 83.4 83.4 83.4 83.4 83.4 83.4 83.4 83.4 83.4 83.4 83.4 83.4 83.4 83.4 83.4 83.4 83.4 83.4 83.4 83.4 83.4 83.4 83.4 83.4 83.4 83.4 83.4 83.4 83.4 83.4 83.4 89.5 83.4 94.7 93.9 92.8 88.4 83.4 83.4 95.8 105.9 110.8 119.4 125 119.6
107.6 103 99.1 96.2 91.9 87.5 83.4 83.4 83.4 83.4 83.4 83.4 83.4 83.4 83.4 83.4 83.4 83.4 83.4 83.4 83.4 83.4 83.4 83.4 83.4 83.4 83.4 83.4 83.4 83.4 83.4 83.4 83.4 83.4 83.4 83.4 83.4 83.4 83.4 83.4 83.4 83.4 83.4 83.4 83.4 83.4 83.4 83.4 83.4 83.4 83.4 83.4 83.4 83.4 83.4 83.4 83.4 83.4 83.4 83.4 83.4 83.4 87.3 89.3 90.6 84.7 96.2 95.5 97.3 96.2 91.9 102.9 115 119.5 118.3 124.8 124.1 123
106.3 100.8 98.3 95.6 91.6 87.3 83.4 83.4 83.4 83.4 83.4 83.4 83.4 83.4 83.4 83.4 83.4 83.4 83.4 83.4 83.4 83.4 83.4 83.4 83.4 83.4 83.4 83.4 83.4 83.4 83.4 83.4 83.4 83.4 83.4 83.4 83.4 83.4 83.4 83.4 83.4 83.4 83.4 83.4 83.4 83.4 83.4 83.4 83.4 83.4 83.4 83.4 83.4 83.4 83.4 83.4 83.4 83.4 83.4 88 88.8 97.4 100.9 102.6 97.9 93.2 85.9 94.9 97.5 99.3 99.9 108.5 118.2 123.4 124.2 126.4 125.1 123.2
104.2 99.1 96.8 94 90.2 85.9 83.4 83.4 83.4 83.4 83.4 83.4 83.4 83.4 83.4 83.4 83.4 83.4 83.4 83.4 83.4 83.4 83.4 83.4 83.4 83.4 83.4 83.4 83.4 83.4 83.4 83.4 83.4 83.4 83.4 83.4 83.4 83.4 83.4 83.4 83.4 83.4 83.4 83.4 83.4 83.4 83.4 83.4 83.4 83.4 83.4 83.4 83.4 83.4 83.4 88.6 88.1 89.6 89.3 90.9 97.3 104.1 105.2 105 105.5 98.6 95.9 99.9 102.6 103.1 105.4 111.6 121 126 129.8 135.5 132.2 125
102.3 96.9 92.8 91.1 86.8 83.4 83.4 83.4 83.4 83.4 83.4 83.4 83.4 83.4 83.4 83.4 83.4 83.4 83.4 83.4 83.4 83.4 83.4 83.4 83.4 83.4 83.4 83.4 83.4 83.4 83.4 83.4 83.4 83.4 83.4 83.4 83.4 83.4 83.4 83.4 83.4 83.4 83.4 83.4 83.4 83.4 83.4 83.4 83.4 83.4 83.4 86.8 97.2 104.3 109.6 108.4 105 100.9 95.6 97.4 110 114.5 112.1 107.8 101.1 98.9 83.4 101.2 104 106.7 108.3 115.2 122.9 130.3 137.1 137.7 136 128.1
99.1 95.1 91 90.6 88.2 83.4 83.4 83.4 83.4 83.4 83.4 83.4 83.4 83.4 83.4 83.4 83.4 83.4 83.4 83.4 83.4 83.4 83.4 83.4 83.4 83.4 83.4 83.4 83.4 83.4 83.4 83.4 83.4 83.4 83.4 83.4 83.4 83.4 83.4 83.4 83.4 83.4 83.4 83.4 83.4 83.4 84.4 99.4 101.5 106 111.7 112.7 110.5 112.6 117.1 118.4 119.7 115.3 106.6 106.6 120.8 118.4 116.4 111.5 106.6 105.1 99.6 97.5 105 110.1 112.9 119.1 127.7 139.5 140.3 140 137.8 130.6
101.1 96.9 93.5 93.7 90.9 86.9 83.4 83.4 83.4 83.4 83.4 83.4 83.4 83.4 83.4 83.4 83.4 83.4 83.4 83.4 83.4 83.4 83.4 83.4 83.4 83.4 89.5 87.5 83.4 83.4 83.4 83.4 83.4 83.4 83.4 83.4 83.4 83.4 83.4 83.4 90.8 86.8 90.5 93.1 107 112.9 116.9 121.6 135.5 141 144.4 136.9 127.3 135 134.1 133.4 129.2 128.1 121.2 114.2 127.7 124.9 120.6 114.4 111.7 106.9 103.4 87 109.7 115.6 121.4 128.5 136.9 145.2 145.6 142.1 140.3 135.1
102.8 99.4 94.4 92.7 89.9 87.1 83.4 83.4 83.4 83.4 83.4 83.4 83.4 83.4 83.4 83.4 83.4 83.4 87.8 87.9 83.4 83.4 89.8 90.8 90.5 90.4 95.3 94.3 91.5 94 84.2 83.4 83.4 83.4 83.4 83.4 83.4 90.8 91.5 95.9 98 100.5 108.1 110.9 118.7 127.6 133.3 143.8 148.2 154.8 158.8 149.7 145.3 143.8 140.5 136.4 133.1 130 124.7 126.3 129.4 129.1 128.4 122.1 115.4 111.8 107.7 110.7 119 125.2 131.1 138.1 147.8 154.3 155.2 153.1 145.1 142.3
95.8 95.8 92 90 88.2 86.5 83.4 83.4 85.8 84.7 84.6 83.4 83.4 83.4 83.4 83.4 88.4 93.1 95.2 100.9 98 94.2 94.6 93.5 98.8 99.3 99.6 96.3 92 88.2 83.4 83.4 83.4 83.4 84.2 89.9 98.4 100.1 100.8 104.7 110.3 124.6 123.9 127.4 129.6 135.5 140.1 148.4 155.7 163.8 159.5 154.9 150 145.7 142.8 139.1 136.4 130.9 126.3 132 135.2 140.6 135.3 125.8 123.3 116.9 113 83.4 122.2 130.8 139.3 155.1 160.7 164.7 167.4 166.3 157.4 151.1
93.7 93 89.7 88.6 86.9 84.1 83.4 85.2 86.1 86.6 85.8 83.8 85.5 88 91 93.6 97.3 101.5 102.3 104.6 100.6 94.7 101.6 103.2 101.6 101 98 96.5 89.9 87.6 87.9 86.5 86 97 97.6 99.2 100.7 103.2 109.9 119.8 126.9 134.4 136.6 136.7 142.3 142.8 150.5 158.9 164.8 166.8 162.3 158.9 155.3 146.7 144.2 139.8 136.9 131.4 135.5 137.2 144.6 143.1 139.3 131.7 124.1 121.6 115.6 83.4 121.9 137.8 149.6 161 170.7 168.3 175.2 175.7 168.5 157.4
92.8 90.5 88.4 85.9 83.4 83.4 83.4 84.1 86.2 87.1 86.2 85.2 87.9 92.2 97.5 101.7 100.5 103.1 108 105.2 99.1 103.6 105.4 104.4 102.3 100.3 97.1 98.7 95.1 98.4 103.1 105.4 102.7 109.5 112 110.6 106.7 113.6 124.1 132 134.9 139.9 142.3 143.4 149.1 149.1 154.2 157.7 163.2 162.8 159.9 157.5 155.4 148.7 144.1 139.7 138 134.5 141 140.2 140.5 141.3 138.3 139.7 137 128.9 124.8 105.8 120.3 145.6 159.8 172.2 176.5 176.7 179.6 175.4 166.4 156.5
