WholeMapElevations/data/sz/sz68_OST50GRID_20230518/SZ68.asc
ncols 200
nrows 200
xllcorner 460000
yllcorner 80000
cellsize 50
[rows 76 to 113 of 200, columns 0 to 84 of 200]
23.2 21.5 19.9 19.3 18.7 16.7 12.1 7.7 3.7 2 1.8 2.3 2.2 2 1 1.4 0.5 4.2 10.3 14.9 18.9 24 27.6 30.3 28.1 23.6 20.3 17 13.9 10.9 8.3 9.9 11.1 13.2 21.4 29.1 36.1 43.5 49.9 56.3 63 69.3 76 82.2 88.9 94 96 96.3 93.9 89.6 85.8 81 76.3 71.1 63.9 57.3 51.6 46.5 41.4 39 35.5 33.8 37 37.9 37.3 35.3 30.3 29.1 29.3 29.5 30.4 31.2 32 30.9 29.3 27.9 27.4 26.8 26.9 25 5.2 0.6 -1.2 -1.2 -1.2
21.6 19.8 17.9 17.1 16.6 15.4 11.1 6.8 3 1.7 1.8 2.1 1.8 2.6 2.6 0.4 0.6 4.7 10.2 17.4 23.9 28 31.4 32.8 29.8 25.5 21.8 17.5 14 10.6 9.5 13.1 13.9 13.2 14 16.9 22.2 29.2 35.4 42.6 52.5 61.8 69.7 76.2 84.8 92.7 99.3 103 96.5 96.3 94.6 90.4 85.7 80.7 74.1 64.5 54.7 49.2 44 39.8 37.9 40.7 42.7 42.8 40.4 36.2 30.9 32.7 32.7 31.5 31.9 32.1 32.8 31.5 29.7 27.8 25.1 24.1 21.5 9.9 0.9 -1.2 -1.2 -1.2 -1.2
19.9 18.1 16.2 14.8 14.4 12.8 9.7 5.7 3 2.1 2.1 2.4 2.5 1.5 0.6 1.3 0.7 3.3 8.1 15.6 23.4 28.2 30.3 28.9 27.6 26 23.7 20.6 17 12.3 19.8 18.8 21.3 20.9 19.6 18.9 19 23.4 25.1 29 37.5 45.5 56 65.2 78.6 87.7 94.5 104.9 100 99.4 100.8 96.8 93.4 88.2 82.6 73.9 63.1 53.4 47.5 44.5 45.2 47.9 46.2 43.7 40.8 36.7 33.6 35.8 36.3 34.6 34.5 34.4 34.3 32.7 30.8 29 27.2 23.8 13.3 1.2 -0.1 -1.2 -1.2 -1.2 -1.2
19.3 17.1 14.5 12.7 11.1 9.3 6.4 4.2 2.4 1.9 2.2 2.4 1.6 2.4 1.5 1 0.5 1.2 3.8 10.2 16.7 21.1 22.3 22.2 22 22.1 22.3 20.3 17.4 14.2 18 32.4 36.7 36.5 34.8 30.2 26.9 26.7 26.4 27 29.3 33.1 41.8 52.8 71.2 81.1 90 95.2 98.7 94.1 103.9 101.9 99 94.6 89.9 83.6 75.8 65.4 54.4 49.8 51.4 50.6 49.9 47.6 43.9 39.4 36.4 39.1 40.6 39.6 38.8 38 37.2 36.4 35.5 33.1 30.6 26.3 1.7 0.5 -1.2 -1.2 -1.2 -1.2 -1.2
18.4 16.9 13.9 11.6 10.1 6.8 4.6 3 1.9 2.1 1.8 1.9 2 1 0.2 0.2 0.3 0.7 2.6 6.1 10.6 13.1 14.3 15.1 15.3 16.2 17.2 20.2 20.5 17.2 16.1 20.7 28.4 33.1 37.2 42.9 46.1 42.5 39.8 36.5 34.7 34.7 37.7 41.6 52.9 72.4 81.7 89.6 94.9 100 101.8 103.8 102.4 100.1 95.9 90.9 84.7 77 68.1 57.4 56.5 56.7 54.9 52.4 47.9 42.7 38.6 41.3 43.5 43.1 42.3 41.5 41.2 40.7 39.9 36.5 32.8 12.4 1.3 0 -1.2 -1.2 -1.2 -1.2 -1.2
16.5 15 12.9 10.5 8.2 5.3 3.8 2.2 1.8 1.7 1.5 1.2 1.5 0.2 0.5 0.6 0.7 1 2 3.3 5.6 7.7 9.5 9.5 11.5 13 16.2 19.5 23.3 22.5 19.8 18.1 22.6 27.4 29.2 33.3 38.9 44.7 52.3 50.5 51.7 47.4 43.4 43.8 46.6 52.5 69.7 81.7 89.2 94.2 98.5 100.4 102.6 102.2 97.8 93.9 90.8 85 77.4 72.6 68.7 65 59.6 56.2 51.2 46 43.4 44.7 46.5 46.4 45.9 45.7 45.6 46 43 36.8 29.4 2.6 0.9 -0.4 -1.2 -1.2 -1.2 -1.2 -1.2
14 12.9 11.1 9 5.9 4.4 2.9 1.7 1.7 1.4 1.1 0.9 0.7 0.5 0.9 1 1.4 2.4 2.4 2.5 3.4 4.7 6.3 8 10.1 12.4 15.1 18.6 21 23.9 22.8 20.2 20 23 27.1 31.7 36.8 40.2 43.7 48.4 50.9 56.7 61 57.2 53.2 53.8 59.9 72.3 80.8 87.1 92 97 100.3 101.6 100.4 98.5 96.6 91.6 87.4 85.3 81.2 76.7 68.8 59.3 53.7 50 48.9 50.5 51 50.6 50.5 50.4 49.6 48.5 41.8 29.3 15.4 2.7 0.8 -0.4 -1.2 -1.2 -1.2 -1.2 -1.2
10.4 9.3 8.3 5.8 4.8 3.3 1.9 1 0.7 0.9 1 1.4 0.8 0.8 1.1 1.7 1.9 2.1 1.8 1.8 2.6 4.8 7.5 9 11.9 13.3 14.7 17.1 20.3 23.9 23.6 22.2 20.4 22.3 26.2 30.3 33 35.5 37.9 40.6 44.6 48.8 53.4 59.2 65.4 65 63.8 68.7 71.4 77 82.2 89 95 98.8 100.8 100.5 99.1 97.5 95.1 92.7 89.9 85.8 82 64.7 62.2 60.2 57 55.1 55.8 55.8 55.2 53.6 51.5 48 44.1 39.8 24 2 0.7 -0.4 -1.2 -1.2 -1.2 -1.2 -1.2
6.8 5.7 4.1 3 3.4 2.2 1.3 1.4 0 0.3 0.7 1.2 1.4 0.5 0.9 1.4 1.7 1.8 1.6 1.3 1.9 5.4 8.7 12.2 15.1 16.7 17.7 18.5 20 24.5 25 23.3 21.5 21.5 23.8 27.7 28.4 30.9 33.5 35.4 39.4 43.4 47.8 52.5 56.8 62.2 67.8 69.9 68.2 61.1 70.4 80.1 87.4 92.8 96.9 98.1 98.9 99.4 98.6 97.7 96.2 93.8 90.9 87.7 84.7 79.4 75.1 70.4 67.1 64.4 60.3 58.8 56.7 52.6 48.7 43.2 26.5 8.6 1.1 0.1 -1.2 -1.2 -1.2 -1.2 -1.2
3.9 2.9 1.8 1.2 1.2 1.4 1.5 0.5 0 0.4 0.8 1.2 1.6 1.4 0.7 1.2 1.4 1.6 1.3 1.1 1.5 3.1 7.7 12.7 16.4 18.3 20.2 21 21.9 24.8 26.9 24.8 23.1 23.3 23.6 24.9 25.5 26.6 29.2 31.4 35.3 38.9 42 45.6 49.8 53.8 58.1 60.4 59.8 56.1 61.7 70.1 78 85.5 90.2 92.9 95.4 95.7 96 98.7 98.5 98.8 97.7 95.9 94.7 92.8 90.7 87.8 83.7 80.7 78.9 74.3 72.2 69.8 66.2 62.8 59.2 45.2 26.9 2.9 -1.2 -1.2 -1.2 -1.2 -1.2
2.1 2.2 2.3 1.3 0.6 1.1 1.4 0.7 0.1 0.4 0.8 1.2 1.7 1.7 1.4 1.2 1.2 1.3 1.3 1.5 2.7 2.6 3.2 6.8 12.4 17 19.4 20.8 22.9 24.7 26.8 25.6 24.9 25.7 26.2 26.6 27.2 26.4 27.2 28.3 30.7 34.3 37.4 39.8 43.4 47.1 49.6 51.5 51.1 50.4 54.5 62.2 65.9 74.6 79.9 84.6 88.3 91.2 92.9 95.7 98.2 99.3 100.4 99.7 99 98.3 97.1 95.8 93.6 91.1 89.2 87.3 83.2 81.2 78.2 75 71.2 67.1 62.9 59.2 1.1 -1.2 -1.2 -1.2 -1.2
1.2 1.6 1.4 0.8 0.6 0.5 1.4 0.8 0.1 0.5 0.9 1.6 1.7 1.8 1.8 2 3.1 1.6 2.2 4 5 5.7 5 4.7 5.9 10.3 16.7 20.4 20.9 23.5 26.6 26.8 26.1 27.3 30.1 31.2 31.1 30.6 30.9 30.8 30.4 32.1 33.3 35.3 37.7 40.2 42.7 44.3 45.6 46.3 49.6 55.3 60.6 65.7 70.6 73.6 78.9 83 86.3 89.8 92.7 94.7 96.3 98.1 98.3 99 97.1 98.3 96.6 95.2 93.3 91.3 89.1 86.6 83.5 80.4 76.7 73.6 71 1.2 -1.2 -1.2 -1.2 -1.2 -1.2
1.7 1.7 1.8 1.3 0.8 1.1 1.4 0.9 0.2 0.6 1.2 1.7 1.7 1.8 1.8 2.4 4.7 5.9 6.7 7.3 8 8.7 8.2 8.1 8.3 7.9 11.9 17.5 19.3 20.1 24.3 25.1 25.9 28.8 32 33.5 34 34.5 34.7 34.4 34 34 34.2 34.5 35.2 36.6 38.6 41 41.5 44.8 48.2 52.5 55.4 57.1 59.4 61.9 65.6 69.8 76.4 79.2 82.9 86.7 89.1 91.2 91.6 92.7 93.5 93.9 92.9 92.7 91.3 90.2 85.7 85.3 82.4 79.4 75.8 72.2 41 -1.2 -1.2 -1.2 -1.2 -1.2 -1.2
1.5 2.4 1.6 1.4 1.4 1.6 1.2 0.9 0.3 0.6 1.6 1.7 1.7 1.5 1.7 1.7 4 6.2 7.8 9.3 10.2 11.8 11.7 11.9 12.1 12 11.3 13.1 14.7 16.5 19.1 21.5 24.1 27.7 31.2 32.7 34.3 35.2 36.3 37.3 37.1 37.7 38 39.2 38.8 38.2 38.5 40 42.3 44.8 47.7 49.5 48.9 38.5 23.1 24.9 35.2 24.4 32.6 38.3 43.3 48.2 52.7 71.7 80 81.2 83.8 86.3 86.2 86 85.4 84.2 82.2 79.6 76.9 74.2 70.2 1.1 -1.2 -1.2 -1.2 -1.2 -1.2 -1.2 -1.2
1.8 2.5 2.5 1.1 1.6 1.3 0.7 0.6 0.4 1.6 1.5 1 1.3 1.5 1.5 1.5 3 5.5 7.4 8.4 10.6 11.8 14.7 15.8 16.2 16.4 14.4 13.5 14.4 18.6 17.5 20 23.6 27.1 29.8 31.4 32.6 33.1 35.1 36.8 38.2 38.6 37.5 42.3 42.3 41.9 41.7 41.7 43.1 45.2 45.8 44.6 7.4 1.2 0.8 0.5 -1.2 -1.2 -1.2 -1.2 1 1.3 5.2 3.6 26.2 37.6 41.4 45.5 72.5 66.9 72.6 76 74.7 72.2 69.5 66 11.1 -1.2 -1.2 -1.2 -1.2 -1.2 -1.2 -1.2 -1.2
1.9 2 1.1 0.8 1.5 1.6 1.3 4.5 3.2 0.6 0.8 1.1 1.3 1.3 1.3 1.3 2.1 4.1 5.4 6.6 8.1 10.3 13.2 16.1 19.8 20.6 19.2 18.1 19.9 21.2 20.9 21.1 23.1 26.1 28.2 29.4 29.4 29.7 30.7 32.1 27.5 18.7 13.7 19.2 37.9 44.7 42.9 32.5 2.6 1.2 0.6 -1.2 -1.2 -1.2 -1.2 -1.2 -1.2 -1.2 -1.2 -1.2 -1.2 -1.2 -1.2 -1.2 -1.2 -1.2 0.9 0.7 0.9 -1.2 -1.2 -1.2 -1.2 -1.2 -1.2 -1.2 -1.2 -1.2 -1.2 -1.2 -1.2 -1.2 -1.2 -1.2 -1.2
2.3 2.7 1.6 1.7 2.1 2.7 2.3 10.8 11.6 4.6 1.3 1.1 1.2 1.2 1.2 1.2 1.2 1.7 3.1 4.8 6.2 7.6 10.1 14.3 18.1 21.8 23.6 23.8 24.1 25 24 23.9 24.7 26.1 26.5 26.4 26.4 26.3 27 27.6 19.1 10.3 11.6 3.1 2.2 1.3 0.7 -1.2 -1.2 -1.2 -1.2 -1.2 -1.2 -1.2 -1.2 -1.2 -1.2 -1.2 -1.2 -1.2 -1.2 -1.2 -1.2 -1.2 -1.2 -1.2 -1.2 -1.2 -1.1 -1.2 -1.2 -1.2 -1.2 -1.2 -1.2 -1.2 -1.2 -1.2 -1.2 -1.2 -1.2 -1.2 -1.2 -1.2 -1.2
2.8 0.7 2.3 2 2.8 2.6 2.6 7.7 13.6 9.6 1.2 1 1.3 1.3 1.3 1.2 1 1.7 1.9 3.4 4.7 6.2 8.2 11 14.5 17.9 18.2 21.1 25 27.1 27.4 26.5 26.6 26.5 26.3 24.9 23.8 23.3 11.4 6.4 2.6 1.7 0.9 0.3 -1.2 -1.2 -1.2 -1.2 -1.2 -1.2 -1.2 -1.2 -1.2 -1.2 -1.2 -1.2 -1.2 -1.2 -1.2 -1.2 -1.2 -1.2 -1.2 -1.2 -1.2 -1.2 -1.2 -1.2 -1.2 -1.2 -1.2 -1.2 -1.2 -1.2 -1.2 -1.2 -1.2 -1.2 -1.2 -1.2 -1.2 -1.2 -1.2 -1.2 -1.2
1.8 1.3 1.4 1.8 3.1 2.4 3.1 2.2 11.1 9.3 3.2 0.8 1.4 1.4 1.2 1 0.8 1.7 1.5 2.2 3.1 4.8 6.5 8.7 11.3 14 14.5 18 22 26.7 29.9 31 28.5 28.2 16.7 12.9 5.2 2.3 1.4 0.6 -1.2 -1.2 -1.2 -1.2 -1.2 -1.2 -1.2 -1.2 -1.2 -1.2 -1.2 -1.2 -1.2 -1.2 -1.2 -1.2 -1.2 -1.2 -1.2 -1.2 -1.2 -1.2 -1.2 -1.2 -1.2 -1.2 -1.2 -1.2 -1.2 -1.2 -1.2 -1.2 -1.2 -1.2 -1.2 -1.2 -1.2 -1.2 -1.2 -1.2 -1.2 -1.2 -1.2 -1.2 -1.2
2.2 2 1.8 0.7 2 2.3 2.3 3.4 4.6 4.8 4.5 0.8 1.1 0.9 0.8 0.6 0.9 1.7 1.4 1.8 2.3 3.3 5 6.9 8.8 11.1 12.3 14.5 18.4 22.5 26.1 27.1 24.9 11 2.4 1.6 -1.2 -1.2 -1.2 -1.2 -1.2 -1.2 -1.2 -1.2 -1.2 -1.2 -1.2 -1.2 -1.2 -1.2 -1.2 -1.2 -1.2 -1.2 -1.2 -1.2 -1.2 -1.2 -1.2 -1.2 -1.2 -1.2 -1.2 -1.2 -1.2 -1.2 -1.2 -1.2 -1.2 -1.2 -1.2 -1.2 -1.2 -1.2 -1.2 -1.2 -1.2 -1.2 -1.2 -1.2 -1.2 -1.2 -1.2 -1.2 -1.2
2.3 2.5 2.5 2.2 2.4 3 4.2 4.2 3.9 4.7 4.5 2.8 0.4 0.3 0.7 1.1 1.4 1.1 1.3 1.9 2.5 2.5 4.3 5.9 7.5 8.6 10.2 12 15 17.2 16.1 6.3 2.9 1 -1.2 -1.2 -1.2 -1.2 -1.2 -1.2 -1.2 -1.2 -1.2 -1.2 -1.2 -1.2 -1.2 -1.2 -1.2 -1.2 -1.2 -1.2 -1.2 -1.2 -1.2 -1.2 -1.2 -1.2 -1.2 -1.2 -1.2 -1.2 -1.2 -1.2 -1.2 -1.2 -1.2 -1.2 -1.2 -1.2 -1.2 -1.2 -1.2 -1.2 -1.2 -1.2 -1.2 -1.2 -1.2 -1.2 -1.2 -1.2 -1.2 -1.2 -1.2
2.7 2.7 2.7 1.9 2.6 3.2 3.9 4.3 4.1 2.5 3 3 0.8 1 1.4 1.8 1.9 1.6 1.2 1.6 2.6 3.3 4.4 5.7 7.1 7.8 9.6 10.4 5.8 2.7 1.5 0.4 -1.2 -1.2 -1.2 -1.2 -1.2 -1.2 -1.2 -1.2 -1.2 -1.2 -1.2 -1.2 -1.2 -1.2 -1.2 -1.2 -1.2 -1.2 -1.2 -1.2 -1.2 -1.2 -1.2 -1.2 -1.2 -1.2 -1.2 -1.2 -1.2 -1.2 -1.2 -1.2 -1.2 -1.2 -1.2 -1.2 -1.2 -1.2 -1.2 -1.2 -1.2 -1.2 -1.2 -1.2 -1.2 -1.2 -1.2 -1.2 -1.2 -1.2 -1.2 -1.2 -1.2
2.6 2.6 2.5 2.4 1.9 1.6 1.5 1.6 1.6 1.5 1.2 1.4 1.8 2 2 2.4 2.4 2.2 3 3.8 4.3 3.7 3.4 5.3 6.2 6.7 2.7 1.9 0.9 -1.2 -1.2 -1.2 -1.2 -1.2 -1.2 -1.2 -1.2 -1.2 -1.2 -1.2 -1.2 -1.2 -1.2 -1.2 -1.2 -1.2 -1.2 -1.2 -1.2 -1.2 -1.2 -1.2 -1.2 -1.2 -1.2 -1.2 -1.2 -1.2 -1.2 -1.2 -1.2 -1.2 -1.2 -1.2 -1.2 -1.2 -1.2 -1.2 -1.2 -1.2 -1.2 -1.2 -1.2 -1.2 -1.2 -1.2 -1.2 -1.2 -1.2 -1.2 -1.2 -1.2 -1.2 -1.2 -1.2
2.4 2.2 2 2.5 2.2 1.9 1.7 1.7 1.8 1.5 1.2 1.4 1.8 2.2 2.6 3 3.8 4.6 5 5.1 4.5 4.1 4.1 4.7 5.4 1.8 1 0.2 -1.2 -1.2 -1.2 -1.2 -1.2 -1.2 -1.2 -1.2 -1.2 -1.2 -1.2 -1.2 -1.2 -1.2 -1.2 -1.2 -1.2 -1.2 -1.2 -1.2 -1.2 -1.2 -1.2 -1.2 -1.2 -1.2 -1.2 -1.2 -1.2 -1.2 -1.2 -1.2 -1.2 -1.2 -1.2 -1.2 -1.2 -1.2 -1.2 -1.2 -1.2 -1.2 -1.2 -1.2 -1.2 -1.2 -1.2 -1.2 -1.2 -1.2 -1.2 -1.2 -1.2 -1.2 -1.2 -1.2 -1.2
2.5 1.7 1.6 1.7 1.7 1.8 1.7 1.9 1.9 1.5 1.3 1.5 1.7 2.5 4 5.4 5.4 5.7 5.9 6 5.1 4.4 4.3 2.1 1 0.1 -1.2 -1.2 -1.2 -1.2 -1.2 -1.2 -1.2 -1.2 -1.2 -1.2 -1.2 -1.2 -1.2 -1.2 -1.2 -1.2 -1.2 -1.2 -1.2 -1.2 -1.2 -1.2 -1.2 -1.2 -1.2 -1.2 -1.2 -1.2 -1.2 -1.2 -1.2 -1.2 -1.2 -1.2 -1.2 -1.2 -1.2 -1.2 -1.2 -1.2 -1.2 -1.2 -1.2 -1.2 -1.2 -1.2 -1.2 -1.2 -1.2 -1.2 -1.2 -1.2 -1.2 -1.2 -1.2 -1.2 -1.2 -1.2 -1.2
3.8 2.1 2 1.9 1.9 1.9 2.1 1.8 1.4 1.3 1.5 1.7 2 3.1 4.5 5.9 6.1 6.2 6.2 6.5 6.2 5.7 0.8 0 -1.2 -1.2 -1.2 -1.2 -1.2 -1.2 -1.2 -1.2 -1.2 -1.2 -1.2 -1.2 -1.2 -1.2 -1.2 -1.2 -1.2 -1.2 -1.2 -1.2 -1.2 -1.2 -1.2 -1.2 -1.2 -1.2 -1.2 -1.2 -1.2 -1.2 -1.2 -1.2 -1.2 -1.2 -1.2 -1.2 -1.2 -1.2 -1.2 -1.2 -1.2 -1.2 -1.2 -1.2 -1.2 -1.2 -1.2 -1.2 -1.2 -1.2 -1.2 -1.2 -1.2 -1.2 -1.2 -1.2 -1.2 -1.2 -1.2 -1.2 -1.2
6.2 4.7 2.3 2.3 2.2 2.1 2.2 2 1.1 1.7 1.7 2.8 2.2 3.3 4.6 5.9 6.4 6.4 5.6 5.4 1 0 -0.7 -1.2 -1.2 -1.2 -1.2 -1.2 -1.2 -1.2 -1.2 -1.2 -1.2 -1.2 -1.2 -1.2 -1.2 -1.2 -1.2 -1.2 -1.2 -1.2 -1.2 -1.2 -1.2 -1.2 -1.2 -1.2 -1.2 -1.2 -1.2 -1.2 -1.2 -1.2 -1.2 -1.2 -1.2 -1.2 -1.2 -1.2 -1.2 -1.2 -1.2 -1.2 -1.2 -1.2 -1.2 -1.2 -1.2 -1.2 -1.2 -1.2 -1.2 -1.2 -1.2 -1.2 -1.2 -1.2 -1.2 -1.2 -1.2 -1.2 -1.2 -1.2 -1.2
7.5 5.8 4 2.4 2.6 2.2 1.3 1.5 0.9 1.3 2 0.8 2.5 3.5 4.4 5.2 5.6 4.9 2.3 0.4 -1.2 -1.2 -1.2 -1.2 -1.2 -1.2 -1.2 -1.2 -1.2 -1.2 -1.2 -1.2 -1.2 -1.2 -1.2 -1.2 -1.2 -1.2 -1.2 -1.2 -1.2 -1.2 -1.2 -1.2 -1.2 -1.2 -1.2 -1.2 -1.2 -1.2 -1.2 -1.2 -1.2 -1.2 -1.2 -1.2 -1.2 -1.2 -1.2 -1.2 -1.2 -1.2 -1.2 -1.2 -1.2 -1.2 -1.2 -1.2 -1.2 -1.2 -1.2 -1.2 -1.2 -1.2 -1.2 -1.2 -1.2 -1.2 -1.2 -1.2 -1.2 -1.2 -1.2 -1.2 -1.2
8.5 6.8 5 3.3 2.5 2.5 1.7 1.7 0.8 0.6 0.8 0.8 0.8 3.4 3.5 4.3 5.1 0.6 -1.2 -1.2 -1.2 -1.2 -1.2 -1.2 -1.2 -1.2 -1.2 -1.2 -1.2 -1.2 -1.2 -1.2 -1.2 -1.2 -1.2 -1.2 -1.2 -1.2 -1.2 -1.2 -1.2 -1.2 -1.2 -1.2 -1.2 -1.2 -1.2 -1.2 -1.2 -1.2 -1.2 -1.2 -1.2 -1.2 -1.2 -1.2 -1.2 -1.2 -1.2 -1.2 -1.2 -1.2 -1.2 -1.2 -1.2 -1.2 -1.2 -1.2 -1.2 -1.2 -1.2 -1.2 -1.2 -1.2 -1.2 -1.2 -1.2 -1.2 -1.2 -1.2 -1.2 -1.2 -1.2 -1.2 -1.2
8.5 6.9 5.3 3.6 2.1 2.1 1.6 1.6 0.2 1.4 1.7 0.8 0.8 2.8 4.1 1 -0.1 -1.2 -1.2 -1.2 -1.2 -1.2 -1.2 -1.2 -1.2 -1.2 -1.2 -1.2 -1.2 -1.2 -1.2 -1.2 -1.2 -1.2 -1.2 -1.2 -1.2 -1.2 -1.2 -1.2 -1.2 -1.2 -1.2 -1.2 -1.2 -1.2 -1.2 -1.2 -1.2 -1.2 -1.2 -1.2 -1.2 -1.2 -1.2 -1.2 -1.2 -1.2 -1.2 -1.2 -1.2 -1.2 -1.2 -1.2 -1.2 -1.2 -1.2 -1.2 -1.2 -1.2 -1.2 -1.2 -1.2 -1.2 -1.2 -1.2 -1.2 -1.2 -1.2 -1.2 -1.2 -1.2 -1.2 -1.2 -1.2
8.7 6.6 5 3.4 2.3 1.8 1.7 1.7 1.6 2 2.2 0.8 0.9 3.2 0.4 -1.2 -1.2 -1.2 -1.2 -1.2 -1.2 -1.2 -1.2 -1.2 -1.2 -1.2 -1.2 -1.2 -1.2 -1.2 -1.2 -1.2 -1.2 -1.2 -1.2 -1.2 -1.2 -1.2 -1.2 -1.2 -1.2 -1.2 -1.2 -1.2 -1.2 -1.2 -1.2 -1.2 -1.2 -1.2 -1.2 -1.2 -1.2 -1.2 -1.2 -1.2 -1.2 -1.2 -1.2 -1.2 -1.2 -1.2 -1.2 -1.2 -1.2 -1.2 -1.2 -1.2 -1.2 -1.2 -1.2 -1.2 -1.2 -1.2 -1.2 -1.2 -1.2 -1.2 -1.2 -1.2 -1.2 -1.2 -1.2 -1.2 -1.2
9.3 6.2 4.8 3.2 1.9 2.2 2.2 2.1 2 2.3 2.3 4.5 1.1 -1.2 -1.2 -1.2 -1.2 -1.2 -1.2 -1.2 -1.2 -1.2 -1.2 -1.2 -1.2 -1.2 -1.2 -1.2 -1.2 -1.2 -1.2 -1.2 -1.2 -1.2 -1.2 -1.2 -1.2 -1.2 -1.2 -1.2 -1.2 -1.2 -1.2 -1.2 -1.2 -1.2 -1.2 -1.2 -1.2 -1.2 -1.2 -1.2 -1.2 -1.2 -1.2 -1.2 -1.2 -1.2 -1.2 -1.2 -1.2 -1.2 -1.2 -1.2 -1.2 -1.2 -1.2 -1.2 -1.2 -1.2 -1.2 -1.2 -1.2 -1.2 -1.2 -1.2 -1.2 -1.2 -1.2 -1.2 -1.2 -1.2 -1.2 -1.2 -1.2
10.3 7.2 5 4.1 3.6 2.9 2.7 2.6 3.2 2.4 4.4 0.9 -1.2 -1.2 -1.2 -1.2 -1.2 -1.2 -1.2 -1.2 -1.2 -1.2 -1.2 -1.2 -1.2 -1.2 -1.2 -1.2 -1.2 -1.2 -1.2 -1.2 -1.2 -1.2 -1.2 -1.2 -1.2 -1.2 -1.2 -1.2 -1.2 -1.2 -1.2 -1.2 -1.2 -1.2 -1.2 -1.2 -1.2 -1.2 -1.2 -1.2 -1.2 -1.2 -1.2 -1.2 -1.2 -1.2 -1.2 -1.2 -1.2 -1.2 -1.2 -1.2 -1.2 -1.2 -1.2 -1.2 -1.2 -1.2 -1.2 -1.2 -1.2 -1.2 -1.2 -1.2 -1.2 -1.2 -1.2 -1.2 -1.2 -1.2 -1.2 -1.2 -1.2
11.3 8.1 6.1 5.6 6.7 5.6 4.7 3.7 4.3 1.6 0.4 -1.2 -1.2 -1.2 -1.2 -1.2 -1.2 -1.2 -1.2 -1.2 -1.2 -1.2 -1.2 -1.2 -1.2 -1.2 -1.2 -1.2 -1.2 -1.2 -1.2 -1.2 -1.2 -1.2 -1.2 -1.2 -1.2 -1.2 -1.2 -1.2 -1.2 -1.2 -1.2 -1.2 -1.2 -1.2 -1.2 -1.2 -1.2 -1.2 -1.2 -1.2 -1.2 -1.2 -1.2 -1.2 -1.2 -1.2 -1.2 -1.2 -1.2 -1.2 -1.2 -1.2 -1.2 -1.2 -1.2 -1.2 -1.2 -1.2 -1.2 -1.2 -1.2 -1.2 -1.2 -1.2 -1.2 -1.2 -1.2 -1.2 -1.2 -1.2 -1.2 -1.2 -1.2
10.5 8.3 7.8 7.3 7.8 8.4 7.4 4.2 1 -1.2 -1.2 -1.2 -1.2 -1.2 -1.2 -1.2 -1.2 -1.2 -1.2 -1.2 -1.2 -1.2 -1.2 -1.2 -1.2 -1.2 -1.2 -1.2 -1.2 -1.2 -1.2 -1.2 -1.2 -1.2 -1.2 -1.2 -1.2 -1.2 -1.2 -1.2 -1.2 -1.2 -1.2 -1.2 -1.2 -1.2 -1.2 -1.2 -1.2 -1.2 -1.2 -1.2 -1.2 -1.2 -1.2 -1.2 -1.2 -1.2 -1.2 -1.2 -1.2 -1.2 -1.2 -1.2 -1.2 -1.2 -1.2 -1.2 -1.2 -1.2 -1.2 -1.2 -1.2 -1.2 -1.2 -1.2 -1.2 -1.2 -1.2 -1.2 -1.2 -1.2 -1.2 -1.2 -1.2
10.7 9.1 8.9 7.4 8.2 4.5 1.9 0.7 -1.2 -1.2 -1.2 -1.2 -1.2 -1.2 -1.2 -1.2 -1.2 -1.2 -1.2 -1.2 -1.2 -1.2 -1.2 -1.2 -1.2 -1.2 -1.2 -1.2 -1.2 -1.2 -1.2 -1.2 -1.2 -1.2 -1.2 -1.2 -1.2 -1.2 -1.2 -1.2 -1.2 -1.2 -1.2 -1.2 -1.2 -1.2 -1.2 -1.2 -1.2 -1.2 -1.2 -1.2 -1.2 -1.2 -1.2 -1.2 -1.2 -1.2 -1.2 -1.2 -1.2 -1.2 -1.2 -1.2 -1.2 -1.2 -1.2 -1.2 -1.2 -1.2 -1.2 -1.2 -1.2 -1.2 -1.2 -1.2 -1.2 -1.2 -1.2 -1.2 -1.2 -1.2 -1.2 -1.2 -1.2
10.8 9.8 9.1 7 4.6 2.8 0.7 -1.2 -1.2 -1.2 -1.2 -1.2 -1.2 -1.2 -1.2 -1.2 -1.2 -1.2 -1.2 -1.2 -1.2 -1.2 -1.2 -1.2 -1.2 -1.2 -1.2 -1.2 -1.2 -1.2 -1.2 -1.2 -1.2 -1.2 -1.2 -1.2 -1.2 -1.2 -1.2 -1.2 -1.2 -1.2 -1.2 -1.2 -1.2 -1.2 -1.2 -1.2 -1.2 -1.2 -1.2 -1.2 -1.2 -1.2 -1.2 -1.2 -1.2 -1.2 -1.2 -1.2 -1.2 -1.2 -1.2 -1.2 -1.2 -1.2 -1.2 -1.2 -1.2 -1.2 -1.2 -1.2 -1.2 -1.2 -1.2 -1.2 -1.2 -1.2 -1.2 -1.2 -1.2 -1.2 -1.2 -1.2 -1.2
10.6 9.8 6.1 4.1 1.5 -1.2 -1.2 -1.2 -1.2 -1.2 -1.2 -1.2 -1.2 -1.2 -1.2 -1.2 -1.2 -1.2 -1.2 -1.2 -1.2 -1.2 -1.2 -1.2 -1.2 -1.2 -1.2 -1.2 -1.2 -1.2 -1.2 -1.2 -1.2 -1.2 -1.2 -1.2 -1.2 -1.2 -1.2 -1.2 -1.2 -1.2 -1.2 -1.2 -1.2 -1.2 -1.2 -1.2 -1.2 -1.2 -1.2 -1.2 -1.2 -1.2 -1.2 -1.2 -1.2 -1.2 -1.2 -1.2 -1.2 -1.2 -1.2 -1.2 -1.2 -1.2 -1.2 -1.2 -1.2 -1.2 -1.2 -1.2 -1.2 -1.2 -1.2 -1.2 -1.2 -1.2 -1.2 -1.2 -1.2 -1.2 -1.2 -1.2 -1.2
