UK/data/nm/nm48_OST50GRID_20230518/NM48.asc
ncols 200
nrows 200
xllcorner 140000
yllcorner 780000
cellsize 50
[rows 37 to 73 of 200, columns 83 to 165 of 200]
-1.7 -1.7 -1.7 -1.7 -1.7 -1.7 -1.7 -1.7 -1.7 -1.7 -1.7 -1.7 -1.7 -1.7 -1.7 1.2 38.8 9.4 20.8 31.8 53 67.1 70.4 59.9 97.2 105.2 102.8 92.8 88.6 71.8 60.8 58.2 56.6 51.8 65.3 58.9 54.4 49.1 30.5 10.6 5.3 -1.7 -1.7 -1.7 -1.7 -1.7 -1.7 -1.7 -1.7 -1.7 -1.7 -1.7 -0.4 -0.1 -0.6 -1.7 -1.7 5 8.5 9.3 8.9 7.9 7.3 8.7 8.3 9.7 11.4 15.8 20.9 26.1 37.1 55.7 86.5 120.8 162.1 176.5 182.4 197.3 211.5 226.6 230.8 241 248.9
-1.7 -1.7 -1.7 -1.7 -1.7 -1.7 -1.7 -1.7 -1.7 -1.7 -1.7 -1.7 -1.7 -1.7 -1.7 1.8 70.5 102.2 62.2 74.8 124.1 103.2 135.4 130.3 131.3 113.4 117.7 109.4 114.1 105.1 79.8 79.6 68.9 77.8 92.1 80.2 70.6 60.6 56.6 35.1 11.3 5.5 1.8 -1.7 -1.7 -1.7 -0.3 -1.7 -1.7 -1.7 -1.7 -1.7 0.2 1.3 1.2 4.5 8 9.6 11.2 11.6 8 8.5 7.2 7.4 8 9.1 11.8 15.2 19.6 25.6 36.4 52.3 85 127.6 161.9 180.1 184.4 192.7 204.7 223.8 229.7 236 249.2
-1.7 -1.7 -1.7 -1.7 -1.7 -1.7 -1.7 -1.7 -1.7 -1.7 -1.7 -1.7 -1.7 -1.7 1.1 6.5 49.9 104 107.8 113.7 126 131.5 141.9 144.7 147.5 156.6 158.8 155 152.7 129.7 113.4 112.9 99.5 108.3 112.6 103.9 79.6 74.3 65.6 54.9 31.8 21.8 10 5.1 2.3 1.9 1.7 1.4 1.3 1.3 -1.7 -1.7 -0.4 2 6 6.6 9.4 12 12.9 8 6.8 7.8 7.2 7.7 8.2 9.4 12.6 15.9 21.2 28.4 36.5 54.4 86.8 132.3 154.6 173 183.8 195.3 207.5 216.6 220.3 238.7 257
-1.7 -1.7 -1.7 -1.7 -1.7 -1.7 -1.7 -1.7 -1.7 -1.7 -1.7 -1.7 -1.7 0.3 2.3 18.6 83.8 106.7 113.2 112.7 126.7 135.8 139.5 144.1 153.6 164.9 166.7 171.9 164.7 150 148.8 150.1 119.8 117.6 123 113.9 107.4 91.3 76.6 81.9 58.4 55.2 45.2 30.2 12.3 8.5 6.8 6.6 6.4 6 4.6 -1.7 -1.7 5.7 8.5 10.4 12.3 12.3 8.9 7.3 6.6 7.1 7.5 7.8 8.3 10.3 11.5 20.2 27.9 35.2 44.2 61.4 92.7 129.8 155.6 174 186.9 193.1 208.9 217.7 226.9 246 262
-1.7 -1.7 -1.7 -1.7 -1.7 -1.7 -1.7 -1.7 -1.7 -1.7 -1.7 -1.7 0.9 2.3 17.5 45.2 98.4 102.3 115.8 120.4 122.9 137.9 141.7 146.9 162.5 162.8 172.9 175.1 172.6 164.1 168.1 161.3 158.5 130.7 126.8 124.7 119.9 108.6 100.4 88.9 75.3 75.8 57.5 50.2 49.6 32 21.3 9.3 8 8.3 8.4 8.7 8.9 10 18.8 15.2 13.6 15 9.1 7.6 7.4 7.4 7.8 8.2 9 11.6 13.9 22.4 36.4 43 54.1 87.5 101.5 125 152.2 169.3 187.1 189.5 206.6 218.3 227.1 245.3 253.4
-1.7 -1.7 -1.7 -1.7 -1.7 -1.7 -1.7 -1.7 -1.7 -1.7 -1.7 1.7 14.4 38.9 57.1 113.7 111.6 94.5 116.4 128.6 130.1 139.4 151.8 155.4 162.6 170.4 170.1 171.6 171.6 164.9 181.2 178.1 172.6 170.4 141.5 126.2 124.2 122.7 112.2 97.7 89.7 83.6 78.1 67.1 52.9 42.7 29.9 21.3 12.6 9.5 10.9 11.4 11.9 10.8 10 10.6 14.5 9.8 8.7 7.4 8.3 7.8 8.2 8.7 9.9 14.1 16.7 25.9 33.6 47 73.4 95.1 110.8 135.1 158.4 168.7 183.6 187.8 201.7 210.8 217.7 228.1 240.4
-1.7 -1.7 -1.7 -1.7 -1.7 -1.7 -1.7 -1.7 -1.7 1.4 15.8 32.4 55.1 118.9 123.6 120.2 120.6 113.9 111.1 128.3 139.5 143.7 155.8 160.3 164.2 167.2 169.6 171.3 170.7 181.3 185.4 193.3 183.5 184.1 171.1 159.2 132 129.9 129 119.6 110.2 97.7 91.5 91.3 73.6 47.2 36 31.3 28.9 13.6 10.7 11.5 10.9 10.3 10.1 10.2 9.6 9.2 8 8.1 8.5 8.9 8.6 11 16.6 37.1 33.5 27.5 38.5 66.2 85.6 94.1 111.8 137.1 159.8 166.4 176.8 184.3 193.1 202.4 204.9 218 226.1
-1.7 -1.7 -1.7 -1.7 -1.7 2.2 1.9 2.4 14.7 51.8 82.3 129.3 131.7 137.1 135.8 136.2 129.9 122.6 117 118.5 131.7 152.7 153.4 161.8 167.8 169 171.4 172.6 176.3 188.5 189.5 190.8 194 187.9 190.8 173.8 162.3 141.1 136.9 133.4 122.6 118.2 102.6 92.9 88.2 51.1 30.8 37.2 32.5 27.7 16.6 13.7 13.1 11.9 10.7 10.1 9.6 8.9 9.2 9 8.8 10 16.4 19.8 30.8 59.6 57.7 33.9 43.2 70.7 77.9 96.6 111.4 135.5 156.4 171.5 178.4 182.8 184.1 193.3 197.8 213.2 219.7
-1.7 -1.7 -1.7 1.7 16.3 40.6 81.6 88.6 87.3 108.6 125.3 136.9 139.9 137.1 142.6 144.5 140.3 137.5 128.7 126.5 132 135.1 158.9 157.4 172.4 175.6 175.6 178.2 185 195.5 199.3 194.6 194.1 185.8 189.1 190.2 177 165.4 148.7 139.5 130.7 121.6 117.2 107.4 88.7 66.3 37.2 27.8 30.8 27.9 24.5 21.6 14.5 12.1 11.4 11 9.9 9.2 10 9.9 9.8 11.7 22.1 29.7 50.8 60.8 66.6 63.9 56 60.9 70.8 97.8 112.7 138.3 157.2 169.7 176.7 188.4 185.7 185.9 198.3 205.5 216.9
-1.7 -1.7 -1.7 14.8 76.4 48.5 87.3 94.9 101.6 111.5 123.6 127.7 135.1 140.5 145.6 147.9 148.2 148.5 147.5 141.4 137.1 148.9 150.8 151 164.7 174.3 181.2 184.6 194.5 199.7 202.8 202.4 196.3 191.7 184.8 189.2 180.5 175.8 158.8 144.3 132.6 123.5 119.9 113.2 103.5 90.1 61.4 38.1 29.1 25.7 19.7 20.9 13.9 12.4 12.4 11.1 10.3 9.8 10.3 11 11 16.3 22.8 34 53 70.3 69.3 65.1 65.1 79.5 86 99.1 115.2 130.8 151.8 162.4 175.1 184.5 190.4 195.5 205.1 196.6 204.3
-1.7 -1.7 3.2 72.8 79.9 82.7 86.6 97.7 107.2 120.8 128.4 130.2 134.7 140.2 147.4 153.1 159.6 165.2 162.4 159 153.2 156 163 161.6 159.4 161.9 172.8 187.1 194.3 207.9 206.3 199.5 197.5 192.7 185.1 184.2 182 172.8 167.7 154.3 139.6 132 120.3 114.8 102.5 93.5 94.5 63.3 40.7 23.9 24.5 15.7 14.4 13.3 12.2 11.8 16.8 16.5 12 13 14.2 17 26.6 45 65.3 65.5 68.6 69.4 71.9 78.1 86.6 103.2 120 132.8 143.7 161.7 167.7 175.8 184.9 189.4 204.8 191.5 193.7
-1.7 34.2 70.8 84.5 89.3 92.2 92.8 100.5 108.6 117.3 128.8 137.5 143.1 146.9 153.1 159.8 168.3 170.2 176.5 176.9 174.4 174 174 181.8 175.4 171.5 170.3 181.6 194.7 205.5 206.5 201.5 192.6 191.8 185 179.4 182.1 174.7 169.4 166.7 146.8 136.9 129.2 115.1 108.8 96.5 83.1 79.5 67.1 29.4 33.4 30 20 15 12.6 20.6 23.2 26.8 24.5 14.9 17 20.5 46.1 55 65.7 69.9 68.9 70 74.1 79.3 87.4 103.3 123.7 130.9 144 152.1 166.3 171.4 176.3 184.6 184.4 181.6 187
-1.7 -1.7 34.1 85.8 95.5 98.6 101.6 104 118.5 131.1 130.4 148.3 152.4 159.5 165.5 168.3 177.9 184.3 192.2 195.4 195.5 194.4 193.7 187.4 195.5 189.6 183.8 199.2 195.3 194.5 199.6 197.4 188.3 185.5 183.1 176.3 174.5 177.3 171.7 167 163.6 142 130 123.4 111.6 103 90.6 79.7 78.6 40.8 64.4 48.8 32.5 29.9 24.9 14.4 15.2 25.6 28.6 24.8 27.8 34.3 31.2 53.7 66.2 72.9 66.9 69 73 77.6 88.1 104.4 117.4 131.6 137.4 150.9 165 161.4 172.1 171.3 171.2 179.4 176.6
39.5 54.1 42.1 74.3 93.9 104.7 111.5 114.4 120.8 131.6 137.2 151.9 161 168.4 176.1 177.8 188.9 197.5 202.3 210.5 218.3 223.2 220.5 210.8 203.1 201.1 203.2 213.4 207.3 198.1 192.6 186.9 182 178.2 173.2 169.5 169.4 174.9 171.6 164.2 154.6 147.1 135.4 123.3 113.6 100.9 93.5 85.3 83.4 79.9 61.4 74.5 60.3 43.4 34.2 20.5 14.6 14.5 25.5 33.4 43.9 65.6 71.5 65 50.4 71.4 69.7 68.3 73.1 79.3 87.8 101.4 113.8 129.2 136.7 149.4 157.4 159 164.4 165.1 167.8 165.3 164.2
55.8 58.8 69.8 80 84.9 100.5 116.7 123.8 130.6 138.9 147.1 148.5 167.4 179.4 186.1 191.3 207.8 211.1 220.1 230.1 230.8 239.2 235.5 225.5 212.2 209.1 206 215.2 214.7 211.1 209.3 201.5 184.5 180.2 173.5 169 163.4 168.5 161.7 156.2 147.7 139.7 135.6 128.5 117.6 108.6 98.9 94.9 84.6 79.9 78.8 72.9 75.8 70.4 53.8 34.1 25.6 22.2 29.3 49.2 75.3 82.7 80.2 71.7 65.2 57 65.4 69.7 73.8 79.7 88.1 96.2 110.3 123.2 132.4 139.4 147.6 155 165.9 169.7 160.1 159.2 159.8
66.5 68.4 71.1 85.2 96.1 103 108.2 128.4 135.4 143.8 153.4 162.6 163 175.3 186 197.4 220.6 226.9 234.8 242.4 243.6 242.1 234.9 231.5 222.2 213.5 216.8 215 218 214.6 215.1 212.2 188 180.4 178.5 176.1 166.7 164.1 164.6 157.1 148.9 141.2 128.6 127.9 121.6 110.4 104.1 99.3 92.1 82.2 75.9 75.6 74.2 76.8 78.3 57.4 34.7 32.5 51 73.3 88.5 87.8 84.2 81.7 68.3 59.7 66.6 64.2 75 80.5 84.6 91.5 104.1 118.1 129.4 134.8 143 150.5 153.5 158.6 157.5 156.9 154.4
86.9 86.4 88.5 90.6 98.8 107.3 116.1 119.9 139.3 151.3 160.7 169.3 171.1 176.8 195.2 206.8 216.2 228.9 235.4 243.1 246.2 246 241.8 234.3 231.2 221.6 221.8 222.4 215.3 214.6 208.9 211.8 200.5 182.3 178.9 177 169.7 160.5 161.4 161.6 153.4 145.1 135.5 126.3 123.4 103.8 102 97 98.3 89.1 77.7 80.5 80.2 76 77.8 79.2 62.2 64 83.1 84.6 86.2 88.4 86.1 86 79 69.6 65.4 65.7 69.4 78.5 83.7 88 100.7 113.5 125 133.1 136.1 143.9 147.6 151.1 151.1 153.7 154.3
95.1 103.7 107.9 109.6 107.6 110.2 123 133.8 140.7 153.6 170.8 185 192.2 180.1 188.1 203.1 213.3 226.2 236 243.9 252.8 253.7 251.5 242.5 237 227.9 227.4 225.7 219.4 210.1 209.1 200 202.2 189.7 178.6 175.4 173 164.8 155 158.8 158.6 149.4 137.1 127.5 125 120.5 103.2 88 87.8 89.9 82.6 78.4 88.8 80 76.5 77.7 77.6 78.5 81.5 82.7 85.6 86.2 86.7 85.8 82.2 76.2 72.1 63.4 65.7 77.9 84.4 87.8 95.5 109.9 115.2 124.8 128.9 134.4 141.4 143.6 146.4 147.4 149.6
109.2 116.4 123.3 128.9 129.8 126.8 122.2 136.6 150.8 158.6 173.4 188.9 195.2 194.8 188.1 200 211.6 224.6 235.5 241.7 261 268.8 255.2 250.2 243 230.7 223.3 225.3 218.5 210.9 196.7 190.6 189.6 186.5 180.5 172.7 166.2 163.3 157.3 149.8 155.6 151.6 140.5 134.4 119.5 121 114.3 98.4 82 79.8 77.3 79.3 86 82.9 77.6 76.2 75.7 75.9 76.9 77.9 81.3 82.7 84 83.9 82.9 81.1 75.1 68.8 67.1 73.6 82.5 83.8 90.3 102.7 111.6 115.1 119.9 121.1 129.8 134.9 140.8 147.2 156.8
122.9 127.7 137.4 143.8 148.3 148.5 147.2 143.4 144.2 169.3 178.9 184.1 195.1 205.4 196.7 207.7 217.6 227.1 234.5 241.3 253.1 260.8 259.7 250.1 247.6 233.1 222.9 219.3 218.8 208.8 199.4 188.4 180.1 185.1 182.7 175.3 164.8 160.1 154.6 148.6 146.7 149.2 142.6 133.1 122.5 115.4 113 105.2 85.3 78 79.5 78.4 83.5 79.5 76.3 78.2 74.5 75.4 75.1 75.1 76.4 78.7 80.2 81.6 81.3 81.9 78.6 74.6 68.5 68.8 80.2 80.5 86.5 97.9 107.9 114.7 115 121.1 118.9 126.6 133.9 139.5 145.2
135.9 141 150.1 158.4 166.3 169.9 160.9 159.4 159.3 171 186.6 193.9 193.8 200.8 206.1 214.5 224.7 225.1 231.5 238.8 252.7 260.1 261.5 249.1 246.4 243.7 218.5 213.5 208.4 205.5 198.5 190.5 179.7 176.5 181.6 176.7 164.3 157.4 156.5 152.3 140.2 143.4 135.4 127.1 124.6 118.6 106.3 103.2 94.9 83.9 81.2 80.8 78.5 83.2 76.8 74.9 74.9 74.8 74.1 75.7 74.1 74.7 76.1 77.5 77.1 77.6 75.6 74.2 70.6 70.6 76.1 77.7 86.5 93.1 105.9 111.2 114.1 118.3 117.7 117.6 124.5 133.6 138.3
159.4 160.1 161.6 167.1 177.1 184.9 181.7 176.7 179.7 175.8 191.6 209.9 212.4 211.4 216.9 221.8 226.4 227.8 230.5 240.7 250.2 257.6 258.9 252.8 240.2 250.8 224.2 209.1 200.6 204.5 198.7 186.6 187.7 174.7 173.8 178.8 168.7 155.5 154.5 150.3 144.6 142.5 137 127.6 124.2 118.2 111.1 101.9 93.4 98.7 97.3 86.7 84.4 80.1 89.9 81.6 74.9 74.5 74.1 73.3 72.9 72.8 73.1 73.8 74.4 74.6 74 71.9 70.8 69.9 73.5 77.2 81.2 87.9 96.6 107.8 111.1 113.2 112.6 110.3 116.9 123.7 132.2
173.8 177.2 172.8 178.3 184.5 190.6 194.5 191.3 188.7 179.9 191.5 206.5 220.5 260.3 252.1 241.2 236.9 235.9 234.5 245.1 250.4 254 254.8 253.1 241.3 238.7 231.7 208.1 202.3 198.8 201.6 187.9 183.8 181.8 171.4 173.2 169.5 157.7 148.4 144.6 142.5 134.7 140.1 130.4 121.4 118.5 119.7 117.6 104.3 106.4 107 104.1 94.5 92.3 89.1 88.4 78.2 73.5 73.4 73.1 73.7 72.4 73.8 74.7 76.1 76.8 74.3 72.2 70.5 78.9 72.6 74.6 78.6 81.5 84.9 89.7 93.8 100.2 106.2 109 111.4 120.8 125.3
182.7 188.5 186.8 188.7 196.4 205 209.2 206.1 201.1 188.6 199.9 215.5 264.8 294 297.3 271.6 248.8 243.2 245.1 249.3 249.1 251.7 253.2 250.6 241.8 231.2 223.9 206.8 200 194.4 196 190.7 182.9 179.8 174 170.6 171.7 161.2 147.2 139.6 137.1 138.6 133.8 138.8 129.8 119.8 115.9 117.4 106.8 106.5 109.8 113 107.5 96.5 92.8 90.5 82.8 78.2 74 73.5 73.3 73.7 72.2 71.7 72.5 75.3 73.6 71.3 75.5 83.5 81.5 72.9 76.1 78.5 79.1 84.8 88.8 90.6 95.2 101.3 104.9 115.5 121.4
193.6 199.6 205.7 207.9 215.7 223.1 221.4 219 214.9 200 211.9 243.9 298.1 301.4 291.6 271.6 257.6 244.4 242.9 245.1 248.9 248.3 250.5 247.1 238 228.9 214.6 204.1 202.7 194.9 190.2 193.2 191.5 177.1 175.5 173.3 167.9 160.3 152.5 141.1 134.8 137.3 131.9 132.7 136.8 124.5 116.3 113.3 114.2 115.1 109.9 114.2 115.2 108.1 99.7 89.8 82 78.2 76 73.8 74.3 74 73.5 72.3 71.6 71.4 70.8 72 80.9 81.7 83.6 78 74.1 76.6 78 80.9 83.2 89 94.3 98.5 104.3 111.4 121.1
202.8 217.7 236.8 238.3 246.9 264.7 248.4 237.1 231.4 221.8 228.8 278.9 306.9 310.7 284 271.2 259.2 252.1 243.4 243.5 244 241.5 246.3 245.5 238.8 226.6 215.4 204.3 200.2 194.8 189 187.8 190.9 190.4 170.3 162.7 162.3 156.3 148.1 136.3 138.6 132.3 133.9 128.3 129.1 124.2 124.6 121.6 118.6 118.1 116.4 114.6 116 115 109.6 99.6 86.4 79.6 77.6 75 75.4 74.1 74.1 73.4 72.8 72.5 74.2 82.4 85.6 83 81.6 80.2 75.5 79.2 80.2 82.4 84.5 87.9 92.6 97.6 102.8 106.7 112.6
228.1 256.5 262.5 266.4 271.4 282.4 276.3 253.2 247.4 246.5 235.1 294.9 310.6 298 275.8 266.1 259.7 255 250.8 243.2 236.6 237.2 238.6 238.1 234 226.6 220 202.5 199.4 196.6 189.3 181.3 185.4 188.7 175.1 162 156.6 151.7 143.3 146.1 147.1 141.2 130.8 128.5 131.5 135.3 135.5 130.7 125.3 122.6 121.1 119.9 117.2 117.5 116.1 107.4 94.8 84.1 81 78 76.9 76.7 75.3 76.9 80.5 77.5 77.6 85.5 84.2 82.3 82.5 79.7 78.6 77.1 81.1 84.4 85.2 85.2 92 98.3 100.9 105.1 108.2
251 259.4 269.6 267.8 267 274.3 279.3 274 271.1 280.2 247.2 264 282.2 273.6 270.2 261.1 260.3 254.7 252.7 250.2 239.8 234.5 233.4 231.7 230.5 228.1 226.1 205.2 200 195.6 191.1 181.1 179.6 182.5 176.5 161.7 154.4 158.3 152 145.7 152.8 147 136.9 133.3 131.8 133.5 135.9 140 133.4 127.2 125.6 124.2 121.7 121.5 120.6 114.1 103.9 92.1 85.7 81 80.3 78.1 76.6 80.4 81.4 82.8 82.5 84.7 85.7 87.7 86.7 80.3 76.6 76 81.5 84.4 86.2 85.7 87.9 98.3 101.6 98.4 104
253.8 261.7 261.6 263.6 275.8 272.2 271.3 271.2 287.2 304 275.4 245.3 252.5 247.7 252.4 253.4 254.4 256.9 252.2 251.1 248.3 233.6 231.4 226.2 223.2 223.5 218.3 211.3 206.5 195.5 192.9 183.6 176.1 176.8 179.1 173.9 157.6 166.9 157.5 151.2 155.9 155.3 148.7 139.4 133.6 139.2 138.1 138.3 140.2 131.7 130.2 128.5 127.8 125.4 118.9 117.1 112.7 98.7 90.3 84.5 83.4 82.6 82.1 79.4 81.4 84.1 86.7 84.1 87.4 86.8 88.8 86.5 78.2 75.3 78.4 82.9 86 85.4 85.6 85.9 90.9 92.9 98.2
238.6 242.3 249.8 252.1 275.3 278.2 273.7 274.6 271.3 292.5 274.6 247 245.3 245.3 249.9 248.9 251.8 255 253.7 253.1 252.1 241.7 223.2 225.6 225.4 215.2 211 212.4 208 199.5 185.5 181.4 174.2 174.6 172.9 174.5 157.4 167.6 167.1 156.3 155.6 160.4 159 147.4 138.8 139.1 142.4 142 139.6 134.4 132.3 130.4 128.5 128.8 124.2 116.5 114.6 109.4 93 87.6 87.9 87.6 86 85.9 86 83 90.1 91.2 87.6 90.9 95.9 94.1 86.5 77.5 75.9 83.7 83.2 85.2 85.8 84 86.3 87.3 92.7
169.7 190.4 202.8 231.6 265.6 273.1 260.4 262.6 273.9 289 281.9 255 245.3 245.3 245.3 245.3 246.5 252.5 256 256.6 260 246.1 229 219.5 221.8 217.3 207.1 201.4 204.1 197.9 190.5 180.9 171.8 168.2 166.6 166.4 165.2 165.7 172.7 168.4 156.6 165.2 167 159.7 146.3 140.5 146.7 145.5 142.4 137.3 135.1 132.3 129.5 125.3 126.6 126.1 113.5 109.8 102.1 91.8 91.1 93.7 90.9 91.6 95.9 93.9 85.5 89.8 89.1 92.9 99.7 104.8 97.5 81.6 78.1 78.1 80.4 81.2 81.2 81.8 81.7 80.7 86.6
152.4 166 173.8 192.2 246.1 249.5 254.8 261.3 273.8 294.9 292.8 272.5 251.8 245.3 245.3 245.3 245.3 247.8 253.7 255.6 257.4 249.6 237.8 221.3 214.1 216.6 212.4 198.5 191.7 194.8 187.9 182.5 172.2 167.9 167.5 166.4 167.5 162.7 168.1 171.6 169.3 165 176.1 174.1 162.1 147.1 144.3 146.1 146.2 140.1 138 134.6 130.6 125.7 124.3 121.4 118.1 113.9 112.3 99 95.3 99.9 99.7 95.9 99.2 100 99.8 89.7 87 89.3 101.3 105.1 105.3 90.9 79.3 71.8 75.1 75.8 76.9 75.9 75.8 77.5 78.7
138.1 152.9 160.7 174 197.7 233.3 265 263.7 278.2 293.8 296.2 302.6 280.8 250.4 245.3 245.3 245.3 245.3 250.8 254.9 252.1 250.7 246.3 230.7 216.1 211.3 212.1 203.3 194.5 183.9 182.3 176.3 170.7 166.3 164.8 170.3 162.8 161.6 166.4 167.6 171.7 170.1 171 178.7 170.2 158.7 157.7 146.9 148.2 145.4 141.4 137.2 133 130.3 129 126.5 121.5 114 111.6 106.6 103.8 99 99.8 98.9 99.2 100.2 102 100 92.2 90.4 88.4 103 104.4 93.7 84.7 78.6 72.7 69.9 72.3 74.2 73.8 76.5 76.8
129.7 140 151.2 158.4 175 192.9 225.9 229.7 240.7 268.2 285.8 300 308.5 272.1 248.4 245.3 245.3 245.3 245.3 249.2 248.8 246.9 247.2 231 226.4 206.9 211.9 207.9 195.8 186.8 177.8 174.1 168 165.6 164.3 164.5 161.9 165 166.6 168 174.1 172.6 178.7 173 172.4 174.8 162.9 157.3 149.7 152 145 140.4 139.6 137 136.2 132 125.2 118.6 113.3 116.5 112.4 108.1 101 102.7 99 99.4 100.3 101.5 104.5 96 101 90.9 96 96.2 88.6 83.5 77.1 74.6 66.7 68.2 71.4 74.2 75.2
127.3 131.8 139.5 149.1 161 174 190.2 215.8 221.2 231 248.6 295.8 296.6 296.6 264.5 247.6 245.3 245.3 245.3 249.6 249.7 242.8 241.8 230.3 225.1 211.6 199.3 204.1 198.3 187.8 179 170.7 167.6 166.6 164.6 167.3 170.8 172.8 170.5 171.6 175.5 173.5 176.8 175.7 177.4 178.3 176.6 171 159.3 156 156.8 145.3 142.8 143.1 142.7 139.4 129.5 122.6 120.7 120.5 118.1 117.5 113.9 109.1 109.3 104.6 101.2 102.1 104.5 99.7 100.3 104.9 99.1 96.9 98.3 91.9 84.1 76.4 69.9 66.5 69.8 71.1 69.1
127.2 137.8 138.5 143 152.8 160.5 175.1 194 200.8 221.3 239.6 250.5 268.7 295.3 303.8 264.5 251.3 249.3 245.3 250.5 249.6 245.5 236.7 226.9 220.9 211.2 203.7 192.2 196.3 185.4 179.8 179.2 172.4 168.4 168 167.8 169.8 172.6 176.4 178.5 177.4 176.8 179.7 181.5 181.3 183.3 179.9 184.7 172.9 159.4 158 149.5 147.7 142.9 145.4 148.8 139.1 126.4 127.3 125.6 123.2 124.8 124.2 113.9 116.2 114.8 113 107.4 103.9 108 102.8 104.8 109.8 104.6 98.8 96.1 88.4 81.1 77 65.6 66.2 67.6 65.4
125.3 134.7 139 147.8 150.8 152.8 162.9 173 195 202.3 221.6 240.4 250.1 264.4 308.8 300.2 276.2 268.2 262.8 256.2 250.7 247.5 240.3 226.2 215.6 206 203.7 196.6 184.8 182.1 179.4 181.3 183.9 173.2 171.7 175.6 175 178.3 178.8 183.6 188.9 179.5 179.3 185.2 188.1 184.8 190.7 183 183.6 169.1 158.6 157.4 154.5 154.8 146.9 154.4 153.3 136.5 134.2 133.5 130 124.5 123.1 119.2 117.7 118.2 118.2 118.3 112 107.5 110.1 105.1 112.9 116.1 106.6 99.3 86.6 82 78.3 69.8 61.9 61.1 61.9
