WholeMapElevations/data/ng/ng81_OST50GRID_20230518/NG81.asc
ncols 200
nrows 200
xllcorner 180000
yllcorner 810000
cellsize 50
[rows 0 to 34 of 200, columns 0 to 77 of 200]
-1.9 -1.9 -1.9 -1.9 -1.9 -1.9 -1.9 -1.9 -1.9 -1.9 -1.9 -1.9 -1.9 -1.9 -1.9 -1.9 -1.9 -1.9 -0.5 1.5 2.3 2.9 2.5 0.1 -1.9 -1.9 2.2 2.7 2.7 2.6 2.9 2.1 1.7 3.1 2.8 3.2 4.2 5.3 5.1 5.1 9.3 14.6 22.3 24.2 24.9 33.5 48.8 55.4 65.6 77.6 82.4 83.7 72.4 71.3 77.7 85.3 93.5 112 111.2 103.5 91.8 80.7 89.8 98.9 98.7 81.6 66.9 58.9 49.2 41.2 35.4 25.7 23.5 24.9 26.2 27.5 28.2 28.7
-1.9 -1.9 -1.9 -1.9 -1.9 -1.9 -1.9 -1.9 -1.9 -1.9 -1.9 -1.9 -1.9 -1.9 -1.9 -1.9 -1.9 -1.9 -1.9 0.6 2 1.9 3 -1.9 -1.9 -1.9 2.5 2.7 2.8 2.2 3.2 2.5 1.8 2 2 2.4 3.9 4.3 5.3 5.4 7.2 16.6 22.1 18.2 14.7 18.2 36.1 46.2 58.2 67.3 72.1 72.9 61.3 58.1 67.3 71.7 74 80.8 79.2 71.5 66.6 60 60.2 72.1 76.9 72.4 60.6 46.7 36.5 27.7 20.9 18.2 20.1 24.2 24.9 25.4 26.9 21.6
-1.9 -1.9 -1.9 -1.9 -1.9 -1.9 -1.9 -1.9 -1.9 -1.9 -1.9 -1.9 -1.9 -1.9 -1.9 -1.9 -1.9 -1.9 -1.9 -0.1 1.2 2.1 1.7 -1.9 -1.9 2.5 2.9 2.3 2.2 2.3 3.6 2.7 2.4 2.9 2.9 2.6 2.8 3.5 4.2 5.1 6.1 14.7 12.5 10.7 10.5 12.5 22.4 37.6 49.4 60.3 62.6 60.5 54.4 50.8 56.4 55.6 56.5 52.7 47.1 49.2 45.3 39.3 36.3 40.4 45.6 46.9 42.4 32.6 24.9 18.5 16.1 17.4 19.3 23.4 23.9 24.4 19.3 16
-1.9 -1.9 -1.9 -1.9 -1.9 -1.9 -1.9 -1.9 -1.9 -1.9 -1.9 -1.9 -1.9 -1.9 -1.9 -1.9 -1.9 -1.9 -1.9 -0.7 0.1 0.6 -1.9 -1.9 1.2 1.9 2.9 2.7 2.5 2.8 3.5 2.8 3.6 3.9 3.4 3.1 2.6 3.3 4.1 4.8 6.6 8.3 8.5 8.4 8.7 9.4 13.5 24.4 30.1 39.8 49.4 45.7 39 37.7 43.5 40.1 32.9 33.5 30.3 33 35.6 31.6 30.2 31.3 29.7 28.4 26.3 19 15.1 14 14.2 17.4 17.1 22.5 23.2 15.4 15.2 15.2
-1.9 -1.9 -1.9 -1.9 -1.9 -1.9 -1.9 -1.9 -1.9 -1.9 -1.9 -1.9 -1.9 -1.9 -1.9 -1.9 -1.9 -1.9 -1.9 -1.8 -1.3 -1.9 -1.9 -1.9 1.3 1.4 3.5 3.7 4.8 5.6 4.9 5.8 6.7 6.6 6.5 4.6 2.6 3 3.8 5.8 6.6 7.5 8.4 8.4 9.4 8.7 9.8 12 21.1 26.9 27.9 30 28.4 28.8 32.3 27 21.9 21.5 22.1 26 29.3 28.8 29.1 29.2 28.9 28.1 14.5 13.3 13 13.3 13.6 14.3 15.1 15 14.9 14.6 15 15
-1.9 -1.9 -1.9 -1.9 -1.9 -1.9 -1.9 -1.9 -1.9 -1.9 -1.9 -1.9 -1.9 -1.9 -1.9 -1.9 -1.9 -1.9 -1.9 -1.9 -1.9 -1.9 -1.9 1.2 1.9 1.2 3.1 3.8 3.5 7.1 6.8 6.1 6.2 7.6 6.8 6.1 4.1 4.1 5.6 5.8 5.8 8.1 8.7 8.9 10.2 6.2 6.5 7.7 9.9 16.8 17.4 20.2 20.7 24.1 22.4 17 14 15.1 17.8 21.6 24.6 20.8 27.8 27.8 28 12.2 12.4 12.6 12.8 13.2 13.6 13.4 13.2 13.7 14.5 14 14.5 15
-1.9 -1.9 -1.9 -1.9 -1.9 -1.9 -1.9 -1.9 -1.9 -1.9 -1.9 -1.9 -1.9 -1.9 -1.9 -1.9 -1.9 -1.9 -1.9 -1.9 -1.9 -0.4 0.5 1.8 -1.9 4.7 3.6 3.2 4 6 7.3 6.8 6.6 6.7 6.6 5.3 6.6 5.1 5.4 5.8 6.5 8.7 8.6 8.8 9.6 5.8 6.2 6.8 8.1 9.3 10.5 10.6 12 14.6 12.6 11.5 11.5 11.9 13 15.3 16.2 15.5 20.3 19.6 14.9 11.9 12.3 12.5 12.5 12.5 12.7 14.2 11.9 12.9 12.5 14.7 15.5 15.4
-1.9 -1.9 -1.9 -1.9 -1.9 -1.9 -1.9 -1.9 -1.9 -1.9 -1.9 -1.9 -1.9 -1.9 -1.9 -1.9 -1.9 -1.9 -1.9 -1.9 -1.9 -1.9 -1.9 -1.9 -1.9 2.8 2.7 1.6 3.3 6.3 7.5 7.2 6.7 6.1 6 6.9 6.5 4.9 2.5 4.2 5.2 7.2 8.5 6.5 7.8 7.8 6.5 7.1 7.5 8.2 9 9.3 9.8 9.9 9.8 10.2 10.3 10.5 10.7 10.8 11.5 12.5 12.2 11.1 11.2 11.7 12.2 12.4 12.6 12.2 15.4 20.2 26 34.4 34.9 30.5 27.8 28.9
-1.9 -1.9 -1.9 -1.9 -1.9 -1.9 -1.9 -1.9 -1.9 -1.9 -1.9 -1.9 -1.9 -1.9 -1.9 -1.9 -1.9 -1.9 -1.9 -1.9 -1.9 -1.9 -1.9 -1.9 -1.9 3.6 3 1.4 2.8 7.7 8 7.6 7.2 6.8 5.8 6.2 6 6.3 4.1 4.2 5.8 7.4 6.6 6.1 6.8 6.5 6.5 6.6 6.8 7.1 7.6 8.2 8.3 8.7 8.9 9.3 9.7 10 10 10 10.2 10.3 11 11.3 11.5 11.8 14.1 20.8 26.5 39.3 46.2 52.1 59 62.4 60.6 59.1 59.8 62.3
-1.9 -1.9 -1.9 -1.9 -1.9 -1.9 -1.9 -1.9 -1.9 -1.9 -1.9 -1.9 -1.9 -1.9 -1.9 -1.9 -1.9 -1.9 -1.9 -1.9 -1.9 -1.9 -1.9 -1.9 -1.9 3.3 4.7 1.4 3 8 8.6 8.4 7.8 7.5 6.3 6.4 6.9 7.3 7.2 7.5 8.1 7 7.4 7.4 7 6.6 6.7 6.9 7 7.1 7.5 7.9 8.3 8.8 8.9 8.9 9.4 10.1 10.1 10 10.3 10.4 12.3 21.6 32.9 45.6 48.2 54.6 60.2 70.1 90.3 92.6 88.5 85.7 87.2 86.3 86.1 91.6
-1.9 -1.9 -1.9 -1.9 -1.9 -1.9 -1.9 -1.9 -1.9 -1.9 -1.9 -1.9 -1.9 -1.9 -1.9 -1.9 -1.9 -1.9 -1.9 -1.9 -1.9 -1.9 -1.9 -1.9 -1.9 -1.9 6.8 8.2 9.7 8.5 8.6 8.2 8 7.3 6.6 6.9 6.6 7.6 7.8 6.8 10.2 7.2 6.2 6.4 7.2 6.8 6.8 7.1 7.2 7.5 8.4 7.9 8.3 8.7 8.6 8.6 9.3 10.2 10.2 10.7 12.8 15.9 28.1 50.8 66.4 69.3 80.2 88 93 105.1 125.5 127.6 121.7 108.6 108.3 110.7 120.6 132.4
-1.9 -1.9 -1.9 -1.9 -1.9 -1.9 -1.9 -1.9 -1.9 -1.9 -1.9 -1.9 -1.9 -1.9 -1.9 -1.9 -1.9 -1.9 -1.9 -1.9 -1.9 -1.9 -1.9 -1.9 -1.9 -1.9 5.6 10.4 10.9 9.5 9.2 8.6 8 7.5 8 8.2 8.5 9.4 10.1 11.5 22.4 21.2 20.7 6.6 6.8 6.9 6.9 7.3 7.3 7.9 9.4 8.7 8.4 8.6 8.4 8.8 9.6 15.4 17.3 20.1 33.2 54.4 56.4 64.4 73.1 83.3 98.1 113.5 128.6 138.3 156.1 152.1 143.7 136.5 130.8 134.8 162 170.2
-1.9 -1.9 -1.9 -1.9 -1.9 -1.9 -1.9 -1.9 -1.9 -1.9 -1.9 -1.9 -1.9 -1.9 -1.9 -1.9 -1.9 -1.9 -1.9 -1.9 -1.9 0.6 -1.9 -1.9 -1.9 -1.9 5.4 10.1 11.6 10.5 9.9 10.1 12.2 17.1 17.1 21.6 25.2 18.9 16.3 26.5 28.3 28.3 27.4 24.5 15.6 10.9 8.6 11.5 7.8 8.3 10.4 11 12 9.5 12.7 22.7 27 33.1 46.8 47.6 59.9 68.3 69.9 73.6 77.9 89.5 109.7 135.4 150.9 156.1 170.6 167.8 163.4 161.1 161.7 176.8 191.7 191.8
-1.9 -1.9 -1.9 -1.9 -1.9 -1.9 -1.9 -1.9 -1.9 -1.9 -1.9 -1.9 -1.9 -1.9 -1.9 -1.9 -1.9 -1.9 -1.9 -1.9 -1.9 2 -1.9 -1.9 -1.9 1.2 7.9 11.1 12.3 13.2 13.2 14.9 20.1 24.1 30.8 44.7 40.2 30.3 26.8 30.5 31.5 32.7 33.2 29.3 21.1 23.1 22.9 24.1 20.1 25.1 23.8 26.2 31.5 28.3 33.8 35.4 44.4 58.6 67.2 66.9 73.9 79.4 85.7 91.3 96.6 102.5 122.2 143.6 161.9 170.1 176.6 178.4 174.2 175.1 182.1 195.9 188.3 194.4
-1.9 -1.9 -1.9 -1.9 -1.9 -1.9 -1.9 -1.9 -1.9 -1.9 -1.9 -1.9 -1.9 -1.9 -1.9 -1.9 -1.9 -1.9 -1.9 -1.9 1.9 2.7 -1.9 -1.9 1.2 7.1 15.5 25.5 25.6 41 45 35.9 33.1 52.4 57.3 57.6 49.6 40.1 30.6 32.6 37.5 39.3 43.4 35.4 34 32.4 30.9 38.7 46.8 40.7 37.8 38.1 39.4 45.8 53.1 60.2 72.7 88.6 84.4 82.5 85.9 92.5 104.6 110.6 115.5 123.6 144.8 156.4 167.1 170.2 175.9 179.8 184.6 191.5 202.1 197.6 193.1 199.3
-1.9 -1.9 -1.9 -1.9 -1.9 -1.9 -1.9 -1.9 -1.9 -1.9 -1.9 -1.9 -1.9 -1.9 -1.9 -1.9 -1.9 -1.9 -1.9 2.5 2.5 2.9 4.6 23.6 12.6 19.6 42.3 52.5 44.9 43.3 48.2 50.3 47.8 59.9 65 63.9 60.2 54.3 40.5 44.4 48.6 49.8 48.5 47.5 60 62.4 57.1 55.3 60.3 65.1 55.4 59.2 64 68.4 73.8 87.2 101.6 112.4 99.8 99.5 104.1 115.2 120.7 126.4 141.5 157.9 170.2 188.8 196.1 185.5 177.7 188.3 197.3 206.9 216.4 213.3 204 207.7
-1.9 -1.9 -1.9 -1.9 -1.9 -1.9 -1.9 -1.9 -1.9 -1.9 -1.9 -1.9 -1.9 -1.9 -1.9 -1.9 -1.9 -1.9 -1.9 8.7 21.5 21.7 22.7 24.2 22.1 30.3 39.3 44.2 50.9 51.6 52.6 57.1 62.6 67.4 68.6 69.1 66 63.4 61.1 68.6 62.9 62.8 63.4 63.8 70.3 98.7 103.6 92.1 81.8 83.8 74.8 78.5 86.7 92.9 103.4 111.6 124.2 124.6 119.5 122.8 125.8 133.2 136.2 147.4 168.6 187.1 201.5 209 209.6 206.4 194.9 191.7 207.4 224.5 246.4 242.2 223.6 216.8
-1.9 -1.9 -1.9 -1.9 -1.9 -1.9 -1.9 -1.9 -1.9 -1.9 -1.9 -1.9 -1.9 -1.9 -1.9 -1.9 -1.9 -1.9 -1.9 8.4 20.5 22 23.2 26.8 30 40.9 50.2 51.4 48.1 52.6 58.2 66.8 73.9 73.8 75.2 79.5 75.6 70.6 77.7 83.2 79.4 80.5 91.9 93.3 100 121.3 128.5 124.2 113.7 102.1 94.9 94.7 101.7 105.1 123 126.6 135.4 145 144.3 151 148.6 154.7 170.2 189.8 205.7 210.3 207.7 216.1 219.3 220.7 218.1 215.8 208.5 245.8 256 253.1 241.2 231.7
-1.9 -1.9 -1.9 -1.9 -1.9 -1.9 -1.9 -1.9 -1.9 -1.9 -1.9 -1.9 -1.9 -1.9 -1.9 -1.9 -1.9 -1.9 -1.9 7.4 16.3 20.3 23.4 27.5 34 45.3 53.5 67.7 62.7 59 70.9 78.8 86.7 81.7 80.9 91.9 86.5 86 105 98.2 100 108.5 126.3 130.1 122.6 121.5 130.6 146.6 142.8 128 115.1 114.2 108.8 111.5 121.4 137.7 156.4 160.7 167.6 163.5 170.1 187.9 196.8 218.1 216.7 216.7 225.5 225.6 233.8 230.9 230.2 226.5 219.8 229.1 249.4 254 248.9 235.3
-1.9 -1.9 -1.9 -1.9 -1.9 -1.9 -1.9 -1.9 -1.9 -1.9 -1.9 -1.9 -1.9 -1.9 -1.9 -1.9 -1.9 -1.9 2.1 8 12.5 24.6 25.6 35 44.3 63.4 63.1 73.4 79.9 86 82.6 84 89.2 89.8 88.7 90.9 92.3 101.5 125.4 122.5 134.8 154.9 164.9 164.4 158 145.5 142.1 145.5 154.6 146.3 136.9 134.2 126.5 122.7 135.9 157.7 167.7 170.4 174.3 177.2 194.7 207.6 214 220.1 216.9 227.2 236.2 237.7 238.1 241 238.6 234.2 230.8 227.7 236.7 247 249.2 241.8
-1.9 -1.9 -1.9 -1.9 -1.9 -1.9 -1.9 -1.9 -1.9 -1.9 -1.9 -1.9 -1.9 -1.9 -1.9 -1.9 -1.9 2.9 4.5 8.9 20.4 30.2 45.4 51.6 56.2 67.4 72.2 89 93.6 105.5 105 94.6 97.3 98.9 99.3 101.2 105.5 125.9 136.1 150.1 168 179.1 186.1 184 180 161.5 158.1 156.9 163.2 155.8 148.6 146.8 141 137.7 148.2 166.3 182.1 184.3 178.5 188 200.9 211.4 223.3 223.1 229.5 237.6 247.9 247.6 245.9 245.1 249 238.4 233 231.6 236.3 246.3 250.4 253.6
-1.9 -1.9 -1.9 -1.9 -1.9 -1.9 -1.9 -1.9 -1.9 -1.9 -1.9 -1.9 -1.9 -1.9 -1.9 -1.9 4.8 4.3 7.3 16.8 34.4 49.8 58.9 63.1 68.9 81.9 81.8 90.7 105.5 117.9 115 113.1 111.5 105.3 109.7 115.2 125.2 160.8 166 185.1 188.6 201.6 203 197.4 191.2 189.1 182.5 171.6 176 168.6 160.9 156.5 153.1 151 160.3 183.7 189.7 187 184.6 185.8 203.8 229.1 237.4 234.5 237.2 239.6 250.2 248.7 248.4 246.3 249.4 242.5 242.7 240.8 242.3 260 255.5 260.6
-1.9 -1.9 -1.9 -1.9 -1.9 -1.9 -1.9 -1.9 -1.9 -1.9 -1.9 -1.9 -1.9 -1.9 2.7 3 3.7 5.4 8.7 27.1 46 57.4 67.2 77.4 77.2 82.9 91.1 98.2 113.1 121.7 134.8 130.7 125.2 124.5 119.7 125.4 152.3 180.6 191 195.3 201.5 208.9 213.1 210.3 205.2 204.8 199 182.4 176.9 175.5 168.2 165.5 162.1 162.4 170.6 198.2 198.5 188.1 186 202.7 217.8 230.2 235.7 239 240.1 242.1 243.7 245.2 245.5 243.5 243.8 243.4 248.6 246.7 252.2 263.1 261.3 253.9
-1.9 -1.9 -1.9 -1.9 -1.9 -1.9 -1.9 -1.9 -1.9 -1.9 -1.9 -1.9 3.4 4.4 4.3 3.5 4.9 9.2 28.9 38.7 54.1 60.6 72.3 79.4 80.5 94.5 104.9 114.8 124.2 128.8 141.2 137.9 136.2 130.7 131.3 137.3 152.8 174.9 193.1 200.6 214.8 225.6 223 215.6 213.8 215.7 210.1 204.3 188.6 178.3 173.2 170.2 164.2 172.1 183 198.4 194.8 192.6 196.2 202.2 207.8 221.5 230.5 241.6 242 244.3 245.1 244.5 243.7 242.5 242.7 246.4 250.2 250 256 264.2 263.3 254.5
-1.9 -1.9 -1.9 -1.9 -1.9 -1.9 -1.9 -1.9 -1.9 -1.9 -1.9 2.7 3.8 4 3.1 4.8 6.7 31.1 38.2 41.7 54.7 71.1 76.7 81.8 89.8 98.7 111.7 122.2 129.6 138.4 142.5 140.9 150.8 145.1 144.8 144.9 159.5 168.2 192.5 203.5 206.4 217.7 225.1 217.7 215.7 215.1 212.1 208.1 200.3 180.9 174.6 169.6 171 179.6 202.7 208.5 200 197.7 210.8 222.4 219.3 220.1 228 233.2 241 245.7 243 241 239 239.9 245.3 250.6 249.7 251.6 254.2 261.5 259.4 255.8
-1.9 -1.9 -1.9 -1.9 -1.9 -1.9 -1.9 -1.9 -1.9 -1.9 0.8 4.3 3.2 3.6 4.6 6.1 9.5 33.6 41.9 45.1 57.5 77.7 90.8 100 103.6 108.8 118.8 131 149 157.2 155.3 146.8 148.4 152.8 149 159.5 177.8 180.7 190.2 191.9 205.6 217.4 216.9 216.9 218.8 219.4 213.5 211.6 199.6 189.1 180.9 177.3 174 181.8 196.1 203.9 200.4 201.7 210.6 214.3 220.6 232.4 230.1 229 229.7 235.5 235.4 236.1 237 238.2 245.7 252.7 250.2 252.1 253.1 260.3 258.8 259
-1.9 -1.9 -1.9 -1.9 -1.9 -1.9 -1.9 -1.9 -1.9 -1.9 1 1.9 3 4.1 5.5 17 26.8 31.2 39.2 50.1 66.4 81.2 91.5 98.5 105.5 113.2 120.3 144.2 163.3 160.7 151.8 150.7 148.3 144 152.2 161 180.1 193.9 195.7 195.1 196.7 212.9 213.5 215.7 219.7 218.3 216.5 213 205.4 197.9 190.8 187.1 181.9 179.9 189.4 193.2 196.1 208.5 220.5 221 226.5 233.7 242.1 240.1 238.6 238.2 233.9 234.2 234.9 236.2 238.6 242.6 244.6 248.5 252.3 255 257.7 261.7
-1.9 -1.9 -1.9 -1.9 -1.9 -1.9 -1.9 -1.9 -1.9 -1.9 1 1.5 4.3 5.5 20.1 27.1 32 35.1 43.5 58.3 68.1 81.2 90.3 95.4 106.6 113.1 132.4 144.4 151.7 158.7 157 150.9 143.3 141.9 151.7 163.5 181.2 195.4 199.2 203.7 205.8 201.3 208.5 215.2 221.8 221.9 215.4 214 210.5 208.1 199 190 183.5 181.1 179.7 189.4 194 211.1 223 230.7 235.8 238.9 242.2 242.2 241.1 240.6 235.8 234.1 234.3 235.7 236.5 236.9 242.3 246.1 248.9 251 253 249.9
-1.9 -1.9 -1.9 -1.9 -1.9 -1.9 -1.9 -1.9 -1.9 -1.9 1.2 3.4 10.5 26.4 32.8 39.8 44.4 49.8 56.2 67.8 81.6 91.6 98.2 103.3 109.4 111.2 120.1 135.8 142.9 151.6 150.3 146.7 145.7 140.4 149.4 161.2 179.3 195.3 206.4 215.7 222.1 219.9 210.1 216.6 216.8 215.8 216 215.4 214.4 210.2 204.5 192.2 184.4 179.2 184.6 186.6 196.3 212.7 224.6 232.6 236.1 244.2 245 242.1 241.1 240.8 241.5 239.8 241.6 240.6 238.8 237.8 240.5 249.1 255.1 255.7 253.2 251.8
-1.9 -1.9 -1.9 -1.9 -1.9 -1.9 -1.9 -1.9 -1.9 -1.9 2 6.5 19.6 27.9 35.8 49.2 51.5 59.3 68.6 80.3 99.2 117.6 123.4 122.4 115.3 114.3 117.5 127.4 134.2 136.6 141.9 140.4 143.7 139.1 147.2 155.3 173.7 189.5 204 212.9 221.1 221.3 214.7 209.2 213.3 213.1 212.9 213.1 217.9 215.4 208 193 183.1 183.1 188.7 195.4 197.7 217.9 220.5 228.5 237.1 245.2 248.1 245.7 242.5 241.8 241.6 242 245.5 248.4 245.4 238.8 239.7 243.9 252.7 256.3 254.1 250.6
-1.9 -1.9 -1.9 -1.9 -1.9 -1.9 -1.9 -1.9 -1.9 -1.9 3.9 9.3 34.8 43.3 49.2 58.7 61.9 70.1 86.4 94.8 115 129.5 135.4 138 127.6 122.9 124.5 127.3 135.1 131.6 132.1 137 135.2 133.9 148.6 161.1 176.9 185.9 199.5 212.8 218.5 219.3 208.9 204.6 208.4 211.4 212.1 212.1 211.1 209.5 203.9 197.5 189.2 183.5 187.3 192.1 196.9 209.4 223.2 237.1 245.8 253.2 257.1 251.8 246.4 245.8 246.5 247.2 245.9 243.1 245.9 238.7 239.4 244.4 250.3 253.9 251.1 249.5
-1.9 -1.9 -1.9 -1.9 -1.9 -1.9 -1.9 -1.9 -1.9 2.2 4.6 29.5 36.2 44.9 50.9 57 70.5 83.8 92.4 97.3 111.7 135 145.5 143.7 135 129 125 126.7 126.9 123.1 123.5 126.6 129.8 138 154 160.3 172.6 187.7 197.4 204.2 210 219.6 205.8 204.1 204.5 210.1 211.4 212.2 212.5 210.8 211.7 209.1 196.1 196 188.9 193.8 205.3 210 210.6 216.7 236.5 252.8 259.2 253.3 249.3 248.2 250.4 256.7 248.3 242.4 236.9 237.2 238.5 240.9 247.1 251.6 250.5 246.8
-1.9 -1.9 -1.9 -1.9 -1.9 -1.9 -1.9 -1.9 1.2 1.9 13.3 31.9 42.9 47.2 57 71.6 82.5 87.5 94.4 103.5 115.8 122 137.5 135.7 134.9 125.1 122.9 121.5 121 122.3 129.3 139.5 145.8 153.7 160.1 165.7 177.7 188.1 198.2 206.5 213.6 208.1 204.2 204.1 204.3 206.5 212.1 212.6 214.1 218.6 220.9 213.9 205.9 198.2 191.8 195.4 214.1 220.5 215 216 225 231.7 245.8 243.7 239.5 242.1 240 244.7 243.9 237.1 235.1 244 239 239 244.5 248.8 248.5 246.2
-1.9 -1.9 -1.9 -1.9 -1.9 -1.9 -1.9 0.3 2 2.5 22.4 37.1 39.6 49.2 64 78.6 85.1 88.8 94.5 105.8 114.2 113.6 115.5 123.5 123.2 125.2 125.3 119.8 122.2 128.9 143.2 166.6 175.4 179.8 188.1 194.4 195.1 195.6 194.9 199.2 206.2 209 206.6 203 202.7 203.5 208 211.6 215.1 220.8 226.5 225.6 216.7 203.2 199 198.8 211.2 216.7 216.8 220.3 223.5 229.3 229.6 227.9 232.2 238.8 233.8 233.9 235.4 233.5 234.3 236.3 239.9 239.6 253.9 249.2 249.2 248
-1.9 -1.9 -1.9 -1.9 -1.9 -1.9 -1.9 0.9 2.7 2.4 19.1 31.2 42.9 52.6 62.6 72.9 85.5 99.1 106.5 107.5 113 112.3 108.2 113.5 129.1 126 121.9 119 125.3 132.7 150.9 171.9 175.8 186.1 201.4 210.2 212 211.2 214 212.6 206.6 208.2 207.2 203.9 202.7 202.2 202.6 205.6 211.2 211.6 212.4 211.2 214 210.3 211.6 205.7 208.7 215.1 217.4 218.4 219.2 223.3 226.7 225.6 225.7 225.6 227.3 235 236.5 232.2 233.6 235.6 237.1 239.4 239.3 247 248 245.5
