WholeMapElevations/data/sn/sn44_OST50GRID_20230518/SN44.asc
ncols 200
nrows 200
xllcorner 240000
yllcorner 240000
cellsize 50
[rows 70 to 104 of 200, columns 0 to 77 of 200]
240.2 239.9 239.3 238.4 236.2 232.6 228.9 224.3 221.6 218.4 215.9 213.3 193.1 167.3 184 196.8 198.9 200 205.7 219.2 234.5 243.8 252.3 257.7 260.3 260.1 258.9 256.2 254.2 250.3 246.9 243.6 241.2 239 235.9 233.4 229.2 227.8 225.7 224.3 222.7 220.7 218.5 214.4 204.5 212.4 213.8 213 211.4 210.7 209.3 207 202.9 199.1 193.1 182.7 171.9 162.4 156.6 152.4 152.3 150.7 149 147.3 144.3 145.7 150.2 157.1 164 170 176.7 181.2 183.2 187.1 190.8 192.1 190 166.3
237 237.6 237.4 236.6 234.7 231.7 226 209.6 207.3 213.1 211 208.1 196.1 172.9 168.6 182.1 174.6 190.2 213.6 227.1 235.1 243.8 251.2 255.7 256.6 255.6 253.3 250.5 246.8 243.6 242 240 238.7 236.8 235.1 233.1 231.5 230 228.6 227.5 226.5 224.3 221.4 217.6 211.2 216.4 216.7 215.5 215.2 214.7 213.6 211.8 208.3 203.9 196.8 187.3 179.2 167.1 162.5 157.6 154.6 152.5 150.4 151 147.6 146 145.1 144.1 146.6 153.6 158.9 165.2 171.3 179.3 185.3 189.9 187.1 160.6
234.3 235.6 235.8 235.6 234.4 231.2 225.3 207.7 186.8 199.7 205 202 193.1 167.8 160.9 169 186.3 209.8 222.1 228.8 234.5 241.2 246.5 250.1 250.4 248.7 246.2 242.6 239.4 238.2 236.9 236.6 235.9 235 234.1 232.8 233 232.5 231.5 230.2 229.2 226.9 223.8 219.8 216.9 219.8 220.3 219.4 218.7 217.9 216.9 215 212.4 207.8 200.4 191.9 183.2 168.4 165.1 162.3 159.4 155.5 153.5 152 149.8 148.5 146.8 145.6 145.3 143.4 145.4 148.3 161.2 169.7 177.9 184.9 184.6 157.1
232.6 234.4 235.6 236 234.5 231.5 226.3 204.9 179.5 181.3 196.8 195.7 185.2 160.2 164.4 186.7 205.3 214.8 222 228.2 231.6 235.5 240.8 242.9 242.2 240.2 238 235.3 233.9 233.2 232.7 233.2 232.5 233.5 233.7 233.9 234.3 234.4 233.7 233 231.4 228.5 225.6 221.1 222.2 223.2 222.8 222.2 222 221.3 219.8 217.9 214.6 209.3 202.8 194.5 187 175.5 175.1 169.7 165.1 160.4 157 154.8 153.6 151.5 148 149.1 148.3 148.8 145.8 143.3 144.5 154.6 164.8 171.5 175.1 150.8
232.4 234.8 236.1 236 234.2 231 224.5 201.8 178.8 168.7 181.1 189.6 176.6 155 166.1 191.4 205.5 213.9 220.6 224.4 227.1 229.6 232.2 233.2 232.3 231.3 230.2 228.8 228.4 228.5 229.1 229.3 231.3 232.1 233 234.4 235.4 235.7 235.6 234.5 232.7 230.3 227.8 225.7 226.1 226.1 226.2 225 224.5 223 222 218.8 215.6 210.6 204.2 197.9 188.2 186.2 181.1 177.1 172.8 167.8 161.3 157.9 155.6 154.3 151.7 152.3 151 149.1 148.1 146.3 142.9 142.3 149 159 162.6 149.3
232.6 234.8 235.6 234.9 233.1 229.8 223 202.3 178.7 163.5 166.1 182 171.5 150.6 166.6 191.4 203.2 209.8 214.7 218.3 221.2 222.7 222.6 223.2 223.3 223 222.4 223 223.4 223.9 225.5 226.5 228.5 231 232.9 234.7 236.5 236.9 236.6 234.8 233.2 232.1 230.3 229.8 229.5 229.2 229.3 227.6 226.4 224.8 222.2 219.9 215.4 211.1 205.4 200.8 195.8 189.9 185.7 182.6 177.8 172.8 167.7 161 157.8 155.5 152.8 155 154.2 152.6 150.6 148.1 143.2 143.2 141.6 145 154.2 144.1
232.2 234.4 234.6 233.3 231.3 227.6 220.1 207.6 181.9 161.9 156.8 172.3 164.7 147.2 169.5 191.9 198.1 203.8 208.2 211.1 212.7 213.9 214.3 214.7 215.1 216 216.6 217.5 218 219.4 222.3 224.4 227.1 230.2 232.6 234.6 236.7 237.6 236.2 235.3 233.8 233.6 233 232.3 232.3 232.1 231.4 229.5 228.4 226.2 223.1 219.5 216.6 212.4 208.7 203.7 198.1 191.6 187.5 184.1 180.3 176.1 171.5 165 160.1 156.6 154.8 156.7 157.8 156 152.7 149.5 147.2 146.4 143.5 141.9 143.1 143.1
231.9 233.8 232.7 231 228.5 223.6 217.5 209.9 190.4 165.3 152.9 156.8 155.5 147.8 169.3 186.5 192.5 197.1 200.4 201.7 203.3 205 206.4 207.3 208.2 209.1 210.6 210.4 210.9 216 219.9 223.2 226.6 229.8 232.4 235.2 236.7 236.7 235.4 235.2 234.8 234.7 234.6 234.2 234.2 234 232.8 231.6 229.5 227.5 224.3 221 218.3 214.8 210.6 204.7 198.4 192.9 186.6 182.9 180.6 178.2 172.9 167.9 162.2 158.9 155.1 156.2 156.6 155.6 153.2 149.9 149.2 147.1 144.5 142.2 141.6 142.5
230.6 230.9 229.9 226.9 223.9 220.2 215.4 209.8 199.7 177 156.1 148.2 147.4 151.5 172 182 186.3 189.7 191.6 194.4 196.3 198 199.8 200.7 201.4 199.4 198.9 204.8 210.5 215 218.7 222.7 226.2 229.3 232.4 234.5 235.4 235 234.4 234 234.9 235.3 235.3 236.5 236.6 235.7 234.2 232.6 230.9 229.3 226.4 222.3 219.6 215.8 209.9 203.3 195.6 185.1 176.6 171.8 169.5 167.7 166.7 164.9 161.3 158.6 155.9 156.3 157.3 155.7 153.5 152.9 152.1 149 144.3 142.9 141 141.8
226.7 226.3 224.2 222.1 220.7 218.3 215 209.5 202.9 189.2 166.2 146.9 141.4 150.1 170.7 176.5 180 182.9 185.9 188.5 191.3 193.6 194 193.8 191.4 193.8 202.4 206.4 210.8 214.5 218.4 222.2 225.8 229 231.6 232.7 233 233.4 233 233 233.8 234.1 235.8 238.2 236.6 235.5 234.2 233.7 232.5 230.9 227.7 223.7 218.1 213 205.9 198 183.4 173.1 171.9 169.2 166.9 164.3 161.4 160.9 158.7 158.2 156.5 156.9 156.8 156.5 155.8 156.1 156.2 153 147 143.3 140.3 140.7
220.8 219.9 219.9 219.4 218.7 216.9 213.6 209.7 204.2 195.5 177.4 156.3 140.7 145.5 164.2 170.8 174.8 177.6 180.6 184.1 188.5 188.6 185.7 183.8 187.8 196.4 201 205.3 210.3 214.1 217.9 222 225.2 227.2 229.7 230.2 230.5 230.6 231.4 232.2 232.1 233.6 235.1 235.6 235.8 236 235.6 235.9 234.5 231.8 227.8 221.6 213.4 204 193.9 185.4 177.4 180.8 183 181.8 176.7 170 165.1 161.9 161.2 159.6 159 158 158.7 158 156.9 157 157.8 156.4 154.7 152.1 147.6 140.1
214.9 216 216.7 216.9 216.2 215.1 212.7 209.8 205.7 197.6 175.9 154.2 137.1 142.7 158 164.3 168 170.9 174.7 176.4 177.1 176.5 177.7 184.1 188.5 194.5 199.7 204.4 210.6 214.4 218.1 221.6 223.6 225.7 227.3 227.6 227.9 229.3 229.5 229.8 230.6 232 233.6 235.1 235.8 236.5 236.9 236.3 234.3 232.7 228.3 219.1 210.6 203.1 193.2 188.1 183.6 190.4 192.8 190.9 184.3 177.5 169.8 167.9 168.6 166.6 164.2 162 161.9 162.3 162.8 160.7 159.9 159.4 158.1 155.1 152.6 149.5
211.1 213.4 215.1 215.2 214.9 214.3 212.7 210.2 206.7 191.6 165.1 144.6 133.3 140.7 150.2 155.3 158.6 162.3 166.3 169.2 170.3 177.1 186.6 192.8 195.6 197.3 202.3 207.2 211.4 215 218.3 220.9 222.3 223.8 224.6 225.4 225.7 227.8 226.7 224.1 228.2 231.1 232.6 234.8 236.1 237.4 237.4 236.9 235.8 234.2 230.9 226 220.3 214.4 207.8 200 190.2 200.1 200.9 197.3 190.8 182 177.8 179.5 179.6 177.4 172.5 165.9 165 168.6 170.7 172.1 168.2 166.6 164.4 159.5 156.1 153.2
208.8 211.9 213.7 214.7 214.6 214.7 213.5 210.4 203.6 180.1 155.4 133.3 134.3 141.7 147.1 150.9 156.6 159.5 160.7 168.7 180.7 188.7 194.3 196.9 200.2 203.1 206.2 209.1 212.5 215.4 217.9 219.6 220.7 222.3 222.9 222.2 223.4 226.3 220 220.9 225.7 230.1 232.3 234 235.3 236.6 236.9 236.9 236.7 235.9 233.8 230.3 224.6 218.9 213.7 201.4 203.2 210 209.9 200.9 196.6 191.3 190.3 188.2 186.7 183.2 177.7 170.4 172.6 180.3 181.7 181.4 178 172.7 170.6 167.2 161.6 156.9
206.6 210.4 213.5 215.8 215.3 214.7 212.7 208.3 197.2 169.5 145.5 128.8 135.7 145.5 152.8 151 155.8 166.9 176.3 184.8 191.8 195.4 198 200.7 203.7 206.6 209.5 211.4 213.8 215.4 216.6 217.8 218.9 220.2 219.8 209.8 212.8 204.1 202.8 220 225 227.3 230.4 232.5 234.7 236.2 237.9 238.4 238.3 237.7 236.4 233.7 228.7 223.7 216.2 205.5 212.9 217.4 215.8 210.7 202.6 201.2 199.3 195.6 191 186.8 176.4 172.3 175.4 187.5 184.5 183.2 181.9 178 174.1 172.5 172.5 170.5
204.8 210 214.4 216.7 215.2 213.1 209.4 202.9 187.1 163.1 138.1 129.5 145.5 161.4 169.2 173.4 178.4 184.3 189.5 192.5 196 198.9 201.4 204.3 207.3 210.5 212.8 214.3 214.4 214.9 215.3 214.8 215.3 215.3 209.1 189.2 190.4 189.7 212.1 217.6 220.6 225.4 229.3 232 234.3 236.8 238.7 239.6 239.8 239.5 238.4 235.5 229.9 223.7 219.4 219.2 221 220.6 218.8 215.8 211.1 208 204.6 200.9 196.1 184.1 175.2 175.9 182.6 191.8 190.1 185.3 182.6 179.9 177.5 175.5 176.1 178.1
203.1 209 213.5 213.7 211.4 207.4 202 195.6 179 157.3 133.4 131.6 148.1 159.9 173 178.8 184.9 189.1 192.8 196 199.1 201.8 204.7 208.3 211.6 213.7 215.8 216.8 216 215.4 214.4 212.6 211 206.1 189.3 176.4 184.2 199 204 214.3 219.6 223.1 227.9 231.9 234 237.4 239.2 240.6 241.1 240.3 237.7 234.6 231.6 229.3 228.5 227.6 226.8 224.9 222.4 219.7 218 213.3 210.3 204.5 198.8 183.5 177.7 186.8 189.5 192.9 193.5 188.7 183.1 181.1 177.7 176.1 176 177.5
199.7 204.7 207.5 206 203.2 199.8 193.7 185.7 171.5 150.6 129.5 130.2 145.7 166.6 175.2 181.2 186.9 190.9 194 197.7 201 204.3 207.8 211.5 214.3 216.7 218.1 217.7 216.6 212.6 211.9 209.8 198.5 184.2 168.3 168.4 174.8 193.1 201.8 214.3 218.3 223.5 227.9 231.3 234.5 237.2 240.3 241.1 240.8 239.5 237.1 235 234.1 233.8 232.5 231.2 229.6 228 225.7 223.7 221.5 218 213 208.3 198.3 183.8 186.3 195.3 194.8 194.9 194.6 191.4 186.7 182.2 178.4 177 175.2 174.1
195.7 197.9 197.6 196.8 195 189.7 183.6 175.3 162.4 144.5 125.9 127.5 142.5 167.3 175.5 181.8 186.7 191.4 194.9 198.9 203 206.4 209.9 213.7 216.8 218.3 218.9 217.7 213.9 211.3 209.8 207.5 185.4 163.8 161.1 171.3 185.5 200.3 206.1 213.4 219 223 228 231.5 235.5 238.4 239.9 239.8 238.8 238 237.1 236.7 236.1 235.6 234.8 233.5 232.3 230.6 229.3 227.3 224.9 221.6 215.8 203.8 191.5 191.9 197.6 201 200.3 198.8 196.6 192.6 189 183.3 178.4 176.6 174.2 172
189.8 189.9 189.4 188 184.9 180.2 174.1 166.7 153.2 134.6 122.1 125.9 144.9 166.3 174.2 180.5 185.7 191.1 196.1 200.3 204.2 208.2 212 215.1 217.2 217.8 217.9 214.5 212 209.4 207.7 197.8 172.6 154.1 163.7 184.8 192.6 199.8 207.1 213 218 223 227.7 232 235.6 237.6 237.4 237.5 237.2 237.8 238.1 237.7 237.2 236.8 236.3 235.6 234.6 233.3 232.1 230.7 229 225 214.8 207.5 208.5 207 208.1 208.3 205.9 202.4 198.5 195 191.1 184.7 178.1 174.7 170.8 168.4
181.4 181.1 177.8 175.6 173.4 169.6 164.3 158.4 140.2 124.6 119.8 130.1 148.2 165.2 174.1 181 186.5 192.3 197.2 201.4 204.7 208.3 212.4 215.2 216 215.3 213.5 210.2 208.6 206.9 204.8 190.5 164.1 149.6 165.7 186.1 192.2 198.2 204.5 210.6 217 221.7 226.5 230.6 233 234.3 235.2 235.7 236.7 238 238.4 237.4 236.6 236.7 236.8 237.4 236.3 235.3 234.2 232.5 230.8 228.7 223.9 221.5 220.1 218.1 215.9 213.2 209.8 205.8 202.3 198.7 195 188.4 178.1 170.9 166.8 163.9
166.6 166 164.8 163.3 162.5 159.3 155.3 150.3 129.9 117.2 123.5 134.4 151.9 165.5 173.9 180.8 186.7 193.4 198.3 201.4 204.7 207.9 211.1 212.5 212.7 210.8 208.7 206.9 205.8 204.2 201.9 183.1 156.8 148 162 183.1 190.3 196.3 203.1 209 215.1 219.8 224.6 227.4 229.1 230.8 233.6 235 236 236.8 236.5 235.5 235.9 236.4 236.9 237.3 237.1 236.3 236 234.7 233.1 230.7 228.3 227.3 224.7 222.1 219.8 216.6 212.3 208.2 203.9 201.3 197.9 190.8 178.8 170.1 164.7 161.1
152.4 152.8 152.9 152.9 152.3 151 148.3 142.5 123.9 117.5 123.8 137.2 153.4 166 174.3 180.8 187.2 193.3 197.1 200 203.1 205.8 207.2 207.8 207.6 206 204.9 203.9 202.9 201.2 197.7 176 151.4 143.6 159.7 182.2 190.3 195.8 202.5 208.1 213.5 217.8 220.5 222.7 225.8 229.2 232.4 234 234.5 234.9 234.3 234.2 234.9 235.5 236.5 237.2 237.6 237.1 236.6 235.9 235.3 233.6 232.4 230.1 227.4 224.6 221.3 217.6 213.8 208.9 204.6 202.9 199.8 190.7 178.8 170.5 165.3 160.7
140.9 142.1 142.7 143.2 143.3 143.3 142.2 138.6 119.6 116.4 124.2 138.8 154.4 165.3 173.4 180.7 186.4 190.4 194.1 196.8 199.6 201.2 201.8 202.6 202.3 201.3 200.9 200.3 199.3 196.2 190.4 170.7 147.2 141.3 160 181.2 190.2 196.3 201.5 206.2 210.5 213.1 215 219.3 224.4 228.3 230.7 231.8 232.2 232.4 232.4 233.1 233.8 234.5 235.8 236.9 237.3 237.9 237.5 237.2 237 236.2 234.7 232.1 229.1 225.8 221.6 217.6 213.7 208.7 204.1 202.6 198.1 189.7 177 170.2 165.2 159.7
130.1 130.7 131.5 132.4 133.8 136.1 135.5 134 118.3 115.7 123.9 135.5 152.5 164.5 172.5 177.6 183.1 186.6 189.3 192 194.6 195.6 196.9 197.3 197.2 197.2 197.2 195.6 192.9 190.2 186.7 167.5 144.9 139.3 158.9 177.2 185.8 192.5 199.2 203.3 204.8 203.9 210.9 217 222.6 226.5 228.4 229.3 229.9 229.8 230.6 231.5 231.5 232.2 235.3 236.8 237.2 237.4 238.4 238.8 238.5 237.5 235.6 232.8 229.5 224.3 220.1 216.7 213 207.9 204.1 203 195 185.3 174.7 167.7 161.2 156.5
118.1 118.1 119.8 120.7 123.1 125.9 127.5 127.7 118.2 113.3 122.6 134.8 151.3 161.8 170 175 178.8 181.1 183.9 186.3 188.3 189.7 190.3 190.8 191.8 191.6 191.1 190.3 188.6 186.1 182.3 166.1 143.8 137.1 154.6 170.1 177.6 186 191.9 195.8 191.6 200.9 207.4 213.9 219 222.8 224.7 225.3 226.7 226.5 227.4 226 228.4 228.9 232.8 235.9 237.4 238.4 239.5 239.7 239.1 237.4 235.4 232.9 228.5 222.8 219 216 212.5 207.3 202.7 200.9 193.2 184.5 172.4 162.5 156.4 153.1
111.7 112.2 112.8 113.5 114.4 115.4 116.4 117.5 117.3 111.9 121.3 131.6 146.2 158.7 166.7 171.6 173.8 175.6 177.2 179.5 180.8 181.9 183.6 184.5 185.6 186.7 186.5 186.5 185.4 182.5 180.2 168.3 143.2 134.2 148.6 159.5 163.8 168.6 177.4 181.6 189 196.2 203 209.1 214 215.8 217.5 217.6 220 215.8 214.6 210.3 213.7 226.8 232.6 235 237.5 238.9 240.1 239.7 238.6 237.1 234.3 230.3 225.5 220.6 217.2 215 211.9 204.8 202 198.7 190.7 179.6 165.5 152.4 149.8 148.4
110 110.3 110.8 110.5 110.8 110.8 110.3 110.2 110.3 111 120.8 130.4 142.7 155 163.9 167.3 168.1 168.5 170.7 172.2 173.7 176.3 177.6 179.7 180.8 182.3 183 183 181.6 179.6 176.7 167.9 143.2 130.4 140.2 146.9 146 150.8 159.1 176.2 184.4 191.3 197.6 203.5 205.9 207.6 207.8 208.2 208.8 195.5 194.1 194.1 215.5 226.8 230.4 234.4 236.7 238.2 238.6 238.3 237.4 234.4 231.7 226.7 221.4 217.6 215 212.6 209.6 203.1 199.6 189.8 176.9 165.2 151.2 146.2 142.8 141.4
113.6 108.9 109.5 108.7 109.1 108.4 108.3 108 107.9 111.1 119 129.4 138.6 149.6 156.5 158.4 158.9 159.5 162.6 165 167.2 170.3 172.5 175.3 176.7 178 179.3 178.2 176.7 175.2 172.1 165.3 142 128.5 133.3 141.1 154.9 165.8 169.6 174.5 180.4 187 192.7 195.1 198 198.9 199.3 200 189.6 179.2 176.5 193.3 217.4 225.9 229.8 233 235.6 236.5 236.5 235.8 233.8 229.7 225.5 221.2 217.5 215.4 213.1 210.4 201.6 195.4 186.8 173 163.1 152.5 147.8 147.7 146.8 147.8
123.7 124.4 122.9 116.2 109.8 107.7 108 107.3 107.1 108.5 113.2 125 133.2 141.2 146.1 149.2 151.1 153.5 155.8 158 160.9 164.2 167.6 170.4 172.6 173.6 174 173.7 172.3 170.2 166.9 160.9 136 127.6 134.9 151.6 159.3 164.1 166.9 172.1 178.2 183.4 187.6 190 191.8 189.7 192.2 182.4 169.3 164.5 175 199.4 216.1 224.6 228.6 231.1 232.1 233 232.7 231 227.2 223.3 220 217.1 215.1 213.2 211.2 205.7 196.8 182.9 171.7 158.6 151.2 150.5 151.3 151.9 152.4 151.3
141.1 141.8 141.4 137.6 132.8 125.9 118.2 112.1 106.1 106.3 106.3 116.3 124.5 132.4 136.8 139.4 143.3 146.4 148.9 152.5 155.8 159.6 162.2 165.9 167.9 168.2 168.6 169.9 168.4 166.3 162.2 154 143.2 127.6 128.8 147.9 155.7 160.2 164.8 170.6 175 179.6 182.9 184.3 180.9 179.3 180.3 166.3 157.1 166.2 181.6 204.3 218.5 223.1 226.5 228.4 229.1 228.6 226.5 224.3 221.8 218.8 215.9 214.3 212.8 211.3 209.5 203 190.4 172.8 161.7 155.7 154.7 155.4 156.9 157 153 151.4
154.4 156.1 153.8 152 146.5 140.6 133.6 121.7 106.5 105.4 105.1 110.5 118.1 123.6 128.9 132.5 136.4 140.2 143.7 148.5 152.3 155.5 158.5 161 162.1 163.3 164.7 166.2 164.6 163.4 159.1 147.7 136.2 127.8 124 138.5 147.4 155.2 162.5 168.9 171 172 173.4 170.8 163.1 168.2 162.7 154.3 160.4 178 198.1 213.5 218 222 224.1 225.5 226.1 225 222.8 220.1 217.3 214.6 212.6 211 209.2 208.8 206.8 196.9 179 166.8 159.8 158.2 159.3 159.7 159.7 159.2 156.1 154.1
161.6 163.1 162.5 159.5 156.5 150.7 145.2 132.9 114.4 105.9 104.7 104.9 109.1 115.6 123.1 127.7 131.7 135.9 140.5 144.2 148.6 151.6 154.2 155.9 158.3 160.4 162.1 162.4 162.6 161.6 158.6 154.7 148.7 130.7 121.9 131.3 138.7 145.5 151.5 156 158.8 156.8 154.5 152.2 155.1 153.9 148.8 153.8 168.1 195.4 210.5 214.6 217.8 220.3 222.1 223.2 223.3 221.6 219.8 217 214 211 209 207.4 205.6 203.3 199.8 191.2 176.3 165.6 159.8 163.3 164 163.1 162.7 162.7 161.8 162.3
167.5 168 166.1 164.4 161.4 154.5 147.1 139.1 122.9 112 106.4 104 105.7 110.6 118.8 123.4 128 132.1 135.9 140.8 144.6 146.6 148 151.9 155.2 158 159.8 160 159.8 158.9 158 155.9 152 135.4 122 124.2 130.5 133.7 136.9 139.2 141.5 141 139.8 140.7 141.5 143.4 154.4 169 182.9 200.1 211.7 215.1 217.3 219.4 220.6 221.4 221.3 219.6 216.9 213.6 210.5 207.2 205.4 203.9 203.4 201.6 198.8 187.3 173.2 164.5 164.4 166.7 167.8 169.1 170.2 168.6 169.1 171
175.1 174.3 169.7 165.7 160.9 151.4 145.2 138.7 130.9 117.6 108.6 103.7 104.2 107.1 115.5 121.2 122.6 128.6 134 136.4 138.4 141.4 144.9 150 153.2 156 157.6 158.5 158.2 158.4 158.5 157.9 150.1 131.8 120.7 119 122.1 123.5 124.8 126.8 128.5 130.3 134 137.3 145.6 158.2 173.7 191.3 205.5 210.4 213.4 215.7 217 218.9 219.9 220.3 219.4 216.8 213.7 209.8 205.5 202.8 201.6 201.6 201 199.6 196.6 185.9 171.6 166.6 169.8 171.4 173.4 176.6 175.7 176.3 177.2 183.4
