WholeMapElevations/data/nr/nr79_OST50GRID_20230518/NR79.asc
ncols 200
nrows 200
xllcorner 170000
yllcorner 690000
cellsize 50
[rows 148 to 184 of 200, columns 85 to 169 of 200]
-0.4 -0.4 -0.4 -0.4 -0.4 -0.4 -0.4 -0.4 -0.4 -0.4 -0.4 -0.4 -0.4 -0.4 -0.4 -0.4 -0.4 -0.4 -0.4 -0.4 -0.4 -0.4 -0.4 -0.4 -0.4 -0.4 -0.4 -0.4 -0.4 7.4 14 28.9 27.2 22.2 42.5 61.1 48.9 57.2 68.5 68.8 72.9 106.2 122.1 176 178.5 170.4 159.2 147.3 141.3 165.1 182.8 172.6 171.9 190 189.8 189.2 185.5 181 192.3 217.6 212.7 203.6 199 194.6 188.8 177.1 168.9 168.4 183.7 182.6 180.2 177.1 187.2 191.7 197.1 186.5 173.3 167.5 169.6 194.7 209 198.5 193.5 173.6 160.7
-0.4 -0.4 -0.4 -0.4 -0.4 -0.4 -0.4 -0.4 -0.4 -0.4 -0.4 -0.4 -0.4 -0.4 -0.4 -0.4 -0.4 -0.4 -0.4 -0.4 -0.4 -0.4 -0.4 -0.4 -0.4 -0.4 -0.4 -0.4 -0.4 22 25.7 31.8 19.8 21.1 56.7 47.6 49.4 59.7 67.2 75 79.5 115.1 140.1 182.9 167.2 159.1 147.9 138.4 139.7 171.5 178 165.8 171.2 186.5 185.5 184 179.9 179.9 207 223.7 210.1 205.4 201.6 194.6 186.1 171.7 167.7 183.1 183.4 181.9 179.8 186.4 185.4 195.6 197.1 183.3 168.5 166 176.2 208.8 195.8 185.2 179.5 167.2 145.2
-0.4 -0.4 -0.4 -0.4 -0.4 -0.4 -0.4 -0.4 -0.4 -0.4 -0.4 -0.4 -0.4 -0.4 -0.4 -0.4 -0.4 -0.4 -0.4 -0.4 -0.4 -0.4 -0.4 -0.4 -0.4 -0.4 -0.4 -0.4 12.9 26.5 22 20.2 19.8 41.6 50.3 47.8 59.9 59.9 66.7 77.6 96.4 118.3 166 175.7 164.1 149.8 142.6 133.2 145.5 173.6 172.9 163.8 174.1 187.5 177.6 177.7 178.5 190.6 217.4 223.2 215.1 206.4 203.6 195.6 179.8 168.3 166.6 185 181.4 180.4 175.1 180.4 186.5 196.1 190.5 178 162.3 163.7 192.2 202.7 185.6 173.3 163.7 149.4 133.7
-0.4 -0.4 -0.4 -0.4 -0.4 -0.4 -0.4 -0.4 -0.4 -0.4 -0.4 -0.4 -0.4 -0.4 -0.4 -0.4 -0.4 -0.4 -0.4 -0.4 -0.4 -0.4 -0.4 -0.4 -0.4 -0.4 -0.4 -0.4 27.5 21.6 18.2 17.9 24.5 55.5 48.4 60.7 60.3 62.6 65.5 96.9 119.3 134.6 179.7 165.1 157.3 148.2 138.2 129.5 154.3 178 163.7 162.4 174.6 182 178.8 177 192.2 211.3 225.6 224.1 212.9 206.5 203.4 192.2 172.6 166 186.2 183.5 179 176.6 178.9 174.5 187 187.4 182.9 163.8 160.1 172.4 208.7 193.5 177.7 165.6 150.8 140.7 124.3
-0.4 -0.4 -0.4 -0.4 -0.4 -0.4 -0.4 -0.4 -0.4 -0.4 -0.4 -0.4 -0.4 -0.4 -0.4 -0.4 -0.4 -0.4 -0.4 -0.4 -0.4 -0.4 -0.4 -0.4 -0.4 -0.4 -0.4 13.1 17.5 18.4 16.3 17.8 50.8 46.2 59.5 57.1 61.8 69.6 83.7 114.9 129.3 155.6 173.3 163.2 149.2 145.2 128.2 129.2 161.2 174.6 156.7 162.6 180.1 176.9 176.3 177.1 209.9 215.3 229.6 227.4 211.9 207.3 203.2 184.3 167.4 165.4 187 179.7 176.8 171 177.5 166.9 179.8 182.3 176.4 156.2 158.1 190.4 203 185.7 172.2 157.5 143.7 127.1 118.1
-0.4 -0.4 -0.4 -0.4 -0.4 -0.4 -0.4 -0.4 -0.4 -0.4 -0.4 -0.4 -0.4 -0.4 -0.4 -0.4 -0.4 -0.4 -0.4 -0.4 -0.4 -0.4 -0.4 -0.4 -0.4 -0.4 -0.4 18.2 16.3 14.7 18 40.2 45.2 50.9 54.8 60.3 76.8 92.8 108.8 127.9 132.6 175.3 168.1 156.3 144.6 138.5 125.7 138.1 170.5 160.5 149.7 170.8 175.4 175 175.5 192.1 209.5 222.2 226.6 220.4 211.2 205.7 194.6 178.3 164.4 182.8 184.4 174.6 170.4 170.8 164.6 165.5 178.4 175.6 166.4 155.2 165.8 202.7 197 179.8 167.5 157 135.8 123.3 113.9
-0.4 -0.4 -0.4 -0.4 -0.4 -0.4 -0.4 -0.4 -0.4 -0.4 -0.4 -0.4 -0.4 -0.4 -0.4 -0.4 -0.4 -0.4 -0.4 -0.4 -0.4 -0.4 -0.4 -0.4 -0.4 -0.4 4.4 6.9 9.7 15.7 34.5 44.4 45.1 54.5 60.8 82.4 114.5 122.4 117.3 134.8 149.1 172.5 163.7 154.2 145.3 127.7 124.4 143.1 169.2 146.7 148.7 168.7 171.9 175.1 181.9 207.2 212.9 220.9 225.1 214.7 209.8 200.4 186.5 170.7 164.2 191.1 173.3 165.7 167.5 165.9 157.7 164.9 176.6 169.1 153 155.1 184.9 197.2 186.3 171.4 162.6 151 129.5 115.7 111.2
-0.4 -0.4 -0.4 -0.4 -0.4 -0.4 -0.4 -0.4 -0.4 -0.4 -0.4 -0.4 -0.4 -0.4 -0.4 -0.4 -0.4 -0.4 -0.4 -0.4 -0.4 -0.4 -0.4 -0.4 -0.4 -0.4 -0.4 7.5 18.1 34.3 53.3 44.2 49.7 53.9 81 102.7 123.3 121 122.9 135.4 163 161.7 159.7 149.2 134.9 123.7 127.7 154 160 143.6 150.6 169.9 171.6 173.8 198.3 204.5 215.1 218.5 216.6 213.6 208.1 193.5 178 164.7 169.1 181.1 165.5 166.6 170.7 157.7 150.3 169.6 172.9 159.1 152 161.5 194.8 185.7 176.6 165.8 165.1 136.8 128.7 113.2 108.4
-0.4 -0.4 -0.4 -0.4 -0.4 -0.4 -0.4 -0.4 -0.4 -0.4 -0.4 -0.4 -0.4 -0.4 -0.4 -0.4 -0.4 -0.4 -0.4 -0.4 -0.4 -0.4 -0.4 -0.4 -0.4 -0.4 -0.4 8.4 39.8 55 43.1 46.5 49.1 72.8 96.1 105.5 130.1 118.6 130.6 139.8 153 149.8 148.9 142.5 127.4 121.5 140.8 163.8 151.3 141.9 164.8 169.8 168.9 188 193.6 203 212.7 221.7 217.3 215.5 208.8 186.7 170.9 163.3 176.7 166.8 162 168.1 167.9 151.9 148.2 170.9 165.4 149.5 153 181.3 191.7 180.4 167.3 163.9 148.7 137.2 121.3 109.7 106.3
-0.4 -0.4 -0.4 -0.4 -0.4 -0.4 -0.4 -0.4 -0.4 -0.4 -0.4 -0.4 -0.4 -0.4 -0.4 -0.4 -0.4 -0.4 -0.4 -0.4 -0.4 -0.4 -0.4 -0.4 -0.4 -0.4 5.8 40.3 50.1 43.5 43.8 45.2 61.8 85.9 92.3 115.2 130.6 118.6 126.2 145.9 147.5 144 143.2 138.1 120.6 121.1 152 162 141 144.2 168.9 167.7 166.4 194.5 191.2 206.2 217.6 219.8 223.5 218.8 199 180.9 168.6 162.9 173.4 162.6 159.9 167.3 155.7 147.7 148.8 166.7 158.4 148.2 155.6 190.8 183.7 171 160.1 158.6 138.9 127.5 107.1 105.3 105.1
-0.4 -0.4 -0.4 -0.4 -0.4 -0.4 -0.4 -0.4 -0.4 -0.4 -0.4 -0.4 -0.4 -0.4 -0.4 -0.4 -0.4 -0.4 -0.4 -0.4 -0.4 -0.4 -0.4 -0.4 -0.4 6.2 50.7 57.7 52.5 42.4 43.2 49.2 79 84.8 87.1 118.8 118.3 120.7 130.7 147.1 143.9 139.3 145.2 129.7 120.6 132 158.9 151.4 139.4 158.2 171.6 165.2 180.3 186.2 193.9 214 222.1 224.3 223.5 209 195.1 171.8 161.5 170.6 165.9 159.2 159.7 158.7 153.5 147.1 153.9 161.3 147.8 149 167.7 188.7 177.1 158 156 142.1 133.2 117.2 102.1 97.1 102.3
-0.4 -0.4 -0.4 -0.4 -0.4 -0.4 -0.4 -0.4 -0.4 -0.4 -0.4 -0.4 -0.4 -0.4 -0.4 -0.4 -0.4 -0.4 -0.4 -0.4 -0.4 -0.4 -0.4 -0.4 -0.4 24.7 52.3 57.5 42.8 43.5 45.9 71 81.2 76.1 90.2 121.4 111.1 118.7 139.9 140.7 138.8 144.8 142.2 125.3 118 142.2 159.7 138.4 138.6 164.5 166.3 169.2 179.8 181 206.5 223.8 227.7 235.9 224.2 210.9 189.5 166.3 159.5 166.9 160.9 159.8 159.8 156.6 151.2 147.5 153.2 155.2 146.4 149.7 187.3 187.2 166.6 152.8 139.4 125.5 122.9 104.7 94 96.2 104.9
-0.4 -0.4 -0.4 -0.4 -0.4 -0.4 -0.4 -0.4 -0.4 -0.4 -0.4 -0.4 -0.4 -0.4 -0.4 -0.4 -0.4 -0.4 -0.4 -0.4 -0.4 -0.4 -0.4 -0.4 -0.4 30.3 40.1 40.5 41.7 42 57.6 82 68.9 75.2 106.3 114.3 110.4 122.2 137.4 132.4 133.9 155.5 132.9 118.8 117.7 147.3 147.3 137.1 149.6 167.9 162.3 173.6 175.7 188.3 225.5 239.8 240.1 238.9 220.6 206.4 182.4 161.8 158.1 162.6 157.7 165 158.9 158.1 150 147.3 154.5 146.3 145.8 168.9 184.4 177.9 161.5 144.5 125.2 114.4 106 93.9 90.8 97.8 125.6
-0.4 -0.4 -0.4 -0.4 -0.4 -0.4 -0.4 -0.4 -0.4 -0.4 -0.4 -0.4 -0.4 -0.4 -0.4 -0.4 -0.4 -0.4 -0.4 -0.4 -0.4 -0.4 -0.4 -0.4 27.4 29.4 32.4 38.7 38.9 54 78.7 67.5 66.9 82.1 116.4 104.7 112.2 134.2 130.5 127.2 139.4 145.7 131.1 116.5 127.8 152.8 136.3 136.3 162 161.5 161.9 174 182.3 207.2 240 243.1 239.5 232.3 215.9 199.3 177.2 159.5 164.5 158 164.3 162.5 161.7 160.5 153.7 147.4 144.1 144 148.2 183 182.9 167.9 153.6 129.6 112.2 102.6 93.1 85.1 93.8 106.7 127.1
-0.4 -0.4 -0.4 -0.4 -0.4 -0.4 -0.4 -0.4 -0.4 -0.4 -0.4 -0.4 -0.4 -0.4 -0.4 -0.4 -0.4 -0.4 -0.4 -0.4 -0.4 -0.4 -0.4 31.1 29.7 25 32.4 36.9 57.7 76.1 69.1 64.3 69.1 93.4 110.8 99.1 113.7 134.2 124.9 131.8 144.7 132 116.6 118.3 136.8 144 135.6 152.6 165.4 160 169.4 188.8 193.4 221.8 237.1 239.5 238.1 223 208.2 189.7 169.7 157.9 161.3 158.2 169.7 158.8 161.7 160.6 153.1 138.7 139.8 147.6 161.4 182 174 156.7 138.7 115.3 103.2 90.1 80.9 84 93 117.2 114.7
-0.4 -0.4 -0.4 -0.4 -0.4 -0.4 -0.4 -0.4 -0.4 -0.4 -0.4 -0.4 -0.4 -0.4 -0.4 -0.4 -0.4 -0.4 -0.4 -0.4 -0.4 -0.4 7.2 24.2 19.3 25.3 30.9 49.1 60.1 71.5 63.3 64.1 77.2 103.6 98.3 100.4 121.8 124.7 125.9 144.9 136 120.5 112.1 132.8 147.6 135.3 134.7 155.8 159.3 163 187.1 192 212.6 229.6 228.5 240.4 224.6 212.4 199.4 178.4 159.3 158.3 158 156.8 157.4 158.9 159.7 158.5 142.8 132.8 143.3 153.6 177.6 176.9 162.5 142 124.6 109.8 97.5 82.6 73.2 82.3 95.1 120 106.8
-0.4 -0.4 -0.4 -0.4 -0.4 -0.4 -0.4 -0.4 -0.4 -0.4 -0.4 -0.4 -0.4 -0.4 -0.4 -0.4 -0.4 -0.4 -0.4 -0.4 -0.4 -0.4 6.8 16.3 17.2 23.9 47.3 72.6 65.9 59.6 60.8 63.1 85.6 100.3 89.8 105.5 119.8 119.2 130.6 150.3 119 108 121.8 140.1 138.2 133.6 151 158.1 159.3 174.3 196.8 206.4 219.5 225.8 221.1 225.5 216.2 201.8 186.5 169.3 157.7 158.4 155.3 162.2 156.1 157.2 154.7 152.8 133.5 130.3 147.7 161.5 175.5 170.7 154.5 132.3 113.2 104.9 99 78.2 71.1 76.5 94.2 108.8 93.4
-0.4 -0.4 -0.4 -0.4 -0.4 -0.4 -0.4 -0.4 -0.4 -0.4 -0.4 -0.4 -0.4 -0.4 -0.4 -0.4 -0.4 -0.4 -0.4 -0.4 -0.4 -0.4 12.3 15.7 25.1 42.2 66 64.9 60.1 60.4 60.8 63.9 81.2 83.3 90.3 109.2 115.5 121.7 141.2 126.2 108.5 106.7 130.8 143.4 133.2 142.2 154.7 159.2 172.4 193.9 200.4 206.9 231.6 222.1 211.3 211.8 203 191.9 178 161.8 158.8 156.3 159.7 162.1 155.2 152.6 146.9 140.6 128.5 131.8 146.3 166.3 175.1 165.1 145.3 121.8 105.1 97 91.4 74.9 64.9 72.7 95.3 90.6 83.7
-0.4 -0.4 -0.4 -0.4 -0.4 -0.4 -0.4 -0.4 -0.4 -0.4 -0.4 -0.4 -0.4 -0.4 -0.4 -0.4 -0.4 -0.4 -0.4 -0.4 -0.4 8.8 13.6 20.6 46.6 74 62.5 57.1 58.9 60.8 63.1 80.9 93.4 88.4 92.2 95.9 112.3 123.3 130.5 115.3 105.6 116.8 132.8 136.5 133.2 152.2 157.8 163.2 186.2 200.6 213.7 223.2 229 219.6 213.4 204.1 191.6 181.8 169.8 162.3 162.3 154.1 162.7 155.7 153.2 147.5 139.1 129.9 123 132.1 151.2 174.6 166.3 144.3 126.7 106.2 98.4 91.9 85.3 61.1 60.6 67.1 84.2 71 88.8
-0.4 -0.4 -0.4 -0.4 -0.4 -0.4 -0.4 -0.4 -0.4 -0.4 -0.4 -0.4 -0.4 -0.4 -0.4 -0.4 -0.4 -0.4 -0.4 -0.4 -0.4 8.8 16.4 50.4 72.6 62 55.8 57.3 63.5 70.6 81.1 99 93.5 90.6 92.7 102.4 109.4 118.9 118.8 105.4 105.1 124.3 140.5 132.8 139.6 151.6 163.3 183.1 217.4 214.8 229.1 240.1 225.9 217.1 210.7 196.9 184.3 175.6 161.9 163.8 161.4 156.6 161.8 153.5 150.2 139.7 128.5 122.8 119.6 133.3 156 171.1 145.4 125.3 107.7 90.6 86.1 81.7 77.7 59.3 59 59.5 62.1 77.7 110.7
-0.4 -0.4 -0.4 -0.4 -0.4 -0.4 -0.4 -0.4 -0.4 -0.4 -0.4 -0.4 -0.4 -0.4 -0.4 -0.4 -0.4 -0.4 -0.4 -0.4 2.8 7.5 40.9 67.2 58.1 53.1 61.2 57 80 82.3 103 106.3 107.7 101.2 94.6 105.6 115 117.3 106.7 104.5 115.7 126.1 132.6 135.6 154.2 168.9 176.8 221 225.2 223.7 246.2 247.5 234 216.3 209.5 186.3 179.3 168.2 158.9 161.9 152.5 159.9 151.5 148.1 140.3 128.1 119.4 114.8 119.5 136.1 159 155.5 129.2 104.8 87.1 82.4 75.4 63 61.3 58.6 58 58.7 66.2 85.2 114.6
-0.4 -0.4 -0.4 -0.4 -0.4 -0.4 -0.4 -0.4 -0.4 -0.4 -0.4 -0.4 -0.4 -0.4 -0.4 -0.4 -0.4 -0.4 -0.4 7.2 5.8 23.4 55.8 58.5 49.4 55.6 65.5 81.2 83 99.9 115.5 112.9 120.3 117.2 112.3 111.5 124.3 116.3 103.5 109.1 123.3 135.4 136.6 156.3 167.6 174.8 206.6 230 226.5 235.9 256.7 252 236.9 216.4 210.2 188.1 168.5 159.6 153.6 152.9 150.2 155.6 141 141.4 131.7 116.9 115.1 104.5 120.9 138.8 158.6 138.1 112.2 91.2 77.7 66.1 62.6 61.5 59.8 57.1 57.4 60.8 71.6 104.5 101.1
-0.4 -0.4 -0.4 -0.4 -0.4 -0.4 -0.4 -0.4 -0.4 -0.4 -0.4 -0.4 -0.4 8.2 -0.4 -0.4 -0.4 -0.4 -0.4 10.3 13.9 52.3 54.1 47.6 48.4 57 75.1 87.7 96.5 109.6 114.1 127.7 127.6 120.9 113.5 123.5 125 106.7 102.1 122 148.4 143.1 154.7 169.8 174.7 195.7 208.1 226.1 229.5 259.1 251.5 245.4 229.6 216.1 201.2 180.4 162 150.6 147.9 150.7 151.6 142.8 135.4 133.9 124.8 112.6 104.9 101.1 122.2 137.7 140.2 117.4 98.4 85.7 69.3 62.9 58.7 59.7 56.9 58.8 63.6 62.2 76.6 98.8 96.1
-0.4 -0.4 -0.4 -0.4 -0.4 -0.4 -0.4 -0.4 -0.4 -0.4 -0.4 -0.4 2.9 5.6 -0.4 -0.4 -0.4 -0.4 -0.4 26.3 38.8 54.9 53.7 45.7 54.2 74 86.1 95.5 108.1 114.4 124.7 134.2 124.6 116.9 120.7 126.3 119.4 100.7 111.3 141.3 137.3 156.4 172.8 177.2 201.6 219.4 223.1 221.3 234.2 253.4 245.9 235.6 222.5 214.7 194.8 173.7 155.7 139.5 149 147.1 147.8 137.1 129.9 125.8 109.3 107.6 98.1 100.5 116.7 122.4 118.7 104.9 88.2 75.3 64.3 57.4 55.2 56.7 60.8 70.3 63.9 64.1 94.1 93.1 96.6
-0.4 -0.4 -0.4 -0.4 -0.4 -0.4 -0.4 -0.4 -0.4 -0.4 -0.4 -0.4 10.6 -0.4 -0.4 -0.4 -0.4 -0.4 15.7 43.2 48.7 43.3 44.3 57.6 75.7 84.7 90.6 107.4 114 122.8 133.3 128.8 123.3 117.6 133.2 122.9 100.3 96.8 121.5 142.5 139.3 171.3 175.6 191.7 224.4 227.3 227.1 226.6 248.8 250 237.3 224.3 208.7 198.7 184.9 165 148.2 136.5 149.2 149.4 136.7 126.7 123 113.6 104.9 101.5 91 94.8 110.4 106.1 102.1 89.2 82.2 67 57.1 54.6 57.9 66.4 79.1 75 63.8 70.8 93.9 81.4 87.3
-0.4 -0.4 -0.4 -0.4 -0.4 -0.4 -0.4 -0.4 -0.4 -0.4 -0.4 6.3 13.7 -0.4 -0.4 -0.4 -0.4 13.9 32.8 42.1 40.2 43.4 56 71.3 86.5 89.9 101.3 114.5 116 133.4 132.5 122.7 118.6 124.6 128 107.5 95.8 104.3 132.6 134.8 149.6 169.9 179.8 221.7 230.6 225.4 225 229 256.4 247.1 228.2 213.1 198.6 190.4 174.2 155 139.6 134.7 143.6 142.2 130.1 121.3 110.4 101.4 96.4 94.2 79 84.8 88.4 88.4 84.7 86.7 74.2 68.1 56.9 54.3 59.8 96.9 79.5 70.5 63.8 83.6 89.2 83.1 83.7
-0.4 -0.4 -0.4 -0.4 -0.4 -0.4 -0.4 -0.4 -0.4 5.7 4.5 8.4 2.1 -0.4 -0.4 -0.4 7.7 26 47.4 40.2 40.2 49.1 62.5 79.4 87.8 97.5 108.1 114.6 124.4 131.6 124.2 114.9 116.2 126 123.3 96 94.5 109 134.1 132.1 151.8 166.2 204.8 234.5 225.9 225.9 225.1 240.1 253.1 244.2 222.7 204.6 190.9 179.8 160.4 147.3 137.7 132.2 145.8 130 128.3 112.3 100.7 95.4 88.1 85 68.8 73.6 72.1 73.4 75 74 69.8 63.5 51.7 55.6 76.2 88 72 63 65.1 88.5 81 78.3 75.2
-0.4 -0.4 -0.4 -0.4 -0.4 -0.4 -0.4 -0.4 -0.4 6.3 6.1 16 1.1 0.3 -0.4 1 20.1 42.9 46.2 41.5 40.2 52.7 64.4 79.9 93.3 109.3 109.4 115.5 124.9 122 117 117.5 114.6 123.9 108.8 94 95.5 109.4 127.9 139.4 154.6 183.2 220.9 226.3 225.8 226.2 227.5 263.9 250.4 236.1 215.6 196.4 185.3 172.1 149.2 136 129.9 129.3 134.3 118.8 115.2 96.1 90.8 86.5 79.6 66.7 62.1 53 55.9 65.8 65.1 72.5 61.1 48.3 50.1 62.7 90.1 74.3 61.5 55.1 63.3 80.6 68 72.2 66
-0.4 -0.4 -0.4 -0.4 -0.4 -0.4 -0.4 -0.4 7.2 7.3 17.2 13.5 1.3 1.2 1.1 8.5 36.1 54 42 40.2 40.2 58.5 80.1 85.7 106.7 108.9 109.9 121 123.3 115.8 113.1 118.1 113 111.6 94.6 99.3 97.9 118 130.8 145.9 167.2 206.1 227.3 227.1 226.2 227 241.3 255.5 242.1 223.6 208.3 192 176.1 158.1 141 131.3 120.4 126.2 124.2 116.4 99.6 88.6 81.1 76.2 72.8 59 53.9 39.8 48.8 54.1 62.9 58.8 43.5 44.5 52.3 77.3 84 62.7 51.7 52.1 69.3 71.3 65 64.9 59.8
-0.4 -0.4 -0.4 -0.4 -0.4 -0.4 -0.4 7 9 16 17.4 5.4 3.3 1.3 1.5 22.1 55.1 49 41.5 40.2 40.2 75.9 91.1 103.8 108.4 110.4 116.8 123.6 119 112.8 114.4 107.1 109.8 96.9 90.9 98.9 99.4 120.1 145.5 151.9 192.6 212.2 224.5 225.9 226.1 233.9 254.8 246 234 211 197.4 182.7 165.9 145.9 130.9 125.7 110.2 118.6 114.7 106.8 80 74.8 73.4 68.5 64 52 46.1 35.4 46.5 51.8 40.3 35.4 34 41.7 61.3 82 67.9 54.1 50.7 51.4 70.8 61.6 60.2 58.2 57.3
-0.4 -0.4 -0.4 -0.4 -0.4 -0.4 6.6 16.7 16.4 19.7 14.6 8.2 3.8 2.3 9.2 29.9 50.3 44 42.2 41.4 51 87.8 103 111.8 109.8 112.5 121 117.9 112 113.5 105.1 103 97.7 84.9 91 89.3 106 126.8 143.2 169.3 200.7 221.4 223.9 225.1 227.3 256.9 254.3 232.3 212 197.6 186.9 175.2 149.3 133.1 120.9 112.8 103.1 106 100.2 92.4 72.4 67.1 65.5 63.7 49 42.7 36 36.6 38.3 33.9 25.9 23.3 28.7 43.9 66 75.2 53.7 50 49.7 54.2 65.4 59.7 59.5 58.5 61.2
-0.4 -0.4 -0.4 -0.4 -0.4 -0.4 -0.4 20.4 20.5 17.5 13.4 12.4 4.6 6.4 19.4 34.5 46.9 44.4 46.9 45.5 70.6 97.1 115.3 112.8 111.4 120.4 120.9 116.8 113.8 107.1 96.6 90.3 84.9 82.7 86.2 86.8 113.9 136.8 150.1 184 209.3 222.2 224 225.3 243.4 251.6 241 214.5 199.3 189.9 176.2 158.7 132.8 119.5 114.2 99 92.8 89.5 84.1 77.7 65 62.5 60.5 55.8 42.7 36.5 33.5 34.1 30.7 22 17.4 21.7 31 50.7 67.2 62.6 47.3 47.8 48.2 60.8 60.7 63.3 58.8 63.7 53.9
-0.4 -0.4 -0.4 -0.4 -0.4 -0.4 -0.4 21.6 21.8 16.6 17.1 6.5 6.7 12.6 26.4 51.7 47.1 46.1 58 53.9 83.9 103.1 120.2 110.7 111.2 122.4 116.2 107.4 107.6 101.4 87 84.1 75.3 85.7 80.5 92.7 118.9 134.1 163.7 203.8 226.2 223.8 223.9 225.6 252.6 245.8 227.9 204.2 185.5 175.7 163.5 139.8 120.3 109 100.7 86.6 89.9 71.1 69.5 69 57.5 57.2 56.6 40.2 33.1 32.5 32.4 21.9 20.8 14.4 18.4 24.2 30.1 50.9 63.2 46.7 45.2 46 47.3 57.4 64.6 61.6 67.4 60.8 55.5
-0.4 -0.4 -0.4 -0.4 -0.4 -0.4 3.8 20.3 18 11.5 10.9 6.1 9.4 20.6 38.8 48.5 48.5 67.3 69.5 61 100.1 103.2 108.9 110.2 111.8 115.7 111.1 105.9 104.7 93.5 81.5 74.6 73.6 75.2 77.8 100.1 126.7 147.3 185.9 215.5 223.6 222.6 224.6 226 247.3 231.1 206.2 190.6 173.2 167.8 148.5 124.5 111.1 100.7 83.7 88.2 74.1 59.5 59.2 55.6 55.8 52.7 51.7 27 26 21.3 22.1 11 8.6 14.5 20.1 25.2 38.6 55.9 52.3 45.3 45.6 45.6 51.6 66.5 67.4 61 62 55.8 52.8
-0.4 -0.4 -0.4 -0.4 -0.4 5.7 8.1 18.9 8.7 8.2 6 10.9 16.5 28.5 59.9 55.5 50 68.3 75.7 77.5 106 104.4 107.4 107.7 108.3 115.3 104.7 104.7 97.8 93.3 75.1 71.7 71.7 73.6 88.2 115.3 132.8 169 198.7 222.2 223.5 220.4 224.8 225.3 229.9 207.2 191 176.9 165.3 152.5 136.5 116.1 105.2 86.8 80.1 81.7 60.5 53.1 48.2 49.3 51.5 46.6 37.8 18.8 19.4 12.7 11.4 6.3 8 17 19 31.2 56.8 60.1 45.3 45.5 45.7 47.1 67.1 78.8 63.6 63.3 59.3 52.9 55.5
-0.4 -0.4 -0.4 -0.4 5 14 11.4 7.7 6.7 6.6 6.5 16.5 21.9 42 69.1 55.5 62.2 70.8 74.6 103.6 108.9 109.6 106.3 105.2 110.1 107.3 103.2 101.2 94.9 82.7 71.3 71.1 71.6 73.5 104.4 123 152.4 186 209 216.3 219.2 220.5 218.3 218 207.2 187.3 176.7 159.5 154.7 143 124.1 108.9 90.6 76.6 77.5 68.1 53.3 49.2 41.1 43.8 43.2 38.6 24.2 9.7 8.7 6.6 5.5 5.6 12.2 15.8 19.3 46.6 60.9 53.4 45.9 46.6 46.5 64.1 85 80.5 64.6 57.9 53.8 60.1 56.9
-0.4 -0.4 1.3 4.1 9.1 20.5 14.1 7.8 7.3 6.9 10.3 20.1 29.4 63.7 63.6 55.8 65.9 78.5 86 111.4 111.3 111.9 105.9 105.2 105.9 103.1 101.5 91.8 88.7 71.4 70.2 70.3 71.3 86.9 116.7 127.8 162.3 195.5 204.5 212.7 214.7 214.3 210.3 200.2 190.7 177.9 159.1 153.1 138.9 129.2 116.1 96.9 76.2 72.2 67.8 57.5 48.6 45.7 37.1 35 33.7 31.9 8.1 6.1 5 4.5 4.4 7.9 13.6 14.1 30.7 60.2 60 45.1 46.4 47.6 53.6 83 97.3 86 68.5 53.7 53.4 57.4 52.3
