UK/data/nc/nc85_OST50GRID_20230518/NC85.asc
ncols 200
nrows 200
xllcorner 280000
yllcorner 950000
cellsize 50
[rows 35 to 69 of 200, columns 0 to 79 of 200]
160.3 142.9 132.2 126.1 124.8 124.2 124.7 125.7 126.6 124.9 123.6 123.8 124.5 125.9 130.1 129.3 128.4 129.5 132.5 133.4 129.2 130.1 133 135.1 136.3 137.3 136.9 136.4 136.1 135.7 135.3 134.8 134.1 132.4 127.8 124.8 123.5 122.8 121.6 120.3 119.1 115.4 110.6 104.7 98.8 91.6 83.4 74.8 67 54.8 55.6 55.8 56 58.3 59.4 62.8 64.8 64.8 72.1 81.8 87.8 92.6 98.2 107.7 112.9 115.5 118.6 121.5 124 126.3 130.6 138.6 143.3 147.1 150.2 153 154.7 156.2 158 159.9
159.6 145.6 136.4 128.5 126.9 127.8 125.8 127.1 126.6 125.1 124.4 125.7 128 131.7 135.4 134.9 132.1 132.5 134.5 136.9 132.9 130.6 132.3 134.2 135.7 139 139.1 139 137.6 137.3 136.5 135.7 135.1 133.1 128.9 126.3 124 122.7 121.1 119 117.2 116.1 111.2 105.5 100 93.4 86 77.4 68.7 58.9 55.9 56 56.4 57.1 59.7 61.7 63.4 64.3 71.6 80.4 87.5 92.2 96.4 103.4 111.1 114 117.5 121.7 124 126.8 133.7 138.5 142 146.7 150 152.6 154.8 156.7 158.7 160.1
158.4 146.9 138.2 130.9 128.1 127.1 127.8 127.3 126.2 125.1 126.3 130 133.9 137.3 140.2 140.6 139.5 138.5 139.7 140.5 135.7 132.7 133 134.4 137.7 142.8 143.7 142.9 141.2 139.5 138.3 137.6 136.5 134.1 130.3 127.4 123.7 122 120.2 118.3 115.1 111.8 108.5 105.1 100.8 96.4 89.7 79.7 70.6 62.8 54.9 56.5 56.8 58.8 59.2 60.6 63.9 65.9 72.1 79.5 86.2 92 96.6 100.8 108.1 112.4 117 121.5 124.3 127.8 134.7 140.8 143.9 146.7 149.9 152.5 155.3 157.9 159.9 160.9
155.1 147.7 138.4 132.3 129.4 128.4 129.7 127.9 126.3 126.1 131.9 137 141.5 145.1 147.1 146.7 145.7 145 145.2 145.9 139.3 134.3 133.8 135.9 142.4 146.9 148.9 147.1 145.2 142.2 140.3 139 136.8 135.4 132.7 129.6 124.5 122 120.4 118.4 116.1 114.2 111.1 106.8 102.6 98.3 92 80.7 70.3 63.2 55.7 57 57.3 60 60.2 60.4 64.9 68.7 72.3 78.7 85.5 91.9 96.8 101.6 105.9 111.8 116.4 120.9 123.7 127.9 134.5 139.2 144.1 147.2 150.4 154.1 156.8 159.9 161.1 162
155.5 147.6 138.6 133.5 129.6 130.6 131.3 128.6 127.1 127.9 138.5 145.2 150 153.8 153.3 152.5 150.9 150.1 150.4 150.9 142.7 136 134.6 139.1 146.7 151 152.6 151.1 148.9 144.2 142 139 137.2 135.9 134.4 131.6 126.1 122.6 120.9 118.9 117.6 116.3 112.2 108.5 104.6 99.3 92 79.4 69.2 62 56.8 57.1 57.7 61.4 61.7 60.7 63.3 68.7 73 79.8 86.5 90.7 96.9 101.5 106.8 112.5 116.6 120 124.4 128.5 134 138.2 143.6 147.7 150.9 155.3 159.8 161.8 162.5 162.9
157.4 147.4 139 132.9 130.3 132.3 133.2 129 126.7 136.2 148.1 154.3 159.8 162.5 161.2 160.2 157.5 153.7 151.5 149.5 144.5 138.7 136.2 140.6 147.9 152.6 153.2 152.8 151.6 146.4 141.9 139.4 137.7 136.3 134.6 131.4 128 124.8 123 120.1 118.5 117.4 114 110 106.5 100 88.2 76.5 69.7 63.2 57.6 57.8 58 61.1 62.6 61.5 63.2 71 74.3 81.2 87.1 90.8 96 100.7 106.5 112.9 116 119.4 124.9 129.2 133 137.6 143.1 147 151.8 156.3 160.3 162.2 163.4 164.5
155.1 144 136.3 130.9 133.8 139 137.1 130.2 128.4 144.1 154.7 163.9 169.8 170.8 168.6 167.2 163.4 158.6 153.8 149.9 145.7 141.8 139.3 141 145.8 151.3 152.5 152.7 150 147.5 141.9 139.5 138.1 136.9 134.9 131.4 128.7 126.1 124.2 121.8 119.1 118 114.6 110.5 105.2 95.7 88.9 81.3 74 66.1 60.6 57.3 57.9 59.3 64.8 63.1 65.8 70.9 77 81.1 87 90.3 96.4 100.1 106.1 110.3 113.9 117.3 124.8 129.4 132.9 136.8 141.9 146.4 152.1 157.4 160.6 162.1 163.7 165.2
149.5 139 132.7 134 138.9 144.9 142.6 133.4 130.9 150.6 163.3 172.2 177.6 177.8 174.9 171.4 166.2 160.7 156.4 151.8 147.7 144.4 141.6 142.4 145.3 150.3 151.5 151 149.2 144.7 141.6 139.7 138.7 138.3 135.4 131.1 129.3 126.6 124.4 120.2 118.7 115.5 112.5 109.9 106.3 100.4 95.1 88.2 81.7 71.9 63.5 57.3 58.2 61 66.7 65 64.9 69.8 78.1 78.9 84.8 88.3 93.5 99.8 103.8 108.2 112.8 117.1 126 129.6 133.1 136.2 140.8 145.8 152.1 157.6 161.3 163 165.4 166.5
146.1 138.3 132.8 135.1 143.3 147.6 148.3 139.1 132.9 152.3 167.5 177 180.9 181.6 179.5 175.9 170.5 167.2 159.8 155.5 151.8 147.8 143.8 144.2 146.2 148.7 150.3 149.7 145.5 142.3 141.1 140.1 139.2 138.2 134.3 131.3 129 126.5 124.3 118.9 116.7 114.4 114.7 114.1 110.2 105.2 100.3 94.4 87.6 76.5 64.7 58.1 58.8 62.3 66.9 65.4 64.5 66.3 76.4 81.9 87.1 90.1 94.1 98.7 103 106.2 111.7 116.2 125.8 129.5 132.8 135.9 140 144.9 151.1 157.2 160.9 163 165.5 166.3
142.6 137.1 132.7 139.1 146.9 152.5 154.3 144.7 133.7 150.9 166.7 176.7 179.3 181.3 181.2 177.2 173.7 170.5 165.9 161.1 157.6 152.7 145.9 146.8 148.9 150 149.4 146.1 142.5 141.2 140.3 139.3 138.3 137.3 134.2 131.2 127.9 124.9 121.9 118.7 118.1 116.4 115.6 113.9 110.7 106.7 102.1 96.8 89.8 78.1 66.5 58.6 59.2 61.5 66.8 65.2 65.1 68.8 75.2 84.2 88 91.5 94.5 99.1 102.5 108.2 112.2 115 124.8 128.8 132 135.4 139.9 143.9 150.2 156.8 160.1 162.9 165.3 165.5
140.4 135.7 133.2 145.9 152 157.8 158 149.7 136.2 145.3 164.1 175.1 176.1 176.9 177.8 176 175.2 173.5 169.5 165.2 161.7 155 148.2 150.5 151.7 151.1 148.6 144.4 141.6 140.5 139.6 138.6 137.5 136.4 133.5 130.8 126.8 124.9 126.9 122.5 120.7 118.7 116 113.8 111.1 107.5 102.5 97.3 90.7 80.9 68 58.2 59.7 60.5 65.1 65.5 65.8 71.2 75.8 83.4 88.1 91.7 94.2 99.6 103.1 108.1 112.1 115.8 124.2 128.8 131.9 135.1 138.7 143.3 149.5 155.8 158.8 162.2 165.3 164.7
136.9 133.8 133.9 147.6 158.6 163.6 162.5 155.3 141.9 138.5 161 170.3 171 171.5 173.1 174.1 174.2 173.1 169.9 166 161.9 156.1 153.1 155 154.8 151.7 147.3 143.7 140.5 138.8 138.7 138.7 137 134.8 132.9 130.3 126.4 128.8 129.7 125.1 123.6 121.6 118 114.7 111.9 108.3 103.6 97.1 89.7 80.3 67.8 59.7 59 60.8 64.7 65.9 66.4 72 77.7 83.2 87.5 90.9 94.6 99.7 103.6 108.1 110.5 115.6 126 129.4 131.8 135 137.7 142.6 148.1 154.3 157.7 161.1 164 162.6
135.2 134 135.8 147.9 161.1 166.6 168 158.3 150.6 137.8 155.9 164.6 166.1 167.9 170.6 172.4 170.6 169.2 167.6 164.7 161.6 158.4 157.8 159.5 158 153 147.3 143 140.3 137.9 136.7 136.5 135.1 133.7 132.3 129.3 128.2 132.8 131.5 128.9 127.7 124.1 119.3 116.1 112.8 108.4 103.9 95.9 86.4 76 66.3 60.6 60.3 61.3 66.8 67 68.3 70.4 75.6 83.5 86.1 90.5 95.3 98.9 102.6 106.8 110.8 114.7 126.2 129 131.3 134.3 136.8 140.9 146.1 152.5 155.6 158.6 160.3 159.9
134.5 136.1 138.1 146.9 159.2 162.7 169.2 160.1 154.5 147.6 143.2 155.4 161.5 166.7 170.8 170.4 168.4 167.3 166.3 164.3 162.9 161.7 161.9 163.2 161 154.3 147.2 143.3 141.4 139.3 138.6 136.5 134.5 133.4 132.3 131.5 133.1 136.6 134.2 132.7 130.9 126.5 121.3 117.8 113.4 108.3 103.8 95.2 83.6 71.2 64.9 61.2 60.9 61.2 65.4 69.1 69.8 71.6 73.7 80.7 86.9 89.7 94.6 98.8 102.6 105.9 110.4 114.2 123.3 126.8 130.7 133.6 136.4 140.4 144.2 150.2 153.2 155.5 156.9 157.7
138.3 138.2 138.9 144.5 157.8 161.8 165.4 159.3 155.3 151.5 139.6 148.1 162.3 170.7 174.3 170.1 168.2 167.3 166.7 165 164.1 165.2 166.5 166.5 162.1 153.8 148.5 144 142 142.4 142.9 140.2 137.5 136.1 135.5 135.2 136.9 139.7 136.5 135 134 129.2 123.8 119.4 113.6 108.3 104.5 97.7 87.4 73.2 65.2 62.2 61 61.9 64.6 69.6 70.5 71.8 74.8 77.5 85.1 93.8 95.4 96.7 101.2 105.8 109.4 113.1 118.6 125.3 129.5 132.9 135.5 139.5 142.3 146.6 150.9 154.7 156.7 158.5
139.7 140.1 140.2 144 156.8 162.1 162.3 158.1 156.1 154.3 146.6 141.1 159.2 171.9 174.9 171 168.2 167.8 167.4 167.1 166.1 168.9 166.2 161.9 159.6 154.5 149.8 146.1 145.6 146.2 145.2 142.6 139.9 138.8 138.3 137.6 138.9 140.6 139 138.7 137.3 131.2 124.6 119.7 113.9 109 105.4 100.5 91.3 77 66.2 62.4 61.7 62.1 65.4 69.9 70.8 72.1 75.3 83.2 90.1 94.8 99 100.2 100.4 104.5 108.2 111 117.9 123.5 127.5 130.5 134.5 138.7 141.8 146.2 149.9 152.6 154.7 155.7
140.8 141.3 141.8 144.6 152.6 157.9 159 158.2 157.7 156.7 152.2 146.6 145.2 167.9 173.2 170.5 168 168.1 167.8 167.9 168.1 170 168.7 167.1 162.8 155.5 151 149.1 149.4 150.1 148.2 144.5 142.3 140.4 140.5 140.8 141.4 142.8 142 141.8 138.5 132.4 126.4 120.3 114.2 110.6 107 104.4 97.1 80.4 68 62.8 62.2 62.5 64 70.2 71.6 73.2 78.8 88.4 95.2 98 99.4 101.4 103.9 107.2 106.7 111.5 121 126.3 128.5 130.8 133.2 138 141.8 145.3 148.9 151.3 153.2 153.9
140.8 142 142.8 144.6 149.1 153.8 156.5 157.7 158.8 159.7 157.8 157.3 149.8 156.4 168.6 167.7 167 167.4 167.8 168.4 169.2 170.5 170.1 169.3 162.9 156.1 152.3 151 151.5 151.3 150 147.2 145.8 143.4 143.2 142.6 143.1 144.2 144.7 144 141.2 136.1 130.4 123.6 117.6 113.4 111 110.8 105.9 83.4 69.1 63.4 63 62.8 63.9 70.5 71.7 74.6 83.4 92.3 98.1 102.5 99.8 102.3 105.7 110 111.3 113.8 121.2 128 131.4 134.1 136.3 139.2 142.3 145.5 148.3 150.7 152.5 153.5
141 142.3 143.8 145.2 148 151.2 154.1 157.4 160.5 160.8 159.3 158.8 159.2 151.6 162.3 163.7 164 164.1 166.3 169.5 172.5 173.3 172.1 168.8 163.4 156.5 153.2 152.5 152.2 151.8 150.4 149.2 148.1 147 146.1 144.9 145.3 147.5 148.5 147.8 144.8 139.1 132.9 126.3 120.3 116 114.7 116.2 109.4 82.6 69.2 64.4 63.6 63.3 64.4 70.6 71.8 76.3 85.6 95.3 100.9 104.7 103.1 102.9 106.9 109.9 112.4 117.1 123.2 129.5 133 135.5 137.9 140.5 143.1 145.6 147.7 150 151.7 152.9
141.2 144.2 145.2 146.6 147.9 150.3 152.2 155.9 158.8 160 159.3 160 159 156.5 151 159.1 160.9 161.9 166.2 171.9 176.6 175.3 172.5 168.3 163.3 156.9 153.9 153.3 152.8 152.8 150.9 149.8 149.2 148.5 147.8 147.2 148.5 150.6 153.1 153.1 147.9 142 135.7 128.7 122.8 118.4 116 112.3 101 80.9 69.8 64.7 64 63.8 66 70.4 72.2 78.6 89.3 98.7 104 106.6 106.4 107 107.8 111.3 114.8 119.6 123.9 130.5 134 136.1 138.6 140.9 143.7 146.4 147.4 149.5 151.1 151.8
142.8 143.5 145.1 146.2 147.4 149.3 151.8 153.6 155.8 157.7 159.5 160.2 159.8 156.6 151 154 157.9 160.6 166.6 173.3 177.4 176.2 172.9 168.3 163.2 157.9 154.5 153.7 154 156.5 154.2 151 150.5 149.9 149.5 149.4 153 155.5 157.4 157 149.9 143.9 138 131.4 124 120.4 116.2 106.7 94.2 79.7 70.5 65 64.7 64.8 64.3 69.7 72.4 81.7 93.9 102.9 106.8 108.2 108.9 109.4 110 113.1 117.3 121.5 125.4 131 134.2 136.4 138.7 140.9 143.2 145.9 147.1 149.2 150.5 150.8
143 143.6 145 146.2 147.2 148.4 150.8 153.2 156.9 157.9 159.4 161.4 160.9 158.8 153.4 153.3 155.5 160.4 164.7 171 173.8 174.4 172.1 166.9 163.3 158.8 153.8 153.9 156.4 159.1 155.4 151.4 151 150.7 150.4 151.4 154.7 155.7 157.3 157 151.2 145.9 140.5 133.6 125 120.3 114.7 104.5 92.6 79.8 70.3 65.7 65.5 65.2 65.4 69.2 74.1 85.5 100.4 106.7 109.2 109.8 110.6 111.4 112.2 114.7 120.1 124.8 126.1 130.9 134.5 136.6 138.6 140.9 143.2 145.4 146.7 148.5 149.4 149.6
143.6 144.3 145 146 147 148.2 149.7 153.1 157.8 158.6 160.6 164.5 163.3 161.3 155.6 154 155.4 158 162.6 169.2 170.7 171.2 169 164.9 161.9 159.5 153.6 153.5 155 156.7 154.3 151.7 151.3 150.7 150.5 151.9 152.5 154.3 157.3 155.5 151.3 147.4 142.9 135.3 126.5 119.1 112.8 106.7 96.1 80.1 71 66.2 66.1 65.9 66.3 69.5 78.3 89.2 101.8 109 112 111.8 112 112.4 114.3 117.3 123.1 127 127.5 129.8 133.8 136.8 138.6 140.9 143.3 145.1 146.3 147.2 147.8 148
144 144.1 144.8 145.7 146.9 148.5 149.7 152.4 157.2 157.8 159.2 161.2 160.1 160.4 157.7 154.9 155.3 157.4 160 164 167.4 168.4 166.1 162.9 160.7 157.1 152.9 152.2 152.9 153.4 151.9 152 151.3 150.6 150.2 151 151.6 152.3 155.3 154.6 151.3 148.1 143.6 136.2 128.3 121.9 113.8 105 96 81.1 71.7 66.5 66.8 67 67.1 69.2 77.6 89.2 100.5 106.8 110.9 113 113.8 115.8 118.9 121.8 125.6 129.9 129.4 130 132.9 135.5 137.5 140.2 142.4 144.2 145.1 146.1 148.1 149.3
143.9 143.8 144.6 145.5 146.9 148.4 150.4 152.2 154.9 155.3 156 157.9 157.7 156.9 154.7 154.7 155.5 157.9 161.1 165.7 166.4 166 164.9 162.8 160.2 155.4 152.9 151.8 152.1 151.6 151.6 151.6 151.2 149.9 149.2 150.2 151 151.4 151.9 152.5 150.8 148.4 143.6 135.3 127.8 120.7 111.3 101 92.1 81.7 73.2 68 67.2 67.4 67.5 68.1 77.5 89.1 99.1 106.2 109.8 113 115.3 119.6 123.8 127.2 131.2 132.2 132.9 133.4 134.9 136.1 138.1 140.2 140.7 142.7 145.1 147.6 149.3 150.6
143.3 143.6 144.3 145.3 146.6 148.2 151.1 152.6 153.4 154.1 155 155.7 155.1 153.4 153.7 154 155.4 158.1 162.2 165.6 166.5 166.1 165 162.7 158.5 153.8 152.5 151.7 150.9 151.5 151.4 151.4 151.1 149.4 148.8 148.9 149.6 149.9 150 150.1 148 145.1 139.4 132.9 126.2 118.5 109.5 98.1 89.6 82.5 75.4 70.2 67.7 68.1 67.7 66.6 79.2 91.4 100.2 106.4 110.6 114.2 116.6 122.8 128.3 131.2 135.2 135.9 136.2 136.5 137.3 138.7 140.5 141.6 142.7 145.1 146.8 148.7 150.2 151.6
143.5 143.4 144.1 145 146.3 148.3 150.6 152 152.8 153.5 155.1 155.4 152 151.3 151.6 153.6 156.1 158.5 161.1 163.8 165.8 166.1 164.6 161 156.2 153.7 152.3 151.7 150.9 151.5 151.7 151.7 150.9 149.4 148.9 148.6 148.9 148.8 148.6 146.9 144.5 141.2 136.3 130.5 124.8 116.9 108.2 96.4 88.9 82.5 76.8 72 68.1 68.6 68.4 68.3 77.8 91.9 100.9 107.2 113.1 116.7 119.4 125.8 131.6 134 137.6 139.1 139.5 139.6 140.2 140.8 142.1 143.1 144.2 145.8 147.1 149 150.6 151.8
142.2 142.7 143.5 144.4 146.5 148.6 150.4 151.7 152.2 152.9 154.2 153.9 150.3 149.4 150.9 153.2 155.9 157.8 160.5 162.6 165 165.9 163.6 159.3 154.5 153.4 152.8 151.5 150.9 151.5 151.4 151.7 151.1 149.6 149 148.8 148.5 147.6 145.9 143.1 140.3 137.2 132.9 128.2 122.9 115.2 106.5 97.3 89.4 83.1 77.3 73.1 68.9 69.1 68.8 68.8 76.3 90.6 101 108.1 115 118.5 122 127.3 134.7 136.6 139.4 142.3 142.6 141.7 142.1 142.2 143.2 144.2 145.3 146 147.1 149.2 151 152.1
140.9 141.9 143.1 144.3 146.8 149.4 151.7 152.1 151.2 151.5 152.6 152.9 148.1 146.5 147.6 150.1 151.3 155.9 157.7 159.3 162.4 163.4 161.8 156.8 153 153 152.9 151.9 150.7 151.7 151.7 151.4 150.5 149 147.7 147.3 146.7 145.1 142.5 139.5 136.3 133.5 129.6 125 120.4 114.1 105.6 97.8 91.5 84.6 77.3 71.4 69.8 69.9 69.5 69.5 76.4 88.5 99.9 107.9 114.7 118.7 123 128.2 136.5 139 142 145 144.5 143.5 143.2 143.2 144.1 145 145.9 146.6 147.5 149.6 151.7 152.9
140.2 141.2 142.9 144.2 147 150.3 151 150.4 149.5 149.5 150.6 151.1 145 143.7 142.6 143.3 145.9 151 153.8 155.9 160.1 160.9 159.9 156 152.4 152.2 152.4 153.2 153 152.1 151.7 151.1 149.6 147.7 146.4 145.4 144.3 141.9 139.1 136.1 133 129.7 126.5 122.2 117.8 112.3 104.3 97.5 92.1 85.7 77.5 71 70.5 70.6 69.6 71.7 77.6 88.8 99.8 109.6 114.7 118.4 123.6 128.1 135.7 141.9 146.3 147.6 146.1 144.6 144 144.3 144.3 145.2 146 146.8 148.4 150.3 152.3 154
139.5 140.3 142.2 144.3 147.5 150.3 149.4 149 148 148.1 148.6 145.8 141.7 140.7 139.9 139.7 142.1 145.8 149.4 152.1 154.8 157.3 157.2 154.2 151.3 151.1 152.3 153.6 154.3 152.3 151.1 149.3 148.1 146.1 144.9 143.6 141.8 138.7 135.7 133.1 130.4 127.3 124 120.5 115.8 110.2 102.9 96.3 89.7 83.3 76.8 71.4 70.7 70.4 70.7 71.1 78.1 89.6 100.7 109.4 114.1 118.7 123.7 129.2 136.2 143.7 149.3 149.1 146.7 145 144.6 144.6 144.5 145.3 146.1 147.3 149.3 151.2 153.2 155
138.9 139.5 141.2 143.9 147 147.9 147.3 147.4 146.9 146.6 145.4 141.9 139.1 137.7 137.3 137.1 138.3 141.8 145.2 147.8 149.4 150.6 151.3 150.4 150.5 150.4 152.1 154 154.2 151 149.6 148.3 147 145.1 143.4 140.6 138 135 132.1 129.6 127.5 125 121.7 118.8 115.7 110 102.7 94.9 89 81.1 75.1 71.8 71.3 71.1 71.7 71.9 79.5 91.5 101.5 109.5 114.1 119.2 124.5 132.1 139 144.5 149.2 149.8 147 145.6 144.9 144.8 144.8 145.4 146 147.3 149.9 151.8 153.6 155.3
137.8 138.8 140.3 142 144.6 146 146.4 146.6 145.8 144.5 141.8 138.3 136.2 135.1 134.4 134.4 135 137.3 140 143.7 146.2 147.5 147.7 148.3 149 150.7 152.2 153.2 154.2 150.4 148.6 147.3 146 144.3 141 137.8 134 131.2 129 127 125.1 122.9 120.3 118.6 117.5 113.5 106.3 97.2 89.3 81.1 74.1 72.4 71.5 70.6 72.8 74.8 82.7 94.7 103.5 109.8 114.6 119.2 124.6 133.5 141.8 145.1 151.6 150 147.2 145.6 145.4 145.1 145 145.3 146.2 147.7 150.2 152.1 154 155.6
137 137.5 139.3 140.4 141.8 143.4 144 143.7 143.2 141.7 138.1 135.4 133.5 132.5 131.8 131.5 131.9 133.2 135.6 139.3 142.6 144.7 146.4 147.1 147.6 149.3 151.8 153 154.3 150.3 147.6 145.9 144.7 142.3 138.7 134.6 130.7 128.3 126.8 125.2 124.2 122.6 120.4 119 118.6 116.9 111.1 99.1 89.2 80.8 74.8 73.4 72.5 70.8 73.6 76.9 83.9 96.7 105.2 110.7 115.3 119.7 126.1 135.3 146.2 146.1 150.8 150 147.3 144.4 144.8 144.9 144.6 145.5 146.3 148.2 150.6 152.9 154.7 156.3
136.2 136 136.6 136.4 136.8 137.8 140 140.6 138.9 136.4 133.2 132 130.9 130.1 129.5 129.2 129.2 130.3 132.5 136 140.4 142.7 144.3 145.8 146.8 148.9 150.5 151.8 151.8 149 145.9 144.1 142.5 140 135.6 131.6 128.5 126.6 125.1 123.5 122.3 121.4 119.6 118.5 118.6 117.5 112.9 101.8 90.5 82.2 76.6 74.2 73.2 72.4 76.5 77.5 84.7 97.6 106.6 112.4 117.6 121.8 127.7 136.6 146.9 144.5 145.8 147.3 144.4 141.6 142 143.2 144.8 146 147.6 149.8 152 153.9 155.5 156.7
