WholeMapElevations/data/nx/nx67_OST50GRID_20230518/NX67.asc
ncols 200
nrows 200
xllcorner 260000
yllcorner 570000
cellsize 50
[rows 36 to 71 of 200, columns 81 to 161 of 200]
46.9 46.9 49.8 55.1 57.3 58.2 56.3 63.5 63.9 61.4 62.8 66.8 68.2 74.2 87 98.4 102.3 108 112.2 112.3 106.1 99.8 103.2 106.6 107.8 109.1 113.4 114.9 118.4 123.5 124.9 132.2 135.3 137.9 134.7 141.4 149 149.6 139.7 133.2 133.7 137.9 136.3 131 127.6 125 122.5 120.3 116.5 115.9 114.6 118 120.4 119.5 122.2 126.8 121.9 112 110 111.1 115.2 120.5 127.9 135.5 142.8 147.2 139.1 130.7 129.8 130 128.3 126 126 129 124.6 122.1 121.4 121.7 125.1 132.6 130.3
46.9 46.7 50 54.7 54.9 56.3 58.6 64 66.4 70.6 69 67.5 67.8 67.9 76 91.1 96.9 101.3 106.4 109.4 108.6 103.6 103.2 103.1 106.8 108.4 116.3 120.8 118.6 121.4 124 127 130.8 136.7 135.1 133.4 141.8 146.3 142 132.7 132.9 142.6 143.3 134 128.3 125.1 122 118.3 115 114.3 113.3 115.4 117.8 117.1 113.7 122.5 122.1 110.8 108.1 109.4 113.5 123.8 126.4 132.4 137.7 145.8 145 137.3 129.3 127.6 128.1 125.6 129.4 140.4 135 125.7 120.5 120.6 120.5 130.1 129.5
47 48.6 54.6 58.6 56.4 54 59.6 65.4 71.7 78.4 74.1 67.6 66 68 73.1 78.5 83.4 89.3 94.2 97.8 100.6 102.5 100.5 106.3 109.1 111.1 115.2 123.1 126.8 120.6 122 124.9 128.7 135.3 135.6 131.4 131.1 139.4 138.6 130.9 131.7 140.4 145.8 138.1 126 123.7 120.9 118.1 116.5 113.9 111.6 111.9 115.3 115.8 112.2 112.4 118.6 111.9 107.7 108.1 113.1 120.9 129.7 127.3 130.8 138.1 140.6 136.7 130.2 125.5 125.5 124.9 131.5 139.6 144.2 134.1 121 119.7 119.6 121.6 131
47 46.7 52.8 55 52 56.3 60.3 63.7 68.6 80.3 83.8 70.5 66.7 67.8 73.8 84.2 86.2 82.6 84.7 88.2 91.3 93.5 104.8 113.2 108 111.2 115.8 122.7 127.6 129.6 124 124.3 128.6 133.9 133.5 132.5 130.7 130.8 131.5 128.8 128.7 134.5 141.9 139.8 130 121.2 119.6 117.5 114.7 113.6 111.5 110.4 110.7 112.7 111.2 114.3 111.5 110.6 107.5 107.3 113.5 115.9 122.3 124.5 124.7 128.7 132.6 131.5 126.9 124.1 124.4 126 130.5 136.3 144.3 141.4 127.4 119.8 119.2 119.7 127.6
46.8 45.5 51.2 51.2 58.7 58 57.1 62.5 64.8 77 85.3 78.1 67.5 69.6 76.8 86.4 97.3 93.8 85.7 89.3 91.2 94.8 103.5 111.2 110.7 116.2 115 118.7 123.4 130.6 133.9 132.8 127.6 136.5 138.6 131.2 130.9 128.6 129.5 127.5 125.6 127.2 133.4 136.6 133.4 124.8 120.3 117 114.2 112 110.7 110 108.2 108.2 108.7 114.2 114.3 107.4 107.1 106.7 109.2 112.9 117.9 125.1 126.8 124.8 126.9 126.7 124.3 123.8 124.5 124.3 125.8 132.1 138.1 143.1 137.4 126.7 120.9 119.6 128.1
46.7 47.3 49.9 52.3 59.4 57.9 56.1 58.4 61.1 70.2 81.8 82.2 71.5 74.1 75.8 85.5 95.8 103.1 90.8 90.8 96.3 102.1 104.7 109.3 111.5 114.1 113.3 113.6 116.7 123.8 131.5 135.8 135.2 136.4 140.6 136.9 130.9 127.2 129.6 126.8 123.5 121.4 122.8 127 127.3 123.4 119.3 114.3 113.9 110.8 112.9 110 109.1 106.6 106.5 109.5 114 109.7 106.6 106.2 110 110.2 114.7 119.9 125.1 124.7 125.4 124 126.3 124.6 123.6 122.4 122.7 126.6 134.2 139.2 132.5 127.5 122 119.2 124.5
45.9 46.5 48.6 53 58.9 58.9 59.2 60.4 61.6 62.9 72.8 80.1 74.1 75.5 74.3 81.2 92.8 104.3 99.6 93.7 97.5 104.8 104.4 112.7 109.3 110.6 111.5 113.5 113.3 116.4 121.1 131.6 134.8 133.5 136.2 136.3 129.7 126.9 129.2 130.3 122.6 119.2 117.4 119 120.6 118.9 119.3 115.7 112 111.7 111.4 111.3 110.1 106.8 106.1 105.8 109.7 111.5 104.8 105.9 106.7 109 112.1 116.6 121.5 121.7 122.7 124.3 125.5 123.9 123.9 122.3 122.5 121.6 129.1 132.2 129.5 125.6 121.6 119.1 118.3
46 47.2 47.3 49.5 52.3 53.9 56.8 58 59.5 60.8 64.4 75.9 74.8 78 76 77.8 86.7 98.9 100.5 94.8 100.9 103.9 106 109.3 112.5 113.8 115.2 114.8 112.4 111.5 115.9 122.4 126.3 127.6 127.5 128.9 126.5 124.7 126.5 131 128.8 117.9 116.6 116.8 118.3 116.1 115.2 115.1 111.5 110.6 111.5 109.8 108.5 107.2 105.9 103.9 104.7 107.5 105 103.4 105.4 106.6 109 113 113.9 119 123.2 123.7 123.3 123.9 123.8 123 121.6 121.2 129 131.6 125 122.1 119.5 119.3 118.4
44.4 45.7 47.1 48.6 51.1 55.4 58.1 59 62.2 61.3 64.1 70.9 74.5 74.3 80.2 78.7 79.5 89 95.4 96.7 104.1 103.6 106.5 111.4 114 115 112.9 114.8 110.8 110.3 112.5 117.6 120.4 120.4 116.7 116.2 120 120.5 124.4 128 128.5 124.1 115.3 114.2 121.2 120.6 113.7 112.5 111.6 110.7 112 109.2 108.7 106.9 106.3 104.2 103.3 103.9 103.9 102.6 103.7 104.6 105.8 110.5 114.8 119.3 119 122 122 121.9 122.5 122.3 122.1 120.5 126.5 134.8 132.5 120.7 116.4 116.6 117.2
44.5 43.9 48.4 51.2 61.4 60.7 59.7 62.9 62 62.1 66.3 69.7 72.3 74.2 78.4 79.4 78.7 81.9 90.4 93.8 98.4 106.3 107.9 114.3 116.8 115.2 114.3 110.9 109.8 109.7 110.2 112.9 114.3 112.9 112.2 114.1 114.2 115.8 118 123.2 125.5 124.4 117.3 111.8 116.2 124.7 117.6 112 111 111 112.1 109.4 108.4 107.1 106.2 104.8 103.7 102.7 102.8 102.5 102.6 102.7 104 107.9 110.1 113.6 117.6 118 122.2 122.5 121.6 120.4 119.7 118.5 122.4 130.4 134.8 125.2 115.7 115.2 113.6
44.5 43.9 47.2 53.2 61.8 60.4 60.3 60.1 61.4 62.5 65.9 69.9 72.6 73.4 75.4 78.6 80.9 85.3 87.1 91.7 99.1 104.2 108.3 112.5 116.1 116.8 113.3 110.9 109.2 110.9 109.6 109.1 112 112.4 112.1 112 110.3 112.7 112.4 118.2 120.9 120.2 117.8 109.3 109.9 120.1 123.8 111.7 109.9 109.5 109.5 110.1 114.9 115.8 109 105.3 103.1 102.9 102.3 102.1 102.1 101.9 101.8 102.7 107.3 112.5 113.5 116.5 119.8 121.1 119.7 120.2 117.9 117.6 118.1 121.6 126.9 121.9 115.2 114.6 114.1
46.7 44.5 46 52.6 60.7 58.6 58.2 61.3 66.1 63.4 67.1 72.6 75.7 74.5 75 76.2 81.7 82.2 91.9 93.8 99.3 105.7 110.4 111 114.6 114.4 112.6 111 109.8 107.9 107.1 107.5 114.8 117.2 117.6 113.6 109 107.6 108.4 110.3 116.1 114.8 112.7 108.3 108.9 112 118.9 110.8 107.9 108.5 109.1 108.2 112.1 121.5 117.6 106.2 103.2 102.3 102.4 102.4 103 101.8 101.8 101.6 104.1 108.1 112.3 114.4 117.7 118 118.5 118 117.3 117.9 116.4 115.5 115.2 117 114.3 114.5 113.3
46.6 44.5 45.2 48.2 55.9 56.6 58.5 58.9 63.4 66.5 70 73.4 77 78.3 77.7 77.3 80.9 82.7 87.7 94.6 98.7 107.2 110.2 110.7 113.3 111.1 113.2 110.4 108.3 105.9 104.9 105.2 115.5 125.2 123.5 122.4 112.8 105.3 104.5 106.3 108.3 108.2 105.3 109.2 107.9 105.8 111.4 109.1 109.2 106.7 106.1 107.8 107.3 119.2 122.4 113.4 103.3 104.1 103 103.8 103.4 102.4 101.4 101.1 101.5 104.3 109.2 111.6 112.1 115.3 118.2 117.5 117.2 117.7 115.5 114.9 114.3 114.1 114 114 115
47.1 45.4 44.5 45.9 48.8 53.3 57.6 57.8 60.9 64.5 73.3 74.9 76.6 80.9 79.8 79.2 80.5 83.8 86.9 95 100 102.8 106 106.5 111 109.8 112.8 109.8 108.8 106.2 103 104.4 115.3 125.9 126.6 123.5 117.5 104.6 102.5 102.4 102.3 103.2 109.4 106.4 105.6 104.4 104.4 108.1 108 104.8 105.1 107.3 106.4 113 120.7 117.3 104.5 103.8 102.2 102.8 102.8 103.1 101.6 101.1 100.8 100.8 107.2 110.1 110.9 114.6 115.6 117.7 119 118.2 114.8 114.2 113.8 113.7 113.5 113.1 113
46.9 47.4 44.5 45.8 46.4 49.7 52.9 60.6 62.7 66.8 74 76.3 78.3 79.7 82.3 82.6 84.7 84.7 89 95.4 102.5 104.5 103.8 106.3 108.2 110 110.9 109.1 108 110.9 103 103.1 114.3 124.9 126.7 122.1 115.6 107 102 101.3 99.9 101.4 110.8 107.6 104 105 104.1 104 106.3 106 104.1 104.6 106.9 106.6 114.5 114.9 108.7 102.9 101.5 101.3 100.9 101 102 100.7 101 101.2 103.3 108 108.2 111 115.1 117.3 118.2 116.7 114.7 113.6 114.3 113.4 113.6 113.5 112.5
46.9 47.1 44.5 45.4 45.5 49.6 53.1 60.3 66.2 72.5 73 77.6 81 79.9 83.5 85.2 86.7 89.6 89.8 98.5 106.5 114.2 111.3 106 105.4 107 109 107.8 106.6 104.9 103.3 102.7 111.6 119.8 122.2 118.9 109.8 102.8 102.2 100.2 99.9 99.7 107.3 112.4 104.5 103.9 102.7 102.7 103.6 105.2 103.9 104.5 103.3 103.2 104.7 111.7 108.9 106.1 101.6 101.1 101 99.7 100.9 100.6 101.2 101 102.9 105.1 105.2 108.6 111.5 114.1 114.2 115.7 113.8 114 113.2 113.2 112.7 113 114.5
46.7 46.8 44.9 44.5 46.4 49.6 56.9 62.7 68.7 70.3 73.7 76.7 80.6 80.1 85.4 87.3 91.2 94.1 99 101 107.1 115.2 118.7 109.9 102.9 102.3 105.4 105.5 107 103.3 103.1 103.6 104 113 114.5 111.4 102 97.9 102.8 100.6 99.2 99.6 105.2 111.5 111.5 101.4 101.5 101.4 101.7 107.7 104.3 102.3 102.4 102.1 104.4 102.3 105.9 105.4 103.3 101.1 100 100.9 100 100.1 100.2 101 100.9 103.7 103.2 107.9 110.5 111.3 112.2 112.1 113.8 113.6 114.2 113.2 112.6 113.4 118.6
46.5 46.6 46.9 44.5 47 49.5 55.6 59.1 67.6 72.4 76.8 76.7 79.6 83 87.1 87.5 94.6 100.7 105.7 104.6 107.4 112.2 119.4 116.1 102.8 100.1 103.5 105.5 108.3 105 104.5 104.1 99.8 104 106.1 103.4 97.2 95.9 101.9 101.1 99.2 102.3 114 111.7 110.5 103.8 100.6 100.8 101.1 104.2 107.4 102.3 101 101.7 103.9 106.6 105.7 104.5 102.7 98.8 100.4 100.4 100.4 101 100.5 100.9 101.9 102.9 105.2 106.6 108.6 107.9 109.5 111.9 113.9 110.7 113.4 113.1 112.2 112.5 115.3
46.3 46.7 46.8 44.5 46.7 50.8 55.2 61.9 72.7 74.6 76.9 80.4 82.9 82 83.1 86.9 94.4 101.6 107.2 108.2 105.2 108.8 113.1 117.2 105.5 99.7 102 106.4 107.5 105.2 102.2 102.1 98.1 96.5 98.9 97.4 94.2 93.9 98.8 98.6 99.4 104.7 114.7 119.3 111.2 104.9 100.6 103.1 101.3 101.4 109.8 105.6 101.1 100.6 102.1 105.3 104.7 103.9 102.9 102.4 101 100.9 101.4 101.4 101.2 101.8 102.7 102 102.1 103.1 106.1 106.2 105.3 107.8 111.4 111.7 113.6 115.4 113.9 113.6 114.8
46.3 45.8 45.6 44.4 47.2 52.3 59.8 65.3 69.2 73.2 76.5 79 81.4 82.3 84.3 85.5 90.2 96.1 105.7 109.4 106.4 103.5 105.5 111.2 106.4 98.2 99.7 101.9 103.9 104 101.9 99.4 97.9 96.1 94.4 93.2 93.1 93.2 93.2 96.6 99.8 103.5 113 118.6 116.5 108.5 103.2 99.4 101.4 99.7 105 104.9 101 99.9 99.7 102.2 102.1 102.6 103.4 103.4 105.3 101.4 100.9 101.4 105 114.5 111.7 101.7 102.3 104.3 104 104.2 108.7 111.4 113.3 120.5 126.2 127.4 124.8 122.1 115.9
45.5 45.3 46.5 44.1 48 53.8 62.5 68.2 69.7 74.4 80.2 81.9 82.2 83.4 87.2 86.8 88 92.9 100.9 105.9 105.8 99.3 98.6 101.7 101.5 96.7 98.8 102.9 100.9 100.6 100.3 101.8 97.2 96.7 94.3 95.2 92.8 93.3 93.3 96.2 97.5 99.8 108.3 113.4 114.8 109.1 101.9 102.1 98.9 100.6 99.5 102.2 102.3 99 99.5 99.4 100.5 103.9 104.7 104.5 102.6 105.4 101.7 102.1 110.8 118 123.5 114.4 104.8 101.8 103 104.1 106.5 109.6 117.9 126.8 137.1 140.7 139.5 135 129.1
45.9 44.6 46.6 44.1 46.8 57.1 63.6 68 70 71.7 77.1 81.3 84.1 84.1 85.4 87.8 90 94.8 100.6 102.7 103.2 100.8 97.4 96 96.2 94.3 95.9 105.8 110.2 101.9 99.9 104.6 103.5 94.9 93.6 94.8 97.1 92.2 92.9 94.2 93.3 94.9 100.5 105.7 107.3 104.9 99.6 98.1 99.1 98.2 99.5 103.6 105.8 101.5 98.4 99.6 100 102.5 102.9 104.6 103.6 105.6 111.6 109 112.7 119.7 128.3 123.8 115.2 107.1 104.4 105.1 104.7 111 118.9 126.1 134.8 143.9 140.6 131.2 125.3
46 45.8 46 44.1 47.3 54 63.2 68.7 72 72.5 75.1 80.9 84 84.4 87.6 89.5 91.2 93.3 101.7 106 103.6 99.9 96.5 94.3 93.5 93.9 94.3 102.9 111.9 112.1 100.7 102.2 107.1 100.8 93.8 94 95.8 96.5 92 91.9 92 94 94.3 98.6 96 95.5 95 95.9 96.8 97.7 99.4 101 102.1 104.3 102.6 98.9 99.5 100.7 102.7 106 104.6 103.4 113.8 120.7 120.1 118 123.3 125.1 119.8 113 110.8 107 104.3 106.8 117.7 122.3 131.1 140.9 133.3 125.1 123.3
45.9 45.7 44.1 45 47.2 52.2 62.9 67.6 70.5 73 75.9 80.9 83.3 87.2 89.7 89.6 92.9 96.1 99.7 105.5 104.7 101 97 95.4 93.4 92.6 92 95 106.2 112.2 108.7 99.5 104.8 104.1 94 97.2 97.3 96 94.4 91.7 91.7 94.7 96.3 93.4 95 97.5 94.2 94.9 96.8 98.6 100.8 102 102.3 109.8 107.1 99 98.9 101.8 103.2 103.8 103.7 102.9 113 121.7 122.7 116.7 113.5 115.6 116.3 114.7 112.3 109.9 106.2 105.8 115.3 119.7 127.2 135.8 125.6 121.7 119.8
46 46.1 44.1 46.3 48 54.4 57.9 64.7 71.1 74.2 79.3 81.9 83.3 88.1 87.1 87.7 92.7 97.9 99.4 102.9 105 101.1 97.6 94.9 95.8 94.3 91.5 90.8 93.8 105.7 108.8 102.5 98.8 102.2 96.6 96.3 105.2 98.8 93.5 91.8 91.3 94.2 95.1 93 95.4 98.5 95.3 94.7 94.8 96 101.5 99.4 99.7 108.5 109.9 102.2 96.6 99.8 100.2 101.5 102.1 103.1 112.4 119.9 121.6 113.3 107.9 109 108.8 110 110.6 108.8 106.2 104.1 111.6 116 122.5 126.3 120 117.1 121
45.9 44.7 44.1 46.3 48.6 53.6 58.9 63 71.7 77.2 79.7 80.5 82.9 87 86.4 87.4 96.2 98.6 101.7 100.9 102.5 99.6 96 93.6 93.6 97.9 92.2 90.6 90.8 97.4 102.8 100.8 95.7 95.5 94.5 93.1 104.7 106 94.3 91.9 91.3 91.6 93.7 92.4 91.3 93.5 94.5 91.9 92.1 92.2 97.1 96.9 98.4 104 108 104.3 99.2 96.3 98.4 100.9 101.8 111.5 116.8 118.9 118.8 109.7 113.4 112 103.5 106.3 109.6 105.6 105.7 103.5 104.8 110.9 118.3 121.8 115.9 121.7 126.7
46.5 44.3 44.1 46.2 50 56.7 61.4 66 68.6 76.3 77.6 81.5 83.2 86 86.1 89.5 94.3 97.7 101.5 102.2 98.9 96.3 99.1 92.6 92 96 97.4 90.6 90.2 101.6 99.1 95.1 91.4 92.2 92.5 92.5 98.4 105.1 100.1 90.5 90 90.5 90.7 91.7 89.8 92.7 92.8 90.1 90.8 91.7 91.8 96.6 97.1 98.7 104 107.4 99.8 95.1 96.4 97.6 102.4 108.6 119.8 117.1 114.4 107.3 109.9 114 107.4 100.9 103.6 103.4 102.8 101.8 103 105.1 109.7 112.8 114.9 123 126.8
46.4 44.3 44 46.1 49.2 56.8 64.1 69.9 72.4 74.6 77.9 81.1 83.8 87.5 86.9 88.1 91.8 96 99.1 103.4 99 95.5 95.9 94 91 91.9 98.8 94.6 89.7 95.2 103.5 92.9 90.3 90.3 93.3 91.7 92.7 97.6 99.3 91.9 88.2 88.3 89.6 89 89.4 91.3 90.5 89.5 90.3 89.8 90.7 91.6 95 94.5 99.1 101.4 99.7 96.5 92.5 92.9 98.6 105.5 114.8 115.7 109.2 102 104.8 110.4 107.5 100.3 99.8 101.3 102.5 101.1 105.8 105.5 108.2 115.3 117 118.4 123.6
46.5 44 44 46.7 49.4 56.8 63 70.2 71.3 75.4 77.6 80.1 83.1 85.5 87.4 87.3 87.9 91.5 97.4 101.3 100.3 98.2 93.6 92.3 89.9 88.2 93.6 97 89.7 90 101.1 98.4 90.3 89.5 89.4 91.7 91.6 94.3 94.2 92.2 87.8 86.9 87.6 88 88.6 88.2 89.5 88.6 89.5 88 89.3 89.7 91 92.9 93.7 95.1 96.4 96.5 95 92.1 90.4 99.4 107.3 110.1 104.1 96.4 97.5 104.4 103.6 99.2 101.4 101.2 101.3 112.8 122.1 117.3 110.1 111.9 120.5 119.9 128.3
46 44 44 46.5 51.5 57.5 64.7 68.2 72.5 75.7 76.2 84.3 81.9 86.2 87.4 86.6 86.7 88.2 94.1 98.6 100.3 95.2 92.7 89.2 88.4 87.3 87.7 91.9 92 89.9 94 99.2 90.7 89.1 89.2 90.7 91.9 94.5 91.4 89.1 87.7 86.3 86.3 87.6 87.8 87.6 88.5 89.1 88.3 88.4 88.8 87.5 89 91.8 94.5 92.2 92.8 95.4 93.1 96.2 88.8 96.1 96.1 102 98.6 95 97 97.6 99.3 97.6 98.6 100.6 109.7 116.8 125.6 129.9 115.9 111 120.6 125.2 129.3
46.4 44 44 47.6 52 58.1 64.8 68.7 75.1 78.2 75.4 78.7 80.7 81.6 87 86.3 87 90.5 92.3 96.4 99.2 96.4 93.2 89.8 87.6 88.3 86.8 88.3 90.9 89.9 90.2 95.3 91.5 87.2 87.9 91.2 89.4 91.2 91.3 89.8 87.6 85.2 85.5 88.7 87.9 87.1 87.2 88.2 89.5 89.5 87.9 87.3 88.6 90.5 90.9 89.6 90.4 90.6 93.7 94.3 92.1 93.2 92.5 94.3 94.9 95.5 99.7 97.6 97.2 97.2 98.3 101.3 110.4 117.2 123 134.7 127.4 119.3 126.8 134.1 136.9
45.9 44.1 46.2 48.4 52.3 58.6 64.3 71.1 75.8 73.6 77.5 78.1 81.9 82.2 83.8 87.3 89 88.6 93 93.5 97.9 97.9 96.3 88.5 87 87.3 94.6 91.1 89.1 88.6 88.5 87 90.1 86.2 87.9 88.9 88.5 87.8 89.9 96.3 90.2 85.7 86.6 96 97.4 88.7 87.2 85.5 85.1 87.2 87.4 86.9 87.9 87.5 87.2 91.3 94.5 93.7 90.8 91.3 89.6 88.8 96.5 106.4 101.3 95.7 96.6 98.2 97.8 98 98.4 99.2 108.2 115.7 123.3 133.9 130.9 121.2 127.6 137 145.7
44.7 44.2 46.4 48.7 54.7 60.7 64 71.8 70.2 76.2 77.3 77.8 83.6 82.7 83.4 88.2 89.4 88.3 91.2 91.6 94.3 97.4 96.7 92.2 86.6 92.3 104 100 88.4 87 87.7 86.2 86 85.6 86.6 87 88.1 87.6 87.4 96.2 97.4 87.9 86.7 94.6 101.2 95.2 87.6 85 86.1 85.4 90.7 87.7 85.7 86.2 86.2 89 91.1 92.1 87.5 88 88.8 93.3 101.2 107.1 111.8 102 98.2 99.4 98.8 99.2 99.3 98.9 107 112.9 120 132.4 131.7 121.6 123.6 132.5 143.6
45 45.3 46.6 49.2 57 62.4 63.5 65.8 71.2 74.9 79 79 82 83.9 83.4 86 87.3 88.2 88 91.2 92.3 93.6 95.1 91.9 86.4 91.4 103.5 105.9 95.5 86.7 86.7 88.1 85.6 85.3 85.4 85.9 85.8 86.2 86.4 91.5 98.8 91.2 85.7 90 98.3 96 86.2 86.2 83.7 84.8 95.4 91.6 85.2 85.4 86 90.1 86.6 89.6 88.3 88.4 88.4 94.8 101 109.5 118 107.1 99.9 100.3 100.4 99.6 99.5 98.8 104.1 109.9 118.4 128.8 124.9 116.9 122.3 130.8 142
45.3 46.1 47.7 50.5 56.2 59.3 64.5 66.1 70 73.6 78.3 80.1 82.5 83.7 83.5 87.6 86.4 87.4 87.1 88.3 92 93.1 93.5 89.1 86.9 85.6 98.1 104.1 100.4 88.1 87.9 88.3 85.7 85 85 84.7 84.8 85.9 83.3 84.3 94.7 97.9 86.5 84.2 90.6 92 88 83.3 84.6 85 93.4 96.5 85.9 85.3 85.5 91.3 86.4 86.2 86.7 88.2 86.6 95 101.6 110.2 120.7 113.9 100.2 99.5 98.9 99.9 100 98.9 100.3 107 115.5 124 118.8 115 118.8 131.1 139.1
46.3 47.7 49.6 52.5 60.2 63 64.1 68.4 73.2 76.6 78.5 80.1 81.9 82.4 83.3 89.3 84.8 84.7 87.2 89.4 89.7 95.5 101.9 101.4 93.5 90.5 88.6 98.7 99.1 89.8 95.8 89.2 85.7 85.3 90.1 90.2 84.9 82.3 81.4 85.2 86.6 94.3 89.8 83.8 83.2 85.4 83.8 82.8 85 86.9 89.3 97.2 94.2 85 85 86.6 85.2 85.7 86.1 86.4 87.1 91.4 101.8 110.4 120.6 115.6 102.7 99.8 98.8 99.6 100 98.7 99.4 105.1 110.9 121.5 114.9 114.9 117.8 125.8 138.8
