UK/data/nc/nc32_OST50GRID_20230518/NC32.asc
ncols 200
nrows 200
xllcorner 230000
yllcorner 920000
cellsize 50
[rows 35 to 69 of 200, columns 79 to 157 of 200]
539.2 535.7 533.1 524.9 510.9 494.7 470.3 461.5 456.8 453.2 451.1 449.3 449.3 449.3 449.3 449.3 455.1 460.8 467.7 474.1 481.3 484.7 491.4 496.1 499.8 502 498.9 495.9 493 486.3 474.1 445 439.8 434.1 418.5 413.2 409.6 405.3 405.6 407.9 411.1 414.7 418.6 424.2 427.7 434.5 441.6 446.1 444.2 442.6 442.7 445 446.8 455 457.5 448 430.2 409.9 395.7 383.9 365.8 358.2 346.2 322.4 285.6 245.2 195.1 169.9 156.1 153.1 146.5 143.8 138.1 133.7 127.9 123.9 121.6 123.7 124.5
537.8 534.1 526.8 521.6 512 499.8 476.8 457.3 453.7 452.2 449.3 449.3 449.3 449.3 449.3 449.3 452.1 457.9 466.1 473 475.5 480.9 487.7 492.1 498.2 501.5 500.6 500.6 493.6 485.2 472.5 448.3 443.3 434 425.2 410.5 406.2 404.5 404.8 405.2 411.4 414 417.2 423.9 426.6 433.9 441.1 442.9 442.2 441.6 446.1 448.8 452.6 459.2 459.1 453.3 428.9 410.2 400.5 391.1 376.4 360.9 352.5 341.3 324.7 267.7 214 185.9 168.1 161.3 153.7 149.3 141.4 138.8 131.2 126.1 126.8 123.3 122.2
534.6 532.5 522.5 512.4 501.5 495.2 482.4 456.9 450.4 449.3 449.3 449.3 449.3 449.3 449.3 449.3 452 457 463.6 468.9 473 479.1 481.1 487.1 495 500.6 501.5 500.2 498.3 483.7 468.7 452 444.7 436.1 421.8 410.8 405.7 404.3 404.1 404.3 409.5 411 414.1 421.9 426.3 433 437.4 440.2 440.1 442.2 447.1 451 450.2 451.5 456.3 451.2 434.6 415.7 405.7 398.2 387.4 374.8 362.2 351.9 344.5 320.6 249 200.7 179.8 173.7 164.3 156.6 149.7 142 136.1 131.6 132.1 127.5 123.5
531 529.8 520.8 508.9 489.5 476.4 471.6 457.4 449.3 449.3 449.3 449.3 449.3 449.3 449.3 449.3 451.4 455.2 462.4 465.4 467.8 472.8 477.8 482.9 489.1 495.9 499.2 497.9 496.6 485.5 468.1 456.3 445.7 435.6 421.8 411.6 404.6 404.5 404.1 405 407.4 406.7 410.4 419.3 423.8 429.8 434.9 437.7 438.7 440.2 443.7 447.2 449.1 448.6 449.5 449.2 439.3 424.1 413.1 403.6 394.1 386.7 374.5 362.6 340.7 333.3 294.6 215.6 192.1 184.1 174.7 166.3 158.3 150 141.7 138.5 139.5 138.9 130.1
528.1 527.8 522.6 507.6 488.1 470.6 464.6 454.4 449.2 449.3 449.3 449.3 449.3 449.3 449.3 449.3 452.7 456.3 461.1 463.4 465.4 467.9 474 478.4 484.4 490.7 496.2 494 492.4 485.1 474.2 465.2 451.9 441.3 428.6 414.6 407.3 403.9 403.9 403.7 404 399.7 404.4 411.1 417.8 423.7 427.5 432.1 436.2 436.7 440.1 442.6 443.6 445.8 451.8 448.9 443.6 431 420.2 410.9 402.8 395.5 384.2 369.2 351.6 335.4 318.1 249.6 216.8 198.5 186.4 175.1 167.3 158.7 149.6 149.3 149.8 146.6 136.6
530.2 529.2 522.7 509 489.1 470.8 464.5 459.9 454.6 449.3 449.3 449.3 449.3 449.3 449.3 449.3 451.8 454.4 458.6 460.6 465.2 467.2 470.7 473.8 478.3 487.5 492.2 488.8 489.6 487.1 481 473.6 467.6 449.1 439.1 424.4 411.9 403.8 403.7 404.9 404.3 395.6 397.2 406.4 410.1 415.7 419.9 427.1 431.2 432.5 433.9 435.4 438.4 444.5 450.1 450.9 444 435.4 426.9 419.4 410.3 404.2 390.5 375.2 359.2 342.6 304.8 277.5 235.6 213.8 200 188.4 178.1 166.8 161.1 158.1 156.4 150.7 139.7
528.9 530.8 525.9 509.8 486.8 474.6 468.8 461.3 455.5 449.3 449.3 449.3 449.3 449.3 449.3 449.3 451.4 452.2 455.9 458.7 463.2 463.1 467.4 469.9 474.4 484.2 487.8 486 486.4 486.2 483.6 480 472.5 457.7 445.5 434.7 417.6 403.9 404 406.8 401.5 395.7 390.8 399.2 404.7 406.6 411.5 419 425.6 426.2 425.8 428 434.4 441.7 446 449 444.5 438.6 435.5 427.6 421 411.1 400.6 382.7 371.2 344.8 303 267.9 238.6 222.2 206.7 195.3 186.9 178.8 170.3 164.9 160.6 154 143.8
525.3 530.4 529.4 514 492.9 479.5 471.9 466.3 459.1 453.4 449.3 449.3 449.3 449.3 449.3 449.3 450.1 453 455.6 455.3 458.2 461.3 462.4 465.8 472.3 481.3 482.1 483 483.6 483.9 483.7 482.2 479.2 464.1 448.3 441 420.9 406.7 406 409 403.3 396.8 387.9 391.2 399.3 399.9 403.7 411 419.1 421.7 418.2 421 427.8 432.5 441.2 441.6 439.8 438.8 437.6 432.7 423.7 415.2 402.2 390.7 374.5 351.5 311.5 279.2 247.7 233.2 219.7 208.3 200.2 189.1 180 176.4 174 167.6 154.5
522.5 527.3 525 513.6 502.2 488.6 478.8 471.2 461.4 455.1 453.3 449.3 449.3 449.3 451.1 449.3 449.3 450.2 453.6 454.3 455.9 457 458.6 463.5 470.3 474.1 475.7 477.8 483.7 482.7 483 483.3 481.3 464 451.1 443 426.1 407.5 406.7 412.1 402.5 395.1 388.3 389.7 393.3 391.9 397.3 403.2 410.3 414 415.8 414.9 421.7 426.6 431.8 436.7 434.1 434.5 432.2 431.7 426.2 415.8 405.9 393.7 379.9 354.3 313.5 279.4 260.1 248.3 236.3 224.2 217.2 203 195.1 188.5 181.5 174.6 165.7
515.6 523.4 517.5 509.3 501.8 493 482.6 473.1 463.5 455.4 454.2 454.9 454.1 453.3 453.6 452.5 449.9 448.2 449.5 452.7 453.7 453.1 457.5 461.1 467.4 468.5 470.3 473.6 481.4 480.5 481.1 483.7 476.9 465.6 456.5 438.4 421.9 412.3 407.6 412.1 404.8 394.1 385.4 387.6 391 385.4 389.8 395.8 399.8 404.5 407.4 407.7 415.8 422.2 426.1 428 428.4 427.4 425.3 423.1 421.2 413.6 403.7 394.3 383.1 365 327 295.2 278.7 262.3 249.1 237.3 227.1 223 209.6 201.7 193.5 182.1 177.2
508.2 510.9 513.6 505.8 500.5 491.8 484.3 476 470.7 459.8 455.9 455 456.1 454.1 454.3 451.6 450.8 450.3 449.2 449.8 451.5 454.2 458 459.9 463.2 464.2 465.9 470.2 478.1 478.2 478.7 483.6 475.1 464.8 456.3 440.8 426.4 421.9 411.2 412.8 409 395.7 385.5 383.5 384.8 381.6 382.1 388.5 391.8 394.4 396.7 398 403.4 413.8 420.1 422.5 423.7 422.7 419.7 416.7 413.7 408 400.6 391 383.8 368.2 340.2 301.5 289 274.3 258.8 251 236.5 223.8 214.9 211.4 201.8 190.1 180.8
500.7 500.8 500.2 498 492.7 487.5 481.9 475.3 472.4 462.5 456.3 455.5 455.4 453.9 453.5 451.3 451.9 447.6 448.6 448.7 452.3 456 458.3 461.2 462.3 461.6 461 467.9 473.2 475.7 477.9 481.7 476.3 466.2 460.2 450 433.2 427 417.4 415.9 408.5 399.2 390.7 384.7 378 375.1 373.4 380.8 380.9 385.4 387.3 389.8 394.5 403.5 410.6 415.3 417.3 417.2 415.9 412.3 409.8 403.2 398 391.5 378.6 363.2 340.4 306.2 295 283.3 270.9 259.7 250.5 240 227.5 217.1 205.2 197.3 187.5
501.1 498 492.4 487 486.7 486.4 479.5 472.5 466.2 459.9 457.8 450 451.2 455.3 455.3 451.4 450.7 446.6 445.9 449.2 454.1 455 457.7 459.2 458.5 458.1 459.2 462.4 469.4 472.4 477 480.1 477.4 473.4 464.5 451.6 437 431.7 429.4 428.3 412.6 411.4 401.5 391.7 380.5 367.1 361.6 368.6 372.2 373.9 376.2 381.9 386.8 396.1 402.6 408 409.8 409.9 408.6 409.5 404.6 397.9 393.9 385.9 374.4 358 337.9 319.5 305.3 295.9 284.8 270.3 258.3 245.1 233.1 223.7 212.1 204.7 194.1
501.1 498 494.7 486.1 478.7 477.6 474.7 470.7 458.5 455.5 450.7 446.6 446 448.8 452.6 448.8 446.4 444.4 441.9 446.9 451.3 454 453.8 456 455.8 455.8 459.2 461.6 467.1 470.6 474.7 477.9 479.4 475.2 468.9 454.3 441.3 437.5 436.6 430.9 422 417.6 410.6 399.6 389.4 377 363.9 355.4 361.2 363.3 368.5 369.1 374.3 381.2 394.4 400.9 405 405.5 403.8 405.1 400.8 396.5 390.2 384.3 372.6 360.5 341.4 328.7 316.4 306 293.1 279.1 266.4 255.5 243.2 230.4 221.1 214.4 198.9
494.7 494.3 491.9 487.3 479.5 471.7 466.3 460.2 456.6 447.5 442.9 441.7 445.6 445.5 446.4 444.4 438.9 435.9 438 442.1 447.1 449.6 451 453.6 453.3 453.8 454.3 457.4 462.6 467.5 476.4 478.4 481.2 475.8 473.2 461.3 444.7 441.9 442.6 434.1 428.1 421.8 417.8 408.2 397.2 383.3 366.9 354.9 349.1 353.3 356.2 362.7 371.5 378.5 383.4 393.9 399.5 400.3 401.3 399.9 397.9 395.7 388.7 383.9 377 362.8 349.3 337 322.3 310.1 300 288 274.3 264.4 253.1 237.7 224.8 212.7 202.5
482.9 484.6 485.5 485.9 481.1 473.9 464.8 456.3 450.2 445.7 442.7 439.7 441.2 441.1 439 439.2 434.7 430.5 433.2 439.6 443.1 446.3 447.6 448 449.4 450.7 453 455 459.8 466.8 474.9 477.5 479 477 474.2 461.7 448.8 443.9 440.6 437.1 431.5 427.8 420.6 414.2 403.8 391.2 370 354.7 347.6 340.8 346.3 356.6 366.1 371.8 377.9 385.2 392.4 397.2 398.8 398.8 397.2 393.9 389.1 383.7 377.8 366.8 353.3 340.5 329.4 317.6 303.9 292.6 281.5 268.2 258.1 245.5 231.8 218.1 205.6
472.7 475.7 477.8 481.8 480.5 475.1 468.6 460.1 452.8 448.7 445.1 440.8 437.2 437.2 438.1 435 431.5 424.7 428.9 434.9 439.4 442 442.8 445.8 445.5 448.6 450.1 453 458.1 463 473.1 476.7 476.9 475.9 475.1 463.6 452.4 448.4 442.5 439.7 432 429.5 423.9 416.6 407.8 396.6 374 354.3 343.3 338.9 337.1 347.1 358 365.3 371.2 379.9 385.5 391.8 395.9 397.6 397.7 394.3 393.2 384.8 378.1 368.4 358 344.5 332.5 319.9 306.5 295.3 284.8 270.3 256.7 250.6 237.1 222.5 213.7
467.4 475.1 472.6 472.9 475.2 475.3 470.3 465 458.5 456.7 449.9 442.7 437.9 435.1 434.6 430.8 430 414.8 424.6 429.2 435.1 437.4 437.5 440.6 438.3 442.5 445.1 450.1 455.6 460 471.1 474.9 474 474.1 470.5 465.9 458 453.1 447.5 440 432.3 425.8 422.6 416.2 410.4 394.4 373 353.9 341.7 337.1 331.1 339.4 350.6 359.6 366.7 372.1 378.8 386.8 390.8 394.9 396.9 395.5 392.9 387.1 380.8 371.7 362.1 349.8 336.3 321.3 308.4 299 287.5 275 261.5 254.3 243.8 230.9 220.9
464.7 466.7 470.5 470.3 472.8 472.9 472.1 468.4 461.2 458.5 456.6 447 441.8 437 431.7 431 424.9 411.7 417.4 424.9 429.5 429.6 432.3 434.3 432.5 436.5 438.1 444.7 452.3 456.5 464.2 467.2 469.9 471.1 471 467.5 461.3 456.4 451.1 442.8 433.4 423.2 415.1 411.5 408.3 388.4 369.3 357.6 342.1 331.5 327.1 333.7 344.1 352.6 359.6 366.2 374.6 379.4 386.8 391.8 394.8 395.5 394.8 389.6 383.6 374.1 365.4 354.4 340.9 324.4 312.7 303.2 290.5 280.3 271.8 261.7 248.1 236.7 225.4
461.5 463.2 466.8 469.4 471.7 472.6 472.3 471.5 467.2 463 457.7 454.7 447.7 441.1 431.5 427.2 419.1 405.7 415.9 421.5 423.6 420.8 423.5 427.5 426.7 430.7 436.8 442.4 448.2 452.3 455.4 459.2 463.9 465.9 468.5 468.1 464.8 460.2 452.6 445.5 431 422.7 414 405.2 400.8 382.6 362.4 351.5 344.5 333.1 323.8 332 338.2 344 352.2 360 367.6 374 381.3 387.5 391.9 394.6 393.8 390.5 385.9 376.5 368.9 359.1 346.1 331.8 320.9 312.5 301.5 291.6 277.6 268.2 256.4 243.3 230.4
460.8 463.2 464.2 468.3 470.9 473.6 474.4 473.7 469.7 466 461.7 455.9 453.4 447.5 435.1 425.9 416.4 395.2 413.7 417.5 412.6 411.5 416.7 421.6 420.9 423.3 430.6 439.3 443.5 446.3 448.2 452.2 456.4 462 466.6 469.6 469.3 464.6 454.6 445.9 431.5 420 411.4 399.2 384.2 370.9 354.3 345.7 340.3 328.4 321 326 333.1 340.1 346 354 361.9 367.6 375.2 382 388.4 393.5 394.3 392.5 387.4 380.2 374.8 365.9 355.4 339.2 327.1 318.9 306.6 293.2 279.8 267.8 255.6 247 235.9
460.5 465.9 464.9 465.1 469.1 473.6 477.2 474.7 470.8 468.4 463.6 461 455.4 452 441.2 430.7 422.4 404.7 381.3 405 401.7 398.7 406.7 414.3 416 418.1 424 433.7 439 439.3 442.1 447.7 452.9 458.2 466.3 471.7 471.8 466.5 458.9 447.3 435.7 418 405.7 391.5 374.9 360.3 347.1 341.6 344.6 326.8 317.3 323.1 332.1 336.8 341.2 348.7 355.5 362.1 369.5 375.9 383.7 390.2 392.8 393.5 389.9 384.7 379.2 371.9 360.6 346.9 333.5 317.9 306 295.3 280.5 268.5 260.4 248.4 238.7
462.3 467.9 468 467.7 468.1 472.3 475.6 479 472.5 469 465.7 462.7 456.3 451.3 446.6 435.1 424.1 415.7 383 369.5 384 384.8 393.6 398.7 410.4 411.4 417.3 426.7 432.9 435.5 436.3 442.1 448.9 455.2 464.4 470.4 471 466.4 461.5 452.5 440.7 423.8 405.2 388 373.4 358.6 346 340.2 333.4 327 315.7 319.1 326.1 332.5 336.4 341.4 350.1 356 362.1 369.8 377 385.2 390.9 392.4 393 389.3 383.9 378.5 369.6 357.8 339 324.6 304.5 294.4 280.7 271 267.3 255.7 240.8
458.8 465.3 469.2 467.8 469.1 472.9 473.9 476.2 475 473.4 469.6 464.9 458.5 448.4 444.4 437.5 408.3 385.9 373.7 358.1 363.6 372.9 380.5 393.3 401.4 407.9 413.3 421.1 427 429.6 431.7 435.4 441.7 451.5 460.1 466.5 464.5 463.8 460.6 454.9 444.4 430.1 411.2 390.2 374.2 356.2 344.8 339.3 323.8 317.8 312.3 317.3 322.3 327 331.2 335.5 342.9 350 356.7 364.7 371.2 379.6 386 390.4 391.5 389.3 385.4 383.3 377.8 365.6 352.1 325.2 308.6 296.1 285.5 279.2 268.9 254.7 242.6
456.5 460.9 464.6 466.3 467.3 471.4 473 475.8 475.6 473.5 469.8 467.2 455.6 448.4 440.2 421.2 394.9 380.2 368 358.3 348.9 364.5 373.8 383.2 392.1 400 407.4 416 423 425.6 428.4 432 438.4 447.4 454.8 458.6 456 457.8 456.7 452.9 448.6 437.4 418.7 394.4 376.9 358.5 344.5 327.7 319.6 312.4 313.3 315.1 318.3 321.2 326.7 331 338.2 344.5 352 359.1 365.2 373.4 379.8 385.7 389 389 385.4 384.7 381.5 374.9 359.9 342.1 316.6 303.7 290.6 279.3 270.1 254.3 243.2
456.4 459.8 461.6 457.5 456.7 464.2 467.3 465.7 466 459.3 459.2 458.8 452 446.7 440.7 420.5 387.2 372.5 356.2 347.2 338.2 350.7 363.5 372.8 382.3 389.3 400.7 410.1 418.5 422.2 426.6 428.3 434.5 442.4 447.4 447.4 447.4 450.4 449.8 450.3 448.9 439.7 424.5 402.5 383.8 365.5 341.5 324.2 313.3 309.2 312.4 314.3 315.4 318 324.2 329.4 334.6 340.4 345.8 351.4 359.3 365.7 372.9 380 384.8 387.1 386.7 386.1 385.1 382.6 371.4 351.7 330.4 308.6 292.6 280.6 272.4 258 246
446.9 446.8 447.6 447.3 444.3 441.6 440.8 438.4 445.4 440.5 435.4 426.5 421.2 425.1 407 393.1 367.7 356.1 345.4 339.8 338.2 340.7 349.5 361.8 371.1 380.4 391.8 402.6 410.7 415.5 423 427.9 431.5 439.9 442.6 444.3 445.7 446.4 446.9 447.5 447.8 441.4 430.9 409.8 389.5 371.4 335.8 321.6 314.5 309.7 311.3 312.6 312.3 316.5 321.3 323.5 329.2 335.4 342.6 346.8 352.4 360.1 366.4 375 381.3 384 386.3 387.1 389 388 381.9 364 340.8 320.8 291.9 282.3 274.2 260.5 247.1
441.1 441.3 436 426.9 423.3 423.7 420.1 415 409.8 401.2 403.6 402 395.4 389.4 373.9 363.9 348.9 339.5 334.3 328.8 329.5 327.9 339.7 348.5 360.2 370.3 382.3 393.2 400.4 408.4 416.7 423.3 430 438.6 439.6 441.3 441.8 443.3 444.5 444.1 443.9 441.3 432.7 415.3 394.6 364.2 336.4 319.8 314.4 311.4 306.4 309.8 310.7 316.1 318.3 320.3 324.1 331.3 337.1 341.4 348.4 354.8 360.8 368.2 376.1 382 385.8 389.6 390.7 390 386.3 375.7 351.2 328.5 307.1 282.2 274.8 263.5 246.7
414.2 410.7 413.5 422.8 411.3 403.9 401.9 399.6 394.2 385.3 381.4 373.1 370.6 367.1 356.4 345.8 337 330.1 321.8 316.8 317.8 307 327 335 348 360.1 371.8 381.4 388.5 397 406.6 417.5 427.7 435.2 438.3 439.1 439.5 440.3 440.6 443.2 443.2 441.1 432.7 418.5 399.9 367.3 335.5 318.6 315.8 311.6 305 307.2 307.6 311 314.4 316.5 320.2 326.4 330.6 336.1 341.8 348.9 355.9 363.2 371.9 377.8 383.9 387.4 389.3 389.3 386.7 379.9 365.2 336 310.8 288.3 272.9 265.9 250
397.4 394.6 395.1 395.7 397.5 393.6 386.4 381.2 378.2 373.6 372.4 368.2 357.5 347.6 342.3 333.1 326.8 322.3 309.3 304.8 301.6 301 311.2 317.4 334.4 346.2 358.2 367.4 374.4 384.4 396.4 408.7 421.1 431.5 434.8 436.8 438.1 436.8 439.2 441.1 441.9 440.2 433.7 419.5 402.3 362.5 335.2 319 314.6 311 309.3 301.5 302.5 307.5 310.6 315 317.7 320.2 326.1 330.8 337 344.1 351.7 359.7 367.8 373.6 378 383.5 386 387.9 386 382.5 371.9 354.3 319.2 299.1 274.4 266.6 250.1
388.5 389.2 388.2 387.8 388.7 386.9 379.9 374.7 368.5 364.7 359.3 350.7 347.7 342.9 335 327.4 321.7 310.9 301.9 296.3 291.6 291 298.1 304 317.2 328.2 337 347.4 356.5 369.8 383.2 396.5 411.6 422.5 427.9 430.8 431.9 435.2 437.1 438.6 440.7 440.2 434.2 421.5 401.6 369 339.7 319.3 313.7 310.4 308.7 305.5 297.8 300.9 304.7 310.1 314.4 316.2 321.9 325 331.9 339.8 347.7 353.5 361.4 368.4 371.9 378.3 381.2 383.4 384.2 381.5 374.2 359.2 337.8 304.7 282.8 266.6 252.2
388 387.9 387.1 385.7 384 381.6 375.1 367.2 362.1 358.7 353.8 346.3 340.8 335.2 330.9 325.6 314.1 298 289.2 290.3 279.1 275.4 283.7 291.6 300.5 314.2 315.9 328.3 338.5 352.2 368.5 384.7 400.1 413.6 418.8 423.8 427.1 432.8 435.4 437.1 438 435.8 430.5 418.3 398.8 365.2 337.8 319.6 314.7 309.7 308.6 306 301.4 295.9 299.4 304.7 308.5 313.2 315.4 320.5 326.3 334.4 342 348.9 354.9 361.6 367 373.2 378.4 380 381.3 379.1 373.5 362.4 345.8 326.7 291.3 269.4 252.2
390.6 390.5 391.1 387.2 381.8 379 373.8 368.2 359.5 352.5 349.8 345.6 332 325.4 322.9 317.9 306.1 293.1 280 280.7 268.4 261.4 270.8 277 285.8 291.2 296.4 304.4 318 330.1 348.8 368.5 385.9 401.2 409.9 416.4 422.7 425.8 430.4 434.4 434.5 430.5 424.7 415.5 396.2 360.6 332.2 318.9 312.3 312 308.4 305 301.9 294.9 295.9 300.5 305 307.2 310.1 315.5 322.2 328.2 337.1 343 349.3 355 360.8 364.9 372.7 375.9 377.7 377 372 364 351.1 334.9 311.3 277.5 260
392.9 392.3 391.2 388.4 384.8 379 374.8 371.2 364.3 356.9 345.7 337.2 327.2 317.7 311.6 307.8 293.2 280.9 272.8 267.1 261.1 252.9 256.8 263.2 268.7 274.5 278.6 278.8 292.2 310.9 324.9 350.9 371.3 385.5 396.4 405.5 413.9 417.6 422.3 427.8 428.4 425 420 404 375.7 343 321.5 315.5 311.1 308.4 306.2 304.2 300.9 298 289.1 294.2 298.5 302.1 306.9 311 317 323.9 331.6 336.7 343.7 348.3 353.4 358 364.3 370.6 372.3 372.8 370.7 363.9 352.6 335.4 316.1 295.7 271.7
396.5 395.4 392.7 390.3 384 380.6 375.9 368.8 367.2 361.1 351.1 341.7 332.5 323.7 314.1 296.9 284.2 276.2 268.1 259.2 256.2 248.8 241.3 245.4 254.5 254.8 254.2 248.4 263.8 279.8 299.8 322.8 348.6 362.6 375.8 388 399.8 405.8 411.8 416.7 417 414.1 410.4 401 375.5 335.9 313.4 309.8 305.2 302.1 303.4 300.9 298.8 297.1 291.9 285.4 293.3 298 300.6 305.4 310.6 316.8 323.8 330.4 335.4 342.8 346.6 351.4 355.3 361 365.4 365.4 366.1 362.8 354.2 337.4 321.5 302.6 282.3
