UK/data/nj/nj04_OST50GRID_20230518/NJ04.asc
ncols 200
nrows 200
xllcorner 300000
yllcorner 840000
cellsize 50
[rows 0 to 34 of 200, columns 78 to 155 of 200]
202.8 201.1 198 195.8 193.4 191.4 193.6 195.3 195.8 198 199.4 200.9 205 206.7 206.3 204.5 203.2 203.6 207.7 213.1 215.9 221 224.5 226.3 225.3 221.7 223.5 229 234.1 236.6 236.7 236.1 233.4 233.1 231.3 229.8 232.9 234 234.2 234.6 236.5 237.6 243.4 246.1 248.1 249.6 253 259.1 263.6 266.5 266.6 269.5 275.8 282.9 289.5 294.4 297.9 300.9 304.9 305.7 305 304.2 303.3 302.7 302.9 303.7 304.4 304.3 304 303.1 305.3 307.5 309.4 311.4 312.9 314.3 315.7 317.1
202.6 199.9 197.6 195.7 193.7 192.3 195.4 197.1 197.9 199.3 200.6 203.8 207.2 209.7 210.8 208.4 207.7 207.2 209.4 214.5 220.9 225.6 228.6 230.1 230 225.5 226.4 230.6 233.7 237.8 239.6 238.7 236.4 234.9 234.1 232.7 232.8 236.1 237.2 238.9 241.3 245.7 250.1 254.4 255.3 255.1 256.2 258.8 261.8 264.3 269.9 276.6 284.5 292.2 297.9 300.7 302.8 305.2 307.5 308.1 307.7 307.5 307.1 306.9 307.1 307.5 307.5 306.9 307.6 306.8 307.4 308.7 310.9 313.1 314.3 315.2 316.4 317.8
202 199.2 195.4 193.5 192 193.6 197.1 198.8 200 201.4 202.8 204.2 207.3 209.8 209.3 211.1 211.9 212.3 214.3 218.9 226.1 229 231.7 234.2 235.6 229.5 228.4 229.8 233.3 234.5 237.3 236.4 236.7 236.7 236.4 236.9 237.5 239.8 240.8 243.8 247.6 254.4 259.8 263.1 263.2 261.9 261.1 262.2 264.3 268.6 275.8 285 290.6 296 300.9 305.7 306.8 308.8 309.8 310 310.3 311.3 311.3 311.1 311.5 312.2 311.9 310.5 311.4 311.9 312.9 314.3 315.8 317.2 317.7 317.8 317.8 319.3
200.9 195.2 193.4 191.3 192.4 196.1 198.4 200.3 202 203.5 204.9 206.3 207.6 208.9 210.1 214.4 216.6 220.7 223 222.1 225.7 233.5 235.1 235.9 236.4 231.2 230.1 230.6 231.1 231.9 234.2 237.1 237.8 238.7 239.2 240.8 241.7 243.3 247 253 259.2 263.2 265.9 267.3 268.5 266.9 266.2 267.8 270.5 275 281.7 288.3 293 298 302.7 307.6 309.2 313.6 316.1 315.3 315.8 316.2 315.9 315.3 315.8 316.5 317.5 315.9 314.9 315.6 315.6 317.2 318.3 319.4 319.8 319.7 319.5 321
194.6 193.2 193.7 193.6 194.4 200.1 198.8 200.5 202.3 204.1 205.9 207.7 210.2 213.5 216 218.2 221.2 226.4 230.4 231.5 228.2 231.5 236.4 236.4 236.3 236 235.5 236.8 235.2 234.3 235.2 237 238.9 240.7 242.8 244.5 247.1 250.3 253.7 257.1 262.3 265.6 268.7 271 271.8 270.6 271.4 273 276.2 280.7 286.4 291.4 296.1 300.1 305.1 313 317.5 319.9 322.1 322.5 321.5 320.8 320.2 319.4 320 320.6 319.8 319.5 319.1 318.8 318.5 319.7 320.7 320.8 321.5 321.4 321.3 322.9
193.7 196.9 196.6 195.9 201.1 200.6 200.1 201.9 203.6 205.4 207.9 210.4 213.1 216.5 219.9 221.8 224.4 229.6 231.7 233.3 232.3 230.6 234.8 234.8 236.3 236.6 237.4 237.9 238.3 239 239.4 242 244.7 245.5 247.4 248.8 250.5 253.2 256 259.2 263.6 266.7 269.7 272.8 274.1 275.7 276.5 278.5 282.1 285.8 291.1 295.8 300.5 307.2 315.5 320.3 324.6 325.6 326.2 326.7 325.9 325 324.1 323.6 324 322.6 321.5 321.2 321.1 321.1 320.8 320.9 321 321.2 322.1 323.1 323 324.4
197.9 199.6 198.7 199.3 201.3 199.7 200.9 203.2 205.7 208.2 210.7 213.2 216 219.4 221.2 223.1 225.9 230.1 231.3 232.3 233 232.9 233.8 235.2 236.2 236.8 239.2 239.2 241.2 244.3 245 245.6 247.7 248.7 251.1 253.4 254.6 256.6 258.6 261.4 265 268.3 271.6 275 277.8 280.4 285.1 289.1 293.5 298.5 304.3 307.2 310.6 317 322.1 325.7 329.1 329.8 330.1 330 328.9 328.1 327.8 327.1 325.7 324.4 323.3 322.8 322.4 322 321.4 321.3 321.4 321.7 322.7 323.7 324.7 325.3
201 201.6 200.7 200.2 202.8 200.6 201.5 204 207.4 210.4 213.3 216 218.6 220.7 222.9 225.7 228.6 231 233 233.7 235.1 235.7 236.5 237.2 237.1 239.3 241.7 243 245.6 246.9 248.5 249.7 250.3 252.1 253.9 256.5 260.4 262.3 264.2 266.1 268.9 273.2 276.3 279 282.6 287.2 292.5 296.3 300.7 306.1 312.1 316 319.8 323.4 327.7 330.7 333.3 333.9 333.7 332.5 331 330 329.5 328.1 326.6 325.3 324.2 323.7 323.3 322.7 322.2 321.7 321.8 322.3 323.3 324.3 325.3 325.9
203.8 203.5 203.4 203.7 203.2 201.6 203.1 204.7 208.6 211.5 214.4 217.4 220.8 222.9 225.1 228.1 231.2 233.1 236.2 239.4 241.3 242.3 242.7 243.3 242.5 243.3 245.6 246.4 247.6 248.9 250.5 252.1 253.7 254.9 256.6 259.7 264.9 270.1 271.3 274 275.8 278.6 281.9 286 289.7 294.2 300 303.3 307.1 313.5 317.5 320.7 324.8 328.6 333.1 336.2 337 336.9 335.8 334.4 332.3 331.9 330.5 329 327.6 326.2 325 324.6 324.1 323.5 323 322.5 322.1 322.8 323.8 324.8 325.8 326.4
204.6 204.5 203.9 203.6 204 203.6 205 206.6 209.2 212.1 215.4 219.2 222.1 224.5 227.1 230.3 233.3 235.5 238.6 241.5 243.6 244.7 245.2 246.9 247.7 247.6 247.5 248.2 249.5 250.9 252.5 254.1 255.7 257.6 260.1 264.5 269.9 275.2 278.8 281.8 284.7 286.8 288.8 291.2 296 301.2 305.9 309.2 312.4 317.6 321 325.1 329 333.2 336.4 338.5 339.8 339.2 337.7 335.7 334.1 332.9 331.4 330 328.6 326.9 325.4 324.7 324.2 323.7 323.2 322.7 322.1 322.8 323.8 324.7 325.9 326.8
205.1 204.7 203.5 203.9 204.4 205.8 207.5 209 211.7 214.6 217.3 220.6 223.5 225.9 228.7 232 235.3 238 240.9 243 244.9 246.7 247.7 248.7 249.1 249.3 249.7 250.3 251.4 253.2 255.2 257.2 259.3 261.4 264.5 269.4 274.8 280.2 285.1 288.1 290.2 292.1 293.9 296.4 300.5 305 309.5 313.2 316.4 320.7 325.1 329.5 333.4 336.3 339.1 340.3 341.1 340.1 338.5 336.7 335 333.3 331.7 330.1 328.4 326.8 325.3 324.4 323.6 322.9 322.4 321.8 321.3 321.8 322.8 323.9 325.3 326.6
205.7 205.8 205.9 205.9 206 208.4 209.9 211.4 214.2 217 219.6 222.3 225.5 227.4 230.3 233.7 237 240.3 242.4 244.3 246.3 248.3 250.3 251 252 252.9 253.4 254.1 254.7 256.2 258.8 260.9 263.1 265.8 269.3 274.2 279.5 284.3 288.3 290.9 293.6 296.3 299 301.6 305.2 308.8 312.7 316.5 320.3 325.2 329.7 333.5 336.5 339.4 341 341.8 341.4 339.9 338.4 336.2 334.1 332.6 331.1 329.6 328.1 326.6 325.2 324.3 323.4 322.6 321.7 321 320.5 320.6 322 323.3 324.5 325.6
209.1 208.6 208.6 209.1 209.6 210.8 212.3 213.9 216.7 219.3 221.8 224.4 227.4 229.5 232.6 235.8 239.1 242.4 244.8 247.2 249.2 251.2 253.2 254 255.5 256.6 257.2 257.8 258.4 259.9 262.4 264.6 266.9 269.8 273.4 278.3 282.2 287.1 291.1 293.7 296.4 299.1 301.6 304.7 308.3 312 316.3 320.4 323.5 327.9 332 335.9 338.9 341.2 342.3 342.7 341.6 339.8 337.6 335.6 333.3 331.7 330.2 328.7 327.2 325.7 324.3 323.5 322.6 321.8 321.1 320.3 318.7 319.1 321.2 322.4 323.5 324.5
211 210.6 210.9 211.1 211.4 212.9 214.7 216.3 219 221.5 224.1 226.6 229.4 232 235.1 238.2 241.3 244.5 246.9 249.3 251.7 254 256 257.3 259 260.3 260.9 261.5 262.2 263.9 265.9 268.3 271.2 274 277.2 282.2 286 289.9 293.9 296.6 299.1 301.6 304.2 307.7 311.1 315.3 319.6 322.8 326 330 334.5 338.2 340.4 342.3 342.5 342.7 340.9 338.7 336.7 334.7 332.6 330.8 329.3 327.8 326.2 324.7 323.3 322.4 321.6 320.8 319.9 319 318.1 318.6 320.3 321.4 322.4 323.4
212.9 213.2 213.3 213.6 213.9 214.2 216.5 218.7 221.3 223.8 226.4 228.9 231.6 234.6 237.7 240.8 243.9 246.3 248.8 251.2 253.6 256 258.4 260.4 262.1 263.7 264.6 265.3 266.2 267.9 269.1 271.7 274.2 276.7 280.8 285.7 289.5 293.2 296.6 299.1 301.6 304.1 307.2 310.6 314.1 318.4 322 325.2 328.4 332.1 336.6 340.2 341.8 342.6 342.8 341.2 339.7 337.7 335.7 333.7 331.6 329.6 328 326.5 324.9 323.4 322 320.9 319.8 318.8 317.8 317 317.6 318.4 319.2 320.2 321.3 322.3
214.8 216.4 216.6 216.5 216.5 217 218.9 221.3 223.9 226.1 228.7 231.8 234.4 237.2 240.2 242.7 245 247.4 250.2 252.8 255.2 257.6 259.5 261.4 263.7 265.2 266.9 268.5 269.6 270.1 271.4 273.9 276.6 279.1 284 288 291.8 295.3 298.8 301.5 304 306.7 310.1 313.4 316.1 319.3 323.1 327 330.7 334.2 338 340.1 341.4 341.9 341.2 339.8 338.3 336.7 334.4 332 329.7 327.7 326.1 324.6 323 321.4 319.8 319.1 318.6 317.4 316 314.8 316.5 317.3 318.1 319 320.1 321.2
217.5 219.1 220.1 220.1 220.3 221 221.6 223.8 225.8 229.2 232 234.6 237 239.1 241.5 243.8 246.1 248.6 251.4 254.2 256.8 258.6 260.5 262.4 264.1 265.3 266.9 268.6 271.3 271.8 273.6 275.8 278.8 282.2 286.3 290.4 293.8 297.2 301 303.8 306.5 309.4 311.9 314.4 317.2 320.4 324.1 328 331.8 335.3 337.4 339.3 340.4 340.2 339.5 338.5 336.4 334.4 332.4 330.1 327.8 325.8 324.2 322.7 321 319.4 317.8 316.8 316.3 315.7 315.2 314.3 315.3 316.3 317 318 318.9 320
219.5 221.6 223.6 224 224.2 224.6 225.3 226.4 229.9 232.5 234.8 236.4 238.8 240.6 242.3 244.8 247.2 249.7 252.5 255.5 258.2 260.1 262 263.8 264.6 265.7 266.9 269 271.8 273.8 276 278.6 281.5 285 288.9 293 296.2 299.1 303.2 305.8 307.9 310.4 312.9 315.4 318.1 320.5 323.5 327 330.7 334.5 336.8 338.7 339 338.2 337.2 336.1 334 332 330 328 325.9 323.9 322.3 320.6 319 317.4 315.7 314.5 314 313.4 312.8 312.7 314 315.1 316 316.8 317.5 318.8
222.5 224.9 226.9 227.4 227.8 228.2 230.7 232 233.4 235.7 238 238.8 240.6 242.2 243.7 245.8 248.3 251.1 254.1 257.1 259.8 261.8 263.7 265.1 265.7 266.3 267.4 269.9 272.8 276.1 279.3 281.9 284.6 288 291.9 294.9 298.2 301.1 304.4 306.4 308.8 311.3 313.8 315.4 317.5 319.9 322.9 326.2 329.5 333 336.2 337.5 337.6 336.2 334.7 333.7 331.7 329.7 327.7 325.7 323.6 321.5 320.1 318.6 317 315.4 313.7 312.2 311.7 310.9 310.1 310.8 312.1 313.3 314.6 315.3 316 317.3
225 227.8 230.3 231.2 232.1 233.3 234.3 235.6 237.5 239.1 241.3 242 242.7 244.3 246 247.8 249.8 252.7 255.7 258.6 261.3 263.3 265.4 266.4 267 267.6 268.2 271.2 274.5 277.7 280.9 284.1 287.3 290.1 292.8 295.5 298 303.1 305.1 307.2 309.7 311.9 313.2 315 317 319.4 322.4 325.6 328.9 332.2 335.5 336.4 335.6 334.1 332.7 331.4 329.3 327.3 325.2 323.1 320.8 318.5 317.1 315.7 314.2 312.8 311.3 309.9 308.8 308 307.1 308.7 309.7 310.6 312.6 313.7 314.4 315.7
227.9 230.7 232.5 234.4 235.6 236.7 237.8 238.9 240.9 242.8 244.5 245.2 245.9 247.2 249 251.2 252.9 254.7 257.3 260.3 262.6 264.5 266.2 267.2 268 268.7 269.3 272.5 276 279.3 282.9 286.5 289.9 291.5 293.7 297.3 301 303.8 305.8 308.1 310 311.3 312.6 314.6 316.6 318.8 321.8 325.1 328.3 330.8 333 334.3 333.3 331.9 330.4 328.6 326.7 324.6 322.5 320.4 317.8 315.5 314.1 312.7 311.2 309.8 308.4 306.7 305.1 304 303.1 304.2 307 308.5 310.5 312.1 312.8 314.2
231 232.9 234.7 236.6 238.4 239.8 241.1 242.3 244.3 246.3 248 248.5 249.1 250.2 252.6 254.4 256.2 257.9 259.7 261.8 263.6 265.3 267 268 268.8 269.6 270.6 273.3 276.8 281.2 285.8 289.3 291.5 293 295.8 299.4 302.4 304.4 306.5 308 309.3 310.6 312.3 314.3 316.3 318.2 321.2 323.5 325.7 327.8 330 331.2 330.9 329.4 327.6 325.6 323.3 321.5 319.9 317.4 314.8 312.5 311.1 309.7 308.2 306.8 305.4 303.5 301.6 300.4 296.7 299.7 304.3 306.3 308.4 309.9 311.3 312.2
234 235.9 237.7 239.6 241.2 242.8 244.1 245.9 247.9 249.9 251.4 252 252.6 253.5 255.8 257.1 258.8 260.4 262.1 263.5 264.7 266 267.7 268.8 269.8 271.3 272.8 274.8 277.7 282.7 288 291.2 292.8 294.9 299 301 303.1 305.2 306.2 307.3 308.6 309.9 311.9 313.9 315.9 317.2 319.6 321.7 323.9 326 327.9 328.4 328.4 326.8 324.8 322.7 320.2 317.8 316.4 313.9 311.3 309.4 308.4 307 305.6 304.1 302.2 300.1 298.2 294.6 289.3 296 300.5 303.2 306 307.6 309 309.6
237.5 239.4 241.2 242.6 244 245.7 247.5 249.5 251.5 253.5 254.9 255.5 256.1 257.1 258.8 260 261.3 262.5 264.1 265.4 266.6 267.8 269 270.5 272 273.5 274.9 276.8 279.5 284.1 289.4 292.4 294.4 296.2 300.4 302.3 304.2 305.3 306.3 306.8 308 309.5 311.5 312.9 314.2 315.7 318.2 320.7 322.8 324.7 325.3 325.9 325.8 324 322 319.5 317 314.3 312.4 310 307.4 305.9 305 304 302.8 301.4 299.2 296.8 294.7 291 285.4 292.7 296.3 299.1 302 305 306.3 307
240.1 242.6 244 245.4 246.8 248.7 251.7 253.6 255.4 257.2 258.4 259 259.6 260.6 261.8 263.1 264.3 265.5 266.9 267.9 268.7 269.8 271 272.3 274 275.9 277.8 279.7 282.8 286.9 290.8 294.2 296.8 298.6 301.8 303.7 305.1 305.8 306.4 306.9 307.5 308.5 309.8 311.1 312.4 314.3 316.8 319.3 321.7 322.4 323 323.7 323.1 321.2 318.7 315.9 313.2 310.5 308.3 306.2 303.5 302.5 301.5 300.8 299.6 298.1 296.2 294 291.4 288.1 284.1 287.9 292.2 295.7 299.2 302.1 303.5 304.7
242.9 244.8 246.8 248.2 249.7 252.2 255.4 257.8 259.6 262 263.3 263.6 263.8 263.6 264.7 265.9 267.1 268.7 270.4 271.3 272.2 272.9 273.7 274.8 276.8 279.6 281.9 283.3 286.4 290.4 293.2 296.3 298.6 300.9 303.2 305.2 305.8 306 306.1 306.3 306.6 306.9 308.1 309.3 310.6 313 315.8 318.5 319.9 321.2 322 321.4 320.1 317.7 314.8 312.1 309.4 306.6 304.2 302.3 300 299 298.5 297.6 296.5 294.8 292.5 291 288.7 285.9 284.3 284.5 289.3 293 296.3 299.3 300.7 302
244.8 246.8 248.7 250.8 253.1 255.9 259.2 262 264.7 266.4 267.7 268.5 268.6 267.7 267.6 268.9 270.4 271.8 272.9 273.6 274.6 275.7 276.7 278.2 280.9 283 285 286.8 289.8 293.1 295.6 298.1 300.3 302.5 303.8 305.6 305.7 305.7 305.6 306.4 304.5 305.1 306.3 307.5 309.4 312.4 315.1 317.3 318.1 319.4 319.7 318.5 316.4 314.3 311.4 308.5 305.6 302.8 300.1 298.2 296.6 296.1 295.4 294.3 293.3 291.6 289.1 287.1 285.8 285.6 281.4 283.3 286.7 290.5 293.8 296.4 297.7 299
248.2 250.5 252.7 255 257.3 260.3 263.5 266.6 269.5 270.8 272 273 272.9 271.8 271 271.6 272.9 274.2 274.9 275.7 276.4 277.2 278.3 280.6 282.9 285.3 287.8 289.8 293.1 295.7 297.8 299.5 301.7 302.8 304.3 305.1 305 304.8 304.7 303.9 302.2 301.9 304.5 305.7 308.4 311.4 313.8 315.5 315.6 316.7 316.4 314.7 312.6 310.6 308 305.1 302.2 299.4 296.4 294.7 293.6 293.1 292.1 291.1 290 288.5 286.9 285.1 284.3 283.3 280.8 281.4 285.7 288.6 291.1 293.4 294.7 296
252.9 254.8 257 259.6 262.5 265.4 268.6 271.3 273.4 275 276.5 277.1 277 275.7 275.1 275.6 275.9 276.2 276.9 277.7 278.5 279.3 280 281.8 284.1 286.6 290.3 293 295.6 298 300.2 301.3 302 303.3 303.9 304.1 304 303.9 303 301.5 299.7 298.7 301.3 304 307.1 310 312.3 313.2 312.9 313.4 313 310.9 308.9 306.9 304.7 301.7 298.2 294.7 293.2 291.7 290.9 289.8 288.8 287.8 286.7 286 284.8 283.9 283.8 282.8 280.3 279.3 283.5 285.9 288.3 290.3 291.5 291.7
257.2 259.2 262 264.4 267.3 269.8 272.5 275.3 277.3 279.5 280.8 281.1 281 279.8 279.1 279.3 279.5 279.7 279.8 280 280.4 280.9 281.3 282.2 284.7 288 291.9 294.9 297.6 300.1 302.5 302.7 303.2 302.9 302.9 302.8 302.3 301.8 301.6 300.1 296.8 295.1 298.8 301.2 304.2 307.2 309.5 310.3 310.2 310.2 309.2 307.1 305.4 303.7 301.6 297.5 293.5 291.3 289.3 287.4 285.8 285.2 284.9 284.2 283.1 282.8 282.9 282.3 282.1 281.9 281.1 274.1 280.5 283.3 285.7 286.1 286.3 286.5
262 265.9 268.1 268.9 270.5 272.4 275.7 279 281.3 283.5 284.7 285.1 284.9 283.4 282.8 282.2 282.2 281.6 281.1 281.3 281.7 282.2 282.5 283.3 285.4 289.3 292.2 295.5 298.8 301.5 303.5 304 303.6 303.1 302.7 301.3 300.1 299.7 299.1 298.5 293.9 291.3 295.8 298.4 301.2 303.9 306.3 306.7 306.9 307.1 305.7 304 302.3 300.6 297.8 293.8 290.6 288.4 286.3 284.3 282.3 281 280.5 279.9 279.6 279.2 279.4 279.8 279.7 279.6 278.3 274.2 275.7 280 281.5 282.2 281.7 281.2
268 271.3 273.8 274.3 275.1 276.5 280.2 282.9 285.1 287.3 288.9 288.8 288.3 287.3 286.7 285.7 284.6 283.5 282.9 281.3 281.4 281.8 282.7 282.5 286.5 289.4 292.3 295.5 298.9 302.6 304.4 304.5 303.8 303.3 301.9 300.5 298.7 297.1 296.3 295.4 291.7 287.2 292.6 294.8 297.5 300.5 302.9 303.1 303.3 303.7 302.8 301.1 298.8 296.1 293.2 290.9 288.2 286 283.8 281.6 279.9 278.6 277.2 276.4 276.1 275.4 272.9 274 275.1 276.2 277.2 272.4 272.6 275.7 276.6 277.6 278.7 277.5
272.7 273.8 276.6 280.5 281.4 283.7 284.5 286.8 289 291.1 291.9 291.2 291 290.1 289.2 288.2 286.9 285.7 284.3 282.4 280.5 281.2 281.1 285 287.7 289.9 292.4 295.5 299.2 302.3 304.3 304.7 304.4 302.4 301.3 300.1 297 293.8 292.5 291.2 290.8 281.9 287.9 291 294 297 299.2 299.5 299.7 300 299.7 297 294.3 291.6 289 287.4 285.2 283.1 280.8 278.5 277.3 276.1 274.8 272.8 270 265.7 264.4 264.3 269.1 272.4 274.8 273.6 269.7 274.1 273.4 275.2 274.7 275.4
275.7 280.6 283 285 287 289.3 291 290.9 291.8 292.8 293.5 294.3 294.3 292.3 291.5 290.5 289.2 284.7 283.2 282.5 280.3 278.4 281.6 286.3 287.7 290.6 292.6 294.1 297.7 300.8 303.1 303.5 302.3 300.7 299.1 297.4 294.8 291.3 288.4 286.6 286.9 279.4 282.1 286.3 290.3 293.3 294.5 295.2 295.5 295.7 294.8 293.3 290.6 287.9 285.8 282.6 279.5 278.6 277.7 275.6 274.5 273.4 272.2 267.5 264.2 264.2 263.9 263.6 264 264.3 265 266.1 264.6 266.7 266.7 267.4 269.4 265.7
281.5 284.4 286.7 289.3 291.8 294.1 296.5 298.2 298.2 297.8 298 297.8 296.8 294.9 292.4 289.6 284.8 283.7 283.4 280.7 280.3 278.1 282.3 282 285.1 290 291 291.9 295.5 299 299.7 299.6 298.8 297.2 295.4 293.7 291.3 287.8 284.6 281.9 280.7 278.5 279.7 282.2 286.7 288.9 289.8 290.6 291.3 290.5 289.8 288.7 286.3 283.8 281.1 277.3 274.2 272.5 272.1 272.2 271.8 271.1 268.3 264.3 264.3 264.2 264 263.8 264.2 262.6 262.8 262.9 263.2 263.7 263.3 263.1 263.5 262.7
