WholeMapElevations/data/sy/sy98_OST50GRID_20230518/SY98.asc
ncols 200
nrows 200
xllcorner 390000
yllcorner 80000
cellsize 50
[rows 78 to 116 of 200, columns 89 to 177 of 200]
10 11.6 13.5 15.4 16.9 18.6 20 20.2 21.4 25.1 25.3 23.9 21.9 21.9 23.9 22.9 21.8 20.5 16.6 14 11.7 10.9 9.7 8.5 7.5 6.8 7.8 8.3 8 7 5.4 5.2 4.9 5.7 6.4 7 6.5 5.7 5.8 4.7 2.3 1.6 1.2 1.3 1.4 1.5 -0.4 3.8 9.7 12.8 12.3 12 12.2 11.7 10.7 9.6 8 7.1 6.3 5.6 4.2 3.1 2.4 2.3 2 1.6 1.3 0.9 0.5 0.1 -0.4 0.4 0.4 0 -0.4 -0.4 1.1 3 2.5 3.2 2.2 2.8 8.9 12.2 12.9 10.8 8.6 6 4.5
10.2 11.6 13.1 14.9 15.6 16.3 18.3 19.6 18.9 20.5 21.1 20.7 19.3 19.7 21.4 22.2 23.2 21.8 20.6 15.6 12.4 12.2 11.8 11.8 9.8 9.6 9.9 10.2 9.4 8.5 7.5 5.8 7.4 8.6 10 10.5 10.1 9.2 8.3 7.3 6.1 3.8 2.5 1.9 2 2.1 3 4.8 10.4 13.2 12.8 12.5 12.6 12 11 9.2 8 7.1 6.2 4.9 3.5 2.3 1.9 1.9 1.7 1.4 1 0.7 -0.4 -0.4 0.5 0.6 0.9 0.3 -0.4 -0.4 -0.4 -0.4 3.1 1.7 1.5 2 3.6 7.4 10.9 9.7 7.8 5.2 3.9
10.9 11.8 12.8 13.8 14.6 15.8 16 16.3 15.9 16.8 16.8 16.7 18.9 20.2 21 22.6 23.8 23.7 23.5 19.7 19.1 18.5 16.6 15.8 12.3 12.3 13 12 11.2 11.2 10.4 10.9 11 12.2 13.3 13.8 13.6 13.2 12.6 10.9 8.6 6.7 4.8 3 2.7 3 4.6 6.3 8 10.3 11.9 12.5 12.4 11.4 8.3 6 7.3 6.2 5.1 3.9 2.8 1.5 1.4 1.4 1.4 1.1 0.8 0.5 -0.4 0.4 0.5 0.5 0.8 -0.4 0.1 0.2 0 -0.4 -0.4 -0.4 1.4 2.5 3.4 8.6 11.6 10.3 8 4.9 3.3
15.8 15.3 14.3 13.3 12.5 12.8 13 13.3 13.1 13.8 13.9 14.9 18.2 21.3 20.7 21.5 22.5 22.9 22.9 22.4 21.5 20.7 19.1 20.7 15.4 16.2 16.4 15.9 15.8 15.9 10.6 11.5 13.7 14.6 15.6 14.6 13.8 14.3 14.1 9 6.5 3.8 2.4 2.5 3.7 4.4 7.2 7.2 7.8 9.6 9.1 10.3 11.5 9.4 8.8 5.8 2.8 4.5 3.9 2.6 2.1 1.5 1.7 1 0.9 0.8 -0.4 -0.4 -0.4 0.5 0.6 0.8 0.9 0.5 0.5 0.5 0.3 0.5 0 -0.4 0.8 2.3 5.2 10.5 10.1 8.4 6.6 4.7 3.4
16.1 15 13.9 12.7 11.9 11.3 10.9 11 11.2 11.6 12.6 13.7 16.9 17.8 18.1 18.4 20.5 21.5 21.7 21 21.8 21.5 21.2 20.7 18.9 19.5 19.3 19 17.1 15 12.9 14.1 16 15.5 14.8 14.6 13.9 14.5 9.8 6.1 4.7 2.8 2.7 2.5 4.2 6.9 12.3 10.2 6.7 5.4 4.8 6.1 8.1 4.5 4.1 4.6 2 2.1 1.2 1.4 2.4 1.5 1.7 2.1 1.4 -0.4 -0.4 0.5 0.8 0.8 1.1 1.1 1.1 1.1 0.5 0.9 0.8 0.6 0.2 -0.4 0.5 7.9 12.7 10.5 8.8 6.7 5.2 4.3 4.3
16.1 14.6 13.6 12.2 11.4 10.8 10.2 9.9 10.1 10.1 10.7 12.4 13.5 14.7 16.1 16.2 17.7 19.5 19.9 16.9 18 20.4 20.7 20.7 19.8 19.9 20 18.8 17.6 15.6 16.1 16.8 15.4 12.5 10.3 8.9 9.4 8.8 5.6 3.2 2.3 2.2 2.5 6.1 9.4 13 13.8 9.3 5 3.7 2.3 1.4 1.4 0.9 0.4 -0.4 -0.3 -0.3 -0.3 -0.2 -0.4 -0.4 0.9 1 -0.4 -0.4 0.6 0.9 1.2 1.5 1.3 1.1 0.8 0.5 0.5 0.6 0.5 0.5 0.1 -0.4 0.5 5.7 12.6 9.8 7.9 6.5 5.7 4.9 4.5
15.2 14.2 13 11.6 10.8 10.3 10.4 9.3 9.4 9.3 9.6 10.2 11.1 12.2 14 13.8 14.9 15.9 16 14.6 14.4 18.2 18.5 18.1 19.9 20.4 20.4 19.5 18.6 18 17.3 16.1 12.7 9.3 7.3 5.9 5.5 3.7 2.8 2.2 2.6 2.8 4 8.9 11.2 14.4 11.3 2.8 2.7 2 0.8 1.2 0.5 -0.4 -0.4 0 0.2 0.3 0.4 0.5 0.4 -0.4 -0.4 -0.1 -0.4 0.4 0.8 1.3 1.9 2.1 1.5 0.9 0.6 0.5 0.5 0.9 0.7 0.3 -0.4 -0.4 0.8 5.3 11.8 9.8 8.5 7.1 6.2 5.4 4.7
17 14.7 12.5 11.1 10.4 10.6 10.4 9 8.9 8.8 8.7 9 9.9 10.8 12.2 12.4 12.8 12.3 11.8 11.6 11.3 14.3 14.3 17.1 19.4 20 19.9 19.4 19.1 18.5 16.8 13.2 9.9 7.1 4.8 3 3 3.1 3.1 2.7 2.4 3.6 5.6 12.5 8.2 3.4 1.8 1.3 0.6 -0.4 0.5 0.1 -0.4 -0.4 -0.4 0.5 0.5 0.5 0.5 0.5 0.6 0.7 1 1.2 1.4 1 1.6 2.2 2.8 2 1.5 0.7 0.5 0.5 0.6 1 0.9 -0.4 -0.4 0.7 2.1 6.9 12.8 10.7 9.4 7.9 6.8 5.9 5.1
17.8 14.5 12.4 10.5 10.3 10.3 10 8.6 8.5 8.4 8.2 8.1 8.6 9.7 10.5 10.8 10.7 9.4 8.5 9.2 9.8 10.6 13 15.1 17.2 17.9 16.7 17 16.3 15.7 14.1 8.1 7.4 5.1 2.8 2.7 2.8 2.9 3 2.8 2.4 4.8 11.1 10.8 4.1 2 1.5 0.8 0.7 -0.4 1.4 1.7 -0.4 -0.4 1.1 0.9 0.5 0.5 0.5 0.8 1.2 1.4 2.4 2.9 2.4 2 2.5 3.1 2.9 1.8 1.3 0.8 0.5 0.5 0.5 0.5 0.5 -0.4 0.6 1.4 1.5 4.9 13.7 11.8 10.3 8.9 7.4 6.5 5.6
16 13.9 11.8 9.6 9.2 8.9 8.6 8.3 8.1 8 7.8 7.7 7.5 7.8 8 8.3 8.1 7.8 7.4 7.8 8 9 11.9 10.9 11.1 11.9 11.7 11.5 11.7 11 7.7 6.1 4.8 3 2.7 2.6 2.6 2.7 2.8 2.8 2.5 7 13.2 9.4 3.5 2.3 1.7 1.4 1.1 1.5 2.5 2.2 1.9 1.6 2.1 2.6 3 2.6 2.7 2.6 1.9 3.3 3.7 3.9 3.6 3 3.5 4 2.9 1.7 1.1 0.6 0.5 0.5 0.7 0.8 0.5 -0.4 1.1 1.8 3.1 6.4 13.3 12.6 11.2 9.7 8.2 7.2 6.4
12.9 11.6 9.8 9.3 9.1 8.8 8.6 8.1 7.7 7.5 7.4 7.4 7.3 7.7 8.2 7.9 7.1 6.2 6.1 6.4 7.4 8.1 8.8 8.1 6.7 7.4 7.3 7.7 7.9 6.3 4.6 3.2 2.7 2.7 2.6 2.6 2.5 2.5 2.6 2.6 2.8 7.8 13.5 8.6 4.3 3 1.6 1.4 1.3 2 2.8 3 2.6 2.6 3.1 3.5 3.8 4.3 4.2 4.2 2.4 4 4.4 4.9 4.6 4.1 4.4 3.9 2.8 1.7 0.9 0.6 1.3 0.7 0.6 1.1 -0.4 0.7 1.5 2.4 3.4 7.5 13.7 12.3 10.9 9.5 8.5 8.2 7.4
11 10.2 9.5 9.2 9 8.8 8.5 7.9 7.5 7.3 7.3 7.2 7.1 7.5 7.8 7.3 6.6 5.7 5.5 5.6 5.4 6.2 6.2 5.4 5 5.3 4.8 4.1 3.3 2.9 2.6 2.6 2.7 3 2.7 2.6 2.5 2.4 2.4 2.9 4.3 7.3 12.4 12.8 5.5 3.5 2 1.2 2.2 3 3.4 3.7 3.5 3.1 3.6 4 4.4 5 4.3 4.8 4.4 4.5 5 5.9 5.6 5.1 5 3.9 2.8 1.7 0.7 1.6 2.2 1.3 1 0.5 1 1 1.9 2.8 4.5 7.2 13.2 12.2 10.8 9.6 9.1 8.9 8.4
10.3 9.6 9.4 9.1 8.9 8.8 8.5 8.2 7.8 7.7 7.5 7.4 7.3 7.3 7.2 6.5 5.8 5.4 5.4 5.4 5.2 5 5.2 4.8 4.4 4.2 3.8 3.4 3.2 2.8 2.5 2.5 2.8 3.2 3 2.8 2.6 2.5 2.6 3.4 5.7 8.1 12.8 13.8 9.3 2.6 1.3 1.9 3.1 4.1 4.4 4.5 4.4 3.9 4 4.4 4.9 5.7 4.8 5.2 5.9 5.8 6.4 6.7 6.4 5.9 5.4 4.4 3.4 2.2 1.7 3.5 3.1 1.8 0.5 0.7 1.2 1.2 1.5 3.3 5.4 8.1 11.7 12.1 10.7 10.1 9.8 9.5 9.3
9.8 9.6 9.5 9.3 9 8.8 8.8 9 8.3 8 7.9 8.1 7.5 7 6.5 6.2 5.9 5.6 5.4 5.2 5 4.8 4.7 4.4 4.2 4 3.6 3.6 3.5 3 2.4 2.6 2.9 3.3 3.3 3 2.8 3.1 3.6 5.4 7.9 11.4 13.7 13.4 5 2.4 2 2.4 3.8 5 5.3 4.9 4.8 4.8 4.4 4.9 5.3 8.1 8.4 7.8 7.8 7.6 7.8 7.1 6.5 5.7 5.7 5.4 4 2.6 3.4 3.5 3 1.7 0.5 0.8 1.2 1.5 4.3 5.8 8.5 11 13.3 11.9 11.2 10.7 10.4 11.2 11.3
9.8 9.7 9.6 9.4 9.2 10.9 10.8 9.7 8.8 8.6 8.8 8.6 7.8 7.5 7.1 6.8 6.5 6.3 6 5.6 5.4 5.1 4.6 4.6 4.2 3.8 3.8 3.8 3.8 3.3 3.9 3 3.1 3.4 3.5 3.3 3.3 4.5 6 9.3 12.2 14.4 12.9 11.7 3.6 2.3 2.7 3.1 4.3 5.6 5.6 5.4 5.2 5.2 5.2 5.3 6 8.2 9.3 9.5 8.7 8.4 8.7 7.8 6.3 5.7 5.7 5.7 4.4 3.3 3.5 2.7 2 1.8 0.5 0.9 3 10 12.3 11.5 12.9 15.9 14.8 13.3 12.6 12.1 13.4 13.6 13.4
9.9 9.7 9.6 9.6 11.7 14 13.1 12.9 12 11.1 10.5 9.7 8.8 8.7 8.2 7.8 7.4 7 6.7 6.3 6 5.5 5 5.2 5.3 4 3.9 3.9 4 5.6 5.4 3.9 3.7 3.7 3.8 4.1 5.2 6.6 9.7 13.1 14.7 14.2 11.2 4.3 2.6 3 3.3 3.4 4.4 5.3 5.3 5.5 5.7 5.6 5.8 6.3 6.5 8.1 8.8 9.3 9.3 9.4 9.7 7.9 6.3 6.4 6.5 5.8 4.6 3.6 2.8 2 1.2 1.5 1.2 1.2 4.2 16 20 18.5 15.6 16.8 16.6 14.3 14.3 14.3 14.5 14.6 14.2
10.2 9.8 10.4 12.2 15.6 17.1 17.6 18.4 17.5 15.7 15.7 16.6 14 9.9 9.4 9 8.2 7.2 7 6.3 6.1 5.9 5.4 4.9 4.6 4.3 4.2 4.1 5.8 8.1 6.3 5.1 5.1 5.1 5.8 6.5 8.2 9.8 13.3 14.1 14 11.6 6.3 3.9 2.6 2.6 2.6 2.6 4.2 5.1 5.4 5.7 6 6.3 7.3 9.4 9.8 10.5 10.8 11.9 10.8 10.6 9.9 8.4 7.2 7.3 6.9 5.8 5 3.7 2.9 2.1 1.3 1.4 1.5 1.5 3 12.5 15 13.5 13.3 10.9 13.5 13.1 14.7 15.6 15 14 13.1
10.5 10.1 12.1 16.3 23.6 25.1 26 24.9 24.6 23.1 25.3 25.7 21.6 13.8 9.1 8.1 7.3 7.6 7.2 6.5 5.9 5.8 5.8 6 5.3 4.6 4.5 4.4 6.7 7.8 6.8 6.6 6.9 7.5 8.1 11.4 11.7 12.6 14.9 14.4 12.9 9.5 6.8 4.4 2.4 2.6 2.7 4.5 5 5.2 5.9 6.2 6.5 6.8 7.2 9.2 10.1 13.6 13 12 12.1 11.6 10.6 9.1 8.1 8.1 6.9 6.3 5.2 3.8 2.9 2.1 1.3 1.5 1.5 1.6 2.7 5.3 8.6 8.6 9.6 10.6 11.4 12.1 14.6 15.5 14.5 13.6 12.9
11.3 11.2 13.2 18.7 25.6 33 33.6 32.4 30.6 29.3 29.5 29.9 24.7 15.3 8.1 7.5 7.8 8 7.3 7.1 6.5 7.5 8 7 6.5 5.2 4.9 4.8 8.7 8.9 7.6 7.9 8.9 10.7 14.4 16.6 16.1 15.6 15.5 13.6 11.3 8.8 6.4 4.4 2.6 2.4 2.4 5 5.4 5.5 6.3 6.7 6.7 6.9 7.5 8.6 10.5 13.3 12.8 12.1 12.2 12.3 11.2 9.7 9 8.2 7.5 6.9 5.3 3.8 3 2.2 1.8 1.5 1.5 1.7 2.3 3.4 4.8 5.9 7.3 8.6 9.7 10.5 14.4 15.7 14.8 14 13.1
11.6 11.8 13.4 16.8 20.5 25.3 31 29.6 29.7 30.8 28.4 24.6 18.8 11.7 7.7 8 8.2 8.5 7.4 7.7 9.6 12.9 11.8 9.4 7 5.4 5.4 5.4 6.4 7.1 6.6 7.1 9 9.1 16.6 15.9 14.7 15.1 14.5 12.1 9.7 7.3 6.4 5.3 2.6 2.4 3.9 5.1 5.4 5.5 6.5 6.9 6.6 7.4 8.2 9.3 10.9 13.1 12.7 12.1 12.3 12.5 11.8 10.4 9.4 8.8 8.1 7.1 5.4 3.9 3.1 2.4 1.8 1.6 1.6 1.9 2.6 3.3 4.6 4.9 5.3 6.6 7.7 9.2 12 14.3 15.1 14.4 13.5
12.8 13 13.6 15.9 17.8 19.8 21 21.9 23.8 25 22.6 19 13.4 10.5 8.1 8.4 8.7 8.5 8.1 8.5 11.9 12.5 11 9.2 7.1 5.8 5.7 5.5 5.3 5.6 6 6.6 8.7 11.7 14.7 14.4 13.7 12.7 11.1 9.6 8 6.1 5.3 4.1 2.5 2.3 2.4 5 4.9 5.3 7 7.6 7.1 8 8.9 9.9 10.8 11.5 14.4 12.1 12.2 12.4 11.5 10.2 9.9 9.4 8.8 7.2 5.5 3.9 3.1 2.5 1.9 1.8 1.7 2.2 2.9 3.5 4.4 4.7 4.9 4.8 5.7 8.8 11.3 13.2 14.3 14.2 13.7
13.8 14 14.2 13.7 14.8 16.1 16.7 18 19.6 19.3 17.8 16.2 12.5 9.2 8.5 8.8 9.1 8 7.7 10 10 9.9 8.9 7.2 7.1 6.1 5.9 5.8 5.6 5.5 6.3 6.8 9.1 9.6 11.2 11.7 12.3 9.9 9.1 8.2 6.9 5.9 4.9 3.8 2.2 1.8 2 6.3 3.7 4.4 6.9 7.6 7.5 8.4 9.3 9.4 9.7 10.8 14.3 12.7 11.9 12 11.2 10.4 10 9.7 8.9 7.3 5.7 4 3.2 2.4 2.1 1.9 1.8 2.4 2.9 4.7 7.3 7.2 6.3 5.6 6.1 8.5 10.6 12.3 13.8 13.6 13.1
15.2 15.5 15.5 14.3 14.2 14.7 15.7 16.5 16.9 16.8 15.4 13.6 12.8 9.2 9 9.2 8.6 8.2 8.1 10.5 9.5 7.9 6.9 6.7 7 6.5 6.3 6.3 6.4 6.2 6.1 8.3 7.7 9.3 10.9 10 9.4 8.8 8.2 7.4 5.9 6.5 5.7 2.7 2.3 1.9 2.9 6.6 1.8 5.3 7.1 7.2 7.6 8.5 9.5 10.1 11.8 11.5 14 14 12.7 11.8 10.9 10.2 9.5 8.9 7.8 6.3 4.9 3.8 3.1 2.4 2.4 2.4 2.4 2.6 3.7 5 7.4 7.9 8.1 6.9 7.6 9 10 11.5 13.2 13 12.6
16.6 17.7 16.8 15.2 13.9 13 15.3 16.5 13.9 16 14.2 11 10.7 10 9.2 9.4 9.1 8.7 8.6 9.7 8.6 7.5 7 6.9 6.9 6.9 7 7.1 7.2 6.9 6.7 7.3 8.2 9 10.6 9.6 9.3 8.3 7.2 6 4.8 4 3.1 2.8 2.4 2.1 2 2.3 2.5 4.3 6 7.3 7.6 8.5 9.4 13.1 13.5 13.4 12.9 13.5 14 12.9 11.1 9.3 8.7 8.1 6.8 5.2 3.7 3.5 3 2.5 2.5 2.6 2.7 3.6 4.6 5.2 6.2 9.8 9.3 7.7 8.6 9.2 10.1 11.1 12.9 12.9 12.4
17.5 18.8 16.4 15.1 14.2 12.3 12.1 12.7 11.3 11.3 10.2 9.6 9.3 9.5 10.6 11.3 10.7 10.3 9.5 9.4 9.3 8.8 8.3 8.9 9.5 9.3 8.4 8.3 8.1 8.9 8.2 9.2 9.9 9.8 10.3 9.8 9.5 8.8 8 7.4 6.2 5.1 2.8 2.6 2.3 2 2 2.3 2.3 2.5 3.3 5 7.3 7.3 9 14 13.7 13.2 12.5 13.1 13.6 13.1 11.4 9.4 7.8 7.2 5.9 4 3.3 3.1 2.9 2.7 2.7 2.6 3.1 5.1 5.4 6.1 7 9.2 9.9 9 9.2 9.8 10.5 11.2 12.7 13.2 12.7
15.8 16.2 14.5 14.2 13.3 12.6 12.2 11.8 11.2 11.1 10.1 10 10.8 13.2 14.5 13.3 14.1 13.9 12.4 12.1 11.3 10.3 10.4 10.9 10.8 10.6 10.2 10.5 10.6 9.9 10.2 10.3 10.6 10.4 10.2 9.9 9.5 8.9 8.2 8 7.5 5.2 2.8 2.2 2.3 2.5 2.8 4.3 5.7 4.2 3.1 2.7 6.2 6.8 8.7 13.9 13.4 13.1 12.8 12.7 13.1 12.9 11.6 9.7 7.7 6.3 4.9 4.2 3.7 3.6 3.3 3.1 2.7 2.7 4.6 7.8 6.8 7.5 9.1 8.5 9 9.3 9.8 10.4 11.1 12 12.5 13.5 13
16.4 17 16.5 16.3 16.7 15.8 13.9 12.3 12.3 12.5 13.2 11.8 12.5 15 17.6 16.5 16.2 16.4 16.3 16 14.4 12.8 12.4 11.8 11.1 12.2 11.8 11.6 11.4 11.8 10.4 10.4 10.4 10.2 8.8 9.6 9.6 8.8 8.1 7.9 6.7 3.6 2.4 2.6 3.2 3.8 5.1 7.3 8.9 7.7 5.1 3.5 4.8 6.7 9.6 11.1 13.3 13.4 13 12.6 12.5 12.4 11.1 9.2 7.5 5.8 5 5.8 4.5 4.3 4 3.8 3.6 3 6.9 10.7 8.7 9.1 10.3 10.3 10 10.5 11.1 11.2 12.1 13.3 13.6 14.2 13.4
17.5 19.6 19.5 20.1 20.3 18.9 16.6 12.9 15.4 16.4 17.3 17.8 17.7 18.7 19.3 21.1 18.8 16.6 16.2 17.5 15.7 12.8 11.1 8.9 9.7 14.2 13.5 12.9 11 10 10.7 10.6 10.1 9.7 5 7.8 7.3 8.3 8 7.9 5.7 2.7 2.6 2.6 3.3 4.6 6.2 8.4 10.8 10.4 6.6 5.3 5.6 7.3 10.2 10.6 11.8 12.3 13.4 12.5 12.1 12 10.6 8.6 6.9 5.9 6 7.4 5.9 4.9 4.6 4.4 4.1 4 7.2 9 9.1 10.4 13.2 13.8 12.2 12.6 13.1 12.4 13.5 15.3 19.6 16.3 14.6
19.4 22.1 24.5 21.8 20.5 19.2 18.4 17.7 17.9 23.4 21.1 21 19.8 18.7 17.9 18.5 16.4 13.9 11.9 12 9.6 8.7 8.2 7.3 7.8 9.6 8.6 8.5 6.7 5.8 5.9 8.6 5.5 5.1 4.6 4.3 3.8 4.4 5 4.5 3.4 2.9 2.4 2.6 3.4 5.9 8.5 10.8 13.4 12.5 9.9 6.8 6.4 7.8 9.8 10.3 11.4 11.8 12.2 12.3 11.9 11.6 10.2 8.1 6.3 7 8.5 8.9 6.4 4.5 4 4 4 3.7 5.7 6.6 8.4 10.6 17.8 18.2 14.7 14.4 16.7 20.2 19.8 16.9 17.6 15.9 15
23.9 26.3 26.2 24 23.5 19.6 18 16 19.9 21.3 20.2 18.8 16.8 16.3 15.8 16 15.2 13 10.8 9 7.4 8.1 8.1 7.7 7 6.8 6.4 5.9 5.5 5.7 5.9 5.7 5.2 4.7 4.7 4.2 3.8 4.5 4.2 4.4 4.4 3.8 3 2.8 3.9 10.7 11.2 12.9 15.6 13.4 10.8 8.3 8.1 8.4 9.5 10.2 10.9 11.2 11.4 11.5 11.5 11.2 9.8 7.7 6.9 8.4 8.9 10.2 5.9 4.5 3.8 3.4 3.7 4 5.3 6 6.8 13.3 18.2 19.7 17.4 16.7 20.6 23.8 21 18 16.6 16 16.1
25.2 26.3 26.1 25.6 26.4 22.7 18.1 15.6 17.6 18 17.4 16.6 15.3 14.3 13.7 14.1 13.5 12.2 9.7 7.7 9.3 9.7 9.9 9.4 8.5 7.9 7.6 6.9 7.3 7.5 7.4 7.8 7.1 9.6 9.2 8 8.1 4.5 4.9 5.2 6.2 4.6 3.9 3.8 3.8 7.5 10.2 13.5 13.6 12.4 10.7 10.2 9.9 9.3 9.7 10.4 10.7 10.8 11 11 10.9 10.8 10.2 9.2 8.2 8.3 8.9 9.2 5.4 4.8 4.2 3.9 4.1 4.5 5.4 6.1 7.6 12.8 16.8 15.3 18.9 17.8 20.4 24.8 24.6 19.8 18 18.3 19.9
24.9 25.8 25.5 26.4 26.8 23.4 20 16.5 17.8 18.6 18.1 18.3 16.3 15.5 13.7 13.4 12 12.3 9.6 9.7 10.9 11.1 11.4 11.1 10.2 9.3 8.6 8.1 9.1 9.7 10 10.3 10.5 10.6 9.9 9.4 8.4 4.7 5 7.2 8.1 7.1 4.5 4.2 3.8 4.6 8.9 12.5 13.6 13.4 12.1 11.5 10.8 10.1 10.2 10.7 10.8 10.8 11 11 10.9 10.8 11.1 10.1 9.2 8.8 8.1 8.1 5.9 5.2 4.9 4.5 4.4 4.9 5.6 6.2 7.6 9.2 9.8 10.3 17.2 19.4 21.2 26 25.2 22 19.8 20.9 22.8
24 24.4 24.8 24.5 23.5 20.8 18.6 17.4 19 19.6 19.8 20.1 18.6 16.8 14.5 13.9 12.2 11.8 10.1 11.3 12.1 12.6 12.8 12.8 11.9 11.1 10.2 9.6 11 11.8 11.7 11.7 11.1 10.5 9.6 8.1 6.1 5.3 7.7 8.3 8.8 8.5 4.5 4.1 3.6 3.5 5.6 12.3 12.2 14.2 12.4 12.3 11.6 10.9 10.7 10.9 10.9 10.9 10.9 10.9 10.9 10.8 11.1 10.9 10.2 9.8 9.3 8.8 7.6 6.5 5.5 5.1 5.9 5.7 5.9 6.6 7.1 8.4 9.9 10.9 13.6 17.7 21.3 28.2 26.4 23.6 22.6 24 25.4
24.1 24.5 24.8 23.2 21.4 20.7 20.4 18.5 19.5 20 20.6 22.6 20.5 17.5 15.6 14.3 12.5 11.2 11 12.4 13.3 14.1 14.3 14.3 13.6 12.8 11.9 10.8 11.9 11.5 11.1 11.2 10 9.2 9 7.9 6.1 6.1 11.9 11 9.4 8.5 5.1 3.5 3.6 4 4.1 3.9 8.2 11.2 11.4 12.3 12.4 11.7 11.3 11.1 11 11.1 11.3 11.4 11.5 11.4 11.6 11.5 11.1 10.7 9.9 10 10.1 9.9 8.9 6.6 5.4 5.4 6.4 7.5 8 9.4 10.9 13.3 13.9 15.8 18.3 24.3 27.4 24.6 24.3 24 26.4
24.2 24.6 24.6 22.6 20.9 20.8 20 19.7 19.6 20.8 22.5 23.8 23 20.4 17.7 14.6 12.7 11.7 11.9 13.1 14.4 14.8 15.2 15.7 15.1 14 13 12.3 11.9 11.4 11 10.6 10.5 10.8 10.4 8.4 8.4 10.8 13.1 12.8 10.7 8.5 5.3 4.5 4.5 4.3 4.3 4.2 6.6 9.5 10.9 12 13.2 14 13.1 12.9 12.6 12.4 12.7 12.7 12.7 12.6 12.7 13.2 13.7 13.2 11.9 12.8 14.3 15.1 12 8.1 5.9 5.9 7 8 9 10.6 11.3 15.4 16.6 16.8 17.7 24.4 26.5 25.4 25.1 26.5 28.3
24.3 24.4 24.4 23.1 21.1 20.5 20.2 19.9 20.2 21.4 22.7 24 22.5 19.6 16.2 14.8 13.9 13.5 13.1 13.8 15.1 15.2 15.5 15.8 15.2 14.6 13.9 13.2 12.7 12.3 11.9 11.5 11.8 11.1 10.7 9.4 12 12.7 14.9 14 11.5 9.5 5.3 4.3 4.2 4.1 4.2 4.4 5.8 8.8 10.9 12.6 14 14.9 14.9 14.6 14.2 14 14 13.9 13.9 13.8 13.8 14.3 15.7 13.9 13.6 14.7 21.3 19.2 11.7 9.5 7.1 6 6.9 8 9.8 15 16 19.1 22.9 21.6 21.5 23.4 25.1 25.6 27.3 28.2 29
24.9 25.1 25 23.9 21.8 20.8 20.9 21.4 22 22.9 23.8 24.8 23 19.6 18 16.7 15.9 15.1 14.4 15.1 15.9 15.6 15.7 15.5 14.9 14.5 14.1 13.6 13.6 13 12.7 12.6 11.9 11.1 9.8 11.5 14 14.2 16.5 15.4 12.4 10.1 7 5.2 4.8 4.2 4.4 4.7 6.3 9.3 11.8 13.3 14.7 15.4 15.4 15.3 14.9 14.5 14 13.7 13.9 14.1 14.2 15 15.7 15.7 15 16.6 19.8 16.8 12.6 10.3 7.8 6.8 7.1 8.4 10.5 15.9 18.5 24.1 23.5 21.8 23.1 28.2 28.7 28.8 27.8 29.1 29.6
26.1 26.8 26.4 24.9 22.3 22.4 23.8 24.7 25.6 26.3 27 27.9 26.5 22.5 20.4 18.4 16.8 16.1 15.4 16.3 16.7 16.4 16 15.6 15.3 14.9 14.4 13.8 13.4 13.4 13.4 12.8 12.1 10.9 10.3 13.4 15.9 16.9 17.8 16.8 13.7 10.7 7.2 5.6 5 4.5 4.3 4.2 7.2 10.4 12.4 13.9 14.9 15.6 15.6 15.6 15.4 15 14.4 13.8 13.2 13 13.3 15 15.6 15.6 15.7 19.5 21.6 22.2 14.6 11.2 8.6 7.8 8.1 8.7 9.3 12.5 16.9 19.4 18.2 19.6 23.8 28.9 30.3 28.8 28.6 29 30.2
29.7 28.6 28 26.3 25.4 25.9 27.9 29.3 29 29 28.9 28.2 27.2 24.1 20.9 19 16.6 15.8 16.4 17 17 16.7 16.4 16 15.6 15.3 14.7 14 13.4 13.1 12.3 11.4 10.5 10.4 11.4 14.3 17 18.4 18.2 17.6 16.4 10.7 5.5 5.7 5.2 4.8 5.2 6.7 9.4 12 13.6 14.5 15.2 15.9 16.1 16.1 16 15.5 14.9 14.4 13.8 13.2 15.2 17.9 18 18.8 19.5 21.3 19.1 15.6 12.6 10 8.9 9.3 9.9 9.8 9.5 12.1 15.4 16.2 16.6 20.3 22 25.6 31.5 28.2 27.5 27.3 29.8
