UK/data/hy/hy53_OST50GRID_20230518/HY53.asc
ncols 200
nrows 200
xllcorner 350000
yllcorner 1030000
cellsize 50
[rows 0 to 37 of 200, columns 85 to 169 of 200]
-1.4 -1.4 -1.4 -1.4 -1.4 -1.4 -1.4 -1.4 -1.4 -1.4 -1.4 -1.4 -1.4 -1.4 -1.4 -1.4 -1.4 -1.4 -1.4 -1.4 -1.4 -1.4 -1.4 -1.4 -1.4 -1.4 -1.4 -1.4 -1.4 -1.4 -1.4 -1.4 -1.4 -1.4 0.8 0.5 1.5 27.7 30.8 33 36.3 38.9 41.6 44.2 46.6 49.8 52 52.2 49.8 42.5 32.8 20.9 8.9 3.1 -1.4 -1.4 -1.4 -1.4 -1.4 -1.4 -1.4 -1.4 -1.4 -1.4 -1.4 -1.4 1.4 15.8 19 23.5 28.1 31.6 35.7 41.2 46.3 48.4 48.1 48.3 46.6 32.4 -1.4 -1.4 -1.4 -1.4 -1.4
-1.4 -1.4 -1.4 -1.4 -1.4 -1.4 -1.4 -1.4 -1.4 -1.4 -1.4 -1.4 -1.4 -1.4 -1.4 -1.4 -1.4 -1.4 -1.4 -1.4 -1.4 -1.4 -1.4 -1.4 -1.4 -1.4 -1.4 -1.4 -1.4 -1.4 -1.4 -1.4 -1.4 -1.4 24.7 22.1 25.7 29.4 31.8 32.8 37.2 40.5 43.6 46.5 49.4 52 52.8 50.5 45.3 34.7 22.8 10.6 5 1.3 -1.4 -1.4 -1.4 -1.4 -1.4 -1.4 -1.4 -1.4 -1.4 -1.4 -1.4 -1.4 11.6 15.9 20 23.5 28.5 33.3 37.7 43.3 48.3 49.7 50.6 50.3 48.5 47.5 45.4 -1.4 -1.4 -1.4 -1.4
-1.4 -1.4 -1.4 -1.4 -1.4 -1.4 -1.4 -1.4 -1.4 -1.4 -1.4 -1.4 -1.4 -1.4 -1.4 -1.4 -1.4 -1.4 -1.4 -1.4 -1.4 -1.4 -1.4 -1.4 -1.4 -1.4 -1.4 -1.4 -1.4 -1.4 -1.4 -1.4 1.6 26.5 24.1 24 27 30.1 31.8 34.1 39.5 43.1 45.9 48.7 51.6 53.5 51.6 46.9 39.2 27.4 14.8 5.4 -1.4 -1.4 -1.4 -1.4 -1.4 -1.4 -1.4 -1.4 -1.4 -1.4 -1.4 -1.4 -1.4 1.3 13.1 16.9 20.4 23.8 28.4 33.4 38.5 44.5 50.7 51.8 52.3 51.4 50.5 49.8 48.6 44.6 -1.4 -1.4 -1.4
-1.4 -1.4 -1.4 -1.4 -1.4 -1.4 -1.4 -1.4 -1.4 -1.4 -1.4 -1.4 -1.4 -1.4 -1.4 -1.4 -1.4 -1.4 -1.4 -1.4 -1.4 -1.4 -1.4 -1.4 -1.4 -1.4 -1.4 -1.4 -1.4 -1.4 -1.4 31.1 28.6 26.9 25.4 25.4 27.9 31.6 33.2 36.1 41.5 44.4 47.8 50.8 53 53.3 49.4 42.2 33.7 21.7 9.6 -1.4 -1.4 -1.4 -1.4 -1.4 -1.4 -1.4 -1.4 -1.4 -1.4 -1.4 -1.4 -1.4 -1.4 9.1 12.8 16.6 20.3 24.1 28.4 33.5 40.5 47.2 52.3 54.2 54.1 53.4 52.8 52.1 50.7 47.6 -1.4 -1.4 -1.4
-1.4 -1.4 -1.4 -1.4 -1.4 -1.4 -1.4 -1.4 -1.4 -1.4 -1.4 -1.4 -1.4 -1.4 -1.4 -1.4 -1.4 -1.4 -1.4 -1.4 -1.4 -1.4 -1.4 -1.4 -1.4 -1.4 -1.4 -1.4 1.8 33.2 32.6 31.8 28.7 26.9 25.1 26.4 29.9 32.9 34.6 38.8 42.5 45.5 48.8 52.1 54.3 53.3 47.8 39 30.6 16 4.1 -1.4 -1.4 -1.4 -1.4 -1.4 -1.4 -1.4 -1.4 -1.4 -1.4 -1.4 -1.4 -1.4 0.3 6.6 11.4 15.5 19.8 23.6 29.8 36.6 42.6 49.4 53.6 55.2 54.8 53.8 53.6 53.4 52 49.4 -1.4 -1.4 -1.4
-1.4 -1.4 -1.4 -1.4 -1.4 -1.4 -1.4 -1.4 -1.4 -1.4 -1.4 -1.4 -1.4 -1.4 -1.4 -1.4 -1.4 -1.4 -1.4 -1.4 -1.4 -1.4 -1.4 -1.4 -1.4 -1.4 -1.4 9 33.8 34.4 34.1 32.4 29.8 27.1 25.8 27.9 31.6 34.8 37.6 41.5 43.6 47 50.2 53.4 55.5 53.5 46.6 37.3 28 11 3.8 -1.4 -1.4 -1.4 -1.4 -1.4 -1.4 -1.4 -1.4 -1.4 -1.4 -1.4 -1.4 -1.4 0.9 5.1 8.7 13.2 18.6 22.8 30.2 37.2 43.7 50.1 52.6 53.4 52 51 51.9 53.6 52 50.6 -1.4 -1.4 -1.4
-1.4 -1.4 -1.4 -1.4 -1.4 -1.4 -1.4 -1.4 -1.4 -1.4 -1.4 -1.4 -1.4 -1.4 -1.4 -1.4 -1.4 -1.4 -1.4 -1.4 -1.4 -1.4 -1.4 -1.4 -1.4 1.2 28.4 31.9 35 35.8 35.1 32.6 28.7 26.1 26.1 29.1 33.3 35.5 38.3 42.2 44.9 48.3 52.1 55 56.4 52.9 45.2 36.5 24.1 6.5 1.3 -1.4 -1.4 -1.4 -1.4 -1.4 -1.4 -1.4 -1.4 -1.4 -1.4 -1.4 -1.4 -1.4 1.3 4.4 7.5 10.8 15.3 21.5 28.5 34.6 41.9 46.5 49.4 50.3 48.8 48.2 51.1 53.3 52.9 51.8 45.5 34.6 -1.4
-1.4 -1.4 -1.4 -1.4 -1.4 -1.4 -1.4 -1.4 -1.4 -1.4 -1.4 -1.4 -1.4 -1.4 -1.4 -1.4 -1.4 -1.4 -1.4 -1.4 -1.4 -1.4 -1.4 -1.4 2.4 24.6 28.8 31.7 34.6 35.6 34.5 31.6 28.1 26.4 26.9 29.3 33.2 36 39.7 43.1 46.5 49.9 52.9 55.6 55.9 50.9 43.3 34.2 17.7 3.9 -1.4 -1.4 -1.4 -1.4 -1.4 -1.4 -1.4 -1.4 -1.4 -1.4 -1.4 -1.4 -1.4 -1.4 -1.4 -1.4 1.5 9.5 13.2 18.6 24.7 30.9 35.4 39.9 42.7 44 43.6 45.9 48.9 52.2 53.4 52.7 46.1 36.8 26.7
-1.4 -1.4 -1.4 -1.4 -1.4 -1.4 -1.4 -1.4 -1.4 -1.4 -1.4 -1.4 -1.4 -1.4 -1.4 -1.4 -1.4 -1.4 -1.4 -1.4 -1.4 -1.4 -1.4 15.2 22.1 25.1 28.2 31.5 33 33.4 31.7 28.6 27.6 26.4 27.1 29.3 32.3 37.1 41 44.2 47.7 50.8 53.1 55.5 54.8 48.8 40.7 30.1 10.9 -1.4 -1.4 -1.4 -1.4 -1.4 -1.4 -1.4 -1.4 -1.4 -1.4 -1.4 -1.4 -1.4 -1.4 -1.4 -1.4 -1.4 1.3 8.4 12.1 17.1 22.2 25.5 29.7 32.6 34.9 37.1 39.7 43.3 47.9 50.8 52.9 52.6 46.1 36.5 27.5
-1.4 -1.4 -1.4 -1.4 -1.4 -1.4 -1.4 -1.4 -1.4 -1.4 -1.4 -1.4 -1.4 -1.4 -1.4 -1.4 -1.4 -1.4 -1.4 -1.4 -1.4 -1.4 16.9 20.3 23.6 26 28.5 31.3 31.6 30.3 28.9 27.4 26.9 26.9 27.2 28 31.2 35.3 39.9 43.8 47.6 51.2 53.4 54.6 52.8 46.5 36.5 22.3 -1.4 -1.4 -1.4 -1.4 -1.4 -1.4 -1.4 -1.4 -1.4 -1.4 -1.4 -1.4 -1.4 -1.4 -1.4 -1.4 -1.4 -1.4 0.8 8.7 13.1 17.5 21.3 24.1 26.8 29.3 31.8 34.3 37.8 42.1 46.5 49.1 51.4 51.5 45.2 36 29.5
-1.4 -1.4 -1.4 -1.4 -1.4 -1.4 -1.4 -1.4 -1.4 -1.4 -1.4 -1.4 -1.4 -1.4 -1.4 -1.4 -1.4 -1.4 -1.4 -1.4 -1.4 13.2 18.6 21.9 25.1 27.8 29.8 31.4 30.7 29 28 27.6 27.2 27.3 27.6 27.8 28.4 32.1 36.3 41.7 46 49.2 52.5 52.6 49.1 40.8 30.1 12.6 -1.4 -1.4 -1.4 -1.4 -1.4 -1.4 -1.4 -1.4 -1.4 -1.4 -1.4 -1.4 -1.4 -1.4 -1.4 -1.4 -1.4 0.4 1.5 10.9 15.4 19.8 23.3 25.8 27.3 30 32 34.1 36.7 41.3 45.6 48.3 49.6 49 42.7 34.2 28.2
-1.4 -1.4 -1.4 -1.4 -1.4 -1.4 -1.4 -1.4 -1.4 -1.4 -1.4 -1.4 -1.4 -1.4 -1.4 -1.4 -1.4 -1.4 -1.4 0.9 12.9 16.7 20.2 23.6 26.8 29.3 31 31.9 30.2 28.8 27.9 27.7 27.5 27.8 28 28.2 28.2 29.3 32.2 36.4 39.1 43 45.2 44.6 40.1 30.9 19 -1.4 -1.4 -1.4 -1.4 -1.4 -1.4 -1.4 -1.4 -1.4 -1.4 -1.4 -1.4 -1.4 -1.4 -1.4 -1.4 -1.4 -1.4 3.3 8.8 13.2 17.9 22.3 25.5 27.4 29.1 31.3 33.5 34.6 38.2 42.2 44.8 47.4 48.9 47 40.4 32.2 27.5
-1.4 -1.4 -1.4 -1.4 -1.4 -1.4 -1.4 -1.4 -1.4 -1.4 -1.4 -1.4 -1.4 -1.4 -1.4 -1.4 -1.4 -1.4 0.9 14 15.7 18.2 21.9 25.3 28.7 31.3 33 33.6 30.8 28.6 27.9 27.9 27.9 28.2 28.5 28.5 28.3 28.6 28.5 30.5 32.8 33.5 34.7 32.4 27 19.6 -1.4 -1.4 -1.4 -1.4 -1.4 -1.4 -1.4 -1.4 -1.4 -1.4 -1.4 -1.4 -1.4 -1.4 -1.4 -1.4 -1.4 0.2 1.5 6.9 11.3 16 20.8 25.3 27.4 29 30.3 32.8 34.6 35.6 39.7 42.7 44.6 46.7 47.4 43.7 37.4 30.5 25.8
-1.4 -1.4 -1.4 -1.4 -1.4 -1.4 -1.4 -1.4 -1.4 -1.4 -1.4 -1.4 -1.4 -1.4 -1.4 -1.4 -1.4 0.8 14.1 16.5 18.1 20.7 23.6 27 31.3 33.8 36.2 36.8 31.2 28.5 28.3 28.3 28.3 28.5 28.9 30 29.7 29.4 28.3 28.2 28.2 27.4 26.2 22.8 17.8 10.1 -1.4 -1.4 -1.4 -1.4 -1.4 -1.4 -1.4 -1.4 -1.4 -1.4 -1.4 -1.4 -1.4 -1.4 -1.4 -1.4 -1.4 0.9 5.3 9.3 13.3 18.3 22.3 26.5 28.5 29.5 30.6 33 35 36.8 40.7 43.4 45.2 46.6 45.3 40.8 34.5 27.6 25
-1.4 -1.4 -1.4 -1.4 -1.4 -1.4 -1.4 -1.4 -1.4 -1.4 -1.4 -1.4 -1.4 -1.4 -1.4 -1.4 0.3 10.6 14.9 17.5 19.4 22.3 26.3 30.7 34.1 36.5 38.9 40.8 32.2 29 28.5 28.7 28.7 28.9 29.8 31.8 33.1 34.4 32.3 29.6 27.7 24.3 20.8 15.6 10.4 4.4 -1.4 -1.4 -1.4 -1.4 -1.4 -1.4 -1.4 -1.4 -1.4 -1.4 -1.4 -1.4 -1.4 -1.4 -1.4 -1.4 -1.4 1.3 6.7 10.3 14.4 18.8 22.7 26.6 28.8 30.1 31.2 33.1 35.3 37.8 41.6 43.6 45.5 47.5 44.5 38.1 32.5 27.1 25
-1.4 -1.4 -1.4 -1.4 -1.4 -1.4 -1.4 -1.4 -1.4 -1.4 -1.4 -1.4 -1.4 -1.4 -1.4 -1.4 1.2 12.8 15.6 18.6 22.1 25.5 29.5 33.6 37.2 39.4 41.7 41.8 34.3 29.3 28.6 28.9 29.1 29.4 31.3 33.4 36.7 38.8 37.2 34 30.2 25.3 20.2 14.1 8.3 2.5 -1.4 -1.4 -1.4 -1.4 -1.4 -1.4 -1.4 -1.4 -1.4 -1.4 -1.4 -1.4 -1.4 -1.4 -1.4 -1.4 -1.4 1.5 7 11.1 15.1 19 22.7 25.9 28.2 29.7 31 33.4 36.1 39 41.4 43.6 45.3 47.5 44.6 37.2 31.8 27.9 26.3
-1.4 -1.4 -1.4 -1.4 -1.4 -1.4 -1.4 -1.4 -1.4 -1.4 -1.4 -1.4 -1.4 -1.4 -1.4 -1.4 3.9 13.4 17.6 20.8 24.7 28.9 32.8 36.7 39.9 43 45.3 43.8 36.7 30.7 28.9 29 29.2 30.8 32.9 35 38.6 41.1 42.9 41.8 35.9 28.1 21.3 14.2 9 1.5 -1.4 -1.4 -1.4 -1.4 -1.4 -1.4 -1.4 -1.4 -1.4 -1.4 -1.4 -1.4 -1.4 -1.4 -1.4 -1.4 -1.4 2.6 7.5 11 15.6 19.5 22.9 25.5 27.4 28.8 30.7 33 36.6 40.2 41.8 43.9 45.1 46.1 44.1 37.3 31.8 29.1 27.3
-1.4 -1.4 -1.4 -1.4 -1.4 -1.4 -1.4 -1.4 -1.4 -1.4 -1.4 -1.4 -1.4 -1.4 -1.4 0.8 9.3 13.6 17.9 22.1 26.6 30.5 34.4 38.6 42.3 45.7 47.4 44.6 39 32.2 29.4 29.1 29.3 31.2 33.2 35.7 40 43.1 46.2 47.6 43.5 33.2 23.2 16.2 9.4 -1.4 -1.4 -1.4 -1.4 -1.4 -1.4 -1.4 -1.4 -1.4 -1.4 -1.4 -1.4 -1.4 -1.4 -1.4 -1.4 -1.4 -1.4 1.8 7.1 9.8 14.2 18.5 21.3 23.7 25.4 27.4 29.8 31.9 34.3 39.4 41.9 43.9 45 45.2 43.9 37.2 32.3 29.9 28.2
-1.4 -1.4 -1.4 -1.4 -1.4 -1.4 -1.4 -1.4 -1.4 -1.4 -1.4 -1.4 -1.4 -1.4 -1.4 1.4 9.5 13.5 17.8 22.2 26.4 30.5 35.4 39.9 43.8 47 45.8 43 37.7 32.7 29.7 29.3 30.7 32.6 34.6 37.8 42.1 45.2 49 52.5 51.7 38.4 28.3 18.2 9.6 -1.4 -1.4 -1.4 -1.4 -1.4 -1.4 -1.4 -1.4 -1.4 -1.4 -1.4 -1.4 -1.4 -1.4 -1.4 -1.4 -1.4 -1.4 0.9 5.1 8.7 12.4 15.6 18.1 20.8 23.9 26 28.4 30.1 33.6 37.7 40.9 43.4 44.9 44.4 42 36.2 31.3 30.4 28.8
-1.4 -1.4 -1.4 -1.4 -1.4 -1.4 -1.4 -1.4 -1.4 -1.4 -1.4 -1.4 -1.4 -1.4 0.1 2.2 9.6 15 18.5 22.5 26.7 30.9 35.3 40.5 43.8 43.9 41.7 38.6 35.2 30.9 29.4 29.9 32.4 34.9 36.7 40.8 44.6 47.8 52.8 56.3 56.6 43 32.9 22.9 13.1 -1.4 -1.4 -1.4 -1.4 -1.4 -1.4 -1.4 -1.4 -1.4 -1.4 -1.4 -1.4 -1.4 -1.4 -1.4 -1.4 -1.4 -1.4 -1.4 3.7 7.2 9.3 12.2 15 18.1 21.4 23.8 26.6 28.2 31.8 36.2 39.8 42.4 43.2 42.1 39.8 34.7 32.6 31.1 29.8
-1.4 -1.4 -1.4 -1.4 -1.4 -1.4 -1.4 -1.4 -1.4 -1.4 -1.4 -1.4 -1.4 -1.4 0.5 5.8 12.2 15.6 19.1 23 27.3 31.6 35.5 38.9 41.1 39.8 38.6 37.3 34.7 30.6 29.7 31.9 34.3 36.7 39.4 43.8 47.4 50.9 55.8 59.3 59.9 48.6 36.6 26.6 15.9 -1.4 -1.4 -1.4 -1.4 -1.4 -1.4 -1.4 -1.4 -1.4 -1.4 -1.4 -1.4 -1.4 -1.4 -1.4 -1.4 -1.4 -1.4 -1.4 1.4 4.9 7 9.6 12.7 15.8 18.9 21.2 23.7 26.5 30.7 34.8 38.3 40.6 41.6 40.7 37.2 34.3 33.6 32.2 31
-1.4 -1.4 -1.4 -1.4 -1.4 -1.4 -1.4 -1.4 -1.4 -1.4 -1.4 -1.4 -1.4 -1.4 0.6 10.7 13.5 16.6 19.8 23.4 27.9 31.8 35.6 38.4 38.1 37.5 37.1 35.7 32.8 30.5 30.6 33.8 37.2 39.7 42.3 46.7 50.9 54.7 58.8 61.3 60.7 52.7 39.8 29.3 17.9 9.5 -1.4 -1.4 -1.4 -1.4 -1.4 -1.4 -1.4 -1.4 -1.4 -1.4 -1.4 -1.4 -1.4 -1.4 -1.4 -1.4 -1.4 -1.4 1 5.9 7.5 9.3 11.9 13.9 16.4 18.8 21.5 25.3 29.4 32.9 36.2 38.9 38.9 37.2 34.3 33.2 33.5 33.4 32.3
-1.4 -1.4 -1.4 -1.4 -1.4 -1.4 -1.4 -1.4 -1.4 -1.4 -1.4 -1.4 -1.4 -1.4 -1.4 7.1 14.8 18 21.2 24 27.4 31.6 35.6 38 37.3 36.6 35.9 34.1 31.1 31.1 32.8 35.1 38.2 41.6 45.1 48.5 53 57.9 62 64.5 63.1 53.2 42.2 31.2 19 11.4 1.1 -1.4 -1.4 -1.4 -1.4 -1.4 -1.4 -1.4 -1.4 -1.4 -1.4 -1.4 -1.4 -1.4 -1.4 -1.4 -1.4 -1.4 -1.4 6.6 8.2 9.9 11.7 13.6 15.7 18.3 21 24.5 27.9 30 33.5 34.1 33.4 32.7 32.4 33.2 33.8 34.7 33.9
-1.4 -1.4 -1.4 -1.4 -1.4 -1.4 -1.4 -1.4 -1.4 -1.4 -1.4 -1.4 -1.4 -1.4 -1.4 4.7 14.6 17.6 20.5 23.8 26.4 31.1 35 37 37.6 37.4 36.5 32.8 30.5 31.9 34.1 36.8 38.9 42.5 46.5 50.8 55.9 60.2 64.1 67.3 65.4 55.6 44.4 32 17.8 11.5 6.3 -1.4 -1.4 -1.4 -1.4 -1.4 -1.4 -1.4 -1.4 -1.4 -1.4 -1.4 -1.4 -1.4 -1.4 -1.4 -1.4 -1.4 -1.4 2.6 6.5 9.6 11.5 13.3 15.6 17.9 20.5 23.8 26.3 28.4 29.6 28.4 28.7 28.7 30.1 31.3 33.2 34.5 35.5
-1.4 -1.4 -1.4 -1.4 -1.4 -1.4 -1.4 -1.4 -1.4 -1.4 -1.4 -1.4 -1.4 -1.4 -1.4 4.3 13.8 16.7 19.6 22.2 25.5 30.7 33.5 35.6 36.6 37 35 31.1 29.9 31.3 33.2 36.6 40.5 44.8 49.3 54 58.5 62.4 66.3 69 66.9 58 46.4 33.4 16.6 10.9 6.2 -1.4 -1.4 -1.4 -1.4 -1.4 -1.4 -1.4 -1.4 -1.4 -1.4 -1.4 -1.4 -1.4 -1.4 -1.4 -1.4 -1.4 -1.4 -1.4 4.2 7.9 10.7 13.2 15.4 17.7 20 22.7 24.7 26.8 26.3 25 25.1 26.2 27.6 29.4 31.5 33.5 35.3
-1.4 -1.4 -1.4 -1.4 -1.4 -1.4 -1.4 -1.4 -1.4 -1.4 -1.4 -1.4 -1.4 -1.4 -1.4 1.9 12.3 15.3 18.6 21.9 25.3 28.8 31.7 33.6 34.8 34.9 32.6 29.5 28.6 30.2 33.9 37.9 43 47.2 51.8 56.2 60.6 65 68.7 70.3 69.3 59.6 47.6 33.4 15.2 10.4 1.4 -1.4 -1.4 -1.4 -1.4 -1.4 -1.4 -1.4 -1.4 -1.4 -1.4 -1.4 -1.4 -1.4 -1.4 -1.4 -1.4 -1.4 -1.4 -1.4 -1.4 5.3 7.6 13 15.8 18.7 20.8 22.9 24.4 24.4 23.8 23.3 23.3 24.6 26.2 27.8 29.5 31.5 33.6
-1.4 -1.4 -1.4 -1.4 -1.4 -1.4 -1.4 -1.4 -1.4 -1.4 -1.4 -1.4 -1.4 -1.4 -1.4 1.2 10 13 16.5 20.9 23.1 25.8 28.2 30.1 31.7 30.8 29.2 26.5 28.1 30.6 35.7 39.3 44.5 50.3 55 59 63.1 66.9 70.7 71.2 68.3 59 46.9 30.8 14.5 10.2 0.9 -1.4 -1.4 -1.4 -1.4 -1.4 -1.4 -1.4 -1.4 -1.4 -1.4 -1.4 -1.4 -1.4 -1.4 -1.4 -1.4 -1.4 -1.4 -1.4 -1.4 1.7 5.8 11.3 15.7 19.1 21.4 23.1 23.5 21.8 21.6 21.8 22.1 23.3 24.8 26.5 28.1 29.9 30.9
-1.4 -1.4 -1.4 -1.4 -1.4 -1.4 -1.4 -1.4 -1.4 -1.4 -1.4 -1.4 -1.4 -1.4 -1.4 0.8 6.4 9.5 12.7 15.3 18.1 20.7 23 24.1 25.7 25.6 24.9 25.1 27.5 31.8 37.1 40.4 46 51.8 55.9 61.9 65.8 70 72.4 71.7 65.6 57.2 46.8 29.8 15.5 11.4 0.8 -1.4 -1.4 -1.4 -1.4 -1.4 -1.4 -1.4 -1.4 -1.4 -1.4 -1.4 -1.4 -1.4 -1.4 -1.4 -1.4 -1.4 -1.4 -1.4 -1.4 -1.4 1.4 8.7 13.6 17.2 20.8 22.2 22.5 20.2 19.3 20.2 20.8 22 24.4 26 27.6 29.1 30.2
-1.4 -1.4 -1.4 -1.4 -1.4 -1.4 -1.4 -1.4 -1.4 -1.4 -1.4 -1.4 -1.4 -1.4 -1.4 -1.4 4 6 8.4 10.8 13.5 15.1 16.7 18.3 20.2 21.3 22.1 24.7 27.8 32.7 37.7 41.4 47.5 52.4 58.3 64.2 69 71.5 72.9 69.3 62.2 55.3 43.2 25.6 15.4 11.2 9.1 -1.4 -1.4 -1.4 -1.4 -1.4 -1.4 -1.4 -1.4 -1.4 -1.4 -1.4 -1.4 -1.4 -1.4 -1.4 -1.4 -1.4 -1.4 -1.4 -1.4 -1.4 -1.4 1 8.7 13 16.7 19 19.1 16.8 17.5 18.1 19.5 21.1 23.1 25.2 26.8 28.1 29.3
-1.4 -1.4 -1.4 -1.4 -1.4 -1.4 -1.4 -1.4 -1.4 -1.4 -1.4 -1.4 -1.4 -1.4 -1.4 -1.4 -1.4 4.2 6.7 8.6 11 12.7 14.1 15.6 17.8 19.1 22.1 24.6 29.1 33.5 38.8 43.7 48.5 53.8 59.5 64.9 70.8 74.8 73.7 67.3 59.9 53.4 39 21.4 13.7 10.3 8.4 6.7 -1.4 -1.4 -1.4 -1.4 -1.4 -1.4 -1.4 -1.4 -1.4 -1.4 -1.4 -1.4 -1.4 -1.4 -1.4 -1.4 -1.4 -1.4 -1.4 -1.4 -1.4 -1.4 -1.4 5.7 10.2 12.1 13.3 13.1 14.1 15.4 17.3 19.6 21.7 23.9 25.9 27.2 28.6
-1.4 -1.4 -1.4 -1.4 -1.4 -1.4 -1.4 -1.4 -1.4 -1.4 -1.4 -1.4 -1.4 -1.4 -1.4 -1.4 -1.4 -1.4 2.9 6.7 9 10.6 12.2 14.4 16.5 19.1 21.1 25.6 30 34.4 40.2 45.2 49.9 56.1 61.5 66.2 71.1 73.1 72.3 65.1 58.1 50.1 33.9 17.9 12.1 9.7 8 6.5 5.4 3.5 -1.4 -1.4 -1.4 -1.4 -1.4 -1.4 -1.4 -1.4 -1.4 -1.4 -1.4 -1.4 -1.4 -1.4 -1.4 -1.4 -1.4 -1.4 -1.4 -1.4 -1.4 -1.4 -1.4 -1.4 6.1 7.6 8.4 11 14.3 16.7 19.3 22.3 24.3 26.4 28
-1.4 -1.4 -1.4 -1.4 -1.4 -1.4 -1.4 -1.4 -1.4 -1.4 -1.4 -1.4 -1.4 -1.4 -1.4 -1.4 -1.4 -1.4 -1.4 4.1 5.9 7.8 10 12 14.2 17.8 20.9 25.1 29.7 34.7 40.3 45.7 51.8 58.5 63.2 67.7 71.3 72.3 68.9 63.6 56.9 45.9 29.5 15.7 11.1 9.3 7.4 5.6 4.4 3.1 1.3 0.6 3.4 3 1.3 1.3 5.4 8 8.2 8.9 7.9 -1.4 -1.4 -1.4 -1.4 -1.4 -1.4 -1.4 -1.4 -1.4 -1.4 -1.4 -1.4 -1.4 -1.4 -1.4 -1.4 7.1 10.6 13.9 16.9 19.9 22.1 24.8 26.8
-1.4 -1.4 -1.4 -1.4 -1.4 -1.4 -1.4 -1.4 -1.4 -1.4 -1.4 -1.4 -1.4 -1.4 -1.4 -1.4 -1.4 -1.4 -1.4 0.8 3.7 5.4 7.6 9.6 12.6 16.2 20 24.4 29.3 35.1 40.4 45.8 53.9 60.7 65.4 69 71.3 70.2 66.4 61.3 55.5 42 25.7 15.6 11.6 9.5 7.4 5.4 3.9 2.5 1.1 0.5 1.5 3.5 4.6 5.7 7.3 10.3 12.1 13.5 13.1 9.7 4.3 -1.4 -1.4 -1.4 -1.4 -1.4 -1.4 -1.4 -1.4 -1.4 -1.4 -1.4 -1.4 -1.4 -1.4 -1.4 2.7 9.5 13.6 16.9 20 22.7 24.9
-1.4 -1.4 -1.4 -1.4 -1.4 -1.4 -1.4 -1.4 -1.4 -1.4 -1.4 -1.4 -1.4 -1.4 -1.4 -1.4 -1.4 -1.4 -1.4 -1.4 0.4 2.3 5.7 8.2 11.4 15.2 19.8 23.9 28.7 34.1 40.6 47.2 56.2 62.9 66.9 70.2 70.7 68.6 65.4 61.2 56.4 39.9 23.8 15.8 12.2 9.8 7.6 5.2 4 2.4 0.8 0.6 1.7 3 4.4 5.8 7.8 11.8 14.7 16.3 16.4 13.7 10.8 8.2 -1.4 -1.4 -1.4 -1.4 -1.4 -1.4 -1.4 -1.4 -1.4 -1.4 -1.4 -1.4 -1.4 -1.4 -1.4 -1.4 8.3 13.1 17 20.1 22.5
-1.4 -1.4 -1.4 -1.4 -1.4 -1.4 -1.4 -1.4 -1.4 -1.4 -1.4 -1.4 -1.4 -1.4 -1.4 -1.4 -1.4 -1.4 -1.4 -1.4 -1.4 -1.4 0.8 6.7 10.5 14.4 18.5 23.2 28.3 33.7 40.4 49.4 57.7 64.1 68.9 70.6 69.9 66.9 63.7 60.5 55.8 36.7 23.1 16.9 13.1 10.1 7.8 5.1 3.9 2.5 1.8 1.4 2.6 3.7 4.8 6.2 9.4 12.5 15.2 17.2 17.2 15.2 13.2 10.8 8.1 4.1 -1.4 -1.4 -1.4 -1.4 -1.4 -1.4 -1.4 -1.4 -1.4 -1.4 -1.4 -1.4 -1.4 -1.4 -1.4 7.8 11.8 14.5 17.7
-1.4 -1.4 -1.4 -1.4 -1.4 -1.4 -1.4 -1.4 -1.4 -1.4 -1.4 -1.4 -1.4 -1.4 -1.4 -1.4 -1.4 -1.4 -1.4 -1.4 -1.4 -1.4 -0.1 6 9.4 13.9 18.8 23.3 27.8 33.5 41.6 49.5 58.7 66.2 70.3 72.5 70.4 65.5 61.6 58.4 50.5 31.7 22.1 18 14.3 10.6 8 5.5 3.6 3.2 3.5 2.4 3.5 4.6 5.8 8 10.9 13.9 15.2 17 16.5 15.7 15 13.5 11.8 10 7.1 -1.4 -1.4 -1.4 -1.4 -1.4 -1.4 -1.4 -1.4 -1.4 -1.4 -1.4 -1.4 -1.4 -1.4 -1.4 -1.4 -1.4 -1.4
-1.4 -1.4 -1.4 -1.4 -1.4 -1.4 -1.4 -1.4 -1.4 -1.4 -1.4 -1.4 -1.4 -1.4 -1.4 -1.4 -1.4 -1.4 -1.4 -1.4 -1.4 -1.4 -1.4 5 9.6 13.7 18.5 23.5 28.5 35.4 43.1 52.5 60.9 67.4 72.1 73.2 69.2 64.5 60.1 56.5 43.2 27.2 22.4 18.6 14.5 11.5 8.5 6 4 3.7 3.6 3.4 4.4 5.8 7.9 10 12.9 16.1 17.3 17.7 17.7 18 17.2 16.3 15 13.6 10.6 8 -1.4 -1.4 -1.4 -1.4 -1.4 -1.4 -1.4 -1.4 -1.4 -1.4 -1.4 -1.4 -1.4 -1.4 -1.4 -1.4 -1.4
-1.4 -1.4 -1.4 -1.4 -1.4 -1.4 -1.4 -1.4 -1.4 -1.4 -1.4 -1.4 -1.4 -1.4 -1.4 -1.4 -1.4 -1.4 -1.4 -1.4 -1.4 -1.4 -1.4 5.3 9.3 13.6 18.4 22.6 29.5 37 45.6 53.6 61.4 68.2 71.9 71.8 66.9 61.3 57.6 51.2 34.7 24.7 20.5 17.7 13.7 11.7 9.1 6.6 4.6 4.4 4.3 4.6 5.7 7.5 9.7 12.4 14.8 18.3 19.2 20.4 20.6 20 19.3 18.2 17.2 15.6 13.3 10.5 7.3 -1.4 -1.4 -1.4 -1.4 -1.4 -1.4 -1.4 -1.4 -1.4 -1.4 -1.4 -1.4 -1.4 -1.4 -1.4 -1.4
