WholeMapElevations/data/sz/sz57_OST50GRID_20230518/SZ57.asc
ncols 200
nrows 200
xllcorner 450000
yllcorner 70000
cellsize 50
[rows 38 to 75 of 200, columns 0 to 83 of 200]
111.3 102.2 94.5 98.4 103 107.3 110.3 112.1 114 113.4 112.5 113.1 113.9 115.2 115.1 114.1 112.9 110.3 107.2 104.2 104.7 102 100.8 101.1 98.6 94 90.6 86.9 81.3 78.2 76.8 76.3 70.7 65 65.8 70.6 73.1 73.1 73.3 72.9 71.2 67.8 68.1 70.2 72.3 74.2 76.7 79.2 80.5 81.6 83.3 85.3 87.6 90.7 94.8 100.6 106.5 113.7 123.4 130.3 135 137 137.2 137.1 136.8 136.4 137 136.5 135.1 133.9 134 134.5 136.2 138.5 142.4 146.8 153 159.7 162.5 167 175.9 189.7 198.5 205.4
107.4 101.1 97.2 100.3 105.5 109.5 112.5 114.3 116.2 118.2 117.7 117.7 118.9 119.8 121.3 119.9 118.4 116.3 112.2 110 107.2 104.5 104.5 104.5 101 98.3 95 90.5 84.6 79 74.2 73.7 68.5 63.6 67.1 71.4 73.5 74.1 74.4 74.4 73.2 69.6 68.4 70.7 72.7 73.3 74.9 76.7 78.3 80.4 83.5 87.8 91 94.4 101.7 110.3 117.6 125.2 130.4 134.2 135.6 135.9 136.2 136 135.6 135.2 134.9 134.8 133.3 132.1 131.8 132.4 134.1 136.7 140.2 145.2 149.8 153.1 154.6 159 169.7 186.1 198 204.2
102.4 100.7 100.4 100.5 103.5 109.1 113.9 117.2 120.6 123.2 123.3 122.6 123.8 127.3 129.2 130.2 130.7 126.8 122.2 117.9 114.5 111.2 109.5 106.1 102.2 99.4 96.5 93.3 86.9 80.3 76.1 72 67.2 65.1 68.1 70.8 71.8 72.7 74.8 75.3 74 72.7 70.5 71 72.5 72.8 74.2 77.2 80.1 82.7 86 90.6 95 100.1 109 118 123.5 128.8 133.4 135.2 134.5 134.8 135.1 134.9 134.5 134.2 134 133.3 131.8 130.7 130.1 130.4 132.5 135.6 138.3 142.4 145.7 146.3 149 156.8 171 187.3 197 203
103.8 105.6 106.8 107.3 107 110.2 114.3 119.1 124.3 128.3 131.4 132.6 133.1 138.7 146.5 150.7 148 138.7 127.6 121.4 117.3 113.2 109.4 106 101.8 98.8 96 92.8 88.5 81.8 77.4 72.2 67 66.6 68.5 69.4 70.3 72.4 74.8 76.9 76.4 74.7 74.1 72.2 72.3 71.2 74 76.7 80.4 84.8 88.3 93.1 97.7 103.7 113.8 123 128.3 132.8 135.1 135 134.2 133.7 134 133.9 133.5 133.2 132.7 131.6 131.2 129.1 128.6 128.8 130.4 132.3 135.3 137.8 139.6 142.1 150.1 160.8 173.8 188.7 197.9 204.4
109.9 111 111.9 112.3 113.5 116.1 118.2 121.9 126.9 132.5 139.2 146.3 152.8 155.8 157.4 155.3 148.2 136.8 127.9 121.6 118.1 113.3 107.4 105.4 100.9 97.4 93.1 90.2 86.9 82.5 76.5 71 66.4 68.1 70.3 71.3 71.7 73.4 75.9 79 78.7 77.5 76.2 75.9 77.2 73.5 73.2 76.6 80.6 85.1 89.7 94.5 99.4 106.9 118.9 126 130.3 133.7 134.8 134.7 134 133.3 133 132.8 132.4 131.9 131.3 130 129.5 128.3 127 127.3 129.2 131 131.9 134 137.7 143.8 155.1 166 176.9 190.2 199.1 204.9
114.4 115.2 116.5 117.7 118.9 119.4 122.3 126.5 133.2 139.8 150.9 156.4 159.8 161.8 159.3 154.9 145.2 133.6 125.6 120.3 116.2 110.9 105.9 103.7 100 95.5 91.2 86.9 82.9 79.8 74.7 70 67.2 71.2 75 75.2 75.1 74.2 75.6 78.8 80.1 80 81 80.6 80 77.9 73.6 76.4 81.1 85.7 89.5 94.8 100.8 110 121 128 131.7 133.7 134.1 134.2 133.7 133 132.3 131.6 131.1 130.5 129.9 128.3 127.7 126.8 125.9 126.2 127.4 129.2 130.5 133.3 138.5 145.6 157.2 168.1 180.3 191.8 199.8 205.5
120.1 121 122 121.3 121.9 124.8 128.4 136.4 142.2 152 159.5 163 164.4 162.9 159.2 152.7 142.3 132.5 124.6 119 113.6 109.5 104.5 100.8 97.7 92 87.5 83 79 76.1 72.7 68.4 70.1 75.3 79.5 81.1 80.6 78.7 77.7 79.4 80.7 83.3 84.5 85.2 83.5 79.9 76.3 75.9 81.4 86.3 89.4 95.2 101.3 110.9 120.5 127.6 131.5 133 133.4 133.4 133.3 132.3 131.2 130.2 129.7 129.2 128.7 127 126.2 125.5 124.7 125.2 125.9 127.2 130.2 133.6 139.6 146.3 158.4 169.6 181.6 192.4 200.2 204.2
125.9 126.8 126.9 126 130.5 137.2 142.4 148.3 157 163.2 165.4 165.7 164.7 162.6 157.5 150.9 141.8 130.7 124.1 118.9 111.7 109.5 105 100 96.8 89 84.2 79.7 75.6 73.1 70 68.6 72.6 78.6 82.9 85.5 86 84.6 83.2 84.3 86.6 88 88.4 87.9 86.3 83.6 79.3 74.1 81.5 86.6 90.8 96.1 101.6 110.6 119.7 126.8 130.7 132.2 132.6 133.3 133.8 132.5 131.4 130 129 128.2 127.3 125.9 125 124.3 123.5 123.7 124.6 127.1 129.9 134.2 140.3 149.9 160.4 171.1 183.7 193.2 199.8 202.3
131.5 131.4 130.8 136.6 143.7 152.5 159.3 159.6 166.1 167.2 167.5 165.9 163.9 160.2 155.8 148.9 141.8 132.6 124.3 119.2 112.8 108.4 103.5 99.4 95.8 89.1 84.7 82 78.6 73.3 69.4 72.3 76.3 80 84.5 88.6 90.8 91.4 90.2 92.2 93.3 93.3 93.5 92.1 90.8 86.3 81.7 75.6 81.8 86.8 90.9 96.4 102 110.1 119.7 126.3 129.8 131.6 133.8 135.7 135.5 133.8 132.3 130.3 128.3 126.8 125.8 124.8 123.8 123.1 122.7 122.6 124.3 126.6 129.4 134.5 142.7 152.4 162.9 172.6 185.6 194.4 198.9 198.4
135.6 135 139.7 148.7 159.3 164.9 167 168.3 168.3 168.3 166.6 164.6 161.8 159 153.6 147.2 140.6 130.6 124.6 119.5 114.4 109.6 103.4 98.8 95.6 90.9 87 84.3 78.5 72.4 71.1 76.5 79.8 82.7 86.7 90.8 94.6 96 98.4 100 101.1 100.7 99.8 96.6 92.7 88.3 83.3 77.2 81.8 86.8 91.2 96.8 102.5 110.7 119 125.7 129 131.6 133.9 135.6 137 136.1 133.2 131 127.8 126.2 124.9 123.5 122.7 122.4 122.1 121.8 122.6 124.9 128.3 134 144.4 154.7 164.2 172.8 185.9 192.9 196.3 193.8
146.7 151 156.6 165.6 168.4 169.1 169.4 168.6 168.4 167.7 165.5 163.3 159.8 156.3 150.8 144.3 137.1 129 124.7 119.8 114.7 108.5 102.8 98.8 94.6 91 87.2 83.3 77.7 72.2 73.8 77.8 82.1 85.4 89.4 94.2 98.5 101.8 104.9 108.5 113.7 112.9 107.2 100.6 95 88.6 83.8 80.3 82.4 87 91.6 97.3 103 111.7 119.7 125.9 128.7 130.9 134 136 138.5 138.1 134 131.2 127.5 125.6 124.2 122.4 120.6 120.2 119.8 119.4 120.5 123.1 127.1 132.9 142.7 153.5 162.9 171.8 182.9 189.6 190.9 187.5
163.6 168.4 169.4 169.8 170.3 169.5 169.1 168.7 167.9 166.3 163.9 161.7 157.8 154.5 148.3 140.1 132.8 125.6 121.9 118.7 113.8 107.1 102.9 97.7 93.8 89.4 84.9 80.5 76.2 74.1 77.6 81.3 84.5 88.1 92.3 98.6 102.3 106.7 112.5 120.3 127.1 122.6 114.5 105 97.2 90.8 84.7 81.2 83.6 88.2 92.1 97.8 103.9 113.1 120.2 125.8 128.4 131 134.5 137.4 137.6 137 134.2 130.8 127.3 125 122.5 121.4 118.6 118.2 117.8 117.9 119.4 122.1 126.3 131.4 140.6 152.1 161.6 170.1 178.7 184.2 184 179.8
171.6 171.6 171.1 170.8 169.9 169.5 168.5 167.5 166.6 164.9 162.5 160 156.1 151.4 143.3 135.2 127.4 122.2 117.7 114.9 110.1 105.3 102 97.9 93.6 89 84.8 79.8 74.5 75 78.9 82.8 86.3 91.1 95.6 101 106.2 112.6 123.3 130.5 132.1 127.2 118.5 109.1 100.2 92.8 86 82.1 84.6 88.7 92.6 98.2 104.9 114.1 120.1 125.5 129.4 132.5 135.5 137.1 136.4 134.4 131.5 128.4 125.3 123 121.5 120.1 116.9 116.2 116.2 117.2 119 121.7 125.5 130.2 139.1 149.8 158.6 166.3 172 176.2 175.3 171.9
172 171.1 170.2 169.7 168.9 167.9 166.8 166.1 165.2 163.3 160.8 158.2 154.4 148 140.3 130.6 122.7 116.3 113.3 109.8 107.6 104 100.5 97 92.9 89.3 85.2 80.6 74.5 76.1 80.3 84.7 89.4 94 98.6 104.3 110.1 119.6 130.2 133.9 132.8 129.1 121.7 113.3 104.2 96.2 88.7 83.2 84.3 89.2 92.9 98.4 107 114.8 120.5 125.4 129.2 132.8 135.3 135.8 134.2 130.9 128.2 125.2 123.1 121.6 120.4 119 115.2 116.1 116.4 117.2 118.8 120.9 124.7 129 134.4 144.8 153.9 160.9 166.1 167.9 166.7 163.6
170.4 168.7 167.8 167.8 167 166.2 165.3 164.6 163.5 161.4 158.8 156.3 152.4 144.6 137.5 130.7 121.1 113.6 108.4 105.4 104.6 100.9 97.3 94 90.6 87.9 84.1 78.8 75.3 78 80.8 85.7 91.1 95.6 101 108 118 128.2 133.9 134.7 133.2 129.9 124 116 107.9 99.5 90.5 84.8 84 88.5 93 99.1 107.5 115.2 120.5 125.2 128.9 130.7 131.8 132.3 130.9 127.8 124.7 122.7 121 120 119.1 118 113.8 114.4 116.6 117.2 117.8 119.8 124 127.2 130.4 138.8 147.7 154.5 158.6 160.4 158.8 155.3
168.9 166.7 165.4 165.4 164.8 163.9 163.1 162.2 161.2 159.5 156.9 154.4 149.1 142.8 136.1 128.8 120 112.7 106.9 101.2 100.3 98.6 95.3 92.1 88.6 85.4 82.1 77.7 76.7 80 83 87.2 92.2 97.3 105.1 114.1 126.7 132.7 135.1 134.7 133.1 130.8 126.3 118.8 111.2 102.4 93 88.6 84.9 86.9 90.4 98.7 107.6 115 120.3 123.2 125.7 127.1 126.9 126.7 126.1 122.9 122.1 120.7 118.9 118.3 117.8 116.3 112.5 113.5 115.9 116.5 117.2 119 122.2 125.2 128.3 133 141.1 147.1 150.1 150.8 150.2 146.3
168.8 166.1 163.6 159.6 158.2 156.4 155.3 156.6 157.4 156.2 154.1 151.6 146.3 141.5 134.7 127.2 118.8 113 105.3 100.2 97.3 95.1 92.4 91 87.8 83.3 80.4 77 78.3 82.5 84.8 89 94.1 99.5 108.9 122.1 130.8 133.9 134.8 134.1 132.9 130.5 127.3 121.6 113 103.1 94.7 90.5 87.8 86 88.3 94.2 104.2 112.9 118.4 120.2 121.3 122.5 122 123.3 121.7 120.9 120.1 118.8 116.8 114.1 113.6 111.8 110.7 113.2 115 115.6 116.3 118.1 120.3 122.8 125.8 128.7 132.5 137.9 139.9 140.9 139 135.5
169 166.4 165.1 159.1 152.1 144.4 140.9 141.6 147 150.7 149.3 147 143.4 138.7 132.8 125 117.8 111.9 105.7 101.4 97.5 93.2 88.9 87.6 85.8 82 79.5 76.8 78.8 82.5 86.6 90.8 96 101.8 113.8 127.3 132.2 134.2 134 133.4 132.2 130.7 127.5 122.6 113.1 102.6 95.8 92.7 90.2 88.3 88.9 91.7 97.4 103.7 109.5 108 107.3 108.6 111.9 113.8 117.6 117.5 116.9 115.4 109.7 107.5 108.1 108.6 110.6 113.4 113.9 114.6 115.8 117.8 119.8 122.1 124.4 125.4 126.4 128.6 129.9 128.8 128.9 125.5
169.3 167.7 165.1 161.7 155.5 144.3 135.6 133 133.7 139.4 142.9 140.8 138.7 134.8 129 122 116.3 110.5 105.6 102.6 98.9 94.8 90.6 86.2 83.4 81 78.5 78.3 80.1 83.8 87.4 92.3 98 104.9 118 128.3 132.8 133.6 133.1 132.5 131.7 130.5 127.6 122.6 110.8 102.3 97.9 95.2 93.2 91.4 90.1 91.1 93.9 95.7 96.8 97 97.5 97.7 102.2 104.5 108.3 112.2 111.5 107.3 105.4 107 110.2 111.7 111.2 112.6 113 114.1 115.6 117.6 119.6 121.3 121.9 122.9 121.4 121.3 121 120.1 118.9 118.2
166.4 165.2 163.4 160.2 155.6 148 135.6 129 127.3 127.6 132.2 134.2 133.4 129.2 124.2 119.7 113.5 107.7 103.4 99.5 95.9 93.8 89.8 85.7 82.5 80.4 78.7 79.2 81.8 84.7 88 93.3 99 107.8 120.8 129.1 131.6 132.6 132 131.4 130.7 129.6 127.3 120.9 110.1 104 101.7 99.8 97.9 95.3 93.6 91.9 91.9 92.5 93.3 95 97 98.2 99 99.6 101.8 103.2 104.1 104.1 106.6 111.5 114.1 113.4 112.4 112 112.9 113.7 115 116.6 118.1 119.6 119.8 118.6 116.5 115 114.5 113.7 112.1 110.8
164.6 162.3 161.1 157.6 153.2 147.6 137.3 128.4 123.8 121.7 121.7 126 126.2 122.4 117.9 114.1 109.9 105.3 99.6 95.6 92.6 90.3 87.5 84.8 81.5 79.9 79.6 80.5 83.3 86.1 88.9 94.2 99.9 109.9 122.8 128.6 130.7 131.5 130.9 130.4 129.9 128.9 126.9 122.5 111.4 108.6 111.8 109 104.5 100.1 97.8 95.6 93.7 94.3 98.2 102.3 104.6 105.4 105.5 104.9 103.7 103.2 104.2 106.2 111.3 113.6 115.4 114.6 113.9 113 113.7 113.4 114.2 115.1 115.9 116.5 116.2 114 110.9 109 108.1 107.3 91 77.2
163.8 160.2 158.3 154.8 150.4 145.4 137.8 127.4 121.3 118.5 116.5 116.8 118.8 117.3 113.7 110.6 108.1 105.6 101.1 95.3 91.3 87.9 85.9 83.2 81.7 81.3 80.6 81 84.2 87.3 90.3 95.3 100.6 110.8 122.3 127.5 129.7 130.6 130.1 129.6 129.1 128.2 126.2 123.6 116.2 117.3 119.1 116.5 115.4 107.3 102 99.2 96.4 97.6 107.6 111.5 113.3 113.9 114 113.4 111.4 110.8 110.2 112.6 114.3 115.4 117.8 117.9 116.5 115.7 113.2 112.9 111.8 111.8 112 112.9 112.6 110 106.5 103.9 84.3 74.1 72.4 70.7
162.7 157.5 155.1 152.1 147.8 142.8 136.8 126.6 120 115.8 113 112.2 112.4 112.1 110.8 108.6 106.6 103.2 100.9 97 92.6 87.8 84.9 83.5 82.3 82.1 81.8 81.9 84.9 88 90.3 94.4 100.2 109.7 121.3 126.3 128.4 129.3 129.5 128.9 128.2 127.3 125.5 123.6 119.6 121.2 121.8 122 121.1 117.2 107.7 101.8 99.2 98.1 110.7 114.5 115.3 115.5 115.1 115.2 115.2 115.9 116.3 118.2 118.9 121.3 123.9 124.2 123.2 120.5 117.3 113.7 110.4 108.9 107.7 108.4 109.6 107.3 85 71.7 67.9 64.2 59.4 59.1
160.4 155.3 151.4 148.8 145.1 140.3 133.2 125.5 119 113.2 110.2 108.3 108 108 107 106 104.1 101.6 99 95.4 90.6 88.4 85.5 84.5 83 83.6 84.2 83.7 85 86.7 90.1 94.4 100.1 106.8 116.6 124.2 126.9 127.9 128.9 128.2 127.6 126.8 125.5 123.8 122.8 122.8 124.2 126.6 125.9 121.7 114.4 105.3 100.7 101.1 105.8 113 115.1 115.5 115.6 117.1 119.1 120.8 123.5 125.8 127.3 128.8 131.7 132.1 130.2 126.5 121.4 117 112.8 108.5 105.2 104.3 89 72.1 71.8 67 62.3 57.1 57.2 58.3
156.4 152.8 145.6 144 141.4 135.5 129.4 122.6 116 111.3 107.5 106.1 104.8 104 103.5 103.2 101.5 100 97.3 93.8 91 88.1 86 85.9 85.4 86.1 86.2 85.9 86.5 87.6 90.7 94.6 99.3 105.4 116.7 123.1 125.3 126.3 128 128.9 129.3 128.7 127.5 126.9 125.6 125.3 128 131.1 130.2 126.1 120.9 111.9 104.7 102.5 97 108.5 113 113.9 115.3 117.7 120.9 121.6 125.4 130.4 134.5 136.5 137.2 137.9 135.4 130.8 123.1 117.5 112.6 108.3 104.9 84.9 71.4 65.6 60.9 60.6 56.7 52.3 47.2 45.1
146.5 146.7 142.6 135.1 135 131 125.5 118.3 115.1 111 107.2 104.1 102.6 101.6 100.7 100.5 98.7 95.5 94.4 92.1 89.3 87.7 86.8 87.1 89.3 89.6 89.4 88.9 88.5 88.9 91.3 95.2 99.9 105.9 113.4 122.6 125.2 126.9 129.1 131.6 131.7 129.3 130.9 130.7 130 129.7 132 132.6 133 129 123.6 118.3 108.7 105 108.3 108.7 110.1 113.3 115.1 116.8 119.7 122.4 126.8 132.5 136.4 138.9 139.3 140 136.6 130.2 122.8 114.1 110 88.2 76.9 70.7 62.5 60.4 56.1 53.8 49.7 45.1 37.8 34.7
133.1 131 133.6 128.9 126.6 125.2 121.1 116.5 113 109.6 106.4 103 101.1 99.2 97.7 96.9 94.5 93.3 92.8 91.1 89.5 88.2 89.2 91.3 93.5 95 94.6 93.4 92.2 91.7 92.4 95.2 100.9 109.8 119.6 122.4 125.4 128 131.5 133.8 136.9 139 138.3 136.6 135.9 134.6 132.7 131.8 131.6 129.2 125.2 119.9 113.7 108.7 114.6 113.9 112.6 112.7 114.2 115.7 118.4 121.4 126.6 131.4 135.7 139.6 140.3 139.2 133.6 127.2 116.8 95.5 76.6 70.9 69.3 58.8 57.7 53.8 50.1 47 41.4 34.9 31.2 29.1
131.5 127.4 125.4 122 121 118.8 115.6 113.1 110.9 108.3 106.4 102.1 100.8 99.7 97.8 96.6 94.5 92.8 92.2 91 90.1 91.2 93.2 94.2 97.6 99.9 100.5 99 96.6 94.8 94.4 96 101 110.6 119.2 122.3 124.9 130.2 135.1 142.1 142.2 141.3 147.2 145.4 141.3 135.8 131.3 129.3 128.9 127 124.5 120.1 113.9 113.2 118 118.8 117.1 115.1 114.7 114.8 117.2 119.6 124.5 129.1 132.9 136 137.1 134.5 129.4 110.6 87.5 75.6 70.3 66.5 62.4 53.8 50.1 45.3 45 37.4 29.8 28 25.8 24.5
133.7 127 122.7 119.5 117.3 115.8 112 109.9 108.5 106.6 105.8 105.1 104.8 102.8 98.8 97.9 95 93.6 92.4 91.6 91.4 93.4 95.3 98 101.4 105.3 111.4 112.9 104.6 99.4 96.9 97.1 99.4 108.1 116.8 122.1 125 130.5 137.6 145.6 152.6 155.7 155.1 151.9 144.9 137.3 130.5 126.4 124.6 122.7 121.2 117.9 114.5 116.6 122 123.4 123.1 120 117 115.4 115.8 117.9 121.5 125.3 128.7 130.8 131.1 120.8 108.3 77.2 74.6 70.3 68.1 63.9 52.6 50 46.9 39 33.5 27.2 24.7 25.4 21.7 18.1
136.6 128.1 122.4 118.3 116.3 114 112.3 111 109.7 109.5 112.6 115.3 117.6 110.6 101.3 100.4 97.9 96.8 93.8 93.2 93.6 96.2 99.8 103.1 108.3 116.4 121.6 122.3 115.9 104.3 99.8 99 100 105.6 113.7 121.1 125.2 129.9 137.3 145.8 153.1 157.2 157.5 152.5 145 137.2 130 124.9 121.8 120.2 118.5 117.2 117.9 122.5 126.1 128 126.5 124.1 120.9 118.4 116.2 115.6 118.2 121.3 123.3 124.1 104.2 85.6 74.2 73.8 73.2 64.5 62.2 52.6 51.7 45.1 36.9 30.7 25.8 28 28 20.9 18.3 16.9
138.7 128.4 121.6 117.8 116.2 115.9 116.4 116.3 118.8 122.1 125.2 125.4 123.8 119.6 105.3 104.6 101.5 99.2 96.5 95 96.2 99.2 103.7 110.2 117.3 123.2 125.4 124.7 122.7 111.9 103 100.4 100.8 106 115.4 121.3 124.3 128.1 135.6 142.6 149.7 154.8 154.8 149.9 143.5 135.7 130.2 124.7 121.7 120.2 119.1 120 123.6 128 130.5 129.9 128.6 125.5 122.1 119 115.2 113 115.4 118.7 113 82.1 71.6 72.4 72.9 71.6 59.6 56.6 49.9 47.8 43.3 40.6 28.2 25.6 26.9 22.3 17.8 16 16.8 15.6
133.2 125.5 120.6 118.5 120.1 122.6 127.3 131.2 135 134.5 134.9 132.8 128.5 117 109.1 104.7 100.4 99.4 98.5 97.7 99.1 102 109.7 118.8 123 125.9 126.7 126 123.8 119 108.2 102.4 101.6 105 114.9 119.4 121.1 125.9 131.7 138.4 143.4 147.6 147.5 143.6 139.1 135.4 129.9 125.6 124.1 125 126.8 126.6 129.1 130.5 131.8 130 127.6 124.8 120.7 116.5 112.1 108.7 105.8 92.1 77 68.5 67.6 65.1 63.8 55.2 52.8 49.3 43.7 35.9 34.2 27.4 26 23.9 21.9 20.3 15.2 15 16.4 12.5
128.4 123.4 120.7 121.6 129.3 137 139.4 140 139.9 138.9 136.7 132.9 124.2 112.5 107.6 104.2 102.6 102.4 102 101.9 102.8 104.8 115.1 122.7 125.7 126.8 126.3 125.6 124.3 121.9 112.2 106.5 102.8 104.4 110.5 114.4 118.1 123 127.6 132.8 137.1 140.1 140.6 139 136.7 133.5 129.9 127.9 130.1 133.1 134.4 134.7 134.1 133.5 131.6 128.4 125.7 113.1 94.3 84.7 78.2 74.2 74.1 73 68.5 61.7 62.5 59.7 53.8 46 41 37.7 32.9 30.2 26.8 25.2 22.8 19.4 18.7 17.5 18.4 18.5 12.1 0.4
127.9 123.6 123.5 129.4 139.9 142.2 142.4 141.8 140.6 138.9 135.6 126.7 116.6 111.3 107 106 105.8 107.4 108 107.9 107.3 108.7 115.3 123.9 126.7 126.2 125.7 124.8 123.5 122.1 117.6 108.4 104.9 104.8 106.7 111.8 115.7 119.5 122.2 125.6 130.2 132.9 133.5 133.6 132.6 131.3 130.6 131.8 136.2 140.9 141.4 138.1 117 103.4 100.8 92.5 84.4 75.6 69.9 67.6 66.7 64.4 63.3 62.9 59.6 57.3 57.7 46 37.9 29.3 29.6 30.6 27.3 23.2 19.2 18.1 18.4 17.1 16.3 17.6 13.2 1 -1.1 -1.1
127.5 125 129.8 140.6 143 143.1 142.8 141.2 139.9 136.4 131.8 121.3 113.6 109.8 108.1 108.8 112 114.7 121.9 120.1 114.7 113.3 116.4 122.8 126.2 125.6 124.8 123.8 122.9 121.6 119.9 114.4 109.2 106.2 106.5 109.2 113.4 116.3 118.1 120.4 124.1 125.8 126.4 127.5 128 128.8 130 133.7 139.5 122.6 108 91.8 75.8 73.3 70.7 71.2 71.4 69.9 64.9 62.3 56.2 52.3 47.6 52.2 52.2 51.8 43.6 36.1 27.9 26.5 25.2 20.3 18.6 18.5 17.5 17.1 15.9 15.6 18.1 -1.1 -1.1 -1.1 -1.1 -1.1
128.4 128.4 139.9 143.2 142.5 142 141.6 140.2 138.6 135.2 125.7 116.8 112.1 110.2 110.7 112.5 119.5 126.7 128.5 127.3 125.5 123.4 119.5 123.7 125.1 124.5 123.7 122.4 122 121.1 119.5 117.8 114.8 110 108.5 108.6 110.9 113.7 114.9 116.1 118 119.4 120.9 122.1 122.9 124.9 119 100.5 81.3 71.6 72.4 69.2 69.1 67.8 65.7 62.7 60.1 58.3 57.1 52.5 48.7 45.9 44 45 44.2 39.7 35 26.4 21.6 19.8 19.6 18.9 21.1 21.2 21.1 22.6 21.1 4.3 -1.1 -1.1 -1.1 -1.1 -1.1 -1.1
128.5 136 142.4 142.1 141.4 140.7 139.9 138.3 136.5 133.7 122.5 114.2 112.4 111.5 113.3 120.6 128.3 129.5 128.8 128.3 127.3 126 122.6 123.4 123.6 123.3 122.6 121.4 120.6 120.3 119.1 117.8 116.3 112.5 109.1 108.1 110 111.5 112.3 113.3 113.3 114.2 115.6 116.7 117.3 89.4 77.8 74 72.2 68.8 67.3 64.1 59.9 58.4 55.7 53.9 51.9 50.1 45.9 43.3 40.8 42.1 38.1 36.6 37.7 32.4 25.4 21.2 19.7 20 23.7 25.8 20 21.7 20.3 17.9 13 -1.1 -1.1 -1.1 -1.1 -1.1 -1.1 -1.1
133.6 141.5 141.9 140.8 140.1 139.3 138.1 136.7 134.2 129.5 118.3 109.7 111.4 113.3 119.8 129.4 129.8 129.2 128.2 127.5 126.8 125.3 123.7 123.4 122.2 121.5 121.6 120.3 119.3 119 117.8 116.9 115.4 112.1 110.1 110.7 110.5 110.2 110.4 109.6 109 107.7 109.3 85.5 76.8 76.6 73.1 67.9 62.6 59.1 58.5 55 51.5 50.9 49.1 46.3 42.6 41.5 38.2 38.6 38.6 34.5 30.7 26.8 24.1 21.2 22 21.2 20.3 20.9 23.1 22.6 27.6 33.1 31.2 28.8 -1.1 -1.1 -1.1 -1.1 -1.1 -1.1 -1.1 -1.1
