UK/data/nj/nj11_OST50GRID_20230518/NJ11.asc
ncols 200
nrows 200
xllcorner 310000
yllcorner 810000
cellsize 50
[rows 70 to 104 of 200, columns 78 to 155 of 200]
525.3 534 541.5 547.8 552.3 554.6 553.2 550.7 547.4 543.6 539.9 536.3 532.1 528.2 523 519.1 515.9 514.1 510.8 507.7 502.8 496.6 489.4 482.8 476 467.7 457.8 447.6 439.3 432.2 425.5 420.3 416.8 412.5 408.1 401.9 370.8 341.8 326.7 333.6 373.2 396.9 392.3 390.5 374.7 361.1 349.6 343.2 348.9 347.1 332.9 317.4 317.9 318.1 318.3 318.4 324 340.2 353.3 361.1 370.8 381.6 396 410.4 421.3 431.6 447.6 459.4 470.5 478 486.5 492.3 496.5 499.7 501.2 501.1 499.2 496
527.5 535.1 542.9 548.4 552.4 554.9 553.6 550.7 547.3 543.9 540.2 536.9 534.7 531.2 526.4 521.9 519.2 517 514.2 510.7 505.3 498.5 490.9 484.4 477.5 469.4 460.4 449.8 441.4 434.1 429 424.4 420.7 417.2 414.5 412.2 392.6 358.3 326.8 336 373 398.7 392.1 384.2 372.5 359.4 349.6 350.1 350 344.6 331 318 318.5 319.3 318.9 319 318.8 327.3 342.3 355.7 364.3 368 380.3 395.7 406.4 416.6 438.5 453.6 465.8 474.5 483.3 489.5 494.4 497.7 499.3 499.4 498.2 495.8
529.3 536.7 543 548.8 552.7 554.6 553.5 550.7 547.1 543.6 540.5 538.2 536.1 533.2 528.3 524.6 521.3 519.3 516.4 512.6 506.8 499.8 492.4 485.3 478.6 471.4 462.2 451.9 443.4 436.8 431.7 427.6 424.6 410.5 398.1 402.2 371.1 340.3 325.6 353.3 389.9 395.7 390.6 383.9 366.9 357 356.9 356 351.4 347.6 338.3 321.1 318.5 319.2 319.3 319.8 319.4 319.1 346 364.5 377.8 387.9 392.5 402.3 413.7 423.9 441.1 452.6 464.5 473.9 481.6 488.2 492.9 495.9 497.5 497.8 496.9 495.4
530.3 537.3 543.4 548.6 552.8 554.5 552.8 550.1 546.7 543.3 540.3 538.4 536.6 534 531.6 526.9 523.4 520.7 517.6 513.1 506.8 499.7 491.5 485.1 478.4 471.4 462.6 453.8 445.6 439.4 434.7 430.4 411.6 402.9 377.1 350.7 350.3 328.8 341.9 379.6 395.8 390.7 388 377.8 359.7 363.7 364.2 362.6 356.5 351.4 342.8 330.5 320.8 320.5 320.6 320.9 320.9 319.1 331.5 358.2 379.1 391.8 401.8 412.7 423.9 434.2 444.4 454.3 464 474 481.4 487.4 491.6 494.3 495.6 496.1 495.6 494.1
529.7 536.5 542.4 547.8 551.5 552.7 551 548.5 545.7 542.5 539.9 538.1 536 533.8 531.7 527.9 524.2 521 517.4 512.3 505.3 497 490.1 483.4 477.4 470.7 462.7 453.7 447.4 442.3 437.9 423.2 404.5 396 366.6 332 338.5 341.8 377.8 399.6 395.3 387.8 381 369.9 370.4 371.7 372.9 371.7 364.9 357.1 349.4 336.6 320.8 321 321.7 321.8 321.8 321.3 319.7 334.4 366.2 390.1 406 418 428.7 439.5 448.8 457.7 466.6 474.9 481.7 486.5 490.2 492.4 493.4 493.9 493.7 492.6
527.7 534.6 540.8 546 549.3 550.6 549 546.7 544.1 541.4 539.1 536.6 534.2 531.8 529.3 526.2 523.2 519.7 514.8 508.9 501.9 493.4 486.7 480.8 475.1 468.5 460.9 453.7 448.5 443.9 439.8 423.6 399.9 387.3 357.2 330.6 355.9 389.8 406 406.7 399.4 388.3 377 373.1 377.5 379.5 380.8 380.7 376.8 367.9 358.5 343.4 326.5 322 321.8 322.3 322.5 321.8 321.9 320.4 349.3 375.2 404.5 421.7 433 442.8 452.2 462.3 470.4 476.2 480.9 485.2 488 489.4 490.4 490.8 490.5 490.2
524.9 531.9 538.5 544.1 546.7 548 546.4 544.2 541.9 538.9 536.5 533.9 531.3 528.5 525.2 522 519.1 515.3 509.6 502.9 495.5 488 482 476.6 471.4 465.1 458.4 453.5 448.9 444.7 440.5 418.2 384.4 381.6 368.3 333.8 354.6 399.3 414.6 408.4 400.9 385.1 377.8 379.7 384.5 386.8 388.6 390.2 388.9 382.8 372.5 352.2 336.1 322 322.3 322.6 322.8 322.3 322.3 320 336.2 365.4 402.2 423.4 436.6 446.7 457.2 465.7 472.9 477.1 480.9 483.4 485 486.1 486.6 486.8 486.9 487.5
521 529.1 535.4 541.7 544.4 545.5 543.9 541.7 539.5 536.3 533.5 530.5 527.7 524.2 520.6 517.5 514.4 509.1 503.1 496.7 489.2 482.3 477.1 472.7 467.8 461.6 456.9 452.5 448 443.5 433.6 396 367.1 367.3 361.5 334.6 351.9 403.6 410.1 401.2 395.6 397.2 383 386.2 390.1 392.1 394 397.4 399.1 394.4 381 358.9 343.1 328.6 323.2 322.9 323 322.9 322.9 319.9 332.3 362.2 396.9 421.8 439.3 450.2 460.5 468.9 474.1 477.4 479.5 480.7 481.4 481.5 482.1 482 482.3 483.2
515.5 524.7 531.4 538 541.3 542.6 541.6 539.8 537 533.6 530.2 526.9 523 519.3 515.6 511.6 507.8 502.7 497.2 489.8 483.1 477.1 472 467.8 463.5 458.9 454.7 451 446.3 438.3 407 382.7 348.1 335.7 334.4 332.9 364.3 410.6 403.6 403 397 401.2 389.2 392.6 396.1 398.2 400.5 404.3 405.4 400.8 384.1 364.9 348.1 331.2 324.3 323.6 323.6 323.4 323.2 323 334.3 359.1 392.1 417.7 438.9 452.3 462.7 470.2 473.9 475.4 476.2 476.9 477.9 477.1 476.8 477 478 478.9
508.3 519 526.5 533.6 537.9 539.8 539.2 537.7 534.7 531 527 522.4 518 513.9 510.3 506 501.6 496.6 490 483.1 477.6 472.1 467.1 462.7 458.4 453.5 450.4 447.1 443.5 428.7 403.2 377.5 349.8 347.1 357.1 349.9 402.2 405.3 403.2 402.6 404.6 399.9 396.6 398.6 401.5 404.5 407.5 409.9 411.4 406.3 390.3 371.6 353.1 339 326.9 324.3 324.2 323.8 323.3 323 332 356.6 388.4 413.4 436.9 452.1 463.1 469.6 470.7 471 471.1 471.9 472 472 471.2 471.3 472.4 474.6
501.5 511.3 521.1 529.1 534.7 536.7 537 535.2 532.3 528.1 523.8 518.1 513.1 508.7 504.5 499.5 495.1 490.3 484.3 478.2 473 467.7 462 457.6 453 449.4 446.1 443.2 438.1 421.9 409.6 375.2 354.5 341.3 365 400.9 408.5 403.8 406.4 405.7 408.2 403 401.3 403.9 406.6 410.1 413.2 415.5 415.6 411.7 396.5 377.4 356.5 342.3 331.3 325.5 324.8 324.4 323.9 323 320.4 351.2 385.5 411.5 434.8 451.1 460.9 464.8 465.9 465.8 465.3 464.1 463.6 464.5 464.5 465.1 466.6 469.4
495 506.4 515.1 523.9 530.9 533.7 533.9 532 528.8 524.8 519.8 514.4 508.9 504.2 499.4 494.1 489 484 479.1 473.5 468.5 462.8 457.9 452.9 448.6 445 442.3 439.4 434.2 427.3 405.9 382.2 369.6 352.5 363.3 392 413.9 413.4 414.9 414.2 410.9 408.4 408.3 409.9 412.9 415.7 418.7 420.8 419.7 415.1 401.5 381.3 362.2 346.2 333.8 329.5 327.3 325.4 324.4 321.5 327.6 349.6 381.9 406.4 429.1 447.2 454.4 457.4 458.5 458.5 457.5 455.9 455 455.6 456.4 458.2 460.6 463.9
488.7 499.9 510.4 518.3 525.6 530 530.6 528.6 525.7 521.8 516.5 511 505.2 500.5 495 489.2 483.4 478.1 473 468.5 463.3 458.1 452.6 448.8 443.4 440.6 438 436.6 431.5 425.1 412.1 384.2 355.1 345.8 378 405.6 416.8 421 420 417 417.8 414.5 415.1 416.2 418.7 421.3 424 425.4 423.5 417.6 406.5 387.3 367.9 350.4 335.2 329.7 329.7 329.2 324.7 321.8 327.2 348.9 378.2 400.7 424.4 440.8 445.7 448.2 449.6 450 448.9 446.6 445.8 446.1 447.6 449.9 454.2 459.5
481.9 492.9 503.9 512.9 520 524.4 526.2 524.9 522.6 519.1 514.3 507.9 502.5 496.7 491.1 485.4 479.1 473 468.3 463.1 457.9 452.6 447.8 443.3 440.3 437.4 433.7 431 428.3 424.3 404.3 368.8 347.8 373.4 400.3 419.4 424.7 424.8 425.8 423.3 422 421 419.6 421.9 424.3 426.5 428.7 429.2 427.9 420.3 407.2 388.7 372 355 338.6 329.8 330.5 329.6 324.9 324.8 328.2 349.7 374.8 395.8 416.9 429.8 435.4 437.7 438.4 439 437.8 435.4 435.3 435.4 435.3 439.9 448.3 455.4
474.4 484.9 496 505.3 512.5 518.2 521.3 520.9 519.4 516 510.9 505.2 499.6 494 488.1 482.1 475.9 470.2 464.7 458.5 453.1 448.6 444.8 441.1 438 434.2 428.7 423.7 421.8 416.4 382.9 347 370.8 394.2 420.6 426.2 429.2 431.1 430.6 429.1 428.3 425.8 426.1 427.3 429.1 431.1 433 433.8 431.5 423 407.9 389 371.4 353.1 341.7 339.7 330.1 329.5 326 326.9 335 352 370.5 388.3 404.6 415.4 421.8 423.7 425.2 426.3 425.2 423.3 422.9 424.3 423.4 434.4 443 450.4
465.4 475.7 486.6 496.3 503.8 510.8 515.3 516.7 515.9 512.9 508.2 503.3 497.9 492.1 486.1 480 473.8 468.1 461.9 454 449.7 446.4 442.5 439.2 435.8 431.6 428.4 419.4 416.1 391.7 350.5 392.3 406 411 430.4 434.4 436.8 437.2 436.8 435.5 434.7 433.9 431.3 431.9 433.8 435.5 437.2 436.7 432.3 423.8 408.9 387.2 368.5 352.5 346.5 344.9 332.7 328.5 327.5 327 328.5 343.6 364.2 378.8 391.5 400.9 406.2 409.4 410.2 411.6 411.3 410.6 410.8 411.6 420 429.6 437.8 445.2
456.4 465.7 475.8 485.2 494 501.7 507.9 511.5 512.2 509.8 505.6 501.1 496.8 491.3 484.7 478.2 472.5 466.3 459.8 453.8 448.3 443.5 439.9 437.9 433.5 436.4 426.1 419.5 382.4 354.9 383 413.7 428.8 434 437.8 442 444.6 444.5 444.3 442.3 441 438.4 436.6 437.2 438.4 439.9 440.7 438.4 432.5 423.3 406.4 385.5 367.6 354.6 351.7 344.2 332.7 326.6 325.8 323.3 337.3 346.9 340.3 359.5 377.9 385.8 391.1 394.7 396.5 398 398.2 391.6 395.2 404.5 409.3 418.1 423.3 435.3
451.3 457.3 466.2 474.2 483.5 492.2 499.3 505.1 507.6 506.1 502.9 499.6 495.8 491.2 483.7 476.9 471.8 466 459.9 454.9 449.8 446.1 447.9 446.3 443.4 431.7 413.9 374.7 371.7 394.5 419.4 437.2 436.8 439.3 444.2 449.1 451.2 451 450 448 445.9 442.1 441.2 441.9 442.6 443.3 443.3 440 432.8 421.1 404.3 383.3 366 355.4 352.2 341.2 328.2 327.1 326.5 326 335.5 356.1 360.3 347 360.9 370.5 374.3 375.4 379.2 380.2 383.1 398 406.3 415.3 422.7 430.2 437.3 444.3
450.7 451.8 457.9 466 473.8 482.5 490.2 496.4 499.4 500.7 499 497.2 494.9 491.1 483.3 476.6 471.6 466.1 461.2 456.8 451.4 451.1 450.8 447 431.7 394.2 357.6 386.2 412.1 426.7 436.8 437.6 441.6 444.8 450.8 455.6 457.6 456.6 455.1 452.6 449.7 445.6 444.7 445.3 445.9 446.6 445.5 440.7 432.7 421.1 408.6 393.4 370.2 356.4 348.4 332.9 328.4 327.8 327.5 324.1 332.1 361.2 369.5 368.3 365.6 365.6 371.7 378.1 385.7 391.2 400.3 409.6 415.9 424.8 430.9 436.5 442.9 451
451.5 452 452.9 458.7 466.3 473.9 483.5 487.4 490.8 492.4 494.1 495.1 494.4 490.2 483.3 476.7 471.3 466.6 463.8 467.3 463.3 455.3 450 439.3 403.7 360.7 405.5 426.9 427.8 442.2 441.9 441.9 446 450.6 457.1 461.6 463.3 462.1 459.4 456.7 453.2 448.6 447.3 448 448.9 449.2 446.8 441.2 432.8 423.1 413.2 403 379.3 360 347.9 332.6 328.6 328.4 325.8 326 336.2 365.5 377.4 381.4 383.4 384.2 387.5 393.3 402.5 411.5 416.1 420.8 426.5 431.3 436.9 443 450.3 457.6
452 452.8 455.2 460.5 461.5 467.6 476.1 481.2 485.9 488 490 492 493.2 490 484 477.1 470.9 467.9 467.8 467.9 464.3 437.7 414.9 392 376.1 384.7 432.5 441.8 444.5 444.3 440.7 445.5 450.4 456.3 461.8 466.4 468.1 466.7 463.4 459.9 456.6 452.5 450 450 450.6 449.5 446.8 440.5 432.1 422.4 413.3 400.9 389.2 368.5 350.3 332.3 328.9 328.6 326.2 326.6 341.7 371.4 385.6 394.7 398.1 399.7 403.8 409.5 419 423.4 426.6 429.6 434.7 438.7 442.9 449.5 458.4 462.7
452.6 454.2 457.5 458.7 461.8 464.1 470.8 478.2 482.5 484.4 486.9 489.7 490.9 489.4 484.5 477.2 471.2 468.2 467.6 468.2 440.2 403.2 369.4 390.3 405.2 413.4 433.5 450.5 445.9 444.2 445.2 449.1 455.2 461 466.4 470.5 471.8 470.2 466.9 462.8 459.1 455.2 451.6 450.8 449.4 446.7 443.3 437.7 429.3 421.2 412.8 401.9 395.9 381.7 356.1 333.5 329.4 329.1 326.6 327.6 353.1 376.5 392.8 404.4 411.4 413.1 414.4 419.8 427.8 432.3 435.4 439.4 443.7 447.6 451.1 457.5 463.8 467.3
454.2 458.1 462 461.4 462.4 465.4 470.8 477.1 480.9 482.4 484.2 487.2 489.9 489.9 482.7 469.1 461.5 459.2 466.7 455.4 418 392.1 407.1 429.6 445.7 449.7 447.9 451 446 446.2 448 451.9 459 465.6 470.9 474 475.1 473.2 469.6 465.3 460.9 456.3 451.8 448.6 445.8 440.8 436.6 431.6 426.9 417 407.4 401.3 394.5 382.8 356.3 334.6 329.7 328.6 327.4 334.1 361.8 385.8 402.4 412.8 421.5 421.9 424 429.2 435.8 440.3 445.2 448.6 452.4 455.3 458.7 463.5 467.4 470.8
456.3 460.4 462.9 463 464.3 464.6 468.6 476.3 480 481.1 482.3 485.8 489.4 489 461.9 431.9 433.3 449.2 454.8 425.4 391.4 384.7 430 454.5 456.4 455.2 454.6 450.3 449.8 450.6 452.2 455 462 469.3 474.5 477.2 477.6 475.2 470.7 465.7 460.8 456.1 450.8 445.6 439.5 435.2 432 427.7 422.9 412.9 404 397.2 394.9 383.8 355.8 333.1 329.7 328.7 325.9 344.2 369.1 393.9 411.3 420 426.3 429.8 432.5 438.2 444.3 448.9 454.4 457.3 460 463 466.3 469.2 471.9 474.3
462.1 461.8 463 462.4 463.9 465.2 466.7 473.2 478.5 480.1 480.8 483.9 485.1 478.5 435.6 399 383.2 396.9 387.7 396.5 396.3 426.2 459.5 460.3 458.2 457 454.5 453 453.8 454.4 456.5 459.2 465.5 471.8 476.3 479.1 478.6 475 469.4 464.2 459.2 455 448.6 441.7 434.6 429 426.2 423.1 417.9 411.2 402.2 397.6 394 379.6 350.5 330.8 330.1 329.5 328.5 351.5 379.8 399.7 414.4 424 431.4 437.1 442.4 448.3 453.3 457.7 461.5 464.8 467.1 470.3 473.7 475.1 476.3 478.5
461.9 463.6 463.5 462.4 463.8 465.5 466.6 470.8 475.5 478.1 478.6 480 484.9 459.9 410.1 404.6 439.1 434.1 413.4 407.8 432 461.3 461.4 461.8 460.7 459.4 459.4 459.1 458.8 459.1 461.1 464.1 468.4 473.4 477.1 478.9 477.5 472.5 466.6 461 456.1 452.1 444.4 436.6 428.4 425.5 420.4 416.9 412.7 408.2 401 392.2 378.9 370.5 344.3 331 330.6 326.8 335 358.6 381.2 405.2 419.7 429.5 436.8 442.4 450.9 456.6 461.9 467.7 471.2 471.7 473.2 475 477.7 479.9 480.5 481.2
464 463.5 463.6 464.1 465.1 466.1 468.5 469.5 472 474.9 475 476.6 459.6 418.8 393.7 431.8 464.7 453.2 437.9 445 461.3 461.3 462.4 464.2 465.1 464.9 464.9 464.4 464 463.9 465.2 467.3 471 474.2 477.1 477.3 474.1 467.4 460.8 456.2 452.4 447.8 440.6 431.2 425.6 421.3 416.7 412.5 408.6 404.2 398.1 389.4 372.2 353.4 336.4 330.9 327.5 329.1 343.5 372.4 393.6 410.9 421.3 433.5 441.2 446.6 455.6 463.5 470.3 476.3 478 478.7 479.2 479.9 481.4 482.9 483.8 483.9
468.4 467 466.9 465.5 466.5 468.4 467.8 469.6 470.3 470.8 470.7 473.6 441.2 415 390.4 439.9 468.2 463 455.3 451.7 465.6 466.9 466.3 469.1 470.1 470.2 469.9 469.5 469.3 468.7 470 470.4 471.9 473.9 474.9 473.3 468.1 461.3 456.2 452.5 447.9 442.7 436.5 429.5 422.3 417 412.7 409.2 405.3 398.5 391.2 382.4 364.9 343.8 329.8 328.3 329.9 331.3 354.9 381.1 400.3 412.5 424.1 434.9 443.1 450 460.3 469.1 476.4 481.6 484.5 483.9 483.8 484.1 484.5 484.8 485 485.1
475.8 474.6 472.7 471.3 468.4 467.6 467.8 468.9 469.9 468 468 469 443.5 424.9 391.4 424.1 469.5 468.3 467.9 464.2 470.5 472.2 471.4 473.1 474.2 475.1 475.1 474.9 474 473 473 472.4 471.7 471.7 471.3 468.5 462.6 457 452.4 449.5 444.5 439.4 432.7 426.8 420.5 412.9 409.7 405.7 402.5 392.4 379.5 365.8 353 331.9 329.5 330.6 330.8 344.2 362.8 379.9 397.1 413.8 426.2 435 445 453.3 463.9 473 479.4 484.8 486.7 487.4 486.2 486.5 487 486.4 485.7 485.6
476.7 479.3 478.3 475.7 472.7 471 469 469.6 470.2 468.6 466.4 467.3 445.3 419.2 408.4 436 470.7 472.9 473.8 474.5 476.4 478.2 477.5 477.2 478.7 479.9 480 479.5 478 475.7 474.2 472.5 469.8 467.8 466.6 463.2 456.9 453.6 449.4 446.4 441.6 435 428.9 422.8 416.6 408.2 405.1 402 398.3 386.7 370.7 348 336.4 330.1 329.7 333 333.5 349.5 370 388 401.7 415.5 427.7 436.8 446.4 458.7 466.9 474.6 480.3 485.4 488.4 490.4 488.3 487.9 487.8 487.6 486 484.8
476 478.5 479.2 477.1 474.5 473.8 471.1 470.9 469.7 468.3 466.2 455.7 433.3 393.6 432.5 461.3 473.8 476.1 478.7 480.4 481.8 482.8 482.2 481.3 482.8 483.4 483.3 482.7 480.9 477.2 473.8 470.8 468 463.6 461.5 459.2 452.7 449.9 445.6 442.5 438.1 432.2 424.2 417.7 411.2 404.9 400.5 395.1 388 375.5 357.8 337.6 330.8 331.8 333.2 336.6 339.6 355.9 374 387.5 403 415.8 430.4 442.1 452.4 461.4 470.3 475.9 480.9 485.1 488.7 488.5 485.6 484.9 484.7 484.9 483.7 481.9
475.3 474.1 475.1 473.9 474.3 473.9 469.8 459.8 450.7 460.4 462.8 431.6 398.4 424.7 449.4 471.6 476.8 480.1 483.1 485 486.4 487.2 486.7 485.3 485.7 485.9 485.6 484.7 482.2 477.9 473 469.1 465.3 461.2 457.1 454.1 449.7 445.9 441.2 437.4 433.6 427.4 418.6 412.5 407 402.8 396.3 389 377.8 357.3 345.5 330.5 332.8 335.1 337.7 338.1 354.3 363.2 369 387.7 404.7 422.5 437 448.1 457.4 464.9 472.4 476.9 481.8 484.3 484.5 482.6 480.7 479.5 479.5 480 478.6 477.6
478.3 473.9 473.2 470.8 468.7 468.8 466.1 430.9 405.2 435.2 440.7 409.8 420.3 442.2 457.6 475.2 480 483.9 486.5 488.7 490.4 490.9 490.8 489.6 487.7 487.4 487 486.1 482.4 476.9 471.9 467.8 463.3 459.5 456.2 451.4 447.2 442.4 437.6 433 427.6 421.4 413.2 405.7 400.6 396.8 391.2 378.8 363.3 346.8 330.9 332.8 333.5 336.3 339.2 341.9 353.3 359.7 366.5 386.7 409.9 426 440.7 452 461.6 466.6 472.1 477.2 481.4 480.3 478.6 474.5 470.7 468.8 468.1 468.4 470.4 471.6
480.9 476.3 470.8 469.8 465.6 460.1 452.3 421.2 427 402.6 434.4 399.5 444.7 461.3 469.4 476.7 482.2 486 489.1 491.5 493.4 494 493.8 491.7 488.9 488.6 487.9 486.1 481.5 475.6 470.7 466.8 460.6 457.4 453.8 448.6 443.9 438.8 433.2 427.1 421.9 415.2 407.1 397.5 392.7 390.1 385.9 368.8 351.4 333.4 331.5 333.8 334.6 335.6 343.1 359.9 346.8 351.9 364 386.4 409 424.1 436.6 453.4 462.2 467 471.5 475.8 477.9 474.9 467.1 463.4 452.6 446.1 450.6 453.6 457.3 460.5
483.6 478 471.2 469.7 469.4 470.2 448.3 417.7 444.6 439.4 421.7 430.3 459.7 465.2 470.9 477.4 483 487.6 490.7 493.6 495.3 495.7 495.3 492.9 489.3 488.4 487.7 484.5 480.2 474.1 469.9 465.2 459.3 455.2 450.7 447 442.2 436.9 430.8 421.5 414.5 408.3 398.3 388.8 383.9 380.6 374.5 356.3 335 332.4 333 335.4 336.1 346.3 359.5 365.4 363.9 350.6 363.9 385.5 408.1 425.7 438.4 451.2 460.1 464.4 467.9 469.8 469.4 464.1 452 441.6 444.8 459.3 467.1 468.9 469.6 470.4
