UK/data/so/so04_OST50GRID_20230518/SO04.asc
ncols 200
nrows 200
xllcorner 300000
yllcorner 240000
cellsize 50
[rows 35 to 69 of 200, columns 78 to 155 of 200]
222.9 216.5 211.3 200 199.7 204.4 203.9 204.4 203.1 202.9 203.5 198.1 206.1 219.9 236.6 253.1 265.3 271.9 282.9 293.7 303.4 310.5 318.6 327.2 334.9 336.7 337.9 345.8 344.7 347.3 350.4 349 348.1 349.5 351.5 348.9 343.7 340.9 336.7 332.1 327.2 323.3 318.2 309.7 302 295.5 286.6 276.6 264.8 248.4 219.6 187.5 161.7 144.6 131.8 119.7 115.9 116.3 116.1 115.4 113.2 110.9 116.6 125.3 150.5 169.8 186.3 199.2 211.5 222.9 230.1 240.3 246.9 252.9 262.6 273.7 282.5 290.4
224.9 214.8 202.7 205.8 206.7 209.5 208.3 208.2 207.7 206.9 207.9 203.9 222.4 236.8 261.7 285.3 294.7 298.5 303.6 312.7 333.4 342.2 345.5 348.3 349.7 351.5 351.5 351 352.3 351.7 352 355.6 356.2 354.6 353.8 352 348.7 344.6 340.8 337.1 334.4 330.9 323.9 315.4 308.5 301.5 293.1 284.5 273.5 260.7 237.9 203.6 170.9 152.8 136.7 121.3 115.3 116 116.1 114.9 114.7 110.9 115.8 122 141 158.5 175.3 190 202.2 212.5 221.2 229.7 240.2 246.7 252.7 263.9 272.7 280.3
228.4 214.6 208.7 212.6 213 213.5 213.2 213.1 213.4 211.7 212.4 209.5 230.9 255.7 285.4 307.5 314.7 320 323.5 333.1 351.8 361.5 364 363.7 363.3 361.9 361.3 360.9 364.8 364.1 364.7 361.7 361.1 360.9 361.4 359.3 353.8 348.1 344.1 342.2 339.8 335.2 328.9 321.4 314 307.5 300.5 291.9 281.8 270.7 254.8 223.3 188.2 161.3 144.2 127.6 115.6 115.3 116.3 116 114.8 110.9 116.4 118.3 132 146.5 162 178.6 192.8 202.1 212.4 219.8 230.9 240.8 247.8 254.3 263.7 269.5
235.4 220.2 213.9 217.3 218.1 219.2 219.6 219.1 220 218.3 213.6 223.9 245.8 273.2 299.3 317.6 331.1 338.3 342.2 346.9 359.5 370.9 373.9 372.9 372.5 373.7 372.1 369.8 368.6 369.6 369.3 368.2 365.8 364.9 364.2 360.3 355.7 350.1 346.3 343.9 343.3 339.2 334.1 326.4 319.5 314.1 306.5 297.8 288.5 278.4 266.1 245.2 210.6 176.5 152.7 134.1 116.5 114.7 116.1 115.9 114.5 110.9 117.3 117.4 123.4 136.3 149.6 166.3 181.4 193.8 204.1 213.5 223.3 232.6 240.8 247.2 254.1 260.3
245.9 229.3 219.6 223.1 222.9 224.3 225.3 224 226.8 223.8 219.7 238.6 262.2 287.6 312.2 334.3 350 358.1 362.4 366.1 372.4 382.8 385.9 384.6 382.7 381.3 379 375.6 376.9 378.7 377.5 374.2 370.2 368.9 368.9 366.6 362.2 355.6 349.7 345.1 343.1 341.9 339.9 336.8 330.8 322.1 313.4 304.9 296.7 286.9 276.1 261.2 232.9 198.6 166.1 142.7 121.2 114.9 115.3 116 113.9 110.9 117.5 117.7 118.6 127 138.7 154.5 170 184.3 195.8 207.8 218.5 225.1 233.5 239.4 244.5 250.9
258.3 245.9 227 228.8 229.2 229.5 229.6 230.2 231.6 228.3 233.9 249.4 274 300.2 329.7 351.4 363.9 375.8 381.2 381.1 383.3 384.5 387.5 388.8 387.3 385.2 385.6 385.3 387.1 390.6 390 385.7 382.3 380.4 378.1 375.4 372.3 365 357.6 349.6 342.4 339 338.2 337.8 335.9 331.6 326 316.5 307.9 297.5 287.3 273.6 253.5 220.8 187.1 154.6 126.2 115.4 113.7 115.7 113.3 110.9 117.3 117.5 117.7 119.2 128 141.3 155.2 171.5 186.7 199.9 211.1 218.4 224.3 231.4 235.6 241.7
268.1 255.7 238.9 236.1 235.2 234.1 233.8 234.6 235.2 231.7 236.8 256.5 281.9 317.3 346.2 362.6 370.9 377.9 382.6 385.6 386.7 387.8 393 394.8 394.2 394.8 398.6 399.7 399.8 401.9 401.1 398.5 394.1 389.6 386.5 384.8 379.5 373.3 365.4 357.3 348.3 339.9 335 333.4 331 329.5 328.8 329 321.6 309.9 299.3 287.8 270.3 241.1 207.5 172.8 138.1 117.7 114.8 114.8 114.2 110.9 116.9 117.4 117.4 117.2 119.9 129.5 142.3 157.1 173.7 190 202 210.8 216.8 222.7 227.8 232.3
277.5 265.1 250.4 244.2 240.1 239.5 239.1 240.9 240 233.2 242.7 264.5 295.3 332.6 356.5 368.9 375.5 381 387.1 390.1 391.1 394.5 405.5 409.7 409.3 412.1 415.4 413.8 411.2 410.7 410.2 407.7 404.6 399.7 395.7 391.8 387.5 382.7 375 365.4 356.4 345.4 333.5 326.3 324.3 324.9 322 322.7 327.8 323.3 312.3 301.7 285.9 260 226.8 192 156.9 125.8 116.1 114.2 113.5 110.9 115.9 117.1 117.1 116.8 117.1 121.2 132.5 144.6 157.9 176.3 191.1 201.9 209.5 213.8 218.5 221
286.8 274.5 259.4 253.8 248.4 246 246.4 246.6 243.3 236.4 249.3 275.1 310 343.3 362.2 373.8 381.1 388.5 396.2 400.9 402.5 407.4 417.2 421.4 426.2 427.5 429 426.5 420.2 416.8 415.7 413.5 410.7 405.8 400.3 394.8 389.6 384.2 377.3 370.3 360.6 348.5 336.2 324.8 316.7 318.1 315.9 316.6 319.8 324.4 324.6 314.7 301.3 277.3 247.8 213.5 178.3 143.5 122.4 115.5 113.3 110.9 116.5 116.9 116.7 116.7 116.7 117.4 123.4 133.8 144.6 161.1 178.9 190.5 197.2 201.4 206.7 210.4
296.6 284.5 272.8 263.1 257.5 254.5 252.5 248 242.8 241.1 255.7 284.3 319.9 347.6 368.8 383.8 392 397.6 406.6 411.9 416 421.7 428.6 430.6 437.5 438.1 439 434.9 427.6 421.8 417.1 413.8 410.7 406.3 400.8 394.3 388 381 374.5 371.8 365.8 356.8 344.9 329.1 318.2 308.5 310.1 312 314.3 316.7 322.8 322.8 311.5 294.9 269.7 237.5 202.5 167.1 139.8 119.5 113.8 110.9 117.2 117.1 116.7 116.7 116.6 116.6 118.1 123.3 133 145.5 163.6 175.3 182.3 188 194.1 200.1
307.4 296 284.4 271.7 267.1 262.5 254.4 247.1 244.4 245.8 263.8 297.3 329.4 351 374.4 399.4 404.5 410.5 418.3 422.4 424.1 428.2 436.5 438.3 444.2 443.1 440.5 436 430.8 424 417.4 412.1 407.8 403.5 397.7 390.4 387.5 384.4 381 376.1 370.6 362.3 350.4 336.7 322.3 311.9 302.4 305.6 307.1 308.1 312.2 320.5 316.1 306.9 290.3 262.2 228.2 193.4 160 133.1 114.6 110.9 115.4 117.1 116.9 116.9 116.7 116.5 116.8 118.3 124.1 134.4 148.4 160.9 168.4 174.8 181.5 188.4
319.6 307.7 292.8 277.8 269.5 262.1 254 247.9 247.9 252.4 276.9 309.9 334.4 356.1 380.6 402.7 411.4 417.4 425 430.6 431.1 433 439.3 441.9 445.4 444.6 442 438 432.3 426.2 417.3 410.6 403.7 398 395.7 396.7 394.7 390.7 385.3 378.5 370.6 360.8 350.4 339.2 328 315.4 304.9 297.6 300.1 301.3 302.8 307.6 313.3 313.1 305.9 286.4 255.9 221.8 186 157.6 130.8 111.7 110.9 114.9 116.6 116.7 116.7 116.5 116.3 117.6 118.1 125.9 136.9 147.6 154.5 160.6 166.5 170.8
331.7 320.9 303.8 288.4 277.2 265.1 257.1 253.9 256.9 265.6 287.3 316.8 340.5 363.6 388.2 402.9 413.5 421.3 427.1 435.4 438.9 441.4 442.5 443.7 448.8 450.7 448 442.8 435.8 429.1 419.3 408.8 403.3 399.5 399.5 400.6 398.1 392.9 385.6 377.5 367.2 356.4 345.8 335.7 326.2 315.9 305.4 295.1 290 294 296.1 299.2 305.2 307.3 303.7 296.3 282.9 252.8 217.5 185 156.2 134.9 118.5 110.9 114.2 115.9 116.5 116.4 116.2 116.8 117.7 119.1 128.8 137.7 142.8 148.8 154.7 157.2
346.1 337.5 321.4 308.1 301.4 290.5 281.5 275.3 276.4 285.8 307.1 330.3 353.4 376.7 397.3 407.4 418.1 427.5 435.5 440.6 443 445.6 445.9 451.9 454.2 454.2 453.1 448.5 442.8 435.7 427.3 418.1 413.2 409.1 405.3 403 400.1 394.7 387.1 378.7 369.5 359.5 347 338.3 327.4 317.1 306.9 298.1 285 284.2 290 291.8 293.7 296.6 296.6 291.6 285.1 275.4 249.6 218 187.6 158.6 137.5 120 110.9 110.9 115.1 116.3 116 116.2 116.8 117.8 121.6 131.9 135.9 138.9 143.1 143.5
361.2 354.9 341.5 333.6 328.8 320.1 311 302.5 302.2 311.1 324.6 346.2 374 395 407.3 419.2 429.1 435.6 439.2 443.3 447.8 449.6 449.8 456 455.5 455.2 454 451.4 446.7 440.2 432.5 425.1 420.5 416.7 411 406.4 403.1 400.5 395.8 388.7 380.1 370.4 358 347.2 336.6 325.4 314.2 302.8 289.6 274.4 280.3 287.4 286.7 286 288 284.9 279.7 273.2 260.6 241 217.7 188.2 159.8 141.7 119.3 110.9 110.9 113.8 115.7 115.9 116.1 117.3 118.9 123.7 127.7 133.2 134.7 136.2
374.9 367.3 357.1 354 354.3 351.4 342.5 331.8 330.6 338.7 349.7 370.3 390.8 407.2 420.4 426.9 432.7 438 442 446.6 451.2 452.9 452 454.9 456 455.4 453.9 451.9 449.6 443.7 437.1 431 428.3 423.7 418.7 413.5 409.6 407.4 403.3 395.4 387 378.8 370.7 360.9 350 336.2 322.9 306.7 291.8 278.1 269.1 277.8 285.2 280.7 278.9 277.5 272.9 266.4 257.7 245.9 233.1 212.8 186.7 161.9 141 118.7 115.2 110.9 112.3 115.6 115.8 117.3 118.2 121.4 129.9 132.7 133.5 134.5
385.1 376.4 370.5 372 374.1 374.4 370.7 365.1 367.9 372.9 385.9 395.1 408.4 420.9 426.7 428.9 434.2 441.5 447.2 447.7 449.1 451.5 453.7 455 455.4 455.3 454.3 454.4 454.1 447.3 442.4 439.5 437.2 434.3 427.2 422.1 417 413.1 409.4 400.6 390.7 381.6 373.6 363.9 353 340.4 326.5 311.6 296.8 283.2 269.7 266.7 279.8 277.3 271.4 269.6 266.1 260.1 253.6 244.3 234.3 222.5 206.2 183.4 155.3 128.6 117.9 114.7 110.9 110.9 115.1 116.1 117.2 120 130.9 134 134.7 134.7
392.5 385.1 382.9 391 392.7 394.1 395 391.5 394.5 401.9 413.8 418.7 423.5 429.5 431.1 432.5 437.5 446 453 451.5 449.2 449.8 453.2 454.7 454.9 455.4 455.9 457.3 457.4 451.9 446.4 443.4 439.3 435.9 431.2 425 421.7 417.4 413.3 405.5 392.7 382.9 374.6 366 353.1 339.7 327.3 313.4 299.3 287.7 274.1 262.3 270.6 271.6 266.6 263.1 258.7 253.4 247.2 239.7 231.7 221.4 210.2 196.7 172.4 147.2 119.8 116.6 114.5 111 110.9 114.3 116.1 118.4 130 133.6 134.4 134.9
398.6 393.2 396.3 406.5 411.6 416.7 419.1 415.2 417.9 425.4 432.7 435.8 436.1 441.7 441.1 440.4 444.3 451.1 454.5 453.9 451.8 450.5 451.7 453.9 454.7 456.3 458.1 458.9 457 452.4 446.1 441.7 437.5 436.4 432.4 425.7 420.4 417.9 415.5 406.6 394.3 382.3 372.9 364.1 353.2 340.1 326.7 312.5 300 291.2 276.4 265.6 261.2 263.1 260.5 254.8 251.7 246.9 239.8 234.3 228.3 220.2 210.3 198.3 182.3 170.3 134.1 117.2 116.1 114.5 110.9 110.9 114.9 116.9 129.6 133.4 133.8 134.3
403.5 401.9 408.8 416.9 425.2 432.6 433.1 431.7 434.4 439.8 444 447.1 444.3 446 448 450.4 453.1 454.5 455.7 455.9 455.7 454.6 455.6 455.1 454.5 455.2 458.7 458.2 455.9 452 444.8 439.6 434.7 431.8 426.6 420.1 415.3 412.7 410.8 403.8 392.6 381.8 371.7 361.2 350 339.2 328.2 314.4 300 291.1 281.1 271 258.2 246.9 250.5 245.8 242.8 240.1 233.3 227.6 223.3 216.9 209 197.8 184.8 167.7 150.3 118.1 115.6 115.2 114.6 110.1 110.3 115.3 127.6 132.3 133.1 133.6
407.7 410.5 418.2 427.8 439.1 443.1 442.8 441.6 444.9 449.1 451.6 452.5 451.6 449.3 452 455.4 457.9 457.1 458.1 458.2 458.4 458.8 460.4 458.9 455.2 454.6 457.4 457.1 454.1 448.2 441.9 435.1 429.7 423.4 417.2 410.9 407.1 404.9 402.4 399.1 389.7 378.8 369.6 360 348.3 334.6 323.2 312.5 300.8 291.5 285.4 274 259 249.7 231.9 237.3 231.5 230.1 226.8 221.4 217.5 213.5 206.9 196.9 185.4 170.7 152.4 125.1 115.4 115 114.8 113.6 109.9 113.8 119.9 131.5 133.2 135.6
414 418.9 427 440.2 444.6 446.5 446.9 446.9 449 455.9 459.5 459.6 458.7 456.4 455.3 459.5 459.5 457.9 457.5 458.3 458.5 459.3 460.5 459.4 457 457.1 456.6 455 450.4 443.2 436.7 429.9 422.2 415.7 409.1 403.6 399.9 396.6 394.9 394.3 386.7 374.5 363.6 354.7 344.9 330.6 316.7 305.6 296.4 288.4 283.9 276.5 263.9 252.5 239.2 222.4 221.7 220.4 219.9 215.7 212.5 209.5 203.2 194.9 185 171.6 155 132.7 117.4 115 114.9 114.5 113.7 109.9 116.7 130.8 133.7 141
414 422.9 433.1 443.9 446.7 446.8 448 448.1 449.4 459.2 464.3 464.4 463.8 460.8 458 460.9 459.2 456.6 455.7 455.6 455.1 459.6 461.5 460.1 457.9 456.9 455.4 452.5 447.9 441.4 433.7 426.5 418.2 410.5 404.6 399.5 395 392.3 390.8 386.8 379.2 370.4 358.9 351.3 340.4 326 312 299.8 292.4 285.4 279.8 274.1 262.9 251 240.4 228.5 213.4 210.5 212 210.7 208.2 205.7 199.9 194.4 184.3 173 156.7 138 125.9 116.1 114.3 114.9 114.5 109.9 113.9 127.1 133.8 141
408.4 419.5 430.3 442.7 445.3 445 445.5 445.5 445.2 454.8 466.1 467.6 466.2 463.3 459.8 459.5 457.8 455.9 453.3 451.8 453.4 460.1 460.1 458.3 456.7 455 452.6 448.9 443.3 437.1 431.1 424.9 417.7 409.5 403.5 397.7 394.3 390.4 387.3 379.9 372.2 363.7 356.2 348.2 336.6 321.4 307.4 296.2 288 281.3 275.8 271.2 262.1 250.2 237.1 224.1 212 203.5 205.4 205.7 204 201.1 196.5 192.2 182.5 171 157.5 142.1 129.7 119.3 114 115 114.8 113.4 109.9 122.2 132.5 133.6
399.8 411.6 422.6 438.7 441.3 441.1 440.7 440.5 441.5 449.8 461.2 464.9 466.1 464.5 460.9 459.1 460.4 457.6 452.3 451.7 454 461.8 460.1 456.3 454.1 452.1 447.7 442.6 436.8 430.7 425 419.3 413.2 405.9 400 395.3 392.5 385.3 379.1 372.8 365.8 358.3 350.3 342.8 333.2 322.3 310.1 297.8 286.6 278 269.6 265.5 258.6 246.3 232.2 218 209.4 200.9 199.3 202.1 199.7 196.3 193.1 188.5 179.8 168.8 155.8 142.5 129.7 118.8 114.5 114.8 114.7 113.7 109.9 115.9 123.7 119.4
392.5 401.4 412.3 428.3 433 433.5 434.4 435.4 437.9 446 457.3 460.7 462.7 461.8 459.6 457.3 455.3 453 451.5 451.9 457.7 459.3 456.3 452.2 448 444.5 439.6 435 430.8 424.7 420 414.4 408.6 404.3 398 394.9 393.4 389.2 381.1 370.3 359 349.6 342.1 335.2 327 319.2 310.5 300.8 286 274.5 265 258 252 239.9 225.1 211.8 204 200.6 195.8 197.9 198.4 194.4 191.3 186.2 177.2 166.4 153.7 141.5 129.8 118.1 114.7 114.7 114.1 113.7 109.9 115.1 114.9 134.5
381.6 393.2 403.4 418 423 425 428.9 431.5 436.6 446.1 457.6 461.2 463.3 462.4 462.4 457.9 453.1 451.6 451.9 452.1 454 451.7 450.1 445.9 442.6 437 432 429.9 426.4 422 417 411 405.4 402.3 399.8 399.8 396.1 392.7 386.4 379.5 367 351.3 342.6 333.5 323.4 313.5 303.3 295.2 285.5 276.1 264.5 256.5 248.4 234.8 220.3 209.4 201 197.7 193.8 193.9 194.8 191.4 187.1 183.6 175.6 164.6 152.4 140.6 129.3 117.8 115.2 114.5 114.2 111.9 109.9 121.7 131.1 146.8
383.8 393.9 401.4 409.4 415.2 417.6 422.3 427.9 434.4 449.3 455.3 458.6 459.2 458.9 458.1 456.6 454.6 451.1 451.5 452.4 450.5 449.1 446.9 443.5 438.8 433.9 428.8 425.5 424.2 421.3 421.1 416.9 411 405.6 402.1 398.8 395.9 391.5 385.6 379.9 378.1 366.2 345.8 333.7 322.3 313.1 302.2 289.6 280.1 274 266.9 257.4 247.3 234 219.8 206.8 199.1 194.2 191.4 192.2 188.1 186 183.2 180.3 173.9 161.9 152.2 139.7 127.4 117.7 115 114.5 113.9 109.8 116.3 128.9 136.8 143.4
396.4 408.3 414.6 413.1 412.8 415.5 421.6 426.1 438.9 447.5 450.2 450.2 450.5 451 450.8 450.4 450.3 451.2 451.1 453.6 454.3 456 453.1 450.8 446.8 442.5 436.5 433.6 429.5 425.6 419 413.7 408.6 403.2 398.2 394.1 390 387.4 383.6 379.2 377.6 373.1 357.3 338.4 320.3 309.9 302 289.1 278.6 272.7 268.7 259.2 247.4 235.1 221.6 208 198.5 189.3 182.9 185.4 182.4 179.8 178 173.1 164.8 157.3 150.3 137.7 125.2 117.6 114.5 113.8 114 109.3 121.3 132 138.5 145.7
405.3 411.8 419.5 418.7 414.5 416.9 422.2 425.7 436.6 440.8 442.4 442.3 447.4 448.8 451.7 451.2 452.7 457.4 454.6 457.8 457.7 455.6 453.3 450.4 446.1 444.1 438.7 433.2 429.4 424.4 419.4 413.5 407.5 401.4 393.1 387 383 380.6 378.8 377.6 375.8 373.6 365.2 347 329.5 310.9 299 288.7 280.9 273.6 268.3 261.3 249.2 236.7 224.1 213.5 202.6 192 190.3 192.6 192.2 190.3 184.6 176.5 160.5 151.6 146.9 135.7 126.2 118.8 113.9 113.4 110.5 109.1 128.9 133.5 139.2 148.7
407.4 412.8 417.7 417.9 415.7 417.6 422.5 426 430.3 436.8 439.1 444.6 455.2 458.6 458.5 461 459.4 458.3 455.9 455.7 454.5 451.6 449.3 445.9 441.7 438.8 434.4 427 424.8 420.2 418 416.1 413.9 411.8 401.1 395.3 387.6 382.3 377.9 373.1 370.5 367.5 362.7 352.1 339.9 322.3 307.2 295.1 287.1 276.9 266.6 259.1 248.5 235.5 223.8 213.9 206.1 200.9 199.3 199.9 201.2 198.4 190.5 180.5 168.3 148.5 135.7 133.7 124.8 118.5 113.3 113.4 109.1 121.1 133.6 133.8 139.3 153.8
411.5 416 415.2 414.4 414 415.3 420.6 425.3 435.8 449.7 451.7 451.2 455.2 458.7 460 459 458.7 459.2 459.9 454.2 452.5 449.4 447.7 446.8 443.5 441.9 437.6 432 426.5 425.6 420.7 416 414.9 415.7 409.6 400.7 395.7 387.8 382.4 377.6 372 366.7 361.9 354 343.5 329.8 317.6 304.5 294 283.8 271 260.1 250.7 239.2 229.7 221.2 217.2 213.1 212 211.3 212.7 208.8 200 187.3 174.3 165.3 145.7 121.4 119.3 117.5 112.8 112 109.1 131.2 135.7 134.1 139 160.7
411.5 413.6 416.1 413.2 413.4 414.3 418.3 424.6 443.6 451.3 450.3 450 452.6 453.7 457.7 462.4 464.7 465.1 463.1 458.1 457.3 457.1 452.3 449.5 447.1 444.8 438.6 430.3 427.9 425.7 421 416.4 417.3 420.6 416.7 408.5 400.3 395.7 390.7 387.7 384.6 378.5 367.2 355.4 346.2 331.4 319.4 311.4 299.4 287.8 276.4 265.9 256.6 250.3 242.5 234.4 231.1 230.5 229.3 229.3 228.1 222.3 214.1 199.6 180.8 173.8 153.1 130.2 123.3 117.1 112 109.1 113.7 134.1 133.4 134.1 141.6 159.5
411.5 411.5 414 413.5 413.4 414.9 423 429.1 443.3 448.1 447.5 447.6 447.8 454.6 463.4 467.7 467.5 465.7 463.6 460.1 460 459.8 455.3 450.2 449.2 445 437.2 431.2 430.5 429.3 424.5 419.3 420.9 422.6 419 413.8 406.6 400.7 394.7 390.1 387.5 384.3 377.1 363.5 346.7 334.4 322.6 311.7 300.7 290.7 280.1 270.9 264.9 261.3 256.3 252.6 251.5 248.7 243.9 237.1 230.2 222.8 217.7 201.4 180.9 170.9 150.9 130.4 124.6 119.8 112.4 109.1 121 131 132.5 137.5 158.8 166.9
411.5 412.3 414.2 414.1 414 427.7 437.9 438.1 445.7 448.9 447.7 448 448.8 456.8 466.4 468.5 468.5 467.4 465.8 463.7 464.3 461 456.4 452.6 453 451 442.8 438.3 435.7 434.2 430.3 425.8 422.4 421.5 419.8 416.4 413.6 406.2 399.4 392.1 388.2 384.2 378.3 369.9 355.1 341.1 329.2 316 305.7 298.1 290.6 282.7 278.2 276.5 275 271.9 267.9 259.9 247.8 232.9 221.8 214.7 209.1 196.5 177.6 165.6 145.6 129.2 125 120.8 109.1 111.6 118.6 130.2 132.5 141.7 168.1 187.8
