WholeMapElevations/data/ns/ns79_OST50GRID_20230518/NS79.asc
ncols 200
nrows 200
xllcorner 270000
yllcorner 690000
cellsize 50
[rows 0 to 39 of 200, columns 0 to 89 of 200]
48.3 49.2 47.9 46 45.1 45.4 45.6 45.3 47.8 50.2 51.6 52.2 53.4 53.8 53.9 53.7 53.6 53.6 53.1 51.7 52 50.1 48.6 47.5 46.4 44.1 44.8 50.4 50.6 51.4 52.9 54.3 54.2 52.5 50.6 50.3 49 45.9 42.6 40.5 37.6 36.6 36 34.9 34.4 34.7 34.4 33.7 32.7 33.3 34 33.3 36.5 38.4 36.5 34.8 30.6 23.9 16.9 17 17 16.9 16.5 16 15.8 15.7 13.4 13.1 12.8 12.3 12.1 13.3 19 29.5 33.5 37.6 43.5 46.2 48 49 50.6 51.5 52.8 51.9 48 48.9 52.8 58.7 65.4 69.5
48 46.9 45.2 44.6 43.5 43.2 44.5 44.3 43.9 45.2 46 47.6 47.5 48.8 49.7 48.6 49.1 49.3 48.1 46.9 46.9 46.2 45.7 44.9 43.8 43.4 49.3 54 54.9 55.2 56.2 56.4 55.3 53.2 51.2 49.6 48.2 44.6 41.5 39.3 36.7 36 35.5 35.1 34.6 34.2 33.6 33 33.3 34 34.8 34.7 39 40.7 40.6 40.5 38 32.9 26.8 19.1 17.8 17.6 17.2 16.5 16.3 15.6 13.6 12.4 12.2 11.7 12 12.9 15.3 24.5 30.2 34 38.4 44.9 48.9 50.4 51.1 50.9 51.6 50.6 47.4 47.8 50.8 56.6 62.8 67.1
43.9 45 43.1 42.3 42.3 42.8 41.8 44.2 44.7 44.2 47.5 47.7 48.2 48 48.1 49 48.5 48.2 45.7 43.6 43.1 43.7 43.9 42.6 41.6 45.6 52.7 56.2 57.6 58.5 59.5 58.8 56.7 54.3 52.1 50.3 47.9 45.2 42.6 40.6 37.4 36.2 35.9 37.9 37.6 36.5 35 35.4 34.7 35.2 34.9 34.9 36.1 37.8 40.9 43.3 42 38.8 34.8 26.9 18.2 18 17.8 17.2 16.5 14.8 12.1 11.3 11.3 11.6 12 13.2 13.9 18.2 24.1 29.8 33.6 37.9 40.8 46.1 48.2 49.4 50.1 50.7 48.5 46.7 49.7 53 58.9 64.6
44.4 44.8 44.5 43.1 42.1 41.9 41.1 42.1 43.4 44.3 48.4 50.4 51.2 53.2 53.9 54.2 53.9 53.3 52.7 50.3 49 45.8 44.1 41.7 42 47.5 50.7 54.3 56 58.6 59.6 58.5 57.3 55.3 53.1 51.1 49.3 46.4 43.5 40.8 38.2 36.2 35.6 37.2 36.1 35.7 36 35.2 34.9 35.2 35 34.7 34.8 36.8 37.6 38.5 39.8 40.5 37.9 32.4 25.6 19.3 17.7 17.4 16.6 14 11.1 11.5 11.1 11.6 12.1 10.7 13.1 14.9 17.7 23.4 28.7 32.6 35.2 37.2 41.5 45.3 46.7 47.5 48.1 44.3 47.4 50.4 53.3 58.8
48.2 48.7 49.1 47.1 46.3 44.6 44.4 44 43.5 41.8 44.5 49.6 53.1 56.7 58.5 59.8 60 59.2 58.9 57.5 54.9 52.3 49.7 45.8 40.7 40.6 46 49.3 51.1 52.7 53.7 53.6 52.7 51.8 50.4 48.4 46.6 44.9 42.5 38 37.2 36.8 35.8 36.1 35.7 35.5 35.9 35.4 34.7 34.8 35 35 35 35.8 36.2 34.9 35.2 36.1 36.7 33.5 30.6 24.8 19.2 16.8 13 11.1 11.1 11.1 11.7 12.4 12.7 10.7 12.1 13 13.6 17.9 25.2 29.9 32.1 34.5 35.7 37.4 40.3 43.3 44.9 46.1 43.4 45.4 46.9 50
51.1 50.7 50.2 47.9 47.1 47.1 47.4 47.2 46.5 45 40.3 43.7 47.2 51.5 55.7 58.6 60.7 61.2 61.8 60.1 57.1 55.1 53.1 50.1 44.9 40.8 39.1 42 43.1 43.5 44 43.9 43.5 42.5 41.4 40.8 40.9 40.2 41.2 40.9 40.8 35.6 37.3 36.9 36 35.7 35.8 35.3 33.9 35.2 35.8 35.1 36.7 38.8 37.3 37.1 36.1 34 32.2 30.8 29 24.1 20.5 13.4 11.1 11.1 11.1 11.1 11.4 12.1 12.6 11.4 12.9 13.1 12.5 13.8 21.3 25.9 29.1 31.7 33.5 34.7 35.7 37 40.7 43.7 46 45.5 44.1 42.8
47.3 46.8 47.2 45.4 44.4 44.7 46 45.6 46.2 46 43.1 39 42.1 44.9 46.9 49.4 52 53.3 53.6 54.3 52.3 50.8 49.1 46.6 42 40.5 38.2 37.5 37.4 37.3 37 37 36.9 36.5 35.8 35.5 37.1 39.3 40.6 43.4 42.6 43 43.4 42.4 41.6 39.4 37.2 35.9 34.9 34.7 34.6 35.5 38.2 41 42.2 41.9 40.8 38.1 35.2 32.5 29.4 23.9 19.1 11.1 11.1 11.1 11.1 11.1 11.4 12 12.6 11.7 12.5 13 13.1 13.1 18.3 21.6 23 26.3 29.1 32.3 33.7 35.2 36.7 38.7 41.6 44.9 45 43.9
41.5 40 39.5 39.8 39.8 38.6 39.5 41.4 41 39.7 38.8 36.9 38.4 42.1 45.1 46 47.7 47.4 48 47.4 45.7 43.8 44.6 41.2 38.5 37.7 36.9 36.4 36.7 36.2 35.9 34.7 34.3 34.2 33.5 34.2 34 35.3 37.8 42.8 42.9 43.5 44.3 44.3 45.3 43.7 41.4 37.8 36.2 34.8 34.5 34.8 35.4 39.3 43 44.2 43.3 40.3 36.4 33.5 30.4 25.7 19.2 11.1 11.1 11.1 11.1 11.1 11.5 12 12.5 11.7 12.1 13.2 13.2 13.1 15 19.9 20.2 21.3 24.1 26.5 29 33.5 34.7 35.1 37.3 39.4 41 41.6
38.9 39.2 36.5 38.5 39.6 38 37.8 38 37.3 37.3 36.7 37.3 38.2 44 46.8 48.2 51.7 52 51.1 50 50.7 47.6 46.4 44.6 41.9 37.9 37.2 36 36.6 37 36.3 35.2 35.1 35.1 33.5 34.4 34.7 34.3 34 35 37.3 40.4 40.5 38.9 38.8 38.6 38.9 35.4 34.3 34.5 34.3 33.9 34.2 35.6 38.1 40.4 41.2 37.8 34.5 32.1 28.7 23.9 17.3 11.1 11.1 11.1 11.1 11.1 12.1 11.9 12.3 12.9 11.2 12.7 13 12.6 14.2 16.8 18.2 19.1 21 22.7 24.4 28.1 30.5 32.2 34.2 36.2 38.3 39.5
36 37.5 36.1 35.2 36.4 40.2 41.4 41.6 40.5 39.7 39.8 38.4 37.9 42.8 46.8 48 50.2 51.8 51.5 50.6 50.9 50.7 49.1 46.7 44.9 43.6 40.7 37.5 34.5 35.7 35.3 36.4 35.5 35.5 33.5 34.5 36.7 36.8 36.4 37.7 37.6 38.7 38.7 39.4 38.8 38.6 38.4 36.2 35.9 34.8 34.3 33.8 33 35.7 37.6 38.4 39 37.2 32.6 29 25 20.6 16.9 11.1 11.1 11.1 11.1 11.1 11.3 11.8 12.2 12.1 11.8 11.9 12.9 13.6 12.7 16.4 18.6 20.5 22.3 21.8 24.1 25.7 29.3 31.1 33 33.8 35.9 37.4
35.2 35.1 33.8 34 35.1 36.8 39.2 40.8 40.4 40.1 40.8 39.8 38.9 39.3 40.4 41.8 45.8 48.4 50.1 50.5 51.1 51.2 50 48.8 47.5 45.7 44.5 41.3 37.9 35.6 34.1 33.8 34.2 34.3 33.6 34.1 37.2 38.1 39.4 41.8 42.3 43 43.2 44.1 44 43.6 42.1 40.1 37.9 36.1 34.4 34.5 33.4 34.8 36.6 38.4 39.7 38.9 35.7 32.6 28.6 23.1 18.6 11.9 11.1 11.1 11.1 11.1 11.7 12.1 12.2 12.3 11.2 12.4 12.2 12.5 13.3 18.7 21 23.1 23.8 24.8 25.5 28.9 32 33.7 35.1 34.9 36.3 37.1
33.4 35 35.2 34.4 32.4 34.9 35.2 35.6 35.9 36.4 36.4 36 36.7 37.4 36.8 37.3 39.7 41.8 44 45.4 45.9 46.4 46.1 44.9 44.9 43.7 42.7 40.7 37.9 37.6 36.6 36.6 36.4 36 34.3 32.9 35 37.6 40.1 43.7 46.3 49.2 52.2 54 54.6 53.3 50.5 45.2 42.9 38.8 35.8 34.7 33.8 33.7 35.3 36 37.3 38.1 36.6 34.6 31.4 25.8 21.3 16 11.1 11.1 11.1 11.1 12.7 11.8 12.1 12.6 11.7 12.2 12 12.1 12.1 14 22.1 24.4 25.9 27.3 31.7 32.6 33.5 35.3 37.3 37.9 38.3 38.5
34.2 34.2 36 32.2 30.3 31.8 33.3 33.3 34.1 35.8 35.2 34.7 34.1 34.2 35.8 36.2 37 38.8 41.4 41.5 42.8 43.3 41.8 41 40.2 40 38.6 38 36.3 35.5 35.6 35.5 35.5 33.8 33.5 34.5 35.9 38 37.8 39.9 43.5 46.5 50.7 54 55.9 55.8 54.6 50.2 46.5 41.1 36 34.6 34.2 33.4 33.4 34 34.7 35.1 35.5 33.8 31.6 27.3 23.3 19.2 11.9 11.1 11.1 11.1 12.7 11.8 11.5 11.7 11.6 11.2 12.3 12.4 12.4 12.1 16.2 24.1 26.5 29.9 33.1 32.4 33.4 34.9 36.6 38.1 38.3 37.6
32.7 35.8 36.8 34.6 29.7 35.1 34.6 33.8 34.2 35.5 35.9 35.1 33.4 34.7 35.6 35.9 37.7 38.7 39.9 41.6 41 42.9 42.4 40.2 39.2 38.9 38.6 37.3 36 35.5 34.9 35.9 35.5 32.1 32.2 35.9 38.9 40 41.3 41.7 41.4 42.9 44.1 46.9 48.4 49.6 48.6 46.3 43.6 38.3 35.3 34.6 34.3 33.2 32.1 32.9 33.8 33.6 33.7 33.6 32.2 29.2 25.6 21.1 17.4 11.1 11.1 11.1 11.2 11.7 11 11.3 11.7 10.9 11.1 11.1 12 11.9 12.1 10.8 17.3 23.2 30.4 31.7 32.5 33.2 34.1 34.6 36.1 36.1
33.2 36.6 36.3 33.3 29.6 33.4 34.1 33.3 33.7 33.3 33.2 34.6 32.5 34.6 35.8 35.9 35.8 39.2 38.8 40 42.8 42 43 41.2 40.7 39.3 38.7 37 36.3 35.7 35.5 37 36.7 35.2 31.3 34.5 37.7 39.3 41.6 43.1 44.1 44.8 44.7 46.3 45.9 46.4 45.4 43.5 39.8 36.8 34.5 33.5 32.6 32.2 32.3 31.9 32 32.1 31.9 32.3 33.1 30.9 28.3 23.9 21.3 13.3 11.1 11.1 14.1 13.3 11.7 11.4 11.7 11.1 9.8 9.4 9.8 11.9 12 11.9 11.1 10.7 17.8 23.5 29.6 31.8 32.5 33.5 34.3 34.2
33.2 34.5 33 31.2 29.2 29.7 31.5 31.2 31.2 30.5 29.6 30.9 30.6 31.7 32.8 33.3 33.8 36.6 39.6 40.3 42.7 42.3 42.8 42.8 40.9 41.7 39.6 38.2 37.2 36.8 36.3 38.3 36.5 34.7 31.8 31.5 34 36.3 38.8 41 42 42.9 43.1 44.4 44.3 43.4 42.5 39.9 37.7 34.8 32.6 33.5 32.9 33 32.2 31.2 29.7 28.9 29.2 31.2 32.3 31.8 31.8 27.7 25.2 21.7 18.2 16.8 16.2 14.2 12.5 11.7 11.6 11.5 10.7 10 9.3 10.6 12.2 12 11.7 11.6 10.8 9.6 17.4 23.2 28.6 32.4 33.8 33.7
31 32.3 29.9 28.7 28.3 28.2 28 27.7 28.3 27.4 26.7 26.4 28.2 29 29.6 31 31.9 35.5 39 41.5 43.3 43.9 44.8 44.9 43.9 43.5 41.9 40.3 39 38.4 37.5 38.4 36.6 33.5 32.4 29.7 30.8 32.5 35.2 37.3 40.3 41 41.4 41.5 41.3 41 39.8 37.8 36.2 35.3 34.9 35.2 34.8 34.1 32.5 29.1 28.6 29.5 30.7 27.1 28.9 30.7 29.8 28.3 26.4 23.1 19.4 17.1 16.2 14.7 13.5 12.5 11.1 11.7 11.7 11 10.5 9.4 10.4 12.1 11.4 11.6 11.7 11.3 10.3 10.4 17.8 25.3 31.3 33.2
29.3 31.2 29.7 28.4 27.8 26.7 26.3 25.7 26.5 24.2 24.2 24.2 27.8 28.8 30.1 30.9 31.4 34.7 38.3 41.1 43.6 44.4 45.2 45.1 45.5 44.5 43.6 42.7 41.6 39.8 38.8 38.4 35.9 33 31.7 30.3 29.4 30.3 31.5 33.9 37.3 40.9 42.9 44.1 44.2 43.6 42.7 40.8 39.4 37.5 36.3 35.2 34.6 34.3 33.5 31.7 31 31.4 30.9 30.7 29.8 27.8 28.6 28.6 27.1 23.8 20.5 17 16.8 16.5 15.8 15.3 13.3 12.4 12.9 12.8 11.3 10.4 9.4 10.4 9.4 9.1 10.1 11.5 11.7 11.1 10 15.9 23.2 27.8
27.3 30 29.2 27.9 25.4 25.5 25.1 24.5 24.4 27 25.8 23.9 25.5 28 28.4 28.4 30.4 32.6 34.6 35.7 34.8 35.5 35.6 35.3 36.5 37.3 38.1 38 37.1 37 35.9 36.6 34.6 31.7 30.9 30.8 28.6 27.7 29.1 30.3 33.9 38 42.6 42.4 43.8 45.3 44.8 44.4 42.1 39.2 37.6 35.7 34.8 34.3 32.6 31.4 31.4 30.7 28.1 27.4 29.8 30.5 30.1 30.1 29.4 26.3 22.9 19.2 16.1 16.7 15.8 15.4 15.1 14.6 13 13.6 12.6 11.4 10.3 9.6 8.9 8.8 9.1 10.4 11 11.5 11.1 10.3 11.7 21.1
27.1 29.2 29.5 30.2 28.9 26.8 25 24.4 28.8 28.6 27.5 25.7 24 22.8 24.3 25.8 26.8 28.1 29.6 28.3 27.7 28.6 30.5 30.9 31.3 31.9 31.3 31.1 30.5 31.4 32 32.5 32.1 30.8 30.4 30.4 28.3 26.1 27.2 29.1 31.8 34.9 39.7 42.3 42.9 42.6 42.7 42.2 41.1 39.9 37.6 35.3 35.1 35.2 31.6 28.9 26.2 26.9 20.8 20.8 25.1 31.5 31.6 31.5 31 28.8 25.4 22 17.3 16 15 15.5 14.7 14 13.7 13.5 12.7 11.8 10.9 10.5 9.9 8.5 8.5 8.5 8.6 8.9 8.9 9.1 8.6 10.8
27.4 29.8 30.9 32.7 31.2 27.6 27.6 25.5 28.7 29.4 28.5 27.4 26.6 24.6 22.1 21.6 23 24.2 22.9 22.2 22.7 23.8 24 24.5 25.4 25.9 26.5 26.9 26.8 28.2 28.8 30.1 30.3 30.1 29.5 27.4 25.9 25.1 27.7 29 30 33.2 36.5 39.4 42.7 43.9 42.4 42.3 41.1 40 38.1 35.8 35.8 35.8 33.6 29.6 28.7 27 21.7 19 20 28.6 30.4 32.7 30.7 28.9 25.1 19.4 15.3 15.9 15.5 14.9 14.5 13.8 14.2 13.4 13.4 12.5 11.6 10.8 11.4 11.1 11 10.8 10.8 10.9 10.8 10.5 10.7 8.7
28.9 30.6 31.5 33.1 33.8 30.6 29 27.6 28.4 30.4 29.5 28.3 27.8 25.9 23.4 20.9 18.6 19.8 18.5 18.3 18.6 19.6 20.5 20.6 21.5 22.5 23.9 23.7 23.5 24.5 26.2 27.6 28.7 29.4 29.6 28.7 25.5 24.3 24.3 23.5 27.9 31.6 33.6 35.1 36.2 37.9 38.6 38 37.6 37.1 35.9 35.1 35.9 35.9 35.4 31.9 31.1 30.4 22.9 18.9 19.6 27.8 29.4 30 29.2 22.6 16.2 15.9 15.3 15.6 15.3 15.1 14.5 14.5 13.9 13.3 13.6 12.8 11.9 11.4 11.2 11 11 10.8 10.7 9.9 10.2 10.6 10.6 10.5
31.7 31.3 32.4 34.1 35.4 35 32.4 31.4 30.1 31.5 30.7 28.5 27.6 25.2 23.8 22.6 21 18.8 16.9 17 15.6 16.6 17.7 18.5 19.2 20.1 20.8 21.1 21.2 21.6 22.9 24.4 24.7 25.5 27.3 28.3 27.5 27.6 24.5 22 24.3 29.8 31.5 33 33.3 34 35.4 35.1 34.6 35.1 34.1 33.9 33.5 35.7 35 33.5 31.1 31 22.6 17.7 19.9 24.3 26.6 22.2 16.9 15.3 15.3 15 15.5 15.3 15 14 15.1 14.2 14.2 13.4 13.2 13.1 12.5 12 11.5 10.7 10.6 10.9 10.6 10.8 10.3 10 10.3 10.3
33.8 33 34.3 36.1 37.7 38.1 35.7 32.9 31.8 32.8 31.9 28.8 25.6 24.2 23.7 22.3 20.3 18.5 17.8 16.5 15.8 15.7 16.4 17.3 18.1 19.1 19.5 18.4 19.3 20.4 21 21.5 21.9 22.2 23.1 24.1 26.4 25.4 24.2 21.8 20.5 26.3 29.5 30.4 30.9 32.1 33.7 34.1 32.3 31.8 30.4 28.8 28.7 32.5 34 31.8 29.2 22.9 16 15.1 14.8 17.8 15.2 14.9 14 14 14.6 15 15.6 14.7 14.6 14.3 14.5 13.8 14.5 13.7 13.3 13.5 12.8 11.9 11.3 11 10.3 10.9 11.9 13.4 13.1 12 9.8 10.3
34.2 33.9 33.8 35 36.2 37.6 36.8 32.4 32.8 32.5 31.3 27.4 24.6 23.9 21.9 19.6 18.4 18 16.8 15.7 15 15.5 16.1 16.9 17.7 19.1 19 18.9 19 19.3 20.3 20.5 20.2 20.3 21.2 21 20.4 20.7 21.2 20.2 19.3 21 23.7 24.2 27.6 28.3 28.8 28.7 26.8 26 25.4 24.6 26.5 29.8 33.1 30.1 21.5 16.9 13.1 15.4 12.7 12.7 12.7 12.7 12.7 13.2 14.5 14 14.6 14.8 14.2 13.9 13.7 14.3 13.6 14.4 13.1 12.9 12.8 12.1 11.3 11.4 12 13.1 12.6 13.1 13.3 13.2 10.7 10.3
34.2 34.2 34.6 34.7 35.6 37 37.9 34.4 33.7 32.1 29.9 26.2 24.3 21 18.9 18.2 17.6 17 15.3 13.5 14.7 15.3 16.2 17 17.9 19.1 19.3 19.3 19.4 19.2 19.6 19.7 19.3 18.9 19 18.6 18.4 19.4 20.2 19.4 19.6 19.4 20.1 20.1 19.3 19.6 21.2 21.7 22.1 22.3 25.1 27.4 29.4 31.8 33.3 31.6 21.2 16 12.7 12.7 12.6 12.3 12.1 12.4 12.5 12.7 13.1 14.3 14.1 14.4 13.9 14.4 13.6 13.7 13.8 14 12.9 12.9 12.5 12.4 11.6 11.2 11.2 12 12.8 12.7 12.6 13.2 12.9 9.8
34.2 35.2 36 36.5 38 39.5 40.5 37.2 34.9 32.5 29.5 26.5 22.7 18.9 16.9 15.8 15.3 14.2 13.7 14.2 14.2 14.3 14.3 14.9 15.6 16.7 17.2 17.7 18.4 18.3 18.7 18.8 18.6 18.2 18.5 19 19.1 19.4 19.5 18.8 18.6 18.8 18.9 17 16 18.8 21.1 24.7 26.4 28.3 30.3 32.5 34.1 34.7 31.3 25.4 20.2 14.5 12.6 12.2 11.9 11.6 11.3 11.8 12.2 12.4 12.7 14 14.1 14 14.1 14.3 14.3 14.4 13.7 13.1 13.1 13.1 12.4 12.1 11.9 11.8 12.2 12.8 12.6 13.1 11.9 11.8 12 11.3
34.7 36.9 38.1 39 40.1 41.2 41.2 39.5 37 33.1 29.1 24.1 20.4 18.1 15.9 13.6 12.9 12.9 13.6 13.6 13.7 13.8 13.8 13.8 13.6 14.1 15.1 16.4 16.8 16.9 17.3 17.8 18.2 18.5 19.2 19.4 19.7 18.3 17.6 18.4 17.6 17.2 17.3 15.7 14.7 14.5 14.1 13.9 13.7 13.9 14 14.6 16 14.9 14.6 14.8 14 13.2 12.6 12.4 12.3 12.9 13.7 13.6 13.9 13 12.7 13 14.5 14.1 13.9 13.6 13.3 13.4 13.1 12.9 13 13.4 12.4 12.8 13.3 12.8 12.6 13.1 12.1 13.3 13.2 12.6 11.6 11.1
33.7 36.3 38.1 38.9 39.1 39 38.6 36.7 32.8 27 22.7 19.8 18.8 16 13.7 13.1 12.9 12.9 13.2 13.3 13.3 13.4 13.4 13.2 12.9 13.3 13.9 14.8 15.2 15.4 15.9 16.5 16.2 16.7 15.4 16 15.4 15.1 15.2 15.9 16.1 16.3 16 14.6 14.4 14.1 13.2 13.1 13 13.1 13.3 13.2 13 13.2 13.3 13.2 13.1 12.4 13 13.3 13.4 13.4 13.6 14.2 14.4 13.4 12.6 12.7 14.4 14.2 13.7 13.5 13.2 13.5 13.4 13 13.6 13.4 12.5 12.6 12.5 12.6 11.9 11.5 11.9 13.2 13.3 12.9 12.2 12.3
32.3 34.2 35.3 34 33.1 31.4 29.6 27.4 23.6 21.7 20.6 19.2 17 14.4 13.5 12.1 12.1 12.1 12.9 13 13 13 13.1 12.8 12.6 13.1 13.2 13.3 13.7 14.8 14.7 14.7 14.4 14 13.8 13.4 13.5 13.6 13.9 14.4 15.8 15.5 14.9 13.8 14.5 13.7 13.6 13.1 12.8 13.4 13.3 13.4 13 12.8 13 12.9 12.7 12.2 12.5 13 13.4 13.4 13.5 13.8 14.4 13.1 12.7 12.7 14.5 13.5 13.4 13.4 13.1 13.5 13.6 13.3 13.7 13.1 13.4 13.1 12.5 12.8 12.7 13.1 12.9 13 13 12.4 11.5 12.6
30 31.9 31.4 28.1 27 25.6 24.2 22.5 20.9 19.9 19.4 18 15.4 13 11.5 11 11.1 12 12.6 12.6 12.5 12.6 12.8 12.7 12.9 12.6 12.8 12.6 13.1 13.3 13.5 13.2 13 12.9 13.3 13.3 13.3 13.7 13.4 13.3 13.9 14.7 13.7 13.5 14 14.4 14.2 13.7 13.3 13.4 13.5 13.5 13.1 12.6 12.7 12.6 12.3 12 11.9 12.3 12.8 13.3 13.5 12.9 13 14.1 13.7 13.5 14.4 13.6 13.4 13.2 13.1 13.7 13.5 13.9 13.4 14.2 14 13.6 13.7 13.3 13.1 11.9 11.5 12 12.5 11.8 11.3 11.8
28.4 27.9 27 26 25 23.3 21.9 20.7 20 19.1 18 15.7 11.6 11 11.5 10.8 11.3 12.1 12.2 12.1 12.2 12.3 12.9 12.9 12.6 12.7 12.9 12.6 12.9 13.1 12.7 12.6 12.6 12.9 13.1 13.3 13.4 13.2 13.2 13.2 13.6 13.5 14.2 13.1 13.2 13.2 14 13.7 13.4 13.6 13.6 13.6 13.2 12.7 12.4 12.3 12 11.9 11.9 11.8 12.1 12.8 12.5 11.8 12.2 13.2 13.5 16.1 14.3 14.5 14.1 13.7 13.8 13.8 13.5 13.9 13.5 13.6 13.8 13.2 13.3 14 12.5 12.9 13.1 13.4 11.6 11.3 11 10.7
28.3 26.2 25.8 24.9 22.3 20.6 19.8 18.8 18.3 17.6 12.5 11.8 10.7 10.9 10.8 10.7 11.8 11.8 11.7 11.9 12.2 12.5 12 12.9 12.6 12.6 12.5 12.6 12.7 12.6 12.3 12.2 12.7 13.2 12.9 13.2 13.2 13 13.4 13.2 13.1 13.3 13.1 12.9 12.4 12.5 13.6 13 13.3 13.5 13.7 13.7 13.2 12.7 12.2 12 11.9 11.9 11.8 11.7 11.7 11.8 12.1 11.9 12.6 12.4 13.4 13 13 13.5 13.4 13.5 13.8 13.9 13.6 14.2 14.2 14 13.9 13.5 13.7 13.6 13.6 13.7 13.5 12.7 11.9 11.8 10.7 11.5
27.3 26.1 25.1 22.6 20.7 19.4 17.9 14.7 12.9 11.4 11.5 11.3 11.7 12.1 11.4 11.5 11.9 11.6 11.6 11.9 12.2 12.3 12.4 12.4 12.6 12.6 12.8 12.5 12.3 12.8 12.7 12.1 12.5 12.9 12.6 12.7 12.8 12.7 13 13.3 12.9 13 12.9 12.6 12.9 12.4 12.6 12.9 13.2 13.4 13.7 13.8 13.4 13 12.5 12 12 11.9 11.9 11.8 11.9 12 11.5 11.6 11.7 11.8 12.2 12.4 12.7 12.9 13.3 13.3 13.3 13.5 13.7 13.6 13.8 14 13.8 13.4 13.1 13.1 13.2 13.1 13.6 12 12.6 11.8 11 11.9
26.7 25.3 24 21.7 18.7 17.2 13.2 13.1 12.4 11.9 12.1 12.3 12.2 12 11.6 11.7 11.7 11.6 11.6 11.9 12.4 12.5 12.7 12.8 12.8 12.7 12.7 12.2 12.2 12.3 12.5 12.2 12.7 12.1 12.1 12.2 12.3 12.4 12.3 12.3 12.3 12.4 12.6 12.5 12.4 13.3 12.5 12.8 13.1 13.3 13.6 13.8 13.8 13.5 13.2 12.2 12.1 12 12 11.9 12.1 12.3 12.2 12.2 12.1 12 12.2 12.6 12.6 12.5 12.3 12.6 12.7 13 12.8 12.8 13.1 13.3 13.6 12.9 13.6 13 13.2 13.4 13.1 12 12.4 11.6 12.1 12.2
23.6 22.8 21.7 20.8 18.1 13.5 12.9 12.9 12.2 12.3 12.4 12.1 12.1 11.3 11.7 11.8 11.8 11.8 11.8 11.9 12.6 12.7 12.8 12.8 12.5 12.7 12.1 12.1 12.1 12.1 12.2 12.2 12.1 12.1 12.1 12.1 12.1 12.1 12.3 12.4 12.4 12.3 12.2 12.3 13.1 12.3 12.5 12.8 13 13.3 13.5 13.6 13.5 13.3 13.8 12.6 12.2 12.1 11.9 12.1 12.3 12.4 12.4 12.4 12.4 12.2 12.1 12.5 12.2 12.4 12.1 12.1 12.2 12.8 12.7 12.6 12.5 12.7 13 13.4 13.4 13.4 12.7 12.8 12.6 12.3 12.1 11.4 11.7 11.6
21.3 21 21 20.1 13.9 12.6 12.5 12.6 12.3 11.8 12.2 11.9 11.5 11.7 11.7 11.7 11.8 11.9 11.9 12 12.3 12.7 12.8 12.7 12.4 12.3 12.3 12.1 12.1 12.1 12.1 12 12 12 12 12 12 12.1 12.5 12.5 12.5 12.4 12.3 12.2 12.1 12.2 12.5 12.7 13 13.2 13.4 13.5 13.3 12.8 12.9 13.5 13.3 12.1 12.1 12.1 12.3 12.2 12.2 12.2 12.2 12.2 12.2 12.2 12.4 12.3 11.8 12 12.4 12.6 12.4 12.3 12.3 12.5 12.4 12.8 13.1 13.1 12.3 12.3 12.4 12.2 12.2 12 11.3 11.1
19 19 17.5 15.5 13.1 12.1 11.9 11.7 11.5 10.8 11.3 11.3 11.8 12.2 11.8 11.9 12 12 12.1 12 12.1 12.3 12.7 12.7 12.6 12.5 11.9 12.1 12.1 12 12 12 12 12 12 12 12 12.1 12.1 12.5 12.2 11.9 11.6 12 12.4 12.2 12.4 12.6 12.9 13.1 13.3 13.3 13 12.6 12.1 12.4 12.3 12.4 11.9 12.2 12.1 12.1 12.1 12.1 12.1 12.1 12.2 12 12.2 12.3 12.3 11.9 12.2 12.4 12.1 12 12.1 12.3 12 12.8 12.8 12.8 12 12.1 12.1 11.7 12 11.9 11.7 11.4
16.5 13.9 13.6 12.8 12.2 12.2 12 11.9 11.2 11.2 11.6 12.1 12.4 12.1 12 12.1 12.1 12.1 12.1 12 12.2 11.6 12 12.5 12.5 12.6 12.3 12 12 12 12 12 11.9 11.9 11.9 11.9 12 12 12.1 12.3 12 11.7 11.8 12 12 12.1 12.3 12.6 12.8 13 13.1 13.1 12.7 12.3 11.8 11.5 11.4 11.6 12 12.9 12 12 12 12 12 12.1 12.2 12.4 12.3 12.2 12.3 12.3 12 12.2 11.7 11.8 12 12.2 12.3 12.3 12.3 12.3 11.8 11.6 11.4 11.9 11.8 11.6 11.4 11.3
12.4 12.4 12 12.1 12.1 12.4 12.2 12.1 11.8 11.3 12 12.1 12.2 12.3 12.2 12.2 12.2 12.2 12.1 12 12.2 12.4 12.6 12.4 12.9 12.6 12.6 12.4 12.1 12 12 11.9 11.9 11.9 11.9 11.9 12 12.1 12.2 12.1 11.9 11.8 12 12.5 12.3 12.1 12.3 12.5 12.7 12.9 12.9 12.9 12.5 12 11.8 11.2 11 11.2 11.6 12.1 12.5 12.9 12.6 11.5 11.7 12.4 12.3 12.2 12.2 12 12.1 12.5 12.4 12.2 11.5 11.6 11.7 11.9 12.7 12.5 12.5 11.8 11.6 11.4 11.2 11.5 11.3 11.2 11.2 11.2
