WholeMapElevations/data/hu/hu24_OST50GRID_20230518/HU24.asc
ncols 200
nrows 200
xllcorner 420000
yllcorner 1140000
cellsize 50
[rows 0 to 37 of 200, columns 0 to 85 of 200]
26.2 25.9 30.7 27.5 23.7 20.5 19.4 18 16.2 15.8 14.4 12 8.9 7.4 8.2 10 10.9 7.8 7.9 12.1 21 29.5 37 44.2 46.9 49.4 51.1 50.5 49 48.2 48 46.6 45.1 42.3 39.4 36.6 34.3 31.9 29.3 28 26.6 25 24.2 23.8 24.4 25.1 25.9 29.7 30.6 32.4 32.1 29.3 29.4 27.9 26.8 26.1 23.5 24.7 29 32.5 35.7 38.3 38.7 36.6 35.2 28.1 21.7 18.7 15 9.5 8 6.6 7 8 8 5.6 4.5 5.1 8.9 13.5 17.2 18.7 16.8 14.1 13.7 14
25.4 27 28.5 29.5 27.6 22.2 17.8 15.7 12.2 12.3 10.2 8.3 6.5 6.4 6.9 6.4 6.3 6.5 9.1 12 22.4 30.3 39.2 48.1 52.1 53 54.6 53.5 51.9 50.3 49.3 47.6 45.4 42.9 40.3 37.6 34.5 31.5 28.9 27.9 26.8 24.8 22.4 22 23.7 24.7 24.7 25.7 29.4 34.3 30.7 27.7 29.4 26.7 24.8 23 22.6 28.1 31.2 38.5 40.2 41.6 42.8 42.1 37.4 30.3 23.3 17.6 13.2 11 8.6 4.3 6.8 6 5.7 4.5 5.2 5.5 7.5 11.5 15.3 18.9 15.7 14 14.3 13.2
21.7 19.7 20.3 18 18.1 16.4 14.2 11.7 9.6 7.1 6 5.1 5 8 8.2 6.5 5.9 7.6 10.9 17.9 27.7 36.2 43.5 49.2 53.9 56.2 57.2 56 53.8 51.6 49.4 47.6 45.5 43.1 40.1 38 34.6 31.2 28.6 26.8 26.6 24 22 22.3 22.4 23.8 23.1 23.3 24.4 26.1 29.6 28.9 26.9 26.4 23.8 21.6 22.2 27.9 31.2 41.9 48 47.7 47.9 44.7 36.5 29.9 23.7 18 15.2 9.6 6.8 7.1 8 8 7.1 4.9 6.5 4.5 6.2 10.4 14.2 15.3 16.2 13.2 12.7 11
18.2 14.3 12.3 11.9 12 11.2 9.4 7.6 6.9 5.5 4.9 4.5 4.6 4.7 6 6.9 5.7 8.7 18 25.7 35.6 41.7 50.3 55.9 59.9 60.9 58.8 55.1 53 50.7 48.3 46.6 44.9 42.7 40.7 38.2 35.6 32.3 28.4 26.6 25.7 24.2 24.3 23.6 23.5 22.1 21.6 22.3 22.6 26.6 30.2 30.1 26.4 24.5 21.5 21.2 24.8 27.4 32.2 42.3 50.7 52.2 51.4 43.8 36.5 32 24.9 19.7 14.7 9.9 5.9 7.4 8 8 8 8 8 8 5.5 8.9 12 12.9 14 12.5 12 11.2
11.6 10.2 8.9 8.4 7.7 7.5 5.3 3.7 4.9 4.8 4 4 4.2 4.2 4.7 5.4 7.3 12.9 25.3 33.9 46.1 51.4 56.3 58.2 61.3 61.1 58.2 54.9 52.1 49.8 47.4 46.2 45.1 42.7 40.9 38.4 35.9 33.1 29.8 26.4 23.1 24.3 24.4 24.4 24.4 24.4 23.6 22.8 27.4 31.4 31.1 29.2 22.3 19.8 19.2 22.3 22.3 26 32.8 40.3 47.5 48.8 47.8 42.5 37.8 32.3 25 22.4 16.1 9.9 8.6 6.2 7.4 8 8 8 8 8 6.8 6.2 10.2 11.7 11.9 10.3 11.8 13.7
9.7 8.6 6.5 5.1 4.7 5.8 4.4 3.4 3.3 3.3 3.4 3.6 3.8 4 5.1 8.9 9.2 14.2 25.9 40.4 47.2 55.3 58.7 60.7 62.6 60.9 58.2 55.8 53.7 51.5 48.4 46.4 45.4 43.1 40.6 38.2 35.6 32.9 29.7 25.8 24.4 24.3 24.4 24.4 24.4 24.4 22 24.4 29.7 31.9 30.7 26.3 21.1 17 17.9 19.5 21.6 26.9 33.9 37.6 41.5 43 41.8 40 35.2 30.9 25.5 20.1 14.7 10.9 8.3 5.9 4 8 8 8 8 8 8 5.4 8.1 10.4 10 9.9 11.3 10.3
8.2 7.5 6.3 3.9 3.2 2.9 3.6 3.7 2.9 3.3 4.9 3.9 5 7.6 9.5 13.7 13.5 25.9 32 43.1 51.8 57.1 59.7 62.6 62 60.2 58 55.7 54.4 52.9 49.8 47.4 45.6 43.5 41.5 38.5 35.3 32.1 29.1 26.3 24.4 24.4 24.4 24.3 21.5 21 21 24.1 25.3 26.3 26.4 22 17.1 18.8 19.2 20.7 20.6 26.8 34.9 44.6 42.7 40.8 38.7 37.5 34.4 30 26.5 22.4 17.1 13.4 10.2 7.8 6 8.2 8 8 8 8 8 4.5 6 7 9.2 11.6 12.5 9.9
6.2 5.4 6.2 4 3 3.3 3.2 6.4 7.1 8.9 9.1 6.5 8.1 11.3 15.5 21 23.9 35.1 41.5 47.9 54.2 60.8 61.8 60.7 60.2 59.4 58.3 56.9 55.7 54.1 52.1 50.3 47.4 45.1 42.8 39.6 36.4 33.2 29.7 25.6 24.4 24.4 24.4 24.4 22.8 21.1 20.9 23 25 24.4 22.3 19.1 18.5 19 19 17.8 22.3 28.3 33.6 40.7 38.7 39.4 36.9 35.6 33.8 29.8 25.5 23.5 22 19.2 16.2 14.3 11 9.3 8.4 8 8 8 8 4 5.1 5.7 7.9 11.3 12.3 8.3
4 -0.6 -0.6 2.4 2.8 4.3 5.7 7.8 13 15.9 14.8 14.1 15.3 20 27 30.8 32.6 42.5 47.3 55.1 57.2 59.9 59.4 58.4 57.9 55.9 54.5 56.4 56.2 58.3 54.5 51.5 49.2 46.7 43.8 40.7 37.5 34.2 30.9 27.1 21.3 24.3 24.4 24.4 24.4 23.7 22.9 24.6 25 23.6 19.1 17.8 19 19 19 18.7 22.4 24.4 27.9 30.1 31.7 35.9 34 32.2 30.5 28.5 29.5 28.2 24.7 26.6 25.4 23.8 21.2 17 10 6.9 8 8 8 7.2 7.3 5.1 7.3 8 7.7 5.3
2.6 -0.6 -0.6 -0.6 4 11.9 17 21.8 30.8 33.2 27.7 29.2 29.6 30.7 31.7 35.6 40.5 46.1 54.1 57.8 57.6 57.6 57 56.1 54.4 52.6 53.8 54 52.5 53.6 52 50.4 49.4 48.1 44.9 41.7 38.5 35.3 32 28.6 23.6 24.4 24.4 22.7 22.2 21.5 21.3 22.6 22.4 21.3 18.1 18.9 19 19 19 17.4 20.4 22 22.8 23.4 26.1 29.1 31.1 28.9 29.7 29.9 31.3 34.7 34.4 36.7 34.5 31.8 27.8 24.6 20 14.3 8.9 7.4 6.3 8 8 5.1 7.3 5.2 3.3 2.3
-0.6 -0.6 -0.6 -0.6 8.2 17.5 26.8 33.7 40.9 37 38.4 39.2 40.6 43.5 45.1 46.1 49.1 55.3 57.9 59.4 58.3 57.3 55.9 56.1 53.3 50.8 51 49 47.2 47.9 47.9 47.9 47.6 45.8 43.8 40.9 38.1 35.8 32.4 29.1 24.3 24.2 23 20.9 20.2 19.5 19.7 20 19.8 19.8 18.2 18.2 19 19 19 19 18.6 20.6 20.4 20.5 23.9 29 27.8 29.2 35 36.9 36.5 38.7 41.5 42.8 40.2 36 32.2 28.3 23.3 18.2 14.6 9.2 8.8 8 8 5.2 4 2.3 -0.6 -0.6
-0.6 -0.6 -0.6 -0.6 13.6 20.9 27.9 36.3 36.9 35.8 42.8 48.8 51.9 51.6 53.9 54.1 59.7 62.7 61.1 60.3 57.6 54.8 54.6 55.2 52.7 49.8 47.4 45.4 44.4 43.9 44.9 45.4 44.6 43.7 42.2 39.4 37 35.3 32.7 29.5 26.3 24.9 23.3 21.1 19.5 19.3 19.2 19.3 18.8 17.6 15.8 16.8 18.8 19 19 18.9 18.2 19.2 19.3 19.6 20.2 22.9 28.3 29.3 34.9 38.4 40.9 44 43.7 44.8 42 42.1 39.5 34 25.7 22.1 17.8 13.7 8.8 6 3.6 -0.6 -0.6 -0.6 -0.6 -0.6
-0.6 -0.6 -0.6 2.9 8.8 18.5 27.8 32.5 31.6 34.8 39.1 47 51.6 56.4 60.1 61.1 64 64.8 62.6 59.8 56.5 53.9 51.9 52.3 49.3 46.8 45 42.9 41.2 39.8 40.6 42.4 42.1 41.2 40.7 38.5 35.9 34.4 33 29.9 27.1 26 23.6 21.9 19.6 19.2 19 19.5 17.5 16.1 15.6 15.8 19.4 20.6 19.3 20.2 19.7 19.9 19.5 19.8 20.9 26.8 29.2 30.2 37 44.7 44.6 45.9 45.4 46.1 45 40 38 36.3 32.1 28 23.3 15.4 9.6 6.6 5.5 3.3 -0.6 -0.6 -0.6 2
-0.6 -0.6 -0.6 -0.6 7.4 14.1 18.4 24.4 32.6 37.8 41.1 44.7 51.8 55.9 60.3 64.2 65.4 64.6 62.1 59.2 57.2 54.3 52.2 48.3 45.3 42.8 41.4 39.4 36.4 36.3 38.9 40.4 39 39.1 38.9 36.3 34.6 34.1 34.5 34.6 31.7 28.3 24.3 21 20.2 17.2 18.9 20.8 16.6 15.4 15.5 16.1 18.1 23.2 26.8 27.5 27.2 24.6 23.1 21 22.9 30.2 32.3 33.8 43.2 49 51.7 50 48.4 50 45.8 42.4 40.6 41.1 40.2 33.5 27.6 19.7 13.3 5.3 4.5 3.5 -0.6 -0.6 -0.6 -0.6
-0.6 -0.6 -0.6 -0.6 7.2 8 11.6 16.6 29.1 34.5 35.9 42 49.7 54 59.7 64.8 65.9 64.9 61.8 59.3 57.2 54.8 51 46.8 43.4 40.3 38.1 35.8 34.3 35.4 36.9 36.2 37.2 37.6 37.1 37.2 35.5 35.7 36.2 36.2 34.1 31 24.4 21.5 22.1 17.5 14.8 14.6 14.8 14.8 15.5 16.8 18.5 22.9 26.9 30 29.4 28.3 25.2 22.2 26.7 34.2 40.1 36.8 43 48.8 54 55.6 53 50.3 46.1 45.4 46.2 41.3 40.8 36 29.5 19.6 12.8 5.7 3.3 1.7 -0.6 -0.6 -0.6 -0.6
-0.6 9.8 9.9 10.5 7.6 8.1 11.8 12 17.6 23.2 27.5 36.5 44.5 51.8 61.2 67.5 66.3 63.8 61.7 59.5 57 55.2 51.4 46.7 42.9 39.5 36.7 34.2 32.5 31.9 32.5 32.3 35.3 36 39.2 40.4 45.6 44.2 42.5 40.2 33.2 30.2 25.5 22.5 21.9 20.5 11.3 10.5 11.8 14.9 15.3 16.6 17.6 19.8 23.5 25.1 26.5 27 24 25.2 26.5 30.6 32.1 36.8 40.8 47 50.9 54.4 54.1 47.3 43.2 42.6 46.5 44.2 40 34.7 28.7 18.5 11.6 4.1 -0.6 -0.6 -0.6 -0.6 -0.6 -0.6
-0.6 3.2 9.3 8.8 8 15.3 26.2 22.8 23.6 28.7 33 35.2 43.6 53 59.5 63.3 65.7 64 61.1 59.7 58.7 57.1 52.3 47.4 43.2 39.1 36.7 34 30.6 29.6 29 30 32.8 38 41.6 48.3 52.4 50.3 47.8 41.3 34 30.4 26.4 27.2 23.8 20.3 12.7 9.3 9.8 12.1 14.2 16.3 17.4 17.5 19.2 21.5 23.3 22.6 22.3 23.8 25.7 28.9 31.6 39.4 44.7 44.1 44.7 52.3 56.2 46.4 42.1 41 41.3 43.6 41.6 35.3 25 16.6 9.1 -0.6 -0.6 -0.6 -0.6 -0.6 -0.6 -0.6
-0.6 6.8 13.5 13.1 10.7 22.2 37.6 38.5 34.8 38.1 34.4 34.2 44.6 53.2 52.5 63.6 66.7 64.9 62.8 60.7 59.1 54.7 50.2 46.7 42.7 38.2 35.7 32.8 29.1 27.9 27.8 28.2 34.7 39.5 42.9 51.6 54.7 53.1 50.3 42.8 35.4 31.5 28.3 26.4 21.5 16.1 12.5 7.1 6.8 8.2 10.6 12.8 14.9 17.2 19.9 19.2 20.6 20.2 20.9 23.6 25.1 29.2 33.5 40.3 45.3 44.2 43.8 46.5 49.2 48.6 42.2 40.4 39.4 41.3 38.9 32.2 24.2 15 7.5 -0.6 -0.6 -0.6 -0.6 -0.6 -0.6 -0.6
4.8 7.5 12.6 13 14.5 25.1 36.8 37.9 37.4 33.8 34.4 38.3 38.8 42.9 44.3 55 57.3 60.4 65.3 64.3 61.8 54.1 49.5 45.2 40.9 36.6 34.4 31.3 28.4 27.4 27.6 28.1 33.3 39.6 46.7 50 53.8 56 49.2 41.7 36.7 32.3 26.6 25.3 19.9 14.9 10.1 6.2 5.4 5.9 7.9 10 12.6 14.8 15.6 18.7 23.5 23.6 21.2 21.1 25.8 26.7 29 34.4 44 48.8 46.3 47.1 46.8 48.5 44.6 40.9 39.6 36.2 35.3 30 22 14 7.2 -0.6 -0.6 -0.6 -0.6 -0.6 -0.6 -0.6
0.9 4.7 9.8 14.1 20.9 38.6 42 38.4 34.7 33.9 40 45.2 50.2 41.6 37.8 41.2 48.3 50.6 59.6 63.9 60.6 51.7 46.7 42.6 37.9 35.9 35.9 31.5 26.8 31.1 28.3 29.3 35.3 43.4 50.7 53.1 54.5 55.9 47.8 40.1 35 31.4 25.5 21.8 17.9 13.6 8.9 6.3 5.1 4.8 5.5 8.2 11.2 12.1 12.9 15.1 20.2 25.5 25.1 26.2 22.5 30.4 29.4 32.7 36.1 40.7 49 50.5 47 44.2 41.2 41.7 38.7 33.7 29.5 25 17.5 10.5 4.7 -0.6 -0.6 -0.6 -0.6 -0.6 -0.6 -0.6
6.6 6.2 8.6 16.6 30.8 40.1 34.5 30.2 30.2 42.8 44.2 50.7 54.4 43.8 38.4 34 38.9 42.7 43.1 53.5 51.7 43.2 41 38 35.5 34.4 36 33 25.4 30.6 29.3 40.3 42.9 44.2 50.5 56.3 59.9 56.4 48.6 41.7 33.6 29.3 24.3 20.2 16.2 12.6 7.3 6.2 4.5 4.2 5.5 7.8 8.8 10.3 10.8 14.7 21.5 25.8 30.9 27.4 21.2 25.6 28.8 29.3 31.3 35.5 40.6 41.4 43 43.1 43.9 42.4 38.7 32.2 27.4 20.9 15.6 9 4.8 -0.6 -0.6 -0.6 -0.6 -0.6 -0.6 -0.6
13.9 17.3 14 19.3 23.9 26.5 31.4 27.5 29.7 40.8 42.4 50.2 52 45.1 37.4 31.5 30.4 33.1 34.7 41.4 42.9 41.4 37.7 36.8 36.8 32.4 32.4 30.5 23.8 26 28.6 37.5 43.7 49.1 53.8 54 53.9 50 45.7 41 32.9 28.9 24.1 18.6 14.5 9.7 5.6 4.7 4 4 5.4 4.6 4.4 6.9 9.6 12.9 18.7 23.4 29 28.9 18.7 19.3 24.5 27.7 28.6 29 27.2 29.6 34.1 34.9 37.8 38.2 35.2 30.8 25.1 15.5 12.6 9.3 4.5 -0.6 -0.6 -0.6 -0.6 -0.6 -0.6 -0.6
26.5 23.5 19.8 21.4 22.7 22.3 24.5 26.9 27.7 30.8 35.8 36.9 37.6 38.1 37.1 31.1 22.9 22.3 25 33.2 39.6 39.7 41.9 41 38 31.5 28.7 25.7 22 22.2 24.8 31.5 43.4 49.3 50.1 55 50.2 46.4 42.5 37.8 31.7 27.6 23.1 18 13.2 7.4 4.9 4.4 4 3.5 3.2 1.9 1.3 3.2 7.2 6.9 13.9 18.1 19.3 19.8 19.9 16.9 17.5 20.3 21.9 24 24.4 26.9 33.9 35.9 36.1 33.5 31 27 22.4 10.2 6.9 5.6 -0.6 -0.6 -0.6 -0.6 -0.6 -0.6 -0.6 -0.6
36.2 29.5 24.4 22.6 22.5 22.3 23.9 26.6 29.4 30.3 30 31.1 35.8 36.3 33 29.5 22.5 19 22.8 28.8 34 34.8 38.6 37 32.8 27.4 24.5 23.8 23.3 18.3 20.9 23.3 32.2 40.8 46.9 54.2 49 46.6 41.6 36.5 32 26.8 22.7 17.4 12.2 5.9 4.7 4.7 4.6 6.5 4 2.2 0.5 -0.6 -0.6 3.2 8.2 9.4 13.9 15.7 16.9 14.8 14.4 14.6 18.7 21.8 27.7 30.2 34.9 37 31.7 29.7 26.5 21.2 15.2 6.5 -0.6 -0.6 -0.6 -0.6 -0.6 -0.6 -0.6 -0.6 -0.6 3
40.1 34.4 29.8 26.5 23.8 23.5 23.8 28.3 28.9 31.7 30.7 31.8 40.6 38 32.4 29.1 24.3 17.8 16.4 17.6 20.1 23.4 25.8 26.4 24 22.4 23.7 26 28.5 19.8 16.5 23.5 23.2 33.8 42.6 51.7 48.2 41.4 38.5 36.7 34 28 22.7 16.6 8.8 4.7 4.6 4.5 7.3 11.2 8.7 5.5 1.4 -0.6 -0.6 -0.6 2.7 6 8.2 10.1 11 11.5 12.8 15.3 17.7 22.6 24.6 27.6 31.8 35.4 28.2 26 22.3 19.8 15.2 6.7 -0.6 -0.6 -0.6 -0.6 -0.6 -0.6 -0.6 -0.6 -0.6 -0.6
45.1 39.4 35.3 31.2 27.6 25.9 27.3 32.6 30.6 34.2 35.2 37.7 42.4 39.6 34.3 30.1 26.5 20.8 14.5 9.8 10.2 14.8 20.8 25 21.9 20.8 23.3 23.8 26.9 19.7 12.6 21.7 21 26.5 34.4 40.8 43.8 38.6 35.3 33.5 30.7 25.3 18.8 11.5 8.7 6 5.8 6.3 17.1 19.7 13.9 8.1 3.6 2.7 -0.6 -0.6 -0.6 1.9 4 3.4 5.4 5.8 7.9 12.5 16.4 19.4 23.5 21.1 25.7 28.6 23.8 18.9 20.4 19.3 15.3 9.6 -0.6 -0.6 -0.6 -0.6 -0.6 -0.6 -0.6 -0.6 -0.6 -0.6
50 43.5 39.7 36.4 33 31.9 33.6 35.7 38.8 45 44.2 43.2 43.8 42 38.1 34.1 29.5 24.2 16.9 10.6 8.3 10.7 14.5 20.2 24 20.7 22 26.5 21 22 12.6 14.9 15.3 22.8 29.4 38.8 42.9 40.2 35.7 31.6 27.7 21 11.9 6.6 8.5 15.4 16.8 11.3 11.2 17.8 22.5 12.8 5.9 5.9 -0.6 -0.6 -0.6 -0.6 -0.6 -0.6 -0.6 -0.6 3 7.7 12.6 16.9 19 19.9 18.3 17.3 14.5 15.3 17.9 17.7 13.9 6.3 -0.6 -0.6 -0.6 -0.6 -0.6 -0.6 -0.6 -0.6 -0.6 -0.6
52.4 47.7 45 42.6 39.9 37 36.8 38.1 42.8 46.9 48.4 50.8 53.4 52.6 47.7 40.2 34.4 27.9 19 11.3 8.1 8.3 11.1 12.8 16.3 18.7 19.1 25.3 15.7 21.7 12.3 10.6 13.9 17 24.5 29.2 35.6 36.8 34.8 27.8 22.2 12.7 5.1 6.6 11 18.1 23.4 19.7 14.6 14.8 21.3 15.1 10.9 17.9 12.4 4.8 -0.6 5.3 -0.6 -0.6 -0.6 -0.6 -0.6 -0.6 6.9 11.9 16.2 17 15.8 13.7 13.5 15.6 16.6 18.6 9.9 -0.6 -0.6 -0.6 -0.6 -0.6 -0.6 -0.6 -0.6 -0.6 -0.6 -0.6
50.2 47.3 46 44.2 44.4 47.8 46 42.7 45.7 48.7 54.4 60.9 61.8 55.8 47.7 43.7 37.3 29.9 20.1 12.6 7.9 7 7.6 9.3 10.8 10 11.1 13.2 11.3 10.6 7.3 11.8 14.5 14.9 19.2 19 27 29.4 28.8 21.8 11.5 5.3 -0.6 4.5 9.6 14.7 18.1 22.6 24 20.5 12.1 14.6 17.2 15 16 10.8 4.9 1.9 -0.6 -0.6 -0.6 -0.6 -0.6 -0.6 -0.6 5.1 8 8.8 14.7 16 14.4 17.6 11.8 10.4 -0.6 -0.6 -0.6 -0.6 -0.6 -0.6 -0.6 -0.6 -0.6 -0.6 -0.6 -0.6
54.3 51.6 46.9 47.8 47.7 51.3 52.5 54.1 53.8 53.1 60.3 64.3 63.5 53.4 49.6 47.3 41.3 30.6 21 14.6 7.9 6.4 6 6.6 8.5 9.1 8.9 7.7 6 6.1 7.4 4.9 10 9.8 15.7 15.8 22.4 26.6 18.3 15.3 6.4 -0.6 -0.6 -0.6 -0.6 8.8 12.5 16.5 22.9 20 16.2 11.2 14.5 14.7 13.5 16 13.1 3.7 -0.6 -0.6 -0.6 -0.6 -0.6 -0.6 -0.6 -0.6 -0.6 6.9 12.3 14.1 17.5 22.8 8.2 -0.6 -0.6 -0.6 -0.6 -0.6 -0.6 -0.6 -0.6 -0.6 -0.6 -0.6 -0.6 -0.6
61.7 55.8 50.6 47.7 48.4 52.9 57.8 60.7 59.5 61 65.1 62.8 58.3 54.3 54.4 47.2 38.4 30.1 22.4 16.4 11.2 6.3 5.8 8.9 8.9 8.8 8.9 8.9 11.9 6 7 2.5 -0.6 3.6 6.7 9.7 13.1 19.9 15.9 6.3 -0.6 -0.6 -0.6 -0.6 -0.6 -0.6 -0.6 7.3 7 8.9 12.3 10.9 10.3 11.1 14.8 13.1 9.4 6.2 -0.6 -0.6 -0.6 -0.6 -0.6 -0.6 -0.6 -0.6 -0.6 -0.6 4.7 11.6 13.7 9.3 3.4 -0.6 -0.6 -0.6 -0.6 -0.6 -0.6 -0.6 -0.6 -0.6 -0.6 -0.6 -0.6 -0.6
62.8 60.3 55.6 52 55.4 53.2 62.3 61.4 63.8 66.3 66.8 61.3 59.3 56.3 54.2 46 41.1 35.8 29.5 22.2 15.4 10.8 6.9 8.6 8.9 8.9 8.9 8.9 8 5.6 5 5.7 -0.6 -0.6 -0.6 -0.6 8.2 13.1 14.5 6.5 -0.6 -0.6 -0.6 -0.6 -0.6 -0.6 -0.6 -0.6 -0.6 -0.6 -0.6 4.6 6.3 13.1 8.6 10.5 8.1 6.6 -0.6 -0.6 -0.6 -0.6 -0.6 -0.6 -0.6 -0.6 -0.6 -0.6 -0.6 -0.6 7.3 -0.6 5.7 5.5 -0.6 -0.6 -0.6 -0.6 -0.6 -0.6 -0.6 -0.6 -0.6 -0.6 -0.6 -0.6
58.4 58.3 58.8 59.5 66.9 56.7 59.1 62.3 60.6 62.6 67 59.3 56.5 56.8 52.6 45.2 43.2 36.6 28.7 19.8 15.4 13.1 9.3 8.8 8.9 8.9 8.9 8.9 7.8 9.7 5.7 10.4 -0.6 -0.6 -0.6 -0.6 -0.6 -0.6 8.3 12.5 -0.6 -0.6 -0.6 -0.6 -0.6 -0.6 -0.6 -0.6 -0.6 -0.6 -0.6 -0.6 -0.6 -0.6 -0.6 -0.6 -0.6 -0.6 -0.6 -0.6 -0.6 -0.6 -0.6 -0.6 -0.6 -0.6 -0.6 -0.6 -0.6 -0.6 -0.6 -0.6 -0.6 -0.6 -0.6 -0.6 -0.6 -0.6 -0.6 -0.6 -0.6 -0.6 -0.6 -0.6 -0.6 -0.6
57.1 59.5 62.3 66 68.6 60.9 55 57.7 57.4 55.7 59.8 56.7 54.5 53.9 49.6 43.2 38.3 32.8 26.6 20 18.1 16.2 15.4 17 16.8 11.9 7.8 8.9 8.4 8.6 7.6 7 1.9 -0.6 -0.6 -0.1 -0.6 -0.6 0.5 2.2 -0.6 -0.6 -0.6 -0.6 -0.6 -0.6 -0.6 -0.6 -0.6 -0.6 -0.6 -0.6 -0.6 -0.6 -0.6 -0.6 -0.6 -0.6 -0.6 -0.6 -0.6 -0.6 -0.6 -0.6 -0.6 -0.6 -0.6 -0.6 -0.6 -0.6 -0.6 -0.6 -0.6 -0.6 -0.6 -0.6 -0.6 -0.6 -0.6 -0.6 -0.6 -0.6 -0.6 -0.6 -0.6 -0.6
55.8 57.7 65.7 69.3 66.6 62.1 58.1 52.5 59 59 52.3 58.4 56.8 54.1 48.9 44.7 39.3 33.4 26.9 23.3 24.5 23.7 23 27.4 28 17 13.2 12.5 13.9 13.5 7.4 6.2 3.2 -0.6 -0.6 4.7 3.4 -0.6 -0.6 -0.6 -0.6 -0.6 -0.6 -0.6 -0.6 -0.6 -0.6 -0.6 -0.6 -0.6 -0.6 -0.6 -0.6 -0.6 -0.6 -0.6 -0.6 -0.6 -0.6 -0.6 -0.6 -0.6 -0.6 -0.6 -0.6 -0.6 -0.6 -0.6 -0.6 -0.6 -0.6 -0.6 -0.6 -0.6 -0.6 -0.6 -0.6 5.1 -0.6 -0.6 -0.6 -0.6 -0.6 -0.6 -0.6 -0.6
56.3 64 70.7 72.6 71.9 69.4 67.9 55.5 59 59 59 60 61 57.6 55 50.2 45.4 40.2 32.6 24.3 24.5 28 25.7 27.1 28.5 23.3 23 26.6 28.4 25 18.2 14.3 11.3 8.4 5.8 5.3 4.5 -0.6 -0.6 -0.6 -0.6 -0.6 -0.6 -0.6 -0.6 -0.6 -0.6 -0.6 -0.6 -0.6 -0.6 -0.6 -0.6 -0.6 -0.6 -0.6 -0.6 -0.6 -0.6 -0.6 -0.6 -0.6 -0.6 -0.6 -0.6 -0.6 -0.6 -0.6 -0.6 -0.6 -0.6 -0.6 -0.6 -0.6 -0.6 -0.6 -0.6 3.8 8.4 10.4 10.7 -0.6 -0.6 -0.6 -0.6 -0.6
63.1 63.9 61 66.8 73.7 74.2 69.6 58.7 59 59 59 53.2 65.8 68.2 67.2 59.9 51.4 43.7 36.7 28.1 25.3 28.5 33.6 29.5 28.2 30.9 34.3 31.4 32.3 28.4 27.9 23.9 20.3 18.6 15.5 8.4 7.3 4.2 5.1 -0.6 -0.6 -0.6 -0.6 -0.6 -0.6 -0.6 -0.6 -0.6 -0.6 -0.6 -0.6 -0.6 -0.6 -0.6 -0.6 -0.6 -0.6 -0.6 -0.6 -0.6 -0.6 -0.6 -0.6 -0.6 -0.6 -0.6 -0.6 -0.6 -0.6 -0.6 -0.6 -0.6 -0.6 -0.6 5.5 8.4 6.3 5.3 8.7 8.5 6.3 -0.6 -0.6 -0.6 -0.6 -0.6
59.8 58.3 57 59.7 65 70.1 69.3 60.3 57.8 57 59 56.8 59.1 62.4 65.5 65.9 58.3 46.8 41.3 34.8 28.3 29.5 32.2 30.9 30.3 34.8 38.4 35.1 28.5 28.5 28.5 30.1 25.5 25.8 22.1 17 8.7 8.2 11.7 6.7 -0.6 -0.6 -0.6 -0.6 -0.6 -0.6 -0.6 -0.6 -0.6 -0.6 -0.6 -0.6 -0.6 -0.6 -0.6 -0.6 -0.6 -0.6 -0.6 -0.6 -0.6 -0.6 -0.6 -0.6 -0.6 -0.6 -0.6 -0.6 -0.6 -0.6 -0.6 -0.6 -0.6 4.8 6.9 7.3 6.7 8 6.2 6 6.1 2.5 -0.6 -0.6 -0.6 -0.6
