WholeMapElevations/data/nj/nj44_OST50GRID_20230518/NJ44.asc
ncols 200
nrows 200
xllcorner 340000
yllcorner 840000
cellsize 50
[rows 35 to 69 of 200, columns 78 to 155 of 200]
179.8 190.3 185.4 180.9 184.9 193.6 186 185.9 182.5 198 182.4 176.1 170.6 175 177.3 183.4 188.8 190.6 191.7 191.6 191.9 192.9 194.1 196 195.8 195.9 196.1 194.8 194.6 194.8 195.9 199.5 203.4 209.3 215.6 221.7 227.8 237.7 246.6 255.2 263.9 271.7 277.1 280.8 286.7 293.5 301 309.4 314.5 319.2 320.7 318.3 318.3 320.2 320.7 323 325.4 329.1 332.2 335 338.5 337.6 337.5 335 328.6 323.1 315.1 305.5 295.2 286.4 278.1 269 260.5 252.6 246.5 238.2 232.4 227.4
180.5 179.2 180.6 168.4 176.2 197.8 193.7 191.1 194.9 201 183.9 177.4 171.2 174.3 179.7 184.9 188.8 191.3 192.3 192.6 193.1 194.4 195.4 197.2 198.2 198.8 198.4 196.9 196.2 196.8 197.2 200.4 203.7 209.7 215.5 221.4 229.1 237.7 246.2 255.2 263 269.4 274.1 277.3 283.8 291.7 300.3 307.6 311.6 313.7 314.1 313.2 315.9 317.3 318.5 320.6 324.1 327.3 330.4 333.3 334.2 333.1 330.4 327.2 320.3 314 307.7 298.6 289.8 282.8 271.8 265.4 258.5 251.6 245.4 238 233.5 227.6
180.7 177 167.6 156.7 177.1 190 195.9 186.3 198.6 201.9 187.4 180.5 172.6 170.8 182 186.8 190.1 191.4 192.1 192.8 194.9 196.6 197.1 198.3 199.4 200.5 200.1 198 197.7 198.4 199 201.2 204.5 209.3 215 220.6 228.6 236.2 246.3 254.3 261.9 266.7 270.6 273.9 279.7 288.3 289.1 304.9 306.2 307.1 306.7 307 311.3 312.8 314.5 317.4 320.7 323.5 326.8 331.3 331.4 327.7 324.1 318.9 311.7 307.1 298.4 291.3 283.3 275.1 268.2 263.1 257.5 251.1 244.2 237.6 231.1 226.2
173.2 162.5 156.7 161 193.9 189.5 203.2 186.4 199.8 206.7 189.5 180.8 170.8 176.7 185.8 187.5 189.5 191.4 192 193.4 195.5 197.2 198.3 199.8 200.8 201.3 201.3 199.7 198.1 199.5 200.3 202.3 204.7 209.4 215 221.1 228.6 235.1 245.3 253.2 259.1 263.6 266.2 268.6 275.6 284.2 282.7 298.1 299.8 300.3 300.7 302 305.9 307.7 310.2 314 317.4 320 322.9 327.4 327 322.4 317.6 312.1 305.7 298.6 290.3 284.2 276.6 269.9 264.8 260.5 254.7 248.3 242.2 237.3 231.4 226.1
190.1 181.1 184.8 184.7 208 198 189.9 187.2 198 202.2 189.6 181.8 176.7 172.6 176.2 186.2 187.5 189 191 193.6 195 196.8 197.9 199.2 200.7 201.3 201.3 200.7 199.5 200.6 201.8 203.9 206.4 208.7 214.9 220.9 227.5 234.6 243.2 250.7 255.9 259.7 261.1 264.2 270.1 280.2 277.3 290.5 292.4 292.2 293 296.1 299.1 302.5 306.4 309.6 312.2 317.4 320.9 326.5 323.6 318.5 313.4 307.8 299.8 291 282.9 274.7 267.7 264.9 259.8 255.4 251.3 245.5 241 235.8 231 226.6
195.2 197.5 199.9 204.3 206.2 195.3 188.5 191 202.8 203.4 193.2 184 178.8 171.4 176.6 181.9 184.1 186.6 189.9 192 193.8 195.3 196.6 197.6 198.7 199.6 200.1 200 200.5 200.9 203.7 205.7 208.1 210.7 214.4 220.7 227.5 233.9 239.1 246.3 251.4 254.3 255.5 259.1 265.5 273.1 272.5 283.3 284.5 285.8 286 290.9 294.5 299.8 303.5 306.8 310.4 316.4 321.7 324.1 321.2 317 310.7 304 295.4 286.4 278.6 271.4 265.3 260.5 255 250.4 246.4 242.7 238.2 233.6 230.1 226.7
196.4 198.6 200.4 204.2 210.7 201.1 203.1 205.2 208 204.7 195.6 185.1 179.2 175.5 176.2 180 182.2 184.7 187.2 188.7 190.8 192.4 193.7 194.9 196.4 196.9 197.9 200 199.8 200.7 202.9 205.9 208.5 212.1 214.4 216.5 226.5 232.5 237.3 241.5 245.8 249 250.6 254 259.6 262.5 266.3 274.1 275.2 277.6 281.3 287 292.8 297.6 302.2 305.7 310.5 317.7 321.3 323.2 321.7 315.5 308.9 301 293.2 282.2 274.2 267.6 262.1 257 252.2 246.5 242.8 239.2 234.7 232.3 228.2 225.1
197.6 199.6 201.5 204.6 210.2 210 217 216.5 214.1 205.3 195.2 186.4 179.3 177.1 174.8 177.9 180 181.5 183.2 185 187.8 189.6 190.9 192.1 194 194.2 195.1 197.1 198.5 199.6 202.7 206.7 210.7 215.4 219.2 222.6 225.1 223.2 232.3 237.4 241.3 244.1 246.9 251 254.5 258.5 263 264.5 269.2 275.2 282.6 288.6 292.9 298.6 302.4 307 313.2 320.4 321.6 319.4 315.9 311.5 307.2 300.4 291.3 281.4 274 265.5 260.2 253.7 248.4 242.9 239.7 235.1 231.6 228.7 225.4 222.8
198.8 200.6 202.3 204.7 209.9 213.6 215.8 214.3 211.4 204.2 195.4 186.6 179.7 177.7 173.7 175.5 178.6 179.3 180.7 182.7 184.9 186.9 188 189.9 191.5 192.1 193.3 195.6 196.7 198.4 201.9 208.9 214 218.5 222.3 227.6 231.9 232.4 232.1 231.1 235.3 237 240 244.1 246.5 252.1 257.2 264.3 270.5 276.4 283.3 288.6 292.9 298.4 303 311.2 316.3 321.2 320 315.3 311.8 308.7 304.3 298.2 289.6 280.7 273.1 264.1 258.5 253.3 247.5 242.5 237 231.1 228.6 225.1 222.6 218.9
199.6 201.2 203.2 205.8 208.9 212.2 213.2 212.9 208.9 202.2 194.4 187.3 179.8 177.3 175.1 174.7 176.5 178 179 179.5 181.3 182.3 183.8 185.7 188.5 190.2 193.3 195.1 196.2 198.4 201.5 210.1 215.9 221.2 224.9 230.9 235.3 238.4 239.5 240.6 243.6 245.4 247.9 251.5 254.7 256.1 261.9 266.3 272.6 276.3 284 288.4 293.2 298.1 305.6 312.6 317.5 321.9 319.3 315.7 311 306.1 301.9 296.1 287.4 280.7 272.3 263.4 258.5 251.7 245.4 240.4 235 229.3 224.5 220.6 218.5 216.2
200.9 201.6 203.5 205.6 209.1 210.1 210.2 209.6 205.9 199.5 192.8 186 180 176.6 175 174.8 176.1 176.7 178.1 179.2 181.7 182.6 184 184.2 190.3 191.7 192.6 195.4 195.7 197.7 201.4 209.8 217.5 223.3 229.5 235.3 238.7 243.4 244.1 245.1 247.5 249.1 249.6 253.9 256.7 260.5 263 267.3 273.4 278.3 283.7 288.7 294.4 299.1 307.6 313.2 320.7 319.8 318.1 314.9 310.3 305 299.3 293.1 286 277.5 270.8 263.5 256.1 250.8 244.7 238.7 232.5 228.1 223.8 218.9 214.4 211.6
202.2 202.3 204.1 205.2 207.7 207.5 206.6 204.6 201.7 195.2 190.7 184 177.8 176.4 175.5 175.3 177 178.4 180 181.5 183.3 184.1 184.5 184.7 191.4 193.5 195 195.5 195.9 197.2 201.9 210.4 218.3 225.8 232.6 238.3 242.2 246.6 248.2 249.4 251.7 252.9 256.2 258.4 261.2 263.7 267.2 269.4 274.6 279.7 284.9 288.7 294.5 299.6 306.7 312.2 317.2 320.5 316.6 310.2 307.2 302.1 296.5 288.5 281.5 275.5 268.8 261.3 254.6 249.1 243.4 236.9 231.1 227.6 223.8 219.5 215.1 210.1
203.3 203.3 204.1 204.8 206 204.7 202.1 199.4 194.3 190.5 187.5 182.6 178.9 177.2 176.2 177.1 178.3 180 181.3 183.6 183.7 184.2 184.4 188.6 192.9 194.9 197 197.4 197.9 199.2 203.1 210.7 219.2 227.8 236.2 242.9 246.8 249.3 250.7 253 255.1 257.9 261.4 264.2 266.4 268 269.3 271.7 276.4 280.8 285.1 289.7 294.2 301.9 306.1 309.8 312.5 313.6 307.7 304.4 301.6 296.3 291.9 284.4 278.9 271.7 266.1 260.2 254.3 248.7 241.7 235.6 231.5 226.4 221.8 216.9 211.9 207.7
205.5 204.6 205.1 204 202.6 200.3 197.7 194.5 191.1 187.2 186.1 182.1 178.4 176.3 177.7 179.1 180.1 181.4 183.3 185.1 187.2 189.5 190.9 192.9 194.6 196.7 197.8 199.8 200.1 201.5 205.7 212.2 221.5 232 241.1 247.2 250.5 252.9 255 257.3 260.6 263.1 267 269.1 271.7 272.6 272.8 275.2 278.5 281.5 285.8 290.7 297.8 303 305.1 305.9 307 304.6 301.5 298.8 296.2 291.6 286.8 281.7 275.5 269.6 265.1 259.9 254.3 247.8 241.3 234.3 230.9 225.2 220.5 215.6 209.9 206.5
206 205 204 202.2 198.7 195.3 192.3 189.9 187.4 185 183.3 181.2 177.3 178.1 179 180.8 181.9 182.9 184.7 187.5 189.1 191.6 193.8 195.7 196.3 198.1 200.4 202.6 203.8 205 209.6 217.3 226.4 234.6 243.8 249.4 253.2 255.8 258.7 262 264.9 268.8 272.2 274.7 276 278.9 279.2 279.9 278.9 281 287.5 291.4 296.1 298.8 300.9 302.6 301.6 299.2 295.2 291.5 288.3 285.7 282 278.1 272.7 267.6 262.2 257.5 252.6 246.8 239.5 234.9 230.5 226.5 220 214.5 207.2 201.9
207.3 206.4 204.5 201.1 196.2 192.5 189.4 187 184.8 183 182.1 179.4 178.9 180.6 181.1 182.8 184.1 184.9 187.3 190.1 192.3 194 195 197.6 198.4 200.8 203.2 205 206.9 209.7 213.5 222.1 230.3 237.3 245.8 251.3 255 257.9 261.4 265.2 268.5 272.5 277 280.5 281.5 281.7 282 280.7 280 280.9 286.4 290 292 293.7 295.1 296.9 296.3 292.2 287.9 285.9 284.6 280.5 278.4 275.4 270 265 259.8 256.5 250.8 244.5 239.1 235.1 231.6 225.5 219 212.8 206 200.2
209.4 206.9 203.9 200.7 195.9 191.2 188.1 185.8 183.6 181.9 180.5 180.6 181 182.4 183.3 184.9 186.2 188.7 190.1 192.7 194.7 196.2 198 200.2 201.1 203.5 206 207.6 210 214.1 220.1 228.6 235.3 240.3 247.7 252.4 256.1 259.7 263.5 267.5 271.3 274.5 280.1 282.9 282.8 283.9 282 279.2 279.9 281.9 285.8 288 288.6 289.2 289.4 289.5 288 284.3 282.4 280.2 279.3 277.8 275.8 272.5 267.7 263 257.6 253.6 248 243.1 240 235.3 229.7 224.3 215.4 209.6 203.9 203
210.1 206.7 204 200.1 196.7 190.4 187.7 185.8 183 180.8 180.2 181.8 182.5 184.1 185.6 187.2 188.5 191 193 194.9 196.9 198.2 199.9 202.4 205 207.3 209.5 211.3 215.4 219.6 225.6 234.2 239.8 243.8 249.8 254.1 257.3 261.2 264.6 268.6 272.3 276.4 280.4 284.7 283.3 282.5 280.2 279.4 278.3 278.7 282.3 283.9 284.3 284.8 285.1 284 281.9 279.9 276.7 275.7 274.9 274 271 268.1 264.8 260.3 255.7 251.1 246.1 242.1 238.8 233.9 228.9 221.4 213 208.4 205.1 204.7
211.3 207.2 203.2 198.7 196 190.6 187.5 185.2 182.7 180.4 182.7 183.6 185.8 186.8 188 189.3 191.8 193.4 195.9 197.2 198.6 201.6 203 205.3 207.8 210.4 213 216 220.2 227.3 234.1 238.4 244.4 248.5 251.2 255.6 259.4 263.1 266.4 269.4 273 276.3 280.8 281.4 280.9 279.4 277.6 276.3 275.4 275.1 278 279.9 279.6 280.1 278.9 277.5 276.2 272.9 272.4 270.6 269.7 269.6 267 263.6 260.5 256.3 252.7 247 243.3 240.7 236.5 233 225 216.7 211.5 210.4 208.4 209.9
212.1 207.5 202.6 198.5 194.4 190.2 187.2 183.9 182.1 182.4 184.7 185.8 188.2 189.2 190.5 192.1 195.3 197.2 199 200.9 202.3 205.2 206.9 208.6 210.7 213.9 217.2 218 225.1 233.2 242.3 244.2 247.1 249.9 253.6 257.2 260.1 264.3 267.5 269.8 272.8 275.8 276.4 277.2 277.7 276 275 274.2 273 271.6 274.1 275.4 274.9 274.3 273.8 272 271.2 269 267.9 266.2 265.6 264 261.9 259.1 256.9 253.4 249.7 245 241.7 238.2 234.4 228.1 221 216.1 214.7 213.3 212.7 212.5
211.2 206.5 202.1 197.9 193.7 190.7 187.4 183.9 183 185.5 185.8 188.5 190.9 192.7 194.4 196.7 199 202.3 203.6 205.5 206.9 209 211.1 213.3 214.4 218.3 222.2 224.8 227.1 240 246.9 249.1 250 252.5 254.6 257.3 261.8 264.2 267.7 270.2 273.3 274.5 273.8 274.1 273.9 272.5 271.7 270.8 268.4 265.7 267.7 269.7 268.9 268.6 268.8 267.6 266 265 263.2 262 260.4 258.9 256.9 254.3 252 249.3 245.3 242.1 239.4 236.9 232.1 225.7 218 217.4 216.2 215.5 215.8 215.3
210.1 207.2 202 197.7 193.6 190.4 186.8 183.9 185.8 187.6 190.3 194.5 196.3 197.1 199 201.3 205 206.8 208 208.6 210.4 212.6 214.9 217.6 219.5 223.5 227.8 231.8 238 243.3 247.5 249.8 251.5 253.4 256.7 258.7 261.8 265.9 268.1 271.3 272.3 272.8 271.7 270.8 269.9 268.3 267.3 265.7 263.8 260.4 262.2 264.8 264.9 264.8 264.6 263.4 261.4 260.3 257.9 257.4 256.1 253.7 252.6 248.7 248.5 246.9 243.2 240 237.6 234 227 221.3 218.3 217.7 218.4 217.8 217.6 217.3
211.2 206.5 202.4 197.5 193 189.9 185.9 187.8 189.4 192.3 197.6 200.6 201.9 201.4 203 205.3 209.3 210.3 211.4 212.4 214.6 217.2 219.9 224.3 229.5 236.2 239.4 242.5 244.9 245.6 248.2 251 253.2 255.6 258.2 260.2 263.7 266.6 269.5 270.9 271.3 270.8 269.6 267.3 266.8 264.2 262.6 261.2 259.2 255.1 257 259.7 261.1 260 259.8 258.1 255.2 255 254.6 253 251.1 249.5 248.4 246.1 245 242.5 240.5 237 233.4 226.1 220.7 219.2 218.4 217.5 219.8 221.1 220.5 219.9
209.6 205.8 201.8 196.4 192.5 188.7 188.7 191.1 193 198.5 202.8 204.8 205.7 205.6 207.1 209.4 210.9 213.1 215.4 216.7 219 221.9 227.2 233.5 243.2 250 252.3 251.1 252.1 251.4 251.4 252.5 254.8 256.7 258.4 261.9 264.9 268.1 270.3 270.1 270.5 268.9 267 264.1 262.1 260.2 258.5 256.7 254.3 251.7 252.2 253.3 254.5 254 252.4 252.2 250.8 250.4 250.3 249.1 247.7 246.7 245.5 244 243.4 241 239.1 234.9 228.8 223.8 221 220 219.6 219.8 222.1 223 222.3 222.2
208.2 205 200.8 195.8 192.7 188.6 192.2 193.7 197.4 203.2 207.2 209.4 209.8 208.9 210.3 212.2 214.2 216.4 219 221 223.7 228.9 238.6 247.1 254.1 259.4 258.9 258.9 257.4 255.5 254.7 255.2 256.8 257.9 259.2 263.1 265.2 268.6 269.4 269.7 267.1 266 263.6 260.6 257.7 255.5 253.9 252.3 249.9 248 244.4 248.2 248.3 248.6 248 247.3 246.3 246.4 246.3 245.3 244.9 244.1 243.6 242.3 239.7 238.4 234.2 226.7 225.2 224 222.4 221.4 220.6 222.1 222 221.7 220.6 222
207.1 203.9 199.5 195.9 192.7 190.8 193.8 196.1 200.5 206.6 211.1 213.3 214.2 212.5 213.6 215.9 217.8 220.6 223.2 226.2 229.8 238.3 246.6 259.7 263.8 265.8 265.9 264.3 260.9 260.3 259.1 257.9 258.3 258.8 260.1 262.5 265.3 267 267.7 266.9 264 262.4 260.2 257.4 254.5 252.3 249.3 247.6 245.7 244.6 241.1 243 243.1 242.8 243.2 243.4 243.6 243.8 243 243.1 242.9 242.4 241.2 239.8 237.7 235 230.8 227.2 225.9 224 222.6 221.4 219.7 219 218.9 218.1 218.1 219.5
204.5 202.2 198.6 195.4 192.5 195.2 196 197.7 202 208.6 214.6 218.1 218.8 216.5 217.7 219.6 222.4 225.3 228.6 232.1 238.3 247.6 261.4 268.2 269.4 269.5 269.1 267.9 265 263.4 262.5 260.9 260.1 260 260.9 262.1 264 264.5 264.9 263.3 260.1 258.7 256.4 253.1 250.3 248.3 245.8 243.7 242.1 241 238.2 238 239 239.1 239.6 239.3 239.9 241.1 241 242.4 241.6 240.9 240.3 237.9 236 234.3 231.5 228.8 226.5 223.6 221 218.3 216.3 214.1 215.1 215.6 215.7 216
203.5 201.1 197.4 193.7 195.7 196.9 198.4 200.1 202.4 208.6 216.8 221.1 221.4 220.5 220.9 221.8 225.3 229.3 233 236.5 243.4 259.5 270.4 272.2 272.7 271.8 271.4 271.3 269.9 267.5 265.3 263.3 261.7 261.3 261.2 261.5 261.5 260.8 260.6 258.3 256 254.2 251.8 249.7 247 244.4 242.4 240.3 239 236.7 234.3 234.8 235.2 235.8 235.6 236.8 238.1 239 239.4 240.9 240.1 239.9 239.8 237.7 235.6 234.7 231.7 229.3 226.4 224.1 220.6 216.1 213.2 211.9 211.5 213.1 213.4 212.5
201.4 198.8 196.2 195.7 197.6 200.7 202.4 203.1 205.3 206.6 214.5 219.1 221.3 222.5 222.4 224 227.6 231.4 235.1 239 248.8 266.9 271.7 274.3 273.8 272.8 274.2 274.5 273.3 270 268.2 265.7 264.2 262.7 262.2 260.6 259 257.8 256.2 254.2 252.4 249.9 247.9 246.9 243.8 240.4 238.2 236.3 235 233 231.7 231.3 232.2 232.1 233.1 233.7 235.4 237.6 238.7 239 239.3 238.9 240.2 239.4 239.3 237.4 233.6 231 227.9 223.7 218.2 215 210.9 208.8 208.2 208.8 208.9 207.7
201.6 199.8 197.5 199.2 201.9 204.8 206.2 206.9 208.2 210.2 213.4 216.4 220.7 223.7 224.3 226.4 229.7 232.8 237 242.5 254.5 263 269.7 273.2 274.8 274 276.2 275.9 274.7 272.8 270.6 267.4 265.1 263.5 260.9 259.3 256.8 254.9 253.1 250.8 248.3 246 243.7 242.4 239.2 237.5 235.6 233.4 231.4 229.9 228.5 227.3 228.6 228.3 229.5 232.1 234.5 236.2 237.6 238.1 238.3 238.8 240.5 242.4 241.9 239.5 236.6 232.1 225.6 221.1 217.1 213.2 209.8 204.9 204.1 203.6 203.3 201
204.1 202 199.3 200.8 205.4 208.6 209.9 211 212 212.2 214.8 217.3 220.5 224 226.7 229.4 230.8 234.4 238.9 244.8 255.2 263.8 269.3 272 273.7 273.7 273.3 274.3 273.7 271.9 270.3 268.3 265 262.8 260.5 257.7 255.3 252.7 250.5 248 245.3 243.4 241.1 238.8 235.7 234.7 232.9 229.8 228.3 226.3 225.4 222.3 223.7 224.8 228.6 232 234 235.2 236.8 237.8 240.1 242.1 244.2 244.9 243.3 239.5 232.8 228.1 223.3 219 215.2 211.9 208.4 204.1 199.9 199.7 197.4 194
205.9 203.9 202 202.9 207.6 211.3 213.1 214.3 215.4 216.1 216.9 219.3 222.3 224.9 227.8 230.5 231.9 234.3 239.9 246.6 256.7 266 270.2 271.9 271.6 270.9 270.7 270.9 271.1 270 269.2 266.6 264.4 262 259.6 256.9 254 251.1 248.7 246.4 243 240.2 237.6 235 232.8 231 229.5 227.5 225.2 224.2 222.1 219.6 222.3 226.4 229.6 231.9 234.3 235.7 236.9 240.1 242.2 244.7 245.7 243.4 240.6 235.6 229 226.2 222.4 217.8 214.2 211.4 206.6 201 197.2 194.2 192.8 189.8
208 206.9 203.8 205.2 208.9 212.2 215.4 217.2 218.9 220.5 220.6 221.4 224.2 226.8 229.2 231 233.4 237.3 242.1 249.1 258.6 267 269.9 269 268.8 268.2 268 268.2 267.6 265.9 265 263.4 262 260.2 257.2 254.9 252.3 249.4 247.2 244.2 241.1 237.7 234.8 231.8 230.3 227.3 226.4 225.2 222.4 221.4 219.4 217.3 223 227.7 230.2 232.4 234.5 236.8 239.2 240.8 242.6 243.5 243 239.3 235.2 230.7 227.3 224 220.3 216.4 212.3 209.6 203.3 198.3 194.4 191.6 190.3 189
210.3 208.4 205.8 207.3 209.9 213.5 217.1 219.6 222.4 223.6 224.1 224.9 224.9 227.9 230.9 232.4 235 240 245.3 251 258.5 265.4 266.6 265.6 265.7 265.4 264.8 264.6 262.8 261.7 261 260.2 258.6 256.6 254.4 252 250 247.7 244.8 241.9 238.7 235.2 232.5 229.8 226.8 224.1 222.8 222.3 220.6 218.1 216.4 218.3 223.9 227.1 229.9 232.5 234.8 236.8 238.4 239.3 240.9 239.8 237.3 233.1 229.7 228 224.8 221.6 217.7 213.4 209.3 204.2 199.1 195.1 192.8 190.4 189 188.5
212 209.6 207.6 208.9 210.7 214.8 218.5 222 223.9 226 227.2 227.6 227.9 230.3 232.4 234 237.3 242.9 246.7 251 256.8 262.2 263.2 262.6 262.1 261.7 261.2 260.1 258.9 257.8 257.1 256.2 254.7 252.4 250.4 248.7 247 245.7 242.7 239.8 237 233.6 230.7 228.4 224.5 222 220.7 218.6 218.4 216.6 213.5 219.7 223.1 226.5 229 231.4 234 236.1 237.6 238.8 238.3 236.3 234.7 231.7 227.5 224.9 222.3 218.5 214.6 209.9 203.9 198.4 195.2 193.5 191.7 189.9 187.8 187
