UK/data/nm/nm43_OST50GRID_20230518/NM43.asc
ncols 200
nrows 200
xllcorner 140000
yllcorner 730000
cellsize 50
[rows 144 to 179 of 200, columns 82 to 163 of 200]
1.7 2.5 3.5 12.1 22.3 38.9 34.8 34.1 37.2 41.6 44.2 46.5 47.7 61.6 63.8 66 65.7 64.1 63.2 63.6 64.3 65.5 70 85.9 109 141.3 135.8 112.9 124.9 132.1 141 153.7 174.9 194.8 218.1 242.6 271 311.7 323.3 315.5 322.7 323 320.8 318.3 318 328.7 336.8 342.9 345.1 345.3 342.6 341.3 333.9 327.4 321.7 316.9 312.5 309.4 304.8 307.3 306.9 309.4 307.7 313.3 316.4 319.4 323.5 326.2 325.5 325.4 325.6 330 334.6 340.7 343 346.2 352.4 361.3 372.7 377.6 387.4 399.7
4.8 8.1 14.8 31.7 37.8 39 40.5 40 47.1 49.3 50.8 52.1 62.1 64 67 68.1 64.9 64.9 64.3 64.9 65.8 74.3 90 111.1 140.6 157 145.4 137.6 120.8 126.7 136.2 145.3 161.6 182.2 209 234.8 258.9 289.6 317.4 312.6 311.8 314.7 312.1 306 303.6 309.9 318.8 327.3 332.6 339.6 338.7 333.3 327.8 320.8 314.9 311.1 306.2 302.2 297.5 300.3 297.2 304.5 302.8 309.6 314.5 317.5 319.9 320.6 322.7 324.2 326.4 330.3 333.6 339.7 344.4 351.4 362.4 368.8 376.6 384 390.3 402.3
1.9 6.6 24.6 36.4 39.4 41.1 44.3 44.8 50.7 64.5 67.5 64.9 75.1 67 67.7 66 65.6 66.6 65.8 66.7 73.5 92.6 117 150.2 181.2 167.2 157.1 147.1 136.6 124.4 128.9 141.3 156.2 176.7 205 224.2 247.8 272.9 307.4 310.4 301.5 305.9 301.6 293.6 289.4 290.7 297.4 310 321.7 329.9 329.1 324.2 315.4 309.7 307 301.6 298.2 296.5 292.3 290.7 293.1 299.7 299.2 307.1 312.9 315.7 316.2 320.6 322.9 324.4 326.3 330.1 335.8 343 347.3 356.3 365.2 374.3 379.2 392.6 399.3 410.7
0.2 4.3 42.3 41.2 43.5 48.2 63.2 62.9 60.4 69.4 74.8 79.6 76.9 73 69.6 68.5 73.8 67.5 68.3 75.5 91.8 115.6 155.1 189.7 191.7 183.8 169.5 154 143.6 133.3 125.4 136 148.4 168.9 204.2 216.7 233.1 256.7 282 302.7 293.9 289.9 285.7 280.1 276.1 276.2 277.6 284.3 301.6 315.3 318 314.4 307.3 301.9 296.8 293.4 290.2 289.2 289.4 287.9 286.6 289.6 297.3 301.8 308.7 315.4 317.9 321.4 323.9 326.6 330.3 332 337.6 345.1 350.5 362.2 370.1 375.9 386.5 396.3 408.3 417.3
0.7 3.9 36.3 49.3 59.9 68.9 69.8 67.6 70.3 69.9 80.6 82.4 78.8 74.9 75.8 79 73.5 73.8 77.5 95.2 115.5 144.9 212.8 206.1 204.4 193 182.7 163.9 151.1 138.1 130.1 133.3 143.3 160.5 185.1 208.3 222.4 242 261.7 293.7 288.4 273.4 271.2 270 267.4 264.1 271.5 274.7 280.9 294.5 302.7 302.1 296.9 292.4 288.6 284.7 280.5 280.7 283.3 282.8 279.4 284.6 292.9 301.6 307.4 315.9 319.6 322.9 326.3 328.6 330.8 333.2 339.3 345.6 354.1 363.4 372.1 382 391.5 402.5 413.7 427
1.9 6.2 46.8 64.1 69.7 70.4 70.9 70.8 70.5 72.8 82.4 83.1 77.9 77.9 81.7 81.8 81.4 86.8 100.3 120.7 142.6 179.4 224.1 216.5 211.5 203.5 192.2 173.3 158.3 145 135.6 129.7 137.6 150.8 168.1 199.5 214.9 224.1 246.2 280.9 277.9 265.5 256.6 256 252.4 249.8 252.5 264.6 269.8 271.1 276.4 284 283.5 281.2 280.8 276.2 276.9 275.8 274.9 276.9 282.4 288.9 292.5 300.9 307.8 316.4 320.4 324 327.2 329.3 331.8 336.5 341.9 347.6 354.7 364.9 374.6 386.3 395.8 407.1 419.6 433.1
3.9 25.1 52.1 70 74.8 75.7 76.6 78.2 80.8 78.9 88.4 87.3 85.9 88.7 93.1 94.9 98.3 109.5 127.8 147.1 171.3 244.2 237.1 228.4 225.9 210.4 197.3 181.9 163.7 149.6 140.2 134.7 132 140.5 157.2 178.2 200.3 215.4 236.2 263.6 266.1 252.4 243 245.3 243.2 244 244.4 245.7 253.2 255.5 255.5 259.6 260.2 262.3 266.5 270.5 269.2 267.5 269.8 267.2 280.6 287.4 292.4 301.2 307.9 316.8 319.4 323.9 327.7 330.2 333.1 340.2 344.1 349.8 355.8 364.6 374.8 387.1 397.7 410.6 427.5 438.8
8.7 40.7 60.6 81.6 87.8 81.7 81.4 85 86.5 86.1 95.3 98.9 99.5 106.6 111.3 119.6 125.1 139.4 161.7 208.4 256.1 254.7 247.5 237 228.6 216.6 207.4 191 172.7 158.5 147.3 137.8 133.9 137.5 146.4 161.3 178.1 206.4 217.6 233.2 243.1 239.6 235.1 233.2 233 233.2 233.5 237.1 237.6 240.9 245.8 244.3 249.5 248.2 246.8 252.5 255.7 254.5 256.6 264.1 276.5 285.7 291.4 300.7 305.4 310.8 318 322.9 328 332.5 335.5 340.6 344.5 350.5 358.2 366.7 377.4 386.6 398.4 410.4 428.3 441.1
58.2 71.2 74.8 86.5 92.4 89.4 90.9 90.7 93.3 102.4 110.7 118.9 127 135.6 139.7 152 164.9 174.8 230.3 258 268.1 269.7 266.4 248.1 233.1 226.8 214.8 198.4 183.9 164.5 152.9 143.3 137.6 133.2 140.5 149.8 164.4 182.7 202.3 213.7 220.2 222.4 222.1 222.2 221.3 220.4 221.9 223.7 226.7 227.9 232.4 235.8 236.5 236.6 236.8 237.4 239.9 240.1 251 261 274.1 281.3 290 296.8 302.5 310 314.2 318.8 324.8 332.5 339.5 342.9 345.6 351.1 358.9 367.5 379.4 386.1 398 410.6 425.1 441.3
88.6 86.9 85.7 92.9 94.3 94.1 96.3 102.8 114.6 126.7 138.1 147.2 159.6 171 178.6 186.2 239.7 269.7 275.3 273.2 281.5 281.6 279.7 264.6 242.4 229.3 218.9 208.4 191.1 173.1 160 148.8 140.6 135 135.9 140.8 150.5 161.9 183.1 196.8 203.2 206.6 204.4 203.2 209.2 209.5 208.6 208.8 212.3 215.1 215.9 219.1 223 225.8 228.6 229.2 231.1 233.3 245.7 253.2 267.7 276.7 284.1 289.5 297.3 306.5 315.1 318.4 323.8 329.7 340.6 342.2 345.4 350.1 355.9 365.5 375.4 383.4 394.9 408.4 425.3 438.9
86.9 89.9 93.8 97.8 96.3 97.2 106.1 122.5 142.5 161 173 180.8 213 243.1 290.1 298.6 295.8 294.7 289.5 290 289.4 288.6 285.5 279.9 257.2 241.5 228.5 215.6 198.4 180.8 166 154.3 143 136.6 135.5 136.7 138.6 145.2 156.9 173.3 181.4 189.3 190.5 189.9 194.5 199.1 199.5 200.4 201.7 204.4 204.1 206.3 209.2 211.7 216 219.8 228.1 227.4 237.3 248.7 260.9 270.7 279.6 285.5 290.9 296.8 306.1 315 321.4 326.1 333.7 340.2 343.2 349.2 356.2 365.1 377 379.9 387.4 401.2 419.3 434
88.4 92 98.6 99.9 102.7 117 130.7 150.1 173.5 193.4 210.8 271.7 285.9 305.1 309.6 313.8 314.8 316.5 315.1 306.9 301.7 305 299.2 286.3 270 249.8 234.8 220.1 207.3 187.2 170.4 156.7 145.6 138.9 137.4 136.2 136.7 138.4 142.9 149.4 157.3 166.4 173.6 176.1 174.9 181.2 184.2 183 189.9 192.3 194.6 196.5 198.6 202.3 205.8 217.2 226.1 227.3 234.9 244 253.8 264.2 273.2 279.6 286.5 294.2 300.8 310.9 319.1 325.9 331.4 334.9 341.8 347.2 353.3 359.8 369.1 378.3 384.5 394.6 406.4 428.4
93.5 100.9 101.8 108.6 115.8 134.8 156.5 180.1 207.4 256.1 290.4 320.2 322.1 332.1 337.2 336.9 335.1 338.5 336.5 327.9 321 313.9 308.9 293.4 277.9 265.6 243.6 227 210.2 193.6 173.3 160.2 149.4 140.6 139.1 138.2 137.3 137.2 137.8 139.6 143.2 151.2 155 158.5 163.1 164.7 169.3 171.6 177.5 181.2 183.1 187.2 191.7 198.8 203.2 212.3 224.4 224.7 226.3 239.6 249.5 260.8 270 277.5 292.2 292.4 298 304.8 315.9 323.4 326.9 330.8 338 346.4 350.4 361.3 373.2 378.1 382.3 389.4 397.1 407.4
100 102.8 107.8 121.4 137.5 155.5 181.4 209.4 287.1 329.4 335.9 333.6 335.5 341.2 346.3 351.8 358.6 357.7 353.4 350.9 338.9 325.2 317.6 299.4 276.4 264 245 228.5 212.5 204.7 181.6 164.1 148.7 142.8 141.3 139.1 138.2 137.2 137.6 138.1 139.7 141.9 143.4 146.5 149.6 152.7 155.6 158.5 167.4 173.1 173.7 177.9 188.5 193.7 200.7 205.5 219.5 224.3 220.5 235.7 243.5 254.4 265.9 271.8 286.2 290.1 295.5 299.9 314 320 325 329.5 338.2 346.4 349.7 357.7 367 371.5 377.4 383.1 389.9 396.7
108.2 115.4 125.1 136.3 156.8 180.2 210 257.4 330.4 342.4 348.2 343.3 359 362.1 361 362.8 367.2 365.3 365.5 360.1 352.7 343.9 328.9 306.8 279.4 256.3 244.6 232.9 220.2 206.8 188.3 173.1 160 148.6 143.1 140.2 139.4 138.4 137.6 138.2 138.6 140 141.6 143.6 145.2 147.2 149.7 154.1 158.9 165.5 169.1 173.2 180.7 187.1 192.3 201.4 208.5 219.4 215.2 229.9 236.2 246.5 254.8 264.9 269.9 285.6 292.4 297.2 307 316.6 318.7 325.3 335.8 341.4 347.6 351.8 358.9 363 370.9 378.5 383.5 389.3
125.8 135.6 143.5 155 181.8 209.2 263 315.4 333.5 344.6 350.3 351.8 367 375.1 376.7 376.8 379.2 377.5 376.4 372.3 357.7 347.9 334.8 315.7 293 265.7 251.3 241.6 229.7 216 209.3 193.8 172.9 159.7 151.6 145.2 143.6 139.6 138.8 138.3 139 140 140.7 142.2 143.6 144.8 147.2 150.3 152 155.6 159.7 168.7 172.6 178.1 187.4 194.6 202.6 207.7 211.4 229.2 235.4 241.7 248.1 256.8 263.9 269.6 285.7 291.2 298.5 309.8 314.2 323.7 332.4 337.6 343.8 348.5 356 358.7 363.5 372.9 374.1 379
136.3 144.5 156.6 182.5 244.4 249.3 300.8 315.9 328.7 341.3 350.3 362 372.1 383.4 385 384.3 383.8 388.1 383.5 374.2 367.4 357.4 344.5 332.2 303.5 288.8 266.7 250.9 237.8 226.8 216.8 207 196.9 178.6 165.2 157.7 151.8 147.4 144.6 140.4 139.5 139.6 140.3 141.4 142.4 142.8 145.2 148.2 148.2 149.2 151.6 155.7 161.9 167.6 175.6 184.2 192.9 199.1 204.3 222.8 229.8 236.3 243.8 247.9 260 265.9 271.5 280.9 293.4 303.9 309.6 319 325.3 333.1 337.8 342.8 346.4 352.9 356.4 362.4 366.2 371.1
145 149.2 169.8 202.8 264.6 282.3 302 314.5 328.5 340.7 350.4 366 370.6 382.2 387.1 394.1 392.9 394 392 389.8 395.8 385.2 364.3 344.8 317.1 301.4 289.8 269.6 253.7 241.2 229.5 220.5 210.5 202.7 186 173.5 167.2 161.7 156.1 148 142.6 140.1 142.5 142 142.1 142.5 143.6 145.3 146.3 147.1 147.2 148.3 152.3 159.7 169 173.5 180.4 181.3 200.2 208.4 227.5 232.4 239.5 241.4 249.8 260.4 266.3 278.6 293.9 294.9 301 310.8 320.2 328 336 340.5 341.7 346.3 351.5 355.2 359 363.3
144.5 157.3 180.9 223.5 267.4 284.8 297.8 315 322.2 336.7 347.4 364.6 366.2 374.8 388.4 403.1 408.7 405.9 406 403.3 405.7 403.8 397.5 366.6 347.8 325.5 306.5 293.4 280.7 257.4 245.3 240 232.3 217.4 208.2 201.1 185.7 177.1 169.2 159.7 155.5 146.6 148.2 149.4 146.1 145.8 144.9 144.4 145.1 145.9 146.4 145.7 146.2 151.4 158.3 167 168.6 181.4 191.6 200.9 219.9 227.7 231.8 239.5 242 252.5 262.1 270.6 284.6 290.3 293.9 301.2 318.1 325 334.4 340.3 337.1 339.4 342.1 347.4 353.4 359.5
155.6 172.2 192.1 234.9 261.7 277 286.7 304 315.1 327.5 350.6 365.4 368.5 385.3 401.1 407.3 412.5 413.8 412.6 411.5 413.2 430.3 429.7 405.7 380.3 361.7 349 318.4 303.5 289.6 277.5 255.8 243.8 233.8 220.7 215.4 210.3 197.1 187.5 181 173.1 164.8 156.5 153.8 153.9 151.2 147.9 146.3 145.8 144.8 145.2 144.9 143.9 144.6 150.7 155.5 164.9 171.4 184 193.3 204.3 219.9 225.7 233.8 239.2 243.5 254.3 263.9 276.3 287.1 289.8 290.9 307.1 323.4 331.4 339.2 333.4 333.9 335.8 339.6 347.9 352.1
167 196.8 220.9 253.4 260.6 268.6 275.8 292.5 314.6 340.9 366.6 367.4 374.1 388.1 403.7 411.4 425.1 435.2 435.1 427.5 436.8 437.8 440.9 439.3 412.8 395.2 378.5 377.2 343.4 317.8 305.1 294.6 283.9 273.5 248.9 237.6 226.2 217.7 208.6 198.9 199.8 182.4 175.2 164.2 160.7 158.6 157.3 151.1 147.7 145.5 144.4 144 143.4 143.4 142 151.7 159.2 164.2 176.7 182.2 190.3 205.2 217 224.7 234.1 237.9 244.7 254.8 264.9 280.9 282.2 281.5 299.9 313.5 327.2 328.1 331.2 331.1 330.3 334.1 338.6 343.5
169.5 212.2 226 256.4 264.5 269.1 277.5 293.4 312.2 342.9 367.5 368.4 376.4 389.4 402.2 410.2 421.1 440.5 440.8 442.4 442.5 442.5 443.6 442.8 441.3 432.5 408.2 400 385.8 361.1 343.8 324.3 307.1 294 288.9 273 251 244.4 238.3 221.9 209.8 202.3 192.7 180.2 172.3 169 167.9 164.3 156.3 149.4 147.3 147.1 143.6 142.3 140.5 145.7 153.8 157.2 164.2 173.8 182.4 195.5 203 217.8 226.1 233.4 236.6 245.5 254.7 269.1 272 275.8 288.7 301.6 311 316.2 323.1 329.1 325.8 328.6 332.3 335.9
168.6 202.6 250.5 259.3 265.2 269.1 279.9 292 309.1 338.4 367.3 368.7 375 388.8 395.4 409.7 415.8 434.2 441.6 444.7 446 446.1 446.1 445 445.9 444.7 441.4 437.6 414.8 395.8 376.8 354.3 338 319.2 297.2 288.8 274.1 264.6 254 252.4 236.2 215.5 207.5 204.3 187.5 180.1 172.9 168.6 166.7 161.8 158.1 154.1 146.9 147.2 137 142.6 145.1 151.7 158.6 164 174.4 181.7 190.5 201 209.9 224.4 229.7 239.3 245.9 250.3 262.4 268.6 274 287.8 299.7 306 312.8 318.5 323.1 324.1 327.6 332.1
190.1 227.7 249.6 260 263.9 269.1 282 292.7 304.3 325.2 364.3 370.4 372.1 381.6 389 395.3 412.7 424.1 441 445.5 447.1 447.6 446.8 446.7 449.2 454 447 440.5 436.8 432 399.7 380.6 367.1 343.2 326.3 308 288.4 271.1 262.7 261 251.1 247.7 226.6 208.2 203.4 195.2 183.8 180.9 176.1 166.9 163.2 155.8 149.4 146.5 143.5 140.3 141.1 143.8 155.3 158.9 166.9 173.5 182.7 189.2 199.8 213 221.8 232.4 237.2 244.8 252.1 257.6 264.6 278.7 289.8 299.7 305.7 311.2 315.4 320.7 323.3 328.7
223.4 232.9 248.1 257.7 264.9 270.2 282 294.4 303.3 317.7 347.5 370.4 371.5 373.7 389.4 393.2 409.2 422.2 445.4 449.4 449.5 448.3 447.8 448.2 449.5 455 449.2 445.3 440 436.9 430.7 413.8 383 368 343.3 321.1 308 284.9 269.2 259.9 258.2 252 243.6 222.3 207.8 201.8 193.6 186.3 179.3 170.8 161.4 156.2 151.8 150.1 144.7 139 138.8 141.4 148.2 154.1 160.1 167.5 175.8 181.3 190.1 200.3 216.1 225.3 232.3 236.1 240.6 248.2 252.5 268.2 280.3 291.9 298.2 306.2 313.1 318.5 321.1 327.1
225.8 238.2 246.9 257.7 264.1 271.7 282.7 292.5 302.3 313.5 335.6 367.1 370 372.7 386.2 401.4 404.9 420.7 436.6 450.2 450.2 450.2 449.5 449.8 450.2 451.7 452.8 449.9 446.7 442.6 434.2 427.6 403.5 377.6 362.1 334.7 315.9 308.6 289.1 273.4 262.6 255.6 243.7 232.8 219.9 208.6 199 192.8 184.7 180.4 170 163.3 158 154.1 149.5 143.2 129.9 139 143.2 148.7 152.5 161.2 168.4 173.8 180.3 189.6 200.3 215.7 227.9 229.3 234.7 240 242.4 253.5 268.7 277.9 290.6 299.6 309.7 314.8 318.7 320.5
228.2 242.2 252.3 263.6 266 271.6 284.3 293.2 300.7 308.4 323.2 355.6 369.2 371.4 382.6 401.1 404.5 416.1 443.5 450.6 450.9 451.1 450.9 450.8 451.2 455.3 457.6 455.5 453.8 450.2 444.9 431 423.6 389.3 367.6 343 322.8 311.2 306.4 301.6 283.6 258 251.2 243.3 226.8 215.3 206 195.6 192.9 190.4 179.1 172.1 163.8 157.1 151.4 145.6 137 135.3 138.8 143.8 151 155.9 160.1 167.4 174.6 181.9 191.3 207.2 215.2 224.5 226.2 230.7 236.2 246.9 257.7 268.4 281 292.3 304.3 309.2 313.1 317.3
253.6 242.4 255.3 261.9 266.5 275.3 283.5 294.7 300.9 307.3 316.8 345.1 366.5 371 377.1 397.8 404 416.3 428.2 450.5 450.9 451.3 451.3 451.1 452.2 456.9 461.5 461.1 458.2 457 450.1 438.7 425.7 395.7 369.6 352.1 332.5 319.2 306.8 302 283.6 264.8 251.5 241.3 228.8 219.3 212.2 204 195.2 192.5 187.4 177.5 169.6 159.1 152.1 146.9 138.7 127.4 135.5 141.6 144.5 147.7 154.9 160.1 168 174.5 181.7 189.5 201.6 212.6 218.8 222.5 228.1 238.3 253.2 262.8 271.9 281.4 293 302.9 305.6 308.5
265.8 265.7 262.9 265.3 268.9 275.1 285.2 295.6 302.6 307.9 314.7 335.3 360.4 371.4 375.9 393.9 404.9 423.4 429.2 446.8 451 450.9 450.7 451.4 453.3 459 467.4 463 459.7 459.8 451.4 442.1 427.7 418 376.9 362.3 338.4 322.4 308.5 303.8 297.8 272.6 254.1 241.9 235.8 225.5 219.3 210.8 202 194.9 188.7 179.7 172.8 162.2 156 148.5 141.3 131.5 128.8 136.6 140.2 144.8 148.1 153.7 162.1 167.4 173.7 181.5 188 198.6 208.8 216.5 232.9 231.5 242.8 253.3 263.7 273.5 282.6 291.1 298.7 302.4
273.6 275.2 277.8 275.6 270.4 278 283.8 292.5 297.4 308.3 311.6 329.2 358.3 371.4 374.8 391.5 402.3 410.9 432.1 447 451 451.4 450.6 451.5 453.2 458.6 465.3 464.2 461.6 461.3 449.6 440.9 432.6 415.1 381.7 363.8 342.6 323.1 310.2 300.2 285.9 272 261.7 254.5 244.8 236.4 223.6 218.5 209.8 200.7 190.3 184.7 174.9 169 160.2 151.8 143 137 119.1 128.5 132 138.3 139.9 147.5 154.2 160 165.1 171.8 177.8 185.6 201.6 210.8 219.8 224.8 231.7 242.2 253.5 265.4 272.5 279.6 288.5 294.8
272.7 281.6 282.7 282.2 279.2 276.2 279.2 292.9 297.7 306.2 311.9 323.6 355.8 370.2 376.2 391.6 401.5 406.6 430.6 448.9 450.3 451.7 451.8 451.6 452.2 456.9 463.2 463.7 461.1 458.7 449.3 436.9 427.8 406.6 380.4 360 343.3 323.9 308.3 295.8 288.6 278.1 276.7 280.4 261.9 248.8 234.5 222.8 215.8 210.3 193.6 190.7 180.9 171.4 164.9 154.3 147.9 141 131.7 118.2 126.3 129.1 136.1 139.9 149.7 155 158.4 162.1 167.4 176.4 188 202.7 210.2 215.9 221 231.2 239 251.3 261.2 269.7 277.5 287.1
284.7 281.4 288.1 289.6 287.7 287.8 286.3 289.5 299.6 305.2 312.9 321.9 348.7 371.7 376.2 388.1 400.7 402.7 416.6 438.1 450.2 451.7 450.6 451.1 451.9 457 462.5 462.9 457.1 454.4 446 433.7 425.2 399.7 370.9 353.5 335.7 321.1 311.2 308.8 304.6 294.7 296.2 292.9 274.9 259.2 245 231.7 219.7 213.2 199.2 189.5 185.6 173.3 168.4 159.8 150.7 144.1 136 124.4 115.2 120 123.8 130.2 139.1 146 152.3 155.8 160 167.3 175.1 189.4 203 208.6 214.8 218.7 231.1 237.5 248.2 258.1 265.8 278.7
295.2 292 291.9 293.3 294.5 296.1 297.1 290.4 297.8 306.3 312.7 323 341.6 371.5 376.8 389.6 401.6 402.3 406.1 421.6 449.3 451.1 451.1 450.3 449.8 451.8 456.7 455.7 452.5 448.5 441.8 435.5 420.5 390.1 367.7 351.3 336.6 320.6 314.3 309.7 304.2 300.4 292.1 278.9 272.3 262 247.5 237.2 222.5 214.4 200.2 192.5 189 182.4 171.2 163.3 152.5 146.9 137.7 126 123.9 117.7 112.1 119.3 126 135.2 137.2 143.5 151 159.4 168.1 179.2 188.8 197.5 205.6 210.2 214.8 226.5 234.6 244.2 256.1 263.4
303.4 299.5 298.2 298.5 300.9 302.7 303.7 301.1 296.7 303.7 311.3 324.1 339.3 370.8 377.7 392.7 401.6 400.9 402.7 414.3 447.6 451.1 450.6 449.5 448.4 450.6 454.2 453.3 446.1 443.3 439.4 435.7 412.5 385.2 367.4 351.9 332.1 320.4 313.8 309.1 304.7 299.9 292.7 275.6 265.9 258.9 249 236.6 226.8 215.8 208.4 199.8 189.6 183.4 174.8 164.1 154.9 147.7 142.4 133.4 128.6 122.6 116.5 106 112.9 120.8 127.1 130.4 140.1 153 160.4 168.7 179.9 187 196.9 203.1 205 211.9 223.6 229.8 243.6 253.4
310.2 310.4 306.6 307.6 308.9 308 309.3 309.5 305.9 307.7 311.2 320.3 334 355.4 376 389.6 394 398.8 401.6 411.5 432.5 451.6 450.1 449.3 448.1 446.7 449 448.8 445.4 440.9 436.7 431.5 406.7 380 369.7 351.7 332.6 320.1 314.6 309.9 305.2 302 294.2 275 266.4 257.8 249.3 239.4 233 219.9 212.2 207.9 188.9 184.1 177.3 169.6 160.4 151.7 145.2 137.6 132.6 127.9 122.3 115.7 107.7 109.2 112.1 121.7 132.7 145.4 153.9 160.7 169.8 176.6 188.3 194 199 203 208.9 217.7 225.2 242.6
317.3 316 314.9 316.5 319.6 334.7 322.4 316.1 314.3 317.7 323.6 331.9 340 354.9 366.4 379.4 385.5 397.1 402.4 411.2 429.7 446.9 450.5 449.8 447.8 446.1 446.9 446.8 442.8 441.1 436.6 432.9 401.2 377.3 360.9 346.6 330.1 320.3 315.9 310.7 306 301.7 291.9 277.5 268.3 261.3 253.7 244.8 236 222.3 216.3 208.8 193.9 187.7 177.8 170.1 162.6 154.2 148.5 144.4 138.9 132.6 127.1 120.7 114 105.7 105.5 112.1 122.5 138.1 146.9 153 159.3 168.2 177.2 186.2 190.5 197 202.5 207.7 216.7 228.4
