WholeMapElevations/data/nn/nn27_OST50GRID_20230518/NN27.asc
ncols 200
nrows 200
xllcorner 220000
yllcorner 770000
cellsize 50
[rows 35 to 69 of 200, columns 0 to 77 of 200]
127 126.4 127.1 127 127.1 126.3 125.9 125.9 125.4 124.6 124.6 124.4 124.7 126.7 125.9 127.8 127.3 127.3 128.3 128.8 128.6 128 126.5 124.5 124.9 125.6 124.6 123.5 122.9 122.5 122.1 122 121.8 121.6 120.5 120 118.9 119.8 119 120.1 121 120.4 121 122 120.5 122.3 122.9 126.5 125.3 127.4 127 128.4 129.7 131.4 131.9 133.2 132.6 132.6 134 133.2 135.3 135.4 136 136.6 137.6 137.4 136.5 135.8 135.7 135 131.2 122.7 129.6 130 130.2 130.8 130.3 129.5
127.8 126.7 127.2 127.7 127.8 128 126.6 126.5 126 127.6 128.1 128.8 129.3 129.8 130.2 131.5 131.3 130.4 129.3 128.9 128.3 127.7 126.3 124.8 124.1 125.3 125.2 124.3 123.8 123.3 122.6 122.7 122.3 121.6 122.8 121 119 119.5 119.3 120.6 120.4 121.4 123.3 126.9 129.5 131.1 129 128.9 127.9 126.8 126.9 128.3 129.7 131.6 132.7 132.5 133.5 134.5 135.9 136 136.5 137.2 138.8 138.5 138.8 139.2 138.5 137.8 136.4 135.1 131.1 128.9 130.4 130.3 130.9 131.2 131 130.5
128.1 127.5 127.9 128.4 128.7 128.4 127.5 128.8 133.8 135.1 133.5 133.4 132.3 132.5 133 133.3 131.2 130.8 130 129.3 128.6 128.2 127 125.4 125 125.2 125.7 125.1 124.4 123.7 123 123.3 122.3 121.6 121.3 120.8 120.3 121.1 121.5 122.4 123.9 123 123.7 126.9 130.5 133.4 132.9 132.2 134.7 134.7 132.9 131 131.8 132.9 134.6 134.5 136.2 137.1 137.7 138.3 138.8 140.2 141.2 140.7 139.9 140.7 141.7 141 137.6 135.6 131.9 125.5 131.5 131.7 132.5 132.6 131.7 130.9
128.6 127.9 128.7 129.1 129.1 129.4 129.1 132.8 133.7 136.2 136.7 137.8 135.1 135 135.5 134.4 133 131.1 130.5 129.2 128.7 129.5 128.1 126.1 125.4 125.4 126 125.6 125.4 124.8 123.5 123 122.8 121.8 121.4 121.3 121.9 122.9 124.9 128.2 129.1 127.5 127.7 128.3 129.3 128.3 131.3 133.7 136.4 138.1 136.2 135.6 135.1 137.9 137.2 137.2 138.5 138.6 139.4 140.1 141.6 142.3 143.5 143.3 142 141.1 144 144.5 141.2 139.2 128.6 132.6 132.8 133.7 134.6 135.1 133.2 132.9
128.5 128 129.5 129.8 129.9 129.1 133.9 132.8 134.6 137.1 137.2 136.5 136.8 135.5 135.6 133.9 133.7 132.6 131.3 130.1 130 130.8 129.3 127.8 127.4 126.5 127.1 126.8 125.5 125.5 123.9 123.6 123.2 122.4 123.2 123.4 124.7 126.6 129.4 131.4 131 129.6 130.7 131.4 132 132.6 132.1 132.1 135.5 137.1 137.1 136.5 138.8 140.9 139.1 139.2 140.9 141.3 141.7 142.9 145.1 146.1 146.6 146 145.4 145.1 147 147 143.7 139.9 129.2 137.5 137.6 135.8 136.6 136.9 135.8 134.9
135.1 134.2 131.9 133.3 134.5 134.9 130.6 131.4 132.3 134.2 135.6 136.9 136.9 136.5 135.2 134.2 133.9 132.1 131.4 130.2 130.3 129.5 129.9 129.4 128.5 127.6 127.8 126.2 125.4 124.9 124.6 124 123.9 125.2 126.2 127.2 128.3 129.5 130.9 133.3 132.8 132.1 133.5 135.2 135.6 135.5 136.2 137.6 137 139.1 139.3 140.7 142.3 142.9 142.6 143.4 145.7 146.2 147.3 148.6 149 149.4 149.8 148.8 147.9 148 149.2 147.5 144.6 138.1 132.2 139.5 138.9 137.7 138.2 138.3 137.5 136.7
142.2 142.8 141.1 143 144 143.2 138.3 136.4 133.7 133.2 135.5 136.3 136.6 135.5 134.8 134.3 133.8 133.1 133.1 131.6 131.1 130.9 131.8 130.2 129.4 128.8 128.9 127.1 126.1 125.3 125.8 125.3 128.1 129.7 130.3 131 132.2 133.3 134.4 136.1 134.7 134.5 136.9 138.7 139.1 139.1 141.1 140.8 140.7 142.9 144.7 144.3 143.9 146.4 148 148.1 150.6 151.7 151.5 152.9 152 152.6 152.6 152 150.6 150.2 150.1 148 144 141.2 134.5 140.9 140.5 140.4 141.3 142.1 140.3 138.5
153.5 152.5 152.1 151.3 150.5 146.6 142.9 137.2 137.5 134.7 135.3 135.8 137.1 136.2 135.2 135 135 133.3 133.2 134 133.2 133.2 133.1 132.1 130 129.7 129.9 128.9 126.9 127.3 129.9 130.6 133 133.8 134.6 136.8 136.9 137.2 139 140.9 140.3 138.6 140 143.4 142.1 143.6 143.8 143.8 141.3 146.9 146.7 146.1 146.7 148.9 151.3 151.6 152 154.6 155.9 154.5 154.5 155.8 156 155.3 153.9 153.7 151.6 148.2 145.4 142.2 136.7 140.9 141.6 141.8 143.2 144.4 144.1 141.5
160.9 159.1 156 153.9 153.6 148.8 144.7 143.6 140.6 139.2 136.9 137.5 138.3 137.7 137.1 136.6 136.6 135.3 136.2 136.3 135.2 134.4 134.5 133.1 130.8 129.5 129.6 130.7 131.9 132.4 134.6 136 137.4 138.5 139.7 139.4 141.1 143.3 143.5 143 142.4 143.8 143.8 145.3 145.4 145.9 146.2 146.6 146.1 146.4 148.2 150.1 153 153.3 154.1 154.2 154.4 156.5 158.2 157.5 158.4 158.7 159.2 158.2 156.9 156.2 152 148.5 145 137 136.4 139.7 144.3 144.9 144.8 145.3 146 144.6
161.3 157.9 156.9 155.5 151.8 148.1 147.2 146.9 145.4 141.4 137.5 138 139.2 139.5 138.8 138.2 137.9 136.3 139.1 138.4 136.3 134.8 134.7 133.3 130.5 133 133.9 135.4 136.3 136.9 138.9 140.1 141.9 142.5 143.1 144.3 145.6 146.6 146.1 146.5 147.7 147.7 148.7 148.4 148.1 148.3 148.9 149.3 149.6 148.1 151.9 154.4 155 155 156.8 157.5 158.2 159.6 162 163.1 162 161.4 160.5 160.5 159.9 159.5 155.3 149.6 146.1 135.3 145.5 138.4 144.5 146.1 145.8 146 147.7 147.8
157.9 154.6 153.8 152.8 149.5 150.1 149.4 146.8 142.8 140.2 140.3 140.3 141.6 141 141.6 140.6 139.1 137.9 140.5 139.5 137.1 136.2 135 137.9 138 139.9 137.6 138.4 139.5 140.9 142.3 144.8 145.5 147.9 149.7 149.9 149.4 150.5 150.8 152.9 151.4 152.8 154 152.8 151.8 152.7 152.8 152.3 152.4 151.9 155.8 157 157.5 159 159 161.3 161 162.2 164 165.5 165.1 164.7 163.1 162.9 160.9 159.9 153.4 148 145 138.7 149.9 144.8 144.9 147.4 147.5 147.3 148.7 150.9
155.9 154.7 153.4 152.5 152.3 151.8 149.2 146 144.6 144.2 144.2 145.4 145.4 145.6 144.7 145.1 142.1 140.9 140.8 140.1 137.8 136.6 139.1 141 142.2 143 143.1 144.6 146 146.6 146.9 148.7 150 151.8 153.1 154.6 156.8 157.7 158.1 157 156.7 156.8 157.6 156.5 155.6 155.7 155.7 155.2 155.5 156.6 156.2 158.5 160.7 160.9 162.5 164.5 163.6 164.6 165.6 166.3 166.7 166.1 164.4 162.3 161 159 151.3 144.4 139.1 146.2 151.7 146.4 146.7 150 151.1 148.9 151 153.4
156.3 156.9 155.5 154.1 153.9 150.7 147.3 147.5 147.8 147.9 147.5 147.4 147.2 147.2 145.3 144.3 140.8 141.8 141.3 140.6 138.4 141.3 143.5 144.6 147.1 146.6 147.3 147.9 149.6 150.9 152.8 153.9 156.8 157.9 158.7 159.7 160.6 161.2 162.5 161.8 162.1 162.3 161.6 161.2 160.3 160.8 160.8 160.5 160.7 160.6 160.8 159.4 163.9 164.5 165.5 165.8 166.2 166.7 168.5 168 167.8 166.5 165.9 162.9 160.8 156.2 142.5 151.2 155.4 154.8 155.2 150.7 149.1 152.3 154.2 153.4 154.2 155.8
158.5 157.5 155.6 151 149.4 148.9 148.9 150.7 151.8 152.4 151.9 151.3 150.5 149.3 147.6 143.8 142.8 144.1 142 142.2 142.3 144.5 145.2 146.4 147.6 151.1 153.2 153.4 154.1 156.2 159.4 162 163.7 165.5 166.2 167.7 169 168 167.8 168.6 168.6 168.1 167.8 168.1 167.4 166.4 165.3 164.3 164.8 164.5 164.4 163.9 163.9 163.1 165 166.7 166.8 167.1 168.6 167.8 167.9 167.6 165.6 162.7 160.3 144.7 147.8 156.8 157.2 157.8 157.5 153.1 147.7 155.2 158.2 159.1 157.9 158.5
158.5 157 153.3 152.3 153.7 154.2 153.5 154 154.6 155.9 156 155.2 153.3 151.8 149.2 145 146.2 144.7 145.3 144.6 145.3 147.2 149 149.9 151.3 153.1 154.9 157.3 159.5 161.9 163.3 166.2 169.6 171 172.7 173.5 173.6 174.5 175.5 176.1 175.3 174.1 174.7 173.3 172.4 171.1 169.4 167.2 167.4 166.9 168.1 167 166.6 167.3 165.5 165.5 166.3 168 170.3 169.9 168 168.6 164.8 163.8 160.7 149.2 156.2 158.7 160.7 160.2 160.1 156.4 153.8 158.8 162.5 164.4 161.1 161.2
157.1 155.3 154 155.4 156.9 157.7 157.9 157.8 158.2 158.3 157.8 156.2 154.6 152.1 149.3 146.9 148.1 151.1 148.5 148.3 148.2 147.8 149.8 154.2 155 155.5 156.4 160.1 164.1 166.7 169.5 172.5 174.2 177.9 177.1 178.3 179 180.3 182.2 182.4 181.8 180.8 179 177.7 176.1 174.8 172.8 170.5 169.4 168.4 168.7 168.8 169.1 170.1 170.5 166.9 165.9 167.8 172.2 171.2 169.5 169.1 164.5 161.4 156.6 147.3 158.9 163 164.7 162.8 162.7 158.1 155.1 161.9 166.4 166.9 163.7 164.2
157.8 157.3 156.4 157.1 158 160 160.2 159.8 159.6 159.4 158.8 157.1 155.8 153.2 150.5 150.1 154.8 152.8 152.2 151.1 151.1 150.8 153 158.7 158.6 162.9 162.3 160.9 164.7 167.4 171 173.4 176.4 178.9 179.5 180.8 182.6 183.9 185.2 186 185 185 182.9 180.5 178.2 175.6 173.2 171.1 169.3 168.5 168.6 168.5 168.2 169.5 166.8 166.4 166.5 167.5 168.6 169 167.5 166.6 161.5 154 153.5 157.6 164 164.6 166 165.1 163.8 161 157.4 165.3 167.4 168.6 167.3 168
159.7 158.5 158.8 159.1 160.3 160.7 161.8 161.3 161.5 161.3 159.9 159.1 157.1 154.6 152 153.4 154.8 155.1 155.2 154.1 153.5 153.5 156.5 157.8 161 163.1 164.9 167.1 169.7 171.3 173.5 175.7 178.7 179.3 180.2 181.1 183.1 182.9 184.2 183.5 182.6 181.7 180.1 178.9 178.5 175.9 172.9 170.2 169.2 169 168.8 167.6 166.9 168 166.7 167.5 168.4 168.5 169 168 167 167.7 169.6 153.1 158.2 162.5 166.2 167.5 169 168.4 167.1 163.3 162.5 170.1 171.4 169.8 170.2 171.7
161.7 161.1 161.3 161.6 162.7 163.7 163.9 164 163.4 163.8 163.2 160.6 159.3 156.7 154.4 155 157.7 158.1 158.3 157.3 157.4 159.6 160.3 163.9 166.9 168.7 171.5 173.9 175.3 177.6 180 182.8 182.6 182.9 185.6 188.4 183.6 183.3 183.4 184 182.7 182.3 182.3 181.5 176.7 172.8 170.9 170.5 169.1 169.1 168.1 167.5 166.7 166.9 166.8 169.7 171.5 171 171.6 171.1 168.8 167.7 169.5 169.1 155.9 167.9 169.3 171.8 172.5 173 169.7 166.8 160.7 173.3 175.2 176.3 179.4 175.8
164.3 165.7 166.4 168.4 165.3 167.6 167.4 167.4 166.8 166.8 165 162.9 161.9 158.8 159.1 160.6 161.8 161.7 162.7 163.1 162.7 166.7 169.7 170.7 172.7 176 178 179.9 181.4 186.1 185.9 187.6 188.3 189.8 193.3 190.4 188.9 186.8 187.7 187.7 190.2 188.1 188 187.9 180.4 175.4 172.7 172 171.3 169.4 168.1 167.6 167.1 167.8 169.5 173.9 176.9 175.7 175.7 175.1 173.9 172.7 173 173.4 165.7 166.3 173.7 175 176.6 176.9 171.3 169 168.4 177.1 179.3 180.4 181.4 181.1
170.3 170.2 171.7 171.6 169.7 172.3 172 171 171.9 171.3 168.6 165.8 162.8 159.5 164.9 165.5 165.3 168 172 174 171.8 175.6 180.2 181.9 181.4 185.1 188.3 189.7 190.8 192.4 192.2 193.4 196.3 198.7 197.9 195.2 194.8 197.1 199.1 198.3 198 197.9 195.7 193 187.5 180.2 180.8 174.1 171.5 170.3 169 169.4 172.3 173.4 174.3 176.5 178.3 178.4 177.4 177.8 178.4 177.6 176.4 174.7 168.7 174.4 176.7 178.1 179.5 179.7 175.1 172.9 169.2 169.8 173.9 183.7 184.6 185.2
174.1 174.6 174.4 174.1 172.4 175.4 175.3 175.5 175.4 173.8 170.4 166.7 163.4 170.9 171.6 172.6 172.6 175.6 178.3 177.1 179.9 182.7 189.7 193 193.1 196 199.2 199 198.9 201.8 203.1 205.3 205.8 207.7 209.5 210.2 211.8 214.9 218.7 220.5 218.8 218.4 213.9 205 195.3 187.5 181.5 182.3 186.7 179.8 175.1 174.8 178.6 181.4 182.2 181 178.8 178.7 180.8 182.4 182.1 181.3 180.4 176.3 174.9 176.9 179.3 179.9 181.1 182.9 181.9 175.7 172.7 171 170.8 175.7 189.1 189.5
180.4 179.2 178.5 179.1 176.6 178.3 179.3 178.8 178.7 176.4 174.3 172.6 175.5 177.1 177.9 179.1 181.4 184.8 186.6 186.3 189.4 193.9 195.6 200.2 206 208.1 210.4 208.7 210.4 212.9 214.2 217.5 217.6 221.6 221.4 224.3 228 237.8 243.3 243.2 238.4 233.8 227.8 218.5 208.8 200 192.8 192 193.7 195.6 191.4 182.7 184.3 189 189.3 186.6 185.3 183.1 182.9 185.9 185.9 184 182.6 167.8 180.2 180.2 180 181.4 183 185.4 185.8 186.3 177.8 175.6 175.9 181.5 194 193.7
188 186.6 186.1 185.1 183.2 185.1 183.3 183.2 181.7 179.6 175.9 182.8 182.5 183.6 184.3 188.3 192.3 196.7 197.9 197.1 200.5 205.6 207.9 211.7 215.8 218.2 221.6 224.3 222.7 224.2 227.3 228.2 231.3 232.3 234.6 243.1 253.2 260.2 262.3 258.2 255.9 246.1 241.3 233.2 222.7 213.7 208.2 206.2 209.8 215 208.9 192.5 195 198.6 197 194.6 192.7 192.1 186.1 186.6 188.2 188 186.9 178.8 180.2 181.5 181.5 182.6 184.3 187.1 189.1 191.8 184.2 183.6 183.1 185.3 195.7 201.8
193.5 194.4 193.7 190.9 190.8 191.8 188.8 187.6 186.3 186 186.1 190.2 193.8 191.4 196.7 199.8 204.1 210.2 210.6 207 214.2 220.3 219.9 223.3 228.1 234 236.7 235.7 237.9 242.6 244 246 251.4 252.8 260.3 271.3 279 283.5 289.4 280.5 272.4 261.3 255.8 246.2 238.3 224.5 225.8 225 226 225.7 222.6 212.1 210.8 207.5 206 204.6 199.8 195.6 193.6 190.8 189.5 188.9 187.5 181.1 181.9 183.7 183.2 183.4 185.2 188.2 191.9 194.8 187 187.4 194.6 192.9 197.7 209.4
201.7 204.3 204.4 202 197.2 198.4 195.7 193.6 191.4 191.2 194.3 192.4 198.1 201.5 206.8 213.9 216.5 218.5 220.9 219.1 225.7 230.2 235.7 240 246.4 248.6 251.7 256.5 263.3 266.3 264 264.6 271.1 280.2 290.9 302.8 309 309.1 304.4 295.4 286.3 277.4 266.3 256.8 250.6 252.4 251.3 248.7 245.6 238.9 233.7 233.1 230.3 222.2 217.8 213.1 206 200.7 196.8 194.1 193.3 191.5 188.9 183.7 184.4 185.9 186.3 186.6 187.5 190.7 195.3 199.8 196.5 199.7 211.9 209.9 192.4 209
208 211 213.2 211.9 208.8 206.9 204.8 199.7 198.6 195.9 196.3 198.8 206.4 214.4 221.5 225.8 227.5 229.8 233.1 237.6 242.7 246.4 252.7 257.7 262.6 265.1 269.6 273.9 277.5 287.1 284.6 288.1 297.8 306.7 322.7 329 325.8 323.3 316.8 306.9 295.7 284.5 272.4 264 258.6 265.5 268.8 265 263.9 260.9 254.8 251.8 248.8 235.4 225.4 219.3 213.2 206.3 200.3 196.6 198 196.4 194.5 191.3 187.8 187.8 188.7 189.2 190.1 193.9 199.4 204.5 210.9 209.5 216.9 217.7 198.6 212
220.2 222.5 225.8 223.2 217.9 217.1 214 209 205.1 203.3 206.1 208.8 216.3 224.5 232.3 238 243.3 248.4 251.5 256.2 258.2 264.5 270 273.9 277 282.1 284.7 288.4 296.6 304.6 312.1 322.4 332.3 350.5 356.9 352.4 342.2 332.3 323 311.3 297.9 288.4 276.7 269.3 265.4 272.1 277.8 279.7 279 275.4 268.6 261.9 261 248.6 236.4 232.1 228.5 222.7 203.9 200 200.7 199.1 199.3 194 189.3 193.6 193.7 192.9 194.1 198.5 206 212.8 227 229.1 225.3 223.4 211.2 213
230.6 234.7 235.5 228.9 225.6 224.3 219.8 217.5 214.4 217.3 218.3 217.1 227.3 236.1 242.7 251.3 259.2 264.4 267.4 269.6 274.5 279.2 284.5 290.1 292.4 300 304.3 312.6 324.9 338.2 355.2 365.6 384.7 381.1 378.1 363.7 346.2 336.8 323.9 313.2 302.2 293.8 285.5 277.9 270.4 279.9 289.2 292.2 290.7 287.8 277.9 270.6 268.1 258 247.1 242.6 241.3 233.4 215.5 203.9 204 202.1 192.1 189.4 200.2 203.9 201.2 199.5 202.9 211.1 220.4 230.6 238.6 244 234.7 232 220.9 211.2
244.3 244.8 237.6 238.8 235.6 235.6 228.4 229.4 229.2 231.4 230.1 230.8 239.4 248.5 255.4 263.6 269.9 275.6 281 285.6 292.3 297.9 304.3 309.2 314.3 322.2 329.3 337.6 354.9 384.9 395.6 403.8 407.6 400.9 385.8 367.5 351.5 336.9 322.8 314.8 308.5 300.5 292.8 285 283.3 286 298.9 305.4 304.5 296.1 285.5 279.1 274.9 262.9 253.4 247.2 244.6 239.6 225.7 211.4 204.6 193.5 192.9 200 205.3 209.8 212.4 211.2 222 232.2 241 246.6 247.7 246.4 242.8 242.3 232 208.9
252.7 251.9 249.5 245.8 246.6 249.9 240.8 248.6 248.3 246.8 245 249.5 252.1 256.6 264.9 272.1 279.3 285.2 295.2 302.8 311.9 319.6 324.9 330.4 337.1 343.6 352.7 365.1 389.6 429 426.4 419.9 414.7 399.5 385.4 369.9 355.4 339.8 326.7 319.7 314.6 305.8 297.1 293.9 292.5 292.3 306.4 314.6 316.9 305.7 293 285.3 277.1 266.8 259 252.1 244.3 243.2 229.7 214.7 201.9 194.5 198.9 208.3 213.4 219.2 226.9 233.9 245.5 253.8 260.3 261.7 260.9 256.1 252.7 248.6 237.9 217.6
261.1 264.3 260.9 256.6 256.6 262 264.8 263.1 264 259 255.5 264.5 261.5 264.5 273.6 286.2 292 302.6 311.5 321.7 330.4 340.3 352.7 358.7 362.9 368.7 378.6 396.5 438.1 447.8 447.3 434.4 423.1 399.9 382.4 367 352.2 341.5 329.9 324.1 320.4 310.1 305.5 303.5 300 299.8 315.2 325.6 319.9 311.1 298.9 286.7 277.9 269 262.9 255.6 249.9 242.8 227.7 213.2 201.7 204.1 209.6 214.9 221 229.6 243.8 259.1 265.6 271.9 275.8 274.7 270.1 269.7 265.5 260.9 251.6 236.9
274.4 274.7 271 265.6 264 266.9 269.3 269.3 270.4 264.1 278 273.9 269.6 276.1 285.6 301.1 312.9 322.7 334 347.6 355.2 368.6 379.3 386.7 393.6 397 415.5 432.6 467.8 464.1 456.3 440.2 426.2 404.8 384 369 356.8 345.8 333.9 326.5 320.9 314.8 310.9 310.5 308.6 309.6 319 325.8 319.2 312.9 301.9 287.4 277.9 273.6 266.5 257.1 250.5 238.8 221.2 208.5 202.7 210.1 217.4 224.2 231.2 255.5 263.6 272.4 279.3 286.5 287 283.2 280.3 276.6 273.6 268.3 265.5 250.2
289.2 286.2 282 276.4 273.9 274.3 277.4 278.3 279.5 284.5 295.2 287.2 286 290.5 305.3 324.2 334.2 345.6 359.2 375.3 386.4 400.3 404.9 413.8 419.9 431.2 445.7 470 491.6 478.6 464.8 450.7 429.6 411.7 391.1 379.3 366.4 348.4 339.4 329 322.9 319.9 315.6 316.7 313.8 314.4 323.3 324 317.8 313.8 303.2 289.7 278.3 275.2 271.4 259.6 251.7 232.8 215.8 203 206.5 215.3 225.4 241 254.3 269.1 283.4 289.1 290.2 291 293.1 292.2 288.8 285.8 281.7 279.8 270.5 268.9
302.9 296.6 293.9 291.5 289.6 290.6 293.3 297.7 302.2 297.9 307 307.4 303.9 317.5 339.5 350.3 358.6 376.2 391.7 399.9 414.9 427.3 438.9 449.4 469.5 482.4 490.5 499.3 504.4 490.8 475.7 458 442.7 424.9 403.9 387.1 375.8 358.1 344.1 335.2 328.7 327.4 323.2 322.6 319 320.5 325.6 325.2 320.5 314.1 303 290.3 277.4 271.7 268.4 256.7 239.3 223 213.3 206.1 211.1 224.1 242.6 268 282.3 282.9 297.4 301.2 296.5 299 299.2 299.9 297.9 294.5 291.6 289.8 282.3 276.9
