WholeMapElevations/data/nt/nt91_OST50GRID_20230518/NT91.asc
ncols 200
nrows 200
xllcorner 390000
yllcorner 610000
cellsize 50
[rows 70 to 104 of 200, columns 0 to 77 of 200]
502.6 505.1 505.5 504.6 503.5 502.8 502.7 502.2 501.9 501.1 499.2 497 495.9 494.4 492.2 488.4 485.9 484.5 482.7 482 480 478.4 475.1 472.4 465.4 456.3 447.7 437.3 426.3 417.3 408.7 395.6 384.6 375.5 368.5 357.6 366.7 378.1 387.7 396.2 405 410.8 416.3 419.5 421 426.6 437 443.2 448.1 452.8 458.3 462.9 465.9 466.4 464.9 464.9 463.8 462.9 462.9 462.6 461.5 461.4 461.3 462 461.4 458.8 454.6 450 445.3 441.2 438 436.2 436.7 438.4 441 447.6 451.6 456.3
502.5 502.7 504.8 506.7 506.1 505.5 505.6 505.2 504.8 503.4 501.4 498.7 496.6 495.4 493.5 493.5 492.7 491.4 488.8 490.9 490.1 487.1 483.6 476.8 465.1 454.4 443 433.2 420.9 408.6 395.9 387.1 379.8 372.1 367.8 351.7 355.1 366 373 380.9 390.1 396.3 401.8 401.3 409.6 428.1 436 440.7 444.5 448.6 454 461.3 466.5 470.4 471.7 473.2 470.5 469.4 468.1 466.7 464.3 463.4 462.8 462.2 459.9 456.7 452.9 448.4 443.5 438.1 435.5 434.2 432.8 434.8 438.6 444.3 447.8 451.7
501.8 502.5 505.4 508.4 508.5 508.5 508.4 508 506.4 505.1 503.5 501.6 500 497.9 497.7 497.8 496.9 495.8 496.2 497.4 498.1 495.4 490.5 480.2 463 446.5 429 416.4 403.6 393.3 385.8 378.2 372.8 365.6 360.4 354.7 350.4 355.3 361.3 366.5 375.5 382.2 378.8 395.3 414.5 427.1 432.9 435.1 438.8 445.1 450.4 458.7 467.5 473.1 476 479 477.1 472.4 469.8 467.8 464.7 463.2 462.2 460.8 457.5 453.6 449.3 443.9 439.6 435.3 432.9 431.3 427.1 428.5 431.5 436.1 438.5 441.3
501.2 502.3 505.7 508.7 510 510.8 510.7 509 507.5 506.2 504.6 502.9 501.7 500.6 500.1 500.5 499.6 499.2 500.7 501.2 500.2 495.7 487.2 470.3 454.4 435.4 419 405.6 396 387.7 381.9 373.9 367.7 362.2 355.7 351.2 347.4 346.3 349.3 356.9 362.7 363.6 376.3 391.7 403.1 411.3 418.6 425 430.5 440.5 447.1 454.4 464 474.2 478.3 480.1 478.2 473 469.3 467.8 464.8 463 459.9 457 453.1 450.5 446.7 442.1 437.1 431.8 427.7 424.6 421.5 421.2 423.2 423.7 423.5 426.4
501.7 501.7 505.2 508.4 510.3 510.6 509.9 509 507.5 506 504.4 503.2 502.6 501.4 501.4 501.3 500.8 501.1 501.5 500.9 498.1 491.9 476.7 457.2 436.9 421 410.3 401 393.9 388.1 385.1 384.1 379.9 370.7 363.3 353.2 343.8 343.3 341.5 343.2 347.7 356 367.5 379.4 390.1 397.3 406 414.2 422 431.8 441.1 449.8 458.3 474.3 480.8 479 478 474 468.2 467 462.7 459.3 458.2 456.3 452.9 448.7 444.7 438.4 432.4 426.6 420.7 416.5 413.2 408.5 409.6 407.7 402.9 404.6
502 502.1 504.9 507.6 509.3 509.4 508.7 507.9 506.5 504.8 503.3 502.4 502.5 502.2 502.3 501.9 501.4 500.3 498.8 496.8 491.1 482.5 467.5 449.9 433.1 418.3 407 398.7 394.9 392.5 393.9 394.1 385.6 366.1 354.5 352.9 352.5 351.5 345.6 342.5 337.2 346.2 350.8 361.2 374.2 382.1 390.2 398.2 409.7 418.9 431.1 440.9 448.4 461.6 475.8 478.3 475.4 475.1 471.3 463.8 458.1 457.7 456.5 454.7 450.4 446.9 440.8 435.5 426.2 420.9 415 408.8 400.1 390.3 389.1 386.9 381.3 377
500 501.2 503.3 506.1 507.9 506.5 506.5 506.6 505.1 503 501.7 501.4 500.8 500.6 500.5 500.1 498.7 497.2 494 489.9 482.9 474.6 461.8 446.3 431.8 418.1 407.2 399.3 394.7 393.4 398 394.1 374.8 358.6 370.8 368.1 364.2 361.8 356.1 351.5 342.7 335.3 341.7 345.6 354.3 364.8 373.6 382.6 393.5 403.4 417 429.2 438.2 445.8 460.8 470 472.5 472 467.6 460.9 454.9 454.5 453.9 451 447.6 444 435.8 428 420.2 412.3 404.7 398.3 391.2 376.6 366.8 367.6 364.1 356.3
498 500 501 503.1 504.1 503.8 504.7 504.6 502.8 500.9 498.7 498.8 498.6 498.4 498 496.1 494.9 491.7 488.6 484.4 476.3 467.6 457.6 444.8 430.2 418.6 409 399.7 392.5 385.7 375.9 372.4 360.3 378.3 386.3 384 380.2 379.6 375.8 370 359.7 338.2 339.2 338.9 341.6 349.7 356.2 369.4 379.3 388.8 401.5 416.2 427.3 434.3 441.3 458 466.4 466.9 463.1 458.3 452.9 449.8 449.2 446.9 443.2 438.2 430.3 421.4 411.4 402.3 393.7 385.6 376.8 366.9 353.6 348.5 343.5 337
496.3 498.4 497.5 498.4 500.4 501 501.6 501.9 499.7 497.6 496.5 495.2 495.1 494.8 493.1 490 488.6 487.4 483.5 478.4 471.3 462.5 454.2 445.4 434.7 424.4 413.5 402.6 391.4 371.1 376.6 378.5 388.1 395.2 397.1 393.3 388.5 386.3 382.2 377.1 368.4 359.7 342.3 331.9 335.9 339.4 349.1 355.7 366.9 377 388.3 401.4 412.6 419.1 426.4 440.4 456.9 460.2 460.9 454.6 448 442.8 442.4 441.2 436.2 431.3 424.4 414.4 402.3 392.4 382.5 370.7 359.5 349.3 340.2 333.3 326.4 320.9
494.1 494.3 493.8 496.1 496.8 496.1 497 496.7 495.3 493.7 492.4 489.6 490.2 490.3 487.8 485.9 484.5 483.1 479 473.3 465.7 458 450.8 439.7 432.6 424.1 412.6 401.3 385.2 370.5 393.5 404.9 408.3 409.9 409.2 403.4 395.9 387.9 382.3 376.3 368.2 361.1 353.1 341.9 329 334 340.4 345.9 352.1 360.4 372.9 382.8 393.2 404.2 415 428.4 441.6 452.2 453.6 448.6 440.8 436.5 435.3 433.9 429.2 422.2 415.4 404.9 392.7 383 372.4 360.5 349.8 340.6 332 320.4 313.9 306.2
488.7 489.1 489.8 492.4 494.4 493.3 490.5 491.8 491 489.1 487.3 483.6 484.7 484.6 484.2 482.5 480 477 471.1 465.8 458.1 451.3 443.6 434.4 424.4 419 409.5 395.3 376.4 383.2 408.1 416.6 418.8 420.1 417.5 410.7 400.8 391.3 384 375.1 366.8 358.4 350.1 342.8 335.7 333.3 327.6 334.9 341.8 347.8 353.9 363 371.6 386.5 402.6 414 429.2 439.9 442.4 439.1 434.3 432.7 428.5 426.5 421.9 414.7 407.6 398.6 387.2 377.7 365.8 352.5 340.7 332.3 320.9 311.2 301.7 294.4
480.4 481.6 483.3 487.5 489.8 490.1 487.2 485.8 485.5 483.8 481.9 477.8 476.6 478.4 478.6 476.5 471.6 466.8 460.9 453.9 446.8 441 431 424.6 419.8 413.1 406.4 393.2 372.4 397.3 417.5 426.5 427.2 426.9 423.2 416.1 405.5 397.3 390.1 381.1 372.1 364.1 357.1 349.1 341.4 335.6 331.2 327.3 333.7 336.7 341.2 347.3 354.1 365.7 379.1 395.4 408 421.9 426 425.4 422 425.1 423.6 421.4 417.3 411.8 406.8 397.6 384.5 372 358.6 344.1 332.2 322.1 306.7 301.5 297.6 290.9
470.4 473.7 476.6 480.7 482.9 482.7 481.9 481.5 479.6 478.3 476.5 473.6 472.5 472.7 473.9 473.1 469.9 463.9 453.3 445.2 436.7 427.8 422.3 416 409.9 402.8 394.9 384 382.2 403.8 422.5 433.5 434.2 432.1 427.3 419.7 413.5 404.8 397.2 386.7 377.5 369 360.7 347 349 341.3 332.6 328.2 327.9 328.9 331.8 335.2 338.8 342.3 352.2 367 382.6 397.7 404.2 408 415.9 422.7 423.5 419.6 415.8 409.9 404.1 391.8 376.6 370.4 356.2 345.6 336.4 328.1 319.2 309.6 297.8 289.3
457.8 463.1 469.3 472.6 473.8 473.1 473.6 476.3 476.5 475.4 473.5 470.2 469.7 469.4 469.2 469.4 467.5 464.6 455.7 447.6 437.4 429.8 422.3 411.4 404.1 400.5 394.5 379.1 392.2 410.8 425.9 440 443.4 440.9 436.7 430.4 421.6 411.3 401.2 391.7 379.4 369.7 362.6 363.4 356.8 347.8 341.1 332.6 327.4 326 325.1 325.2 328.7 330.8 332.7 340.2 354.9 370.2 377.6 390.4 409.7 420.6 424.3 423 416.3 410.3 407.4 400.3 392 382.2 371.8 359.3 347.6 333.9 321.8 307.8 291.2 302.3
455.5 458.9 465.3 470.3 470.1 468.8 469.3 469.9 470.5 470.5 469.7 469.3 465.6 465.4 464.6 463.2 462 459.3 454.4 449.3 442 437.2 431.5 427.2 416.3 411.4 386.2 381.5 403.4 419.8 435.2 449.2 454.4 452.9 449.9 444.3 434.7 417.3 404.8 399.4 394.8 390.8 386.1 378.2 372.4 361.8 352.1 341.5 334.3 325.6 322.9 320.8 324 322.7 323.8 322.7 330.6 344.2 358.6 385 402.3 412.2 420.5 420.6 416.8 413.5 412.2 407.4 400.8 392.6 381.4 371.1 354.6 332.7 315.2 295.5 302.1 319.1
455.7 457.8 462 468.1 466.8 466.8 467.9 468.8 469.5 468.9 467.3 465.6 462.8 458.8 456.7 455.2 455.4 455.7 454.2 450.2 447.3 443.6 439.4 433.6 424.4 410.2 384.3 396 418 432.5 447.7 459 463.1 462.7 459.6 453.8 442.3 426 418.1 421.8 419.4 414.6 407.1 401 395.2 379.1 369.2 357.5 347.8 341.6 331.5 324.7 322.4 318 320.2 318.7 317.9 322.5 341.9 362.6 378.9 388.5 400.1 413.7 416.8 419.1 421.6 420.2 407.4 395 383.7 363.6 340.6 318.5 299.6 301.8 322.3 338.9
453.8 457.2 458.6 462.1 462.4 463.2 466.3 468 469.4 470.7 471.1 470.7 469 465.9 462 456 451.6 448.9 449.3 448.4 446.8 444.1 439 432.3 424.3 402.6 389.7 416.6 435.2 449 461.1 467.7 471.1 469.8 467.3 462.8 451.6 432 437.6 440.5 437 432.9 429.1 423.2 414.1 402.8 389.7 375.1 364.7 354.2 346.5 340.4 329.3 323.6 326.6 322.9 319.3 315.9 316.6 336.4 352.8 367.7 383.8 400.6 415 421.9 427 426.9 412 387.5 364.7 343.9 322.5 302.8 304.6 323 343.2 358.1
451.6 454.4 455.2 454.3 459.4 462.8 465.7 469.4 473.2 475.4 475.6 474 470.7 468 464.4 459.8 452.7 446.3 441.9 441.1 441.7 440 435.2 426.6 412.9 390.9 407.6 430.8 448.2 460.4 471.9 478.4 478.9 475.1 472.3 469.4 463.7 456.2 454.4 451.3 447.8 444.9 441.5 434.8 427.8 419.8 410.7 399.4 386.2 372.8 360.5 351.4 345.1 336.9 325.9 329.2 324.2 316.2 314.9 312.9 326.4 347.4 364.7 380.3 395.7 410.2 421.9 424.6 403.6 376.1 350.3 330.4 311.8 299 325.2 344 363.9 378.8
446.7 450.3 449.4 456.7 462 465.3 469.5 472.6 477.5 479.7 479 476.1 472.4 468.6 463.8 456.9 450.1 442.8 436.4 428.1 435.1 432.2 422 406.3 393.5 408.1 423 441.7 459.5 473.5 480.2 485.1 484.1 479.2 474.8 472.4 469.9 467.9 463.1 459.2 456.2 453.3 449.2 444 437.4 430.6 424.7 415 404.6 392 379.5 367.3 357.7 337 338.8 336.9 332.3 327.4 315.5 313.8 312.6 322.8 339.1 353.8 369.1 388 400 409.1 389.6 361.6 338.4 321.4 299.6 315.2 342.6 364.5 386.1 400.2
443.6 445.9 448.3 457.4 464 468.4 472 475.1 479.8 482 480.9 477.2 473.2 468.4 462.9 455.3 448.9 441.5 434.9 418.7 428 423.4 406.4 405 415.7 427.2 438.4 452.5 470.8 480.4 486.2 488.7 487.9 482.2 477.8 476.2 475.6 472.4 468.3 465.1 461.9 458.3 453.9 448.6 442.1 436.2 429.5 421.4 412.2 402.4 392.7 383.7 367.4 357.5 354.3 346.8 339.5 334.5 329 322.9 314.1 312.4 310.8 323.8 339.6 356.8 373.3 385.8 370.9 349 328.5 309.6 305.6 331.4 358.6 381.8 402.3 414.1
451 451.9 449.9 458.5 465.4 469.8 473.2 477.9 481.5 482.8 481.8 478.2 474.8 470.3 462.8 455 448.7 443.2 436.6 430.5 415.7 408.7 409.3 424.3 433.4 444.1 449.7 462.7 477.3 483.8 487.3 489.7 487.8 483.4 481.4 479.7 478.5 477.3 475 470.4 465.9 461.2 455.8 449.7 443.2 436.3 429.5 422 412.7 404.3 397.3 379.9 360.9 373.7 369.6 360.5 351.7 343.7 333.4 324.4 323.1 313.5 310.8 309.8 309.5 325.4 341.5 353.8 348.5 331.7 314.7 301.8 324.6 351.3 373.7 396.4 414.5 430.2
456.9 456.6 453.3 458 465.8 471.4 475.5 479.7 482.1 482.4 481.9 479 475.3 469.9 461.3 454.6 448.7 442.9 436.6 430.9 416.4 409.5 425.5 435.8 443.4 451.7 458 468.9 479.2 483.6 484.6 484.5 485.1 484.5 484.2 483.6 482.1 479.5 477 473.2 467.2 461.5 455.8 449 442 433.2 423.8 415.3 400.8 391.6 383.3 378.9 383.8 380.2 376.9 370.2 363.4 355.8 337.3 342 338.1 329.5 317.3 309.9 309.1 308.8 311.3 320.8 320.7 312 303.3 315.9 343.2 369.1 391 409.5 427.1 440.5
461.8 461.9 457.7 459.4 466.9 472.5 476.8 480.2 481.9 482.6 481.9 478.8 475.2 467.8 459.6 453.7 448.1 441.9 434.1 429 414.7 421.6 432.6 442.2 448.2 456.5 464 472.4 479.3 481.1 479.6 479.4 480.9 483.6 484.9 484.8 482.8 480.5 478.5 474.7 468 462 455.1 447.8 440.5 427.3 423.7 422.6 416.7 410.2 405.1 401.6 396.3 389.9 382.7 376.2 364.7 347.6 346.3 354.5 347.7 340.6 332.8 322.8 315.4 308.3 307.7 307.1 305.8 304.6 306.3 336 362.4 384.1 404.5 422.4 437.9 450.7
466.4 467 462.8 460.6 466.1 473.1 478.4 480.2 481.6 482.8 481.5 477.4 473 465.6 458.9 455.1 448 440.1 432.8 427.6 420.9 417.8 431 442.9 450.6 458.4 464.7 472.7 476.3 476.4 475.7 476.3 477.1 480.5 482.9 482.9 481.6 480.8 478.5 475.4 469 462.8 455.2 442.4 440 442.6 438.5 432.1 426.8 421.3 415.3 409.8 402.2 393.2 384.2 372.5 353.7 364.7 367.6 367.6 363.3 355.4 346.1 336.7 329.1 322.4 314.5 308.5 310.5 308.5 321.7 349.9 374.6 397.7 417.4 431.6 445 456.6
472.1 471.7 468.6 467.6 468.2 473.3 479.7 481.2 482.9 483.4 482.2 478.6 474.1 468.1 463.3 456.4 450.4 442.7 436.5 430 418.7 420.5 416.7 438.2 447.5 458.2 465 471.7 472.7 471.2 471 471.4 474.1 478.1 480.7 481.2 481.4 480.9 479.2 475.7 470.5 464.1 457.8 458.4 453.4 450.2 444.8 439 434.3 428 421.8 413.1 401 391.5 372.8 377.8 382.9 384.3 385.2 383.7 380 373.7 364.6 355 345.5 337 331.5 315.1 314.1 313.9 336.5 356.1 378.7 400.2 420.8 433.1 439.7 459.7
479.4 476.2 474.4 476.2 476.9 475.2 480.3 483 485 485.6 483.9 481.2 476.8 470 467.3 461.8 455.3 447.7 435.5 430.8 429.4 428.4 427.7 428.1 434 451.1 459.5 463.6 464.3 464.1 465.2 467.4 470.2 475 479.4 480.5 480.7 480.2 478.6 474.8 471.3 471.1 467.5 463.6 459.8 455.1 449.2 443.9 439 432.5 423.8 410.1 402.3 393.7 391.6 394.3 395.5 394.9 392.7 390.6 385.6 379.6 371.3 362.8 353.1 340.7 321.6 315.9 320.2 312.4 327.2 349.1 371.5 392.6 410.8 424.1 432.4 446.3
485.4 482 481.2 483.3 485.2 483.8 483.5 485.4 487.9 489.4 487 484.1 480.4 474.2 469.4 463 457.1 448 447.5 438.7 438.1 432.1 432.8 436 439.4 436.4 452.8 456.3 456.6 458.9 460.7 462.9 467.3 472.7 476.9 479.2 480.3 480.2 481.1 479.7 477.1 475.6 471.7 467.7 463.2 458.1 452.7 449 443.6 436.3 422.2 412.4 405.4 393.5 404.3 402.8 401.9 400 395.6 391 384.9 375.2 364.7 352.1 332.7 327.3 336.6 337.1 335.2 322.3 317.8 335.2 358.2 380.3 395.6 407 415.9 428.4
492.5 486.8 490.6 489.2 491.2 489.7 487.7 490.7 493.3 493.6 491.6 488.2 484.1 477.7 471.4 464 460.7 457.8 453.3 448 443.7 446.5 443.4 443.8 445.2 446.3 437.5 452 454.6 455.3 457.3 460 464.4 469.9 475.2 478.9 480.5 482.5 484.2 483 481.2 480.5 477.3 473.3 467.2 461.6 456.3 452.1 445.9 434 414.7 408.3 405 408.6 408.9 408.4 406 401.2 395.4 389.2 376.2 357.2 344.8 337.6 348.6 354.2 355.3 350.9 344.5 335.1 323.1 321 342 362.9 380.5 392.2 401.3 410.4
500.6 496.1 501.4 499.3 499 498.9 497.2 498 499.7 498.1 496.5 493.5 487.8 481.9 473.5 472 469.8 463.5 459.5 456.2 455.8 454.5 451.2 451 450.7 449.9 449.2 449.9 447.7 451 455.7 458.7 461.6 467.2 474.3 478.3 481.9 484.5 486.1 484.9 485 484.6 481 477 470.8 464.1 455.5 450.8 443.3 419.1 424.6 422.4 420 415.7 413.7 410 405 399.3 392.7 375.3 352.2 359.5 356.9 362.3 369.8 374.9 373.6 369.1 357.1 344.7 333.6 328.4 328.9 344.4 360.2 373 382.5 392
511.5 512.1 512.6 509.1 509.8 508.6 507 507.9 505.9 503.8 502.8 500 494.1 488.5 484.3 480 479 472.2 467.8 464.7 463.4 460.9 457.7 456.3 454.8 454.2 454 453.5 452.5 449.8 455.6 458.5 460.2 465.1 473.6 477.6 481 484.9 487.4 487.3 487.8 487.3 485 479.3 472.6 464.1 455.2 443.2 430.4 432.6 431 430.2 427.6 424.2 418.2 411.7 402.1 394.5 377.7 363.3 374.3 371.8 379.1 386.2 391.8 393.5 392.8 384.9 371.1 357.6 346.7 338.4 332 332.9 336.3 350 360.6 373.9
525.1 524.6 523.7 520 521.1 519.8 516.2 515.2 515.2 516.4 515 510.9 504 497.9 492.4 487.5 482.7 479.7 474.7 471.7 469 466.2 462 460.1 458.9 458.1 457.8 455.8 454.4 456 456.6 458 461.3 465.2 472.1 475.7 479 484.2 487.5 490.1 490.5 488.5 486.4 482.8 473.7 464.5 451.9 446 435.6 435.6 439.5 435.7 431.9 426.7 420.6 412.2 400.3 392 371.5 383.9 385.4 393.3 401 408.8 412.9 412.8 408.5 401.9 388.9 375.1 360.2 351 345.6 342.8 342.9 339.2 344 357.6
534.9 535.6 535.6 533 533.4 531.3 526.8 525.6 527.9 528.3 528.5 523.1 517.7 510.6 502.4 497.7 492.1 487.2 482.7 480.3 475.8 470.9 467.3 465.1 463.9 462.3 461.6 459.4 456.5 459 459.9 460.8 463.1 467.4 473.2 475.8 478 481.1 485.1 490.3 491.9 490.1 488.5 483.7 476.4 466.5 458.5 451.2 440.6 448.9 446.5 439.7 431.7 424.1 415 401.8 392.5 385.2 382.2 389.7 397.7 407.2 419.2 426.5 429.6 429.1 426 418.1 406.4 394 376.9 364.8 358.3 354 353.1 350.6 349.4 346.8
544.7 546 546.8 545.9 543.6 541.9 538.6 536.2 539.9 539.6 537.7 536 531.4 524.5 517.8 509 499.9 494.3 490.1 486.7 481.2 475.6 473 471 468.3 466.9 465.7 462.6 460.7 461.6 462.3 463.1 465.8 471.7 474.4 477.6 479.3 481.4 483.5 488.1 491.7 491.8 489.8 487.1 482.3 477.2 470.7 464.8 456.7 458.5 454.3 445.2 435 425.6 417 410 404 395.1 393.4 402.5 407.4 413.6 427.5 437.1 441.6 440.5 437.8 431.5 421 406 396.4 388.7 379 368.9 363.8 360.7 357.8 357
554.7 555.4 557.5 557.3 556.2 553.8 552.2 550.1 551.6 550.7 549 545.8 543.2 534.6 525.8 518.4 507.7 503.5 498 492.1 485.5 480.3 477.6 475.4 472.7 471.2 468.6 464.3 464.3 466.5 467.4 468.9 470.9 474.3 477.9 479.7 480.6 482.3 484.2 487.4 491.4 492.9 491.7 490.5 490 487 481.8 473.1 468.3 466.5 462.7 454.1 443.6 433.1 425.6 419.3 413.5 394.1 404.8 416.2 413.5 418.7 430.5 443 450.1 449.4 445.7 439.4 429.5 421.5 417.4 416 406.3 392.4 382.6 374.4 369 366.1
562.9 563.4 564.8 566.1 565.8 564.9 564.1 562.6 562.7 561.3 559.4 554.7 549.3 542.8 532.1 523.2 517.2 512.4 506.8 500 491.3 483.6 480.2 479.1 476.3 474.5 471.3 469.1 468.3 471 472.1 473.8 476.1 478.9 480.6 482.1 483.1 483.4 485.4 487.7 493.3 494.3 494.2 494.8 494.7 493.6 488.7 480.2 481 478 473.6 466.6 457 446.2 440 431.9 425.4 404.3 422.5 428.4 425.5 425.5 432.4 447 458.4 462.2 457.1 450.8 443.6 438.7 435.4 433.5 423.3 402.3 402.9 392.9 384.2 378.7
