UK/data/sh/sh64_OST50GRID_20230518/SH64.asc
ncols 200
nrows 200
xllcorner 260000
yllcorner 340000
cellsize 50
[rows 70 to 104 of 200, columns 0 to 79 of 200]
86.2 91.4 81.7 67.4 66.2 74.3 77.3 81.7 84.4 90.2 97.5 107.5 113.5 123.6 124.7 132.9 133.4 139.7 143.2 154.9 159.1 148.4 161.3 153.5 137 113.2 114.3 97.6 87.4 87.2 93.5 88 75.3 68.9 62 56.7 55.5 60.9 78.1 91.9 115.3 149.5 179.8 200.2 209.7 222.6 231 253.5 272.8 300.9 330.1 340.8 353.9 368.7 364.1 352.7 347.9 349.5 370.8 374 370.7 390.3 390.2 370.5 346.5 350.2 357.1 346.2 346.9 353.6 355.5 359.7 356.6 361.7 377.6 392 403.7 413.4 421.8 426.2
83.1 86.1 78.5 64.7 61.1 64.4 71.7 77.7 77.7 81.1 87.9 94.6 103.4 111.1 113.3 115.1 119.8 128.5 135.2 136.1 136.8 133.9 136.6 128 117.8 116.3 115.6 91.3 88.4 101.1 107.9 94.2 72.9 61.2 54.3 55.3 58.1 71.7 88.5 103.5 129.1 162.1 183.4 202.9 210 220.3 229.1 252.5 281.5 310.7 325.8 340.3 354.1 357 361.4 355.2 351.4 356.5 372.1 377.6 372 379.3 360.9 334.5 320.1 319.8 329.5 338.1 343.6 359 359.2 351.9 354.4 376.7 387.5 399.5 406.5 404.4 403.6 418.5
76.1 75.7 73.2 55.8 54.2 56.1 69.8 69.7 67.6 76 82.5 84.7 92.8 99.5 98.5 91.3 114.9 114.3 124.6 119.7 120.1 126.2 134.7 122.6 124.4 115.2 96.1 94.8 97 107.3 111 98.3 72.6 54.4 55.1 57.1 63.1 78.5 93 111.2 139.5 167.7 182.4 195.1 208.1 216.3 222.4 248.9 292.5 309 323.7 349.1 354.5 362.7 366.2 362.1 355.8 369.2 364.4 373.1 377.9 358.9 327.5 314.9 317.4 324.2 331.9 344.7 349.9 355.2 359.7 344.2 360.7 368.8 374 391.6 389.8 385.1 397.3 413.5
73.1 73.5 62.6 52.4 52.4 53 59.1 57 58.2 72.6 77.1 79.3 79.4 76.8 72.5 85.3 94.2 98.5 108.7 116.1 118.7 132.5 129.7 117.4 101.2 96.5 95 98.5 104 114.3 110.1 88.3 70.1 52.6 56.4 61.1 68.9 81.7 97.6 118.6 147.7 165.4 178.8 191.5 204.4 213.9 237.9 261.6 285.7 311.1 328.8 351.6 361.1 374.8 374.8 370.5 363.4 364 361.6 367.4 372.8 340.7 314.7 314.5 323.4 330.4 339.6 347.5 343.8 348.8 345.7 346.3 364.5 367.5 369 370.9 365.3 376.2 388.6 412.4
74.3 74.3 67.1 50.4 42 53.1 47.3 44.9 51.2 63.6 75 69.4 61 60.6 65 78.9 89.6 102.3 110.6 111 114.5 125.9 125.3 118.1 95.4 95.2 96.7 104 112.3 115.4 107.8 81.2 57.5 51.4 55.8 63.1 72.9 79.4 103.6 126 147.1 163.1 173.8 189 204.2 215.8 241 263.7 300.3 325.7 341.3 347.6 377.7 384 379.4 377.2 367.9 360.4 365.1 368 361.8 328 315 314.4 315.8 333 328.9 329.3 331.5 337 332.8 335.6 343.9 359.7 353.4 357.5 359.8 372.8 385.4 402.4
70.2 66.1 61.2 44 39.6 44.9 43.2 42 44.7 52.7 58.9 56.9 58 62.4 72 82.7 93.2 107.5 112 113.2 114.4 115.1 111.9 101 95 96.6 110.9 113.7 111.6 108.7 106.7 65.3 50.4 53.9 57.9 69.5 80.7 94.7 108.2 126.3 150 162.3 170.7 185 202.3 229.3 256.7 272.8 293 330.4 326.4 356.5 377.3 382.8 381.4 374.8 371.6 360 350.2 360.8 347 323.5 319.1 302.4 309.9 322.6 316.9 315.5 313.8 315.6 315.5 324.3 339.7 349.4 342.6 347.1 354.9 361.7 379.3 399.1
56.1 54.6 45.4 35.2 40.4 46.6 42.3 40.7 41.5 47.7 47.7 51.7 59.4 66.9 82.7 95.4 104.5 108.1 110.2 115.7 110 108.4 107.9 94.8 95.2 110.3 117.1 108.2 108.3 101.3 85.1 57.1 49.7 56.4 65.3 71.5 87.7 103.7 120 132.3 152.9 163 169.9 183 197.9 222.7 261.7 285.3 307.1 318 322.6 345.5 364.9 372.9 372 376.9 370.6 349.3 342.8 334 329.8 333.7 321.2 296.2 309.5 314.5 311 305.8 306.9 309.7 311.2 323.4 334.3 326 324.8 332.5 338.8 355.6 380 401.9
34.2 31.6 33.8 36.1 40 40.2 40.2 40.8 42 44 49.2 53.2 59 67.1 83.3 96.8 100.2 105.2 106.8 111.4 105.8 108.1 103.8 92.9 109.3 116.3 108.6 101.8 108.6 91.1 77 53.7 48.4 60.5 68.7 77.9 96.3 116.8 129.8 141.5 157.3 164 176.2 197.5 199.4 205.6 248.3 282.4 310.4 315.1 333.5 339.2 352.9 359.6 373.7 375.1 369.2 338.7 338.6 337.5 334.5 328.1 313.3 289.6 306.5 314.9 303 302.4 304.7 307.8 308.6 310.4 315.4 316.2 318.6 324.5 340.3 357.4 385 406.9
29.4 30.5 33.6 43.4 43.7 43 39.5 41.6 42 44 46.7 52.5 60.9 66.5 82.6 94.1 95.8 98.3 100.5 101.9 103.3 105.1 92.2 103.5 113.7 104.3 92.1 100.3 96.8 82.3 68.1 47.2 54.4 63.4 70.5 84.5 105.4 121.5 136.8 149.9 160 166.6 181 198.4 201.8 208.2 230.3 260.5 298.7 309.4 335.8 351.2 353.6 368.5 361.6 356.8 350 340.3 347.2 325.7 327.6 322.9 299.1 280.3 301.3 309.8 301.8 300.8 303.3 309.1 311.9 310.8 311.5 312.3 316.1 330.1 349.5 369.1 384.4 407
28.6 27.7 36.7 40.1 45.1 37.7 40.3 41.5 44.2 44.6 45.2 57.8 56 69.2 82.2 91.9 92.9 99.7 99.4 100.4 106.6 92.1 98.3 99.7 96.6 86 92.7 91.9 79.9 68.6 53.8 44.4 57.1 66.2 79.4 90 110.3 126 142.4 156.1 164.7 187.7 200.9 197.8 207.9 216.9 243.5 262.3 274.8 288.6 325.7 349.7 355.6 354.1 358.3 348.9 348.3 341.8 320.1 318.1 309.4 310.2 283.3 275 288.2 299 300.3 300.8 307.1 319 318.7 310.9 311.2 315.3 325 341.5 359.1 376.1 389.7 406.1
20.2 20.5 25.4 35.1 36.9 38.9 44.6 47.3 46.6 44.6 45.8 50.2 61.7 67.1 79.3 87.6 91.8 92.9 97.4 100.4 95.9 96.7 100.2 94 79.8 75 74.9 75.4 67.8 58.3 50.7 43.5 63 75.1 83.3 97.1 118.5 132.2 143.9 154.3 166.2 209 222.3 203.5 212.3 222.5 237.9 267.4 274.2 273.5 301.1 322.3 342.5 357 349.8 360.7 348.4 327 312.8 302.9 293.8 277 275.6 273.3 283.1 293.6 297.5 300.3 307.8 325.3 328.5 321.7 325.1 321.3 341.9 359.9 374 381.7 399.1 408.9
13.1 19.5 29.1 34.7 39.4 42.5 43.1 49.6 49.1 42.5 40.6 45.9 65.1 63.7 68.3 80.1 81.3 86.9 97.2 97.3 91.2 101.2 100.8 83.8 72.8 65.2 62.1 59 51.2 47 47.5 52.5 70.7 81.1 94.8 106.7 121.9 133.1 142.1 153.2 172.3 205.9 226.3 208.1 218.6 224.1 250.1 256.3 272.5 271 275.2 293.9 323.3 345 337.7 341.9 322.8 310.2 307.3 297.7 279.4 268.8 275.7 272.6 277.1 287 292.3 299 311.1 316.7 322.2 327.8 330.5 341.9 360.3 377.5 395.9 400.9 420.5 398.9
11.7 22.8 34.9 44.6 40.2 37.2 45.8 60.4 46.8 34.4 42.3 44 51.5 55.6 63.4 64.4 81.8 93.7 96.3 85.5 104.3 105.3 91.1 72.6 71.9 55.3 47.5 43.5 44.4 45.4 39.2 66.5 81.5 99.1 100.6 109.9 118.1 124.9 137.3 160.1 172.1 197.5 213.7 208 219.8 228.5 241.1 270 258.6 270 277.7 282.6 301.1 296.3 313.5 310.5 295.2 294.8 287.9 264.8 254.8 261.7 267.9 271.2 275.8 284 290.1 303.4 318.2 314.1 324.1 330.2 342.7 360.3 371.3 384.3 397.8 414.2 403.5 395
15.7 32.9 30.4 31.7 32.2 37.9 36.8 40.3 30.1 30.3 45.1 43.4 44.8 48 57.8 78.3 98 94.3 82.7 94.2 104.8 95.3 82.1 61.4 60.8 44.1 39.4 39.5 43.7 36.8 55.2 75.5 98.6 94.5 105.3 111 115 118.8 126.2 148.9 168.6 188.7 210.1 210.3 233.3 235.5 235.5 255.6 254.9 261.4 284.3 292.4 284.4 268.8 272.9 278.9 266.5 271.4 268.1 250.3 257.5 269.9 268.1 273.1 278.7 278.6 289.5 296.4 306.8 317.9 321.7 330.9 350.7 368.2 377.7 386.2 402.4 395.6 394.2 375
22.8 27.9 26.9 29.2 45.7 46.3 39.1 37.5 28 32.7 32.4 37.8 42.6 49.4 62.8 89.3 93.7 76.3 85 95.5 96.9 90.9 58.6 67.6 51.3 35.4 37 34.3 42.9 50.3 63.7 88.7 97.2 91.3 102.6 110.8 110.5 113.3 120.9 140.6 170.6 182.7 197.3 216.2 240.4 250.6 240.9 241.1 255.8 265.7 274.9 278.9 282.5 263.6 269.6 263.6 260.3 258.3 240.5 245.1 257 269.3 267.9 268.2 272.6 285.1 288 296.6 308.7 311.8 325.2 342.1 357.1 370.6 375.6 378.2 374.8 373.5 368.9 332.3
16.7 21.6 20.1 36.9 52.1 35.6 32.9 25.5 27.4 29.5 33.7 40.9 47.6 55.7 62.6 76 74.5 78.5 86.5 92.3 93.1 81.7 50 47.4 36.4 34.7 32.4 44.6 49.9 56.8 72.6 92.3 88.5 91 103.8 107.5 106.3 112.1 121.2 135 169.3 185.1 189.4 218.2 232 245 244.2 238.6 248.3 263.3 265.2 260.5 265.4 260.9 247.3 247 250.8 227.7 232 247.4 253 258 262.8 270.2 273.5 280.3 290.4 304 303.1 314.8 332.3 347.2 360.3 362.4 361.9 356.1 354.5 348.3 334.7 297.9
8.9 10.5 30.6 47.3 49.4 27.1 23.2 24.8 26.7 31.8 38.3 44.9 53.7 63.8 61.2 62.5 73.2 73.8 82.4 85.3 85.8 75.3 42.1 38 34 30.8 36.9 49.1 55.4 65.7 85.4 91.3 88.5 94.7 107.7 108 104 109.8 120.6 141.3 173.1 183.1 182.6 213.8 222.6 231.1 237.7 234.1 231.7 235.9 256.1 246.5 244.7 241.9 227.2 222.8 219.2 226.8 236.3 241.7 255.7 260.9 264.5 274.6 273.5 282.2 296.2 297.2 304.2 323.1 336.2 347.7 352 341.6 346.2 338.3 340.7 324.3 297.4 269.7
4.2 11 40.8 51.1 27.3 27.3 21.3 18.9 22.6 31.8 46.2 51.8 57.4 62.9 51.3 56.3 55.1 69.3 76.4 80 76.1 57.3 39.8 36.7 31.2 28.7 43.6 49.9 58.3 77.6 92.2 87.3 88.4 96.7 114 114.2 98.8 101.7 116 149.3 165.7 165.4 175.5 206 215.2 219.2 222.6 226.6 225.6 223.9 233.7 232.1 236.2 217.5 213.5 213.9 214.9 228.9 236 243 250.6 261.7 265.2 270.7 274.8 285.6 288.9 299.1 315.8 322.3 326.2 331.9 320.2 325 323.7 319.4 328.4 303.4 272.5 245
3.2 11.2 39.5 30.3 29 30.1 16.4 18.3 26.8 45 46.6 53.1 61.2 49.3 48.3 45.7 57 56.7 69.4 71.9 59.3 43 39.2 35.2 27.6 33 45.9 51.9 71 80.6 87.3 88.8 87.2 101.3 114.9 102.5 100.9 94 112 144.8 143.2 161.1 161.8 192.2 210.1 221.4 225.6 226 218.2 212.6 217 225.6 213.2 210.7 212.4 214.7 215.8 219.7 226 237.2 244.5 253.3 259.7 265.5 275.4 281.2 292.3 310 315.1 311.2 306 298.8 297.9 289 294 299.1 304.2 267.4 244.1 221
3.4 3.7 24.7 13.8 15.8 7.6 13.4 22.7 38.6 39.6 47.9 54.2 41.3 45.1 41.3 36.9 46.9 51.9 56.7 57.1 55.6 40 40.4 30 25 37.3 46.5 64.6 77.4 83.6 77.7 85.9 94.1 104.3 105.4 97.4 91 92.1 111.5 132.6 143.2 151.6 153.3 168.2 190.7 211.6 225.4 221.9 215 195.5 200.8 213.4 207.7 209.7 211.7 213.5 209.9 212.2 222.3 231.6 239.7 252.8 259.9 274.7 273.9 283.9 297.2 310 310.4 295.6 279.9 275.6 284.5 273.4 269 278.6 261.4 239.8 218.9 201.4
2.6 3.8 4.8 4.7 6.4 12.4 16.3 27.3 36.7 51.7 47.5 38.6 42.1 51.7 37.5 34.9 39.8 44.6 46.4 55 49 38.2 40.1 30 24.2 34.5 48.8 70.4 71 78.6 75.1 80.7 100.7 99.9 98.4 97.9 89 90.7 113.1 126.8 137.7 145.9 146.9 169.8 173.7 185 197.2 211.8 219.3 189.7 186.8 198.2 213.3 215.7 207.5 204.4 204.6 211.9 219.5 227.5 241.5 249.5 263.2 269.4 281.5 286 296.2 304.6 298.2 272.3 257.3 263.9 271.4 258.9 257.6 260.5 232.4 216 199.2 189
3 3.6 4.1 8.5 13.3 19.1 23.5 40.4 46.5 59.2 38.3 33.8 44.3 41.7 33.2 33.6 30.1 32.5 41.1 48.3 38.9 36.1 33.4 28 22.7 37 60.4 69.8 68.6 66.9 73.6 82.5 99 91.2 87 85.3 88.6 89.1 95.4 116.4 124.2 128.4 142.1 159.3 172.3 179.3 194.7 199.2 206.2 182.7 179.5 192.8 201.2 202.9 199.3 202.5 202.3 206.4 220 230.9 240.5 253.4 262.2 277.3 289.9 294.6 292.9 277 263.9 258.3 246 253.8 252.8 253.9 249.5 224.9 211.7 196 185.8 176.9
3.5 4.5 11.9 16.3 20.2 28.2 33.6 37.2 49.2 44.1 31.6 27.4 39.6 29.9 28.4 29.5 21.2 19.1 35.1 32.6 33.8 31.4 28.3 22.5 25.7 49.7 66.5 66.9 65.4 66.9 74 83.4 93.4 82.4 80.3 82.6 98 89.9 90.7 125.1 120.1 121.4 135.4 152.5 166.2 165.7 170 175 168.5 168.1 170 177 185.4 187.5 190.5 193.2 200.2 211.1 224.1 231.6 247.8 252.6 271.8 286.4 290.7 291.4 288.4 258.3 252.6 246.8 234.7 234.6 238.4 236.6 217.7 204.2 193.1 184.6 177.8 169.5
6.3 16.7 20.2 24.4 33.4 37 38.2 40.6 39.2 36.3 24.9 19.1 25.4 24 25 17.2 14.4 14.8 20.4 33.1 29.3 25.1 19.6 21.7 43.4 61.1 67.6 63.4 74 71.9 75.8 77.8 77.2 74.2 74.8 83.9 90.6 90.1 90.8 98 131 117.5 129.1 147.1 159.3 151.1 154.8 156.2 156.5 161.2 172 170.5 173.5 181 189.8 197.1 205.4 215.9 224.3 232.4 245.6 260.9 275.6 285.6 287.3 285.9 264.7 247.7 240.8 225.5 226.9 232.9 224.6 214.4 199.1 191.1 182.1 174.8 168.3 169.6
21.4 26.1 25.7 32.3 28.1 30.4 32 26.9 28.9 27.7 16.7 15.4 16.2 14.8 14 13.6 14.3 14.7 16.2 24.8 22.9 19.2 19.7 24.8 54.6 66.4 61.5 58.8 69.3 73 81.4 71.5 68 70.9 72.6 80.5 92.2 96.4 91.9 92.4 114.7 111.7 123.7 132.9 142.5 141.5 142.9 147.1 146.5 159.6 165.3 167.4 172.6 186.6 195.2 203.1 214.3 224.2 229.6 233.5 244.9 262.3 277.1 284.5 283.4 262.3 251.1 241.2 236 223.7 220.9 219.2 208.4 191.8 180.4 171.8 173.1 164.6 167.7 172.7
35.5 39.5 37.3 34.4 28.4 29.2 23.3 19.9 18.5 14.7 12.9 12.6 12.5 12.9 12.8 12.9 13.8 14.2 19.8 22.3 20.7 19.1 20.7 33.5 58.1 62.9 55.6 59.9 65 75.1 78.2 66.6 66.9 72 76.1 83.3 88.6 96 93.5 93.7 97.9 106.5 111.6 121.1 127.8 128.3 138.2 138.7 147.3 152.7 162.3 172.3 179.4 186.7 196.7 208.6 219.2 224.1 228.3 242.3 248.5 260.5 278 265.8 254.7 245.6 238.2 231.7 232.4 222.3 210.2 199.3 186.9 174.5 168.5 165.4 164.5 165.6 168.3 173
37.5 42.2 39.8 36.8 28.5 26.4 17.9 13.3 13.8 12.8 11.8 11.7 12.1 12.3 12.8 13.3 14.1 14.8 16.1 18.7 15.8 19.5 27 37.9 58.8 54.4 57 59.1 71.7 75.9 67.2 65.8 68.6 77.2 77.5 86.4 82.7 91.4 101.9 95.7 97.4 107.6 111.5 116.9 117.5 125.9 132.4 144.9 154.1 161.3 170.8 176.4 185 189.3 197.3 209.7 220.4 225.2 236.2 245.6 254.3 262.6 263.2 248.7 242.4 228.1 223 229 232.4 218.4 202.1 184.9 174.9 168.2 164.4 164.1 164.9 165.8 168.2 178.4
28.7 40.5 52.1 41.8 34.4 30 15.4 11.5 15.8 11.2 10.8 11.2 11.8 12.3 12.9 13.3 14.4 15.5 16 16 17.9 22.9 37.2 40.6 51.6 52.8 58.4 62.2 83.8 77.3 67.3 64.5 63.9 65.3 73.4 79.1 88.7 86.5 89 98 101.1 104 109.1 118.9 125.3 126.7 137.3 150 156.7 169.8 171.9 186.3 185.8 198 209.3 214.9 220.5 228 235.1 246 249.1 251.7 242.6 239.5 232.3 222 215.2 219 217.2 207.4 185.2 172.5 166.8 163.5 163.4 164.6 165.6 166.6 172.2 189.3
25.9 32.5 48.9 35.6 31.1 21.7 11.2 10.6 11.4 10.5 10.9 11.3 11.8 12.4 12.8 13.3 14.3 15 13.9 17.2 19.3 46.3 51 50.2 53.7 57.9 63.7 70 80.2 73.9 64 62.2 63.6 65.8 70.7 77.2 89.7 87.4 100.8 96.8 108 113.2 115 119.7 122.3 136.4 145.7 146.8 158.3 168.9 179 182 193.7 202.9 216.6 214.1 215.5 228.3 234 238.3 243.3 238.6 248 233.6 221.5 218.7 214.2 204.5 199.8 186.4 168.9 164.5 163.5 162.9 165.6 165.6 169.9 178.4 188.1 201.7
31 32.2 46.7 37.9 28.1 13.2 11 10.9 10.1 10.8 11.2 11.6 12.1 12.3 12.7 13.4 14.1 14.3 14.7 18 38.1 52.3 54.8 53.6 55.9 65.6 65.7 78.6 76.5 69.2 60.7 69.4 70.1 69.8 76.3 78.1 80 87.3 93.5 94.8 103 107 113.5 118.2 129.2 143.8 144.5 153.4 163.9 174.2 177.4 188.9 203.7 216.6 210.6 214.9 222.1 211.4 221.4 233.7 240.8 238.7 230.6 233.6 211.2 203.3 200.6 185.9 174.1 167 162.9 162.3 162.1 166.2 168.6 171.3 179.9 190.8 203 221
36.8 34.2 31.5 34.3 20 10.7 10.5 10.4 10.4 11 11.1 11.2 13.8 14.1 13.6 13.4 13.4 12.6 15.6 40.5 57.8 55.9 56.3 53.9 60.7 62.6 68.1 79.4 76.2 66.3 54.8 59.8 72.5 72.8 77.6 87.6 85.4 89.9 80.5 83.9 93.8 101.2 109 116.4 130.4 138.8 151.9 158.4 167.1 171.4 183.5 196.5 207.3 207.5 212.4 219.2 230.7 214.1 211.4 220.4 225.9 228.2 222.6 221.4 189.3 186.1 176.4 170.3 164.1 161.7 161.5 163.3 167.9 171 175.9 184.2 191.9 206.4 223.6 243.1
30.9 27.8 22.8 24.8 10.8 10.1 9.7 10.1 10.5 11 11 10.8 18.1 18.3 15.5 13.6 12 11.2 32.2 47.4 55.8 61.1 60.9 55.1 57 58.6 75.1 79.1 71.5 53.5 51.3 56 83.7 84 79.3 77 75.9 77.5 82 83.6 95.8 107.8 111.8 120.3 134.2 142.8 155.1 162.3 163 174.4 188.4 197.5 201.6 204.9 208.1 215.5 212.7 198.3 189.2 200.7 199.1 200.6 199.8 192.7 180.6 179.3 176.9 169 161.8 161.2 163 164.9 169.1 178.3 185.9 193.1 208.6 218.8 238.4 262.9
17.6 19.8 13.4 10.3 9 9.2 9 10.3 10.6 12.5 12 12.2 17.5 15.8 15 11.8 11.6 16.6 36.1 43.2 55.2 63.3 61.7 57.4 59.4 60.7 57.9 75 59.5 51.2 50.4 63.5 84.5 84.4 85.8 75.6 76 76.4 79 98.5 101.1 107.2 119.7 125.5 134.9 148 157.6 159 170.2 179.6 186.3 188.7 195.5 204.7 215.6 213.9 193.2 191.7 190.7 176.5 180.9 186.3 193.4 173.3 170.6 176.9 177.7 169.7 160.7 162.9 165.6 168.7 174.1 185.3 194.5 209.8 220.7 237.3 262.6 277.7
9.5 10.3 9.6 9.8 9.7 9.3 9.3 10.6 10.9 13.2 12.1 12 15.6 13.9 13 10.1 10.4 27.3 32.6 44.6 58.1 64.9 64.4 54.1 59.6 56.5 52 61.8 42.5 48.3 53.7 68.9 82.7 81.6 75.5 75.6 75.9 77.9 84.6 93.6 109.7 117.5 123.4 130.9 140.7 146.4 153.2 157.7 171.7 178.6 172.5 180.2 192.2 207.3 216.2 206.1 187.6 181.7 176.2 171.7 169.4 172.7 167.3 161.6 162.7 160.7 162.8 162.3 163.5 168.2 172.1 178.6 185.6 196.3 212.9 225.4 237.2 258.8 270.9 292.9
8.8 9.6 13.3 16.9 9.2 9.6 9.3 12.9 14 13.2 10.9 10.8 15.1 15.2 10 9.6 14.3 22.3 26.9 39.8 55.2 65.9 66.3 58.9 46.6 44.7 52 38.4 38 56 69.5 59.4 64.2 73.5 75 82.3 84.3 82.2 92.5 101.9 111.2 116.5 121.5 126.3 136.4 149.6 154.5 152.9 165.8 173.1 170 183.9 195.5 209.1 194.6 187.2 173.7 169.3 170.3 175.1 177.8 161.2 157.2 156.4 156.2 157.8 156.5 160.4 168 175.9 181.5 189.8 197.6 212.2 229.9 237.3 247.8 269.4 286.4 303.8
