WholeMapElevations/data/nc/nc23_OST50GRID_20230518/NC23.asc
ncols 200
nrows 200
xllcorner 220000
yllcorner 930000
cellsize 50
[rows 0 to 35 of 200, columns 0 to 79 of 200]
183 198.4 203.1 213.5 211.9 207.8 206.2 209.4 225.2 222.3 224.8 231.2 235.4 242.6 238.5 237.2 255.9 278 290.2 295.9 297 300.3 297.4 293.4 297.8 294 287.2 273.3 269.9 266.2 262.2 267.9 272.8 276.5 278.2 284.6 288.9 302.9 317.3 306.9 303.8 301.5 288.2 285.9 300.9 305.3 305.8 311.1 315.9 318.2 321.8 323.9 318.3 309.4 303 299.9 295.3 292.1 292.1 299.4 306.2 314.3 328.6 335.5 344.1 350.7 357.4 350.3 338.5 331.9 328.9 328.9 328.6 332.3 333.9 341.1 336.7 338.4 341.1 344.8
185.3 189.6 192.8 191.1 193 193.5 194.9 201.3 209 214.7 222.5 227.6 231.3 227.5 222.4 231.1 249.6 265 283.5 283.1 279.4 279.7 280.1 284.2 278.8 276.8 270.2 265.2 261.4 258.1 256.1 265.4 265.9 267.7 272.8 286.8 286.7 287.7 294.4 306.5 311.7 301.4 293.9 293 297.2 309.1 314.4 311.9 312.3 313.2 320.1 323 317.5 311.1 306.2 295.2 295.6 301 297.5 292.1 295.6 313.8 322.4 333.2 342.8 345.4 347.9 347 340.7 330.8 339 339.9 336.5 344.2 346.4 339.3 338.1 347.2 351.5 347.3
171.9 171.1 170.2 175 176.6 181 190.7 197 205.6 210.8 213.7 219.9 219.8 212.6 211.3 225.5 245.6 256.8 258.4 260.2 271.4 274.6 270.1 271.6 268.5 265.6 258.3 258.8 255.4 253.4 255.5 261.7 260.7 265.2 281 291.9 295 290.6 295.7 307.8 305 310.5 302.4 300.1 304.3 309.6 319.7 321.8 322.9 314.5 310.7 311.1 312.6 308.5 300.7 296.3 296.3 297.9 298.8 296 292.7 294.9 304.4 317.3 323.3 316.8 321 330.3 329.4 321.5 336.3 338.1 336.9 342.1 343.3 339.9 339.2 339 346.9 343.9
162.6 162.9 164.1 171.3 180.1 189.2 199.2 211.4 207.3 211.2 213.5 204.3 203.5 203.4 213 218.8 229.8 238.6 245.4 260.2 264.3 264.2 264.4 264.9 255.9 251.4 248.8 247.7 248.6 245.5 243.2 245 247 268.3 288.2 294.2 299.8 304.1 298.3 302.7 305.3 304.2 311.7 310.2 308.2 309.1 322.8 329.8 323.2 321.5 315 311.1 306.7 299.8 297.2 297.5 298.3 297.3 296.4 295.1 294 291.1 293.5 293.8 299.1 304.2 310 309.6 306.8 321.4 321.3 322.7 330.9 336.8 333.9 342.5 336.9 333 329.9 326.3
165.9 163.2 163.2 170.7 178.8 188.2 210.6 209 203.6 204.3 204.3 197.9 198.6 215.7 219.2 225.1 231.3 235.3 240.2 250.4 256.8 253 249.7 241.4 244.9 235.5 231.4 237.5 243.2 239.5 232.9 232.2 240.2 273 289.2 294.3 297.5 294.3 294.1 295.4 300.3 300.4 301.9 314.3 322.7 317.9 317.1 318.5 322.2 318.1 314.1 311.5 304 302.9 301.1 294 293.3 297.1 296.6 292.5 292.8 288.2 290.3 291.8 297.3 298.1 298 297.5 297.6 307.9 313.7 309.5 312.4 314.9 326.9 341.6 340.4 336.7 322.4 320
161.1 162.1 162.7 162.8 167.5 186.2 194.5 205.2 202.5 194.6 195.3 195.2 197.5 208.2 213.3 223.2 233 235.9 238.1 246.9 253.9 248 236.5 230.5 230.9 225.9 230.9 234.8 230.6 230.5 230.5 230.5 242.3 252.7 274 282.7 282.4 287.5 292 293.2 297 299.1 304.1 306.7 320.4 328.6 323.5 320.9 318.2 311.3 304.6 299.9 301.6 304.1 298.9 294.8 293 292.8 293 292.5 288 282.5 281.2 285.7 289 291.3 294.8 290.5 291.3 297.7 298.8 300.6 298.7 305.7 307.6 319 334.4 333.8 328.4 318.8
159.2 162.9 162 163.6 167.4 182.3 192.5 195.6 190.2 186.2 192.6 192.6 193.7 199.4 207.4 218.8 225.5 226.2 227.4 227.2 233 227.9 221.1 225.1 223.8 224.1 232.6 231.2 232.2 230.5 235.4 233.7 246.5 258 262.1 269 271.2 276.1 279.6 280.8 292.1 291.4 305.9 306.7 317.1 320.7 322.4 318.5 315.5 311.9 298.4 302 291.3 291.6 291.2 293.1 291.5 288.9 288.4 286.1 286.6 280.2 279.7 278.8 282.3 283.4 284 284.4 284.7 285.8 286.3 289.1 288.8 294.3 297.7 302 304.4 320.6 322.1 318.5
149 148.9 148.9 151.7 161.8 183.3 189.1 186 187.1 186.5 185.8 186.8 189.8 191.7 198.9 207.1 214.5 212.8 213.3 211.4 212.6 209.1 215.8 220.9 225.2 232.7 239.9 239.3 235.2 235.5 237.9 238.7 248.3 252.1 260.7 273.4 280.5 282.8 282.5 276.7 276.8 291.5 301.3 312.3 310 310.1 310.9 308.4 307.5 301.1 292.1 292.5 287.7 289.3 291.2 287.4 288.6 291.4 284.2 281.8 279.1 273.5 271.9 276.9 279.2 276.5 276.5 278.5 278.3 280 280.2 279.8 278.4 282 282.1 287 288 296.9 298.3 304.9
148.9 148.9 148.9 153 160.8 171.9 169.4 182.3 188.4 184.8 179.4 174.2 184 188.2 189.9 194.4 202.6 205.5 206.6 204.6 201.4 211 221.6 223.5 236 243.5 247.8 248.1 243.2 247.8 251.1 249 259.7 263.6 270.7 279.5 281.3 284.1 277.4 273.8 276.7 296.7 307.2 308.2 304.9 304.2 304.2 299.9 288.2 289.6 283.5 282.8 283.5 284.7 285.4 284.9 281.3 279.2 277.7 280.6 279.6 274.8 270.4 273.5 272.6 272.4 272.3 272.1 277.1 277.3 275.6 276.5 277.2 275.6 275.2 270.3 275.4 278.8 279.3 280.2
154.5 151.7 160.3 164.6 165.4 167.1 167.6 166.9 176.3 172.2 169 177.2 187.1 190.2 191.3 191.7 201 214 205.5 199.4 216.9 227.7 225.9 231.9 242.7 253.1 258.8 258.7 250.1 261.8 260.5 258.9 270.5 272.1 284.2 286.7 286.2 277.7 272.5 271.5 286.4 298.5 301 302.6 298.3 299.3 297.1 279.9 274.3 270.9 272.5 276.5 282.9 282.4 289.5 286.3 280.5 280.7 278.2 276 274.6 270.2 266.2 262.1 263.4 264.1 263.5 266.2 268 268.3 266.1 271.3 276.5 278.9 276.9 270.3 264.1 268 270.1 266.8
160.1 168.7 171 174.5 173.8 179 180.5 169.7 167.4 167.5 171.8 179.1 190.5 203.8 196.4 196.2 198.1 202.1 198.2 212.4 223.5 230.3 236.1 243.3 253.3 258.8 263.3 259 259.2 269.9 268.5 263.4 270.8 278.6 283.5 291.3 282.7 273.4 273.3 288.3 292.6 296.8 293.5 295.8 299.5 283.9 273.8 265.3 260.7 262.4 263.3 269.6 278.8 283.2 281.1 280.2 274.5 276.2 275.1 274.6 263.9 261 259.3 259.7 256.7 259.3 259.6 263.9 261.6 260.2 263.3 268 267.9 267.7 267 261.1 261.1 264.7 262.3 261.8
163.6 173.8 174.2 176.7 182.2 184.1 179.3 175.3 170.7 171.8 176 182 190.6 196.5 195.9 197.3 194.1 195.4 202.6 218.5 227.8 234.2 239.1 239.2 247.2 253.8 255.5 247.2 255.6 267.9 269.4 266.1 274.5 282.1 282.8 278.3 281.1 269.8 283.4 289.3 292.4 287.8 274 278.4 274.2 264.5 258.6 257.4 253.6 262.7 256.2 259.5 269.1 275.3 272.6 267.1 260.7 264.8 263.8 259.9 255.7 255.6 256.7 257.6 255 255.2 261.1 263.4 262.1 259.2 262.3 266.3 265.3 267.1 269.2 265.6 261.1 261.1 264.1 262
165.4 171.7 178.2 183.4 193.7 188.8 183.5 184.1 181.6 180.1 174.4 182.4 193.6 191.7 197.1 195.7 194.4 196.3 209.6 221.2 230.9 233.8 233.3 234.6 241.8 245.5 239.2 242.3 250.2 262.2 264.5 259.1 268.6 280.8 276.2 276.1 273.5 268.4 282.6 279.5 274.9 264 259.4 256.5 253 253.4 251 248.1 248.2 253.4 252.7 252.9 254.9 255.4 252.7 253.6 247 249.2 251.4 253.5 252.9 251.6 258.3 256.3 253.1 254.7 258.3 261.8 257.4 264.1 264.6 266.3 268.2 268.8 270.2 274.9 270.5 261 261.1 263.4
170.5 175.8 179 183.8 193.1 197.1 193.8 186.2 184.3 184.6 181.8 177.9 177.9 186.7 184.9 185.8 191.1 197.5 202.4 218.9 221.9 228.8 227 224.5 229.5 227.5 227.3 240.7 252.8 253.8 252.1 249.5 254.2 271 273.9 272 272.5 268.8 268.5 257.2 248.1 245.5 241.7 240.9 243.4 240.4 234.1 244.9 249.8 253.9 252.1 250 251.5 249.6 245.8 246 242.1 240.8 241.4 241.8 244.9 248.1 247.8 249.5 252.4 254 258.2 258.1 255.4 261.2 268 270.3 274.7 275.8 272.4 274.3 274 270.5 266.5 262.5
178.7 184.3 184.9 191.7 199 205.1 198.1 193.5 184.7 185.8 186.3 179.2 174.8 172.6 173.8 181.5 195.3 196.8 199.9 202.8 211.7 217.7 218.8 220.5 222.5 222.7 221.6 237.4 243.6 238.7 239.5 248.2 245.7 260.2 266.2 257.7 246.6 250.8 237.9 233.9 235.8 233.5 233.4 230.9 228.8 227.8 232.3 248.5 245.3 248.1 250.7 253.9 260.1 253.8 243.6 241.7 240 236.4 237.2 238.2 241.7 249.5 243.9 246.4 251.7 250 246.8 246 251.7 254.3 257.6 259.7 262.4 268.3 272.3 280 281.9 272.6 275.1 271.9
194.3 199 193.4 190.7 195 198.9 204.8 192.9 183.7 181.3 177.6 175 169.4 165.2 170.3 181.4 188.9 190.9 192.7 192.1 196.3 209.7 213.8 217.2 215.9 216.5 215.8 229.2 229.4 233.8 244.2 244 239.4 238.5 236.9 231 230.3 226.3 226.4 225.9 233.9 227.8 227.8 227.8 227.8 227.8 230.5 239.8 249.9 251.8 259.3 252.8 248.5 246.8 243.5 240 237 234.9 235.8 235.2 234.8 239.6 237.6 243.9 241.7 240.9 238.5 242 249.8 257.5 257.2 259.5 262.3 263.1 264.9 272.3 272.7 270 266.8 263.2
199.3 206.1 203.2 194.6 192.4 194.2 197.3 191.6 184.8 175.9 173.1 169.8 160.9 161.9 163.2 171.5 177 180 186.2 186 186.2 192.6 197.2 207.9 207.1 200.3 198.2 205.4 208.1 214.5 221.6 218.8 220.7 222.6 226.5 223.7 220.2 225.6 218.4 218.4 226.8 227.8 227.8 227.8 227.8 234.8 236 252.5 248.4 248.4 248.1 247.1 247.3 248.1 244.7 234.9 233.7 235.4 234.9 233.5 233 231.5 235.2 238.8 239.1 237.1 237 238.4 245.5 251.3 255.6 258.3 260.1 261.4 262.8 268.4 271.9 267.7 263.9 262.1
198.4 204.1 203.6 197 188.9 187.6 189.5 193.5 180.1 176.4 171.9 158.9 153.1 155.7 159.9 164.9 168.8 176.1 179.4 178.2 174.9 179.5 185.1 186 188 181.9 189.3 192.6 195.7 199.5 214.8 221.2 220.1 218.4 219.1 218.4 218.4 218.9 218.4 218.4 229.8 230.9 229 227.8 238.5 230.9 241.4 246.3 248.9 248 250.8 252.3 243.9 247.5 239.8 232.2 232.2 234.1 233 229.1 229.1 230.1 237.4 234.2 230.4 229.3 236.2 241.2 246.2 249.4 258.7 262.8 261.3 264.7 264.6 270.1 268.6 267.5 263.9 262.8
199 204.2 202 195.1 184.8 181.4 184.3 181.4 175.2 172.2 162.8 152.1 152.7 156.6 160.7 164.1 169.1 170.9 168.2 168.3 168.1 170.7 173.2 178 184.3 188.3 186.5 185.3 186.8 194.3 203.1 213.6 221.4 223.1 225.8 224.6 224.5 222 231.4 237.4 235 240.1 231.7 229.9 229.9 236 245 251.8 258.1 249.1 256.4 245 240.2 240 233.6 232.2 233.3 234.4 232.3 233.4 231.2 227.2 237 230.1 221.3 225.4 233.4 239.9 245.4 250.7 253.8 264.7 264.4 267 267.2 268.5 266.5 261.3 260 256.7
191.7 198.6 194.3 187.9 183.4 179 176.3 172.2 168.6 164.6 158.2 152 153.7 155.7 160.3 164.1 158.8 162.7 165.5 171.4 173.1 174.6 183.2 187.1 186.2 186.9 181.8 182.6 183.9 191.3 205.2 220.7 230.9 236.6 241.1 241.5 235.2 230.2 244.5 244.2 234.4 233.6 229.9 234 245.1 241.9 253.9 259.6 262.5 251.1 250.9 242.1 237.1 232.2 232.3 232.2 232.2 237.3 243.2 235.1 230.2 225.6 227.4 221.3 221.3 225.2 237.9 245.9 247.9 254.3 252.3 260.6 262.7 264.1 266.5 266.3 263.7 261.5 260.5 254.3
183.5 183.2 182.5 180.1 180.8 178.5 172.7 166.7 164.8 164.6 151 153 152.4 152.1 151 150.7 153.8 162.1 170 176 178 183.8 183.6 185.4 184.9 181.4 181.9 185.3 186.2 189.5 206.2 223.3 233.5 238.5 250.7 255.3 250.2 252.5 255.3 247.8 240.8 234.2 237.7 247.4 257.7 242.7 241.9 253.6 256.5 250.3 241.8 242.3 235.3 233.3 232.2 241.1 243.3 245.7 250.6 236.1 231.3 227.5 221.3 221.3 222.8 229 235.2 243.4 249.9 255 252.6 253.3 256.1 260.1 267.2 272.1 265.4 261.2 256.9 253.3
179.2 176.1 174.3 174.4 174.3 171.8 168.2 165.4 161.9 148.6 151.1 148.4 145.8 147.3 149.7 153.8 158.8 161.5 165.5 171.6 177.5 180.3 182.1 183.4 183.1 180 181.6 185.6 190.5 195.4 194.5 209.3 232.6 239 247.8 258.1 258.9 270 264.3 252.5 249.8 243.6 254.5 257.8 251.3 245.8 245.6 254.2 247.6 244.8 243.7 245.9 234.9 232.2 232.2 238.2 241.8 242.5 244 234.8 228.8 221.3 221.3 221.3 227.1 224.8 229.1 233.6 240 251.8 252.6 250.2 252.3 256.3 266 267.7 265.4 261.7 255 249.2
178.5 175.6 173.5 170.7 167.9 165.5 161.8 156 148.8 147.1 148.2 146.5 146.7 150.1 154.7 156.5 161.3 169.6 172.8 174.3 179.7 183.7 180.6 179.1 177.9 177.9 185.8 195.6 200.8 202.7 200.9 203.2 227.4 243.7 254.1 260.8 269.3 272.4 264.9 258.3 262.6 264.6 269.9 262.8 255.8 248.1 245.6 255.6 247.3 246.6 244.8 241.9 237.4 232.2 232.2 246.3 247.7 247.2 237.9 231.8 222.8 221.3 221.3 225.4 227.1 226.4 228.1 226.5 228.6 239.7 251.3 244.5 245.6 254.2 257.1 257.5 255.6 252.5 247.2 244.9
176.4 169.2 165.5 163.7 160.4 160 159.1 159.6 152 152.1 151.1 144.6 149.1 149.6 149.2 150 158.6 167 175.1 178 178.5 178.7 179.3 186 181.2 182.4 191.2 199.8 201.2 199.4 201.9 206.5 215.7 245.8 256.6 264.7 269.3 265.4 275.5 269.5 266.8 271.4 270.8 267.3 266.4 259.7 255.7 254.3 248 247 241.2 238.5 240.4 242.2 244.9 246.8 242.3 237.5 236 226.7 224.2 221.3 221.3 235 234.9 228.2 220.7 217.7 221.5 226.8 230.7 237.1 243.5 250.3 252.6 254.4 253 246.4 241 240.8
159.7 164.2 164.7 163.9 165.9 169.5 161 155.6 153.8 155.1 144.4 147.9 151.5 148.8 143.8 145 151.1 164.2 168.3 174.6 171.4 178 187.3 185.2 185.6 188.2 195.8 205.5 204.7 208.4 211.6 216 219.1 234.7 256.9 267.4 270.2 282.9 284.1 277.6 272.5 274.9 278.2 276.1 281.1 266.3 257.1 248.4 245.7 242.2 239.3 239.1 239.1 239.1 243.5 246 243.9 235.9 230.6 224.3 221.3 222.3 224.4 230 225.7 223 217.7 217.3 217.3 223.8 232 239.8 244.1 243.5 256.6 252.3 248.5 242.2 238.9 234.4
169.3 166 163 162.7 176.1 168.8 153.4 149.6 151.5 148.5 138.1 142.6 145.2 145.2 140.5 143 154 154.8 163.1 170.3 178.6 185.5 192.2 185.4 191.1 196.1 198 207.1 206 208.5 212.9 218.4 220.2 220.9 241.1 245.1 279.5 286.3 282.1 285.3 285.1 280.2 277.7 283.6 277.6 267.8 257 253.4 244.8 246 240.7 247.9 246.7 243.7 247.9 246.6 246.9 238.1 227.5 221 226.9 227.2 222.2 224.2 223 217.3 217.3 217.3 217.3 222.4 226.3 233.2 239.3 238.5 237.5 248.1 241.1 235.1 227.6 242.1
173 165.2 162.7 162.7 168.8 160.4 148.3 142.6 143.4 135.4 139.8 146 143.1 138.4 138.2 141.8 150.2 158.2 164.7 175.4 178.2 182.7 187.2 185.3 193.2 198.1 199.7 201.3 208.3 199.8 203.2 205.7 206.8 211.1 218.2 254.6 272.1 278.6 284.8 290.6 292.6 287.6 290.5 285.2 278 265.1 259.7 255.3 252.1 247.8 247.8 254.4 254.9 247.4 243.9 244.5 237.1 227.5 219.9 227.9 228.5 223.7 217.3 217.3 217.3 217.3 220.3 218.1 218.1 219.9 224.8 228.4 236.6 238.4 234.6 234.8 230.3 223.7 233.7 238.3
161.3 162.7 162.7 162.7 164.4 157 147.7 141.4 133.8 140.8 138.9 139.4 138.9 137.8 141.5 141.4 150.2 159 171.5 175 178.3 184.6 190.4 188.8 193.5 198.2 199.3 199.7 197.6 194.2 198.1 201.3 199.5 203.8 216.7 242.8 272.8 287.6 295.8 295.7 297.1 298.3 293.5 289.8 280 271.8 274.4 266 263 251.7 247.7 250.6 244 240 237.5 237.4 233.4 222.9 219 226.7 226.7 221.4 220.5 221.9 216.5 218.4 218.6 217.3 221.1 228.1 232.6 230.7 231.6 236.4 230 226.3 222.6 232.1 240.5 245.3
160.2 163.9 164.1 165.3 161.1 156.3 148 140.8 132.6 135 138 138.6 137.1 143.1 145.2 147.2 144.2 157 166.9 174.8 183.2 192.6 193.5 192.7 191.8 196.6 198.9 193.9 189.3 197.4 198.8 190.7 196.5 225.4 233.9 242.3 272.5 298 307.8 306.2 300.5 304.8 299.8 292.8 282.6 276.3 277.8 267.3 256.5 250.8 243.1 237.7 235.8 233.1 234.8 234.8 222.5 219 220.9 225.5 224.5 224.5 228.5 227.4 216.1 214.3 215.1 215.2 221.4 227.9 235.6 234.9 234.9 228.5 224 218.9 222.5 234.5 242.3 248.6
162.1 168.6 166.1 169.2 159.6 152.1 148.3 143.6 133 131.3 136.8 136.7 143.2 145.9 147 145.7 144.3 155.6 167.1 176.1 179.8 188 188.3 189.4 188 185 186.8 189.2 184.1 185.5 182 187.1 209.7 239.2 242.8 250.3 268.8 304.7 312.6 316.2 309.5 308.1 300.1 292.9 284.4 276.1 269.5 262.4 254.6 249.4 243.5 232.1 226.6 225.3 223.8 220.3 219 219 223.4 225.1 225.8 226.3 228.9 223.9 219.4 213.4 212.6 214.4 219 223.8 232 241 233.7 226 215.3 221.6 235.2 235.2 237.8 246.3
168.2 170.3 167.1 163.6 156.1 148.1 150.8 135.5 132.1 131.1 135.5 140.8 149.4 146.7 146.5 145 153.1 154.1 159.5 167.5 172.8 179.4 178.3 183.1 178.6 179 181.3 181.1 178.7 174.2 173.6 185.5 214.9 239.4 251.3 271.7 275.9 303.9 320 321.6 310.9 305.9 299.4 290.7 287.7 277.6 269.1 258 250.8 241.8 237.7 229.8 227.6 228.5 224.9 219 219 219 230.5 230.4 227.4 224.7 227.8 221.5 219.7 214.8 212.3 212.3 212.3 212.5 218.2 226.3 228.6 221.9 214.9 224.8 234.3 239.9 239.6 239.9
168.2 171.3 166.9 157.6 150.4 145.5 139.2 131.4 126.8 132.8 136.3 141.2 147.4 148.5 148.3 144.7 155.4 161.7 158.4 165.2 170.9 179 171.7 170.9 164.8 170.8 173.9 171.3 162.9 161.9 183.4 199.3 220.8 244.3 257.4 274.2 292.7 302.4 313.3 318.3 318.3 309.4 302.6 295.8 286.2 272.5 263.1 258.5 259.7 245.8 236.9 230.1 227.4 228 219 219 219 221.2 219 225.3 223.4 222.5 226.5 218.3 217.2 216.6 212.3 212.3 212.3 212.3 215.8 222.6 228.7 216.3 215.3 223.4 229.5 241.5 240.9 240.4
164.2 167.5 160.5 152.4 145 133.1 131.6 127.4 123.1 137.9 138.3 148.9 151.8 151.9 148 149.3 152.3 164.6 165.8 162.7 172.1 168.4 164.8 164.2 168.6 169.5 164.3 158 157.2 160.4 184.5 206.6 227.3 252.3 265.7 285.9 301.7 303.8 321.5 325.6 325.9 316.4 300.5 288.9 280.8 270.3 262.3 257.5 251.5 247.8 237.7 228.9 227.4 226.1 219 219 219 223.8 220.9 219.6 216.6 219.3 218.7 220.5 217.9 212.3 212.3 212.3 212.3 212.3 215.6 224.6 223.4 211.6 215.1 225 233.5 234.1 240.1 239.7
153.2 155.7 154.2 147.9 140.2 127.5 125 122.7 122.7 126.1 131.9 138.6 157.6 155 149.4 150.3 161.6 171.3 167.4 163.7 164.3 163.2 167 166.9 165.5 161.7 158.3 154.5 154.3 169.4 194.3 212.5 230 252 267.6 292.7 306.2 312.2 317.6 324.8 323.6 311.2 294.5 283.4 273.3 267.2 261.7 252.3 246.8 245.7 239.5 235.4 231.3 219 220.5 219.2 221.8 221.7 221.7 220.9 221.1 213.2 213.7 213.3 212.3 212.3 212.3 212.3 212.3 212.3 212.8 213.5 210.6 211.3 215.2 222.2 224.2 228.2 231.3 235
139.9 150.3 146.7 145.6 134.6 120 122.7 122.7 122.7 126.6 129.2 132.2 145.2 164.9 154 163.1 169.9 172.9 171.1 167.9 163.5 160.5 167.9 165 158.6 155.8 154.1 151.7 163.1 186.2 199.9 216.2 227.7 237.7 254.2 286.8 299.4 302.5 304.8 305 306.6 302.9 293.4 282.8 272.7 262.5 258.4 252.8 245.4 251.2 246.2 237.8 221 219 222.3 229.7 232.1 225 222 222.8 221.8 217 212.5 212.3 212.3 212.3 213.9 216.6 215.9 214.8 209 209.5 209.7 210.6 214 224.1 228.8 227.8 225.2 227.6
136.7 138.7 142.9 138.6 122.6 121 125 123.6 122.7 131.1 128.8 125.9 142.7 156.8 168 166.2 169.1 171.3 177.2 173.7 161.3 152.2 156 158.5 153.3 152.6 152.2 157.6 171.9 187.2 197.9 216.8 233.9 243.9 264 294.1 301.4 298.3 302.7 298.1 292 292.4 286.6 276.5 266.4 254.6 250.7 252.4 249.1 252.4 237.6 225 222.8 222.4 226.8 231.5 236.8 233 227.6 228.5 226.4 214.8 211 213.3 216.4 216.6 223.8 222.4 216.7 211.3 209 209 209.3 211.2 214.5 225.5 236.9 229.6 222.6 223.4
