UK/data/nm/nm75_OST50GRID_20230518/NM75.asc
ncols 200
nrows 200
xllcorner 170000
yllcorner 750000
cellsize 50
[rows 35 to 69 of 200, columns 0 to 77 of 200]
223.6 234.7 247.3 252.4 257.1 267.8 279.3 298.5 310 322.2 340.4 358.7 381.6 400.8 417.1 423 429.3 431.8 449.2 458.3 466.7 474.3 474.8 474.6 469.5 460.8 446.3 435.6 425.6 414.8 409.2 400.9 386.8 377.3 355.5 330.9 321.5 306.7 298.6 292.2 291.1 281.4 255.7 232.8 215.9 204.5 188.7 172.3 155.5 146.6 141.7 136.4 134.3 125.6 137 152.1 162.4 170.4 179.1 187 197.8 208.5 216.8 225.5 234.8 247.4 257.1 270.1 282.7 293.7 302.1 291.5 292 299.1 306.5 308.1 320.2 330.3
234.1 247.4 251.2 259.9 265.9 277 293.7 314.3 328.3 338 350.1 366.6 391.6 415.8 425.4 431.6 434.4 441.1 453.3 465.6 475.6 478.1 482.4 478.5 473.4 464.5 451.4 441.8 422.5 416.8 405.6 391.9 385 369.3 354.6 335.4 319.7 310.3 305.1 297.5 294.7 274.9 262.2 240.3 223.4 209.9 197.5 178.2 166.7 157.2 148.9 145.3 146.7 139.5 145.8 152 156.7 169.5 178.8 185.7 199.1 213.1 219.9 226.6 235.8 246.5 256.4 266.5 278.2 287 289 290.9 290.6 305 311.9 322.5 333 348.2
238.2 251.4 256.3 268.3 281.1 292.7 302.7 323.1 338.2 342.9 352.8 373.3 399.8 417.9 432.9 433.9 440.6 448.5 463.8 476.5 484.3 484.5 482.2 481.3 474.8 468.1 454.7 445 424.1 415.9 409.2 396.4 376 365.6 355.7 335.7 321.3 314.1 306.1 299 291.5 285.7 266.4 242.7 228.7 215.3 201.2 184 178.8 166.3 157.5 151.1 154.7 151.2 155.5 163.5 173.6 177.4 183.2 195.6 203.2 209.9 216 223.5 235.5 247.3 255.2 265.4 277.1 282.5 287.8 289.4 300.7 313.3 321.6 334.1 348.8 357.7
248.5 261.1 267.8 275.9 293.1 309.8 317.2 330.7 343 347.7 357.5 381.3 406.5 423.7 438.2 438.3 444.3 457.1 475.3 486 497.3 500 498.8 491.6 478.7 472.3 463.4 451.3 428.7 418.4 408.9 396 375.4 367.7 350.4 335.3 326.7 317.2 309.5 304.1 297.7 289.6 261.4 244.7 233.4 221.3 208.8 197.7 190.7 178.8 167.3 159.5 160 156.8 162.8 168.5 175.1 179.8 188.1 199.2 207.4 211.2 216.4 227.7 238.1 246.3 254.7 265.1 274.7 283 286.6 296.8 311 321 336.1 348.7 358.8 366.9
257.8 269.2 279.1 288.3 301.5 320 324.2 331.6 343.6 353.1 370.4 384.5 406.8 425.3 442.3 441.2 447.3 465.9 484.1 492.9 501.9 508.2 509.9 507.4 494.4 479.2 473.8 461.8 437.9 427.1 414.3 395.9 382.6 370 352.5 339.2 331.2 319.7 312.6 306.5 301.6 285.8 262.7 248.6 239.7 230.5 219 211.6 199 188 177.1 163.4 162 161.1 167.7 174 180 182.7 189.8 202.1 208.2 213.2 218.3 227.9 238.8 251.2 253.6 262.5 274.5 284.8 297.4 309.7 319.9 333.6 343.3 358 367 370.9
265.7 275.2 288.5 298 311.7 325.8 329.5 339.8 347.4 358.2 373 386.7 406.2 426.6 438.9 439.9 450.2 471.4 493.5 497.8 506 512.2 514.5 515 513.7 490.4 479 470.9 453.1 436.7 421.7 399.8 391.5 374.7 355.1 343.6 336.8 324 314.1 310.2 294.1 280.2 264.4 258.5 249.1 232.1 225.1 221 205.2 196.9 180.6 168.5 166.1 161.6 168.9 171.7 178.7 187.9 191.6 203.3 211.5 218.3 222.8 230.9 243.6 253.8 257.7 260.9 278.3 294.5 307.8 315.3 331.4 345 355.8 365.3 371.6 380.7
270 280.9 295.6 305.6 321 325.8 331.9 347.3 356.3 365.3 373.8 387 406.6 429.5 439.2 439.8 453 471 491 500 511 514.1 517.8 517.7 510.4 493.1 480 470.7 459.1 442.2 423.6 405.6 395.5 377.4 357.2 344.6 329.3 322.9 316.3 301.1 289.6 277.5 270 261.7 248.7 241.4 234 225.7 209.1 204.4 185.6 171.8 169 167.2 168.2 173.8 183.7 192.7 193.6 204.3 211.5 221.3 224.6 232.7 246.2 257 263.2 268.6 284.6 300.3 310.9 320.7 341.7 352.7 361.3 370.7 380.2 387.2
273.6 286.7 300.3 311.2 325.1 334.8 339.9 351.2 360.6 367.7 373.6 390.8 408 431.4 438.6 440.3 452.9 468.4 486.6 496.8 508.2 510.5 515.5 514.2 509.9 493.8 482 478.7 466.6 440.2 426 408.9 392.6 378.8 363.1 346.4 334.7 327.8 321.6 302.5 287.4 280.8 273.6 263.8 261 251.5 243.4 225.4 212.7 202.2 187.7 173.5 168.9 168.1 170.6 174.6 186 193.8 196.4 204.9 211.6 216.2 223.1 234.3 246.9 260.6 272.5 277.9 292.7 307.4 312.3 327.5 339.2 353.9 368.9 377.1 386.5 393.3
276.9 289.7 302.4 311.6 323.3 338 343.8 355.5 359.7 367.5 378.8 393 409.5 425.1 434 439.1 453.5 467 482.5 493.4 502.4 507.2 510.2 506.4 504.9 493.2 486.2 480.2 470.4 446.7 436.2 414.9 401.9 388.5 365.2 348.8 338 328.5 314.5 301.5 288.7 284 281.5 266.5 260.5 253.6 244.9 223.8 209.6 195.6 185.4 174.1 171.2 171.8 177.1 183.3 190.9 198.3 199.3 205.4 212.7 222.3 226.7 235.8 250.7 264.4 277.4 286.3 300.9 310.2 322.8 333.9 351.1 366.3 378.7 390.2 392.8 399.7
278.7 290.6 301.4 312.8 327.5 340.9 347.3 357.1 360.4 366.6 379.1 391.4 412.5 421.5 429 438 447.6 459.2 473.1 488.1 495 501.6 503.6 504.5 503.5 492.3 492.7 483.7 470.5 453.7 437 425.1 407 387.4 372.2 355.3 336.2 325.9 312 297.9 286.9 281.4 276.3 264.1 258 249.5 236.5 216.8 199.2 191.7 184.8 174.1 175.4 182.6 185.5 189.8 198 206.1 207.5 210.1 219.1 220.3 230.9 242.4 255.1 267 278.5 292.9 306.5 317.5 337.9 347.4 365 380.5 395.2 402.6 401.3 404.2
280.6 291 301.6 314.7 329.5 343.3 348.1 357.2 361 367 379.9 394.5 410.4 419.1 429.1 438.1 447.2 463 470.9 481 493.1 502 506.9 505.9 501.9 491.4 488.7 484.6 474.4 459.2 440.4 426.7 410.7 392.5 378.4 360.7 337.8 326.4 311.3 300.1 287.2 282.3 272.5 267.3 257.6 245.6 227.5 211.7 198.8 191.5 177.9 177.8 183.2 186.2 192.5 196.9 204.1 211.9 215.8 213.5 224.4 227.7 231.5 244.2 260.3 269.5 282.1 297.1 314.4 329.2 348 357.1 376.3 396.4 406.4 410.1 411.1 416.9
280.7 290.2 302.2 316.2 331.2 344.4 349.2 358.1 361.4 365.1 376.9 394.1 405.9 417.8 427.5 440.7 448.1 463.9 467.8 479.5 494.7 503.3 505.6 513.2 504.2 491.3 491.8 492.8 483.9 470.7 459.4 434.9 418.8 399.9 382 360.2 341.6 328.4 315.5 302.5 289 280.7 273.9 270.8 260.1 236.3 220.1 205.2 200 182.2 178.9 187.7 196.7 197.3 202.3 205.8 209.3 216.3 224.2 223.9 232.2 237.5 243.1 250.4 261.1 274.5 285.7 302.3 318.9 339 357.3 369.6 385.4 405.7 417.8 416.1 421.8 426.8
281.5 289.1 299.2 313.2 330.3 340.2 348.8 355.3 358.5 362.8 375.7 390.6 403.8 417.3 427.7 441.4 451.9 466.7 466.9 475.8 495.2 504.7 507.2 516.2 508.8 496.4 500.7 495.5 490.1 484.5 455 441.9 422.9 405.6 383.8 363.1 348.4 334.7 319 299.7 293.6 281.2 273.3 265.1 249.6 229.6 214.4 204.3 193 191.4 192.5 197.5 204.1 204.5 212.7 214.4 220.3 223.3 233.5 230.9 241.9 243.8 251 257.8 260.9 273.9 290 307.5 325.5 343.6 357.8 376.3 394.5 410.4 420.5 421.3 431.3 430.4
282.3 291.1 301.2 312.4 328.2 338.4 344.9 350.8 355.4 360.2 373.5 388 399.8 413.7 428.4 439 455.9 467.7 466 478.2 494 499.4 503.4 511.1 508.6 498.5 504.9 503.4 499.2 481.8 456.1 440.8 423.4 406.1 381.5 365.5 354.1 336.7 319.7 303.6 293.4 281.2 272.6 258.7 238.7 220.4 208.9 191.2 195.8 197.5 203.2 207.1 211.7 210.9 219.2 222 228.6 235.1 240.2 238.1 243.8 252.4 259.8 269 274.2 274.9 297 312 335.9 349.4 369.3 385.4 395.8 406.8 416.5 423.5 430.4 434.3
280.3 288.7 300.6 310.2 324.5 332.3 339.9 344.3 349.8 357.7 375.8 384.9 398.5 414.5 428.3 440 457.1 466.7 466.3 478.3 491.6 496.3 495.7 499.6 494.9 496.4 504 507 498.2 478.9 450.5 428.7 418.8 405.5 383.2 371.6 357.2 342.2 320 307.1 293.7 277.9 264.1 246.2 228.4 219.8 204.6 206.9 208.3 207.7 209.6 214.4 217.4 218.9 224.6 234.8 237.9 244.9 246.5 244.4 247.7 259.6 264 275.3 283.6 282.1 303.9 321.8 344.3 358.2 370.7 394.3 405.9 416 420.2 427.7 430.8 440.1
277.1 287.4 298.4 305.8 306.2 322.7 332.3 338.2 344.2 355.9 369.6 384.4 399.2 412.1 427 439 454.6 462.1 466.7 479.5 484 495.3 494.3 494.9 487 490.7 504 518.9 503.9 475.8 448.6 429.1 412.7 403.1 387.9 373.3 359.8 339.6 322.7 311.5 299.7 277.6 257.1 237.1 223.4 205.2 209.6 216.6 215.7 215.3 220.9 223.3 228.7 227.8 234.9 243.1 249 253.4 259.6 251.4 255.1 267 271.2 282.7 287.2 292.5 315.9 333.6 350.4 363.9 380.8 391.6 407.7 416 425.7 435.4 440.4 448.5
276.4 286.1 299.1 310.5 319.2 322 322.6 331.2 339.4 350.5 365.2 382 399.9 415.5 424.3 437.8 448.5 453.3 467.9 475 481.7 496.4 491.4 490.3 485.8 485.7 500.6 504 496.2 475.7 447 426.5 413.1 402.9 389.1 373.1 356.5 335.6 323 311.4 299.8 271.4 251.7 234.6 212.9 217.3 217.6 221.7 222.3 224.3 228.3 234.1 239.5 241.9 247.9 259.2 262.5 266.5 270.7 265.1 269.2 265.4 277.1 288.5 291.8 300.9 328.3 347.5 363.5 377 395.7 402.2 408.1 416.6 428.5 435.3 444.7 450.3
281.4 289.9 299.4 308.5 318.7 327.5 328.8 334.5 336 347.6 361.7 382 394.1 413.1 423.8 428.6 435.3 446.7 459.2 469.6 478.9 489 487.6 486.5 483.7 484.1 499.9 489.4 482 474.4 450 429.2 413.2 396.8 385.2 370.1 357 337.8 322 309.8 299.9 267.9 248 230.9 217.4 223.8 227.7 229 238.9 236.6 240.6 243 248.7 253.6 261.2 268.8 273.8 277.8 281.5 276.7 282.6 274.7 284.3 292.8 299 312.3 338.1 357.7 373.4 387.2 401.5 415.2 417.7 422.6 428.6 435.6 447.7 452.1
290.5 295 302.1 311.3 319.5 324.2 330.1 334.9 338.1 346.7 360.1 373.3 388.3 397.2 410.6 427.8 432.9 439.2 460.4 467.9 472.6 475.8 482.1 485.1 482.6 482.3 484.6 486.1 481.1 466.3 446.9 430.5 412.1 398.1 382.6 369.9 362.3 339.3 319.9 304.5 285.5 262.9 243 225.3 230.9 234.6 239 246 243.8 243.2 249.8 254.3 263.5 264.8 275.8 280.9 284.7 287.3 288.5 291.3 293.6 290.4 299.3 295.4 303.2 326.6 349 368.2 384.2 397.3 410.6 420.5 426.6 439.2 446.2 450.9 448.9 454.5
297.4 306 310.7 316.7 322.9 328.3 333.2 335.1 338.9 352.8 365.3 378.4 392.6 409.5 422.1 429.8 434.5 446.3 460.2 475.7 474.5 480.5 482.4 484.2 482.3 482.3 485 491.3 482 459.9 445.9 425.2 406.9 395.1 381.5 369.2 357 336.8 317.7 303.1 281 258.8 241.1 229.2 238.8 240.4 245.2 249.5 250.1 248.7 261.3 265.8 273.3 283.4 284 294.2 296.6 299.5 308.3 308.9 307.5 305.5 314.6 313 317.5 334.8 360 376.8 392.2 405 416.3 425.8 441.4 449.7 459.9 469 461.7 465.2
307.7 315.2 318.8 322.3 335.5 335.8 339.3 341.8 342.2 353.9 371.2 383.3 394 413.6 425.4 430.9 437.5 450.1 463.2 473.7 475.3 482.2 483 482.6 482.3 482.3 486.7 494.6 486.8 465.4 440.6 419.9 404.6 393 383.3 372.7 356.6 336.8 319 297.3 277.6 258.5 242.1 241.4 247.8 250.3 258.7 257.6 259.7 259 264.4 271.6 282.4 289.2 293.8 305.1 309.4 321.8 323.8 321.2 318.4 321.7 330.6 331 322.6 349 370 383.9 393.7 407.5 421.9 433.6 448.4 456.9 470.1 478.8 471.1 470.9
319.3 325.3 330 332.4 339.2 342.7 344.8 346.6 348.7 360.4 372.4 382.5 394.3 412.3 426 429.4 438.8 448.8 468 468.8 477.1 481.7 485.6 489.6 482.3 485.6 491.3 489.8 485.5 465.3 443.2 424.1 409.7 395.1 386.4 379.1 354.4 335.5 317.1 296.5 276 259.7 249.9 251.2 254.5 258.8 266.7 271.4 267.9 264.5 271.8 279.3 288.6 296.9 302.7 313 320.3 329 329.7 330.7 333.3 332.8 342.9 345.8 335.2 361.9 383.1 397 405 416.5 424.1 439 460 466.1 479.4 487.1 482.7 482.7
331.8 337.7 341.3 343 348.1 348.8 353.7 356.9 353.8 366.6 378.8 384.4 393.4 409.5 422.2 425.8 441.1 449.8 467.4 468.1 478.2 478.7 482.5 483.7 482.3 492.8 496.4 491.7 485.9 472.8 453.9 428.9 413 400.9 382.7 371.2 351.7 334.4 316.3 294.3 276.1 260.2 263 260.8 266.6 263.5 274.4 277.1 281.5 277.8 283.9 287.1 291.3 304.1 311.8 322.1 330.3 334.9 342.2 343.9 348 350.7 353.3 362.2 353.8 373.8 392.2 405.6 416.2 422.3 431.5 444.4 459 470.2 483.8 493.6 495.2 488.6
345.1 344.9 350 351.6 359.1 356.3 359.7 361.8 361.1 369.7 380.5 387.8 394.3 404.9 416.6 423.1 442.4 450.3 462.8 466.4 475.4 475.5 478.7 482.6 484.4 493.3 498.3 497.5 492.9 484.3 461.9 437.6 418.6 400.6 386.5 367.8 351.8 332.9 314.5 292.4 275 274.2 273.4 273 274.4 276.9 284.2 289.5 289 289.3 285.6 294.2 304.9 314.2 325.5 335.5 341.7 348.7 354.5 356.3 358.5 366.9 364.9 374.4 371.2 383.9 400.5 412.4 422 427.7 443.6 453.9 459.8 471.1 478.5 488.1 490.5 487.9
350.8 350 355.7 359.2 362.9 364.5 364.9 367.1 365.1 374 384 389.7 396 403.5 415.2 423.4 439.7 451.8 458.1 466.7 476.3 477.5 485.2 483.9 489.4 496.9 495.1 499.2 501.1 490 465.3 445.2 424.4 405.5 384.9 366.4 349 330.1 312.1 296 290.6 284.5 282.5 280.6 286.3 286.2 291.4 293.7 294.8 294.7 297.1 302.8 316.2 326.8 340.3 344.3 355.3 357.5 368.8 369.2 372.5 380 383.5 380.2 384 395.2 409.8 422.1 426.8 432.7 448.9 460.8 468.3 475.4 482.6 487.9 488.1 492.7
353.5 355.7 363.1 364.7 368.3 370.3 370.9 372.2 374.1 379 389.4 395.7 401.6 406.5 415.4 426.1 438.3 450.4 458.3 469.9 480.1 480.7 491.9 488.5 490.2 493.2 495.5 498.7 500.8 487.5 470 454 428.5 409.6 391 369.1 352.6 333.5 315.9 300.2 298.9 294.3 288.9 293 296.6 294.7 293.8 296.8 301.2 301.2 304.2 312.6 328.1 345.9 353.6 362.8 367.4 372.9 379.7 383.8 385 391.5 397.9 396.4 392 411.1 418.9 429.4 434 443.7 458.9 467.3 474.7 481.4 492.1 497.8 495.9 499.9
358.3 363.7 373.7 376.4 379 380.9 377.7 379.4 380.8 386.2 395.3 401.3 412.5 416.7 425.5 433.4 455 453 458.5 472.7 478.3 487.5 495.1 490.8 495.5 497.8 499.3 507 508.4 495.9 477.1 457.4 431.4 413.6 394.6 374.2 356 336.2 319.1 313.4 305.5 301.8 297.1 297.2 301.7 302.8 300.4 303.8 307 313.2 319.6 323.4 337.2 351.5 363.1 379 381.8 388.1 398.1 396.8 397.8 405.5 411.3 409.2 406.5 414.8 425.1 436.7 441.9 454.7 466.3 477.4 491.8 494.5 504.9 509.5 506 505.7
357.6 371.1 388.2 389.9 391.5 391.2 387.4 387.6 389.3 392.4 399.6 406.7 423.2 421.7 429.4 439.2 456.1 462.2 460.3 470.5 477.8 489.8 502 491.1 496.3 499.4 499.9 509.1 521.5 509.8 484.1 461 436.3 415.6 398.8 378.7 358.1 340 329.4 322 313.8 308.5 304.5 306.5 307.2 309.4 309 309.9 312.4 321.7 328.4 338.6 346.3 362.7 377.2 388.6 394.3 406.6 409.4 409.6 409.7 418.2 419.5 416.6 414.4 427.2 437.4 446.8 451.8 463.4 472.7 489.2 510.1 516.3 515.1 526.3 515.9 504.2
362.4 378.4 390.8 398.3 399.6 399 395.4 394.5 398.1 400.9 414.2 420.6 426 430.3 435.7 444.6 455 468 465.6 470.7 482.2 492.9 502.2 493.7 501 507.6 507 519.2 521.8 519.7 495.4 471.2 442.4 421.1 403 381.9 365 346.1 336.7 328.8 320.3 318.6 315.1 313.7 315 314.5 317.5 318.4 320.3 326.1 332.9 343.2 354.9 376.2 391.1 398.4 414.4 430.2 424.8 426.3 420.2 423.9 427.7 426.9 427.2 438.8 451.8 462.7 456.9 469.2 478.3 495 513.3 518.7 529.7 527.9 516.3 504.7
364.4 382.9 394 404 411.5 408.6 404.5 405.2 414.6 418 423.7 428.2 439.6 442.5 442.7 448 460.6 467.8 468 473.7 485.1 494.3 501 500 510.5 514.2 514.8 524.4 534.1 524.5 503.1 476.8 449.4 427.9 409.6 388.7 369 353.6 344.4 333.6 328.7 326.2 323.3 321.3 323.1 324.9 326.2 331.4 329.3 334 343.8 353 367 387.1 405.3 414.9 433.3 445.7 437.3 439.9 433.5 431.7 433.6 437.8 434.8 445.6 457.8 464.3 462.2 468.7 480.9 492.3 506.8 524.7 530.2 522 509.8 499.1
367.2 387 399 416.4 426.6 424.5 417.2 410.1 424 426.1 431.7 440.7 446.5 448.5 452.2 454.6 463.7 474 472.3 480.1 489.3 499.8 500.6 509.8 516.3 520.5 519.7 527.4 529 525.6 508.1 480.6 455.8 438.3 417.9 393.1 381.2 367.6 354.3 343.7 342.6 338.3 333.6 333.8 333.3 335.7 335.7 337.4 339.9 346.2 353.5 364.6 381.2 400 416.4 425.4 441.3 449.1 446.4 443 445.8 438.2 443.4 443.4 440.9 451.8 458.5 461.4 463 473.5 479.8 488 498.5 507.9 512.3 512.3 499.2 491
365.5 386 398 417.8 428.1 432.5 427.4 421.6 431.1 434.3 440.5 450.4 455.6 456.5 459.1 463.4 467.6 477.2 478.6 487.9 497.9 506.5 505.1 507.5 517.3 518.4 518 522.3 524.2 514.4 504.2 489.2 467.8 446.2 423 402.8 393.1 374.1 363.9 357.7 353.3 347.6 347.2 348 345.9 346.6 345.9 350.4 355.3 356.4 370 389.1 399 418 430.6 434.6 450.3 450.8 449.5 446 447.1 444.7 447.4 447.3 448.6 453.8 460.4 460.9 467.3 476.8 484.3 495 506.6 502.8 502.6 501.1 490.5 478.3
360.9 376.4 388.5 404.8 412.8 418.6 427.6 429.3 434.6 439.5 448 455 462.7 465.4 472.4 474.3 477.8 485.2 489.9 498.3 508.6 510 508.7 508.2 513.8 509.4 509.4 511.3 511.8 509.1 499.7 491 477.2 454.9 431 415 398.8 389.3 379.4 368.3 368.4 361.8 360.7 359.8 358.8 357.8 359.4 364.7 369.3 375.3 390.9 410.1 424.3 437.6 444.3 447.9 454.1 452.1 450 452.3 449 453.7 447 454.3 460.8 460.8 462.2 465.8 482.5 485 489.7 501 508.4 502 496.5 487.4 475.4 466.3
364.9 365.2 382.2 399.8 412.9 422.4 429.7 434.9 445.1 451.5 451 458.8 468.7 473.3 482.4 485.4 489.2 499.2 511.1 509.3 520.6 519.6 514.7 509.2 507.1 507.5 498.4 494.4 487.6 486.3 488.1 484.2 469.6 450.5 437.8 424.1 410.4 402.8 396.8 383.9 380.7 376.3 377.9 376 371.2 373.4 374.5 378.1 390.5 400.8 413.3 429.7 441.5 449.8 451.7 461.8 456.8 451.6 450.5 451.6 452 452.4 451.7 461.4 470.6 467.1 468.2 475.3 487.2 494.1 497.3 506.4 505.1 497.6 485.9 476.4 469.8 458.1
374.7 376.7 376.8 393.3 410.8 431.4 440.1 443.7 452.4 458 465.2 470.7 474.7 478 483.9 489 497.8 506.1 525.3 518 522 524.7 516.2 506.2 502.9 491.2 487.2 479.1 475.8 474.8 473.6 468.3 460.2 449.5 445.6 434.2 422.3 418.4 415.4 406.5 400.3 395.1 389.2 391.3 392.8 393.7 396 405.2 417 421.8 436.9 448.2 463.8 465.5 464.7 468.7 457.6 448.7 449.5 446.9 449.1 452.1 460.2 461.8 469.8 468.4 471.2 481.6 482.5 485.2 492.1 491.5 499.9 483.5 471.9 465.4 460.8 448.4
