WholeMapElevations/data/nt/nt90_OST50GRID_20230518/NT90.asc
ncols 200
nrows 200
xllcorner 390000
yllcorner 600000
cellsize 50
[rows 35 to 69 of 200, columns 78 to 155 of 200]
376.2 374.3 369.6 365 358.2 354.3 343.8 337.6 332.7 328.2 319.8 312.9 306 299.9 294.9 289.7 278.2 271.3 272.5 269.8 265.4 260.4 258 254.6 252.4 251.5 250.8 252.8 252.2 249.6 246.9 245.8 243.7 239.7 236.2 233.8 231 227.5 223.1 218.2 214.2 210.8 208.6 208 204.8 206.7 208.8 207.8 207.8 207.4 205.8 204.6 202.6 199.2 197.2 195.6 194.2 192.3 191.5 190.4 187.9 186.4 184.6 182.9 181.2 178.4 177.6 175.4 172.9 171.2 170.2 169.6 168.6 167.8 171.1 172 170.8 171.2
372.3 366.1 358.4 351.8 349.9 340.7 331.5 325.8 322 316.4 311.2 305.1 299.7 294.2 288.6 282.7 275.2 270 263.4 263 260.5 257 253.8 252.2 250.7 248.6 246 246.9 244.9 245.4 244.4 242.5 238.7 234.1 230.1 226.3 223.6 220 217.9 215.5 216.3 216.3 215.2 213 209.6 205.1 202 202.8 203.3 202.2 200.3 198.8 197.8 195.6 193.5 192 190.6 190.8 189.4 188 186.6 185.3 183.4 182 180.4 175.7 173.8 172.8 172.2 171 170.1 169.2 168.3 167.3 167.4 167.6 167.1 167.9
363.2 354.4 348.1 340.2 331.4 320.7 309.6 302.8 302.2 298.4 294.8 291.8 286.6 282.5 277.8 273.5 267.4 262.9 258.2 256.1 253.6 252.2 248.9 248.2 246.8 246.1 243.7 240.6 241.8 241.4 238.1 238 234.5 231.3 227.8 222.7 219.9 217.9 218.3 215 215.2 217.2 217 215.7 212.8 208.5 202.9 199.7 198 197.2 195.2 193.9 192.4 191.7 191.4 189.9 188.3 188.5 188.2 186.5 185 183.7 181.5 179.1 175.5 174.6 173.8 172.3 172.3 170.9 170.4 169.4 170.2 167.9 166.8 165.4 164 164.1
343.5 343.4 335.8 323.7 309 294.8 285.8 280.2 275.6 271.9 269.9 269.8 269.9 269.1 266.9 263.9 259.8 256.9 254.4 251.7 249.3 247.1 244.1 242.6 243.2 243 241 238.8 238.1 236.8 234.2 232.3 230.1 226.7 224.4 221.5 219.2 217.5 217.2 215.4 214.7 214.6 213.1 212.7 211 207.2 203.5 200.5 197 195.9 194.4 193.4 191.8 190.1 189.7 188.2 186 186.3 185.3 183.9 182 179.2 178.8 177.9 176.5 174.5 174.2 173.9 172.7 172.8 172.8 172.1 170.9 169.3 167.9 166 164.2 163.5
322.6 319.5 309.7 295.5 282.8 275.2 271.1 268 265.2 263.7 263 263.9 263.5 262.4 259.6 257 253.8 250.9 248.4 248.3 248.2 247.3 245.5 241.2 240.8 237.8 235.7 235.6 233 230.5 229.1 226.3 223 220.3 219.7 216.9 216.4 214.9 214.3 212.9 210.3 208.6 206.4 204.8 205.6 201.8 201.6 200.6 196 194.8 193.6 192.3 191.2 189.7 188.3 186.5 185.7 184.2 183.2 182.3 181.2 179.9 178.7 177.9 176.5 176.3 175 174.2 173.8 172.6 173.8 172.2 171 170 170.1 168.2 166.7 166.9
298.6 290.7 280.2 273.1 270 266.1 263.7 260.8 258.7 257.6 260.3 260.1 259.4 256.9 254.1 250.8 248.6 249.2 249 248.5 248.7 247 242.6 240 238.3 236.1 236.5 233.6 232.3 231.2 229.1 225.5 222.4 222.4 218.1 214.1 212.5 209.1 209 206.7 209.5 207.1 204.1 204.7 205.4 203.9 203.7 200.4 196.6 194.6 193 191.4 189.7 188.7 187.3 186.9 186 185 183.8 182.5 181 180.2 179.7 179.6 178.9 178.9 178.1 176.5 175.9 175 174.6 173.3 171.9 171.8 173.1 170.6 168.4 167.8
276.3 273.9 272.5 270.6 267.8 264.4 260 257.2 256 254.5 256.3 257.3 256.6 253.8 251.1 250.2 248.9 248.2 246.8 245.7 243.8 242.7 237.5 236.9 234 235.2 234.8 233.1 230.7 228.5 226.3 223.2 220.8 218.4 214.3 211.7 213 214.7 212.8 211 209.8 208.1 208.9 207.3 206.2 204.6 202.6 198.3 195.6 195.3 193.1 192.1 190.8 188.5 186.7 186.5 186.6 186.4 185.9 184.4 184 183.9 183.9 183.8 183.8 183.3 182.5 179.9 178.6 176.5 175.1 176.1 175.2 176.6 175.9 174.7 171.8 170.1
270.4 271.4 270.6 269.3 266.4 262.5 257.1 254.9 252 251 255.1 255.7 253 249.6 250.2 248.3 245.7 244.6 243.8 241.9 239.1 239.7 238.5 235.2 234.6 228.6 229.9 229.5 227 225.1 222.4 219.4 215.8 217.9 218.6 217.5 216.2 214.9 214.6 213.1 211.8 211.9 210.5 208.9 207.1 205.4 202.5 201 199 197 195.6 194.3 193.5 193.3 192.5 192.2 192.5 192 190.6 188.1 188.4 189 188.6 188.3 188 186.7 185 183.4 182.2 180.5 178.7 179 179.7 179.1 178.1 176.3 174.4 172.1
266.8 267.7 268.9 267.8 262.5 257.8 253.9 250.3 247.5 249.6 250.8 251.3 249.7 250.1 248.5 245.6 243.6 242.6 241.1 239.2 237.9 237.8 236.3 233.9 229.5 225.7 222.9 223 220.8 220.4 220.4 221 220.7 220.6 219.3 218.4 217.9 217.5 217.3 216.2 215.5 215.9 214 212.4 210.6 208.6 207 205.3 203.1 200.9 199.5 198.6 198.4 198.3 197.9 197 196.3 195.5 192.3 190.9 192 191.8 190.7 190.5 189.4 188.1 186.8 185.3 184.3 183.8 182.3 181.6 181.7 180.7 178.9 176.8 174.7 174.9
260.8 262.8 263.1 260.4 254.9 250.2 248.6 245.5 245.7 246.1 248.9 250 249 247.8 246.1 244.7 242.6 240.3 239.5 237.6 236.6 233.1 230.4 229.4 229.1 227.8 226 225.7 226 226.6 225.1 223.8 223 222.4 222.1 221.9 221 220.2 219.8 219.8 221.1 220.4 218 216.3 214.3 212.6 211 209.3 207.1 205 203.8 203.4 203.1 203 202.5 201.2 200.2 197 195.2 194.7 194.6 194 192.1 191.8 190.5 189.1 187.8 186.6 185.6 185 184.5 183.5 182 181 179.1 178 178.7 178.3
251.4 252.7 254.4 254.4 251 248.5 245.3 245.5 245.1 244.4 245.3 248.2 248.5 247.2 245.6 242 238.1 235.5 234 234.8 233.8 233.7 233.5 231.9 231.6 230.9 230.8 230.8 230.3 230 229 227.6 226.2 225.9 225.5 224.1 224.1 223.9 224.3 225.2 225.2 224.3 222.4 220.1 218 216 214.2 212.6 210.9 210.4 209 208.2 207.9 207.6 206.4 204.7 201.8 200.7 198.3 197.6 196.3 195.4 194.4 192.7 191.5 190.2 188.7 187.7 186.9 186.3 185.5 183.2 182.2 181.6 181.5 182.1 183.2 181.5
244.9 245.6 247.7 246.9 245.1 245.1 243.2 243 243.6 243.1 245 248 245.9 243.8 241.9 239.6 237.1 240 238.7 237.6 236.7 235.6 235.3 235.6 235.3 234.8 234.4 233.8 233.6 233.3 232.5 230.1 228.4 228.8 228.5 227.8 227.1 227.6 229.1 228.9 228.7 228.4 226.7 225.2 222.9 220.6 218.9 217.4 216.8 216.1 214.2 213.4 212.6 211 209.4 206 204.6 202.9 201.1 200.6 199.1 197.5 196.3 194.8 193.2 192.3 190.2 189.2 188.2 187.6 185.9 184.9 185 184.4 185.3 185.7 184.5 183
241.9 240.9 242.3 243.3 242.5 240.2 241.2 242 243.3 242.5 243.7 243.7 241.8 240.3 240.3 241.8 238.4 241.6 241.2 239.7 239 238.1 238.4 237.7 237.3 237.2 237.3 237.1 236.2 234.8 233.2 230.9 230.7 231.6 231.4 230.3 230.4 231.1 231.9 232.3 232.3 231.9 231.3 229.8 228.1 226.2 224.5 223 222.1 221 219.5 217.7 214.7 212.1 210 207.4 206.9 205.6 204.2 203.3 202.2 200.6 199.4 197.5 195.6 194.2 192.9 191.1 190.1 188.8 187.8 186.9 186.7 187 187.2 186.3 183.8 182.1
235.5 237.3 238.3 237.5 240.5 241.6 242.4 243.2 243.5 243.4 242.6 241.6 240.8 241.4 242.2 241.1 241.1 244.5 243 242.5 242.1 240.9 240.4 240 239.9 239.9 239.4 237.9 236.6 234.7 234 233.5 232.9 233.8 233.9 232.2 233 232.6 234 235 235.4 235.5 235 234 232.8 231.6 229.4 228 225.6 223.2 221.7 218.9 216.8 213.3 211.2 210.1 209.4 208.7 207.3 206.4 205.5 204.5 203.6 201.6 200 198.5 195.7 194 192.4 191.1 190 188.9 187.9 186.6 185.2 184.2 183.1 181.9
236.9 236.8 239.5 243.6 246.6 247.4 247 245.9 247.7 246.5 245.1 245.2 243.3 243.7 242.9 242.9 245 247.3 247 244.3 245.1 243.8 243 242.8 242.8 241.7 240.6 238.9 237.5 237.5 237 236.6 236.2 235.8 235.3 233.4 234.8 234.5 235.8 237.3 237.6 237.8 237.9 237.3 236.6 234.3 232.3 230.2 227.8 225.4 222.9 219.4 216.9 215.9 215 214.3 213.3 212.9 212 210.6 210.6 209.3 208 206.5 204 200.4 198.9 196.6 194.5 193.4 191.2 189.3 188.1 187.3 186.8 185.8 184.1 182.4
240.1 242.3 248.5 252 255.5 258.3 254.4 251.9 252.5 249.3 251 250.8 249.8 247 247.1 247.6 249.1 249.3 250.1 247.5 248.2 247.5 244.8 245.2 243.9 242.8 241.8 241 241.1 240.6 239.9 239.7 238.7 237.2 236.4 234.7 236.7 236.9 237.1 237.8 237.9 238.3 238.9 238.9 237.8 235.9 233.8 231.7 229.7 227.6 224.1 221 220.8 220 219 218.3 218.1 217.8 216.4 215.6 215.2 214.1 212.5 210 206.6 204.9 202.2 199.9 197.6 195.3 193.3 191.4 190 189.3 188.6 187.9 186.2 184.5
247.3 254 257.6 256.9 256.7 256.1 254.5 254.3 253.8 256.1 255.9 254.4 254.8 252.1 252.9 252.4 252.5 251.7 252.5 252.7 250.7 249.4 247.4 246.9 246.8 246 245.2 245.1 243.9 242.5 241.5 240.2 239.1 238.4 237.4 237 237.7 237.7 237.8 238.1 238.2 239.2 239.6 239.5 239.3 237.5 235.4 233.2 231 227.4 225.5 225.2 224.9 224.4 223.2 222.3 222.2 221.8 221.1 220.4 219.1 217.9 216.2 213.3 211.3 207.9 205.6 203.4 201.1 199 196.9 194.9 193.9 192.4 191 189.9 188.9 188.2
254.7 252.9 253.5 257 258.2 256.5 253.7 253.4 255.3 256.3 255.7 255.5 255.8 253.8 256.4 258.2 255.9 253.6 254.6 255.4 253.7 251.7 250 249.6 249.6 248.9 247.5 245.7 244.1 242.8 241.9 241 240.7 240.9 239.1 238.1 238.8 238.7 238.4 239.1 240.4 241.5 241.2 240.9 240.1 238.2 236.2 234.1 230.1 231.2 230.2 229.1 228.9 228.5 227.3 226.2 225.8 225.4 224.9 224.2 222.9 221.5 219.6 216.6 213.9 211.3 209.1 206.8 204.8 203.2 201.5 200.4 198.8 197.2 195.7 193.9 192.7 191.6
248.1 248.2 249.7 251.3 251.2 249.8 253.6 256.1 256.9 257.3 257.2 257.9 257 255.3 258.3 257.7 257.1 255.4 255.5 254.4 253.6 252.9 252.1 250.9 250.5 248.9 247.7 245 244.4 243.3 243.2 242.1 241.6 241.5 238.9 238.7 240.3 240.9 241.5 241.2 241.9 243.1 242.4 241.2 240.1 238.2 236.2 233.6 234.7 234.3 233.9 233.3 232.2 231.4 230.8 229.6 229 228.2 227.3 226.4 225.6 224.7 222.7 220.1 217.2 215.1 213.1 211.2 209.8 208.1 206.3 205.3 203.8 202 200.4 198.2 196 194.4
242 241.1 240.7 241.2 242.6 245.4 249.3 252.7 255 256 256.6 257.5 257.7 259 259.6 261.1 261.3 261.4 257.7 253.7 252.2 250.9 249.7 249.3 249.5 248.7 247.8 246.6 245.2 244.1 244.2 243.6 243.1 242.3 241.4 242 243 243.6 244.6 244.3 244.8 243 241.7 240.5 238.9 237.8 236.3 237.7 238.9 237.5 236.9 235.9 234.8 233.8 233.9 232.9 232.1 231.6 231 230.2 228.8 227.4 225.7 223.3 220.6 218.7 217.5 216.5 214.9 212.6 211 209.4 207.9 206.7 204.5 202.1 199.8 197.4
235.7 236.2 237.2 239.8 243.2 245.9 249.7 253.2 255.6 256.2 255.9 258.1 259.6 260.8 261.9 262.6 263.6 261.4 257.7 253.6 250.6 249 247.8 247.7 247.5 246.8 246.3 246 245.4 245.3 244.9 244.1 242.5 241.2 243 243.5 243.5 244.3 244.9 244.9 244.5 243.2 241.9 240.5 240.6 240.2 240.2 241.4 240.5 238.5 238.5 238.5 237.4 236.4 236.1 236.2 235.2 234.6 234.1 233.3 231.9 230.2 228.2 226.1 223.9 222.5 221.2 220.3 219 216.9 215.1 213.6 212.1 210.5 208.3 205.9 203.9 202.7
232.4 234.3 237 240.8 244 247.7 251.2 254.7 256.3 257.4 256.3 255.5 259.2 261 262.6 263 262.2 260.2 255.9 252.1 249.4 247.5 246.1 246.4 246.9 244.6 244.6 244.4 244.2 243.3 243.5 242.4 241.5 242.1 242.6 242.5 242.7 243.6 243.7 244.1 243 242 241.3 240.1 239.6 240.3 241.4 240.3 239.5 240 240.2 240.2 240 239 238 238.4 238.2 237.6 236.7 235.9 234 232.1 230.1 228 227.7 226.3 224.9 223.8 222.7 221 219 217.3 215.7 214.1 212.2 211.3 210.7 209.9
229.4 235 237.3 241.5 245.9 249.7 253.7 257.4 259.3 258.6 256.8 253.4 256.3 259.3 261 261.2 259.6 256.9 253.9 250.5 248.3 246.1 244.6 244.7 244 242.9 242.9 242.9 242.8 242.4 241.9 240.7 241.1 241.5 241 241.1 241.8 242 241.8 241.8 241.1 240.8 240.6 240 239.1 239.9 240.8 241.1 242.5 243.6 243.4 242.5 241.4 241.1 240.5 240.4 240.5 239.5 237.7 236.2 235.2 233.5 232.2 232 231.6 230.4 228.8 227.7 226.7 225 222.8 221.2 219.6 217.9 217.4 216.8 216.6 215.9
226.1 232.4 237.3 243.7 250 253.8 258.3 261.6 261.4 259.9 257.2 255.7 250.5 252.7 253.9 254.6 252.4 251.6 249.1 246 244.6 243.2 242.4 241.8 241.5 239.9 240 240.1 239.4 239.1 237.5 237.9 238.6 238 237.9 238 238.6 238.7 238.9 238.8 238.6 238.5 238.6 239.4 239.5 241.1 242.6 243.6 245.2 245.3 244.6 243.7 242.4 241.4 241.6 241.4 240 238.5 237.5 236.9 236.1 235.9 236.3 235.7 234.3 234.4 232.7 231.5 230.4 228.3 226.2 224 222.7 221.2 220.2 218.5 216.4 215.1
225.6 231.7 237.4 244.8 251 255.7 258.4 259.1 260 258.9 256 254.4 253.7 245.8 247 247.2 246.9 244.9 243.6 242 240.7 240.1 239.2 238.9 238.8 237.6 237.3 236.9 235.2 234.5 234.3 234.3 234.3 234.4 234.8 234.9 235.1 235.8 235.5 235.4 235.3 235.9 237.1 238 239.3 241.6 243.8 244.7 244.4 244.6 244 242.9 242 241.6 240.4 239.4 238.8 237.6 237.4 237 236.5 236.2 237.1 237 233.7 232.7 231.4 229.4 227.5 225.1 223.3 221.6 220.8 219.1 217.4 216.3 214.7 212.7
223.7 228.7 236.1 245.3 251.2 253.6 255.7 255.5 255.3 254.3 253.3 250.9 248.8 245.9 242.1 238.4 239.3 239.8 239.1 238.1 237.8 237.4 236.2 236.2 236.5 236.3 235.1 234.2 233.2 231.4 230.1 230.6 231.2 231.5 231.9 232 232 232.4 232.2 231.9 232.1 232.7 234.3 235.8 236.8 239.2 241.2 242.2 242.8 242.5 242.4 241.4 239.9 238.5 237.7 237.1 236.6 235.7 235.5 235.1 235.2 235.2 233.4 231.6 229.6 227.6 225.3 223.2 221.8 220.8 218.9 217.6 216.4 215.2 214.1 213.2 212.6 210.3
219.1 224.6 233.9 243.5 249.9 251.8 252.8 251.9 251.1 250.2 247.7 245.3 244 241.9 239.5 236.4 233.5 233.8 235.5 235.6 235.4 234.8 234 232.2 232.9 231.6 230.8 230.7 229.7 228 226.1 226.2 226.3 226.8 227.4 228 228.6 229 228.6 228.8 229 229.5 231 231.5 233.9 235.5 236.5 237.4 238.6 238.1 237.6 237.6 236.8 235.9 235.1 234.7 234.4 233.8 233.4 232.9 233.3 232.2 230.4 228.5 226.1 223.6 221.2 219.5 217.7 216.4 215.2 214.6 213.9 212.9 212.6 211.4 210.9 209.1
215.5 223.2 234.5 243.5 248.5 249.6 250.4 249.5 248.9 247.5 246.1 243 241 239.4 237.8 236.4 234.8 232.4 232 232.4 230.7 230.6 232.1 231.3 229.3 228.1 226.8 225.8 226.1 223.5 222.3 222.3 222.6 222.9 222.5 223.4 224.3 225.2 225.5 225.7 225.9 226.4 227.5 228.1 229.2 230.7 232 233.1 234 233.3 232.6 232.7 233 232.6 232.5 232.1 231.5 231.1 230.7 230.3 230.3 229.1 227.8 226.3 223.9 221.4 218.9 216.6 215.3 213.9 213.1 212.4 211.6 211.7 212 211.6 211.8 210.5
214.2 223.2 233.9 242.4 247 249.7 249.8 248.7 247.9 247.1 245.2 242.9 241.3 238.9 236.4 234.7 232.1 231.1 228.7 228.4 228 226.6 225.2 226.5 226.8 226.4 225.2 224.1 223 221.7 219.2 218.4 219.1 219.1 218.9 219.3 220.4 221.8 221.4 222.1 222.7 223.5 224.2 224.4 225 226.7 228.2 229.4 229.2 228.4 227.7 227.8 227.9 227.7 227.6 227.6 227.1 227.9 227.4 226.4 225.8 225.3 225 223.7 221.6 219.2 216.4 214.5 213.6 212.3 211 210.3 211.4 212 213 213.6 213.1 211.2
214.6 222.7 233.8 240.7 245.6 248.7 250.2 250.1 251.3 248.8 245.5 243.1 241.3 236.5 232.3 230 228.5 227.5 226.2 225.2 224.8 224.5 224.3 222.8 220.1 220.9 220.2 219.8 219.2 218.6 217.7 215.1 215.4 215.3 215 216 217.7 218.3 219 219.7 220.3 221 221.7 221.7 222.1 223 224.5 224.8 224.4 223.7 222.8 222.7 221.9 220.8 219.8 219.7 219.6 220.7 219.4 220.5 221.3 221.1 221.3 220.8 219.4 216.7 213.3 212.4 211.5 210.5 208.9 209.5 211.3 213.4 215.1 214.7 213 211.1
216 225.5 234.1 239.7 242.7 245.2 246.4 248 246.7 245.6 244.3 242.3 241.1 237.3 233.7 228.7 226.3 224.6 222.9 222.5 222.1 221.8 221.6 221.4 221.1 220.3 220 216.8 216.7 213.3 213.8 212.9 212.9 213.1 212.3 214 215.1 215.9 216.6 217.3 217.9 218.6 219.1 219 219.2 219.3 220.4 220 219.6 218.7 218.1 216.7 215.8 215 213.8 213.1 213 213.4 213.4 214.1 215.3 216 216.7 216.9 216.1 213.6 211.1 210.2 209.4 207.9 209.4 211 214.4 216 216.1 214.4 212.4 210.2
223.2 230.8 235.3 238.5 240.7 241.8 243.5 245.6 247.6 247.2 246 243.6 240.8 236.9 233.8 230.4 226.3 222.9 221.2 220.3 219.7 219.1 218.8 218.6 218.8 219.1 218.9 218.7 218.1 217 214.5 211.1 208.1 210.4 210 210.9 212.3 213.1 214 214.8 215.6 215.8 216 216.3 216.3 216.2 216.4 216.5 215.9 214.7 213.2 211.9 210.6 209.5 207.8 207.1 206.9 206 206.8 207.9 208.9 209.8 210.4 210.5 209.1 208.9 208.9 208.4 207 207.5 210.5 210.9 215.3 216 215 213.4 211 208.5
227.9 232.6 235.9 237.8 239.3 240.7 243.1 245 246.8 246.4 244.8 242.3 239.2 235.1 231 227.4 224.6 221.8 220 218.7 218.2 218 217.6 215.9 216.4 216.1 217 217 216.4 215.2 213.9 212.2 209.8 206.3 203.5 207.2 208 210.1 210.8 211.2 211.7 211.3 211.4 212 211.7 212.3 212.8 212.6 211.8 210.4 208.7 207.1 205.7 204.1 201.9 201.1 199.9 199.9 199.7 199.6 201.1 201.8 202.3 201.5 202.6 202.9 203.3 203.6 200.6 206.1 208.8 210.8 213 213.5 212.7 211 210 207.4
228.5 232.1 235 236.5 237.9 240.3 243.6 246 245.2 244.2 241.7 239.9 237 233.1 229.1 225.7 222.9 221.3 219.7 218.6 218.4 218.1 217.7 216.7 213.9 213 212.2 213.4 213.8 212.5 211.4 209.7 208.1 206.9 205.8 198.1 203.1 205.9 206.3 206.8 207.4 206.5 206.4 206.2 206.9 207.5 207.4 206.3 206.1 205.5 203.7 201.6 200.1 198.2 195.5 194.7 192.7 193.9 194.1 192.4 192.8 193.4 193.7 195.4 196.3 197.3 197.9 197.9 201.7 203.8 205.2 207.6 209 209.5 209.2 209 208.1 206.7
226.6 230.6 233.8 235.7 237.7 240.5 243.9 245.5 244.3 242.1 240.1 238.1 234.2 230.7 227.6 224.6 222.1 220.2 218.7 217.8 216.7 216.2 216.6 216.2 214.8 212.2 210.9 209.5 208.7 207.6 205.5 205.9 205.4 204.3 203.1 202.2 197.4 200.9 201.7 202.1 202.4 201.8 202.1 201.9 202.4 203 202.1 201.2 199.5 198.4 197.2 196 194.2 192 190.2 188.7 187.8 187.7 187.4 186.4 186.7 187.1 187.5 188.4 189.1 190.5 190.3 195.8 197.5 199.3 201.9 204.3 206.1 207.5 208.6 208.3 207.3 205.3
