WholeMapElevations/data/sn/sn33_OST50GRID_20230518/SN33.asc
ncols 200
nrows 200
xllcorner 230000
yllcorner 230000
cellsize 50
[rows 70 to 104 of 200, columns 78 to 155 of 200]
186.2 187.6 188.3 187.7 186 182.6 178.4 172.1 167.4 163.7 158.3 139.5 116.8 112.9 125 139.2 142.8 139.9 116.6 116.8 139.8 144.6 147.2 151.1 155.9 158.8 161.7 164.9 167.6 169 170.6 170.7 170.5 169.8 168.4 166.1 162.4 142.4 157.3 165 167.5 169.1 169.7 170.7 170.4 169.9 169.5 168.2 164.4 155 133 112.4 91.5 117 136.9 131.8 125.2 136.5 145 148.6 160.1 162.4 164.1 166.6 169.7 171 173.1 174.6 175.7 178 179.2 181.3 182.9 185.9 187.8 189.5 191.5 193.3
189.6 190.1 190.1 188.9 185.9 182.3 177.4 170.2 164.9 160 152 124.4 119.3 138.2 144.3 144.9 144.2 142.2 127.9 112.3 139.2 147.8 151.5 154.4 158.1 161.1 164.3 167.2 169.6 171.4 173.1 173.3 172.4 172.2 170.4 168 159.8 146.3 164.4 168.8 171.6 173.2 174 174.6 174.2 173.2 172.6 170.9 167 161.9 143.9 115.1 91.7 106.9 109.5 116.2 134.7 151.1 155.8 159.8 163.2 165.5 167.5 169.3 171.3 173.9 175.5 177.1 178.9 179.8 181.3 183.9 186 188 189.9 191.8 193 194.7
192.3 192.1 192 190.4 187.5 183.1 176.8 169.5 161.4 150.3 137.9 119.1 137 145.8 146.6 147.3 146.8 144.7 134.7 109.4 139 150.1 154.2 157.3 160.1 164.1 167.1 169.7 171.8 173.6 175.4 175.4 174.9 174.8 173.3 170.8 159.8 159.8 169.9 171.6 175.1 176.1 176.8 177 176.7 175.5 174.6 172.1 167.2 161.5 138 109.2 98.6 120 135.3 139.6 149.9 153.2 157.9 162.1 165.4 167.2 169.7 174.3 173.3 175.1 176.7 179.4 181.1 182.7 183.7 186.1 188.1 190.1 192.1 193.6 195 196.1
194.3 194.9 194.1 191.9 188.2 183.1 177 169.6 159.5 142.9 127.5 132.8 146.1 148 149.4 149.7 149.3 147.3 143.3 113.6 138.7 150.8 156.2 161.2 163.4 167.2 169.6 172 174.1 176 177.5 177.9 177.7 177.4 176.1 173.6 162.6 167.4 171.8 174.9 177.2 178.5 178.4 178.7 177.6 176.6 174.6 171.5 166.2 154 131.9 105.3 104 133.5 145.7 149.4 152 155.5 159.8 163.9 166.9 169.6 171.9 173.9 175.7 177.9 179.3 181.6 183.6 185.4 186.4 187.7 189.9 192.1 193.9 195.7 196.9 198
196.7 197.2 196.2 193.7 190.3 185.1 179.2 170.9 162.4 149.2 125.3 145.8 149 150.6 151.8 152.3 152.2 151.6 146.6 122.6 133.1 153 157.7 163 167 170.2 172 174.9 177.1 178.6 179.7 180.1 179.7 179.8 179 176.7 169.4 168.7 173.2 176.7 178.4 178.8 179.2 179.3 177.9 176.3 173.8 170 164 154.2 126.9 103.4 108.4 136.3 148.8 151.2 153.7 157.6 161.4 165.6 168.7 171.5 173.8 175.5 177.5 179.6 181.8 183.2 185.4 186.5 189.2 190.8 192.1 194.1 195.9 197.8 198.5 199.9
201.7 200.3 198.7 195.9 192.1 187.3 181 173.4 164.1 145.6 131.7 149.6 152.5 153.7 154.6 155 154.8 154.3 152.8 135.4 125.1 150.5 160.4 165.7 168.7 171.9 174.8 176.8 179.3 180.6 181.7 182.3 182.1 181.9 181 179 174.2 170.4 173.9 177.1 178.8 179.3 179.6 179.1 177.4 175.5 173.3 168.7 163.5 148.4 124.5 102 110.6 137.4 149.9 152.5 155.7 159.8 163.6 167.7 170.6 172.5 174.9 176.4 178.3 181.1 183.1 184.5 186.5 188.6 191.2 193 194.9 196.4 198 199.9 200.9 202.1
209.2 207.1 204.3 200.6 196.1 191.6 183.2 175.8 165.4 145.9 138 154.5 155.5 156.7 157.9 158.5 158.7 157.7 156.2 148.6 123.3 146.8 162.3 166.9 170.9 173.9 176.8 178.8 180.9 182.6 183.7 184.2 183.9 183.4 182.5 180.3 176.9 172.9 173.8 176.8 178.9 180.1 179.8 178.9 177.1 175.1 172.5 168.2 163.3 150.9 125.1 103.5 109.5 135.5 150.3 153.5 157.1 161.2 166.4 170 172.2 173.1 175.2 177.4 179.9 182.2 183.7 186.2 187.8 190.4 192.8 194.3 196.6 198.1 200.2 202.8 203.7 204.5
217.8 216.1 212.8 207.2 200.4 194.3 186.7 175.4 164.3 145.7 143 157.3 158.8 160 161.9 162.2 162.6 161.8 159.9 156 138 142.7 162.9 168.3 172.4 175.8 178.8 180.9 182.9 184.5 185.4 185.6 185.6 185.1 183.8 181.8 179.1 176.5 174.9 178.1 179.9 180.7 180.4 179.2 177.3 175.1 172 168.5 163.1 153.1 127 106.6 111.7 133.6 150.6 153.9 157.1 162.4 167.6 171.2 172.3 173.2 175.4 177.8 180.2 182.7 185.1 187.2 189.5 191.6 193.4 195.8 198.5 200.7 202.8 204.5 205.7 206.9
227.5 225.3 220.5 213.6 206.5 196.6 187.6 176.4 161.7 141.3 152.9 160.2 162 164 165.8 166.1 165.1 164.8 163 158.9 145.2 143.5 161.5 167.7 174.4 177.3 180.1 182.4 184.4 186.2 186.9 186.5 186.6 186.1 184.3 183.3 181.8 179.8 178.7 179.2 180.7 181.2 180.9 179.6 177.8 174.9 171.2 168 163.2 158 132.5 110.4 116.9 139 150.1 153.7 156.9 160.7 164.9 168.6 170.4 172.5 175.2 177.7 180.6 183.1 185.4 187.3 189.3 192.2 194.3 197.3 200 202.6 204.8 206.9 208 209.2
235.2 231.9 226.9 218.8 210 200 189.5 175.7 156.8 136.3 158.4 163.8 166.3 168.3 169.8 169.5 168.2 167.2 165.1 160.8 141.2 147.3 161.3 169 175.6 178.5 181.2 183.7 185.8 187.5 188.2 188.5 188.4 187.7 186.5 185.2 183.9 182.3 181 181.6 181.6 181.3 181 179.6 177.7 174.9 171.5 167 163.9 159.9 133.9 104.9 124.5 139.7 148.2 152.3 155.3 158.2 161.5 164.5 167.5 171.3 174.3 176.8 179.6 182.4 184.2 186.5 188.9 192.9 195.5 198.9 201.6 204.2 206.5 208.8 210.2 210.9
239.2 235.2 230.2 222.5 213 201.7 189.3 173.7 153.9 135.4 165 168.5 171.3 172.8 172.9 172.5 171.4 169.6 166.9 160.6 136.9 149.5 162.4 169.1 174.3 179.1 182.2 184.4 186.6 188.6 189.4 189.8 190.3 189.7 188.5 186.8 186.1 184.6 183.1 182.4 182.1 181.5 180.8 179.5 177.8 174.9 171.7 166.3 163.9 158.2 132.9 105.4 110.1 125.2 140.5 147.4 149.9 153 157.2 161.7 165.2 169.1 172.6 176 178.3 181 183.5 186.4 189.3 193.2 196.9 200.2 203.5 206.6 207.8 210.2 211.7 212.2
242.9 237.5 232.6 225 215.3 204.5 188.3 167.4 156.3 142 169.2 173.1 175.5 177.3 176.3 175.1 173.8 171.5 168.1 159.2 145.6 151.5 159.8 168.1 173.6 178.9 182.3 184.9 187.6 189.6 191 191.6 192 191.3 190.2 188.7 187.6 186.3 185 184 183.3 182.2 181 178.9 177.2 174.9 171.5 164 161.7 145.7 115.9 116.1 121.7 113.8 123.6 129.5 131.4 137.1 149.5 156.3 161.3 165.7 169.5 172.6 176.2 178.7 181.8 186.1 189.9 193.7 197.3 200.8 204 207 209.3 210.8 212.3 212.6
246.5 241.8 235.3 227.7 218.8 208.8 194.8 177.8 160.8 143.3 174.5 178.1 180 180.3 179.1 177.9 176.4 173.4 170.1 157.4 156.8 161.1 160.2 163.5 172.9 178.6 181.8 185.7 188.8 191 192.8 194.2 194.3 194 192.2 190.6 189.1 187.9 186.8 185.6 184.1 182.4 181 179.2 177.3 174.1 169.3 162.3 148.6 123.9 110.2 134.1 145.6 125.8 112.8 115.8 116.7 118.1 125.4 138.7 153.9 160.3 163.7 168.8 172.9 176.6 180.4 185.1 189.6 193.1 197.3 201.4 204.4 207.5 210.1 211.3 212.6 212.7
247.7 243 237 230.6 222.6 212.8 200 181.4 168.1 146.1 175.7 182.7 183.7 183.5 182.3 181.1 179.5 176.3 170.7 154 160.9 165.3 166.9 165.5 169.6 177.2 182 185.9 189.9 192.6 194.9 196.5 196.7 195.8 194 192.6 191.3 189.4 188.3 187.2 185.1 183.2 180.8 178 175.2 171.3 165 152.6 131.5 112.4 132 150.6 153.9 152.8 142.7 142 153.5 153.1 143.4 127.7 142.2 153.6 156.7 165.6 170.3 174.5 178.9 183.9 188.6 192.3 197.3 201.8 204.9 207.7 209.6 211.1 211.2 211.9
248.1 244.1 239.5 234 226.3 217.2 205.6 190.9 172.1 151.8 177.6 188.7 189.2 188.3 186 184.2 181.8 178.8 173.3 154.6 164.9 169 171 171.6 170.8 176.5 182.1 187 191 194.1 196.4 197.5 197.8 197.4 196.4 194.9 193.4 191.9 190.6 188.6 187 183.7 180.9 177.2 172 167.4 159.6 138.3 128 121.2 146.4 155.5 156.8 158.5 159.9 160.7 161 160.9 160.3 153.4 133 135.8 144.5 161.3 168.1 172.6 177.9 182.5 187.1 190.8 196.7 201.2 204.4 207.2 209 209.7 210.6 211.1
250.2 247 242.9 236.8 230.6 222 212.3 197.2 176 156.7 173.8 195.2 194.6 192.9 190.9 188 185.1 181 175.9 160.4 167.2 172.7 174.9 175.6 175.9 177.6 182.6 188.7 192.2 195.7 198.3 199.9 200.4 200.4 199.4 197.6 195.6 194 192.2 190.1 187.9 184.6 180.9 176.5 171.5 163.4 146.3 152.4 142.2 122.1 147.6 157.6 159.8 160.8 162.4 163 163.8 164.3 164.5 163.8 161.3 147.7 131.7 152.3 165.7 171.6 177.2 182 186.6 189.6 194.7 199.6 203.4 206 208.4 209.6 210.2 210.4
253 250.3 246.5 240.5 233.7 227.2 217.6 197.8 177.3 160.7 176.9 200.6 203 200.2 196.4 192.8 189 184.6 179 162.9 169.6 176 178.7 180.4 180.3 179.3 184.9 190 194 197.2 199.7 201.6 202.6 202.7 201.9 200.5 197.4 195.3 193.1 190.8 188.7 185.4 181.4 178 171.5 158.2 154.4 160.3 148.6 122.5 145.6 158.7 160.9 162.3 164.2 165.2 166.2 167.8 168.3 168.1 167 165.5 143.5 144.5 163.4 170.8 176.8 181.8 186.1 188.5 191.9 197.2 200.9 204 207.3 209.3 210.2 210.7
256.7 253.2 249.1 243.9 239.4 232.8 221.6 203 178.7 160.1 188.4 209.5 212 209 203.7 198.3 193.7 188.9 183.3 161 172.6 178.9 182.8 184.5 185.3 184.4 187.7 192.7 196.6 200.1 202.8 204.3 205.5 205.4 204.3 203.4 200.1 197.7 194.8 192.1 189.2 186 181.8 177.8 171.8 168.2 165.9 165.6 150 124.1 145.2 158.1 161.7 164.3 166.1 167.8 168.9 171 171.8 172.2 172.3 171.3 160.9 136.2 157.6 168.1 175.8 179.9 181.7 185 188.6 193.6 198.2 203.5 206.9 208.6 210.1 211.2
259.2 255.6 251.8 247 245.2 237.5 221.5 194.7 169.5 172.8 198.8 218.2 218.2 214.8 211.9 205.6 198.7 193.2 186.4 168.2 175.8 181.4 185.7 189 190.7 190.5 191.8 195.8 199.8 203.1 205.9 207.8 208.6 208.4 207 205 201.9 199.8 195.7 192.9 189.2 186.2 182.1 177.5 173.3 171.2 169.4 163.8 140.9 126.1 146.1 158.3 162 165.1 167.9 169.4 171.8 174.1 175 175.7 176.3 176.5 175.2 151.4 147.5 162.3 169.4 174.2 177.4 180.1 185.2 190.8 195.7 201.2 207.1 209.2 210.4 211.4
260.4 257.6 253.9 251.3 247.2 226.1 201.8 176.5 170.6 190.8 211.3 224.3 225.7 224.5 217.4 210.9 202.5 194.8 186.4 172.2 176.1 185.5 190.7 193.1 195.4 196.2 198 201.1 204.6 207 209 210.9 211.1 211.7 210.3 207.7 204.7 200.9 198.3 193.3 189.9 186.8 183 178.4 175.1 173.3 171.3 155.8 129.5 130.5 144.8 157 162.1 166.1 169.3 171.6 173.8 176.7 178.4 179.7 180.7 181.2 180.7 166.7 140.5 156.5 165.8 169 170.9 175.6 182.2 187.2 193.3 198.4 203.9 208.4 210.1 211.7
261.4 257.3 254.6 251.2 230.9 204.9 180.6 175 194 212.3 225.6 232.1 231.1 228.5 221.4 212.6 203.5 194.1 184.2 174.2 179.5 189.4 194.4 197.2 200.8 203.2 204.1 206.4 208.2 210.6 212.8 215.1 215.4 215.3 213.4 211.2 207 204.5 200.8 196.4 191.7 187.7 185 182.4 178 175.3 171.5 156.5 136.4 141.1 136.9 154.9 161 166 170.1 173.6 176.1 178.9 181 183 183.9 183.8 183.9 181.8 163 145.3 155.3 157.7 161.8 168.6 176.8 183.7 189.9 196.7 201.3 206.3 209.3 211.7
261.1 255.1 253.2 235 210.3 190.5 174 196.3 214.3 232.9 239.7 238.4 236.4 231.8 222.7 214.2 205.6 198.2 181.3 184.3 182.4 193 199.2 202.7 204.9 206.7 208.3 210 211.7 214.1 216.9 219 220 219.1 217.4 215 212 208.7 204.8 200.8 194.8 190.1 187.3 184.9 180.7 177 172.5 165 144.2 144.1 144 151.9 159.4 163.5 168.9 173.8 177.6 181.3 183.6 185.3 186.2 186.8 187 186.1 181.9 164.1 160.5 149 155.3 162.3 167.9 179.2 185.9 193.3 198.2 204.1 208.4 211.3
255.7 250.3 240 219.6 200.1 184.1 191.1 215.7 233.9 243.7 243.2 241 238.2 233 226.1 219.4 210.5 202.2 195.1 193 183.9 196.6 202.3 205.7 208.8 210.7 212.5 214.2 215.2 218 220.4 222.1 223 221.5 220.6 217.6 216.7 213.2 209.2 205.3 199.7 195 189.6 185.6 183.9 180.3 175.5 166.1 144.5 148.3 164 159 147.4 160.1 166.5 172.3 178.2 183.2 185.9 187.9 189.4 190.4 189.9 188.8 187.1 180.6 183.3 172.2 165.3 159.2 155.6 160.5 176 189.9 196.6 202 207.9 212.1
251 245.2 236.5 221.8 199.3 179.4 208.3 235.6 247.8 248.8 248.6 246.1 242.3 237.3 231 225 213 202.5 205.1 202.1 189.2 198.5 206.2 210.4 213.8 215.9 217 218.9 219.5 221.9 222.8 224.5 224.1 223.7 222.9 222 220.1 217.1 213.7 209.2 205.5 200.2 195.3 190.6 187.4 183.7 178.2 164.3 146.8 150.4 166.8 169.6 168.1 162.8 162.3 170.3 176.8 182.1 186.9 190.3 191.7 192.9 193.3 193.1 192.6 191.1 190.6 189.4 187.8 185.2 179.3 171.5 164.3 181.2 192.9 201.1 206.6 212.7
244.3 240.5 230.7 209.7 187.2 198.9 219.9 244.7 254.5 255.3 254.3 251.5 248.7 243 237.4 230.4 218.7 209.6 213.1 209.3 200.3 200.9 210.6 216 219.2 221.5 223.2 224.6 225 225.4 226.6 226.6 227.1 226.3 225.4 224.6 222.9 220.4 217.7 214.1 209.9 206 201.4 196.5 190.5 186.7 178.5 156.6 144.7 161.9 170 172.8 173.1 170.9 166.4 169.7 175.8 183.6 188.3 191.9 194.5 195.8 196.6 197.9 197.6 197 196.9 197.1 196 195.8 195 191.4 170.5 167.7 184.7 197.4 205.6 213.7
229.5 222.8 210.9 194.1 195.9 213.4 228.1 251.4 261.2 261 259.8 258.2 255.4 250.5 244.3 234.4 217.5 222.6 222.6 218.1 206.7 204.4 215.1 220.3 224.4 228.4 230.9 231.3 231 231.1 232.2 232.6 232.1 230.8 229.7 229.6 227.5 225.4 222.6 220 216 211.9 207.2 200.8 195.1 189.1 171.3 151.5 166 172.9 176.3 177 178.3 177.3 173.7 173.2 179.1 184.7 190.9 194.9 198 200 202.3 203.8 204.4 204.5 204.6 203.8 203.8 204 203.5 201.8 190.1 170.5 171.1 186 201 214.1
211.4 204.6 196 206.5 221.1 232.4 246.2 262.3 266.3 266.4 265.9 263.7 260.7 256 249.8 236.7 219.4 232 229.9 225.7 219.4 206.6 217.8 225.5 229.9 233.4 235.3 236.7 237.8 238.6 238.5 238 237.7 237.2 236.5 236.6 234.4 231.2 228.5 225 221.7 216.6 212.9 206.6 198.5 191.8 165.7 165.1 177.3 179 181.6 181.2 182.3 182.5 181.7 177.4 182.6 189 194.7 199.8 203.6 206.8 209.9 210.5 211.8 212.4 212.5 213.2 213.7 212.4 211.2 210.3 204.7 191.7 166.4 173.7 190.7 211.7
213.2 218.1 225.8 238.8 248.8 258 267.4 271.7 271.5 271.5 270.5 268.4 264.8 260.1 254.3 232.5 236 239.9 237.3 231.5 225 209 222.5 229.3 233.2 237.1 239.7 241.9 243.1 243.1 242.5 243.4 243.5 243.9 243.4 242.4 241.8 237.3 233.9 228.8 225.9 220.8 216.9 208.2 201.5 187.9 162.9 173 183.8 185.9 186.6 187.3 189.3 189.5 188.3 185.6 187 193.1 199.6 205.9 211.6 215 216.9 218.1 219.7 219 220.7 220.9 220.9 220.6 219.9 218.5 215.1 205.4 192 169.5 173.4 199.4
238.8 242.9 254.7 265 270.9 274.1 274.7 274.9 274.8 274.4 273.5 272.1 268.8 264 252.5 234.5 246.5 247.7 243.6 238.5 230 216.5 226.4 231.8 237.2 241 244.2 245.7 246.8 246.8 246.6 248.3 249.3 249.1 248.7 247.9 246.6 242.6 237.5 233.2 228.3 223.5 218.7 209.8 201.2 186 168.3 176.3 189.6 192.5 194.6 195.7 197.5 197.5 195.6 195.1 195 198.7 205.3 212.3 217.7 221.8 224.2 226 227.7 228.7 228.9 229.6 230.4 229.4 229.1 228 226 219.7 210.4 194.5 172.9 191.3
264.3 267.9 270.5 274.2 275.9 276.8 277 277 276.2 276.3 275.2 273.9 272.1 265.5 250.8 249.2 253.9 252.5 249.1 244.5 236.2 227.1 228.1 236.2 241.4 245 248 249.3 250.4 252 252 252 252.8 252.8 252.6 251.6 249.2 246 241.3 236.3 231.6 226.2 219.1 210.8 199.3 181.7 165.2 185.4 195.9 200.8 203.3 204.6 207 207.5 206.7 207.3 207.1 203 208.9 215.5 223.6 228.1 231.3 233.2 234.1 235.3 236.3 237.8 238.7 238.5 238.5 237.8 236.2 232 222.4 203.1 179.8 182.5
272.6 272.5 274.4 276.2 277.7 278.7 278.7 278.6 278.4 277.9 276.4 274.9 272.3 267.3 255.9 259.1 260.2 258.5 254.8 250 241.2 232.8 229.1 239.7 245.7 249.7 251.9 253.3 254.5 255.9 256.6 256.8 256.6 256.5 255.7 253.5 250.9 248.1 243.8 239.1 233.4 226.2 219.6 207.8 191 174.3 182.4 195.5 202.8 208.8 212.1 214.9 216.5 218.7 219.4 219.9 220.7 217.9 214.3 225 230.4 234.5 237.5 241 242.2 243 245.7 246.5 247.2 247.6 247 245.6 244.3 241.8 234.5 211.6 190.1 175.1
274 274.7 276.5 278.1 279.3 279.7 279.7 279.6 279.3 278.8 277.6 275.9 273.8 270.5 266.8 267.6 265.9 264.1 259.9 254.7 248.7 241.9 231 244.4 250.4 253.8 256.4 258.5 259.1 260.5 262 262 260.8 259.7 257.6 254.2 251.7 248.9 244.3 239.5 233.9 227.3 217.9 201 181.8 196.6 200.9 194.5 209.6 215.6 219.9 223.2 225.2 227.6 229 229.9 231.1 232.6 229.5 232.3 237 240.6 243.3 247.3 249.7 251.1 251.9 252.7 253.4 253.8 254 253.4 250.5 247.5 242.3 223.8 198.4 178.7
276.6 276.7 277.8 279.1 279.8 280 280 280 279.8 279.3 278.7 276.9 275.1 275.1 274.4 272.1 270 267.8 264.7 259.9 255.4 248.6 236.8 244.7 253.7 256.6 259.7 262.1 264 264.1 264.7 264.7 263.9 262 258.8 254.8 251.3 248.3 243.4 238.9 233.5 225.2 209.7 193.6 195.3 210.9 212.1 203 214.8 223.5 227.9 231.1 232.6 235.7 236.8 238.6 239.5 240.2 240.4 241.4 243.8 246.6 250.9 253.4 255.1 256.5 257 257.8 258.7 259 258.5 257.8 254.4 251.2 247.2 235.2 206.9 179.7
278.7 278.9 279 280 280.3 280.4 280.4 280.4 280.1 279.7 279.2 278.3 278.2 277.9 277 275.5 274.1 271.5 268.5 265 260.8 248.1 245 253.7 255 259.3 262.1 264.9 266.2 266.8 267.1 267.3 266.1 263.2 259.3 254.9 250.3 246.4 242.2 237.3 230.6 218.9 206.2 195.3 213.7 222.9 223.1 220 218.4 229.9 234.3 237.5 239.4 242.6 244.9 247 247.4 247.5 247 249.3 249.9 252 255.5 257.3 259.4 261.2 261.9 262.3 262.4 262.4 261.6 260.2 257.5 254.4 250.5 241.9 213.4 181
280.3 280.3 280.3 280.6 280.8 280.8 280.8 280.8 280.4 280 279.6 279.5 279.6 279.4 279.1 278.3 277 274.3 271.4 267.1 258.1 253.4 257.8 260 259.2 262.3 264.9 266.2 268 268.9 268.7 268 266 262.8 258.9 254.4 249.6 244.8 239 232.6 224.9 208.9 198.4 205.5 227.3 229.1 228.7 231 225.7 235.5 239.6 243.5 246.1 248.8 250.5 252.4 253.5 252.7 253.2 253.3 255.8 258.3 260.8 262.1 264.1 265 265.3 265.6 265.1 264.7 263.4 261.2 258 254.8 250.4 244.7 216.8 186.7
