UK/data/nn/nn32_OST50GRID_20230518/NN32.asc
ncols 200
nrows 200
xllcorner 230000
yllcorner 720000
cellsize 50
[rows 0 to 34 of 200, columns 79 to 157 of 200]
337.2 335.9 339.9 346.6 354 364.8 371.3 396.3 416.8 439.1 451.8 452.7 454.6 444.8 446.3 446.2 439 427.9 416.4 397.5 380.8 365.3 351.2 336.2 322.6 309.7 298 286.1 278.9 268.4 258.7 254.1 242.8 245.5 268.5 285.4 301.3 316.1 330.3 341.1 360.7 375 384.3 396.2 408 423.3 440.5 466.3 478.2 492.3 505.7 520 527.4 542.5 539.4 545.2 546.8 552.7 561.1 572.2 589.9 604.9 602.9 599.6 594.3 603.6 614 613.2 614 620.2 623.2 627 630.6 623.4 627.4 629.9 623.1 617.4 623.2
322.4 326 327.2 332.2 337.9 344 353.4 372.5 389 417.1 428.1 433.9 434.5 428.9 426.6 426.6 425.8 417.8 402.8 388.8 372.9 362.6 350.6 337.2 322.9 309.8 295.7 283.9 275.2 263.3 255.8 247.7 232.8 251.3 271.1 284.4 298.3 312.6 325.5 338.3 354.9 368.6 382.2 394.9 410.1 425 445.6 458.9 473.2 491.7 507.1 515.1 524.9 527.5 541.1 548.3 550.1 550 557.2 561.1 580.2 584.3 588.9 592.2 593.9 598.3 603.3 610.5 611.2 620.5 623.4 625 619 616.6 623.9 624.2 624.9 618.3 616.6
304.1 307.5 311.5 318.4 319.4 328 338.1 354.7 368 392.4 407.4 416 414.2 410.3 404.8 403.9 409.2 404.6 386.4 375 366.3 357.4 345.5 332.3 324.6 310.8 297.3 283.4 269.9 263.9 255.2 246.6 223.2 254.3 271.1 285.7 296.5 309.3 321.5 336 351.1 364.3 380.3 397 412.4 428.2 444.6 458.6 472 485.4 494.1 510.7 517.7 526.8 539.8 539.6 545.5 554.9 549.1 551.8 560.8 565.1 576.9 579 581.2 582.6 593.3 605 611.7 619.7 615.2 611.1 608.2 609.7 613.9 617.9 618.4 612.6 613.4
288 292 295.4 299.9 305.4 311.6 320.1 332.7 346.1 362.8 372.3 381.5 383.5 384.4 384.1 385.1 386.6 385.9 374.6 366.5 359.2 348.6 337.8 330.3 321.1 311.3 298.7 285.4 271.8 259.3 254.1 246.6 228.4 255.7 270.7 287.1 298.6 308.2 320.4 331.8 348.9 363.8 378 393.4 413.5 429.6 445.9 452.5 460.2 476.3 491.9 500.8 503.9 518.1 529.1 535 541.6 563.7 551.4 544.9 549.1 562.8 568.7 567.1 568.3 574.9 591.8 603.8 611.2 605.5 600.2 597.2 603 597.9 599.5 604.9 612 610.5 608.8
272.4 276.3 281.2 288 291.6 298.6 303.6 313.1 321.4 335 341.4 350.6 361.4 362.2 365 369.1 371.9 371.4 366 360 351.6 340 330.8 324.3 315.2 309.5 299.7 287.5 272.5 261.9 253.4 235.5 218.7 253.4 268.9 280.6 295.4 307.2 321.7 330.6 347 361.4 374.9 390.7 408.6 420.2 430.8 445.8 459.5 468 475.4 494.5 503.8 515.5 530 526.2 536.3 544.4 547 533.1 538.8 551.1 551.4 554.2 553.5 567.7 580.2 585.1 590.1 593 586.5 583.6 584.6 586.2 592.4 601.5 605 605.3 604.9
260.6 260.2 264.8 272.1 277.1 285.3 288.1 289 303.1 312.2 322 330.5 338.6 345.8 348.6 353.3 355 358.1 356.2 349.3 344.1 332.9 323 317.5 313.7 311.2 304.1 280 267.6 257.9 250.9 242.1 215.1 250.5 266.8 276.3 291.9 303.3 318.2 328.9 345.2 359 375.4 382.3 403.1 415.9 423.9 436.2 451 457.3 471.6 490.9 493.5 508.6 515.4 518 524.3 528 537.7 530.3 524.9 540.2 539.9 539.4 551.2 558.8 563.9 567.7 574.4 583.6 576.2 579.7 583.9 588.4 591.4 595.4 599.1 603.9 599.7
248.9 246.8 251.9 256.8 262.2 265.7 270.8 273.4 284.4 295.7 305 312.3 319.3 327.3 333.7 338.8 339.2 341 341 335.1 330.8 326.1 317.1 313 305.7 300.5 283.1 271.1 260.1 249.5 242.9 231.5 230.2 252.2 268 276.5 287.7 303 315.6 326.3 342.6 365.1 365.4 382.7 391.2 406.5 414.3 426.2 435.3 449.7 466.6 481.8 489.1 494.4 504.9 504.7 518.6 516.5 520.8 517.3 513.8 523.8 528.9 537 548 551.5 552.6 559.3 562.5 568.7 577.2 579.5 584.2 588.1 588 587 589.9 600.5 601.1
235.5 233.7 232.6 247.9 249.8 253 256.4 262.2 266.8 278.7 287.1 296.1 304.5 311.3 318.5 320.6 322.3 322.7 324.6 325.8 323.8 314.1 308.2 302.5 293.5 284.4 270 261.9 251.9 241.9 234.4 208.6 230.6 256.3 268.1 278.2 287.5 298.9 309.5 326.5 337.2 352.5 356.6 374.6 384.5 394.3 403.6 413.5 426.5 446.5 456.1 467.7 469.5 487.1 491.6 496.5 512.5 509.5 503.9 505.9 505.6 517.9 522.1 531.8 539.9 540.3 543.1 553.7 560.6 566.7 572 575.4 584 585.2 585.3 582.5 587.4 592.6 596.1
226 225.8 224 231.8 241.2 245.2 247.9 247 254.8 262.3 269 278 288.7 295 297.5 301.4 303.2 306.4 308.6 309.6 307.4 304.2 295.5 289.6 279.2 269.4 261.7 252.4 244.2 236.3 227.8 222.5 245 250.7 261.5 272.4 286.5 293.5 308 319.8 325.6 336.2 344.9 360.1 376.4 380.8 390.1 410.3 423.2 437.5 441.6 444.6 456 471.2 479.2 480 499.5 500.4 496.4 499.9 500 508.3 518.7 532.8 528.5 526.9 540.4 548.6 556 561.3 567.1 571.7 583.3 582.2 580.9 575.8 589.2 590.9 592.2
214 216.9 218 221.6 224.4 229.1 233.5 230.5 237.5 243.8 253.5 264.1 271.1 272.4 280.9 285.3 288.3 291 293.9 292.5 292.3 291.3 285.9 279.7 267.2 261.4 254.3 242.8 235.1 229.8 215 226.1 240.8 246.7 255.6 270.7 282.4 288.8 301.1 315.1 320.7 328.4 337.6 352.5 364 371.1 378.8 402.1 417.7 418.9 426.2 440 441.8 449.3 461.5 466 481.8 491.5 489.5 489.5 489.7 500.2 514.2 523.1 522.5 523.6 533.3 541.9 551.7 558.4 567.3 568.2 568.2 574.7 572.7 572.6 581 586.8 587.6
210.6 212.3 214.8 215.4 212.5 217.1 214.6 217.2 228.3 233.9 239.7 248.4 250.9 257.5 266.9 272.5 274.9 278.7 283.4 277.8 275.3 277.1 275.8 268.1 257.9 254.5 247.1 236.8 233.9 223.1 202.4 234.6 237.4 244.4 258.2 268.8 279.1 284.5 294.1 305.8 314.8 323.8 331.7 340.9 351.8 362.5 371.2 382.9 399 408.5 418.2 421.8 425.4 450.1 452.2 461.8 476.1 482.3 478.2 476.1 482.7 491.8 505.5 515 515.3 518 527.7 539.3 549.3 556.8 565.5 565.4 563.4 566 567.3 570.6 579.2 582.8 578.2
207.2 211.6 209.6 210.1 206.7 207.1 208.8 206.7 210 219.3 226.4 233.7 237.3 242.2 250.2 257.1 261.5 265 267.7 265.4 262.3 255.6 253.6 252.8 246.6 241.6 240.1 233.1 227 220.5 211.9 223.4 232.6 238.3 254.3 261.7 273.1 278.1 287.5 297.9 307.9 320.2 324.4 331.4 340.5 349.6 357.9 371.8 381.3 393.3 406.3 406.4 407.4 425 438.9 453.3 468.2 470.6 468.6 470.9 480 484 493 505 507.6 514.4 520 534.5 543.4 555.6 561 559.7 561.1 565.6 566.9 568.4 571.2 569.8 572.2
204.2 203.4 203.2 202.4 203.2 204.8 204.1 202.9 203.6 209.7 213.6 220.8 227.3 231 233.9 238.4 247.1 248.5 251.8 251.7 255.9 253.2 244 241.4 232.1 225.2 222.1 223.9 216.4 209.2 211.4 217.4 228.2 234.1 250.4 256.1 264.6 273 285.6 295.4 301.4 314.2 319.8 327.8 330.6 343.8 354.7 357.4 370.2 378.3 387.8 396.6 402.9 417.3 429.6 444.2 460 461.7 457.4 462.1 474.5 475.3 489.5 498.4 501.3 507.7 514.6 527.8 540.9 552.2 553.5 551.4 559.4 562.8 568.3 571.9 563.5 567.1 569.4
199.8 200 202 199.9 197.8 200.3 201.6 201 199.6 203.2 207.2 213.1 216.8 219.9 221 225.8 229.1 230.5 232.5 238 241.8 243.8 232.5 226.2 227.1 217.8 216.4 220.7 210.1 200.3 204.8 218.7 224.7 231.6 239.6 248.6 258.9 270.1 277.4 285.3 293.2 304 317.4 318.5 323.6 340.4 344.9 350.8 356 371.6 375 385.4 396.4 408.8 420.2 434.8 450.4 452.5 447.4 460.3 466.1 466.9 478.8 489.5 490 502.2 510.3 519.5 530.8 545.3 546.9 549.1 555.3 560.5 570.4 573.9 562.4 561.2 562
196.1 196.5 198.7 198.3 194.9 196.2 194.4 198.8 198.5 198.3 201.9 205 208.8 212.4 214.6 221.6 219.5 217 216.5 221.6 225.4 227.5 220.9 216.7 212 215.9 213.2 204.2 204.5 194.5 199.6 210.7 218.8 224.2 234.1 244.9 252.6 262.3 269 280.3 284.6 292.2 300.7 307.4 318.8 327.4 333.7 337.5 350.2 352.2 366.5 375.3 384.9 396.8 409.5 425.4 438.6 438.1 443.3 460.4 465.2 462 474.4 480.5 485.5 492.4 497.9 514 521.2 533.5 537.5 546.5 549.9 553 563.7 568.1 563.5 556.6 556.1
194.6 197.6 193.6 192.9 193 194.8 194.6 192.7 191.6 194.4 195.3 199.1 200.4 208.2 211.5 207.6 204.5 208.8 209.9 211.8 214.2 214.2 217.1 219.3 210.1 198.4 200.4 201.7 204.5 193.7 194.6 204.6 208.6 214.4 229.3 238.2 246.2 257.7 265.3 270.4 276.7 283.5 291.5 292.7 305.6 312.6 321.7 329.1 336.9 347.1 356.2 365.1 375.4 388.6 401.8 414.3 426.8 428.2 439.4 450.5 455.1 457.2 469.5 473.5 477.8 482.5 492.1 505 513 524.8 531 538 541.9 546.7 553.5 557.3 550.8 544.8 550.2
184.5 195 193.3 190.2 191.7 192.4 187.8 188.8 190.6 189.5 191 194.2 199 199 196.8 194.6 202.4 202.5 205 205.8 209.7 209.4 205.6 202.3 194.7 199.6 198.7 202.4 198.9 182.9 195.4 199.6 205.1 212.1 222.2 232.5 239.3 249.2 257.2 260.3 266.3 274.7 281.8 288.5 299.8 306.7 315.6 322.3 331.8 341 351.1 358.1 365.1 377.2 392.3 406 415.8 417.2 434.2 439 446.7 451.4 457.6 462.9 472.3 474.5 489 494.5 508.9 512.4 524.8 524.8 528.9 536 543 544.8 543.5 539.8 538.3
182.9 185.3 188.9 191.6 184.3 183 181.4 182.7 184.6 188.9 187.6 185.8 195.5 192.3 188.9 190.2 194.1 197.5 199 199.9 202 197.1 196.5 195.6 197.5 192.2 200.5 205.3 198 183.9 189.6 195.9 200.6 209.6 217.8 225 230.7 239.7 249.5 253.6 256.2 263.5 274.3 284.5 293.3 305.1 314.6 314.4 325.6 334 342.1 347.8 358 370.6 385.2 399.3 401.9 406.1 418.8 428.3 435.8 445.8 451.7 455.9 465.3 471.3 483.3 488.6 499.9 505.3 509.6 516.2 517.8 527.1 530.3 534.8 530.4 532.7 531
183.3 183.5 183.7 181.3 182.5 182.2 180.5 179.2 178.8 181.7 182.2 186.5 189.5 182.4 184.5 186.1 189.2 184.9 187.2 183 190.8 184.1 192.6 186.1 187.6 195.3 199.3 197.9 181.6 182.7 185.3 190.2 200.3 203.3 211.9 217.5 226.4 232.1 242.5 250.1 255 258.6 268.7 276.3 285 296.3 307.8 308.2 321.4 323.2 330.6 341.6 352.3 364.6 381 386.9 390.1 403.7 416 425.7 429.9 438.9 449.5 447.4 457.6 465.5 476.6 484.2 489.9 494.6 502.4 506.6 508.7 518.2 523 520.4 519.2 527.2 529.6
185 177.6 180.2 181.1 180.5 180.8 179.7 178.4 177.7 177.4 180.2 177.7 178.2 177.3 177.1 178.5 180.3 177.4 176.2 175.9 176.6 177.7 180.7 183.5 193.5 198.7 186.9 176.8 178.9 180.8 182.9 184.9 192.5 196 202.2 210.6 218.3 228 237.4 245.6 250.4 257.1 263.8 267.3 271.3 284.7 293.9 297.7 309.9 315 327.4 334.5 344.5 359.3 368.6 376.7 389.9 397.8 410.6 419.9 420.5 429.3 434.5 439.5 451.7 456.7 467.4 474.9 482.5 490.1 495.7 500.1 499.7 504.7 511.8 513.2 514.2 521.1 515.2
177.1 177.6 179.3 179.4 178.5 178.5 178.5 177.3 176.7 177 176.5 178.7 175.7 174.6 174.7 174 176.4 174.7 173.4 174.4 175.8 177.7 187.4 196.3 197.5 184.3 174.7 173.4 178.4 179.1 180 182.6 189.8 192.7 197.5 205.8 213.7 220.8 229.5 237.6 242.4 248.8 254 259 266.5 275.3 285.7 293.4 301.9 311.9 318.7 325.3 337.4 346.3 356.5 369.7 380.4 390.6 403.9 404.9 414.3 415.3 425.6 434 442.9 447.1 456 463 477.5 481.5 484.6 490.9 491.8 499 497.2 499.3 507.5 509.6 509
184.9 174.7 175.6 176.2 177.8 177.2 177.1 176.4 176.3 176.2 175.8 176 175.4 175.2 174.4 173.9 174.1 174.6 174.3 172.6 172.6 177 179.8 194.1 190.1 173.2 173.8 174.9 177 177.4 178.2 180.9 185.7 192.3 192.5 195.9 205.5 211.4 220.4 226.6 233 239.7 243.7 246.6 255.9 269.7 272.7 288.2 293.6 301.4 314.9 321.5 331.3 337.6 353.1 363.2 371.3 383.9 390.9 393 400.7 410 416.8 424.9 429 434.4 443.8 454.7 465.5 468.4 477 479 484.2 489.1 488.1 490.9 499.7 497.4 500.2
187.5 184.7 174.7 175.3 175 175.7 175.2 174.9 174.4 175.5 175.7 175.3 175.4 175.1 174.3 174.1 172.8 172.6 172.5 172.3 172.1 171.5 176.9 178.5 172.9 172 171.4 174.4 174.5 175.3 176 177.3 182.8 183 185.1 194.7 198.5 203 210.5 219.1 224 226.3 231.2 237.7 241.2 252 264.2 276.9 285.9 296.6 308.1 314.7 326.2 332.8 344.9 355.7 365.5 374.4 378.9 380.7 399.6 409.8 412.1 417.9 420.9 430 434.9 446.9 454.7 460.2 466.3 468.8 474.4 481.9 479.8 486.1 488.5 487 483.9
202.6 200.3 197.6 186.6 181.8 178 177.6 174.5 173.4 172.7 173.9 170.5 170.3 173.7 173.6 173.6 172.9 171.8 168.6 167.8 167.8 170.8 177.4 178.6 172.2 171 170.3 173.2 173.7 174 173.8 173.4 180.8 181.1 181.7 186.7 191.3 190.6 199.7 208.4 214 218.7 224.9 228 234 252.6 255.9 273.4 280.1 288.1 297.3 311 320.2 326.2 339 351.5 357.7 362.8 364 381.3 388.7 398.4 402.5 409.4 417.9 422.9 426.8 438.4 441.4 452.1 455.5 459 465.5 469.9 469.2 471.9 473.8 477 473
198.5 199.6 192.4 193.5 193.5 190.9 188.2 181 185.4 186.2 182.6 178.8 175.3 174.4 169.3 169.2 170.2 175.7 171.8 171.4 172.7 170.9 168.3 171.1 169.5 170.7 170.4 171.6 172.3 172.7 172.4 172.1 176.4 178.1 179 180.1 183.2 188.9 194.6 199.8 209.7 212.6 217.1 220.9 228.7 241.6 250.6 262.2 272.4 272 293.8 304.5 313.9 322.1 331.7 346.2 347.2 351.5 364.4 373.4 379.2 386.1 390.9 399.7 409.4 414.1 419.1 430.4 435.7 441.7 443.5 450.2 457 461.1 459.2 459.5 459 462.1 461.9
201 194.1 189.2 187.7 185.9 185.3 182.9 186.1 187.5 189.2 188.9 187.9 186.1 186.2 177.4 175.5 175 191.3 180 172.6 171.6 172.4 167.8 169.9 168.3 170.3 170.9 171.3 171.1 171.5 171.3 170.8 173.5 175 176.8 176.5 178.3 182.2 187.9 194.1 200.5 206 212 212.2 221.8 236.8 241 252.4 259.1 267.2 277.2 285.1 298.5 308.1 321.7 328.3 338 350.1 358.7 367.4 369.6 374.6 383.2 392.2 403.1 403.8 411.5 420.9 429.9 433.3 434 441.3 448 450.6 452.8 452.1 451.8 455.9 457.7
192.6 189.8 189 191.2 190 189.6 191.3 191.1 190.7 190.8 190.2 188.7 189.1 186.5 188.5 185 192.9 193.4 177.8 181 176.6 171.5 171.2 167.4 168.4 169.3 170.1 169.7 170 170.4 170.3 170 171.6 172.8 174 174.2 175.2 175.9 181.5 186.7 190.4 196.7 200.2 208 214.3 220.3 230.8 238.1 251.4 260.1 268.2 280.9 289.7 298.8 310 319.4 330.8 342.6 350.6 358.9 362.2 369.2 377.7 387 397.4 397.6 405.7 414.6 418.6 419.4 429.6 434.5 441.6 445.1 447.8 447.1 446.8 450.7 446.5
191.2 190.8 194.4 193.7 192.1 193.7 194.4 196.1 195.3 193.6 192.1 191.7 188.8 189.5 190.2 188.5 189.1 181.8 178.3 181.2 176.7 176.8 174.1 171.6 171.9 166.3 169.1 168.1 169.1 169.5 169.3 169.7 168.9 169.8 169.9 170.4 170.4 172.5 177.2 191 187.5 189.4 195.6 195.7 205.1 214.6 221.2 232.2 244.8 254 260.3 273.9 279.1 295.1 304.1 312.9 323.7 336 341.6 351.4 358.3 362.9 372.5 380.8 385.7 385.6 391.5 403.7 409.1 416.1 422 425.7 432.4 435.2 439.3 438 440.4 441.6 440.5
196.3 196.6 195.9 194.2 195.9 199.3 200.9 200.6 201 198.6 199.1 200.6 196.4 193.8 192.2 194 188.7 185.7 181.5 181 179.7 178.4 176.3 172.7 170.8 168.1 166 167 168.9 169 168.2 168 167.7 167.3 167.4 166.9 167.3 167.6 170.6 188.4 182.1 185.6 192.8 197 204 209.9 217.2 226.3 238 247.5 252.7 266.2 282 288.5 292.4 308.9 312 321.9 334 342 348.2 355.8 367.1 370.2 380 376.7 385 391.3 396.7 408.8 409.9 416.1 421.6 427.5 428.5 434.6 431.4 430.1 435
197.9 200.8 199.4 200.6 203.4 204.6 205.8 207.1 209.5 213.3 212 211.2 206.8 199.5 194.1 189.6 187.2 187.3 185.6 183.3 184.7 177.4 173.5 172.2 175.2 170.5 167.9 168 168 167.6 167.7 167.8 167.2 167.4 166.7 166.3 166.5 167.1 167.8 171.3 182.6 177.2 189.8 192.8 198.1 205.5 211.1 220.5 231.1 238.8 245.1 259.6 273.6 277 284.2 298.6 305.1 314.5 325.4 332.1 342.9 347.5 357.8 359.5 365.7 373.3 379.6 384.5 388.9 395.9 400.8 404.4 409.5 413.8 418.8 422.1 420.5 422.8 420.6
209.7 212.1 214.6 213.6 213.6 215.5 213.4 215.9 218.4 220.9 223.5 220.6 207.3 196.6 195.4 194.7 190.1 188.8 187.4 183.8 181 176.5 175 174.8 173.4 172.4 170.7 166 167.5 167.7 167.5 167.7 166.8 166.8 166.7 166.2 165.9 165.9 167.1 169.6 179.2 172.9 186 188.7 194 200.2 206.3 214.3 226 226.9 240.3 252.5 263.9 263.2 276.4 291.8 299.9 310.3 316.2 323.8 330.7 336.8 348.4 353 357.5 365.9 375.4 376.6 380.6 386.6 393.1 399.7 404.4 410.7 410.4 412 418.8 417.7 416.1
221.8 221.7 223.9 224.8 226.5 228 225 224.4 227.2 224.1 223.3 217 207.5 204.5 201.9 196.5 193.4 191.8 187.9 185.7 182.6 179.7 180.4 177.7 181.9 176.1 169.6 167.6 166 167.5 167.2 167.4 166.8 166.4 165.9 165.5 164.9 165.5 165.7 167.3 170.9 170.6 176 183.5 188.5 194.8 200 207.5 215.6 223.5 230.9 243.7 252.2 261.7 270.7 284.5 289.6 302.7 309.1 319.2 321.6 329.5 340.3 340.9 352.2 363.8 363.7 366.8 375.1 380.6 385.6 392.7 398.3 399.9 402.9 402.8 409 410.3 412.6
232.5 233.6 235.5 233.7 236.4 238.2 236.6 235.6 234.6 232.2 229.3 224.3 215.1 209.3 203.1 198.5 194.9 193.1 187.1 186 183.2 181.1 179.3 178.6 176.5 175.4 169.9 169.6 166 167.2 167.4 166.6 166.6 166 166.7 166.5 166.6 166 165.3 165.9 167.1 167.2 170.2 177.6 182.8 190 194.8 198.5 208.2 216.6 220.6 231.1 244.1 251.6 261.2 273.2 281.4 293.9 302.4 308.1 315.3 324.6 328.5 336.9 348.8 351.5 357.4 358.4 367.5 372.2 379.5 383.7 388 393 392.4 394 401 399.4 398.6
239.4 241.8 245.9 247.4 248.6 248.2 246 249.1 252.1 251.9 246.5 241.6 230.7 227.5 211.1 203.3 199.2 196 195.4 189.8 186.4 184 183.2 182.4 179.6 176.6 178.2 184.4 169.3 166 166.7 166.6 166.9 167.1 166.6 166.1 165.5 165.6 165.6 165.9 166.3 166.6 170.9 173.3 180.4 185.3 187.1 194.4 202.5 209.1 214.1 224.8 236.3 245.9 256.1 267.3 275.5 290.1 291.5 303 304.6 316.7 324.2 333.4 338.3 341.3 348.4 356 359.4 364.4 370 375.1 377 384.1 382.1 387.8 388.6 390.9 391.7
252.4 255.5 256.6 258.3 259.3 260.4 260.9 264.7 266.9 262.3 253.8 250.1 241.9 228.1 213.5 209.8 205.8 200.2 196.2 190.1 194.8 189.5 186 185.2 183 179.4 180.9 179.8 172.2 169.3 166 167.2 166.9 166.7 166.3 165.7 165.5 165.1 165 165.1 165 164.8 166.7 169.9 172.8 179.9 182.4 190.6 197 197 204.5 217.3 229.9 237.4 246.5 259.3 266.8 278.9 282.2 297.2 296.8 307.7 319.8 323.8 326.1 333 341.3 350.2 352.5 356.9 364 366.8 370.5 375.7 373.2 380.7 379.2 385.8 387.3
