UK/data/st/st59_OST50GRID_20230518/ST59.asc
ncols 200
nrows 200
xllcorner 350000
yllcorner 190000
cellsize 50
[rows 0 to 37 of 200, columns 0 to 84 of 200]
150.5 153.8 148.9 140.5 127 110.2 92.3 84.7 97.6 109.1 117.8 120.7 122.6 117.5 98.3 98.5 114.4 125.5 135.3 144 152.6 158.6 153.8 145.7 128.7 113 100.6 111.9 123.9 135.9 147.9 150.8 147.8 136.5 133.2 130.8 126.7 125.1 124.5 122.1 120.5 118.5 117.9 114.9 114.5 109.7 107.3 104.5 98.4 84 71.7 64.3 65.8 70.3 68.5 52.7 50.2 56.7 60.6 57.5 52.2 45.3 31.6 21.5 15.4 13.9 12.1 10 8.2 8.2 8.1 -3.6 -3.6 -3.6 35.2 56.9 79.8 104.5 111.2 118.1 133.9 148.9 166.9 180.9 188.2
137.7 142.5 141.5 130.9 117.4 103 85.8 95.2 105.5 120.7 128.2 134.3 135 125.2 109.1 99.1 113.7 126.6 135.6 145.9 156.1 161.6 158.3 149.8 135 119.1 109.8 120.1 132.7 147.3 161 169.1 164.8 156.2 151.9 149 149.2 148.3 144.7 146 139.6 135.5 132.7 128.7 127.4 124.5 121.8 117.2 110.8 103.1 94.7 88 85.4 83.6 69.2 65.8 74.3 77 76.2 71.1 61.7 52.7 42.9 31.9 20.1 16.9 13.3 10.5 8.5 8 7.9 7.7 -3.6 -3.6 -3.6 37.6 61.4 87.9 100.5 108.7 122.5 137.3 155.7 176.8 191.3
121.2 129.5 131.9 126.1 113.8 92.3 89.2 104.5 119.5 134.3 141.8 151.9 147.9 130.8 119.7 100.7 111.5 127.7 136.7 145.7 156.8 163.8 160.5 152.6 141.3 125.1 117.3 128.6 144 158 173.6 182.5 183.4 177.1 174.7 171.3 167.6 165.5 163.1 160.3 158.5 151.6 148.1 145.2 142.1 141.6 139.4 135.9 129.6 121.7 112.5 105.5 94.9 82.6 79 87.4 99.3 103.2 103.4 94.4 76.7 60 47.7 34.3 23.2 21.6 18.1 13.6 8.7 8.1 7.9 7.7 8 -3.6 -3.6 22.4 40.7 59 85.4 103.1 116.1 123.7 139.7 162.4 189.7
102.1 116.2 115.2 116.3 110.3 90.9 96.3 114.6 129.8 142.7 153.7 158.7 155.2 139 125.6 110.8 109.5 125.3 135.5 145.9 156.5 163 161.2 154.5 145.1 133.2 126.6 138 151.9 164.7 179.1 187.6 193.1 191 186.7 184.1 182.6 179.9 177.3 175.6 171.7 166.8 164.5 163.4 161.8 161.4 159.4 155.1 149.3 143.3 130.8 116.9 100.9 87.3 97.2 107.6 115.3 120.1 118.6 108.8 87.4 65.1 48.1 34 26.3 33.3 28.5 21.7 12.5 7.9 7.7 7.7 7.6 -3.6 -3.6 -3.6 25 44.2 70.8 93.6 106.6 115.2 125.7 151.2 181.9
97.6 97 98.4 97.6 93.8 89.7 106.5 125.9 137.5 149.9 158.8 162 159.7 150 133.4 120 104.4 120.3 129.8 143.4 153.4 160.3 161.8 157.2 148.8 139.3 136.8 146.2 158.9 170.2 184.7 193.2 199.2 198.7 195.3 193.7 193 190.8 189.6 186.6 182.7 178.4 175.7 173.1 170.1 167.4 162.9 158.8 154.9 147.9 141.4 120.6 100.7 101.2 115.7 128.1 131.2 128.3 123.7 112.6 92 66.7 49.2 34.5 39.9 54 48.9 34.9 25.3 11.1 7.8 7.7 7.6 7.7 -3.6 -3.6 -3.6 32.4 56.6 82.2 94 104.4 114.4 133.1 168.6
113.5 107.8 103.6 96.2 89.5 101.9 117.1 132.8 143.1 155 161.4 164.2 164 156.9 143.4 126.9 115.2 109 123.5 136.2 149.2 157 161.2 158.5 150.6 148.1 144.8 150.4 161.4 175 186.9 195.7 203.4 205.9 203.4 202.4 201.1 199.4 196.4 192.3 188.4 185.1 181.2 176.5 172.8 168.5 164.2 160 155.4 148.9 139.9 119.8 104.4 120.7 133.1 136.8 135.9 131.1 126.1 115.5 92.4 70.7 49.8 34.2 52.7 72.6 69.9 55.5 41.5 24.4 11.1 8.1 8 8.5 8.7 -3.6 -3.6 20.2 38.1 65.8 84.8 96.8 106.6 121.1 159
126.7 121.6 112.8 97.6 102 113.2 126.7 139.9 150.3 158.4 163.5 167.3 167.5 166.2 156.1 140.4 124.8 117.1 112 123.3 137.5 151.7 157.1 156.8 154 152.1 151.4 155.3 165.5 180.2 191.2 199.1 208.1 211.8 211.6 209.7 207.2 203.3 200.9 196.8 192.5 187.9 183.3 178.1 173.2 168.9 163.3 158.4 153.5 147.2 133.5 115.7 125.5 138.7 143.8 141.5 138 133.2 127.9 117.7 94.2 71.1 50.8 37.8 61.8 86.7 94.9 73.3 60.3 40.9 30.5 16.8 8.8 8.9 8.6 -3.6 -3.6 -3.6 27 52.1 75.2 89.2 98.4 115.4 152.7
128.7 125.1 109.1 96.4 109.1 120.2 134 144.5 153.2 159.9 165.5 169.3 169.5 168.1 164.9 154.8 142.6 132.2 121.7 113.4 122.2 136.4 151.9 156 156.4 156.1 158.6 162.3 173.1 185.8 196.3 203.2 210.8 215.5 217.5 215 210.4 207 204.3 199.3 194.3 189.5 184.6 178 173.1 168.3 161.5 156.5 150.9 144.1 130.7 137.9 145.5 146.6 145.9 143 138.4 133 127.8 120 95.7 73.3 50.9 46.3 73.2 95.6 99.8 95 78.8 62 49.8 36.1 19.8 8.8 8.3 -3.6 -3.6 -3.6 18.4 43.1 64.9 82.7 92.8 110.6 150.2
125.5 119.8 101.6 101.4 113.6 125.6 136.8 146.1 153.6 160.1 165.1 169.7 171.4 170.8 168.1 163.9 156.6 148.5 140.7 130.9 119.4 123.9 142.6 153.6 157.3 159.2 162.4 168.6 178.6 190.7 200.4 207.5 215.1 218.5 220.1 217 213.4 210.8 206.1 201.3 196.3 191.3 184.8 177.4 173 167.5 160.7 154.6 148.3 142.8 143.8 148.3 148.9 149 147.5 144 138.2 132.3 127.1 117.8 97.6 74.5 50.7 60.2 84.5 100.9 100.3 97 93.4 85.9 73.1 52.1 40 21.5 8.7 -3.6 -3.6 -3.6 17.4 37 57.3 76.5 88.1 107.1 153.2
116.3 107.6 102.3 109.1 118.2 130 138.5 146.1 152.5 158.6 163.8 167.9 171.7 172.3 169.8 166.9 163.2 158.9 152.2 143.9 131.8 117.8 134.2 146 154.9 159 161.9 171.5 182.2 193.6 203.7 211.2 217.8 220.4 221.4 218.8 215.2 211.3 206.8 202.5 198 191.5 184.4 177 173.4 166.6 159.8 153.6 150.2 148.8 150.5 152.2 151.7 151.6 148 143.6 138.3 132.3 125.4 114.9 96.9 71.6 54.8 80.8 97.4 101.6 98.8 95.7 92.4 87.7 83.6 78 52.8 37.3 21.1 7.9 -3.6 -3.6 19.2 31.9 53.1 68.4 83.1 107.1 159
103.2 105 110.4 122.7 126.5 132.1 139.1 144.6 150 156.2 160.7 165.7 169.3 171.1 171.5 170.6 167.5 164.1 159.7 154.2 143.3 126.5 129.9 143.4 150.9 154.2 158.6 170.2 182.7 195.7 205 213.1 219.2 222.1 222.5 220.1 216.2 211.7 207.2 202.7 198.4 191.6 184.5 178.1 173.4 167 161.2 156.2 156.7 153.8 153.7 155.1 155.2 152.3 147.7 143.1 138.5 131.2 123.6 107.2 83.8 65.9 83.5 100.6 103.6 101.5 97.4 94.4 91.1 85.5 80.8 76.4 69.4 51.7 33.8 11 -3.6 -3.6 12.2 29 48.5 61.7 77.9 103.5 152.1
107.5 109.2 122.4 135.1 136.5 135.2 139.5 143.3 148.1 155.1 160.9 165.5 169.7 171.6 172.3 171.3 167.3 164.1 160.7 157.6 150 136.7 126.9 131.5 143.1 149 158 170 183.3 195.6 204.4 212.2 219 221.6 223 222.4 216.9 211.8 207.2 202.6 198.4 191.5 185 179.2 174.4 168 162.7 160.6 160.3 158.1 156.1 155.9 155.6 152.6 147.7 142.2 135.2 128.3 116.2 94.7 66.9 85.2 100.1 106.6 105.9 101.7 96.9 93.6 90.3 84.9 79.6 74.6 68.3 55.7 39.9 20.3 -3.6 -3.6 7.6 27.1 41.3 58.3 77.5 108.4 153.7
107.4 111.5 129.6 139.3 139.2 137.5 139.1 142.5 148.1 154.4 161 164.8 168.1 170.5 172.5 172.1 168.1 164 160.9 157.8 154.3 146.8 138.6 133.3 131.2 144.3 154.1 168.4 182.4 193.3 201.7 209.3 217.4 220.8 222.4 223.4 217.3 212 207.1 202.7 198.5 191.5 185.8 180.2 175.2 169.4 167.1 165 163.4 161.3 159.2 158.7 157.1 152.7 145.8 140.3 131.6 123.1 103.8 77.9 91.8 102.2 111.2 110.2 106.7 101.9 97.5 93.3 89.5 84.9 79.9 75.1 68.3 56.3 38 22.9 -3.6 -3.6 -3.6 25.4 40.4 58.3 77.9 112.1 157.7
107.4 115.4 130.8 137.6 139.9 139.9 141.7 145.4 149.2 156.1 162.1 163.8 168.6 171.4 172.4 172 169.9 165.8 161.6 159 154.3 149.5 143.5 136.8 131.1 141.7 152.3 167 180.2 191.4 198.7 207.3 215 220 222.1 223.4 218.4 213.8 207.7 203 198.8 192.4 186.8 181.2 176.1 173.2 170.2 167.4 165.3 163.9 162.2 160.3 155.7 151.5 143.7 136.7 126.5 114.1 93.6 99.8 109.8 116 115.9 112.4 108.2 103.3 99.3 93.3 88 84.1 78.5 73.3 67.5 54.5 37.4 22.6 -3.6 -3.6 12.5 24.2 42.2 61 78.3 128.6 162.6
107.7 117.6 129.7 134.7 138.7 142.7 146 149.2 150.8 156 162.3 164.5 168.1 170.8 171.1 169.7 169.1 167.2 163.6 160.5 156.5 151.7 145 137.7 131.8 140.9 149.6 166.3 177.9 188.8 197.3 206 213.5 219.3 222.6 224.1 219.6 214.5 208.3 203.9 199.8 193.9 188.1 182.4 178.3 175.4 172.4 169.7 167.3 165.8 163.9 160.5 155.8 151.2 141.1 129.9 114.9 115.3 121 122.8 123.6 122.3 120.8 115.9 111 106 99.8 93.8 88.2 82.4 76.8 71.1 62.6 48.5 34.1 20.6 -3.6 -3.6 16.6 27.4 42.8 62.4 88.1 132.1 174.3
109.5 118.6 125.9 133.9 141.2 146.3 149.9 152.9 155.5 159.6 163.9 166.3 168.3 169.3 168.9 166.8 167.6 167.2 166.2 164.5 161.3 157.2 145.8 136.5 139.2 145.9 155.4 169.8 179 185.4 194 203.3 211.8 218.7 222.9 224.8 221 215.9 210.9 205.2 200.7 195.4 189.5 183.7 180.4 177.5 174.6 172.1 169.6 167.5 164.7 159.3 153.9 148.2 135.5 117.9 130.3 129.9 133.1 132.1 130.5 128.3 125 120 114.2 107.4 100.7 94.4 88.1 81.1 75.1 70.1 59.2 46.5 29.1 17.9 -3.6 -3.6 19.2 32.6 44.3 64.4 97.6 141.1 186.4
111.9 114.3 126.1 136.4 144.4 149.9 153.5 156.7 160.5 164.4 166.9 168.8 170 169.4 168.5 164.7 165 165.8 165.5 163.8 160.6 154.7 142.3 136 142.4 152 159.9 170.3 177.4 183.5 190.9 200.1 210.9 217.8 223.4 225.4 222.3 217.6 212 207.3 202.1 196.8 191 186 182.2 179.1 176.2 173.7 170.6 167.8 163.2 157.6 152.2 143.4 128.6 130.1 138.2 140.5 141.1 140.6 135.6 132.5 128.1 123.5 116.4 109 101.9 95.4 87.1 79.9 72.7 66.5 55.5 40.2 26 15.8 -3.6 -3.6 17 33.8 45.5 67.8 115.3 151 196.8
112.5 116.7 127.3 138.3 145.7 150.5 153.9 157.9 160.9 164.8 168 170.4 170.4 169.8 168.6 165.5 163.7 162.5 161.1 159.4 156.1 147.9 138.4 137 142.1 151.7 159.5 167.2 173.5 182.2 189.5 198.5 209.1 217 224 227 224.1 218 212.6 208 203.3 198 192 188.2 184.2 180.7 177.8 174.6 170.8 167.4 161.7 155.9 150.3 136.1 128.7 140.4 146.1 148.9 153.2 154 142.5 134.5 132.2 124.5 117 109.9 102.6 95.1 86.4 78 70.5 62.7 51.2 34 21.6 10.7 -3.6 -3.6 18.4 32.8 46.3 77.5 132.5 169.3 203
112.7 114.9 124.6 132.1 138.9 143 148.1 153.7 159.2 163.3 167.7 170.3 170.9 170.2 169.5 167.2 165.7 163.2 160.2 156 149.8 144.5 137.5 140.6 142.5 146.4 155.1 163.4 171.2 180.2 188.6 197.3 207.3 215.9 224.9 228.9 225.8 218.6 213.4 208.7 204.1 199.4 194 189.6 185.3 181.6 178.5 174.3 170.5 165.6 159.9 154.1 146.1 134 139.7 147.7 152.8 162.2 168.8 164.2 147.7 133.6 131.8 126.5 116.3 109.2 102.1 93.9 84.6 75.3 67.4 56.6 43.3 26.9 16.9 8.4 -3.6 -3.6 24.8 36.7 58.4 99.8 147.7 185.5 201.6
119 116.6 120 121.6 127.8 132.5 139.1 148.3 157.2 161.6 166.6 169.2 171.8 172.2 170.9 169.7 165.8 161.8 158.5 154.4 149.7 142.6 137.2 143.9 146.3 144.6 148.5 157.3 167.5 177.5 186.7 195.9 205.4 214.7 224.3 229.3 226.8 219.3 214.4 209.7 205.3 200.9 196.3 191.9 187.5 183 178.6 173.9 169.3 163.9 157.6 149.9 139.9 141.6 147.3 154.9 163.6 175.8 180.5 169 146.5 132.2 130.6 127.4 118.7 109.1 99.9 92.3 82.4 72.9 63.8 53.6 34.3 21.4 12 -3.6 -3.6 -3.6 30.3 45.8 72.8 117.2 166 189.9 196.1
120.9 118.3 122.1 129.3 134.2 133.7 136.3 144.2 154.3 160.7 165.5 170 174.1 174 172.3 169.3 164.4 158.5 155 149.4 143.2 137.2 141.6 148.7 154.5 153.2 151.6 151.9 160.2 172.3 182.8 195.2 204.6 213.3 222.8 228.9 227.5 220.3 215.4 210.8 205.8 200.8 196 191.1 186.3 181.5 177.2 171.1 165.1 159.6 150.1 145.1 147.9 150.8 154.3 162.7 173.1 185.2 186.9 171.7 147.7 132.1 128.2 124.1 120.7 111.7 98.3 88.8 78.8 70.4 58.5 46.6 27.9 16.4 9.3 -3.6 -3.6 18.2 36.4 54.4 93.7 135.3 179.6 185.5 187.8
126.2 125.9 125.9 134.5 143.6 146.2 145.8 148.7 156.3 162.5 168.6 174.2 175.5 174.4 171 167.9 162.4 156.3 150.7 142.9 137.2 138.6 147.2 152.4 157.4 160.8 160.3 156.8 157 168.9 177.7 192 203.3 212 221.5 227.8 227.1 220.5 215.9 210.5 205.5 200.6 195.8 191 186.2 181.3 175.8 167.6 161.3 152.6 153.4 155.7 160.4 162.8 166.2 172.9 181.3 189.5 190.3 170.1 148.2 129.8 125.1 121.3 118.8 112.7 95.7 84.6 73.6 65.1 53.7 36.3 21.4 10.8 6.1 -3.6 -3.6 26.6 47.1 67.7 119.1 154.4 175.2 177.5 182.2
130.9 130.7 130.2 136.4 145.8 150.1 156.9 159.4 162.8 167.4 173.3 178.5 178.8 174.3 168.4 163.7 158.1 152.3 148.5 142.7 141.5 146.7 151.9 156.8 159 163.4 167.1 163 160.1 166.5 175 186.4 199.6 211.6 220.5 227 226.3 221.3 216.1 210.2 205.2 200.4 195.6 190.8 186 179.6 173.6 166.7 157 154.4 161.4 167 172.8 176.2 179.7 185 188.4 192.5 195.6 174.4 151.8 130.3 122.2 118.9 114.9 111 95.3 83.5 69.4 60.3 46.2 27.9 15.4 8.2 -3.6 -3.6 -3.6 37.8 62.9 96 139.8 159.4 164.3 170.5 180.7
139.9 139.6 136.6 139.6 149.3 157.4 163.9 168.6 171.7 174.6 178.8 181.8 181.2 177.8 170.7 166.2 158.6 151 148.9 146.6 149.5 152 157 162.1 163.9 165.2 170 172.3 167.7 167.9 174.8 183.9 198.7 212.3 220.4 226.5 226.3 221.6 216.3 210.2 205 200.2 195.4 190.7 184.8 178.6 172.4 163.2 155.6 162.7 170.9 178.1 183 187.8 189 189.7 191.2 194.6 198.8 180.2 155.9 129.6 120.8 117.5 113.6 109.3 96.2 81.4 67.2 55.4 38.9 22.6 13 -3.6 -3.6 -3.6 26.3 51.4 79.3 118.8 141.1 150 162.9 170.8 181.2
147.8 144.9 143.2 148.6 152.3 158.5 165.7 172.5 177 180.5 183.1 184.1 182.8 178.7 174.2 168.9 162.2 153.6 149.9 148.2 153.9 158 158.7 167.4 171.1 170.9 172 176.2 175.6 175.2 179 184.4 194.9 212.8 220.2 226.5 226.1 220.7 216.1 210.1 204.8 200.1 195.3 190.4 184.5 178.4 172 161.7 160.6 169.4 179.3 186.6 191.1 192.8 192.8 193.2 194.4 197.6 200.8 184.2 160.3 132.9 119.5 116.1 112.3 108 96 78.4 65 51.4 29.2 14.9 6.3 -3.6 -3.6 -3.6 40.5 61.3 88.9 121.1 135.5 148.4 162 171.8 181
154.7 149.8 151.7 159.2 160.6 160.6 166.7 174.2 180.5 183.4 185.2 185.4 182.6 178.2 171.9 167.6 161.7 156.8 152.1 150.9 159.1 166.4 168.4 172.8 177.9 176.3 177.3 179.8 182.3 182.2 184.5 188.6 196.7 207.3 218.7 225 224.3 220.7 215.8 210.3 204.8 199.3 194.8 190.1 183.8 177.4 170.5 161.1 165.9 175.5 184.8 192.2 195 195.8 196.5 197 197.7 199.2 203 193.7 162.5 139.9 122.4 114.1 109.7 104.2 96.4 76.2 64.9 47.6 24.2 11 -3.6 -3.6 -3.6 31 45.7 66.2 94.1 121.2 136.7 147 159.3 171.8 180.2
162.5 160.2 162 168.4 168.6 167.8 169.9 172.5 180 183.7 185.8 184.4 181.1 175.7 169.6 164 159.7 156.7 154.1 158 164.7 172.8 174.2 177.4 184.4 183.4 184.7 184.7 188.7 189.1 190.7 194 203.5 205.3 214.1 223.6 223.3 220.8 215.7 210.4 205.4 199.4 193.7 189.1 182.6 175.9 168.4 162.9 171.5 181 191 196.3 196.4 197.4 199.3 200.8 202.4 204.6 207.8 202.2 169.5 142.7 123.6 112.1 103 98.2 89.7 73.3 61.4 36.3 16.3 7.1 -3.6 -3.6 19.9 39.9 51.9 71.8 96.5 122.4 134.1 141.3 153.1 168.1 178.8
173.8 169.6 169.4 173.1 177.3 175.9 172.6 174.9 178.8 181.5 183.3 182.5 176.7 171.4 167.3 161.5 159.3 157.6 158.4 161.5 173.5 177.4 179.1 180.8 186 191.2 189.9 188.8 195 195 199.2 199 203.4 207.6 215.5 222.9 222.9 220.4 215.7 209.9 205.2 199.5 193.5 188.1 181.8 175.1 167.2 165.6 176.2 186.4 194.2 197 197.8 199.8 202.2 204.1 207.4 210.7 212.8 210.9 180.6 144.6 126.7 112.6 98.5 92.1 84.8 71.9 56.5 29 8.4 -3.6 -3.6 -3.6 31.8 45.6 60 75.4 96.6 114.7 125.1 134 146.5 159.7 172
181.1 179.8 179.4 181.6 181.6 181.2 180.9 181 181.2 182.1 182.7 181 175.4 169.2 163.3 161 160.8 163.4 167.7 173.5 180.3 182.7 183.7 187.5 193.5 197.1 199.3 201.5 203.8 204.8 204.7 205.4 206 209 215.8 223.1 222.9 220 215.5 210 204.4 198.7 193 187.3 180.3 172.7 167.2 168.7 179.4 189.2 195.4 198.3 199.7 201.1 203.6 206.7 210.9 215.5 219.1 218 189.1 149.6 129.3 113.5 97.9 90.5 80.6 70.9 49.6 21 -3.6 -3.6 -3.6 22.9 35.5 48.6 62.3 78.3 93.2 106.6 115.7 124.4 135.1 149.7 163.4
187.1 187.1 187 187.8 188 189.1 189.5 187.9 186.6 185.4 184 180.9 173.6 166.9 163 163.2 164.8 170 174.9 179.8 184.9 187.7 188.5 190.6 197.9 202.2 206.6 209.8 211.7 210.9 211.7 212 211.9 212.5 217.4 223.2 221.8 218.7 213.7 207.9 202.2 196.5 191 185.4 178.6 171.6 167.1 170.4 178.9 187.8 195.1 197.5 198.9 200.8 204.6 208.4 213.4 218.2 222.9 224.3 197.6 157.7 125.3 112 101.1 89.1 78.6 70.1 44.6 15.4 -3.6 -3.6 -3.6 26.2 37 50 62.6 78.7 89.6 98.3 107 117.3 126.1 141.3 157
194.7 193.7 194.2 194.5 192.6 193.1 194.8 193.3 191 189.3 186 182.5 175.9 169.7 167.7 167.8 171.5 175.3 179 183.5 188.7 190.7 194.4 198.4 201.1 206.7 211.4 215.1 217.4 217 218.1 217.9 220.3 221 220.5 223.1 220.9 217.4 211.8 206.4 201.3 196.3 191.4 184.9 178.2 171.5 168.5 170.7 177.9 186 193.7 195.4 197.2 200.2 203.9 208.4 213.8 218.4 222.9 225.9 208.6 167 127.2 109.3 96.7 86.5 75.2 68.6 41.3 15.9 -3.6 -3.6 -3.6 26.2 35.8 47 57.6 73.6 82.8 90.6 97.5 108.3 119.9 129.7 147.1
204.5 200.5 199.1 200.1 201 201 199.4 196.1 194.5 192.2 188.2 184.5 181.4 178 176.4 175.9 177.7 180.6 183.5 187.6 192.2 194.8 199.2 204.7 207.7 210.8 217.3 223.3 226.3 226.8 228.1 229.4 232.3 232 227.5 226.3 221.2 217 211.9 206.9 201.9 196.9 191.6 184.2 177.6 171.2 170.2 173.3 177.2 183 187.6 191.7 195.6 199.2 203.1 207.5 212.9 217.8 222.3 225.5 216.7 179.9 135.4 111.2 97.8 83.6 77.8 70.3 43.6 15.2 -3.6 -3.6 7.5 25.7 33.9 42.8 52.9 63.9 75.9 84.3 91 98.8 110.4 122 134.9
214.8 209.9 206.5 204.6 204.6 202.9 201.1 199.4 196.5 195.1 192.4 188.9 185.9 184.5 183.8 183.8 184.1 185.6 188.2 192 196.2 199.5 204.5 209.4 214 219.3 225.2 233 239.2 244 244.7 248.3 245.3 241.4 237.3 230.3 222.3 217.6 212.4 207.4 202.4 197.2 191.3 182.7 176.9 172.7 173 177.7 184.6 185.7 187.8 191.4 194.8 198.5 202.4 206.3 211.3 216.4 220.6 223.3 219.6 194.1 147.4 113.3 98.8 88 81.2 68.6 46.2 19.5 -3.6 -3.6 7.6 23.7 31.6 37.4 45.3 55.3 67 75.5 81.4 90.5 101.2 114.8 126.6
223.8 218.1 213.5 211.4 209 204.8 202.7 201 199.2 197.4 196 192.6 190.6 190.4 189.6 188.3 189.3 191.1 194 196.4 201.8 205.4 209.7 214.1 218.2 223.9 234.9 244.8 253.8 255.4 254.7 253.4 251.5 248.9 244.6 233.2 224.3 218.4 213.4 207.8 202.7 196.7 189.9 182 177.4 174 176.5 182.2 189.5 190.6 189.7 190.9 194.1 197.9 201.5 204.6 209.3 213.4 217.4 219.3 218 204.4 160.1 117.2 102.5 93.2 84.3 70.6 50.9 18.7 -3.6 -3.6 -3.6 15 27.9 33.4 37.9 48.6 56.2 64.2 73.1 81.8 93.2 107 117.1
234.2 226.7 222 216.8 212.4 208.8 205.7 203.8 201.8 199.8 198 195.9 194.9 194.2 195.4 193.1 194 196.8 198.9 201 205.3 209.3 212.8 216.9 223.2 231.8 245.8 253.7 256.9 258.4 258 256.9 255.3 252.7 246.7 237.6 227.7 219.8 214.3 208.1 202 195.6 188.6 182.7 177.9 175.9 179.8 186.1 192.3 192.7 191.2 192.3 193.5 196.9 200 202.7 206.2 209.9 213.9 217 218 211.7 180.9 138 108.2 93.5 83.1 71 56.5 28 8.9 -3.6 -3.6 8 20 29 33.5 38.4 48.1 55.2 62.6 69.4 77.5 92.7 102.8
243.8 234.5 227.6 221 216.6 213 209.7 207.1 205 203 201.4 200.1 199.2 200 200 198 198.6 200.6 203.1 205.7 209.5 213.5 217.9 222.9 230.6 242.6 251.2 254.5 257.7 259.7 259.9 259.6 258.9 256.4 250.8 244.7 233.1 222 215.2 208.3 202.4 196.1 188.5 183.8 179.1 179.1 183.6 189 192.3 192.8 190.9 192.1 193.2 194.8 197.3 199.8 203 206.7 210.5 213.6 215.2 212.4 196.8 162 121.4 96.4 84.9 74.3 61 40.5 18.9 -3.6 -3.6 -3.6 9.4 20.1 28.9 34.4 38.2 43.3 52.3 58.4 65.9 74.9 85.1
252.8 246.4 236.3 228.9 222.6 218.4 213.9 210.8 208.6 206.5 205.6 204.5 204.4 204.8 204.7 202.7 203.6 205.7 208.3 210.9 214 218.3 222.7 229.4 239.8 246.5 251.9 255 257.6 259.5 260.1 261 261.1 260.2 255.8 248.8 234.7 223.4 214.9 209.3 203.1 196.5 189.5 185.2 180.5 183.3 187.8 192.3 193.2 192.4 190.6 191.4 192.4 193.8 195.2 197.7 200.3 203.5 207.3 210.3 212.1 213 199.7 173.7 129.1 98.8 84.1 76.1 66.2 54.1 34.6 12.3 -3.6 -3.6 -3.6 10.2 18.5 22.8 29.9 36.1 40.7 51.7 54.3 58.9 67.9
260.9 254.4 246.9 239.2 230 224.7 219.4 216 212.6 210.4 209.5 208.9 209.2 209.5 209.9 210.2 210 210.9 213.6 216.1 218.6 222.8 230.2 238.5 244.1 247.8 251.5 254.7 256.7 258.5 259.8 260.8 261.8 261.4 257.4 249.9 237 224.3 216 209.4 202.3 196 191.1 186.3 183.1 187.9 190.6 192.3 192.2 191.1 191.4 191.7 191.9 192.9 194.3 195.6 198.2 200.8 204.4 207.7 210.4 211.3 199 177.6 144.2 108.4 87.8 78 66.5 58.5 46.9 30.3 12.6 -3.6 -3.6 -3.6 9 12.8 18.7 25.7 34.1 39.9 43.7 50.8 54.3
