UK/data/no/no32_OST50GRID_20230518/NO32.asc
ncols 200
nrows 200
xllcorner 330000
yllcorner 720000
cellsize 50
[rows 0 to 37 of 200, columns 0 to 84 of 200]
38.6 39.3 39.3 39.3 40.6 40.2 39.6 39 39.4 41.1 41.3 41.8 41.2 42.7 44.1 46.7 45.8 45.3 46.5 45.3 45.1 44.3 43.4 43.7 41.5 40 39.4 38.7 37.4 37 36.9 37.3 37.2 37.1 38 38 38.5 38.7 38.9 39.1 38.7 38.7 38.5 38.2 37.9 37.6 37.2 35.7 36.1 36.1 36.1 36.4 35.6 34.7 35.1 34.8 35.8 35.1 34 34.5 35.1 36.7 38.9 40.4 40.9 41.2 41.6 42 42 41.8 41.3 40.6 40.1 39.8 38.6 37.2 35.8 34.7 33.6 32.6 30.7 29.6 29 28.6 27.9
35.6 34.9 31.7 32.4 33.9 35.2 37 39.2 39.5 37.8 38.1 37.5 36.8 38.4 38 41.5 44.1 45.3 44.3 44.5 43 42.3 41.1 40.9 38.9 38.3 37.5 34.8 34.2 34 34 34 33.8 34.8 34.6 34.9 35.4 35.9 35.9 35.2 35.2 35.6 35.3 35.6 35.4 34.5 33.8 33.3 33.5 34.3 34 33.8 33.4 33 32.7 33.4 33.1 32.9 32.2 32.2 33.2 33.4 34.3 35.9 38 38.5 39.4 40.8 41.9 41.3 41.3 40.1 38.7 37.4 36.7 36 34.7 33.2 33 31.5 29.6 29.4 29.5 27.9 27.4
31.4 29.8 27.5 28.6 29.6 30.5 32.2 32.6 33.1 34.5 34.4 34.4 34.5 34.8 36 36.3 37 38.9 38.7 38.4 37.6 35.5 35.3 36.5 36.1 36.1 33.5 33.2 31.2 31.5 31.1 31.2 31.5 31.4 31.2 31.7 32.1 32.3 32 31.9 32.1 32.6 32.9 33.3 33.2 32.2 31.4 31.9 32 32.1 31.9 31.9 31.9 31.7 31.4 32.1 31.4 31.3 31.5 31.3 31.6 31.8 32.1 32.5 33.7 34.8 36.6 38.5 39.7 39.5 39.2 38.2 36.6 35.2 34.7 34.1 33.1 31.5 30.6 29.7 29.7 29.5 28.9 27.3 26.4
25.8 24.5 23.7 24.8 26 27.5 27.9 29.1 30 28.4 29.7 27.3 28.7 31.8 32.9 32 33.6 34.1 35 34.4 32.6 33 33.2 33.1 32.4 32.6 32.6 31.5 29.7 29.6 29.3 29.1 28.5 28.3 28.3 28.5 28.7 29 29 29.2 29.6 30.2 30.9 31 30.6 30 29.5 30 30.2 30.1 30 30.2 30.5 31 31.3 31 31.1 31.1 31.9 32.1 32.1 32.3 31.9 31.5 31.6 32 33.7 36 37.4 37.8 37 36.2 34.7 33.1 32.6 32.1 30.5 30.1 29.6 28.9 28.6 27.5 26.9 26 24.3
23.2 22 21.5 21.9 23.2 24 25.1 26.8 26.5 25.9 24.2 25 25.2 25.2 26.7 27.8 29.8 30.8 31.1 31.2 29.8 30.3 30.6 30.7 29.7 29.4 28.9 28.3 27.5 27.8 27.9 27.5 26.9 26.3 26.4 27 27.3 27.2 27.1 27.3 27.6 28.2 28.7 28.7 29 28.8 27.7 28.4 28.7 28.1 28.4 28.8 29.1 29.6 30.3 30 30.7 31.4 31.7 31.8 31.2 31.9 32 32 31.8 31.1 31.6 33.3 34.5 35.1 34.4 33.3 32.6 31.1 30.5 30.1 30.2 29.9 28.8 27.4 26.5 26.2 25.4 24.5 22.5
21.7 20.5 20.8 19.8 20.1 21 22.6 24 24.4 23.4 21.3 21.6 22.4 22.1 22.1 23 24.3 25.3 26.2 25.4 24.4 26.1 24.4 25 24.8 25.4 25.6 25.9 25.3 25.6 26.1 25.4 24.8 24.2 23.3 23.8 24.6 25.4 25.3 25.4 25.8 26.3 26.5 23.5 24.8 26.4 25.8 28 27.6 27.3 27.3 27.6 28 28.6 28.8 29.1 29.7 29.9 30.2 31 30.8 31.3 31.3 31.3 31.3 31.6 31.7 31.4 32.1 32.6 31.7 30.5 29.5 29.5 29.6 28.2 27.8 27.5 26.2 25.7 24.9 24.5 23.6 22.6 21.1
20.6 20.2 19.4 18.6 18.2 19.6 20.5 21.2 24.1 21.7 21.2 21.3 21.6 20.7 20.5 21.2 21.9 22.4 22.9 22.2 21.7 22 22.1 21.8 22.3 23.1 23 23.2 23.4 23.6 23.3 22.7 22.3 20.5 19.4 19.6 20.7 21.7 22 23.1 23.5 23.2 24.3 20.5 20.6 24.7 17.8 24.8 26.4 26.2 26 26.4 27 27.5 27.9 27.4 28.1 28.2 28.4 29.2 29.9 30 29.6 30.7 30.9 30.8 31.4 31.3 31 30.8 30.5 29.5 29.3 27.9 27.9 26.4 25.2 24.5 24.4 23.8 23.2 21.8 21.1 20.4 19.6
20.2 18.8 17.3 16.9 16.4 17.2 17.5 18.8 20.1 20.3 20.3 20.6 20.5 19.8 19.8 20 20.4 20.7 20.8 21.6 21.2 20.6 21 20.5 21 20.8 21.4 21.2 21 21 21 18.2 20.5 19.1 14.9 13.3 13.2 13.1 14.2 16.2 15.2 14.2 14.3 14.3 13.2 18.1 14.5 18.9 21.1 22.2 23 23.9 24.9 25.1 25.7 26.1 26.5 26.3 25.8 26.8 26.9 26.8 27.1 27.2 27.6 27.8 28.1 29.2 28.7 28.4 28.2 28.4 27.8 27.4 26.8 25.1 24.2 23.7 23.2 22.7 21.6 20.1 20.4 20.1 19.4
18.3 17 16.3 15.4 14.7 15.2 15.7 16.5 17.2 18 18.1 18.3 18.8 19.5 19.8 19.4 18.6 18.7 20 19.6 17.6 17.2 18.3 18.5 18.8 19.7 20.1 18.4 18.9 17.6 17.8 15.5 13.3 11.3 11.2 10.4 10 9.7 9.6 9.5 9.4 9.5 10.2 10 9.9 11.3 11.4 11.3 10.5 11.1 12.8 13.9 17.2 17.4 16.3 17.1 17.5 18.9 21.3 22.9 23.6 23.6 23.9 24.6 24.3 24.3 24.4 25.8 25.4 25.2 25.6 25.6 25.5 25.5 24.8 24.2 23.8 14 21.2 22.1 21.2 20.3 19.5 19.2 19.3
16.9 15 15.2 14.9 14.4 14.4 14.8 14.6 14.9 16.1 16.1 16.1 16.2 18 18.4 17.3 17.2 16.9 17.8 17.4 14.3 14.3 15.1 15.4 16.6 19 17.4 16.2 15.5 15 15 12.3 10.6 10.4 10.4 9.5 9.2 9.1 9 8.6 8.4 8.5 9.9 9.6 9.5 9.2 9.3 9.5 8.9 8.8 8.9 9 9.1 9.6 10.2 9 8.7 8.8 9.9 11.9 14.2 16.8 19.3 21.6 21.9 21.7 21.7 21.8 22.5 21.9 22.1 23 23 23.3 20.6 17.5 2.8 3 7.4 13.5 17.2 19.4 19.3 16.4 17.1
14.7 13.7 14.6 16 14.4 14.4 14 14.2 13 14.1 14.3 14.4 14.1 17 15.7 14.9 14.3 15.7 10.7 11.4 10.4 10.3 11.2 12.1 12.7 13.7 13.7 13.1 12.5 12.4 12.2 11.9 9.7 9.5 9.6 9 8.8 8.5 8.4 8.3 8.2 8.2 9.5 9.3 9 8.7 8.5 8.3 8.5 8.8 8.7 7.9 8.9 9 8.9 8.6 7.4 8.4 8.4 8.9 8.5 9.1 9.6 12.8 16.8 18.7 18 18.2 19.1 18.5 18.6 19 19.1 19.1 17.3 2.2 3.2 3.8 2.9 1.7 1.7 1.7 14.4 8.8 6.9
12.4 12.6 14.4 15.5 15.4 13.6 12.8 12.7 12 12.4 13.3 13.7 12.4 15.2 12.2 11.7 11.3 10.8 10.3 9.3 9.2 9.3 9.8 9.7 9.6 10.6 10.7 10.3 10 9.7 9.9 10.1 9.4 9.1 8.8 8.8 8.7 8.7 8.6 8.5 8.7 8.9 8 8.9 8.5 8.2 8.3 8.6 8.8 8.8 8.8 8.7 8.5 8.6 8.3 7.4 6.7 6.7 6.7 7 6.9 7.9 8.1 9.2 9.1 10.2 11.3 13 14.5 14.6 15 15.5 15.3 14.6 13.7 7.2 4.3 6.9 7.3 6.9 7.1 4.7 4 2.6 2.6
12.4 12.4 16 16.5 15.6 13.6 11.8 11 9.9 10.8 11.9 11.8 10.4 10 10.4 9.5 9.8 9.9 9.5 9 8.9 8.9 9.1 9.7 9.4 9.5 9.2 9 9.3 9 8.5 8.7 9.7 9.1 8.8 8.9 9 8.9 8.9 8.8 9 8.7 8.3 9 8.6 8.2 8.3 8.5 8.7 8.8 8.9 9.5 8.7 8.9 9.2 8.4 7.4 7.7 8.5 6.7 6.8 7.4 5.7 8 8.4 8.9 8.7 8.9 8.9 10.6 11.9 11 9 7.8 8.1 4.6 4.8 4.6 5.1 6.6 6.5 4.5 3.5 2.6 2.6
9.4 11.2 12 13.8 13.6 11.8 9.8 9.9 10 10.2 10.1 10.4 9.5 9.6 9.6 9.1 9.6 9.5 9.4 8.8 9.4 9.5 8.8 9.6 9 8.4 8.7 8.6 8.7 8.7 8.7 10.1 9.4 8.8 8.8 8.9 9.1 9.2 9.1 9.1 9.2 9.1 9 8.4 8.1 8.8 8.7 8.6 8.6 8.7 9.4 9.2 8.8 8.8 9 9 8 8.2 9.1 7.8 8.3 8.3 8.8 9.4 5.7 4.1 3.7 3.8 4.3 3.7 4.2 9.5 10.7 9.8 4.5 3.8 5 4.3 4.3 3.9 4.2 4.4 2.6 2.6 2.6
9.6 9.5 11.5 11.8 13 10.9 9.7 9.7 9.7 9.9 9.6 9 9.1 9.3 9.5 9.3 9.7 9.7 9.7 9.4 9.3 9.2 9.2 9.3 9.3 9.3 9.2 9.2 9.2 9.2 9.2 9.2 9.2 9.3 8.9 9 9.1 9.2 9.3 9.2 9.1 9 8.9 8.5 8.5 8.9 9 8.9 8.8 8.7 8.7 8.7 8.6 8.6 8.8 9.1 8.7 8.7 9.4 8.8 9.4 9.3 8.9 6.4 4.5 4.6 1.8 1.3 1.4 1.5 1.3 1.3 2.2 3.6 2.3 1.9 2.3 2.6 2.6 2.4 2.2 3.8 2.9 2.6 2.2
9.7 9.9 9.6 11.9 12.9 10.6 9.2 9.9 9.8 9.7 9.3 9.1 9.3 9.5 9.6 9.8 9.5 9.8 9.5 9.3 9 9.1 9.3 9.2 9.3 9.2 9.2 9.2 9.1 9.2 9.2 9.2 9.1 9.7 8.9 9 9 9.1 9.2 9.2 9.1 9 8.7 8.8 8.5 8.8 9.1 9 8.9 8.7 8.7 8.8 8.7 8.6 8.8 8.9 9.1 9.1 9.7 9.3 9.2 8.9 5.6 2.7 1.1 0.7 0.1 -0.3 -0.3 -0.3 -0.5 -1.9 -1.9 -1.9 -1.9 -0.4 0.5 2.1 1.9 0.6 0.6 1.4 2.2 2.6 1.9
9.4 10.4 10.4 17.1 17.6 13.2 12.4 9.5 9.4 9.3 9 9.2 9.4 9.5 9.6 9.6 9.4 9.7 9.5 9.3 9.1 9.2 9.4 9.3 9.3 9.2 9.2 9.2 9.1 9.1 9.1 9.2 9 9.1 8.8 8.8 8.9 9 9.1 9.2 9.1 9 8.8 8.5 8.2 8.4 8.9 9.1 8.9 8.8 8.7 8.8 8.7 8.7 9 9 9.2 9.4 9.3 9.1 8.3 3.5 -1.9 -1.9 -1.8 -1.9 -1.9 -1.9 -1.9 -1.9 -1.9 -1.9 -1.9 -1.9 -1.9 -1.9 -1.9 0.1 -1.9 -1.9 -1.9 -0.2 0.5 0.9 1.3
8.7 10.2 10.5 16.1 22.6 18.8 15.3 10 9.5 8.9 9.6 9.3 9.4 9.5 9.6 9.2 9.5 9.4 9.5 9.3 9.2 9.3 8.8 9.3 9.2 9.2 9.2 9.1 9.1 9.1 9.1 9.1 9 8.9 8.8 8.8 8.9 9 9.1 9.2 9.1 8.9 8.8 8.7 8.5 8.5 8.6 8.8 9 8.9 8.8 8.8 8.8 8.8 8.3 8.7 9.3 9.1 8.3 8.9 7.2 3.7 -1.9 2.8 1.5 0.2 -1 -1.9 -1.9 -1.9 -1.9 -1.9 -1.9 -1.9 -1.9 -1.9 -1.9 -1.9 -1.9 -1.9 -1.9 -1.9 -1.9 -1.9 0.2
9.3 10 10 10.7 22.1 17.2 10.7 9.4 9.2 9.1 9.7 9.2 9.4 9.5 9.6 9.1 9.5 9.1 9.4 9.3 9.2 9.3 8.9 9.2 9.2 9.2 9.2 9.1 9.1 9.1 9.1 9 9 8.9 9.2 8.7 8.8 8.9 9 9.1 9 8.9 8.8 8.6 8.5 8.5 8.3 8.5 8.7 9 8.8 8.8 8.9 8.8 9.3 8.8 8.1 -1.9 -1.9 -1.9 -1.9 -1.9 -1.9 1.5 0.2 -0.7 -1.2 -1.6 -1.9 -1.9 -1.9 -1.9 -1.9 -1.9 -1.9 -1.9 -1.9 -1.9 -1.9 -1.9 -1.9 -1.9 -1.9 -1.9 -1.4
8.4 9.4 10 9.4 10.4 10.1 9.6 9.5 9.3 9.2 8.7 9.5 9.3 9.4 9.3 9 9.2 8.8 9.1 9.3 9.3 8.6 9.1 9.2 9.2 9.2 9.1 9.1 9.1 9.1 9 9 9 9.2 9.2 8.6 8.7 8.8 8.9 9 9 8.9 8.7 8.7 8.6 8.5 8.1 8.2 8.4 8.6 8.9 8.9 8.9 8.8 -1.9 -1.9 -1.9 -1.9 8.5 3.5 2.6 2.5 1.3 0.3 -0.2 -0.6 -1.1 -1.5 -1.9 -1.9 -1.9 -1.9 -1.9 -1.9 -1.9 -1.9 -1.9 -1.9 -1.9 -1.9 -1.9 -1.9 -1.9 -1.9 -1.9
9.6 8.8 9.5 9.2 8.8 9.4 9 9.4 9.1 8.4 7.8 9 8.6 9.1 8.8 8.5 8.9 8.5 8.7 8.7 9.2 8.5 9.2 9.2 9.2 9.2 9.1 9.1 9.1 9.1 9 8.9 8.9 9.1 9.3 8.6 8.7 8.8 8.8 8.9 9 8.9 8.8 8.8 8.7 8.6 8.5 7.9 8.1 8.3 8.5 8.9 -1.9 -1.9 -1.9 8.4 8 8.4 3.8 3.3 2.5 1.3 0.8 0.4 -0.1 -0.5 -1 -1.5 -1.9 -1.9 -1.9 -1.9 -1.9 -1.9 -1.9 -1.9 -1.9 -1.9 -1.9 -1.9 -1.9 -1.9 -1.9 -1.9 -1.9
9.4 9.2 9.1 8.2 8.5 8.9 8.9 8.2 8.6 8.9 8.6 9.1 8.5 8.8 9.1 7.9 9 9.1 9.2 8.8 6.1 8.6 9.2 9.2 9.2 9.1 9.1 9.1 9.1 8.9 8.8 8.5 8.8 8.9 8.4 9.3 9.2 9.1 9 9 9 9 8.9 8.9 8.8 8.7 8.6 7.5 7.5 8.6 8.3 6 -1.9 8.2 8.3 8.2 8.1 7.5 3.2 2.5 1.8 1.4 0.9 0.5 0 -0.5 -0.9 -1.4 -1.8 -1.9 -1.9 -1.9 -1.9 -1.9 -1.9 -1.9 -1.9 -1.9 -1.9 -1.9 -1.9 -1.9 -1.9 -1.9 -1.9
9.2 8.6 9.1 8.5 8.8 8.4 8.9 9.1 9.1 9.3 9.4 9.4 9.3 9.2 9.2 9.2 9.3 9.3 9.5 9.3 8.8 8.4 8.9 9 9.1 9.1 9.1 9 8.8 8.6 8.2 8.6 8.7 8.5 8.8 9 8.9 8.9 8.9 9 8.9 8.9 9 9 8.9 8.9 8.7 8.8 7.4 6.7 3.9 6.9 8 8.1 8.4 8.2 7.5 3.6 2.6 2.4 1.9 1.5 1 0.5 0.1 -0.4 -0.8 -1.3 -1.7 -1.9 -1.9 -1.9 -1.9 -1.9 -1.9 -1.9 -1.9 -1.9 -1.9 -1.9 -1.9 -1.9 -1.9 -1.9 -1.9
9.4 9.2 9 8.8 9.1 9.1 9 9 9.1 9.6 9.4 9.3 9.4 9.2 9.1 9.1 9.4 9.5 9.7 9.6 9 8.2 7.5 8 8.2 8.7 7.7 7.5 8.5 8.1 7.7 7.5 7.2 7.2 7.2 8.4 8.9 8.9 8.9 8.9 8.9 9 8.8 9 9.1 8.7 8.9 8.8 8.2 8.2 6.2 6.8 8.2 8.3 8.4 5.4 3.6 2.9 2.5 2.3 2 1.5 1.1 0.6 0.2 -0.3 -0.7 -1.2 -1.7 -1.9 -1.9 -1.9 -1.9 -1.9 -1.9 -1.9 -1.9 -1.9 -1.9 -1.9 -1.9 -1.9 -1.9 -1.9 -1.9
9.5 9.3 9.1 8.9 9.3 9.4 9.4 9.3 9.2 9.5 9.3 9.4 9.4 9.3 9.2 9.1 9 9.6 9.5 9.4 9.3 8.8 9.1 9.3 8.8 6.8 8 8.2 7.7 8 8 8.4 8.6 8.6 8.7 8 8.9 8.9 9 8.9 8.9 9.1 8.8 8.8 9.1 8.9 8.6 8.4 8.4 8.5 7.7 2.1 7.5 7.8 7.6 3.5 2.7 2.6 2.4 2.2 2.1 1.6 1.2 0.7 0.3 -0.2 -0.7 -1.1 -1.6 -1.9 -1.9 -1.9 -1.9 -1.9 -1.9 -1.9 -1.9 -1.9 -1.9 -1.9 -1.9 -1.9 -1.9 -1.9 -1.9
9.5 9.4 9.2 9 8.9 9.4 9.4 9.2 9 9.8 9.4 9.4 9.5 9.4 9.3 9.2 9 9.4 9.3 9.2 9.1 9 8.5 9.3 9.2 8.8 8.8 8.6 8.1 8.2 8.4 8.5 8.4 8.4 8.2 7.7 6.7 8.9 8.9 8.8 8.8 9.2 8.9 8.9 8.1 9.1 9 8.7 8.2 8.2 8.1 6.5 7.4 7.9 3.5 3 2.6 2.4 2.3 2.1 2 1.7 1.3 0.8 0.3 -0.1 -0.6 -1 -1.5 -1.9 -1.9 -1.9 -1.9 -1.9 -1.9 -1.9 -1.9 -1.9 -1.9 -1.9 -1.9 -1.9 -1.9 -1.9 -1.9
9.5 9.5 9.3 9.2 9 9 8.9 8.8 8.9 9 9.2 9.6 9.5 9.5 9 9 8.9 8.9 8.9 9.1 9 9.2 9.5 9.2 8.7 8.7 8.7 8.7 8.6 8.8 8.8 8.7 8.5 8.3 8.3 7.8 7.1 7.4 8.7 8.8 9.1 9.2 8.5 9 8.5 9.2 8.5 8.4 8.2 8.4 8.1 6.4 7.8 3.4 2.8 2.6 2.5 2.3 2.2 2 1.8 1.7 1.3 0.9 0.4 0 -0.5 -1 -1.4 -1.9 -1.9 -1.9 -1.9 -1.9 -1.9 -1.9 -1.9 -1.9 -1.9 -1.9 -1.9 -1.9 -1.9 -1.9 -1.9
9.5 9.6 9.5 9.3 9.2 9.3 9 9.1 9.1 9.3 9.5 9.3 9.2 9.1 9 9 8.9 8.9 8.8 8.8 8.8 9.3 9.5 9.7 8.8 8.7 8.4 8.8 9.1 9.1 9 9 8.8 8.5 8.4 8.4 8.5 8.4 8.1 9.3 8.9 8.9 9.1 9 9.1 8.9 8.4 8.3 6.8 6.5 7 4.2 3.9 3 2.6 2.5 2.3 2.2 2.1 1.9 1.7 1.6 1.4 1 0.5 0 -0.4 -0.9 -1.3 -1.8 -1.9 -1.9 -1.9 -1.9 -1.9 -1.9 -1.9 -1.9 -1.9 -1.9 -1.9 -1.9 -1.9 -1.9 -1.9
9.4 9.4 9.4 9.4 9.5 9.6 9.5 9.4 9.3 9.2 9.1 9.6 9.3 9.1 9.1 9 9 8.9 8.9 8.8 8.8 9.4 9.1 8.8 9.5 8.8 8.6 8.9 8.7 8.9 9.1 9.2 9.1 8.7 8.5 8.6 8.8 8.4 5.4 9 8.6 8.7 8.9 9 8.9 8.8 8.4 7.5 5.1 7.2 7.6 6.2 3 2.6 2.6 2.4 2.2 2.1 1.9 1.8 1.6 1.4 1.4 1 0.6 0.1 -0.3 -0.8 -1.2 -1.7 -1.9 -1.9 -1.9 -1.9 -1.9 -1.9 -1.9 -1.9 -1.9 -1.9 -1.9 -1.9 -1.9 -1.9 -1.9
9.3 9.3 9.3 9.4 9.5 9.6 9.2 9.1 9 8.8 9 9.2 9.4 9.2 9.2 9.1 9.1 9 8.9 8.8 8.8 9.3 9 9 9.2 9.4 9.3 9.1 8.2 8.5 9 9.3 9.2 8.9 8.7 8.8 8.9 8.9 4.3 8.1 8.4 8.4 8.3 8.8 8.8 8.7 8.4 4.9 7.9 7.7 7.5 3.3 2.6 2.6 2.5 2.2 2 1.9 1.8 1.7 1.5 1.3 1.2 1.1 0.7 0.2 -0.2 -0.7 -1.2 -1.6 -1.9 -1.9 -1.9 -1.9 -1.9 -1.9 -1.9 -1.9 -1.9 -1.9 -1.9 -1.9 -1.9 -1.9 -1.9
9.2 9.2 9.1 9.5 9.2 9.3 8.8 8.7 9 9.3 9.6 9.6 9.5 9.3 9.2 9.2 9 8.9 8.8 8.8 8.9 9.3 9.1 9.3 9.6 9.4 9.3 9.2 9.1 9.2 9.3 9.4 9.4 9.1 8.8 9.4 9 8.1 8.2 4.2 3.3 7.7 8.1 8.6 8.5 8.5 7.8 9.6 8.5 8.5 8.3 2.9 2.6 2.5 2.3 2.1 1.9 1.7 1.6 1.5 1.4 1.2 1 1 0.8 0.3 -0.2 -0.6 -1.1 -1.5 -1.9 -1.9 -1.9 -1.9 -1.9 -1.9 -1.9 -1.9 -1.9 -1.9 -1.9 -1.9 -1.9 -1.9 -1.9
9.1 9.1 9.5 9.7 9.7 9.7 8.8 9.1 9.4 9.6 9.6 9.6 9.1 9.3 9.2 9 8.8 8.8 8.8 8.9 9 9.2 9.1 9.1 9.5 9.4 9.4 9.4 9.3 9.2 9.2 9.5 9.6 9.3 9.1 9.3 9 9.1 8.7 8.7 8.8 4.5 6.5 8.3 8.3 8.2 8.1 7.6 8.4 8.2 3 2.8 2.6 2.4 2.2 1.9 1.7 1.5 1.4 1.4 1.3 1.1 0.9 0.8 0.8 0.4 -0.1 -0.5 -1 -1.4 -1.9 -1.9 -1.9 -1.9 -1.9 -1.9 -1.9 -1.9 -1.9 -1.9 -1.9 -1.9 -1.9 -1.9 -1.9
9.2 9.2 9.4 9.4 9.6 9.3 9.5 9.4 9.5 9.5 9.5 9.4 9 9.4 9 8.8 8.8 8.8 9.1 9.1 8.9 9.2 9.4 9.4 9.5 9.5 9.5 9.5 9.1 9.3 8.4 9.2 9.6 8.2 9.1 9.2 9.2 8.8 8.7 9.2 9.4 8.3 5.6 6 7.2 7.6 5.3 7.9 8.2 5.2 2.9 2.6 2.4 2.2 2 1.8 1.6 1.4 1.2 1.2 1.1 1 0.8 0.6 0.6 0.5 0 -0.4 -0.9 -1.4 -1.8 -1.9 -1.9 -1.9 -1.9 -1.9 -1.9 -1.9 -1.9 -1.9 -1.9 -1.9 -1.9 -1.9 -1.9
9.3 9.2 9.1 9.2 9.2 9.4 9.4 9.4 9.4 9.3 9.3 8.9 9.6 9 8.7 8.9 9.2 9.4 9.2 9.1 8.9 9.2 9.4 9 8.9 9.3 9 9.5 8.9 9.5 9.2 8.9 8.8 9.5 9.3 9.1 8.7 8.6 8.6 8.8 8.2 8.2 7 7.8 6 4.2 6.7 8.2 7 3 2.7 2.5 2.3 2.1 1.9 1.7 1.4 1.2 1 0.9 0.9 0.9 0.7 0.5 0.4 0.4 0.1 -0.4 -0.8 -1.3 -1.7 -1.9 -1.9 -1.9 -1.9 -1.9 -1.9 -1.9 -1.9 -1.9 -1.9 -1.9 -1.9 -1.9 -1.9
9.2 9 8.4 9.1 8.9 9.1 9.3 9.4 9.5 9.4 9.1 9 9.3 9.4 9.6 9.1 9.5 9.4 9.2 9.1 9 9.2 9.4 9 9.2 9.1 8.9 9.1 9.7 9.4 9.6 9 9.1 9.3 9.1 8.9 8.6 8.6 8.6 8.6 8.8 8 7.2 8.1 8.2 8.7 8.3 8.2 4.2 2.7 2.6 2.3 2.1 1.9 1.7 1.5 1.3 1.1 0.9 0.7 0.7 0.7 0.6 0.4 0.3 0.2 0.2 -0.3 -0.7 -1.2 -1.7 -1.9 -1.9 -1.9 -1.9 -1.9 -1.9 -1.9 -1.9 -1.9 -1.9 -1.9 -1.9 -1.9 -1.9
9.2 8.8 9 8.8 8.7 9.2 9.2 9.3 9.4 9.5 9.6 9.2 9.5 9.3 9.7 9.4 9.3 9.2 9.3 9.1 8.9 9 9.1 9.2 9.2 8.8 8.9 9.4 9.6 9.5 9.8 9.2 8.9 9.1 9 8.7 8.8 8.6 8.5 8.8 8.6 7.9 7.7 7.9 8.5 8.4 8.1 7.4 2.9 2.6 2.4 2.2 2 1.8 1.6 1.4 1.2 0.9 0.7 0.5 0.5 0.5 0.4 0.3 0.1 0 0 -0.2 -0.7 -1.1 -1.6 -1.9 -1.9 -1.9 -1.9 -1.9 -1.9 -1.9 -1.9 -1.9 -1.9 -1.9 -1.9 -1.9 -1.9
9.5 9.1 8.8 8.6 9.1 8.9 9.1 9.2 9.3 9.6 9.7 9.2 9.5 9.4 9.2 10 9.7 9.2 9.6 9.5 9 8.6 8.8 8.9 9.1 9.2 8.8 9.2 9 9.4 9.4 8.8 8.6 9 8.8 8.5 8.9 8.7 8.9 8.9 8.2 7.8 8.2 8.4 8.5 8.6 7.4 3.1 2.7 2.5 2.2 2 1.8 1.6 1.4 1.2 1 0.8 0.6 0.4 0.3 0.2 0.2 0.2 0 -0.1 -0.2 -0.2 -0.6 -1 -1.5 -1.9 -1.9 -1.9 -1.9 -1.9 -1.9 -1.9 -1.9 -1.9 -1.9 -1.9 -1.9 -1.9 -1.9
9.7 9.4 9 9.2 9.5 9.6 9.4 9.2 9.5 9.7 9.6 10.2 9.6 9.5 9.1 9.1 8.9 8.8 8.9 8.6 8.7 8.6 9.2 8.7 9 8.8 8.7 8.8 9.1 9.2 9.3 9.2 8.9 8.4 8 8.6 8.9 8.8 8.7 8.4 8 7.8 8.5 8.6 8.7 8.6 7.1 3 2.6 2.3 2.1 1.8 1.6 1.4 1.2 1.1 0.9 0.6 0.4 0.2 0 0 0 0 -0.1 -0.3 -0.3 -0.4 -0.5 -0.9 -1.4 -1.9 -1.9 -1.9 -1.9 -1.9 -1.9 -1.9 -1.9 -1.9 -1.9 -1.9 -1.9 -1.9 -1.9
