UK/data/no/no48_OST50GRID_20230518/NO48.asc
ncols 200
nrows 200
xllcorner 340000
yllcorner 780000
cellsize 50
[rows 140 to 174 of 200, columns 78 to 155 of 200]
605.2 607.4 606.7 603.7 594.2 574.5 544 520.7 495.4 472.2 448.5 415.6 419.4 450 475.6 498.3 509.7 516.1 519.8 522.7 523.5 523.3 524 526.8 528.9 530.5 531 530.7 527.4 523.6 518.5 513.2 507.9 497.5 482.8 467.7 451.3 444.4 447.5 455.2 462.2 475.5 485.8 493.6 494.4 487.6 478.8 466.1 451.4 433.7 412 394 375.9 366.4 361.7 355.4 347.9 341.1 335.6 331.4 326 320.1 324.9 328.3 329.3 332.2 335.5 339.5 344.8 346.2 346.4 345.3 345.2 344.1 339.4 333.1 331.7 326.7
594.3 596.5 598 596.9 590.1 576.7 552 522.2 496.8 473 450.2 428 412.3 440.4 469.9 489.7 503.1 510.6 515.3 516.5 516.5 517.1 518.2 521 524.1 527.2 530.1 531.3 529.8 528.4 524.3 519.8 515.5 507.7 496.1 481.8 470.7 458.9 441.9 434 449.5 459.6 468.7 474 475.1 472.6 463.5 450.6 436.6 419.3 403.3 385.9 372 361.6 357.3 350.4 343.1 336.8 332.2 328.7 324.7 318.1 319.5 323.5 325.9 327.2 330 331.3 335.4 337.5 338.8 338.4 338 338.2 334 327.7 326.5 323.9
580.8 585.2 588.1 588 583.3 571.2 551.2 519.9 492.6 471.8 447.9 428.4 409 430.7 458.3 477.9 492.2 501.8 506.6 509 510 510.6 512.2 514.9 518.7 522.9 527.2 530.1 531.6 531.7 529.3 525.6 522.2 516.6 507.6 495.8 482.6 470.6 452.7 434 428.8 443 452.2 457.3 455.6 448.4 440.7 429.4 417.7 404.2 390.9 378 365.6 358.2 352.8 345.7 339.9 333.4 329.8 326.7 324.3 319.9 314.3 315.9 322.3 323.6 324.6 325.6 329.4 332 332.4 331.4 329.8 329.9 327.5 319 324.2 321.5
568.4 573.6 575.4 575.7 573.2 564.7 548.6 519.4 491.1 469 447.8 427.8 405.1 421.1 440.7 461.9 477.8 488.1 497.4 500.7 503.3 504.2 506.7 509.6 514.9 519.2 523.7 527.6 531.7 533.3 532.3 530.1 526.7 522.1 514.5 505.6 493.6 480.4 461.5 446.3 429.9 422.9 436.2 442.3 441.7 435.9 425.6 414.1 403.2 392.3 382.5 371.7 359.4 354 347.9 342.2 334.5 329.1 327.6 325 322.4 319.5 313.8 310.8 317.7 320.2 320.7 321.8 325.1 327.4 326.9 326.4 324.7 322.3 320.3 318.8 319.8 317.6
557.3 561.6 563 564.6 562 557 543 523.8 495.7 470.6 452.7 431.7 407.7 409.7 425 443.4 462 474.1 483.8 491.9 496.2 498.6 502.1 506.2 511.9 516.1 520.5 525.8 531 533.5 533.1 531.8 530 525.2 519 511.6 501.8 489.6 471.6 456.3 441.9 423.1 415.3 425.2 426.5 421.1 411.8 401.5 392.1 382 372 364.2 355.2 350.5 344.1 337.3 331.5 326.8 324.7 323.4 321.6 318.7 314.9 308.3 308.9 315.7 316.9 318 321 322.9 322.5 321.1 319.4 317.6 315.2 313.6 314 311.5
543.2 550.6 553.4 554.7 553.2 546.8 533.8 521.2 505.4 482.4 458.3 438.7 419.7 398.4 409.8 425.3 444.8 458.9 469.3 476.8 483.4 489.6 497.5 502.9 508.7 512.9 518.3 523.9 528.9 531.3 531.7 531.3 530.5 528.1 523.6 516.9 507.5 496 482.6 467.2 451.1 433.6 414.4 399.6 406.9 404.3 396.5 388.5 378.9 373.1 366.4 360.7 352.6 346.1 339.1 333.1 328.5 323.9 321.9 321.1 319.9 317.6 315.1 307.1 304.3 310.2 312.4 314.5 315.8 317.2 318 317.2 315.5 314.1 311.6 309.5 308.7 308.3
529 538.3 543.2 546.1 545.5 538.1 526.5 516.8 505.5 490.8 471.6 448 427.6 403.7 397 413.4 427.3 438.7 444.4 453 467.8 485.8 495.5 501 505.7 509.5 515.1 520.9 525.5 527.5 529.1 529.7 529.7 528.9 525.4 520.5 512.4 501.5 490.5 478.4 461.8 445.7 429.2 408.6 384.6 381.9 383.8 382.3 374.6 368 362 354.8 347.5 339.1 333.7 328.9 325 321.1 318.8 318 317.2 316.4 314.2 311.6 302.5 301.4 308.1 311 312.2 312.8 312.8 312.9 311.9 310.5 308.1 306.3 305.4 305.9
517.5 526.9 534.9 538.7 537 531.9 523.1 514.9 504.7 492.1 478.2 461.2 440.7 418.7 391.6 400.7 412.6 423 443.1 461.1 477.7 488.6 496.4 499.4 501.7 506.6 511.2 516.3 519.7 522.2 524.2 526.2 526.7 525.5 522.9 518.3 512.6 503.1 494.6 484 475.6 458.5 440.4 423.1 405.7 389.2 373.4 360.8 356.1 358.3 356.1 349.4 342.5 335.4 328.6 322.6 320.1 317.9 315.7 314.4 314.3 313.7 312.8 311 308.1 298.6 300.6 307.2 309.1 308.9 309 308.1 308.2 307.1 305.3 303.4 303 303.3
507.8 520 528.7 532.8 530.7 525.7 520.8 511.7 501 488.9 476.7 462.3 446.9 428.4 404.9 389.9 404.9 425.6 447.9 465.2 479.3 490.8 496.9 498.3 499.3 503 506.8 511.5 512.9 514.6 517.8 521.3 521.8 520.4 517.9 514.2 508 499.3 491.6 483.9 477.5 468.2 454 439.6 423.2 407.3 391.6 379.5 367.4 354.8 342.9 341.4 336.8 331.9 326.2 318.6 315.3 313.8 312.5 311 310.6 310.3 309.6 308.4 306.8 296.9 298.1 302.9 306.5 306.2 306 305 304.7 303.9 302.4 300.7 300.7 301.1
502.1 514.1 524.3 527.7 525.3 521.2 516.5 507.4 494.1 483.1 472 456.8 444 425.8 411.3 382.6 400 425.8 447.5 465.1 478.6 490 495.5 494.6 494.2 495.5 500.7 505.3 505.3 506.6 510 512.3 513 512.4 511.1 507.8 502.2 493.8 486.2 478.7 474.1 467.8 460.1 452.3 440.7 424.1 407.7 391 376.5 362.4 352.7 341.3 329 324.9 320.7 316.9 313 309.7 308.5 307.3 306.3 306.1 305.9 305.1 303.9 295.2 293.7 295.8 303.3 303.4 303 302.2 301.3 300.6 299.4 298 298.4 298.9
497.8 509 519.2 523 522.5 518.5 512.3 503.2 490.6 476.2 461.4 448 435 419.9 406.7 379.9 396.7 424.1 445.3 462 479.5 485.5 491.5 490.7 487.9 490.1 493.5 496.7 495.5 496.1 500.5 502.1 502.8 504.6 503.5 500.4 495.7 487.6 477.7 471 466.8 461.7 457.6 454.4 447.8 437.1 421.9 401.3 382.1 370.6 358.5 338.7 332.7 323.9 318.5 314.7 311.4 308.5 305.8 304.2 303.3 302.7 302.4 302.5 301.4 299.3 291.9 291.5 299 299.4 299.6 299.6 298.3 297.2 296 295.6 295.9 296.7
494.5 506.3 514.6 520.3 522.1 518.1 511.2 501.2 489.2 468.3 451.2 434.8 421.6 408.7 399.6 379.1 392.5 421.6 445 462.1 475.1 480.2 483.2 486.7 483.5 481.2 482.5 486.9 487.2 485.3 489.1 490.8 492 496 494.2 491.8 488 478.1 465.3 457.8 455.8 453.4 452.5 451.6 448.8 440 427.8 407.8 386.4 371.3 359.1 346.5 333 324.8 320.4 315.8 311.2 307 304.7 301.5 300.1 299.4 298.9 299 298.6 297.5 292.4 289.1 293.9 294.2 294.1 295.7 295.4 294.8 293.9 293.2 293.3 293.9
491 501.9 511.3 519.1 522 518.7 512.3 498.5 485.5 463.1 441.1 425.7 413.8 403.4 395 371.9 391.2 419.3 442.9 458.3 472 476.8 476 479.4 478.5 474.4 472.7 476 475.3 475.2 477 478.8 481 483.7 482.3 480.5 475.5 465.6 451.2 443.4 440.7 441.9 442.8 443.2 442.6 437.9 425.3 407.8 387.3 369.4 355.9 345.2 333.4 325.6 321 315.8 311.1 306.6 303.4 299.9 296.5 296.3 295.3 295.6 295.5 295 292.7 287 291.6 290.7 290.1 290.6 291.3 291.9 291.3 290.9 290.8 291.7
488.2 499 509.2 518.3 523.3 523.2 517.9 499.5 482.8 456.8 434.3 420.5 408 399 391.2 367.4 387.8 417 436.8 451.7 463.8 471.2 471 471.1 471.8 466.5 460 461.5 464.8 461.4 462.5 466.3 471.3 472.8 468.6 465.1 460.8 448.2 436.5 430.2 426.5 426.4 430.3 430 429.9 425.7 417 401.6 381.5 362.8 351.7 340.4 332.9 326.8 322.5 316.7 312.2 308 304.1 300.7 297.2 292.9 292.1 291.9 292.2 292.3 292.1 286.4 283.2 289 288 287.1 288.1 288.5 288.5 288.3 288.7 289.1
484.7 496.9 507.4 519.3 523.5 525.2 520.6 500.8 477.6 450.9 434.4 415.4 403 394.8 388 365.6 384.6 410.2 429.8 443.8 455.6 462 463.6 465 465.7 458.8 451.3 445 446.5 447.2 445.9 448.4 457.9 460.4 458.1 452.3 446.6 436.5 423.3 416.6 413.6 414.1 416.8 414.9 414.9 409.8 402.7 390.2 377.3 361.9 347.4 338.6 333.7 326.6 320.4 315.7 311.9 308.1 304.9 301.3 298.2 294.8 288.4 285.6 289 289 287.8 284.4 281.5 289 288.3 286.4 285.1 285.3 285.2 285.9 286.7 287.9
479.1 493.4 507 516.8 522.2 521.5 516 501.7 477.2 450.5 430.7 412.8 397.4 390.6 385.2 366.3 381.1 403 421.4 437.7 446.9 453 455.8 454.4 451.8 451.4 445.2 435.6 434.1 432.4 432.5 432.7 440.9 446.4 443.8 439.7 432.6 422.5 412.6 407 403.4 402.7 400.8 404.1 400.5 395.9 391.2 382.1 373.3 359.3 344 335 331 325.5 319.4 314.5 310.5 306.9 303.6 300.4 297.7 295.3 292.4 287.7 284.7 285 285.1 282.5 279.5 286.2 287.1 286.7 283.8 282.7 282.8 283.3 284.3 285.7
475.5 490.7 503.5 511.4 517.7 516.4 511.9 500.4 476.1 446.9 428.8 410 394.9 385.8 381.9 361.1 375.8 394 412.6 428.2 439.5 446.6 446.5 444.1 443.2 440.4 436.8 429.6 424.8 420.6 418.1 417.8 425.7 427.9 425.7 425.2 419.1 406.8 400.2 394.4 390 391.7 392.1 391.8 392.7 388.5 387.2 376.9 367.7 355 343.5 333.2 328.1 323.9 318.9 313.7 308.7 303.1 298.9 297.5 295.8 293.1 290.4 288.1 286.1 280.8 279.4 281.7 277.8 282.7 283.1 284.1 283 280.5 280.6 280.9 282.6 284.3
472.8 485.8 496.1 503.7 508 507.6 502.5 491.9 470.6 444.1 427 408.8 392.7 382.3 377 358.8 371.3 387.5 403.3 418.2 431.2 440.4 443.1 440.3 437.1 435 429.3 423.4 418.3 413.8 410.1 408.7 415.4 414.7 410.1 408.5 404.4 394.8 387.7 383.6 383.4 382.2 380.6 379.3 380 379.4 378.6 374.5 366.1 355.5 342.6 332.8 328 323.1 317.9 312.8 307.8 302.8 297.7 293.8 291.8 290.3 288.9 287.2 285.4 282.7 277.1 275.8 276.8 280.2 280.3 279.7 278.9 278.3 278.1 279.2 280.2 282
464.4 478.2 488.8 496.4 501.4 496.3 493.5 482 464.6 440.1 423.7 406.3 391 379 371 356.4 369.8 383.1 396.8 412.3 424.9 435.2 438.5 434.9 433.7 429.3 424.4 419.8 416.3 411 406.5 403.5 403.5 403.6 399.4 394.4 389.3 382.9 377.2 376.2 375.2 372.6 372.5 371.9 371.5 372.1 369.5 367.3 361.3 353.8 344 334.7 327.4 322.3 317.6 312.4 307.5 300.4 296 291.9 290.3 288.9 286.9 285.3 283.5 281.6 278.5 275 275.2 277.9 277.5 277.6 276.9 275.8 275.4 276.6 277.9 280
455.2 469.3 479.5 485.9 489.8 493.2 488.1 478.5 455.2 433.7 418.5 404.5 388.4 374.6 366.1 351.7 365.6 375.9 389.7 406.8 420.4 432.7 437 434.7 431.1 424.1 422 419.7 414.2 409.6 404.6 400.5 396.3 393.2 390.9 385.5 378.3 372.8 368.9 367.2 364.7 363.3 365.4 365.2 366.6 366.7 369.8 370.7 366.2 357.4 350.3 338 327.9 322.2 317.4 311.9 305.2 299.9 295.4 291.5 288.5 286.6 284.7 283.1 281.7 280 276.8 271.9 272.9 276.1 275.7 274.9 274.6 274.5 273.5 273.4 274.9 277.4
444.5 456.3 469.1 475 483.1 483.3 476.8 465.1 444.5 425.2 410.7 398.8 385 371.9 363.7 347.4 360.8 369.2 382.2 398.5 416.7 429.1 437.6 439.3 438 435.3 430.2 427.2 420.1 414.6 408.6 404 395.8 390.4 384 377.9 370.9 365.7 362.9 359.9 356.7 355.4 357.2 359.4 359.4 361.8 365.5 369.1 367.7 361.7 352.7 342.6 330.2 321.8 315.7 310.1 304.2 298.7 295 290.1 287.1 283.2 281.5 280.6 278.8 277.6 276.2 270.1 271.8 273.6 273.4 273.1 272.9 272.6 271.5 271.2 271.5 274.2
434.3 445.2 457.2 464.8 468.4 469.5 460.7 448 430.5 415.5 404.6 393 379.9 368.7 361.3 355 356.1 364.3 376.5 391.6 410.3 422.5 433.1 437.6 440.6 442.2 438.9 434 428.5 425.5 418 412 403 393.4 387 381.6 369.9 358.1 356.5 353.7 350.8 347.3 349.6 350.3 354.3 356.7 359.8 363.1 363 357.9 350 344.6 332.2 324 316.6 308.7 303.7 300.4 292.8 288.7 285.5 283.1 281.7 280.4 278.6 276.2 274.2 269.1 270.5 270.4 270.7 271 270.8 270.2 269.7 269.7 269.6 270.2
425.3 436.2 448.5 452.9 457.5 454 446 433 419.3 406.9 395.8 385.1 374.6 365.6 359 345 353.9 360.1 369.7 385.3 402.1 414.7 425 432 439.7 442.4 441.5 438.6 437.4 433 423.1 413.8 405 395.4 386.9 378.9 369.7 361.1 353.9 341.4 343.5 339.6 341 342.6 346.8 349.1 350.8 354 354.3 353.2 347.6 343.4 335.9 328.6 317.2 308.4 305.3 300.5 295.2 290.8 286.9 283 281 279.6 277.3 275.2 273.4 268.2 266.4 267.6 267.9 268.5 268.6 268.3 268.2 268.1 268 268
414.7 427.1 435.1 441 441.7 438.8 431.8 421.5 407.7 396.5 387.5 377.5 368.7 362.1 356.7 342.6 350.4 355 362 377.7 392.4 405.8 416.2 425.2 432 437.9 441 442.4 440.5 433.4 423 413.3 403.1 393.4 384.2 374.2 364.3 355.3 348.7 343.2 337.9 329.4 333.1 334.9 336.6 340.1 340.5 344.7 346.2 346.7 343.8 338.2 334.3 327.8 317.2 310.3 305.9 301.2 297.7 294.1 287.9 282.6 280 278 275.5 274.4 272.8 271.4 266.3 265.1 266 266.6 266.8 266.4 266 265.7 265.6 265.7
404.1 418.1 425 427.1 429.7 425.2 418.4 409.2 397 384.8 376.4 367.8 360.9 356.6 353.5 339.3 343.9 350.1 357.7 369.8 383.4 396.2 406.6 417.2 424.3 432.4 439.8 443.9 440.2 430.8 421.8 410.8 402.4 391.1 379.3 366.8 357.8 350.6 344.4 339.5 334.5 329.7 324 327.2 330.7 331 330.3 331.8 333.7 335.6 336.7 334.7 329.4 323 318.5 310.8 306.2 301.2 296.1 292.3 288.1 284.2 281.7 279.5 277.4 274.6 273.1 271.3 270 265.2 262.9 264.5 265.2 264.5 264.4 264.1 263.7 262.7
396.3 411.5 416.4 419.6 417.3 410.6 402.8 393.2 382.7 373.1 366.8 360.5 352.9 350.6 347.9 345.2 335.5 347 353.1 361.7 376.2 388 398 407.8 418.5 427 436.1 440.8 439.3 429.8 420.8 409.3 396.2 385.4 371.7 359.7 350.8 346.1 341.2 337.2 332.8 328.6 323.5 318.4 320.2 323.3 324.2 324.4 323.4 323.2 325.1 327.2 323.2 318.5 314.7 309.9 306.2 301.1 298.5 293.2 287.2 284.8 281.4 279.1 276.6 273.5 270.6 270.3 269 267.4 262.3 260.5 263.7 263 262.2 262.2 262 261.3
387.1 395.9 403.2 404 401.9 397 386.7 378 371.6 362.6 358 353.2 345.1 343 342.5 336.7 332.5 345.1 348.8 356.1 367.8 380.3 390.5 401 411.2 421.9 431 434.4 433.1 427.3 418 404.2 386.8 374.7 363 353.8 347.8 343.9 339 335.2 331 326.2 322 316 312.3 313.2 315 316 316.3 314.1 317.5 317.2 317.2 314.4 310.3 307.9 303.7 299.8 295.5 293.5 288.9 285.3 281.4 278.9 276.4 273.6 271.6 268.1 266.2 264.9 263.1 258.3 259.5 261.8 260.5 260.2 260.4 259.9
370.1 378.3 382.1 385 385.2 379.7 373 367 360.8 354.5 349.4 342.7 338.8 337.3 335.4 328 340.4 343.5 346.1 351.2 361.3 373.1 384.7 395.8 406.2 417.5 425.3 428.1 426.5 421.3 410.5 396.1 381.4 369 359.7 352 346.1 341.7 337.6 333.5 327.1 322.2 317.2 312.9 309.4 306.8 308.5 308.5 308.9 308.3 306.9 308.8 308.2 306.7 303.2 301.1 299.7 295.8 293.9 294.4 289.9 284.2 279.8 276.8 274.1 271.4 269.3 267.6 265.9 265.4 263.5 255.9 259.2 258.8 258.4 258 258.1 257.8
356.3 360.7 366 364 364.3 362.1 357.3 354.2 349.9 344.9 340.1 335.6 334.2 333.8 329.8 322.9 338.5 341.3 344.7 348.9 357.6 369.6 380.5 391.1 401.7 412.5 420.5 424 422.9 416.3 401.6 388.9 373.5 363 355.9 347.5 343 338.8 331.7 328 323.3 319.1 315 310.1 305.7 301.2 301.4 300.9 300.7 300.9 299.7 302.5 301.2 299.2 297.2 295.3 293.1 291.1 288.7 287.8 286.6 283.4 281.5 276.7 273.4 269.3 267 265.8 263.9 263 261.7 261.4 254.3 255.4 256.1 256.1 255.7 256.2
340.1 342 341.5 339.6 341.8 344.7 344.5 341.1 340.7 336.2 333.3 331.3 329.8 328 330 321.3 336.4 339.1 341.8 345.3 353.4 365.6 376.8 387.7 398.6 409.5 417 423.3 422 415.1 402.7 388.9 374.2 362.5 354.2 348.2 342.8 338 331.3 327.5 323.9 320.4 315 308.8 303.1 297.8 297.9 295.2 293.6 292.3 292.4 292.8 294 291.9 289.6 288.3 287.4 286.2 285.4 283 280.7 281.2 282.2 275.8 273.6 271 267 264.1 261.8 260.1 258.7 258.4 258.2 253.6 252.7 254.2 254.1 253.9
329.3 329.9 328.5 327.6 328.7 329.8 331.2 332.3 330.2 329.3 326.4 326.5 327.9 329.7 328.8 318.2 334.3 335.5 338 340.6 348.7 360.7 372 384.1 395.4 408 417.7 425.7 427.8 423.1 412.7 399.4 384.9 370.9 356.2 349.5 344.4 339.2 335.6 331.6 327.4 323 320.1 314.9 305.7 301.5 297.1 291.8 291.8 289.6 287.8 287.3 287.2 285.4 283.9 281.3 281.9 280.4 281.4 281.3 278.6 276.5 276.1 276.3 272.8 270 267.1 264.5 261.8 259.1 257.5 256.1 255.1 254 249.9 249.5 252.8 252.2
319.9 320.1 320.4 319.9 318.9 316.4 319.6 323.6 322.5 321.8 319.4 321.5 324 326.4 329 315.2 330.8 330.9 332.9 335.7 345 357.4 369.2 382.3 395 407.7 420.1 429.3 433.6 430.5 421.2 410 396.4 383.1 366.4 354.8 347.9 343.6 339.7 334.6 329.1 326 323 318.6 312.9 306.6 300.7 295.4 291.5 286.2 284.9 283.9 282.9 281.1 278.8 277.4 276.2 276 276.2 276.6 275 273.9 272.2 271.6 270.7 267.8 264.8 264.4 261.8 258.8 256.4 255.6 254.2 253.5 250.6 247 251.2 251
313.9 314.1 313.6 312.1 311.5 311.1 311.6 313.7 315.8 316.6 317.1 318.4 320 321.9 324.4 317.7 324.3 326.5 327.5 331.3 341.5 354.9 367.6 381.9 395.7 409.7 421.8 433.5 439.5 438.5 432.1 421.6 409.2 396.8 378.9 363.1 353.6 349.1 344.4 336.7 332.9 328.7 323.7 320.4 316.4 310.8 304 299 293.9 290.8 286.8 281.2 279.2 277.2 277.4 275.4 273.8 272.8 272.3 272.4 271.6 270.8 268.6 268.5 267.2 266.4 264.8 263.3 261.6 258.9 254.9 254.4 253.2 253.1 251.8 246.5 249.8 249.5
307.4 308.7 308.6 308.5 309 309.2 309 308.8 310 311.6 312.4 313.5 315.4 316.8 319.2 306.6 315 322.9 324.3 329.3 337.6 351.2 365.8 380.5 395.8 411 423.4 435.6 445.6 445.9 442.8 436 424 410.8 394 374.7 362.3 356.1 351.7 344.6 338 333.5 329.5 325 319.6 313.3 306.8 301.4 297.2 293 289 285 280.4 277.8 275.5 273.4 272 271.1 270.2 269.3 270 269.9 267.6 265 264.2 265.4 261.9 261.2 259.8 257.9 255.7 252.6 251.7 252 251.2 245.2 246.7 248.8
299.3 299.6 302 305.2 306 306.3 306.6 306.6 306.8 307.4 309 310.6 310.7 312.1 311.8 313.9 310.9 320 321.7 326.2 335.6 348 362.6 377.9 394.3 410.8 424 435.5 447.6 454.4 453.3 447.5 438.5 426.4 409.2 387.6 370.4 364.3 357.8 352 345.7 340.5 334.4 328.3 324.2 317.8 312.2 305 300.7 295.3 291.3 287.4 282.9 278.2 275.9 273.6 271.4 269.3 268.3 265.7 266.4 266.8 265.8 264.4 263.8 261.8 258 257.4 256 255 253.8 252 250.6 249 248.5 242.7 246.8 247.9
