UK/data/ng/ng09_OST50GRID_20230518/NG09.asc
ncols 200
nrows 200
xllcorner 100000
yllcorner 890000
cellsize 50
[rows 36 to 71 of 200, columns 82 to 163 of 200]
-2.2 -2.2 -2.2 -2.2 -2.2 -2.2 -2.2 -2.2 -2.2 -2.2 -2.2 -2.2 -2.2 -2.2 -2.2 -2.2 -2.2 -2.2 -2.2 -2.2 -2.2 -2.2 -2.2 -2.2 -2.2 -2.2 -2.2 -2.2 -2.2 -2.2 -2.2 -2.2 -2.2 -2.2 -2.2 -2.2 -2.2 -2.2 -2.2 -2.2 -2.2 -2.2 -2.2 -0.8 0.1 1.1 1.7 1.7 1.7 1.6 1.4 1.1 0.8 0.5 0.3 0 -0.3 -0.6 -0.9 -1.2 -1.5 -1.8 -2.2 -2.2 -1.8 -1.3 -0.9 -0.5 -0.1 0.3 0.6 0.8 0.8 0.7 1 1.5 7.6 11.9 18.4 26.1 23.7 23.2
-2.2 -2.2 -2.2 -2.2 -2.2 -2.2 -2.2 -2.2 -2.2 -2.2 -2.2 -2.2 -2.2 -2.2 -2.2 -2.2 -2.2 -2.2 -2.2 -2.2 -2.2 -2.2 -2.2 -2.2 -2.2 -2.2 -2.2 -2.2 -2.2 -2.2 -2.2 -2.2 -2.2 -2.2 -2.2 -2.2 -2.2 -2.2 -2.2 -2.2 -2.2 -2.2 -1.5 -0.5 0.5 1.5 1.7 1.7 1.7 1.5 1.3 1 0.7 0.4 0.2 -0.1 -0.4 -0.6 -0.9 -1.2 -1.5 -1.7 -2.2 -2.2 -2.2 -1.6 -1.1 -0.7 -0.4 0 0.2 0.3 0.2 0.1 0.3 0.7 1.4 8.1 14.9 23.5 18.1 17.7
-2.2 -2.2 -2.2 -2.2 -2.2 -2.2 -2.2 -2.2 -2.2 -2.2 -2.2 -2.2 -2.2 -2.2 -2.2 -2.2 -2.2 -2.2 -2.2 -2.2 -2.2 -2.2 -2.2 -2.2 -2.2 -2.2 -2.2 -2.2 -2.2 -2.2 -2.2 -2.2 -2.2 -2.2 -2.2 -2.2 -2.2 -2.2 -2.2 -2.2 -2.2 -2.2 -1.3 -0.3 0.8 1.7 1.7 1.7 1.7 1.5 1.2 0.9 0.7 0.4 0.1 -0.2 -0.4 -0.7 -1 -1.2 -1.5 -1.7 -2 -2.2 -2.2 -1.8 -1.4 -1 -0.7 -0.4 -0.2 -0.3 -0.3 -0.5 -0.4 -0.2 0.6 1.5 11 19 9.2 11.7
-2.2 -2.2 -2.2 -2.2 -2.2 -2.2 -2.2 -2.2 -2.2 -2.2 -2.2 -2.2 -2.2 -2.2 -2.2 -2.2 -2.2 -2.2 -2.2 -2.2 -2.2 -2.2 -2.2 -2.2 -2.2 -2.2 -2.2 -2.2 -2.2 -2.2 -2.2 -2.2 -2.2 -2.2 -2.2 -2.2 -2.2 -2.2 -2.2 -2.2 -2.2 -2.2 -1 0.1 1.1 1.7 1.7 1.7 1.7 1.4 1.2 0.9 0.6 0.4 0.1 -0.2 -0.5 -0.8 -1 -1.3 -1.6 -1.9 -2.1 -2.2 -2.2 -2.2 -1.7 -1.3 -1 -0.8 -0.8 -0.8 -0.9 -1.1 -1 -1 -0.6 0.1 1.3 9.2 2.8 6.3
-2.2 -2.2 -2.2 -2.2 -2.2 -2.2 -2.2 -2.2 -2.2 -2.2 -2.2 -2.2 -2.2 -2.2 -2.2 -2.2 -2.2 -2.2 -2.2 -2.2 -2.2 -2.2 -2.2 -2.2 -2.2 -2.2 -2.2 -2.2 -2.2 -2.2 -2.2 -2.2 -2.2 -2.2 -2.2 -2.2 -2.2 -2.2 -2.2 -2.2 -2.2 -2.2 -0.7 0.3 1.4 1.7 1.7 1.7 1.7 1.4 1.1 0.8 0.5 0.2 0 -0.3 -0.6 -0.9 -1.1 -1.4 -1.7 -2 -2.2 -2.2 -2.2 -2.2 -2.2 -1.7 -1.4 -1.3 -1.3 -1.4 -1.4 -1.7 -2.2 -2.2 -2.2 -2.2 -2.2 -2.2 -2.2 -2.2
-2.2 -2.2 -2.2 -2.2 -2.2 -2.2 -2.2 -2.2 -2.2 -2.2 -2.2 -2.2 -2.2 -2.2 -2.2 -2.2 -2.2 -2.2 -2.2 -2.2 -2.2 -2.2 -2.2 -2.2 -2.2 -2.2 -2.2 -2.2 -2.2 -2.2 -2.2 -2.2 -2.2 -2.2 -2.2 -2.2 -2.2 -2.2 -2.2 -2.2 -2.2 -1.3 -0.3 0.7 1.7 1.7 1.7 1.7 1.7 1.4 1 0.7 0.4 0.1 -0.1 -0.4 -0.7 -1 -1.2 -1.5 -1.8 -2.1 -2.2 -2.2 -2.2 -2.2 -2.2 -2.2 -1.8 -1.8 -1.9 -1.9 -2.2 -2.2 -2.2 -2.2 -2.2 -2.2 -2.2 -2.2 -2.2 -2.2
-2.2 -2.2 -2.2 -2.2 -2.2 -2.2 -2.2 -2.2 -2.2 -2.2 -2.2 -2.2 -2.2 -2.2 -2.2 -2.2 -2.2 -2.2 -2.2 -2.2 -2.2 -2.2 -2.2 -2.2 -2.2 -2.2 -2.2 -2.2 -2.2 -2.2 -2.2 -2.2 -2.2 -2.2 -2.2 -2.2 -2.2 -2.2 -2.2 -2.2 -2.2 -1 0 1 1.7 1.8 1.8 1.7 1.7 1.4 1 0.7 0.4 0 -0.2 -0.5 -0.8 -1.1 -1.4 -1.6 -1.9 -2.2 -2.2 -2.2 -2.2 -2.2 -2.2 -2.2 -2.2 -2.2 -2.2 -2.2 -2.2 -2.2 -2.1 -2.2 -2.1 -2.2 -2.2 -2.2 -2.2 -2.2
-2.2 -2.2 -2.2 -2.2 -2.2 -2.2 -2.2 -2.2 -2.2 -2.2 -2.2 -2.2 -2.2 -2.2 -2.2 -2.2 -2.2 -2.2 -2.2 -2.2 -2.2 -2.2 -2.2 -2.2 -2.2 -2.2 -2.2 -2.2 -2.2 -2.2 -2.2 -2.2 -2.2 -2.2 -2.2 -2.2 -2.2 -2.2 -2.2 -2.2 -2.2 -0.7 0.2 1.2 1.8 1.8 1.9 1.9 1.9 1.4 1.1 0.7 0.3 0 -0.3 -0.6 -0.9 -1.2 -1.5 -1.7 -2 -2.2 -2.2 -2.2 -2.2 -2.2 -2.2 -2.2 -2.2 -2.2 -2.2 -2.2 -2.2 -1.8 -1.7 -1.7 -1.8 -1.9 -2.1 -2.2 -2.2 -2.2
-2.2 -2.2 -2.2 -2.2 -2.2 -2.2 -2.2 -2.2 -2.2 -2.2 -2.2 -2.2 -2.2 -2.2 -2.2 -2.2 -2.2 -2.2 -2.2 -2.2 -2.2 -2.2 -2.2 -2.2 -2.2 -2.2 -2.2 -2.2 -2.2 -2.2 -2.2 -2.2 -2.2 -2.2 -2.2 -2.2 -2.2 -2.2 -2.2 -2.2 -1.4 -0.4 0.5 1.5 1.8 1.9 1.9 2 1.8 1.4 1 0.7 0.3 0 -0.4 -0.7 -1 -1.3 -1.6 -1.8 -2.1 -2.2 -2.2 -2.2 -2.2 -2.2 -2.2 -2.2 -2.2 -2.2 -1.6 -1.7 -1.5 -1.3 -1.2 -1.4 -1.6 -1.7 -1.8 -1.9 -2 -2.1
-2.2 -2.2 -2.2 -2.2 -2.2 -2.2 -2.2 -2.2 -2.2 -2.2 -2.2 -2.2 -2.2 -2.2 -2.2 -2.2 -2.2 -2.2 -2.2 -2.2 -2.2 -2.2 -2.2 -2.2 -2.2 -2.2 -2.2 -2.2 -2.2 -2.2 -2.2 -2.2 -2.2 -2.2 -2.2 -2.2 -2.2 -2.2 -2.2 -2.2 -1.1 -0.2 0.8 1.7 1.8 1.9 2 5.5 1.7 1.4 1 0.6 0.3 -0.1 -0.4 -0.8 -1.1 -1.5 -1.7 -2 -2.2 -2.2 -2.2 -0.5 -0.7 -1.1 -1.2 -1.2 -1.2 -1.1 -1.1 -1.2 -1 -0.9 -1 -1.2 -1.3 -1.4 -1.5 -1.6 -1.7 -1.9
-2.2 -2.2 -2.2 -2.2 -2.2 -2.2 -2.2 -2.2 -2.2 -2.2 -2.2 -2.2 -2.2 -2.2 -2.2 -2.2 -2.2 -2.2 -2.2 -2.2 -2.2 -2.2 -2.2 -2.2 -2.2 -2.2 -2.2 -2.2 -2.2 -2.2 -2.2 -2.2 -2.2 -2.2 -2.2 -2.2 -2.2 -2.2 -2.2 -2.2 -0.8 0.1 1.1 1.8 1.9 2 5.2 5.8 1.7 1.5 1.1 0.7 0.4 0 -0.4 -0.8 -1.1 -1.5 -1.9 -2.2 -2.2 -2.2 0.1 1 0.7 0.1 -0.1 -0.3 -0.5 -0.3 -0.6 -0.8 -0.6 -0.5 -0.7 -0.9 -1 -1.1 -1.2 -1.4 -1.5 -1.6
-2.2 -2.2 -2.2 -2.2 -2.2 -2.2 -2.2 -2.2 -2.2 -2.2 -2.2 -2.2 -2.2 -2.2 -2.2 -2.2 -2.2 -2.2 -2.2 -2.2 -2.2 -2.2 -2.2 -2.2 -2.2 -2.2 -2.2 -2.2 -2.2 -2.2 -2.2 -2.2 -2.2 -2.2 -2.2 -2.2 -2.2 -2.2 -2.2 -1.3 -0.4 0.5 1.3 1.8 1.9 4.5 3.8 5.1 1.8 1.6 1.2 0.8 0.5 0.1 -0.3 -0.7 -1 -1.3 -1.7 -2.2 -2.2 2.3 4.8 9 1.7 1.3 1 0.5 0.1 0.2 -0.1 -0.3 -0.2 -0.2 -0.5 -0.6 -0.7 -0.9 -1 -1.1 -1.2 -1.3
-2.2 -2.2 -2.2 -2.2 -2.2 4.7 5.1 1.7 -2.2 -2.2 -2.2 -2.2 -2.2 -2.2 -2.2 -2.2 -2.2 -2.2 -2.2 -2.2 -2.2 -2.2 -2.2 -2.2 -2.2 -2.2 -2.2 -2.2 -2.2 -2.2 -2.2 -2.2 -2.2 -2.2 -2.2 -2.2 -2.2 -2.2 -2.2 -1 -0.1 0.8 1.7 1.9 7.5 4.5 5.4 3.7 6.3 1.7 1.3 0.9 0.6 0.2 -0.1 -0.4 -0.8 -1.1 -1.8 -2.2 -2.2 -2.2 7.2 6.9 6.1 4.1 3.9 1.3 0.9 0.6 0.3 0.1 0.2 0 -0.2 -0.3 -0.5 -0.6 -0.7 -0.8 -1 -1.1
-2.2 -2.2 6.3 10.4 14.1 19.7 15.3 15.3 -2.2 -2.2 -2.2 -2.2 -2.2 -2.2 -2.2 -2.2 -2.2 -2.2 -2.2 -2.2 -2.2 -2.2 -2.2 -2.2 -2.2 -2.2 -2.2 -2.2 -2.2 -2.2 -2.2 -2.2 -2.2 -2.2 -2.2 -2.2 -2.2 -2.2 -1.5 -0.7 0.2 1.1 1.8 6.5 9.2 3.5 3.7 4.6 3.9 3.1 1.5 1.2 0.8 0.5 0.2 -0.2 -0.5 -1.1 -1.9 -2.2 -2.2 -2.2 -2.2 -2.2 5.6 5.9 5.9 2.3 1.4 1 0.7 0.5 0.5 0.2 0 -0.1 -0.2 -0.3 -0.4 -0.6 -0.7 -0.8
13 12.8 18.5 19.8 25.2 28.1 24.9 22.6 16 -2.2 -2.2 -2.2 -2.2 -2.2 -2.2 -2.2 -2.2 -2.2 -2.2 -2.2 -2.2 -2.2 -2.2 -2.2 -2.2 -2.2 -2.2 -2.2 -2.2 -2.2 -2.2 -2.2 -2.2 -2.2 -2.2 -2.2 -2.2 -2.2 -1 -0.3 0.5 1.4 1.9 10.8 7.2 6.7 5.7 4.4 5.6 4.5 2 1.4 1.1 0.7 0.4 0.1 -0.5 -1.3 -2.1 -2.2 -2.2 -2.2 -2.2 -2.2 1.5 7.7 6.2 6 2.8 1.4 1 0.9 0.8 0.5 0.3 0.2 0.1 0 -0.2 -0.3 -0.5 -0.6
23.3 21.3 25.4 29.9 34.1 36.2 31.3 26.1 18.6 -2.2 -2.2 -2.2 -2.2 -2.2 -2.2 -2.2 -2.2 -2.2 -2.2 -2.2 -2.2 -2.2 -2.2 -2.2 -2.2 -2.2 -2.2 -2.2 -2.2 -2.2 -2.2 -2.2 -2.2 -2.2 -2.2 -2.2 -2.2 0.3 0.3 0.5 0.9 1.7 8 8.2 5.2 5.4 5.3 4.3 4.3 3.3 4.4 1.7 1.3 1 0.7 0.2 -0.6 -1.4 -2.2 -2.2 -2.2 -2.2 -2.2 -2.2 2.5 7.6 9.7 7.5 5.1 2.2 1.4 1.3 1 0.7 0.6 0.5 0.4 0.2 0 -0.1 -0.2 -0.3
33.2 33.7 34.1 38.9 45.6 40.4 35.2 29.2 21.1 -2.2 -2.2 -2.2 -2.2 -2.2 -2.2 -2.2 -2.2 -2.2 -2.2 -2.2 -2.2 -2.2 -2.2 -2.2 -2.2 -2.2 -2.2 -2.2 -2.2 -2.2 -2.2 -2.2 -2.2 -2.2 -0.2 5.3 8 6.4 1.7 1.7 1.7 3.6 7.8 6.8 5.8 5 4.8 4.3 3.8 3.3 4 2.9 1.6 1.2 0.8 0 -0.8 -1.5 -2.2 -2.2 -2.2 -2.2 -2.2 3.4 11.6 10 11.1 7.7 6.9 4.2 1.8 1.5 1.2 1 0.9 0.7 0.6 0.4 0.3 0.2 0.1 -0.1
39 45 41.9 45.4 44.4 39.2 38 32.1 23.5 4.6 -2.2 -2.2 -2.2 -2.2 -2.2 -2.2 -2.2 -2.2 -2.2 -2.2 -2.2 -2.2 -2.2 -2.2 -2.2 -2.2 -2.2 -2.2 -2.2 -2.2 -2.2 -2.2 -2.2 -0.3 0.4 5.9 8.4 3.9 1.7 1.7 3.2 5.8 7.6 10.5 9.4 5.4 4.4 3.9 3.3 3.5 3.4 3.9 1.7 1.5 0.7 -0.1 -0.9 -1.7 -2.2 -2.2 -2.2 -2.2 -2.2 6.8 7.7 8.8 8.4 7.4 7.4 5.9 2.2 1.7 1.4 1.2 1.1 0.9 0.8 0.7 0.6 0.4 0.3 0.1
42.7 49.8 51.8 50.8 46.4 49.8 45.7 36.6 26.4 11.6 -2.2 -2.2 -2.2 -2.2 -2.2 -2.2 -2.2 -2.2 -2.2 -2.2 -2.2 -2.2 -2.2 -2.2 -2.2 -2.2 -2.2 -2.2 -2.2 -2.2 -2.2 26.3 24.6 14.5 5.1 11.5 9.6 9 1.7 2.5 5.4 5.7 6.4 13.5 17.6 7 3.8 3.2 3 3 3.2 3 2.6 1.6 0.4 -0.2 -1 -1.8 -2.2 -2.2 -2.2 -2.2 8.3 9.8 9.5 10.1 9.9 10.7 10 8.6 8.9 3.6 1.7 1.5 1.3 1.2 1.1 0.9 0.8 0.7 0.5 0.4
45.3 55.1 57.8 55.9 52.7 53.6 49.3 41.1 32.1 22 -2.2 -2.2 -2.2 -2.2 -2.2 -2.2 -2.2 -2.2 -2.2 -2.2 -2.2 -2.2 -2.2 -2.2 -2.2 -2.2 -2.2 -2.2 -2.2 24.9 35.6 41.4 41.5 37.4 26.6 22.1 15.6 15.5 13.8 15 6.5 6.4 4.1 9 12.7 7.2 3.1 2.9 2.7 2.5 2.6 2.4 2 0 -0.8 -1.1 -2.2 -2.2 -2.2 -2.2 -2.2 7.9 11.1 15.6 14.5 14.7 14.5 16.1 12.3 11.5 10.9 7.1 2 1.7 1.5 1.4 1.3 1.2 1.1 1 0.8 0.6
46.6 56.7 58.3 53.2 50.3 49.1 46.8 41.2 29.5 23.3 -2.2 -2.2 -2.2 -2.2 -2.2 -2.2 -2.2 -2.2 -2.2 -2.2 -2.2 -2.2 -2.2 -2.2 -2.2 -2.2 14.7 27.9 37.8 36.1 40.1 49.1 54.2 56.7 54.5 38.9 28.4 24 20.9 22.3 17.4 12 9.6 5.9 10.4 9.1 2.8 2.6 2.4 2.3 2 1.8 -2.2 -2.2 -2.2 -2.2 -2.2 1.6 0.9 0.8 6.1 11 18.2 20 16.6 19.4 18.5 15.6 15.7 16.1 14.4 6.3 7.5 3.5 1.7 1.7 1.6 1.4 1.3 1.2 1.1 0.8
42.4 48.6 49.8 46.3 43.2 43.2 40.7 38.4 26.8 20.2 1.2 -2.2 -2.2 -2.2 -2.2 -2.2 -2.2 -2.2 -2.2 -2.2 -2.2 -2.2 -2.2 0.2 1.5 15.4 26.5 32.1 37.8 43.3 47.1 56.8 63.6 69.9 66.7 59.6 45.3 33.1 28.7 25.3 23.5 14 10.2 9 11.8 7 2.8 2.3 2.2 2 1.7 -2.2 -2.2 0.4 1.7 8.2 15.7 16 13.1 13.4 16.7 26.8 24.9 29.7 29.9 28.8 26.4 22.4 19.5 18.6 16 9.2 9.2 6.9 2.3 1.7 1.7 1.7 1.6 1.5 1.3 1.1
35.7 34.9 36.6 37.3 38.7 39.1 36.7 33.1 24.8 15.5 1.4 0.2 -2.2 -2.2 -2.2 -2.2 -2.2 -2.2 -2.2 -2.2 -2.2 -2.2 15.1 17.4 20.4 29.8 43.4 43.6 54.7 64.1 66.5 65.7 75.4 78.2 76.1 70.1 57 40.3 33.2 28.2 27.6 20.8 13.8 7.4 13.1 6.9 2.9 2.4 1.9 -2.2 -2.2 -2.2 -2.2 7.4 13 19.8 26.8 33.5 34.4 30.8 30.8 38.6 43.7 44 41.2 41 33.1 28.6 24.8 23.1 21.2 14.9 7.4 9.7 8.2 3.9 3 3.1 3.1 2.9 1.6 1.3
23.4 28 28.1 29.9 33 33.8 28.9 22.8 17 10.7 1.7 1.7 1.2 0.4 -0.1 -0.4 -2.2 -2.2 -2.2 0.3 1.7 17.4 22.6 28.3 36.9 49.4 59.8 60 64.1 75.1 80.2 83.8 84.9 85.5 79.5 72.1 64.1 47.2 38.7 32.4 25.5 21.7 18.3 9.3 10.2 7.2 5 2.3 -2.2 -2.2 1.8 2.4 6.8 16 21.8 27.7 37.9 41.5 44.6 45.5 49 46 49.1 51.9 50.7 48.6 45.4 41.3 37.6 35.6 33.7 24.6 13.3 9.4 9.2 8.6 4.5 5.5 3.1 2.8 2.1 1.7
15.4 16.6 19.6 23.1 27.2 26.5 24 21.2 13.3 1.7 3.7 4.1 3.9 4.1 5.6 5.7 6 7.8 10.7 11.4 12.6 18.4 26.7 34.6 43 51 61.1 73.1 69.8 77.2 86.8 93.3 92.4 93.5 80 72.6 66.6 54.3 42.1 38.5 27.2 26.4 25.1 14.4 10.3 8.7 6.3 -2.2 -2.2 1.9 2.2 2.4 10.6 19.8 24.7 31.7 39.6 52.6 57.7 63.6 66.2 68.5 61.2 57.7 58.3 57.4 58.4 55.4 51.7 46.6 45.8 42.1 29.1 17.4 16.4 8.7 4.6 5.1 4.1 3 2.6 2.2
18.1 16.3 17.6 17.4 19.8 20.4 18.1 15.7 11.2 2.3 4.9 5.6 3.2 6.9 10.5 11.8 11.1 11.1 9.5 9.3 14.3 20.4 27.1 35.9 45.8 55.1 65.8 74.4 70.4 77.8 88.6 91.5 89.6 86.5 76.7 65.7 60.7 53.9 42.2 36.7 32.5 28.3 27.9 22.4 11.8 9.2 7.6 -2.2 -2.2 2.6 3 5.6 13.4 22.1 30 37.4 48.6 61.2 64.5 72.6 79.8 84.7 87.9 77.3 69 67.2 74.8 76.1 65.3 61.7 56 53.6 41.2 27.3 23.7 19.5 7.9 5.9 5.1 3.6 3.2 2.7
13.5 15.4 25.7 22.5 18.3 15.7 16.3 11.8 9.2 1.7 2.6 2.8 3.1 5.8 8.4 5.3 6.9 4.9 7.6 11.6 12.8 21.1 30.7 42.6 53.1 58.3 59.3 66.3 69.7 81.4 88.2 88.1 81.9 83.2 74.5 69 60.7 50.6 42.7 39.9 38.7 34.7 28.5 24.9 16.3 13.4 8.1 -2.2 6.3 7.5 6.5 10.9 16.5 29.1 43.7 47.6 54.1 66.9 77.2 88.4 92.8 95.6 100.9 93.2 89.3 93.3 90.5 87 81.9 82.1 73.2 61.8 51.9 39 33.4 24.2 12.9 9.8 7.5 4.4 2.8 2.5
16.4 21.8 23.2 23.5 22.9 18.7 17 17 8.1 6.8 7.3 6.8 2.6 9.3 7 4.6 4.9 4.5 7.7 8.9 8.6 14.8 20.2 33.9 45.8 52 61.3 69.8 77.7 86.6 91.7 91.3 80.7 75.8 74.2 68.5 59.5 51.7 44 43.3 44.7 38.3 32.4 27.1 17.6 16.1 13.8 10.1 10.2 10.6 14.8 14 19.7 34.1 50.1 59 61.4 73.2 81.9 93.6 98.9 104 107.9 105.8 107.3 103.1 107.5 111.6 99.9 94.8 91 74.7 60.4 46.3 43.3 29.6 22.5 12.2 9.7 6.5 3.8 4.3
17.5 10.8 14.9 17 19.7 17.6 16.5 12.3 10.2 9.4 11.6 11.2 2.8 9.4 9.4 6.3 4.4 5.4 5.7 5 5.7 11.9 15.4 26.8 38.8 49.9 58 72.6 84.1 83.7 88.2 82 75.8 73.2 70.9 64.7 56 50 45.9 46 47.7 42.9 35.5 29.7 19.2 18.2 17.5 14.7 13.4 16.3 19.4 20 24.6 35.9 48.6 61.6 68.8 76.6 91.3 99.4 107.8 117.5 117.9 118.6 120.2 127.1 128.7 123.3 119.5 106.1 98.8 90.5 71.1 53.9 46 35.6 27.4 18.1 10.7 7.5 2.9 2.6
12.9 12.9 15.3 21.2 21.8 21.2 22.6 19.6 20.2 18.8 16.8 10.4 5.1 5.3 8.2 5.5 4.7 4.7 4.5 4.6 4.3 5.7 10.3 21.9 30.4 42 52.2 64.9 73.2 75.2 81.9 77.9 78.3 75.6 74.7 67.5 61 55.9 52 49.5 49.9 46.5 41.6 33.5 23.5 22.4 22.9 18.5 18.5 19.9 23.2 24.2 26.9 38.5 49.1 63.4 75.3 82.8 93.3 102.8 113.2 127.2 130.6 133.7 134 137.6 134.6 136.1 132.8 124.7 109.6 95.5 81.2 61.9 50.6 43.7 32.4 22.4 15.3 7.1 2.9 2.5
9.6 14.2 20.6 23 23.7 25.6 25.1 28.5 31.2 24 20.4 13.5 6.4 4 7.5 4.9 3.9 4.2 3.9 4.7 4 4.3 5.4 15.8 23.6 33.3 42.7 52.7 61 69.1 76.6 77.1 76.8 77.3 74.7 70.9 65.4 58.1 56.4 51.2 50.6 49.2 45.5 39.7 24.9 30.8 26.5 24.5 24.1 25.5 31.1 34 34.7 41.9 51.4 72.1 81.8 89.8 101.1 110.7 123.4 136.1 143.4 148.5 155.6 154.1 150.5 147.9 145.3 133.6 123.4 101 87 68.6 53.9 50.8 35.4 29.6 17.1 6 3.1 2.1
10.5 16 20.3 21.2 27.6 32.9 36.4 40 37.1 32.9 27.2 20.3 11.8 4.7 6 5.5 3.9 4.8 4.6 4.3 4.3 4 7.5 19.6 30.9 37.2 46.3 56.5 64.6 73.1 77.1 81.7 81.2 80.8 77.6 73.5 69 64.7 59.9 55.1 53.6 50.3 46 44 32.8 32.6 31.5 30.3 29.7 29.8 36.6 41.6 42.5 42 57.7 73.5 87.1 99.8 106.9 117.5 137.7 149 156.4 165.1 172.6 174.4 173.5 167.2 158 148.4 128.5 109.9 94 76.9 61 51.8 42.4 34.7 24.3 7.4 2.9 1.8
21.8 25.5 30.9 33 38.6 43.3 45.2 49.2 47.2 42.7 37.4 28 15.1 5.9 3.7 4.2 4.9 4.3 4.1 4.4 4.4 4 13.5 23.9 33.9 41 51.9 60.6 69.4 74.5 86.6 83.8 85.4 84 85.7 79.3 74.1 67.7 65 57.8 55.3 50.9 47.9 44.4 36.5 36.5 33.8 32 33 33.5 36.7 45.5 49.3 48.3 56.4 68.3 83.6 106.5 120.5 131.3 142.9 155.7 164.2 179.8 184.5 185.1 180.9 178.2 170.2 155.8 134.9 116.9 99.4 84.8 67.6 58 47.7 39.2 27.5 15.6 3.1 1.7
37.3 42.1 45.1 48.8 58.9 61.8 57.3 56.8 55.4 55.1 44.8 34.3 23.5 11 4.4 4.5 4.7 4.2 3.7 4 3.9 5.4 16.8 27.1 36.7 45.4 55.4 66.8 75.8 83.4 92.4 93.4 92.1 87.8 87 84.6 81.8 76.9 68.7 64.3 58.3 53.4 51.5 45.6 40.2 40.8 38.3 34.4 35.8 38.1 39.7 45.3 53.9 52.5 54.9 68.3 90.6 113.5 127.2 144.3 160.5 166.3 176.4 190.9 194.6 187.4 185.3 182.5 172.6 159.7 141.5 122.1 105.6 90.8 74.2 61.2 52.6 42.4 28.3 14.9 5.9 5.6
50 55.6 58.2 65.1 68.8 67.7 64.7 62 67.5 64.6 54.4 41.4 29.4 15.4 5.2 5 4.3 4.4 4.2 4 4.2 7.8 19 31.3 41.8 49.6 59.3 68.8 81.3 90.7 100.1 101.6 104.2 96.6 94.6 88.3 83.5 80.7 72.8 69.2 63.7 56.2 54.2 47 42.3 41.5 41.7 38.3 37.2 39.4 42.5 47.1 52.5 55.2 57 70.2 94.1 119.5 130.9 142.7 164.3 177.7 192.6 197.5 198.4 200.4 196.2 191.8 180.6 161.7 147 128.8 110.3 95.2 81.1 64.5 56.3 47.9 32.8 24.1 11.4 7.1
58.7 69 69.5 77.1 79.3 74.9 73.2 68.2 69.3 66.8 58.8 48.7 35.6 21.7 12.3 5 4.1 4.6 4.3 4.3 4.9 8.4 18.9 32.2 42.8 51.3 62.3 73.5 89 99 108.9 110.1 114.7 109.4 101.4 96.6 94.3 86.7 81.6 73.9 64.5 59 55.6 51.4 42.7 40.2 43.9 40.5 40.1 40.8 43.8 48.2 52.3 56.7 58.6 72.6 97.7 115.6 131.3 144.6 164.8 185 198.4 205.4 207 205.7 202.1 195.5 185.5 168 150.8 131.2 117.5 100.7 86.7 70.9 61.3 48 39.8 29.7 15.8 10.6
