UK/data/nn/nn41_OST50GRID_20230518/NN41.asc
ncols 200
nrows 200
xllcorner 240000
yllcorner 710000
cellsize 50
[rows 35 to 69 of 200, columns 78 to 155 of 200]
130.6 130.1 129.9 129.7 129.4 129.2 129.1 129.6 129.1 128.8 128.7 129.1 129.1 129.1 128.8 128.2 127.6 128.2 128.1 127.2 127.7 127.9 127.9 127.8 127.9 128.1 128.2 128.2 128.1 128 127.6 127.8 128.1 128 128.3 129 137 157.1 172.9 187.1 199.5 224.3 247.6 267.8 286.3 304.2 322.7 338.8 357.6 384.4 407.8 423.9 454.4 480.2 500.6 507.1 499.7 484.7 439.8 424.2 425.9 434.3 476 509.3 534.7 538.1 537.4 526 520.1 490.9 467.2 477.4 463.8 452.9 444.1 430.2 431.3 430
130.7 130 129.8 129.6 129.2 129 129.3 129.6 129.4 128.9 128.9 129.1 129.3 129.2 128.5 128.4 128.1 127.6 127.6 128 128.1 128 127.9 127.8 127.8 128 128.3 128.3 128.1 127.9 128.1 128.5 128.3 129 133.7 142 156.7 172.1 185.6 199.6 223.3 246.5 269.3 288.9 309.4 327 349 366.9 381.8 412.7 437.1 463.8 488.8 499.9 521.7 531.6 510.7 494 463.8 443.9 460.9 470.8 511.8 546.1 554.8 572.1 548.3 539.5 523.7 498.8 484.7 496.2 482.2 486.3 467.9 457.3 460.8 456.9
130.9 130.2 129.7 129.4 129.2 129 129.1 129.2 129.3 128.7 128.8 129 129.5 129.3 128.6 128.4 128.6 128.3 128.1 128.2 128.3 128.1 128 128.1 127.7 128.1 128.9 128.8 128.5 127.9 128.2 132.7 135.1 137.6 147.9 159.2 172.1 183.1 195.6 217.4 244.2 267.2 288.9 308.7 331.3 358.8 385.6 404 411.7 437 465.5 492.5 518.3 523.8 538.8 542.7 543.7 546 497.5 493 507.3 505.8 539.1 572.4 590.2 598 576.6 548.8 536.2 509.9 512.2 517 506.8 515.9 500.5 489.7 495.8 490.6
130.4 130.1 129.8 129.5 129.2 128.9 128.7 128.7 128.8 129.1 129.5 128.8 129.6 129.4 130.4 130.5 129.2 129.6 129.4 129.2 129.5 129.6 129.1 129.5 129.1 129 132.1 133.6 136 134.5 131.2 136.2 144.8 151.7 159.4 168.5 182.8 194 213.2 237.9 262.2 284.7 306.5 329.2 354.8 389.7 417.2 441.1 458.2 469.7 504.5 521.5 529.6 541.1 557.8 567.3 578.7 554.6 512.2 542.1 561.1 535.9 575.1 609.9 618 623.4 604.6 561.5 545.2 530.6 545.7 542.1 539.7 532.7 526.6 520.2 531.1 516.1
131.6 131.1 130.1 130.2 130 130.1 129.5 129.4 129.9 129.8 129.8 129.3 130.7 133.7 135 135.4 136.4 138 139.6 140.7 141.1 143.1 144.1 143.8 144.9 146.7 149.8 153.2 153.6 151.2 146.2 143.2 151.5 160 169.7 179.3 192.5 205.9 228.4 253 276.2 297.9 320.2 345.7 376 407.4 441 469.2 487.7 497.8 526.2 544.8 553.7 566.3 579.2 588.5 587.3 567.6 566.2 589.7 606.5 571.6 599.8 631.1 642.3 637.7 615.1 576.3 564.9 556.4 569.5 564.6 560.5 570 557.3 544.4 545.2 543.8
133.6 132.1 131.6 130 130.3 131.8 132.4 134 136.6 137.3 139 142.2 143.5 144 146 150.5 153.2 156.9 158.4 160.7 163.3 165.8 166.5 162.9 166.1 169.3 171.8 172.5 169.1 167.2 158.9 156.8 157.4 164.3 174.3 184.7 200.3 216.8 237.9 261.9 285.9 306.6 328.7 352.8 384.8 418.9 450.5 478.7 497 517.5 542.6 558.9 571.4 580.1 592.4 605.7 611.5 600.9 621.2 627.6 629.2 611.3 647.5 655.9 659 648.1 613.8 600.7 595 584.9 592.6 584 586 582.8 575.4 571.5 563.4 557.4
136 135.2 135.4 134.2 135.8 137 140.1 146.6 150.3 151.7 153.7 157.5 161.9 164 166 169.1 172 176.9 181.9 184.1 189.2 191.4 190.7 187.7 187.2 189.8 189.5 191.4 187.8 182.5 172.4 167.8 166.5 164.4 177.7 191 206.8 225.3 245.2 268.2 291 313.2 333.4 358.4 396.4 431.3 459.6 489.3 508.4 530.2 551.1 565.4 581.7 587.1 600.8 615.3 625.3 641.8 656.8 661.9 656.8 650 675.2 674.7 673.2 657.8 637.2 628.3 612.4 612.6 611.1 604.5 605.2 608.8 592.9 585.6 576.5 565.3
140.9 140.3 139 141.1 146.9 151 156.7 159.9 165.4 169.5 172.5 178 183.8 186 187.2 193.6 196.3 201.3 204.3 206.6 212.1 214.5 215 213.3 212.9 211.3 209.9 210.9 208.3 200.3 187.3 181.5 178 174 179.9 194.8 208.9 225 246.4 269.8 292.3 316.1 338.3 363.8 402 437 457.3 484.8 507.9 529.2 550.9 568.9 579.5 591.6 606.5 620 633.3 661.3 677.1 678.3 675.4 682.5 684.8 684.3 680.3 673 671.2 663.5 633.1 639 644.8 636.1 629.9 623.8 617.7 596 584.6 578.7
147.4 148.4 148.7 154.2 160.6 167.8 173.2 179.1 185.2 192.1 195.6 199.7 203.8 208.5 209.9 215.3 220.1 223.7 228 231 235.6 237 237.9 234.8 232.8 232.1 231.6 230.1 226.6 219.2 208.4 200.3 194.5 193.5 184.6 193.5 208.5 222.6 242.8 268.3 292.3 316.1 339.1 363.2 396.5 434 453.9 474.2 501.3 518.3 541.1 562.5 572.9 591.1 601.3 619 646.8 663.6 676.3 682.2 682.5 687.1 694.3 694.1 690.1 691.6 683.8 674.2 664.6 670.9 667.4 657.5 647.7 638.1 627.5 612.6 604.7 603.4
155.7 160.3 163.4 168.3 176 184.1 192.9 200.7 207.1 214.4 218.5 222.4 227.3 231.6 233.8 240.8 246.8 250.3 254.8 258.1 260.4 261.3 261.2 257.1 254.3 250.9 247.1 246.1 242.8 238.5 230.2 222.7 215 207.8 196.2 192.7 207.3 221.4 238.7 262.9 287.3 312 335.1 358.5 385.9 421.1 440.8 460.9 485.1 507 529.8 549.4 569.3 577.5 591.7 613.3 642.1 663.2 668.2 677.8 680.7 685.7 689.7 692.7 695.4 694.1 685.4 678.5 679.2 681.1 680.7 668.8 662.4 651.5 646 631.5 623.4 626.7
166.7 173.7 176.8 182.4 193.7 202.3 211.9 220.8 229.3 237.2 240.7 244.6 253.4 258.1 260.7 268.4 273.4 276.7 280.9 283.1 284.1 284.7 284.2 281.7 277.2 273 268.3 262 256.9 254.3 249.4 242.3 233.4 221.2 210.2 201.9 206.9 220.2 233.6 254.5 279.4 304 326.8 346.1 371.5 401.8 424.3 443.5 468.3 490.4 519 548.6 550.6 555 575.3 603.6 626.8 648.5 660.5 665.2 672.7 685.7 692.2 698.7 698 693 684.7 677.5 684.4 683.8 687.3 681.4 670.4 664.5 656 645.3 641.5 634.8
178.6 185.9 193.3 198.6 209.7 219.1 229.7 242.7 251.7 258.3 263.8 271.9 279 284 289.1 293.9 297.8 301.4 307 308.9 308.8 307.5 305.4 303.6 299 295.6 290.8 284.9 276.8 270.8 265 258.1 249.3 238.6 226.5 212.3 206.4 217.9 231.1 245.6 270.8 292.4 315.3 335.9 359.5 382.7 404.2 428.9 455.1 475.6 504.9 535.2 519.8 530.4 560.2 585 609.7 626.5 642.1 654.5 668.8 681.4 688.8 692.5 691.8 688.3 681 676.6 684.2 685.8 688.8 682.9 676.2 664.2 656.8 649.1 633.7 621.9
189.1 198.9 208.2 215 224.5 238 251.5 263.3 272.8 280.5 289.5 297.1 302.1 310 317 321 330.5 331.9 339.7 337.7 338.6 331.5 326.9 324.8 321.1 315.7 309.8 304 296.8 289.5 279.5 269 261.6 251.4 239.1 223.9 207.8 213.6 228.6 242.7 261.2 284.4 307.2 328.7 343.7 364.8 386 413.4 437.2 460 484.6 495.2 492.6 522.1 535.7 562.9 589.1 611.7 628.1 646.5 660.8 673.1 680.8 685.7 684.6 682.5 679.5 672.5 679.2 681.4 689.9 682 674.4 668.4 659.7 646.1 632.7 614.8
198.5 209.4 218.6 227 240.8 255.7 269.7 282.6 292.8 300.3 315.3 326.1 331.3 341.4 349.7 356.1 358.6 361.1 364.8 365.8 359 351.4 349.3 344.3 338.1 331 323.8 318.1 312 304 292.4 277.6 269.9 260.9 248 232.8 217.7 217.7 224.7 239.8 256.4 276.7 298.6 320.8 339.4 356.8 373.1 394.8 421.6 436.7 455.6 466.1 469 484.6 517.9 558.3 584.2 600.9 612.6 633.9 649.5 661.5 668.2 675.1 680.2 678.3 671.6 667.8 674.1 673.7 681.8 680.5 677.3 669.1 654.2 638.8 627 611
207.6 218.1 227.9 239.1 255.8 271.1 285.2 299.5 312.7 324.9 342.8 356.1 368.1 385.8 399 393.3 390.8 393.6 404.2 404.1 386.1 378.3 371.9 360.6 351.2 342.3 332.9 328.1 322.2 314.6 303.6 290 277.2 267.2 253.7 238.1 226.7 225.3 223.2 235.9 251.1 266.7 290.2 312.4 329.9 346.1 361.5 378.2 389.1 400.9 426 422.4 442.3 490.1 504.4 537.2 561.1 587 602.5 618.7 637.2 650 660.4 665.7 667.8 667.8 664.8 664.3 667.6 671.7 680.5 681.9 676.9 663.2 647.8 639 620.6 594
211.8 227.2 237.2 251.8 268.6 282.8 293.2 313.5 331.8 349.9 373.7 397.5 418.4 440.2 434.5 428.6 431.2 436.8 439.6 428 421.5 414.2 404.1 382.1 364.7 355.5 344.2 336.3 330.9 322.2 310.4 296.2 282.5 269.9 256.8 239.7 232.5 233.2 231.3 232 246.2 263.7 284 301.6 318.1 332.2 343.9 354.3 361 373.7 399.4 426.9 483 518.6 528.8 528.5 538.5 566.8 587.2 608.8 624.2 638 648.7 654.7 657.7 657.9 659.2 662.3 666 674.9 682.1 683.7 680.7 668.8 649.4 619.9 602.1 581.9
219.5 232.9 246.5 262.9 278.9 292.9 306.6 324.9 349.2 376.1 407.8 446.7 467.9 475.4 463.6 476.6 487.8 476.3 480.3 476.9 462.1 443.4 426.9 404.1 383.2 370.9 356.7 346.6 337.8 327.2 313.6 296.5 281.4 269.6 257.1 244.8 241.9 242.2 238.5 234 243.2 258.9 277.1 291.4 304 313.9 322.4 331.5 362 394.1 424.2 465.6 514.6 531.6 553.7 560.5 555.3 568.3 573.6 590.5 614.5 627.8 634.6 639.9 644.8 651.8 660.9 666.8 669.8 680 683.2 684.3 680.4 663.5 631.5 611.7 592.1 568.6
231.4 240.3 254.2 271 286.2 298.4 313.4 336 364.9 404.9 451.3 476 491.2 494.5 508.6 512.3 519.7 517.5 519.2 510 488.4 471.9 465.4 446.6 406 384.4 369.6 356.4 343.9 329.7 311.8 296.6 280.9 269.6 261.5 251.9 250.9 248.6 245 237 244.8 254.6 267.2 279.2 293.5 309.9 329.5 351.1 379 413.2 443.3 488.6 520.1 541.9 562.1 573.5 574.2 581.4 592.4 595.4 602.8 616.4 626.1 636.3 644.9 655.2 661.9 667.9 670.8 680.5 684 683.4 672.9 646.8 625.4 603 578.6 558.7
239.6 245.9 260 275.7 291.9 304.9 322.1 346.2 382.1 422.6 467.2 491.2 516.5 521.5 543.2 554.6 552.7 552.4 551.4 534.9 511.2 489.4 476.9 465.1 427.6 397.9 382.9 363.7 349.3 333.6 315.5 299.1 287.7 278.5 267.7 261.8 257.9 254.2 248.6 241.7 248.3 257.6 267.6 282.3 297.8 317.5 338.2 360.5 387.6 416.8 448.7 502.2 518.6 537.3 566.6 582.4 582.4 586.9 592.3 602.4 609.1 615.6 624.5 634.6 642.6 653 661.2 666.5 671.8 681.5 684.9 682.5 673.7 648 618.9 593.2 575.6 558.8
244.4 249.7 264.8 280.2 297.5 312.8 330.7 354.8 395.2 430.8 478.5 507.8 530.4 544.2 569.9 583.9 592.5 579.8 569.3 554.5 522.3 505.5 475.8 456.2 433.9 411.8 393.9 375.2 355.8 338.1 317.1 307.5 294.4 282.7 274.6 268.9 262 257.4 252.9 246.1 248.2 257.4 266.3 279.5 296 318 341.1 363.1 386.2 413.5 442.7 479.5 504.7 526.4 559.7 562.1 559.5 583.9 598.6 606.6 615 620.8 629.8 642.6 650.8 658.9 663.7 670.2 677.8 685.9 689.3 686.6 679.1 655.6 629.2 597.8 582.4 564.9
245.9 254.2 268.3 285.1 301.8 318.1 334.4 363 402.8 444.9 474.7 508.7 528.8 556.8 576.3 594.4 602.3 596.8 587.5 561.4 530.7 500 475.5 455.1 438.4 421.4 403.5 383.3 362.8 341.1 328.8 318.3 304.1 291.7 285.3 277.9 267.6 260.1 255.4 250 245.5 255.2 263.3 277.2 294.5 315.8 338.4 360.8 382.3 405.2 428.5 453.3 479.9 498.3 501.2 549.9 575.3 592.5 607.1 615.7 623.4 628.8 641.2 649.1 658 666.6 672.7 678.9 687.7 693.3 693.2 692.5 685.3 670.4 633.5 599.8 582.4 561.9
247 258.9 271.6 287.2 301.4 322.3 343.3 374.7 413.9 450.8 479 507 525.4 552.9 577.7 597 608.8 598.7 580.1 561.6 539.2 513.5 486.5 461.8 444.1 428.2 408.9 388.2 371.4 357.6 342.3 329.5 316.8 302.4 294.4 284.9 272.6 265 258.4 253.2 247 252.2 263.4 274.3 291.9 311.1 332.8 354.5 375.2 392.7 412 428.4 447.1 475.8 512.6 547.7 573.8 597.1 611.3 623.5 632.2 642.6 651.4 657.4 664.3 672 680.4 689.4 695.8 698.4 698.4 691.6 681 654.2 619 596.3 580.7 564.6
250 261.2 274.1 290.6 306 325.7 343.6 381.6 414.6 442.4 475.9 503.2 523.9 555.5 592.9 617.9 628.2 625.1 593.7 549.6 528.9 509.7 487.7 465 445.7 429.7 411.3 398 385.1 371.7 357.4 343.2 327.7 309.4 301.1 290.9 279.7 270.6 261.3 256 252.1 251 262.1 275 289.3 305.6 323.1 345.1 363.6 380.2 402.4 428.7 454.6 484.1 519 547.6 572.6 600.7 613.7 625.7 641.7 650.6 660 668.1 672.8 680.8 689.4 697.5 702.5 704.6 703.5 690.9 660.5 633.7 612 595.1 580.4 563.1
254.6 264.9 277 294.2 309.7 329.6 350.5 388.7 418.9 442 472.1 507.4 528.6 563.6 599.2 632.4 637.8 626.6 594 549 525.9 501 483.5 464 449.2 437.8 424.1 408.2 395.1 380 365.7 351.9 336.4 318.3 306.1 293.8 283.3 273.3 264.1 259 256.1 253.1 260.7 273.8 286.4 295.3 310.3 334.2 351.6 375.6 402.3 429.9 456.1 485.4 515.1 545.3 571.7 597.1 618 631.2 642.1 655.7 667.4 676.7 683.5 692.4 699 706.2 708.7 708.9 705 692.7 667.5 630.9 610.6 594 579.2 562.3
258.4 269.7 282.5 296.9 314.3 329.9 356.3 383.7 413.4 444.6 479.2 510.6 546.3 571.6 610 641.8 647.1 628.8 593.4 562.8 533.3 510.6 489.9 472.1 462.4 448.7 434.1 419 403.6 387.1 372.5 356.8 341.9 325.3 311.5 301.1 290.6 278.6 269.4 265.7 257.8 255.1 262.3 273.6 288 303.2 319 336 358.3 383.6 410.6 437 461.8 489.7 517.4 548.6 577.1 602 614.4 632.2 649 662.2 676.5 688.6 695.2 699.2 705.9 711.8 715 710.5 704.4 688.8 654.2 629.5 610.7 594.2 579 562.9
265 273.4 285.4 303.4 318.6 334.1 358.4 387.9 424.7 455.9 488.4 519.9 555.3 583.4 617.1 643.2 651.4 640.1 607.3 583.5 552.8 526.8 508.3 496.8 475 457.9 443 426.3 410 393.6 377.4 362.1 346.1 333.1 321.8 313.2 302 287.5 279.8 272.5 262 257.3 263.2 273.8 288.7 306.8 324.2 340.4 363 389 416.8 443.2 468.5 495.9 523.5 548.5 580.4 610.4 628 641.2 653.4 664.7 680.4 692.5 701.1 706.5 715.1 719.2 719.6 712.7 701.9 685.1 655.5 627.8 610.8 594.9 580.1 562.2
267.2 276.7 289.5 306.6 317 334.8 359.2 392.6 431.5 463.6 494.8 530.7 566.3 591.8 628.2 657.8 668.7 659.9 624.8 587.3 561.5 543.3 510 512 490.4 469.5 453.3 436.7 418.9 400.3 382.4 370.5 357 344.8 330 322.7 311.8 298.6 285.4 279.4 269.3 258.4 266.2 275.3 289.1 305.5 326.5 343.9 367.7 392.9 420.1 445.4 470.2 496 520.9 543.8 575.7 598.8 624.9 637.8 654.3 670.2 688.2 703.7 711.3 714.8 724.2 728.5 725.4 716.3 699 679.2 662.3 639.8 614.7 597.2 582.6 565.5
268 278 290.9 310.3 326.4 345.1 368.8 400.5 439.1 469.1 501.2 530.5 564.9 599.6 627.4 661.4 682.7 677.7 643.6 615 579.9 549.4 544.5 536.2 505.6 480.8 462.6 444.1 424.2 404.1 394.2 384.2 370.9 354.3 338 330.5 319.6 307.3 295.5 285.7 275.1 263.2 272.7 279.2 290.7 309.1 328.4 344.3 368.3 392.6 418.8 443.6 467.2 489.9 513.3 535.5 559.7 583.7 611.4 634.9 655.6 674.3 689.3 708.4 720.3 728.2 735.1 736.7 734.8 722.3 700.5 676.6 661.4 640.9 617.4 602.4 582.7 565.1
272.4 280.3 293.3 312 329.1 348.9 372.3 407.5 442 470.1 513.6 547 574.9 601.4 625.6 657.1 678 676.2 650.9 630.3 591.3 570.6 558.8 544.2 515.8 489.9 469.9 448.6 432.8 420.3 408.9 396.2 382.5 365 351.3 338.4 326.7 313.7 301.2 289.7 278.1 268.8 275.1 283.7 294.6 310.1 327.3 344.6 365.9 388.6 414 437 459.2 479.8 501.5 527.2 551.2 573.5 600.6 624.4 655.5 673.4 689.3 706.5 722.3 737.6 744.1 740.6 740.8 735 706.4 682.1 658.9 643.3 628.3 609.9 586.6 576.5
276.7 284.5 296.9 314.5 330 350.1 375.2 416.2 442.5 475.8 510 552.8 585.6 620 642 661.4 673.2 671.7 654.5 626 597.9 591.7 574 548.6 522.3 496.1 477.1 460.5 446.1 431.7 418.9 406.1 391.8 375.7 361.6 347.3 334.1 318.3 305.3 296.1 285.4 275.3 276.5 283.2 291.9 302.7 320.9 342.5 363.3 383.4 406.5 427.7 449.8 469.7 495.2 521.4 543.3 569.5 593.7 614.8 645.5 667.3 685.6 701.7 717.7 739.7 745.7 743.4 737.8 733.7 719 686.5 666.1 648 629.8 623.9 602.2 588.8
279.6 287.3 298.6 316.8 333.8 355.5 376.3 414.6 442.9 473.5 518.2 561.3 590.9 628.6 653.3 670.9 682.4 664.1 650.2 619.4 599.5 603.2 584.3 560.1 532.4 507.5 491.4 473.5 453.5 437.7 425.9 412.8 399.2 385.2 369.6 354.2 339.2 323.6 312.7 302.3 290.9 280.5 277.7 285.6 295 303.8 312.3 336.3 357.2 378.5 402.3 424.9 448.3 470.4 493.2 515.5 535.6 560.6 586 610 639.2 661.6 680.8 698 716 737.6 744.5 743.1 733.5 726.8 715.1 688.7 670.9 659.8 650.7 642.6 631.4 608.1
279.5 290.1 301.8 316.8 335 357.9 380.7 413.3 441.5 476.7 516.1 565.3 596.8 626.1 652.7 674.6 679.1 668.4 653.9 619.7 609.3 608.7 591.1 568 555.9 536.3 509.3 485.4 464.2 446.6 431.8 418.9 405.5 391 373.2 355.6 342 330.6 319 305.1 294 282.3 282.3 297 306.4 314.2 319.9 338.5 347.1 374.1 401.1 422.8 445.5 465 486 507.2 528.1 554.2 577.8 609.2 629.4 655.7 676.3 693.9 711.4 729 742.4 743.8 739.5 731 716.4 691 673.2 664.2 660.1 658.1 648.2 628.8
281.9 293.4 306.2 321.1 337.6 361.5 385 413.7 446.7 477.7 515.9 565.5 597.6 625.7 651.5 678.7 684.3 668.8 645.6 616.4 614 615.8 592.5 583.2 580.6 553 533.3 503.8 477.1 458.6 440 424.7 409.7 394.9 379.7 357.3 343.9 337.1 325.7 312.7 298.8 285.2 288.4 301.2 314.6 329 341.6 355 368.4 383 399.1 421.2 441.8 458.7 479.8 500.4 522.4 545.9 572.6 601.1 626 647 670.3 688.2 708.6 721.4 737.2 746.7 746.3 732.2 714.4 698.6 681.9 670.7 669 661.2 649.1 636
283.9 296.2 309.3 324.9 345.4 365.8 384.9 416.3 446.9 474 509.6 553.3 595.3 635 660.7 677 683.3 670.4 644.3 617.4 618.3 610.6 605.2 586.2 588.5 564.2 546.4 513.1 486.5 465.8 446.8 427.1 411.5 397.2 379.1 362.7 351.7 345.7 329.2 315.4 300.3 288.4 286.7 306 321.6 338.3 353.1 369.2 383.3 394.6 403.7 415.7 434.4 456.6 477.1 495.8 518.9 541.1 565.8 596.1 623 643.9 666.7 688.3 708 723.1 733 745.8 747.9 736.1 719.8 707.4 690.2 679.2 675.9 663 651.3 644.8
286.7 296.2 311.4 330.3 350.6 371.6 394.4 423.2 452.7 483.6 535.6 575.1 610.8 642.1 664 671 670.3 655.1 636.3 626.2 623.1 619.6 614.2 581.3 585.8 570 537.3 511.4 488.9 467.3 447.3 426.9 411.9 397 380.1 365.2 354.5 346.1 332.5 314.7 299.7 287 293.2 311.6 328 343.7 363.7 380.6 395.6 406.1 413.8 415.2 429.5 457.5 479.6 497.1 518 540.2 577.9 605.7 626.9 647.1 668.1 687.9 707.5 723.4 731.2 740.8 743.3 740.8 735.5 722.3 704.3 686.4 680.6 672.6 658.4 652
