UK/data/sh/sh58_OST50GRID_20230518/SH58.asc
ncols 200
nrows 200
xllcorner 250000
yllcorner 380000
cellsize 50
[rows 152 to 189 of 200, columns 0 to 84 of 200]
99.8 90.8 90.3 96.5 95.3 93.5 92.3 90.7 85.5 83.3 82.6 80.9 79.8 78.8 80.7 92.5 93.3 93.3 88.4 86.6 83 80.2 71.6 73.8 87.9 83.7 80.5 75.5 70.6 65.7 62.9 52.8 56 54.3 52.3 49.3 47.3 44.6 42.9 40.5 35.8 32.1 29 24.4 20.6 17 13.5 15.8 4.2 3.2 2.3 1.8 1.5 1 0.4 -0.4 -1.2 -2.3 -2.3 -2.3 -2.3 -2.3 -2.3 -2.3 -2.3 -2.3 -2.3 -2.3 -2.3 -2.3 -2.3 -2.3 -2.3 -2.3 -2.3 -2.3 -2.3 -2.3 -2.3 -2.3 -2.3 -2.3 -2.3 -2.3 -2.3
95.7 89.2 89.7 95 96 94.2 90.2 87.6 84.8 81.9 80.4 79 78 78.3 87.1 93 90.8 89.7 82.7 83 83.2 73.4 71.6 73.3 82 79.9 77.1 74.3 70.1 66.5 61.1 55.4 57.2 58.2 56.9 54.8 50.6 48.5 45.6 41.6 37.5 33.8 30.2 24.8 18.5 14 15.7 18 18.3 18.3 17.1 2.8 2.4 1.9 1.1 0.3 -0.3 -0.9 -1.6 -2.3 -2.3 -2.3 -2.3 -2.3 -2.3 -2.3 -2.3 -2.3 -2.3 -2.3 -2.3 -2.3 -2.3 -2.3 -2.3 -2.3 -2.3 -2.3 -2.3 -2.3 -2.3 -2.3 -2.3 -2.3 -2.3
90.8 88 92.5 96.7 94.3 91.3 88 85.9 81.4 79.9 78.4 77.4 77.5 78 93.5 91.6 89.3 86.3 76.2 76.8 72.1 72 73.7 72 78.1 79.2 74.7 71.1 66.8 67 59.7 60 59.6 61.2 59.5 55.8 52.6 49.5 45.9 43.2 38.8 33.4 30 24.5 19.5 16.6 19.7 24.5 25.7 26 9.5 16.1 5 2.6 1.8 1.2 0.6 0 -0.6 -1.1 -2.3 -2.3 -2.3 -2.3 -2.3 -2.3 -2.3 -2.3 -2.3 -2.3 -2.3 -2.3 -2.3 -2.3 -2.3 -2.3 -2.3 -2.3 -2.3 -2.3 -2.3 -2.3 -2.3 -2.3 -2.3
88 87.4 89.8 94.7 92 89 85.2 83.6 80.4 78.8 77.9 77.9 76.8 75.7 91.7 90.6 90.3 75.9 70.1 70.2 72 75.1 71.9 69.8 68.4 73.2 70.5 66.6 64.8 65.1 67.6 62.2 59.9 60.6 57.7 54 53.1 48.7 45.8 43 38.3 35 31.3 31.2 27.2 19.6 25.3 28.4 31 31.9 28.8 8.2 8.7 4.7 2.7 2.2 1.6 1 0.4 -0.2 -0.9 -1.4 -2.3 -2.3 -2.3 -2.3 -2.3 -2.3 -2.3 -2.3 -2.3 -2.3 -2.3 -2.3 -2.3 -2.3 -2.3 -2.3 -2.3 -2.3 -2.3 -2.3 -2.3 -2.3 -2.3
86.9 87.8 87.8 91.3 88.8 86.4 83.5 81.2 78.8 78.6 78.8 79.1 77.8 74.3 76.3 77.2 70.8 69.8 69.7 68.7 72.4 73.4 71.5 68.1 68.1 67.3 67.9 68.2 65.8 66.6 66.1 64.8 60.3 60.9 55.5 51.8 50 46.9 45.4 41.9 38.8 35 33.7 32.6 29 24.4 30.1 41.1 45.6 43.5 42.1 38.8 24.3 11.5 16.9 8.2 2.6 2 1.4 0.7 0.1 -0.4 -0.5 -1 -2.3 -2.3 -2.3 -2.3 -2.3 -2.3 -2.3 -2.3 -2.3 -2.3 -2.3 -2.3 -2.3 -2.3 -2.3 -2.3 -2.3 -2.3 -2.3 -2.3 -2.3
86.7 84.2 85.7 87.8 85.8 83.8 81.3 79 78 80 80.8 80.3 78 74.2 71.4 72.1 70.8 71.3 70.9 71.7 71.4 68.5 67.6 68.5 67.1 66.3 68.7 70.3 68.3 68.4 70 69.2 60.8 57.8 53.7 50.9 49.2 46.3 44 40.7 38.9 36.6 35 32.1 27.2 26.8 37.2 46.1 46.2 43.9 41.7 39.1 37 34.6 28.9 30.2 19.6 5.3 2.3 1.6 1.1 0.7 0.7 0.4 -0.8 -2.3 -2.3 -2.3 -2.3 -2.3 -2.3 -2.3 -2.3 -2.3 -2.3 -2.3 -2.3 -2.3 -2.3 -2.3 -2.3 -2.3 -2.3 -2.3 -2.3
85.9 83.8 82.1 83.6 85.2 82.3 76.3 75.7 76.1 75.5 78.3 81.5 76.4 72.3 77.8 76.1 72.1 72.4 74.8 73.6 72.2 72.9 74.5 74.1 69.8 67.9 67.9 68.3 69.7 71.4 71.7 69.6 62.6 57.6 53.4 51.8 47.9 46 44 41.3 39.8 37.9 35.4 30.1 28.1 32.5 41 46.4 46.5 44.9 43.6 42.8 41.6 38.6 36.7 35.2 31.7 26.7 5 2.6 2.2 1.9 1.9 1.7 0.6 -0.5 -2.3 -2.3 -2.3 -2.3 -2.3 -2.3 -2.3 -2.3 -2.3 -2.3 -2.3 -2.3 -2.3 -2.3 -2.3 -2.3 -2.3 -2.3 -2.3
85.5 85.2 81.1 78.7 76.5 75.4 75.3 75 76.8 77.3 75.3 74.5 73 73 81.4 74 72.6 74.2 76.7 78.8 78.6 77.2 79.8 77.4 74.5 70.7 69 70.5 71.8 72.6 70.8 68.8 60.5 59.6 55 53.2 47.4 44.4 43.5 43.6 41.1 37.9 33.9 28.2 31.9 35.5 43 57.6 52 55.8 54.7 54.9 51.7 47 48.3 43.5 37.9 34.8 23.9 5.2 2.5 2.1 3.2 1.5 1.9 0.4 -0.9 -2.3 -2.3 -2.3 -2.3 -2.3 -2.3 -2.3 -2.3 -2.3 -2.3 -2.3 -2.3 -2.3 -2.3 -2.3 -2.3 -2.3 -2.3
84 82.6 77.3 76.8 75.8 74.7 76.4 77 78.5 78.4 78.1 75.2 75.3 77 80.5 79 77.3 81.9 81.5 78.9 77.7 78.7 78.8 78 74.2 72.4 71.9 73 75.5 73.1 71 67 62.6 58.1 55.3 51.5 45.8 43.4 42.5 42.6 39.1 33.1 32 30.7 34.4 38.3 50.9 58.6 64.9 68.3 70.1 69.2 64.1 62.7 60.8 59.5 59.6 46.9 34.5 12.5 8 7.6 8.7 6.5 2.5 1.1 -0.6 -2.3 -2.3 -2.3 -2.3 -2.3 -2.3 -2.3 -2.3 -2.3 -2.3 -2.3 -2.3 -2.3 -2.3 -2.3 -2.3 -2.3 -2.3
76.8 76.1 77 76.4 75.4 79.4 77 77.3 79 78.1 76.6 76.3 77.7 76.3 78.1 84.7 82.8 78.3 77.1 76.1 77.5 77.9 78.1 76.8 76.5 75.6 71.4 77.6 74.5 74.4 69.7 67.1 62.1 60.1 56.3 50.1 46.6 44.6 42.3 40.4 38.2 36.6 35.2 34 37.1 40.4 49.5 60.7 67.6 70 70.8 69.8 68 67.1 65 62.4 59.7 52.5 42.8 25.2 12 9.3 9.1 8 8.5 1.5 -0.2 -2.3 -2.3 -2.3 -2.3 -2.3 -2.3 -2.3 -2.3 -2.3 -2.3 -2.3 -2.3 -2.3 -2.3 -2.3 -2.3 -2.3 -2.3
75.4 76.7 77.8 83.6 80.1 77.7 77 79.2 79.7 79.4 78.9 78.1 76.6 76.4 78.5 77.2 76.3 75.3 75.7 77.1 77.7 77.8 77.1 77.7 78.8 79.3 77.1 76.5 74.1 72.3 69.3 67.4 62.3 58.1 53.8 51.2 49.4 46.9 44.3 41.9 40.6 39.3 37.9 35.7 38.3 42.8 55.5 62 68.7 71.1 71.3 69.9 70.4 69.8 67 65.1 60.9 54.7 47.7 28 13 11.2 10.4 9.6 8.5 1.6 -0.6 -2.3 -2.3 -2.3 -2.3 -2.3 -2.3 -2.3 -2.3 -2.3 -2.3 -2.3 -2.3 -2.3 -2.3 -2.3 -2.3 -2.3 -2.3
77.3 87.7 85.4 81.9 76.7 76.8 80.8 82.7 81.6 78.4 77.2 77.1 76.6 76.2 75.2 75.5 75.3 75.9 77.4 78.4 77 77.1 77.3 84.5 80.9 80.5 78.8 76.2 74.9 70.6 69.2 67.5 61.9 57.8 55.5 56.4 53 49.4 46.7 45.2 46.1 41.5 39.3 37.6 37.8 44.7 56.5 63.9 70.8 72.5 73 71.4 70.7 71.4 69.5 65.9 61.2 58.1 46.7 31.9 15.2 13.8 8.6 6.9 7.4 1.5 -1 -2.3 -2.3 -2.3 -2.3 -2.3 -2.3 -2.3 -2.3 -2.3 -2.3 -2.3 -2.3 -2.3 -2.3 -2.3 -2.3 -2.3 -2.3
85.1 84.8 82.2 78.3 76.7 77.4 79.5 78.7 78.2 77.2 78.3 78.2 76.9 76.8 76.5 75.7 76.3 77.3 79.3 78.5 80.6 80.8 79.8 80 81 79 76.9 75.3 71.4 69.8 68.8 67 60.4 56.8 56.9 60.6 60.7 57.2 54.7 53.5 50.5 44.5 40.3 38.1 38.5 49.7 57.9 65.9 73.1 74.1 74.2 72.5 75.1 71.1 68.9 66 62.2 54.9 45.4 31.3 16.6 14.4 7.6 6.1 2.9 1 -2.3 -2.3 -2.3 -2.3 -2.3 -2.3 -2.3 -2.3 -2.3 -2.3 -2.3 -2.3 -2.3 -2.3 -2.3 -2.3 -2.3 -2.3 -2.3
80.7 80.7 78.4 77.3 76.6 77.1 78.4 78.5 78.1 79.3 77.5 76.5 76.2 77.1 78 77.3 76.9 80.1 86.7 87.4 85.6 81.8 80.3 78.8 79.1 76.9 74.7 72.9 71.5 68.9 67.7 65 58.5 62 60.6 59.7 60.4 59.5 64.2 64.6 59.4 47.4 41.7 39 39.2 53.5 58.2 69.1 72 73.4 74.8 74.3 72.3 70.8 68.2 65.6 61.3 52.5 45.7 31.2 16.6 15.8 15.3 19.9 2.4 0.2 -2.3 -2.3 -2.3 -2.3 -2.3 -2.3 -2.3 -2.3 -2.3 -2.3 -2.3 -2.3 -2.3 -2.3 -2.3 -2.3 -2.3 -2.3 -2.3
79.2 77.1 76.6 76.7 76.9 76.3 77 79.2 85.2 80.2 76.6 78 77.2 78 77.7 77.9 84.1 79 88 85.7 83.3 79.9 80.3 78 78.1 73.6 72.7 71 68.3 64.1 64.4 61.4 56.4 62.3 59.6 59.1 60.9 68.3 63.4 60.8 58.8 51.7 51.2 41 40.2 47.7 59 68.9 69 71 73.6 71.9 70.5 68.2 65.4 63.2 59.2 50.5 44.3 27.8 19.1 17.5 21.3 21.3 2.3 -0.3 -2.3 -2.3 -2.3 -2.3 -2.3 -2.3 -2.3 -2.3 -2.3 -2.3 -2.3 -2.3 -2.3 -2.3 -2.3 -2.3 -2.3 -2.3 -2.3
77.3 77.3 77.2 76.3 76.5 76.5 77.6 86.3 83.8 79.1 76.7 77.4 80.1 77.8 79.1 85.1 78.1 78.1 85.7 82.7 80.9 80.1 77.9 79.5 77.2 72.5 70.1 67.8 65.5 61.7 60.6 58.3 55.1 60.8 59 57.8 64.4 66.4 60.9 58.4 55.2 51.4 50 41.7 40.4 45.1 59.5 65.7 66.7 70.6 70.5 69.4 68.6 66.9 64.4 61 57.3 49.1 44.3 22 20.4 23 20.5 19.4 1.9 -2.3 -2.3 -2.3 -2.3 -2.3 -2.3 -2.3 -2.3 -2.3 -2.3 -2.3 -2.3 -2.3 -2.3 -2.3 -2.3 -2.3 -2.3 -2.3 -2.3
79.2 77.6 76.3 76.8 76.6 76.7 81.8 81.7 78.1 77.3 76.9 78.2 79 77.8 79 78.1 78.1 80.9 82.7 79.9 78.9 78.2 79.1 77.7 73 69.9 67.1 65.7 63 60.2 58.9 57.6 52.7 57.5 57.7 59.6 58 62.1 59.2 56.2 52.6 47.4 47.6 47 39.6 52.5 62.4 64.3 65.2 70.4 67.9 67.4 66.8 65.3 62.5 59.5 55.2 47.2 40.6 21.7 22 35.3 20.4 14.9 1.4 -2.3 -2.3 -2.3 -2.3 -2.3 -2.3 -2.3 -2.3 -2.3 -2.3 -2.3 -2.3 -2.3 -2.3 -2.3 -2.3 -2.3 -2.3 -2.3 -2.3
77.4 76.4 76.4 76.2 77 89.7 87.6 82.9 78.8 79.2 76.7 77 77.6 78.2 78.1 78.1 78.1 84 81.5 80.3 78.6 81.2 78 74.6 70.2 67.4 64.9 63 60 57.3 56 56.3 51.2 58 56.7 60.4 57.6 59.5 56.8 53.5 51 44.3 44.3 44.3 40.1 55.6 62.1 62.8 63.1 67.3 66.4 66.3 65.2 62.9 60.6 57.1 52.6 44.7 39.5 22.5 23.3 17.6 40.1 6.9 0.4 -2.3 -2.3 -2.3 -2.3 -2.3 -2.3 -2.3 -2.3 -2.3 -2.3 -2.3 -2.3 -2.3 -2.3 -2.3 -2.3 -2.3 -2.3 -2.3 -2.3
76.1 76.9 76.4 76.5 86.9 88.3 86.1 83.2 80.4 78.1 76.5 78 79.6 84.5 78.1 78.1 78.1 85 82.4 80.9 80.1 78.1 76 71.9 68.1 65.1 62.6 60.3 57.6 55.7 53.6 56.4 48.1 54.3 56.2 60.5 56.8 61.7 54.1 50.7 48.1 43.5 43 42.1 40.6 50.9 58.8 61.9 61.1 64.2 63.5 64.4 63.8 60.5 58.2 55 49.9 42.2 36.3 22.8 25 15.5 15.1 2.6 -2.3 -2.3 -2.3 -2.3 -2.3 -2.3 -2.3 -2.3 -2.3 -2.3 -2.3 -2.3 -2.3 -2.3 -2.3 -2.3 -2.3 -2.3 -2.3 -2.3 -2.3
76.3 77.2 76.5 77.8 83.3 86.2 84.6 81.2 78.1 76.8 77.2 81.9 81.9 81.2 82.8 82.1 84.3 87.3 83.5 80.8 78.5 76.8 74.2 69.7 66 64.1 64 69.5 67.1 54.8 53.1 47.1 46.7 50.1 54.7 60.2 57.8 54.7 51.8 47.8 44.8 42.7 41.9 42 40.8 50.2 57.8 60.1 59.5 62.6 62.5 62.2 61.1 58.4 56.2 51.7 47.4 42.2 25.9 21.8 22.1 15.7 4.3 1.2 -2.3 -2.3 -2.3 -2.3 -2.3 -2.3 -2.3 -2.3 -2.3 -2.3 -2.3 -2.3 -2.3 -2.3 -2.3 -2.3 -2.3 -2.3 -2.3 -2.3 -2.3
76.9 76.6 76.3 77.3 80.4 84.3 81.8 77 75.9 76 78.4 81.3 81 83.6 85.5 84.9 85.7 83.1 81.9 79.6 76.9 75.2 71.3 66.8 65.4 66.3 70.7 69.2 68.8 58.9 50.7 46.2 45.4 47 52.6 60.2 59.2 52.3 50.9 45.1 42.1 40.9 40.3 39.6 43.1 51.3 57.1 58.1 57.4 62 61.7 60.3 58.3 55.2 52.4 49.5 45 39.9 24.3 18.7 14.5 8.7 2.7 0.2 -2.3 -2.3 -2.3 -2.3 -2.3 -2.3 -2.3 -2.3 -2.3 -2.3 -2.3 -2.3 -2.3 -2.3 -2.3 -2.3 -2.3 -2.3 -2.3 -2.3 -2.3
76.9 76.6 76.6 78.3 80.8 79.2 76.2 75.5 75.6 76.7 79.6 82.9 81.3 84.9 86 85 83 82 79.8 77.5 75.7 73.7 71.1 72.7 73.1 71.1 70 68.4 67.1 56 49.1 45 45.2 46.2 53.8 58.1 58.7 53.5 48.1 44 40 39.2 39.3 39.1 43.2 55.8 56.4 55.6 55.4 60.3 59.3 57.3 54.8 51.6 49.3 47.6 44.3 36.5 22.9 17.7 12.3 5 1.8 -0.6 -2.3 -2.3 -2.3 -2.3 -2.3 -2.3 -2.3 -2.3 -2.3 -2.3 -2.3 -2.3 -2.3 -2.3 -2.3 -2.3 -2.3 -2.3 -2.3 -2.3 -2.3
76.4 76.7 76.3 79.1 82.6 77.1 75.2 75.9 78.5 79.2 85.9 83.4 81.4 81.6 83.8 83.1 80.9 79.5 77.3 76.6 86.9 84.7 80.1 76.1 72.3 69.2 68 66.4 64.4 62.1 49.2 44.2 48.1 46.3 49.3 55.9 55.7 51.6 45.3 41.7 38.6 38.3 38.2 39.4 46.8 54.4 54.5 53.7 53.2 58 57.2 53.6 50.7 48 47 44.9 39.4 32.2 20.1 17.3 13.6 4.1 1.1 -0.8 -2.3 -2.3 -2.3 -2.3 -2.3 -2.3 -2.3 -2.3 -2.3 -2.3 -2.3 -2.3 -2.3 -2.3 -2.3 -2.3 -2.3 -2.3 -2.3 -2.3 -2.3
76.6 77 81 80 77.7 77.2 75.3 75.2 79.9 81.9 83.4 82.7 78.9 79.7 81.7 80.9 78.3 76.5 76.6 82.9 83.5 79.6 76.2 71.2 68.4 66.1 65.5 64.3 62.2 60.2 56.2 43.6 49.4 46.6 48.2 54.4 51.3 48.9 44.5 39.7 38.7 37.2 37.7 40 46.9 53.3 52.3 51.5 51 53.6 52.9 50.3 47.3 45 43.5 40.4 35.3 29.4 18.8 16.1 5.7 1.7 1.1 -0.7 -2.3 -2.3 -2.3 -2.3 -2.3 -2.3 -2.3 -2.3 -2.3 -2.3 -2.3 -2.3 -2.3 -2.3 -2.3 -2.3 -2.3 -2.3 -2.3 -2.3 -2.2
87.3 80.4 83.4 77.6 76.7 77.8 76.9 75.2 73.7 74.1 73.2 75.1 74.4 79 79.6 78.5 75.8 75.6 80.7 80.6 77.3 74.9 70.2 66.7 64.8 63.7 61.6 60.8 58.6 56.9 54.9 43 42.3 44.2 43 52.3 48.1 46.8 41.6 38.3 37.1 37.4 38 40.3 47.6 51.3 50.5 50.5 49.4 48.2 50.7 47.2 44.1 42.6 40 36.3 30.2 26.8 17.4 14.6 4.3 1.8 0.4 -1.1 -2.3 -2.3 -2.3 -2.3 -2.3 -2.3 -2.3 -2.3 -2.3 -2.3 -2.3 -2.3 -2.3 -2.3 -2.3 -2.3 -2.3 -2.3 -2.3 -2.2 -2
84.4 82.8 77.8 76.9 76.8 77.4 77.8 76 73.7 70.9 70.3 70.7 71 78.7 77.2 77.2 75.1 79.2 77.9 75.1 72.2 68.5 65.6 64.7 63.6 62.3 60.1 58.5 56.3 54.4 52.2 45.7 42.6 41.7 41.2 47 45.2 44 40 37.2 35.6 37.1 38.6 40.2 43.5 46.3 47.5 47.5 47.1 46.4 45.4 44.4 42.1 39.3 36.2 29.6 27.6 19.3 15 9.3 2.4 0.9 -0.6 -2.3 -2.3 -2.3 -2.3 -2.3 -2.3 -2.3 -2.3 -2.3 -2.3 -2.3 -2.3 -2.3 -2.3 -2.3 -2.3 -2.3 -2.3 -2.3 -2.2 -2 -1.8
81 79.7 77 76.7 76.9 77.1 78.2 76.9 74.5 72 68.7 68.1 68.9 75.5 72.4 71.8 73.3 74.8 72.6 70.1 66.4 63.9 63.2 62.7 63.6 62.1 59.4 57.4 55.9 53.9 51.3 49.6 43.5 42.7 39.4 40.3 42.5 40.4 37.9 36.1 35.1 37.8 40.4 40.2 41.8 43.4 44.7 44.4 44 43.7 42.5 39.7 37 35.1 31.7 27.6 21.4 16.7 13.8 5.9 2.1 0.4 -1.2 -2.3 -2.3 -2.3 -2.3 -2.3 -2.3 -2.3 -2.3 -2.3 -2.3 -2.3 -2.3 -2.3 -2.3 -2.3 -2.3 -2.3 -2.3 -2.2 -2 -1.8 -1.6
76.4 75.9 76.5 76 77.7 78.4 76.3 75 72.3 69.2 66.1 66.8 67.3 70.8 73.3 71.2 71.4 71.4 68.9 64.5 61.8 62.5 60.5 59.5 57.1 55.5 53.9 52.2 51.7 49.2 47.2 45 41.5 40.3 38.8 38 39.4 37.5 36.4 35.2 34.9 37.6 38.7 39.1 41.6 42.2 41.3 40.6 40.1 40.6 39.2 36.5 33.5 30.7 28.4 24 17.4 13.1 5.3 2.9 2.1 0.1 -2.3 -2.3 -2.3 -2.3 -2.3 -2.3 -2.3 -2.3 -2.3 -2.3 -2.3 -2.3 -2.3 -2.3 -2.3 -2.3 -2.3 -2.3 -2.2 -2 -1.8 -1.6 -1.5
76.4 75.9 77.1 77.9 79.6 78.2 75.3 72.4 69.5 65.9 64.3 64.6 65 68.9 69.7 69.9 69.8 67.8 64.7 62.7 62.9 60.8 58.6 57.6 54.4 52.9 51.3 50.7 49.3 48.1 44.2 42.7 39.6 38.3 37.9 36.6 36.3 35.7 36.3 36.9 36.6 39.5 37 32.4 38.3 40.7 39.4 38.2 36.6 36.4 35.8 33.4 30 27.8 25.8 21.1 16 3.2 2.4 2.7 2.1 -0.3 -2.3 -2.3 -2.3 -2.3 -2.3 -2.3 -2.3 -2.3 -2.3 -2.3 -2.3 -2.3 -2.3 -2.3 -2.3 -2.3 -2.3 -2.2 -2 -1.8 -1.6 -1.5 -1.3
76.6 83.9 85.4 81.2 80.7 78.7 76.1 71.6 67.1 64.8 63.5 64.3 64.5 64.9 69.1 67.8 66.8 66.1 65.8 65.7 64.1 60.2 61.7 61.6 61.1 58.4 57.1 54.6 53.6 51.5 48.4 41.6 39.1 38 37.8 37.4 36.7 36.3 36.6 37.6 38.9 37 36.3 33.7 30.8 37.8 36.8 35.6 34.7 33.6 33.5 30.7 26.9 25.3 22.8 19.6 5 0.9 2.7 3.2 1 -2.3 -2.3 -2.3 -2.3 -2.3 -2.3 -2.3 -2.3 -2.3 -2.3 -2.3 -2.3 -2.3 -2.3 -2.3 -2.3 -2.3 -2.1 -2 -1.8 -1.6 -1.4 -1.3 -1.1
84.5 84.8 82.7 80.5 79.1 76.7 74 70.6 65.8 63.6 62.2 62.5 63.9 64.1 64.6 64.9 69.2 67.9 66 65.6 64.6 61.9 61.2 60.7 59.6 57.2 54.7 53.2 51.8 49.9 46.8 41.6 39.2 38.2 37.8 38.1 37.7 38.6 38.8 38.9 38.8 36.7 34.6 32 29.9 33.7 34.4 34.5 32 30.8 29.7 28.5 24.4 21.1 19.4 12 -2.3 -2.3 -2.3 -2.3 -2.3 -2.3 -2.3 -2.3 -2.3 -2.3 -2.3 -2.3 -2.3 -2.3 -2.3 -2.3 -2.3 -2.3 -2.3 -2.3 -2.3 -2.1 -2 -1.8 -1.6 -1.4 -1.3 -1.1 -0.9
82.5 81.5 79.5 78.2 76.3 74.2 72.1 69.5 65.5 62.6 61.1 61.8 64.3 63.8 63 64.4 66.1 65.2 64 64 63.7 62.9 59.8 58.4 56.7 58 55.5 53.2 55.7 53.3 47.1 42.2 40.6 41.5 39.5 39.3 39 40.2 40.9 40 38.5 36 32.8 30.5 26.2 31.4 32.1 32.3 30.1 28.2 24.4 22.9 19.8 18 14.3 1.4 -2.3 -2.3 -2.3 -2.3 -2.3 -2.3 -2.3 -2.3 -2.3 -2.3 -2.3 -2.3 -2.3 -2.3 -2.3 -2.3 -2.3 -2.3 -2.3 -2.3 -2.1 -2 -1.8 -1.6 -1.4 -1.3 -1.1 -0.9 -0.7
79.3 78.5 77.7 75.9 74.1 72.8 71.9 69.5 65.5 61.8 59.8 62.5 62.8 62.2 64 64.4 63.7 63.6 61.3 62.2 61.6 60.6 57.7 57.1 60 63.6 63.3 66.6 66.2 63.5 56.6 45.9 43 41.3 40 39.7 40.2 41.2 41 40.1 38.2 34.3 30.6 27.7 24.2 24.6 28.2 28.2 26.3 23.9 21.3 19.5 16.9 14.4 2.9 -2.3 -2.3 -2.3 -2.3 -2.3 -2.3 -2.3 -2.3 -2.3 -2.3 -2.3 -2.3 -2.3 -2.3 -2.3 -2.3 -2.3 -2.3 -2.3 -2.3 -2.1 -1.9 -1.8 -1.6 -1.4 -1.2 -1.1 -0.9 -0.7 -0.5
77.4 76.3 75 74.3 71.7 70.3 68.8 65.9 62.6 59.9 60.8 68.2 62.7 62 63.8 63.8 61.9 61.6 59.4 59.4 59.3 58.5 57.4 57.9 62.8 64.6 66.2 66.1 66.7 63.9 61.7 55.5 41.6 40.7 40.2 39.6 40.9 42.8 42 40.8 38.3 33.4 29.5 27 25.1 22.8 22.1 19.4 23.6 22.7 19.6 15.1 14.1 3.8 1.3 -2.3 -2.3 -2.3 -2.3 -2.3 -2.3 -2.3 -2.3 -2.3 -2.3 -2.3 -2.3 -2.3 -2.3 -2.3 -2.3 -2.3 -2.3 -2.3 -2.1 -1.9 -1.8 -1.6 -1.4 -1.2 -1.1 -0.9 -0.7 -0.5 -0.4
74 73.4 72.9 71.2 68.8 67 65.2 63.1 61 58.1 58.6 65.3 63.2 60.2 62.5 60.3 58.3 58.3 58.1 58 57.7 57.1 66.5 62.7 62.9 65.3 64.4 64.4 63.3 62.3 61.3 55.6 42.6 40.2 40.1 39.7 40.9 43.5 42.9 40.6 37 33.7 29.2 29.5 29.1 25.8 22.6 19.4 17.8 19 16.8 12.7 8 2.2 0.5 -2.3 -2.3 -2.3 -2.3 -2.3 -2.3 -2.3 -2.3 -2.3 -2.3 -2.3 -2.3 -2.3 -2.3 -2.2 -2.1 -2 -2.1 -2 -1.9 -1.8 -1.6 -1.4 -1.2 -1.1 -0.9 -0.7 -0.5 -0.3 -0.2
72.3 71.4 70.4 68.3 67.2 64.3 62.5 60.5 59.5 61.1 55.5 62.6 60.3 56.2 58 56.5 54.9 54.9 57.3 56.5 57 59.7 63.1 62.6 61.9 63.1 62.2 61.3 60.8 60.3 58.4 53.9 43.4 40.2 39.6 39.6 41.5 44.7 42.6 40.2 36.6 32.8 29.3 29.5 31.1 30 26.1 21.2 15.8 14.1 12.4 8.3 2.6 1.5 0.4 -1 -2.3 -2.3 -2.3 -2.3 -2.3 -2.3 -2.3 -2.3 -2.3 -2.3 -2.3 -2.3 -1.9 -1.8 -1.7 -1.7 -1.7 -1.6 -1.6 -1.5 -1.4 -1.2 -1 -0.9 -0.7 -0.5 -0.3 -0.2 0
71.1 70.6 69.9 69.4 70.3 68.9 63.6 60.5 60.5 60.3 55.7 54.2 53.9 53 53.4 53.3 52.3 52.1 55.1 56.8 59.6 61.4 61.2 61.3 60.8 58.9 59.6 58.6 58.4 58.4 56.6 51.7 47.2 40.6 39.5 39.9 40.9 44.3 43.6 42.4 39.6 33.8 30.1 28.4 30.3 28.3 24.9 20.8 15.6 13.8 9.1 6.3 2.4 1.1 -0.3 -2.3 -2.3 -2.3 -2.3 -2.3 -2.3 -2.3 -2.3 -2.3 -2.3 -2.3 -2.3 -2 -1.5 -1.4 -1.3 -1.3 -1.3 -1.2 -1.1 -1.1 -1.1 -1 -0.8 -0.7 -0.5 -0.3 -0.2 0 0.2
74.4 79.5 77.4 75.5 72.1 70.6 69.6 62.3 61.9 59.2 55.5 53.1 52.1 51.4 51.2 51.4 51 51.4 54.4 59 59.9 59.9 58.9 58.5 57.8 57 57 56.7 56.4 55.4 55.6 50.1 47.7 40.9 39.4 39.1 43 46.2 46.1 43 39.8 36.4 31.1 27.7 28.3 25.3 21.9 19.2 16.4 16.4 12.8 11.1 2.4 0.9 -0.7 -2.3 -2.3 -2.3 -2.3 -2.3 -2.3 -2.3 -2.3 -2.3 -2.3 -2.3 -2.1 -1.7 -1.3 -1 -1 -0.9 -0.9 -0.9 -0.7 -0.7 -0.7 -0.6 -0.6 -0.4 -0.3 -0.1 0 0.2 0.4
