UK/data/nh/nh73_OST50GRID_20230518/NH73.asc
ncols 200
nrows 200
xllcorner 270000
yllcorner 830000
cellsize 50
[rows 35 to 69 of 200, columns 0 to 77 of 200]
258.5 259.5 259.5 258.8 257.2 256 255.1 254.3 253.4 250.7 247.3 244.4 240.3 235.6 231.5 225.6 217.3 211.4 205.3 201.9 200.9 196.2 191.5 191.7 194.8 191.9 181.9 175.8 170.7 167.1 164 161.2 158.2 153.8 151.2 160.7 165.4 166.3 169.3 168.8 168.5 169.6 171.1 173.2 175.1 181 190.2 203.1 214.1 222.1 225.6 226.8 226.1 225.4 226.2 228 230.3 237.4 241.9 247 252.2 256.4 260.3 265.1 269.4 273.3 277.1 280.9 284.2 287.5 289.7 291.4 292.8 294.1 294.2 293.9 293.3 290.6
259.3 259.6 259.6 258.5 257.1 255.8 254.8 253.6 251.8 248.5 245.2 242.3 237.8 233.8 228.7 221.6 212.2 205.7 200.7 196.3 193.2 192.1 185.4 182.5 187.4 181.9 175 167.6 164.3 161 158 152.5 155 154.4 160.1 163.5 167.8 167.2 169.1 170.1 169.6 170.1 171.8 173.7 180.1 190.6 200.8 211 217.7 225.3 226 226.9 226.7 226 226.9 228.8 232.7 241.8 244.1 248 252.7 256.6 260.5 265 270.2 274.2 278.2 283.1 286.5 290.1 292.7 294.1 295.4 297.2 298.2 297.9 297.2 293.7
259.4 259.4 258.9 257.5 255.9 254.3 253 252.4 249.9 246.9 243.6 239.5 235.6 231.6 227.5 217.6 207.3 200.7 196.5 192.9 185.8 180.1 175.5 173 181 172.6 164.4 161.7 157.5 153.2 159.4 159.4 159.4 158.5 163.8 166.6 169.3 169.3 170.4 171.4 170.8 170.7 172.3 175.2 185.6 196.2 207 215.4 221.3 225.4 227.1 227.3 227.1 227 228.4 230.8 234.4 241.5 245.2 248 251.4 255.4 259.7 264.7 269.7 274.8 279.5 285.1 289.2 292.7 295.8 297.8 299.2 300.2 301.1 301.8 300.9 295.7
259.3 259.3 257.9 256.4 254.9 253.3 252 251.1 248.5 244.6 240 235.4 231.3 226 221.4 214.3 202.6 195.9 198.2 190.6 179.8 174.3 174.2 171 168.1 163.3 158.3 155.5 160.6 160.4 160.2 160.4 160.6 162.3 165.9 168.2 171.4 170.7 171.7 172.7 172 171.8 173.1 184.3 196.5 203.1 211.6 219 224.6 227 226.3 227.8 228.3 228.4 229.9 232.8 235.1 240.9 244.1 247.6 250 254.4 259.2 263.9 269.3 275.9 282.1 288.1 292.9 296.4 299.3 301.7 303.1 305 305.7 306.6 302.1 296
258.3 257.5 256.8 255.3 253.9 252.4 251.1 249.7 245.9 241.5 236.8 231.5 225.6 221.4 214.2 206.8 199.4 189.4 186.5 182.8 179.1 177.1 169.3 163.3 156.7 157.1 161.3 161.4 161 160.9 160.7 160.6 163 165.4 167.9 169.4 173.2 171.9 173 174 173.2 173.7 181.6 196.5 203.5 212.7 215.1 221.6 226 227.7 227.9 227.8 229 230 230.8 232.5 236.3 242 247 246.6 249.6 254.4 259.3 264.1 270.9 278.8 285.1 291 295.8 300.1 302.7 305.3 307.8 314.5 313.4 311.4 303.2 296.7
255.5 255.3 254.3 253.4 252.6 251 248.9 245.9 242.7 237.8 232.4 226.9 221.2 216 210.4 203.6 194.6 194.1 183.6 173.5 173.8 165.1 160.4 159 161.5 161.8 162 161.7 161.6 161.5 162.1 164.3 166.2 167.8 169.2 170.8 175.4 174.1 174.8 175.9 175.1 178.4 189.3 195.8 210.6 216.3 217.9 222.4 227.8 227.6 227.8 228.1 228.6 230.3 232 233.7 237.4 242.7 244.2 246.3 249.7 254.6 259.4 264.3 275 281.6 288.1 293.8 298.7 303.6 306.7 309.6 315.6 321 319.2 315.9 306.1 299.5
254.7 254.1 252.7 251.7 250.4 248 245.1 241.8 237.6 232 226.4 221.4 216.8 213.4 208 203.5 203.8 198.4 183.6 174.6 162.5 159 162.7 162.9 162.4 162.3 162.4 162.2 162 163.8 165.8 167.2 167.8 169.1 169.8 173.1 176.1 176.5 176.9 178.1 183.5 189.5 190.8 201.9 215 220.3 222.1 223.7 227.5 228.3 228.6 228.9 229.4 232.3 233.9 234.7 239.1 242.1 244.4 246.6 250.1 254.8 259.7 265.4 276.5 284.4 290.9 297.2 301.4 305.8 310.7 314.1 322.3 326.9 322.5 314.9 307.4 302.3
252.9 252.9 251.4 250 247.6 244.9 241.2 237.3 231.5 225.7 220.7 218 212.5 208.4 205.9 204.7 204.6 186.6 167.3 159.1 160.8 160.6 163.4 163.5 163.3 162.9 162.9 164.2 165.7 167 167.8 168.5 168.9 169.6 170.7 175.3 175.2 177.8 184.2 184.3 190.1 189.8 189.1 204.3 214.8 221.4 223.4 224.6 227.1 228.5 229.3 229.8 230.6 233 233.8 236.2 241.2 243.2 245.1 247.1 250.5 255.3 260.1 267.8 277.9 286.5 293.4 298.9 302.7 308.4 313.5 318.6 327.5 329.5 323.8 312.1 305.8 302.7
249.4 250.6 249.2 247 243.9 240.5 236.1 230.3 224.6 219.6 216.2 215.6 206.3 204.3 204.1 201.7 186.1 166.6 162.4 161.5 161.4 162.2 164.1 164.2 164 163.7 164.5 165.9 167.4 168.4 169.3 169.6 169.9 170.7 171.6 175.9 177.2 184.5 183.1 185.9 190.8 190.2 194.4 209.4 218.5 223.9 224.1 225.1 226.7 227.3 228.8 230.9 231.8 233.7 235.2 239.3 241.7 244 246 248.1 252 256 262.2 270.4 280.4 287.3 292.9 299.6 306 311.6 316.1 321.2 327.4 329.1 321.4 311.4 305 302.9
246.6 247.8 245.9 243.3 239.4 235.4 230.3 224.5 218.9 214.7 209.8 209 205.6 204.3 190 181.2 168 160.3 161.9 164 163 162.8 164.2 164.8 164.8 166.1 167.2 167.7 169 169.9 170.4 170.7 171 172.5 175.3 181.9 182.4 195.7 198.9 185.5 190.1 200.1 210.1 218.6 219.9 225 226.6 227.1 228.5 228.8 229.9 231.6 231.9 233.8 236.9 240 242.2 244.6 246.8 250.2 254.1 259.4 265.1 273.4 283.3 288.3 293.1 301.8 309.5 314.5 318.4 322.2 324.8 323.8 320.4 313 306.2 303.5
244.7 244.3 241.3 238.1 233.3 228.3 223 219 213.7 208.5 202.7 199.8 202.4 199.8 178 171.3 163.2 161.9 162.7 164.6 164.4 163.9 166.4 165.8 166.9 168.3 169 169.6 170.4 170.6 170.7 172 175.3 176.6 181.4 184.3 188.9 205.9 206.8 192 192.7 193.4 217.2 218.8 221 224.6 226.8 228.3 228.2 229.2 230.9 232.8 234.1 235.4 239.6 241.1 242.9 245.3 248.2 252.4 257.5 262.7 268.4 276.9 284.8 288.9 294.7 305.4 311.7 316.7 319.8 323.1 325.7 326.8 324.1 320.1 313.8 306
241.3 238.3 235.5 231.4 225.2 219.8 217.1 214.1 206.1 199.6 198 195.3 196.4 178.4 164.4 162.2 162.8 162.5 163.1 164.5 165.8 165.8 167.8 167.5 168.6 169.1 169.8 170.5 171.8 173.7 176.8 177.1 177 178.7 184.6 186.1 191.4 208.2 210.3 205.9 202.7 202.9 195.7 207.5 221.2 223.9 226.8 228.3 228.6 229.8 231.9 234.2 234.9 237.1 239.7 242 244.7 247.2 250.5 255.4 260.5 265.7 272.3 280.9 287.9 293.5 298.4 309 314.7 318.4 321.5 324.6 327.4 332.7 332.5 330.6 327.9 321
235.1 230.7 227.4 223.9 217.6 212.5 210.4 207 200 195.6 194.6 189.2 173.1 164.2 161.7 164.3 164.3 163.7 163.6 165.7 166.4 168.5 170.6 169.8 170.5 171.5 171 172.5 174.7 178.3 178.6 178.4 183.7 201.2 184.2 187.4 193.1 209.1 209.4 204.1 206.8 210 215.1 217.6 213.5 223.2 226.9 228 228.6 231.7 233.2 234.3 235.6 237.9 240.3 242.4 246 249.7 253.5 258.5 263.6 269.5 275.8 283.4 289.7 296.9 305.5 312.1 317 320.3 323.2 325.8 329.4 334.4 336.3 339.1 337.2 331.2
228.5 224.4 219.6 215.2 213.6 210.7 207.7 200.6 193.3 191 186.9 168.3 164.3 161.7 164.1 164.9 165.7 165.1 165.6 167 168.1 170.6 172.1 172.4 173.3 172.5 176.1 177 180.1 181.1 181.2 181 189.4 211.7 197.1 189.9 193.9 208.8 208 200.8 209.8 214 215.9 220.7 222.9 224 228 230.1 231.3 232.3 233.9 235.5 236.6 239.3 241.7 245.8 249.5 253.1 256.9 261.3 266.8 272.7 280.1 286.7 293.2 301.7 307.4 313 318 321.5 324.3 326.7 331.3 336.9 343.2 347.6 345 336.5
222 218.2 214.8 211.2 208.1 205.4 198.8 192.9 188.3 189 170.6 163.9 161.9 163.2 164.8 165.3 166 166.4 166.9 168.7 168.9 169.9 171.1 173.8 174.3 174.6 176.2 179.1 182.6 181.6 181.6 182.1 200.5 212.9 204 192.7 193.2 208.7 206.6 204.6 209.9 212.6 216.4 220.2 222.6 224.8 230.7 232.2 232.8 233.8 235.3 237 238.3 240.9 243.8 249 253 256.7 260.3 265.3 270.8 276.6 282.5 288.9 296.4 304.4 309.5 315.2 319.5 323 325.6 328.9 333.8 343.4 356.3 359 352 337.6
217.2 214.4 209.8 206.8 203.9 196.9 191 186.4 177.8 169.6 162.6 163.9 164.6 164.5 165.4 166.1 166.6 170.4 173.8 172.8 167.4 169.9 171.1 173.8 174.7 175.8 189.4 199.9 194.8 192.9 195.7 200.3 209.5 210.4 203.8 194.3 194.7 210.4 207.3 205.7 210 215 218.4 221 224.7 227.6 237.4 234 234.6 234.5 236.6 238.3 240.3 242.9 246.7 251.6 256.7 260.3 263.9 268.8 274 279.2 285.5 293.5 300.3 308.1 313 317.8 322 324.4 328 331.9 339.7 351.5 364.8 368.2 362.7 334.2
211.2 207.1 204.9 199.9 194.4 192 186.6 176.2 166.3 163.4 164.1 164.8 165.4 165.8 165.3 166.6 172.6 175.3 175.3 175.5 170.7 171 170.5 173.1 174.5 186.4 200.4 199.8 196.3 196.4 201.1 210.1 211.2 211.8 206.1 197.7 196.6 210.5 207 210.3 213.9 218.9 220.8 226.8 227 230.6 233.5 234.7 234.7 235.5 236.6 240 242.5 246.9 250.5 255 259.8 263.9 267.6 272.1 276.8 281.4 289.2 296.4 303.9 309.9 314.8 320.2 324.2 326.9 330.6 334.2 333 355.3 365.5 368.4 349.7 331
206.4 203.2 200.3 195.7 190.4 184.6 177.4 169.8 165.8 163.3 164.3 165.4 165.7 166.2 166.9 169.9 175.9 176.8 176.6 176.4 174.4 172.9 171.9 174 178.8 191.6 193 196.1 199 203.6 212.5 213.4 210 210.5 205.6 201.9 199.4 210.5 208.9 213.7 218.1 221.8 225.7 227.3 228.5 231.6 233.4 234.3 236 237.9 240.3 243.6 247.2 251.3 253.8 257.9 262.2 266.6 271 275.2 279.3 283.3 291.9 299.9 306.1 312.1 317.7 324.5 326.4 329.3 332.5 336.5 343.4 351.5 355.1 348.8 337.9 327.5
203.3 200.1 197.3 190.1 183.8 178.2 170.4 167.1 164.1 164 164.9 165.9 166.2 167.8 177.9 178.2 178.1 178.2 178.2 178.4 178.3 174.7 174.9 173.9 176.7 192.7 194 192.6 200.6 203.5 207.3 210.1 212 205.5 205.2 204.1 202.4 209.2 212.8 216.6 220.6 223.8 225.6 227.5 230 232.1 234 235.2 237.5 240.1 243.2 247.4 251.9 254.9 258 261.5 265.8 270 273.2 275.9 279.2 285 293.5 301.8 308.4 314.8 321.9 328.4 331.3 333.1 334.5 338.9 341.4 344.2 343.2 340.9 335.6 327.9
197.8 193.4 188.9 184 177.6 171.1 166 163.6 164.3 164.9 165.5 166.4 168.4 179.6 179.7 178.5 178.5 178.5 178.7 178.6 178 177.9 176.3 176.6 176.2 196.7 193.2 193.4 192.7 196.6 205.7 207.3 202.2 201.4 203.1 204.3 204.8 208.3 212.9 218.2 222.5 224.2 226.1 228.7 230.9 233.1 235.3 237.6 240 243.1 247.3 252 256.6 259.8 262.8 266.1 269.6 273.7 276.3 278 281 288 296.6 304.6 311.2 319.1 326.2 332 334.9 337.1 338.7 341.5 343.8 344.4 343.6 340.8 336.1 330.5
190.4 188.8 184.5 178.7 172 167 164.4 165.5 165.3 166 166.6 169.6 179.3 180.8 182.2 180.7 179.6 181.6 180.8 181.9 187.6 194.5 178.1 177.8 176.9 180.3 180.7 182.2 187.7 190 191.9 193.7 194.9 198.4 200 200.8 204.9 208.2 214.6 219.5 222.4 224.5 226.3 229.7 232.6 234.7 237.3 239.9 243 247.4 251.9 256.6 261.2 264.6 267.6 270.5 273.9 276.7 278.4 280.2 284 292.2 299.8 306.9 314.7 323.1 331.3 335.4 337.6 340.1 342.1 344.6 346.3 347.6 347.1 343.8 341.3 338
187 182.9 178.9 172.6 165.6 165.3 165 165.8 166 169 172.3 175.6 178.3 183.7 183.1 178.7 184.1 194.8 185.3 178.7 178.7 180.5 178.8 178.5 178.9 178.8 188.9 189.8 184.7 186.3 191.2 193.3 194.9 195.7 198.4 202.7 208.4 209.7 214.9 219.5 222.9 225.4 227.9 230.7 234.2 236.6 239.3 242.5 247.8 252.3 256.7 261.2 265.9 269.5 272.1 274.7 276.9 278.6 280.3 283.4 288.4 294.6 302.3 309.7 317.5 326.5 334.9 340 342.7 343.8 346 346.7 349.6 351.8 352 350.8 348.9 342.9
184 179.6 174.5 168.9 165.9 165.7 164.2 166.2 167.2 174.1 176.5 175.4 174.5 180.2 182.5 178.7 178.7 178.7 178.7 178.7 180.9 181 181.2 181.5 193.7 187 192.2 190.7 194.8 194.4 188.2 194.7 196.6 200.3 204.9 211.4 210.8 212.5 216.2 220.3 223.8 226.5 229.1 231.9 236 239 241.8 246.8 252.8 257.1 261.5 265.9 270.4 274 276.6 278.2 278.8 280.4 283.4 286.5 291.6 298.2 304.8 313.3 322.4 330.8 336.5 344.6 346.6 348.6 349.9 354 358.1 359.4 360.9 360.3 356.5 351.4
178.5 174.4 169.3 167.4 166 165.6 166.1 166.9 170.5 176.9 176.5 176.7 180 179.3 178.7 178.7 178.7 178.7 178.7 184.3 180.7 181.3 183.1 185.7 187.1 185.7 187.9 189.3 189.7 195.1 193.9 199.8 202.9 205.6 213.9 212.4 212.6 214.5 218.5 221.5 224.9 227.4 230 234.2 238.5 241.5 245.8 251.4 257.4 262.3 266.7 271.1 275.1 278.9 281.3 280.4 280.9 282.2 285.6 289.3 294.3 300.6 307.1 315.7 324.7 333.1 343.2 347.3 349 351.2 357 363 365.2 369 371.5 372.9 364.8 348.4
175 169.8 168.3 167.2 166.2 165.6 166.7 168.2 171 176.1 178.9 184.3 194.6 178.7 178.7 178.7 178.7 178.7 183.5 185.4 183.8 183.4 186.3 191.5 193.2 189.8 188.8 191.5 189.7 202.4 196.1 203.9 205.6 211.6 211 210 212.6 215.6 218.6 222.8 226.2 229.1 232.3 236.7 241.1 244.9 250.5 256.2 262 267.6 272 275.9 279.5 283.7 283.9 283.1 283.2 284.4 288.1 293.1 298.1 304.1 310.9 320 328.5 339.4 346.3 350.6 352.3 357 365.4 368.4 374.2 379.4 382.1 381.2 372.1 355.9
170.6 169.1 168 166.8 166.1 165.4 167.6 172.8 174.7 176.3 181.7 195.3 180.7 178.7 178.7 178.7 178.7 178.7 190.6 186.3 185.7 186.6 188.1 193.5 189.4 190.2 191.6 189.7 191 198.2 194.1 201 206 206.6 209.4 210.4 212.5 215.7 220.3 224.7 227.7 230.7 234.4 239 243.5 249.6 255.3 261.1 266.8 272.4 275.9 279 282.6 286.2 285.5 285 285.7 287.8 291.7 296.7 302.4 308.6 315.8 324.3 333.7 342.1 348.5 352.9 356.1 364.4 371.6 377.9 385.7 389 389.6 388.2 382.6 368.7
169.8 168.5 167.2 166.7 166.1 165.1 179 176.8 176.3 178.4 186.8 190.2 178.7 178.7 178.7 178.7 178.7 185.9 189.5 185.5 185.2 190.5 193.1 192.9 193.5 192.2 191.8 195.1 198.3 198.3 204 196.7 203.1 206.5 206.8 209.8 213.8 216.6 222.5 226.8 229 232.5 236.9 241.5 246 253.2 260.1 265.7 271.2 276.8 281.6 285.1 285.9 287.9 287 287.8 289.1 292 295.5 300.9 306.9 313.3 321 328.8 337.1 343.7 348.6 355.1 362 370.7 379.9 389.4 396.7 397.6 398.6 395.1 391.4 376.7
168.5 167.5 166.2 166.9 166.7 173.7 178.5 176.9 178.5 180.7 187.4 194.5 178.7 178.7 180.2 180.2 182.8 184.7 189.8 189.3 191.9 193.2 195.9 194.1 196.3 194.6 192.2 198.4 197.6 197.2 198.7 204.9 198.6 201 208.5 210.8 215.2 217.9 224.3 227 230.7 234.9 239.4 244 249.5 257.3 265.1 270.6 276.5 282.6 287.2 290.6 290.2 289.8 289.6 291.1 292.9 296.4 299.9 305.4 311.6 318.7 325.9 334.2 341.4 347.3 353.8 360.4 370.6 378.8 391 401.2 404.9 406.4 405.5 400.8 392.6 377.6
166.9 165.9 165.6 166.2 167.7 175.2 177.7 179.3 182.2 190.9 197.8 195.3 184.6 182.4 183.1 188.1 186.6 187.3 191.9 198.7 192.2 194.6 199.4 197.4 196.2 196.8 195.8 197.2 197.4 196.7 204.4 206.1 200.2 202.3 209 210.7 214.3 218.3 225.4 227.4 232 237.4 241.8 246.4 253.5 261 269 276.9 283 288.7 293.1 292.5 291.7 292.5 293.7 295 296.5 300 305 311.1 317.8 324.9 332.3 340.4 347.9 354.6 361 369.7 378.6 386.5 403.3 407.5 412.6 412.4 408.4 401.6 391.4 377.9
166.6 166.8 167.6 168.6 176.1 176.7 177.6 188.3 196.1 200.7 190.7 192.9 190.4 190.6 186.4 195.8 193.3 189.2 191 191.8 196.9 195.9 196.8 197.4 199.1 198.9 198.6 199.4 200.8 203.2 202.7 203.8 202 208.2 210.6 211.7 215.4 218.4 225.3 230.9 234.1 239.4 244.6 250.1 257.7 265.2 273.6 281.6 289.3 294.4 294.2 292.8 292.9 295.1 296.6 298.2 300.3 305.4 311.2 317.4 324.7 332.5 341.9 349.6 358.1 363.8 369.6 380.4 389 400.4 410.1 413.1 417.5 413.3 409.5 398.9 390.2 376.7
168.7 169 170 172.8 177.8 178.9 188.1 192.2 197.4 197.8 191.2 193.2 196.6 197.7 197.8 199.4 189.5 193.4 192.3 192.5 196.5 198.1 196 199 199.2 208.8 200.3 201.2 202.1 202.4 204.5 207.1 204.6 208.5 210.7 212.8 215.9 220.1 225.3 233.3 237 242.3 248.1 254.2 262.2 270.3 280 287.9 294.6 296.9 294.8 292.9 295.1 297.6 299 301 306.9 311.3 317.7 325.1 333.3 342 351.6 361.1 369.3 374.3 382.7 390.8 400.2 412.5 414.1 420.5 418 413.9 407.1 397.3 391.6 375.2
168.6 169.3 171.4 175.7 178.4 181.8 191.3 193 191.3 191.7 191.5 194.3 197.6 197.6 197.6 203.8 191.5 192.6 193.5 193.4 193.1 198.9 199.9 200.5 202.3 205.5 204.1 202.7 204.8 203.9 204.8 208.1 208.4 208.3 210.6 214.8 217.1 221.6 226.8 234.1 239.1 245.3 250.6 258.6 266.6 275.8 285.6 295 300.8 297.1 295 293.7 296.2 299.6 301.7 307.7 313.4 318.9 326 334.6 343.6 352.8 363.3 371.2 379 383.5 390.9 400.2 415.7 423.7 421.4 423.5 420.8 415.7 404.4 395.9 386.7 368.9
169.4 171.3 173.5 175.1 183.2 196.5 191.7 193.6 191.5 191.7 192.9 198.2 197.9 197.6 197.7 207 199.3 196.3 194.4 194.3 195 200.3 201.6 201.1 201.8 203 204.5 204.5 204.4 205.4 206.2 207 210.2 210.1 212 216 219.4 223.6 229.4 235.2 238.7 249.5 256.1 263.2 270 279.9 289.4 299.1 302 297.7 296.5 295.5 298.7 302.1 307.9 314.1 321.6 329.4 335.3 344.7 354.1 363.5 375.1 382.1 389.1 395.6 402.2 411.1 423.4 430.7 430 429.2 423.6 415.8 403.7 391.1 378.4 358.7
173.8 173.9 175.3 177.2 188.5 189.5 192 193.1 192.2 192.3 198 198.5 198.2 197.9 197.6 208.3 198.1 195.1 195.3 195.5 197.4 203.1 201.3 201.7 202.2 205.7 205.6 204.8 206.1 207.8 210.5 208.4 211.4 211.7 212.9 217.3 221.5 225.7 231.4 239.8 241.6 252.8 260.2 266.7 273.3 283.2 290.1 295.8 297.3 296.2 296.5 298.2 301.7 307.5 314.1 322.9 330.9 338.4 345.7 353.4 363 374.5 384.8 392.4 398.1 407.9 416.2 423.8 425.4 435.6 437.1 435.9 423.8 414.8 402.9 387.9 371 351.6
174 175.1 176.5 180.3 193.9 196.2 192.4 193 192.7 194.6 199.1 199.3 198.7 198.2 200.7 211.5 201.8 195.6 195.5 199.6 202.7 202.8 202.4 203.8 210.4 207.9 207.7 208.3 206.3 209.7 209.5 212.1 212.3 213.2 214.5 218.8 223.2 228.9 235.4 243.1 247.6 252.3 262.9 269.4 276.6 283.8 288.8 294 295.6 295.8 297 301.3 305.6 313.7 322.4 331.5 340.2 347.3 354.4 362.3 373.7 385.2 395.4 405.7 418.7 425.2 427.3 433.3 439.9 441.1 443 437.1 423.2 409.8 400 384.9 365 347.8
