UK/data/nm/nm79_OST50GRID_20230518/NM79.asc
ncols 200
nrows 200
xllcorner 170000
yllcorner 790000
cellsize 50
[rows 36 to 71 of 200, columns 0 to 80 of 200]
-1.8 -1.8 -1.8 -1.8 -1.8 -1.8 -1.8 -1.8 -1.8 -1.8 -1.8 -1.8 -1.8 -1.8 -1.8 -1.8 -1.8 -1.8 -1.8 -1.8 -1.8 -1.8 -1.8 -1.8 -1.8 -1.8 -1.8 -1.8 -1.8 -1.8 -1.8 -1.8 -1.8 -1.8 -1.8 -1.8 -1.8 -1.8 -1.8 -1.8 -1.8 -1.8 -1.8 -1.8 -1.8 -1.8 -1.8 -1.8 -1.8 -1.8 -1.8 -1.8 -1.8 -1.8 -1.8 -1.8 -1.8 -1.8 -1.8 -1.8 -1.8 -1.8 -1.8 -1.8 -1.8 -1.8 -1.8 -1.8 -1.8 -1.8 -1.8 -1.8 -1.8 -1.8 -1.8 -1.8 -1.8 -1.8 -1.8 -1.8 -1.8
-1.8 -1.8 -1.8 -1.8 -1.8 -1.8 -1.8 -1.8 -1.8 -1.8 -1.8 -1.8 -1.8 -1.8 -1.8 -1.8 -1.8 -1.8 -1.8 -1.8 -1.8 -1.8 -1.8 -1.8 -1.8 -1.8 -1.8 -1.8 -1.8 -1.8 -1.8 -1.8 -1.8 -1.8 -1.8 -1.8 -1.8 -1.8 -1.8 -1.8 -1.8 -1.8 -1.8 -1.8 -1.8 -1.8 -1.8 -1.8 -1.8 -1.8 -1.8 -1.8 -1.8 -1.8 -1.8 -1.8 -1.8 -1.8 -1.8 -1.8 -1.8 -1.8 -1.8 -1.8 -1.8 -1.8 -1.8 -1.8 -1.8 -1.8 -1.8 -1.8 -1.8 -1.8 -1.8 -1.8 -1.8 -1.8 -1.8 -1.8 -1.8
-1.8 -1.8 -1.8 -1.8 -1.8 -1.8 -1.8 -1.8 -1.8 -1.8 -1.8 -1.8 -1.8 -1.8 -1.8 -1.8 -1.8 -1.8 -1.8 -1.8 -1.8 -1.8 -1.8 -1.8 -1.8 -1.8 -1.8 -1.8 -1.8 -1.8 -1.8 -1.8 -1.8 -1.8 -1.8 -1.8 -1.8 -1.8 -1.8 -1.8 -1.8 -1.8 -1.8 -1.8 -1.8 -1.8 -1.8 -1.8 -1.8 -1.8 -1.8 -1.8 -1.8 -1.8 -1.8 -1.8 -1.8 -1.8 -1.8 -1.8 13.3 -1.8 -1.8 -1.8 9.2 14.8 -1.8 -1.8 -1.8 -1.8 -1.8 -1.8 -1.8 -1.8 -1.8 -1.8 -1.8 -1.8 -1.8 -1.8 -1.8
-1.8 -1.8 -1.8 -1.8 -1.8 -1.8 -1.8 -1.8 -1.8 -1.8 -1.8 -1.8 -1.8 -1.8 -1.8 24.7 8 -1.8 -1.8 -1.8 -1.8 -1.8 -1.8 -1.8 -1.8 -1.8 -1.8 -1.8 -1.8 -1.8 -1.8 -1.8 -1.8 -1.8 -1.8 -1.8 -1.8 -1.8 -1.8 -1.8 -1.8 -1.8 -1.8 -1.8 -1.8 -1.8 -1.8 -1.8 -1.8 -1.8 22.1 23 -1.8 -1.8 -1.8 -1.8 -1.8 -1.8 -1.8 -1.8 -1.8 -1.8 -1.8 -1.8 15.5 20.3 2.8 -1.8 8.8 12.5 32.4 2 4.4 19.4 -1.8 -1.8 15.3 -1.8 -1.8 -1.8 -1.8
-1.8 -1.8 -1.8 -1.8 -1.8 -1.8 -1.8 -1.8 -1.8 -1.8 -1.8 -1.8 -1.8 7.3 27.4 54.1 55.5 28.7 -1.8 -1.8 -1.8 -1.8 -1.8 -1.8 -1.8 -1.8 -1.8 -1.8 -1.8 -1.8 -1.8 -1.8 -1.8 -1.8 -1.8 -1.8 -1.8 -1.8 -1.8 -1.8 -1.8 -1.8 -1.8 -1.8 -1.8 -1.8 -1.8 -1.8 -1.8 32.4 50.3 48.4 26.4 8.4 -1.8 -1.8 -1.8 28.3 10.7 -1.8 4.2 1.5 0.6 1.1 12.5 21 22.8 21.9 29.8 26.2 45.8 37.4 16 27.5 18.7 5 23.1 -1.8 -1.8 -1.8 -1.8
-1.8 -1.8 -1.8 -1.8 -1.8 -1.8 -1.8 -1.8 -1.8 -1.8 -1.8 -1.8 17.2 34.4 46.6 74.6 95 64.6 29.7 -1.8 -1.8 -1.8 -1.8 -1.8 -1.8 -1.8 -1.8 -1.8 -1.8 -1.8 -1.8 -1.8 -1.8 -1.8 -1.8 -1.8 -1.8 -1.8 15.3 13.7 13.9 15.6 11 18.1 27.4 4 3 23.6 25.8 33.2 53.5 65 55.6 40.5 41.4 32.9 56.5 63.4 39.7 40 31.6 26.1 12 7.1 22.3 38.8 45.8 34.3 44.4 39.2 49.7 54.8 28.5 24.7 19.4 19.2 20.7 9.6 -1.8 -1.8 -1.8
-1.8 -1.8 -1.8 -1.8 -1.8 -1.8 -1.8 -1.8 -1.8 -1.8 -1.8 14.8 23.4 45.3 72.1 102 114.4 92.9 59 34.4 19.7 13.4 -1.8 -1.8 -1.8 2.2 -1.8 -1.8 -1.8 -1.8 1.1 23.8 10.7 -1.8 -1.8 -1.8 31.6 50.8 41.9 48 44.4 36.5 32.4 57.1 65.3 27.1 26.6 32.7 45.7 59.4 74.6 73.8 70.8 69.1 55 61.8 80 91.6 65.5 66.3 56.4 50.1 29.9 18.2 39.9 46.7 50.7 47.4 50.4 52 54 56.4 39.3 30.7 20.6 24.5 25.2 13.5 -1.8 -1.8 -1.8
-1.8 -1.8 -1.8 -1.8 -1.8 -1.8 -1.8 -1.8 -1.8 -1.8 8.5 35.5 46 68.6 97.7 125.7 144.3 122.1 96.6 70 57.6 54.8 63.8 36.6 35.7 30.8 27.5 21.5 15.8 9.5 25 52.2 37.2 19.2 13.1 45.1 72.1 70.8 79.7 106.1 73.1 62.5 63.1 94.6 80.1 68.5 67.5 52.3 56.1 65.5 78.2 84.7 97.2 89.2 75.2 85.4 100.8 104 84.8 76.7 72 72.1 52.1 31.1 49.5 59 59.7 51.1 48.6 54.1 56.3 67.8 56.6 49.7 41.6 32.1 41.1 37.6 8.9 2.4 -1.8
-1.8 28.4 33.4 17.9 11.4 28.2 12.1 7.3 17.3 24.3 34.4 68.4 76 95.1 120.1 153.5 169.9 152 132.5 103.1 92.8 89.2 111.7 85.1 75.6 61 63.1 46.5 37.5 37.4 46.1 68.4 82.3 45.7 49.9 71.4 96.1 102.7 119.5 134.9 99.7 90.3 98.7 109.2 107.2 105.8 117.6 115.1 105 90.6 92.8 102.7 110.7 104.8 99.2 106.5 120.5 117.1 109.5 97.1 94.1 90.3 65.1 48.4 79.1 82.2 72.9 63.6 82.4 97.1 79.4 68.3 67.9 59.5 54.6 47.9 38.5 42.6 19.7 1.4 -1.8
24.4 49.2 56 54.4 40.7 44.8 46.3 29.1 41.3 60 66.6 90 122.6 125.3 148.2 177.8 192.2 183.8 150.7 129.4 132.3 135.7 137.3 132 115.9 98.4 100.7 76.6 65.9 69 81.6 93.7 107.4 85 85.5 80.9 105.5 129 133.7 142.9 122.7 118.7 138 141 147.7 166.3 178.9 184.2 175.3 166.3 146.6 157.4 146.8 133.7 135.3 144.1 140.4 143.4 147.4 134.1 127.7 120.6 93 73.3 116.7 109.8 87.7 92.1 124.8 118.6 111.8 92.1 93.9 81.2 72.2 54.6 36.1 32.6 15.4 -1.8 -1.8
30.5 54.7 67.2 73.3 76.9 70.6 74.2 63.4 69.5 90.7 108.8 115.3 155.5 174.6 187 204.2 211.3 207.3 175.1 157.5 164.9 180.6 187.1 177 160.3 145.8 141.5 116.6 99.4 102.3 116.8 130.7 140.6 121.8 122.2 127.7 123.5 142.3 163.2 160 144 146.1 172.7 160.3 180.4 201.5 222.7 226 228.1 223.5 211.4 193.2 170.6 161.6 156.7 156.5 159.9 157.5 153.5 157.1 154.9 138.3 133.3 102.2 135.2 131.5 109.2 119.8 153.5 140.4 133 114.5 107 93.8 97.4 68.6 44.6 30.7 15.3 -1.8 -1.8
33.1 51.2 65 80.8 97.4 98.6 103.1 109.4 96.9 121.5 146.6 165.9 186.2 207.5 216.1 235.4 241.4 229.9 195.9 181.5 187.8 213.8 224.1 229.3 203.7 182.5 181.7 157.3 145 140.9 154.7 175.7 177.2 172.9 160.3 178.8 188.6 199.5 178.9 178.3 167 170.6 199.3 171.2 200.8 223 254.1 266.2 279 271.3 249.1 221 200.3 194.9 183.4 173.1 170.7 170.4 172.2 168.7 165.1 165.8 163.3 136.2 149.1 154.3 136.6 141.7 155.4 151.9 148.2 135.9 113.6 103.8 101.9 81 55.1 34.5 16.8 2.7 -1.8
39.7 57.4 75.2 82.4 104.8 121.4 128.6 140.5 132.1 154.3 181.3 204.5 226.1 244.3 244 262.9 275.8 262.1 228.6 209.7 215 229.1 259.9 275.7 267.5 236.6 226 215.8 197.5 181.7 187.9 212.7 215.7 243.4 216.7 210.2 223.5 246.8 214.4 192.9 188.7 195.8 210.8 190.4 223.1 242.5 268.9 308.7 326.3 312.8 284.4 283.9 253.2 234.1 239.5 224.8 197.6 183.8 184 187.2 184.2 190.5 190 158.5 171.4 180.1 156.2 176.7 180.7 167.9 172.6 161.8 134 117.5 112.7 93.4 72 38.6 26.5 9.3 0.8
68.4 72 82.8 94.1 114 137.2 135.6 150.1 157.3 178.8 201.7 233.8 251.8 271.7 267.7 276.7 292.6 286.5 257.1 239.2 241.8 251.6 292 304.3 302.7 290.1 268.4 264.7 266.2 229.6 222 243.4 248.6 271.7 271.9 245.1 265.8 267.9 240.6 213 208.8 215.9 224.4 219.7 239.3 263.9 299.9 351.3 362.6 355.5 327.7 332 307.4 285.8 293.8 286.7 252.6 214 195.1 197.7 200.7 206.4 207 177.1 184.7 198.6 178.9 196.4 207.7 189.6 191.9 189 153.9 139.4 137 116.3 90.2 52 29.6 16.4 -1.8
87.7 96.2 98.8 109 128.9 154.9 155.7 160.1 169.8 189.8 212.9 248.3 269.6 282.1 283.6 293.1 311.8 308.1 284.4 260.8 261.7 275.4 309.9 320.5 321.7 324.7 314.9 297.5 302.9 269.4 260.6 276.5 299.2 324.8 320.9 284.6 289.1 273.1 248.9 234.2 229.1 238.9 240.4 237.9 266.6 294.8 323 380.6 395.2 391.4 397.5 393.5 368.6 346.5 342.9 325.7 292.7 242.8 209.6 207 210.5 215.4 218 204.6 209.3 217.6 211.5 234.6 239.3 217.7 201.1 190.8 164.1 148.7 141.9 127.5 105.9 69.4 39.2 22.7 -1.8
105.8 105 115.5 132.2 153.4 167 176.1 183.7 190.6 206.7 223.9 251.6 276.7 292.4 293.3 303.1 327.7 329.8 310.6 280.6 285 299.1 322.3 334.7 335.8 341.3 344.2 343.4 334.1 318.7 297 310.3 333 347.3 354.2 347.8 320.8 301 272.9 258.6 252.1 255.7 258.5 260.6 281.2 305.1 341.1 386.7 417.6 415.3 423.1 428.3 425.3 419.5 389.9 361.4 323.3 273.4 231.2 217.6 222.1 227.9 229.7 234.6 234.2 236.4 230.1 256 259.6 244.1 226 205.1 177.3 171.8 144.6 129.1 109.2 79.3 52.1 26.8 -1.8
113.4 113.8 133.9 148.7 169.6 183.1 190 201.3 198 208.5 238.9 248.6 272 292.8 299.4 311.4 329.2 338.8 336 308.9 303.2 315.2 336.4 348.3 346.6 356.7 360.2 359.4 355.9 355.1 335 342.2 366.5 379.7 380.8 369.9 349.9 324.8 296.7 281.8 271.8 271.7 279 280.3 315.5 331.2 374.9 425.7 440.3 443.4 463.3 469.1 474.7 466.8 439.7 401.4 346.3 300.1 257.2 238.1 236.7 241.1 246.3 253.9 247.8 251.6 248.3 264.4 274.4 263.2 241.6 224.5 193.2 190.2 164.2 136.8 117.7 81.8 55.3 33.5 -1.8
114.7 120.3 148.4 158.9 181.1 196.8 200.6 206.4 202.8 207.9 234 263.5 281.5 290.1 292.8 312.2 328.6 340.1 338.7 327.6 315.4 325.8 344.5 355.1 357.4 368.2 374.6 371.9 372.9 370.8 372.9 369.9 383.2 391.5 394.4 386.9 369.5 355.5 337.4 306.7 293.9 291.2 306.6 305.2 340.9 350.8 391.9 435 451.7 464.7 484.1 495.9 507 510 489.1 462.9 408.9 353.6 301.4 267.8 250.8 252 257.6 263.3 256.9 259.9 264.5 277.1 284.2 275.3 260.1 233.1 205.3 205.1 174.3 141.8 116.4 90.8 62.8 37.4 11.1
119.8 131 155.3 170.1 194.5 205.8 212.4 212.9 206.2 209.5 237.5 273 292.7 292 297.2 308.7 321.6 334 337.6 334.2 324.9 331.2 349.1 357.3 363.9 376.5 384.9 387.9 388.6 381.9 388.8 389.8 391 396.8 402.3 399 390.4 381 366.5 340.6 320.7 314.1 322.7 331.7 350.1 369.3 406.8 443.2 451.8 465.4 482.8 499.2 507.7 519.8 518.9 498.1 432.6 386.3 341.3 312.8 296.5 279.8 273.7 278.2 264.3 269.8 277.4 288.1 288.4 284.8 276.6 255.2 227.4 224.5 194.2 165.1 119.9 92.7 69.5 45.2 13.4
128.7 138.8 161.6 178.1 200.9 216.9 220.8 214.5 210 215.1 237.8 265.9 286.6 291.2 294.1 310.5 318.8 327.5 340.5 332.2 328.8 337.9 355.9 357.6 365.8 387.1 394.9 405.3 407.1 394.9 398.9 402.3 402.2 406.4 413.1 411.6 405.6 397.5 391.6 380.9 358.1 345.1 363.6 363.8 357.5 374.3 411.6 446 448.3 462.6 476.3 497.3 510.1 511.8 511.4 509.7 449.6 407.3 394.9 356 340.6 328.5 317 293.5 277.6 298.4 300.1 295.6 296.2 286.7 275.1 264.5 244.1 236.9 207.7 179.8 132.8 99.7 74.3 46.1 19.5
133.5 146.9 165.9 185.8 208.9 225.3 226.1 222.5 217.7 219.5 230.8 255.9 268.5 280 300.2 307 316.4 326.4 336.2 329.6 328.7 341.1 360.9 362.6 368.2 389.5 401.4 424.8 426.2 412.1 412.6 411.1 409.8 411 416.5 419.6 412.5 404.9 400 396.1 383.4 370.8 384.4 384.1 369.9 380 406.1 434.1 437.9 453.2 465.3 481.7 495.4 500.5 501.7 507.2 495.3 486.4 453 412.6 394.9 385.6 343.8 314.2 302.9 318.2 315 311.2 317 299 279.1 257.8 246.7 243 219.9 182.9 143.9 104 72.3 43.6 16.9
139.3 147.8 171 189.1 213.4 224.5 227.4 225.9 228.7 227.3 232.1 244 255.4 271 293.1 301.5 312.7 325.5 321.8 324.5 326.7 335.6 354 360.8 368.5 389.2 412.2 442 445.5 430.6 424 421.3 420.8 419.3 423.7 424.3 416.1 414.9 406.6 410.9 412.8 391.7 396.1 393.8 386.1 384.6 406.8 425.2 434.2 454.9 467.3 471.6 487.5 501.3 498.9 503.1 505.9 493.3 464.8 443.4 420.6 405.6 367.7 335 320.3 333.7 327.1 328.5 322.6 305.8 284.4 254.6 230.7 225.2 217.4 182.4 141.1 100.9 64.1 36.6 17.3
146.1 147.7 172.3 192.3 211.4 224.6 226.9 230.7 231.5 226.3 228.2 236.4 246.2 260.4 281.8 300.9 306.4 320.9 315.8 320.2 325.9 335.3 351.3 360.8 371.6 387.8 422.9 450.4 454.7 447.8 434.4 430.2 428.8 428.1 431.9 427 421.9 425.9 415.8 417.9 416.7 402.7 403.4 403.1 398 397.6 406.6 425.4 444 460.9 475.4 484 495.7 513.6 517.1 510.4 506.5 496.8 471 445.4 417 405.2 378 348 331.2 332 325.9 325.4 311.1 294.6 278 254 224.4 203.1 188.9 167.5 131.8 94.3 54.2 28.4 10.7
143.1 154.9 176 200.4 212.8 222.9 219.2 228.1 232.1 226.5 227.6 230.6 235.9 253.9 271.4 296.7 302.9 308.4 304.8 315.4 327.4 336.6 350.9 356.2 369 388.4 428.7 453.9 456.5 452.5 442.3 434.9 431.6 436.8 445.7 434.2 430.7 430.4 422.6 427 422.3 414.6 407.7 410.8 412.6 411.5 403 417.8 441.2 454.4 469.4 484.1 497.8 508.1 510.1 499.8 495.3 488.9 475.7 449.8 429.5 415.3 395.8 359.3 334.3 329.5 328.2 322.2 307.9 271.6 243 217.5 197.7 175.2 153.7 132.5 107.6 82.5 52.3 25.8 7.9
148.5 158.2 176.3 191.8 212.9 216.6 215.1 226.4 228.4 229.8 227.3 229.7 233.7 244.4 264.5 284 294 291.2 298.2 307.5 316.9 329.7 342.5 352.8 371.8 393.9 435.6 467.6 471 464.4 453.1 447 439.8 447.8 453.5 440.5 441 439.9 433.6 431.5 431.9 427 416 418.1 422.7 420.1 412.3 413.3 425.9 445.9 462.7 485.5 489.4 491.2 492.4 485.5 481.1 475.6 458.6 445.1 432.4 419.1 399.8 378.7 355.5 346.9 349 339.2 322.8 279.2 245.5 211.5 184.9 158.3 136.6 113 91.1 70.4 46.7 27 10.5
159.4 165.6 174.5 195.1 209.4 209.9 210.9 216.9 219.5 226.3 227 229.2 232.6 240.8 255.6 270.3 286 281.6 290.7 303.4 308.9 317.2 333.7 353.1 369 396.8 434.4 470.6 482.2 476.5 472 458 456.4 460.5 462 449.4 449 448.1 442.1 439.1 442 436 427.1 427.7 427.6 429.7 420.8 413.3 435.7 449.1 467.6 483.5 482.4 487.5 483.7 476.2 470.9 463.4 457 442.1 426.5 406.7 391.9 380.2 365.9 355.7 356.2 344.7 328.7 291.4 256.2 231.5 203.3 168.4 141.7 118.2 94.5 74.2 51.1 31.7 15.5
166.1 175.2 174.7 189.1 203.2 206.6 209.4 212.7 216.5 220.9 229.8 229.1 230.8 237.9 252.2 266.8 269.2 274 292 307.3 317.6 314.6 328.9 355.7 361.7 388.3 425.3 470.1 487 485.1 482 470.2 461.2 462.5 466.4 457 454.9 454.4 450.9 445.2 442.4 438 432.8 430.3 430.5 432.8 425.9 417.8 439.2 450 460.2 479.6 477 480.5 480.4 467.6 468 463.9 454.7 440.7 424.2 405.3 383.2 366 359.2 354.7 354.3 340.7 327.9 301.9 269.1 249.4 222.6 179 147 121.3 95.2 75 53.1 36.9 28.2
173.1 184.6 180 188.5 198.2 203 209.6 212.1 210 220.1 222.9 223.9 231.7 242.5 253.1 264.1 262.3 273.8 291 307.2 316.1 309.9 324.1 348.4 357.4 380.1 411.2 455.5 491.5 491.1 487.2 480.7 464.6 467.8 469.3 465.7 454.7 456.2 453.5 448.4 435.4 431.7 432.8 427.7 425.5 431.5 430.6 427.7 440.4 445.2 453.3 472.1 471.2 474.8 470 464 466.1 461.1 452.5 433.8 422 403.8 386.5 363.3 361 345.5 339.1 333.1 316.1 293.6 269.3 253.7 225.6 187.5 154.8 129 103.2 81.2 63.8 48 41.1
179.7 183.2 181.6 192.8 195.8 197.5 208.1 213.1 208.5 216.9 214.9 218.4 233.4 245.2 256.3 255.9 255.4 268.6 283.8 298.6 301.9 302.2 322.4 340.4 354.9 374.2 403.4 434.3 485.9 492.3 494.2 485 470.9 468.1 469.1 464.7 462.3 461.7 454.8 445.4 434.6 429.6 426 422.8 421.8 423.7 422.7 424.5 430.7 434.7 442.5 455.3 458.2 461.7 458.4 454.6 453.1 444.3 444.3 433.5 417.7 397.7 379.9 362.3 356.7 341.8 336.8 316.3 286.3 274.1 255.2 240.7 214.6 184.1 154.9 133.1 112.4 99.8 83 59.8 52.7
177.1 180.5 181.8 192.1 192.8 194 201.6 211.4 204.7 213.7 209.6 215.4 231.5 244.3 249.6 248.8 252.7 266.3 278.4 284.1 291.2 298.3 320.3 332.5 350.1 374.8 397.4 423.7 468.5 488.4 495.8 491.2 476.1 471.5 466.8 464.2 466.1 461.6 458.2 449.6 437.4 428.4 420.5 420.9 423.6 423.7 417.3 422.5 425.4 432.1 437.8 460.7 462.5 453.8 447 440.6 436.5 439.9 441.7 430 409.5 391.8 370.1 360.7 350.8 334.6 325.4 312.9 288 275.1 262.3 243.8 217 194.6 172.8 150.9 133.8 118.9 104.6 73 62.4
177.7 181.3 182.9 186.3 190.7 191.8 198.6 203.9 198.2 200.1 205.2 212.2 229.8 242.1 248.1 248.3 249 265 273.1 278.3 288.2 295 318.8 327 345.3 370.7 395.8 425.4 468.8 486.7 491.1 497 487.3 479.3 467.7 463.9 462 464.9 462.7 451.5 439.2 427 419.9 417.4 426.5 424 417.3 425.1 424.9 427.1 438.3 464.5 465.4 457.5 448.6 439.2 424.4 420.2 424.6 424.7 403.4 382.8 363.1 353.6 345.1 329.5 318.3 304.9 306.9 296.3 283.6 270.6 244.9 225.8 203.9 185.5 159.4 135.2 124.3 88.8 71.3
184.4 187.1 184.7 186.5 191.3 190.1 195 199.5 197.6 195 194.2 208.3 228.5 238 248.2 247.5 248.3 262.9 271.6 279.8 290.9 295.4 304.9 320.4 343.5 365.1 396.7 431.8 472.9 487.5 496.9 505 502.6 493.4 477.9 470.3 464.9 464.3 466.8 451.9 439.5 426.3 418.6 417.1 419.8 421.8 419.5 425.9 426.6 428.7 446 464.8 460.1 456.8 449 437.2 440 424.9 422.9 407.1 384.9 368.3 356.2 354.5 353.1 336.8 317.6 305.1 311.3 296 285.4 274.3 255.8 239.6 214.1 201.9 175.6 147.8 133 97 75.6
184.2 189.6 184.4 183.1 187 189.1 196.4 205 201.6 194 189 198.8 219.9 234.6 244.3 244.2 245.6 258.1 270.9 280.2 293.4 296.7 297.7 315.4 343.3 358.8 394.7 433.5 464.8 478.9 493.4 510.6 519.4 500 487.7 478.6 479.4 474.4 466.2 455.5 438.4 426.2 420.6 416.8 417.2 420.7 416 422.7 422 427.6 442.8 458.1 453.7 448.1 445.1 435.6 441 439.4 433.6 409.5 382.1 361.5 349.8 349.9 351.3 328 310 304.2 310.6 293.5 283.3 269.8 255.3 239.1 214.3 205.2 177.5 147.8 121.4 94.7 74.9
169.4 178.6 176.9 173.5 173.2 183.5 192.4 195.4 201.8 192.7 187.5 192.4 210 227.9 244.4 243.9 245.9 249.5 266.2 277.6 293.5 296.8 295 315 333.1 353.4 380.4 412.9 454.7 469.7 482.3 503.4 525.3 519.2 492.2 484.4 490.1 486 470.8 454 435.1 427.7 419.9 411.8 406.1 411.7 408.6 422.8 417.4 425.5 433.3 447.6 437.2 439.6 434.4 432.2 438.2 427.5 416.5 392.3 370 351.3 344.5 341.6 339.4 320.4 311.8 299.5 301.3 295 283.5 271.6 256.2 234.2 212.6 201.8 179.6 162 139.6 100 80.5
160 150.5 151.3 162.3 161.7 171.4 178.9 184.6 186.1 187 182.1 188.3 206.8 224.7 246.2 243.9 246 247.4 259.6 266.4 279.9 287.6 288.9 313 337.1 350 369.3 398.7 443.1 474.3 479.5 504.6 531.3 539.2 508.7 491.2 489.8 484.5 469.7 447.3 431.7 422 409.4 403.3 400 398.9 402.7 411.9 411.1 425.4 432.2 440 433.1 430.6 420.8 415.2 413.6 407.5 389.6 372.2 350.7 346.8 342.6 334.9 323.2 314.9 311.1 297.4 291.8 289.9 281 267.8 254.7 228.6 210.8 198.8 183.9 173.6 144 109.7 90.2
141.9 145.8 146.6 151.4 150.1 160.4 170.6 175.3 173.4 174.5 171.6 189.7 205.2 220.8 234.9 232.6 241.7 244.7 252.9 260.4 272.7 274.9 282.2 305.1 331.4 351 365.4 389.6 423.7 460.7 477.5 503.2 528.6 545.1 527.1 497.7 487.8 479.8 463.9 439.3 423 413.7 401.4 390.7 386.7 384.6 396.8 407.8 406.1 415.4 429.4 435.3 434.3 432.5 417.4 403.8 396.5 393 374 356 345.7 343.7 332.8 323.2 315.6 310.4 306.3 298.2 284 276.5 270.8 259.1 244.5 230.4 216.2 206.7 197.3 181.2 151.1 124.4 104.8
