WholeMapElevations/data/tq/tq11_OST50GRID_20230518/TQ11.asc
ncols 200
nrows 200
xllcorner 510000
yllcorner 110000
cellsize 50
[rows 78 to 116 of 200, columns 0 to 87 of 200]
32.1 33.2 33.6 34 34.9 36 36 35.8 36.2 36.6 37.2 37.7 38.1 38.7 39.2 39 38.6 37.4 36.1 35.5 35 34.3 34 34 33.1 34.1 35.1 34 32.6 32.6 33 32.8 32 31.1 30.8 30.5 30.2 29.9 29.4 28.2 28.2 27.3 26.7 27.3 28 29.1 29.3 28.6 28 27.4 27.2 27.5 27.2 26.2 27.6 28.6 29.6 29.9 30.1 30.7 30.9 30.8 31.2 31.8 32.2 32.1 31.8 35.7 32.8 34 32.5 30.6 29.3 27.8 27.5 28.2 29.6 31.4 34.2 37.7 40 39.7 39.6 39.4 38.1 37.5 36.3 34.4
32.8 33.6 33.1 33.4 33.8 34.2 34.9 35.7 36.3 36.7 37 37.3 37.4 38.3 39.3 38.6 38.2 37.7 37.1 36.4 35.8 35.4 35.3 35.1 34.9 34.7 34.8 34.3 33.4 33.6 33.7 33.2 32.4 31.6 31.3 31 30.5 29.6 28.7 28.2 27.7 27.3 27.9 28.4 29 30.2 29.6 29.1 28.6 28.2 28.1 28.3 28 28 28.9 29.4 29.7 30.3 29.9 29.8 29.7 29.7 29.8 30.5 31 30.6 30.2 32.9 29.7 30.3 29.7 29.1 28.3 27.6 26.6 26.8 28.9 31.1 33.6 36.7 39.5 38.4 37.4 36.7 36.4 36.8 36 33.8
32.8 34 33.8 33.6 34 34.6 35 35.8 36.3 36.8 37.2 37.8 38.4 39 40 39.5 39.2 39.3 38.8 38.2 37.9 37.6 37.2 36.9 37 37.1 36.3 35.5 35 34.7 34.8 34.2 33.4 32.6 31.8 31.2 30.7 29.9 29.2 28.6 28.5 28.5 28.6 29.2 30.9 31.8 30.9 30 29.4 28.5 28.8 29 28.6 28.4 28.6 29.8 29.9 30.4 30.1 29.8 29.8 29.7 29.6 29.4 29.8 29.6 29.4 29.8 28.2 28.7 28.9 28.8 28.7 28.2 26.9 25.4 28.2 29.9 32.3 36.1 37.8 37.4 36.4 35.2 35 35.4 35.7 33.4
32.7 33.4 34.1 33.9 34.5 35.1 35.4 35.8 36.5 37.2 38.5 38.9 39.5 40.6 40.9 41.3 41.4 41.3 40.8 40.4 40.3 40 39.7 39.4 39.5 39.4 38.7 37.7 37.2 36.9 36.4 36.3 34.7 33.7 33 32.1 31.8 31.7 31 29.7 29.9 30.5 32 32.1 34.1 34.8 33.9 32.9 30.8 30.1 29.5 29.7 29.4 29 28.3 29.4 30.1 30.3 30.3 30 30.1 30.1 29.8 29.2 29.2 29 28.9 28.7 26.9 27.3 27.8 29 28.9 28.5 27 25 27.7 29.8 32.6 35.3 36.5 36.2 34.9 33.3 33.5 33.9 34.4 33.1
34 35.2 35 35.2 35.5 36.4 36.9 37.9 38.4 40.2 42.4 42.8 43.2 44.5 44.6 44.9 45 44.9 43.9 43.6 43.8 43.4 43.1 43 42.9 41.9 41.6 40.2 39.6 39.3 39 38.1 36.9 35.9 35.6 35.5 35.6 36 34.7 34.5 35 35.7 37.3 37.6 38.1 38.2 37.8 36.8 35.8 33.9 31.8 31.3 32 29.8 28.6 29.6 30.4 30.3 30.2 30.3 30.4 30.5 30.1 29.5 28.7 28.5 28.3 27.2 25.8 26.1 27.1 28.3 28.8 28.1 26.7 24.8 27.5 30.1 33.1 34.7 35.1 34.2 33.1 31.5 31.9 32.5 32.9 33.6
35.6 37.4 37.9 37.3 37.4 38.9 38.9 40 41.7 43.9 46.3 46.8 49.1 51.3 50.7 50.4 50.3 50.5 50.6 49.8 49.6 49.3 49.1 48.5 48.9 48.1 46.9 46.1 45.7 44.7 44.9 44.8 43.9 43.2 43.3 43.2 42.9 42.3 40.7 41.3 41.1 41.9 43.2 43.5 42.9 42.3 41.5 40 38.9 37.3 35.2 33.4 32.3 31 29.9 30.8 30.7 30.4 30.3 30.3 30.6 30.8 30.5 30.1 29.4 28.2 28.4 25.1 25.6 25.9 25.8 26.8 27.5 27.5 25.9 23 25.7 28.4 30.6 32.1 32.8 32.9 31.5 29.7 30.3 31 32.3 33.4
39.7 40.6 40.8 41.8 42.1 43.3 44.9 46.7 48.9 51.9 53.4 55.3 58.2 59.6 58.2 58.6 60.2 60.9 61.1 60.6 60 59.4 59.8 58.9 57.9 57.3 56.5 55.6 54.4 53 52.8 53.1 52.5 52 51.3 50.3 49.3 47.1 46.6 46 46 46.7 46.3 45.6 44.7 43.6 42.6 41.4 40.6 39.3 37.8 35.9 32.7 31.1 30.8 31.1 30.7 30.6 30.4 30.4 30.2 30 30.3 30.6 30.2 29.4 28.3 24.3 26.9 26.5 25.2 25.1 25.8 25.9 25.6 24.5 24.3 25.7 27.3 28.6 29.6 30.6 30.8 28.5 28 27.8 28.7 30.9
45.7 45.4 45.5 47.4 48.2 49.4 52 54.4 55.6 56.5 57.4 59 60.3 61.4 63.1 63 64.7 64.1 64.7 64.9 65 64.9 64.1 63.8 63.7 62.9 61.8 60 59.3 58.9 58.7 56.5 53.7 53.6 53.8 51.8 50.2 50.2 47.8 45.2 45.1 46.6 46.6 45.4 43.7 42.2 42.1 40.7 40.1 38.8 37.6 34.6 33 31.2 30.6 30.8 30.4 29.6 29.4 29.3 29.2 28.8 29.2 29.5 29.4 28.3 26 24.8 27 26.4 25 23.8 24.6 25 24.9 23.7 21.5 24.2 24.6 25.1 26.1 27.7 28.1 26.1 25.9 26.1 27.4 29.2
49 49.1 48.7 48 47.8 49.3 51.3 53.3 53.9 54.5 55.2 55.9 57 58.4 59.7 61.4 62 62.6 62.2 62.8 62.7 61.9 61.2 60.7 60.4 59.7 58.4 56.7 56.1 55.4 55.6 52.7 52.7 52.5 52 50.2 48.6 47.2 45.7 44.2 43.6 43.8 43.2 41.4 41.2 41.4 39.2 38.9 38.1 36.1 35.4 32.6 31.8 31.4 31 30.6 30.5 29.7 28.4 27.5 27 26.2 27.1 27.1 27 27.3 25.3 25.9 26.2 26.3 25.2 24 23.1 24.3 24.1 24 22.1 20.7 21.1 20.6 20.6 21.2 23.1 23.7 23 22.6 24.4 27.1
47.6 48 48.3 48 47.5 48.7 50.4 51.9 52.3 52.6 53.1 54.1 55.4 56.7 57.9 59.4 59.9 60.4 60.4 59.9 59.5 58.5 57.5 56.9 56.2 56.1 54.8 53.6 52.9 52.2 51.5 51.1 50.5 50 49.3 47.5 46.1 44.7 43.7 43.9 40 36.4 36.7 36.5 36.7 36.7 36.4 36.4 35.4 34.3 34.5 34.1 34.2 34.1 33.1 32.2 30.6 28.9 27.4 26.4 26.5 26.2 25.5 23.8 24.8 26.1 26 25 25.6 25.7 25.3 23.7 22.2 23 22 22 21.6 19.1 20.1 19.4 19.6 18.6 17.7 19.4 18.5 18.7 19.7 22.1
45.4 46.2 47.1 48 47.3 48.4 49.6 50.2 50.7 51.3 52.4 53.9 54.7 56.1 57.6 59 60.3 59.9 59.4 58.4 57.5 56.5 55.3 54.3 53.5 52.7 51.8 50.9 50 49.8 48.9 48.3 47.8 47.3 46.6 45.5 44.7 45.3 45.9 46.7 45.5 44.6 41.9 40.9 43.6 46.3 44 42.5 40.1 36.1 37.3 37.9 37.6 37.3 35.4 33.3 30.1 28.6 27.7 27.7 28.2 28.4 27.6 26.5 25.6 27.4 24.3 23.9 23.5 23.3 23.1 21.9 21.2 20.5 20.7 21 22.6 24.4 23.1 21.9 21.9 21.4 19.8 19 18.3 17.5 16.7 16.9
45.3 46 46.7 46.8 47.3 48.2 49 50.3 50.9 52.2 53.6 54.5 54.8 55.7 56.9 58.6 60.6 61 60.2 58.9 57.7 56.6 55.3 54 52.9 52 51.7 51.6 49.5 48.9 47.7 47.1 46.5 45.9 45.4 45.2 46.6 48.5 49.4 50 48.1 46 43.6 42.3 45.4 48.3 48.5 46.1 43.6 41.5 41.4 41.2 40.5 38.3 35.9 32.7 29.6 28.7 29.2 30.1 30.8 29.8 28.7 28.2 29.4 25.9 25.3 24.9 24.5 24 23.8 23.8 23.3 21.8 22.1 26.2 26.6 26.3 25.8 24.6 24.3 23.4 22.6 21.9 20.6 19 18.4 19.3
45.4 45.9 46.6 47.3 47.4 47.6 48.4 49.6 50.8 52.4 53.4 53.9 53.9 54.9 56.3 58.3 60.8 62.7 61.4 60.1 58.7 57.3 55.9 54.7 54 54.2 54.5 53.7 51.8 49.8 48.1 47.4 46.7 46.1 45.3 45.4 47.4 49.6 51.5 51.1 48.9 45.9 43.9 42.6 45.3 47.7 49.2 47.8 45.4 44.5 43.7 43.5 41.5 38.5 35.4 32.2 29.1 28.3 31.5 33.8 33 31.4 30.6 29.6 27.4 27 26.4 25.9 25.4 24.3 24 24.5 24.5 23.4 25.8 27.9 28.4 28.2 27.7 27.2 26.3 25.4 23.8 21.7 19.1 20.3 21.4 21.4
45.7 46.3 47.2 47.2 47.2 47.3 47.1 47.1 48.2 49.7 51 51.8 52.3 53.3 55.4 59.1 61.9 64.2 62.7 61.4 60 58.6 57.1 56.3 55.8 56.8 57.3 56.1 52.9 49.9 48.9 48.2 47.5 47 46.1 45.7 47.1 49.3 51.6 50.6 48.3 45.3 43.3 42.9 44.6 47 48.7 49 48.5 47.6 46.2 44.7 41.5 38 34.8 31.7 29.3 30.3 34.5 36.5 34.4 32.3 31.2 29.7 28.8 28 27.2 26.6 25.4 24.5 24.2 24.6 25.3 25 28.3 29.6 30.5 30.2 29.7 29.2 27.7 25.8 23.1 19.2 20.4 22.3 22.6 22.8
45.6 45.4 45.4 46 45.9 46 46.2 47.6 48.1 48.5 48.8 49.5 50.3 52.1 54.5 58.5 62.7 65.6 64.2 62.8 61.5 60.8 60.1 59.8 59 58.9 59 56.2 53.7 51.1 50 49.1 48.5 47.9 47.5 47 47 48.7 50.4 49.6 47.5 44.8 43.3 44.3 45.8 47.3 48.6 49.7 49.1 47.8 47.6 44.8 41.3 37.9 34.4 31.6 30.9 32 34.4 33.5 34.6 34.4 33 30.2 29.2 28.4 27.3 26.4 25.2 24.7 24.5 24.4 25.1 27 29.6 30.9 31.3 31.3 30 28.8 27.1 24.3 20.6 21.3 23 23.7 24.1 24
42.9 42.8 43.4 44.6 45 46 47.3 48.6 49 49.2 49.4 49.7 51.4 53.7 55.7 59.2 63.4 66.7 66.7 66 64.8 64.3 62.8 61.8 62.4 61.3 58.5 55.6 53.8 52.8 51.2 50.3 49.7 49.5 49 48.4 47.9 48.7 48.1 47.4 46.2 44.5 44.7 44.9 46.6 48.5 49.7 49.8 49.2 47 45.8 43.7 40.3 36.7 33.2 30.8 31.9 33.2 33.5 38.4 38.6 36.5 33.7 30.8 29.5 28.6 27.2 26 25.4 25 24.7 24.5 25.1 27.9 30.4 30.8 31 29.6 28 26.7 23.6 20.2 22 24.1 24.7 25.2 25.3 24.5
42.4 42.5 43.2 44.9 46.1 46.7 48 49.2 50.4 50.5 50.7 50.7 52.9 55 56.8 59.6 63.8 67.3 68.3 68.4 67.3 65.6 63.8 62.1 63.4 60.9 57.7 56 54.2 53 52.3 51.4 51 51.1 50.6 50 49.4 46.9 45.9 45.8 45.6 45.3 45.4 46.1 47.4 48.6 50.1 50 47.5 46.4 45 42.4 39 35.4 32.5 31.4 33.2 34.5 37.8 39.9 39.8 37.4 34 31.4 29.8 28.8 27.7 26.3 26 26.1 25.8 25 25.8 26.5 29.4 29.6 29.3 28 26.1 21.8 21.6 23 23.6 25.6 25.9 26 25.4 24.7
41.4 42 43.8 45.1 46.4 47.4 48.5 49.6 51.3 52.1 52.3 52.3 54.1 55.7 58 60.1 63.9 66.6 68.6 70.2 68.1 66 64.5 63.1 62.2 60.2 58.9 57.3 56 55.9 54.7 52.7 53.3 52.7 52.1 51.5 49.3 47.9 47.4 47.2 47.1 46.7 46.7 47.6 48.8 49.9 50.4 50.1 47.4 44.9 42.2 40.8 36.1 34 32.9 32.7 32.2 35.2 38.3 40.1 40.4 37.7 34.5 33 30 28.7 27.5 26.8 26.7 26.9 26 26.6 27 27.3 27.8 26.5 25.2 23.9 23 23.3 24.9 25.8 26.4 26.3 25.6 25.6 25 23.4
42.5 43.4 45.1 46.2 47.3 47.6 48.7 50.1 51.7 53.4 53.9 53.8 54.5 55.9 57.7 60.3 63.1 65.5 67.2 69.3 69.4 66.5 64.7 63.3 62 60.9 60.1 59 57.8 57.2 57.7 57.8 55.8 53.5 53.1 52 49.7 49.6 49.2 48.8 48.5 48.2 48.7 49.5 49.9 50.7 51.3 49.7 46.7 45.2 41.2 37.2 33.4 32.4 32.3 31.2 32.4 35.5 38.4 40.2 40 38.5 35.7 31.7 30.4 29.1 27.7 26.7 26.4 27.2 26.5 26.9 26.7 27 26.9 25.4 24 22.6 23.1 24.6 26 27.2 27.1 26.4 25.8 25.2 23.6 21.6
41.9 44.4 46.1 46.3 46.2 46.5 48.8 50.9 52.4 54 55.5 55.5 55.5 56.1 57.2 59 61.3 64 66.5 70 71.5 68.4 65.7 63.5 62.3 61.3 61.2 61 59.6 58.3 60.8 61.4 58 54.1 52.8 51.6 51.9 51.4 51 50.5 50.1 50.1 51.3 52.4 52.3 52.3 51.9 49.4 46.8 45 41.7 37.5 33.3 32.5 33.7 32.9 32.6 35.6 38.5 40.4 40.5 37.7 34.6 32.1 30.7 29.3 28 27.1 26.5 26 26.4 27.2 26.9 26.6 26.3 25.1 23.9 22.7 23.7 25.1 26.5 27.5 27.2 26.6 26 25.1 23 20.6
41.8 43.7 44.5 44.2 45.4 46.8 49.4 52.1 53.7 55.4 57.3 58.3 58.1 57.8 59 60.3 61.2 63.6 66.6 71.9 77.3 70.7 67.8 64.8 63.3 62.5 62 62.4 62.6 63.1 63.1 59.7 57.8 55 53.5 52.9 53.7 53.3 52.9 52.6 52.3 53 54.3 55.1 55 54.9 52 49 46.2 43.5 39.5 35.5 34 34.9 36.4 35.5 34.2 37 39.3 40.2 40.2 37 33.9 32.3 31 29.6 28.3 27.6 26.9 26.3 26.8 27.3 27.2 26.3 25.7 25.1 24.3 23.1 24 25.3 26.2 27.1 27.4 26.8 26 24.8 22.6 20.7
41.2 42.5 43 44.4 45.6 47 49.9 52.6 55 57.4 59.2 61.8 60.9 60.9 62 63.6 63.5 64.5 69 74.6 78.6 78 69.6 66.7 65 64.8 64.9 66 66.5 65.5 62.9 61.6 61.5 57.3 56.5 57.1 55.4 55.1 55.1 55 54.7 55.9 57.2 57.8 57.7 55.1 52.2 54.8 43.8 42.2 37.3 35.3 34.9 38.2 40.5 38.6 36.1 38 38.8 39.7 40 36.9 33.9 32.6 31.2 29.8 28.7 28 27.4 26.7 26.7 26.7 26.2 25.6 25 24.5 23.9 23.3 24 24.9 25.8 26.8 27.3 26.9 25.9 24.5 22.2 22.2
41.3 42.3 43.6 44.5 45.9 47.5 51.5 53.4 54.2 57.1 63.9 66.2 65.1 64.9 66.6 67.4 66.8 66.3 70.7 77.4 86.6 85.3 71.9 68.7 66.8 67.5 68.5 69.4 71 69.3 65 66.9 66.3 64.6 63.2 59.5 57.3 55.9 55.8 56.6 58 58.8 59.4 59.8 58.9 56.2 52.9 51.8 42.9 42.2 36 34.5 37.9 42.6 45 42.3 38.2 38.1 39 39.8 40.2 37 34.2 32.8 31.4 30 29.2 28.5 27.9 27.6 27.4 27.1 26.5 26 25.5 25 24.5 24 24.3 25.1 25.9 26.6 27.2 26.9 25.5 24.2 21.5 23.7
41.8 43.7 45.1 46.7 49.3 52 55.7 55.9 55.7 57 63.4 70 70.5 71.3 73.3 73.7 69.5 68.4 71.8 79.6 89.4 87 77.9 70.6 70.1 70.3 72.1 76.3 84.3 72.9 72.7 70.5 68.6 66.3 62.8 61.3 58.3 57.1 58.7 60.2 61.5 62 61.8 61.6 60 56.5 52.9 50.5 42.5 40.7 36.7 37 42 46.9 48.3 44.6 39.2 37.5 39.1 40.5 41 38.2 35.7 33.6 32 30.4 29.7 29.2 28.6 28.6 28.4 27.7 27.1 26.6 26.1 25.6 25 24.9 24.8 25.6 26.4 26.9 26.9 26 25 23.4 21.5 24.8
42.1 43.6 45 47.3 50.6 54.1 57 58.8 63 61 63.5 68.1 73.5 76.2 77.9 77.7 74.4 70.9 72.2 81 87 83.7 76.6 72.4 72.4 73.6 77 79.7 76.9 72.8 71.9 69.2 66.5 64 62.4 61.2 59.5 59.2 61.3 63.7 64.7 64.9 63.7 62.3 59.1 55.2 55.5 46.1 43.3 39.4 36.9 39.1 45.6 52.1 51.6 47 42.1 38.6 39.1 40.2 41.1 39.6 37.3 35 32.9 31.4 30.4 29.8 29.2 29.5 29 28.2 27.6 27.1 26.6 26.1 25.6 25.3 25.1 25.8 26.5 26.5 26.1 25.7 25.2 24 21.8 25.2
42.3 43.8 45.7 48.1 50.6 55 63.5 64.1 64.2 72.6 69.3 66.2 69.2 71.8 77.7 81 83.5 77 74.5 78.3 81.2 80.1 77.3 75.1 74.2 79.8 76.8 77.9 71.8 69.4 67.6 65.3 63.2 62.2 61.3 60 60.9 61.4 63.3 65.3 66.5 65.4 64.3 60.9 58.8 54.4 51.3 44.2 43.4 38.1 34.1 39.8 46.7 53.7 53.6 49.1 44.3 41.6 40.3 40 41.7 40.5 38.8 36.5 34 32.4 31.5 30.5 30.3 30.3 29.6 28.8 28.2 27.7 27.2 26.7 26.3 25.9 25.4 25.8 26.2 26.4 26.2 25.9 25.5 24.7 22.5 25.1
42.7 44.2 47 49.9 52.1 57.8 62.6 63.5 63.8 65.6 64.3 63.6 64.3 66.2 71.8 75.5 79.2 78.7 76.1 77.8 79.8 79.4 77.9 78.1 79.6 76.4 77.7 74.3 67.9 66.5 64.7 62.9 61.6 60.7 60 59.7 61.3 62.9 64.5 66 67 65.6 63.7 60.8 56.8 52.7 48.5 44.2 43.6 38.5 34.6 39.7 45.7 54.5 55.4 51.8 47.9 45.4 43.6 43 43.9 42.1 40 38.1 35.6 34.4 33.5 32.5 31.6 30.9 30.1 29.3 28.7 28.2 27.7 27.4 27 26.7 26.3 26.1 27.5 26.3 26.1 25.9 25.7 25.3 22.9 24.8
43.2 44.9 48.3 51.7 53.9 58.6 66.8 72.9 66.9 62.2 60.4 60.9 61.4 62.7 65.9 68 71.9 74.2 74.3 74.7 77 78.9 79.1 79.6 84.9 78.8 81.4 73.1 68.3 65.1 62.6 61.1 60.1 59.2 59.3 60 61.8 63.3 64.6 66 66.3 65.3 63.4 60 55.9 51.6 48.8 45.7 43.1 39.1 34.5 40 45.7 54 56.8 56.5 52.9 50.4 48 45.2 46.4 47.3 45 43.1 40 37.4 36.2 33.2 32.7 31.9 30.7 29.9 29.3 28.8 28.5 28.1 27.8 27.4 27 26.6 26.7 26.8 26.5 26.1 25.7 25.5 24.1 25.8
43.8 46.3 49.7 52.9 56.4 61.5 66.4 70.1 62.2 58.2 57.2 57.5 58.3 60.1 61.9 63.8 66.6 69.7 71.3 71.1 72.7 75.8 81.4 83.9 78 79.5 77.6 70.4 67.1 64.9 62.7 60.2 58.4 57.8 58.3 59.8 60 60.8 63.8 65.4 64.9 63.2 62.9 60.3 56.4 51.9 49.1 45.9 42.5 39.7 35.9 39.8 45.5 54.2 58 58 57.6 55.5 53.1 48.9 49.7 53.4 53 50.3 46.8 43.5 38.4 35.2 34.1 33.1 31.9 30.7 29.9 29.6 29.2 28.9 28.5 28.2 27.8 27.4 27.1 27.3 27 26.6 26.3 26.1 23.7 25.1
44.9 47.6 49.3 52.6 58.2 61.4 62.4 61.3 57.8 56.7 55 55.4 56.4 58.4 60.8 62.1 64.4 66.9 68.7 70.1 75.2 79.7 85.4 91.8 79.3 82.1 75.4 71.4 68.4 66.2 63.6 60.9 58.8 56.9 56.2 58.4 59.1 60.5 62.3 63.1 62.9 61.2 60.8 59.8 55.4 51.5 48.1 43.4 42.3 39.8 37.4 39.3 45.2 53.3 57.7 59.2 60.1 59.4 57.1 53.7 54.4 59.2 60.1 57.4 53.8 48.3 42 37.6 35.2 33.7 32.4 31.7 31.2 30.6 30 29.6 29.3 28.9 28.6 28.2 27.9 27.7 27.5 27.4 27.3 26.9 25.2 24.7
46.1 47.3 48.2 50.4 53.2 57.3 57 55.8 54.6 53.8 53.3 54.5 56.3 57.6 60.4 61.3 63.4 65.3 68.2 74.7 78.9 86 90.4 95.8 83.4 83 76 72.2 69.6 67.1 64.5 61.8 59.5 57.6 56 54.6 55 57 59.5 60.4 59.8 58.9 60.1 58.8 55.5 50.5 46.8 41 40.6 40.4 37.5 39.3 44.7 53.3 57.3 58.9 60.2 60.7 60.7 59.8 60 63.3 63.9 62.5 57.8 51.5 46.5 41.2 36.8 34.3 33.9 34.1 33.5 33.2 32.2 31.7 31.2 30.4 29.6 29 28.6 28.4 28.5 28.4 28.3 27.8 26.7 25.1
48.2 47.1 46.7 47.9 51.3 53.7 54 53.9 52.8 52.4 52.6 54.6 57.1 57.4 58.2 62.6 65.1 67.9 68.2 73 78 82.3 84.5 86.3 85.8 79.6 75.7 72.7 69.8 67.2 64.6 61.9 59.9 58.7 57.4 53.5 52.2 53.8 54.6 55 55.3 53.7 54.3 54 50.6 44.8 41.9 42.8 42.4 41.5 38.3 39.6 44.8 52.6 56.3 58.4 59.5 60 60.9 61.5 62.2 63.2 64.6 64.5 61.7 56 50.6 46.2 41.5 39.5 38.6 39.9 39.7 38.5 36.2 34.5 33.5 32.7 31.6 30.7 30 29.5 29.5 29.4 29.2 28.7 27.9 25.6
49.5 46.9 46.8 47.3 50.2 52.3 52.4 52.1 51.9 51.9 52.2 54.7 57.1 56.9 57.3 62.6 69.5 72.1 67.8 71.1 77.6 72.9 73.5 79.1 81.3 80.9 75.1 72 68.9 66.1 63.5 61 58.9 58.1 55.7 54.2 52.4 52 49.7 48.9 50 47.7 47.9 44.6 43.4 43.5 43.8 45.6 43.2 41 38.8 39.5 47.4 52.7 54.6 56.8 58.2 59.5 60.9 62.1 63 63.9 64.8 64.5 62.4 58.8 55.4 51.5 48.8 47 47.5 48.2 47.8 45.1 42.4 40.6 38.7 36.4 33.8 33 32.4 31.8 30.5 30.3 30.1 29.5 28.7 27.8
50.4 48.3 48.1 48 47.8 49.3 51 51.2 51.7 52 53.3 55.5 53.9 54.2 57.9 67 72.1 69 64.5 68.4 69.9 69 68.9 72.3 76.6 76.7 74.3 71.1 68 65 62.4 59.9 58.7 59.2 58.9 56.9 53.9 52.9 51.2 51.4 49.4 47.3 46.1 46 46.9 47.8 48.2 48 43.6 41.6 38.5 39.6 48.2 52.2 54.5 56.4 57.9 59.2 60.9 62.2 63 63.9 64.5 63.9 63.4 60 60.3 58.2 55.9 55.5 55.8 56 54 51.3 48.6 46.8 44.5 42 38.4 38.1 37.1 35.2 33.3 32 31 30.6 30.2 28.9
51.1 50.9 51.1 49.1 49 49 49.2 51.2 52.5 52.5 54.3 57 53.7 56.7 65.3 65.2 66.5 63.5 61.9 63.9 64.8 64.8 66.6 71 74.7 74.2 72.6 70.5 67 63.9 61.4 61.2 61.8 62.3 62.5 59.4 56.3 53.8 53.2 52.7 51.1 49.1 50 51.6 51.8 51.6 50.1 48 44.1 41.6 39 42.2 47.2 50.6 53.3 56.3 57.6 59.4 61.1 62.4 63.1 63.9 64.1 64.2 63.8 62.4 62.1 60.9 60 59.7 59.6 59.8 58.4 57.5 54.8 52.5 50 47 44.5 42 40.1 38.1 36.3 34.6 33.2 32.4 31.7 28.9
52.1 53.3 53.5 50.1 50.2 48.8 42.9 44.9 49.3 51.3 52.8 52.8 51.9 56.8 64.2 62.8 62.6 60.9 59.4 59.9 60.9 62.3 65.1 70.8 73.1 72.4 71.2 70.1 67.2 64.1 62.9 63.3 63.9 64.3 64.1 60.7 57.6 56.4 55.2 54.6 53.9 53.2 54.8 54.7 53.6 52.5 51.3 49 44.4 40.9 39.6 43.1 46.5 49.6 53.5 56.1 57.8 59.5 61.2 62.6 63.3 64 64.5 64.4 63.7 62.6 61.5 60.4 59.5 59.2 58.8 58.2 58.5 58.2 57.4 56.2 54.4 52.2 48 45.1 43 41.1 39.3 37.5 34.7 34.2 31.9 29.2
53.8 56.9 54.7 50.3 49.6 45.5 40.6 41.8 44.7 46.2 47.6 51.5 50.1 53.3 58.7 60.7 59.7 58.2 58 58.5 59.7 61.5 64.8 69 72 71.1 69.8 69.2 68 67.6 66.6 65.5 65.6 66 65.5 61.7 58.8 59 57.2 56.6 57.2 57.4 56.3 54.8 54.2 53.2 51.6 49.6 44.9 39.1 43.2 50 52.3 53.4 54.2 56.7 58.1 59.7 61.4 62.7 63.4 64.1 64.3 64.4 63.3 61.9 60.5 59.3 58.1 57.9 57.1 56.3 57 56.3 55.4 55.4 54.1 53.7 51.5 48.6 46.1 43.9 41.6 39.4 37.2 35 32.4 29.9
57.8 58 53.3 48.8 46.1 44.7 40.9 40.8 43.1 43.9 44.9 51.4 50.4 51.3 55.1 58.1 57.4 57.5 56.9 57.6 59 61.5 64.3 66.2 69.4 69.3 68.2 68.7 69.2 68.9 67.9 67 67 67 65.2 63.3 62.3 62.1 60.3 59.2 59.2 58 56.4 54.8 53.2 53 50.8 48 45.6 40.9 45 50.9 53.6 54.9 55.7 56.9 58.4 60 61.6 62.7 63.1 63.4 62.5 62.5 63.3 61.4 59.6 57.9 56.7 56.2 55.4 54.6 55.3 54.4 53.4 52.7 52.5 52.3 51.8 50.2 48.7 45 42.4 40.2 37.3 34.9 32.8 30.7
58.7 60.1 48.1 39.7 31.8 28.8 30.9 31.5 35.3 39.9 42 49.8 51 51.6 53 56.8 58 57 56.3 56.2 57.5 60.6 63 64.1 65.5 66.6 67.4 68.8 69.9 70.1 69.2 68.5 68.4 67 66.1 63.5 65.4 65 63.5 59.5 57.9 56.1 54.7 53.6 51.3 49.1 47.6 47.9 45.2 40.2 44.9 49 51.5 53.8 55.8 57.4 58.4 60 61.7 62.4 62.3 61.6 60.7 60.5 62.1 60.1 58.7 56.5 55.2 54.5 53.7 52.9 52.2 52.4 51.6 51.2 51.2 51 50 49.4 48.9 46.5 43.4 41 38 34.4 33.3 30.4
