UK/data/nr/nr89_OST50GRID_20230518/NR89.asc
ncols 200
nrows 200
xllcorner 180000
yllcorner 690000
cellsize 50
[rows 78 to 116 of 200, columns 87 to 173 of 200]
66.5 62.1 55.2 58.7 67.9 78.3 68 70.2 59.8 45.4 33.3 26.3 25.2 24.8 25.8 26.5 26.9 27.7 29 30.7 33.1 40.4 52.7 47.9 51.8 61.1 74.7 83.8 88.3 93.2 96.8 105.2 90.7 93.6 100.2 104.6 109.7 123.1 136.2 131.8 128.6 134.6 127.5 112.8 112 110.6 111.6 109 111.4 111.5 116.7 106.9 105 100.4 94.5 84.6 80.9 75.4 57.9 56.1 55.3 53.4 49.4 43.9 40 33.4 33.8 34.7 36 39.9 43.6 49.6 57.3 65.3 73.5 82.2 90.7 101.9 114.5 128.1 149.5 154.6 139.9 134.7 134.2 136.8 143.2
64.5 52.3 51.2 57.6 76.8 67.3 67.4 68 53.1 39.2 26 25 26 32 31.8 26.4 26.6 28.2 30.8 33.7 42.9 54.6 60 49.1 57.5 72.2 83.8 87.1 89.5 99.6 107.3 100.7 102.3 109.6 126.3 118.6 126.6 143.6 151.4 141.8 143 144.2 122.8 115.1 113.3 109.7 108.8 112 123.8 109.2 107 103.6 102.7 101.9 82.1 78.3 73.8 60 55.3 54.4 53.5 47.8 43.9 40.2 38.1 33 33.5 33.9 36.7 42.1 46.2 53 60.7 68 76.1 83.8 92.4 101.6 117.4 130.2 145.3 126 117.9 124.7 126.4 126.4 118.5
50.1 50.1 55.2 57.9 57.1 64.1 66.9 54.4 42.3 28.3 24.3 25.4 36.8 39.7 28.5 26.4 26.6 28.3 31.1 43.7 58.2 58.4 58.1 50.7 65 81.5 85.1 89.6 97.3 105.1 103.2 102.9 112.4 129.4 128.9 125.6 133.2 148.9 146.1 154.7 152.9 131.7 123.1 124 119.3 110.5 109.9 115.3 112.5 107.3 104.4 102.2 103.7 92.2 75 69.5 59.9 56.2 53.9 51.5 48.5 43.6 38.5 35.4 32.2 32.3 32.8 32.9 40.4 43.6 47.5 53.7 59.4 65.7 73.4 80.5 88.5 97.9 111.9 117.3 109.8 109.1 119.6 114.5 107 105.7 91.7
48.5 54 57.5 56.7 56.7 57.8 55.9 41.6 28.5 22.6 25.9 29.4 37 31.2 28.9 26.7 26.7 28.9 39.4 60 69.3 69.3 55 52.8 74.2 85.1 85.2 89.8 98.1 100.8 108.3 125 139.7 152.7 144.1 133.5 139.3 151.2 147.2 164.8 137.8 124.7 132.8 129.5 118.1 115.2 121.9 120.3 106 103.8 103 102.1 92.9 84.8 74.1 60.3 57.7 53.6 48.5 43.4 40.5 36.1 32.1 31.3 32.6 32.9 32.4 34.8 43.1 44.7 45.5 49.8 54 59.9 65.1 71.9 77.8 90.8 98.7 97 99.7 96.9 95.7 85.1 70.1 78.6 65
49 59.2 58.8 56.2 55.3 52 45.7 31 24.4 24.1 28.9 33.6 35.4 31.9 28.3 27.4 28.7 31.6 42.7 63.9 72.4 65.9 52.2 53.8 69.8 81.9 87 89.1 100.1 109 131.7 149.9 162.6 157.8 152.9 152.8 146.5 144.9 147.5 143.3 130.2 141.5 140.9 132.9 123.2 121.1 117.7 109.9 102.9 100.6 103.5 98.9 86.3 81.4 67.7 56.9 53 46.5 41 38 34 31.4 30.6 31.4 32.6 34.1 33.4 32.6 38.8 43.3 43.8 44.8 47.9 52 56.8 63.2 72 82.9 95.6 83.7 76.8 62.4 65.3 56.6 55.2 53 65.7
59.6 56.6 55.9 56 50.7 46.4 35.1 31.6 26.2 23.4 37.5 40.9 36.4 32.9 29.2 35.2 42.4 45 47.8 54.1 57.1 53.6 52.3 52.8 58.3 75.1 86.5 100.5 108.2 130.5 145.6 152.6 146.5 154.4 155.5 154.4 148.7 142.4 141.3 135 138.3 142.4 148.8 129.6 125.8 121.3 114.7 105 101.7 101.2 96.7 87.6 84.5 73.9 62.3 53.2 48.4 43.3 40.3 33.6 31.5 30.4 30.7 31.4 32.6 34.1 34.9 39.8 40.3 38.6 37.9 39.5 45.4 47.1 51.1 54.6 60.8 69.2 72.5 64.6 51.7 49.6 50.2 49.6 49.2 54.7 64.7
61.4 55.4 54.9 53.3 49.9 38.5 31.5 29.1 19.6 35.6 40.2 41.8 39.1 35.4 42.5 60.7 72.8 75 64 59.5 57.5 53.7 52.2 52.3 54.1 65.9 85.5 104.3 127.1 132.8 130.1 146.8 153.1 154.6 156.4 155.7 143.4 140.5 134 138.6 139 148.8 142.1 128.6 124.1 116.9 108.8 104.4 98.5 100.7 89.5 82.5 78.7 70.5 57.8 48.1 46.3 44.9 33.5 29.8 29.9 30.2 30.8 31.2 31.3 33.1 33.1 33.8 33.4 34.5 36.3 37.6 39.2 40.6 42.7 44.4 45.8 51.2 52.6 54.7 45.8 47.3 45.9 46.6 51.3 58.2 68.1
59 54 53.6 50.6 46 32.3 28.1 18.4 29.6 36.5 48.1 45.1 43.5 42.8 64.6 82.7 90.6 87.6 80.4 65.6 59.6 53.2 51.9 54 54.6 60.7 83.5 115.2 123.4 115.4 133.7 132.1 144.7 149.7 152 144.3 141.1 130.1 132 136.2 138.8 139.8 134.8 132.6 123.1 110.5 101.5 94.3 91.8 88.1 84.3 77.9 70.1 60.1 53.9 42.3 42.9 33.5 28.5 29.2 29.1 29.4 29.8 30.3 30.7 31.2 31.7 32.3 33.3 34.8 39.9 45.5 42.2 40 41.3 50.7 46.5 45.9 46.8 46.5 44.1 44.5 43.5 48.3 51.9 61.1 70.9
53.2 54.1 51.9 46 31.7 27.3 16.3 24.9 33 39.8 47 48.1 39.3 56.4 79 90.6 93.4 98.8 91.7 72 59.8 53.1 52.2 53.5 57.3 56.7 81 106 108 129.3 134.5 131.2 137.5 144.7 141.2 134.6 123.8 129.9 132.3 138.3 138.5 138.5 140.4 130.8 120.4 112.1 94.2 86.3 86.5 84.5 78.7 68.2 59.3 54.2 48.3 36.1 33.1 28.2 28.9 29.4 29.2 29.5 29.9 29.9 30.5 31.2 31.7 32.3 33.5 36.2 44.8 49.2 45.9 41.3 47 45.9 45.1 48.3 46.5 46.1 38.9 40 41.3 44 50 52 60.1
51.4 51.1 43 34.1 25.5 13.8 22.7 28.9 34.7 38.9 45.6 40.9 40 64.4 78.9 90.8 106.4 106 100.7 68.6 55.6 53.4 52.3 56.3 57.9 57.9 69.3 101.2 114.5 124.4 121.8 124.7 136.5 135.4 132.3 118.7 125.2 127.9 134.6 138.6 141.7 144.5 141 128.1 115.4 107.4 92.8 85.4 81.8 79.1 70.2 63.9 62 58.5 50.4 34 28.2 28.3 28.7 29.1 29.3 29.3 29.1 29.5 30.2 30.9 31.6 33.3 35.3 42.7 46.1 48.6 50.1 42.3 50.2 45.5 46.8 50.1 44.3 35.4 37.7 37.9 38.6 40.8 42.7 44.8 51.4
44.8 40.4 31.9 21.4 15 15.4 22.7 31.1 34.7 36.4 42.6 38 41.4 66.7 82 98.7 116.4 107.3 83.6 60.9 55.8 55.6 55.3 57.9 57.9 57.9 63.6 81.3 106.4 109.1 112.4 114.7 122.4 127.8 117.4 121.9 136.4 135.8 139.3 142.9 147.7 140.8 133.1 118.9 111.8 100.1 89.3 84.1 79.9 71.4 66 64.7 64.3 59.8 40.5 27.5 27 27.4 28.5 28.9 28.6 28.3 28.7 29.1 29.8 30.6 31.4 35.2 43.2 44.1 45 51.3 45 41.9 43.3 45 51.1 53.3 37.6 37.4 38.9 40.3 41.2 41 39.5 42.2 45.7
39.4 27.4 15.2 12.3 12.4 22.5 24.8 29.8 33.8 33.3 35.1 35.6 44.5 71.2 88.7 105.3 109.1 101.3 68.1 58.2 56.9 62.2 60.9 57.9 57.9 57.9 57.9 67.2 90.9 101.4 108.2 103.5 100.5 110.4 123.3 129.3 135.5 144.9 147.2 148.4 145 136.6 123.3 111 100.8 91.7 85.4 81.7 75.3 69.7 65.7 65.5 61.9 42.5 25.8 26.5 27 27 28.2 28.4 28.3 28.4 29.3 29.5 30.2 30.9 31.6 31.9 34.3 33 34.5 37.8 32.6 31.8 37.2 46.9 44.6 36.9 33.5 36 39.1 39.9 40.8 40.9 42.8 40.6 41.7
27.7 11.1 10 10.7 16.5 24.7 26.3 29.5 34 30.7 30.1 32.5 56.8 74.6 91.5 107.7 108.9 73.9 67.3 59.6 69.1 70.8 60.7 57.9 57.9 57.9 57.9 62 79.6 93.4 91.5 100 108.8 121.7 131.9 137.5 139.3 147.1 155.1 147.4 136.2 121.3 107 97.5 93.3 83.5 80.8 78.9 74.4 69.1 66 59.5 39.6 28 25.9 26.2 26.6 28.2 28.2 28 28.6 28.5 28.5 29.8 28.4 28.8 28.9 30 29.6 30.6 29.6 31 31.5 32 32.7 33.7 34 33.4 37 38.4 38.6 40.6 41.2 41.5 40.9 42.2 44
10.2 9.2 9.5 13.9 19.1 23.5 25.9 29 31.3 29 28.9 33.1 59.2 79.7 99.4 104.1 78.8 67.1 63.8 63.8 76.6 80.5 69.6 56.7 57.9 57.9 56.5 58.1 71.1 84.5 100.7 105.9 130.8 142.1 145.9 143.2 146.6 160.4 152.3 134.8 119.7 103.6 93.1 91.1 84 78.3 79.3 74 72.9 67.9 59.5 38.7 25.1 25.9 25.9 26.6 26.8 27.9 27.8 27.7 27.6 28.2 26.2 27.9 27.1 27.3 27.6 29.1 30.1 30.8 31.5 30.6 31.5 32 33 33.8 32.1 34.4 37.6 39 39.3 40.2 44.4 49.9 47.9 48.4 48.1
9.3 10 16.8 19.6 25.2 30.2 33.3 29.4 28.8 28.1 28.8 32.7 67.6 89.2 96.4 82.3 66.7 64.1 64.1 66.1 82.5 87.2 70.8 60 61.1 58 53.8 59.6 79.8 98.2 106.9 133.1 137.9 151.4 146.3 150.8 153.9 146.4 135.3 112.2 103.7 94.8 90.8 82.8 74.1 72.3 71.8 71.6 70.2 57.7 39.8 24 23.8 25.4 26.1 26.7 26.7 27.6 27.4 27.3 27.2 27.2 27.3 27.6 27.5 27.5 28.3 29.7 30.9 31.1 31.7 30.5 31.5 31.9 33.3 32.7 34.3 35.6 36.9 39.1 40.5 44.4 50.7 55.1 53.6 54.4 59
8.9 12.4 19.1 23.1 29.4 31.1 26.2 25.9 28.1 30.1 30.9 45.6 67.5 77.6 76.6 61.4 62.1 64.2 64.6 71.8 85.2 78.2 70.7 76.9 76.9 60.9 56 59.4 89.2 108 131.7 132.9 141.1 142.2 153.6 146.5 139.7 133.5 118.4 103.3 101.6 88.6 83.1 73.5 64.9 66.6 65.9 66.3 56 39.8 23.1 24.1 23.4 23.8 24.5 25 26 27.1 27 26.2 26.4 26.7 25.9 27.1 28.1 27.8 29.1 33.5 42.6 44.8 45.8 45 38.4 34.6 33.9 34.6 35.2 36.7 38.7 40.9 47.1 55.9 69.9 63.2 66.4 66.5 74
14.2 18.4 18.8 20.4 22.7 22.5 24.1 25.4 28.5 32.2 36.6 48.8 63.7 66.1 61.9 60.3 61.1 63 66 84.6 75.4 71.5 79.8 78.1 73.4 63.6 64.5 66.4 95.2 115.3 123 136.6 137.6 146.2 145.7 130.7 127.1 123.6 104.3 101 91.4 85.5 73.6 59.8 58.6 60.4 60.7 54.8 40.7 22.4 23.2 23.6 22.8 22.2 22.5 23.1 24.2 25.1 25.5 25.8 26.1 26.2 25.7 26.6 27.3 28.3 39.7 40.3 38.3 38.7 42.7 45.7 44.3 44.6 41.6 39.5 39 39.4 41.1 45 58.5 89.3 76 76.4 80 87.6 83.9
15.7 16.9 18.2 18.3 18.8 23.7 25.9 27.5 45.3 49.8 53.2 64.5 76.8 67 64.4 58.5 65.7 65 73.3 72.4 71.7 72.9 83.6 95.6 75.3 75.5 67 65 81.6 104.7 119.9 126.7 131.7 138.8 129.8 122.9 123.5 112.2 97.5 85.9 84.6 75.8 62.2 51.4 53.9 54.1 52.1 39.7 21.1 21.6 22.1 22.3 22.5 22.6 22.1 22.7 24.1 24.9 25.3 25.4 25.6 25.1 26.1 26.8 28.4 39.2 42.3 43 47.7 48.6 43.1 45.2 46.7 53.4 54.5 52.3 47 50.5 53.8 58.6 87.7 84.7 88.6 92.3 100.9 97 92.2
15.1 18.2 18.8 18.1 19 23.9 25.6 29.1 41.6 62.4 68.4 71.4 74.6 64.9 57.9 59.9 63.8 68.4 74.6 72.4 72 80.5 106.8 96.8 74.5 73 80.1 70.7 86.5 104.6 118.3 117.1 116.7 122.6 121.5 118.2 108.4 100.5 89.5 77.6 72.5 61.8 49.1 48.3 50.4 50 36.9 21.4 20.7 21.9 22.2 22.4 22.4 22.7 23.5 22.1 24.3 24.6 25.1 24.9 25.1 25.7 26.3 27.4 36.7 41.3 44.6 50.1 55.2 48.8 43.7 45 50.7 60.9 63.5 64.7 57.8 69.8 76.7 79.4 85.6 99.4 104.3 106.3 107.8 104.8 105.6
14.8 29.3 28 19.6 19.5 25 23.7 33.5 46.6 65.8 79.8 80.1 63.4 60.4 56 57.9 66.2 75.4 76.9 74.4 82.1 86.6 75.3 75.3 74.4 82.4 91.7 77.9 87.3 101.2 108 109.8 109.4 104.8 109.7 98.2 89.5 86.4 79.6 68.8 60.2 51.2 45 45.6 47.1 39.6 20.3 20.3 21 21.7 22 22.2 22.3 22.5 22.9 24.1 23.6 24.9 24.9 23.8 25.7 26.5 27.3 34.4 40.8 44.3 54.3 57 54.2 44.9 49.2 49.3 57.5 67.9 81 74.2 80 101.6 116.6 120.2 119.7 116.5 120.3 121.2 118.9 113.8 113.5
48.1 47 32.7 27.3 20.1 20.3 23.9 36.6 55.7 78.2 83.7 78.2 60.1 55.9 55.6 58.9 65.5 77.4 78.1 84.2 93.2 75.8 75.1 75.9 76.7 88.4 89.1 87.8 87.4 92.3 97 97.4 95.4 95.2 94.3 96.5 80.9 69 67.1 58.2 49.5 46 50.8 40.3 36.3 19.5 19.8 20.4 20.9 20.8 20.6 20.9 21.5 22.2 23 23.9 24.5 23.9 23.4 25.4 25.9 28.3 39.6 40.7 44.1 61.1 67.7 66 53.2 49.1 53.9 55.4 63.8 78.8 96.1 91.3 107 124.9 143.1 157 159.3 149.1 139.3 136.8 130.6 123.7 119.1
58.8 53.4 33.8 29.4 23.7 20.8 42.9 55.4 65.5 78.6 82.3 65.1 58.7 55.4 56.6 62.4 68.7 75.3 88.5 92.6 78.2 80 80.7 83.4 83.8 98 99.2 91.2 84.2 85.1 86.3 88.8 90.6 93 86.2 83.7 66.3 61.4 52.1 45.4 40.3 43.9 43.6 31.4 19.5 19.4 19.6 19.8 19.5 19.8 19.7 20.4 20.7 22.5 23.1 23.8 24.5 25.5 24.8 25.8 26.9 38.1 42.8 47.9 61.8 73.9 77.4 67.4 57 53.8 58.2 70.9 77.5 83.5 97 108.9 124.4 147.5 161.5 170.5 171.9 173.8 158.9 148.8 141.4 133.3 127.4
62.6 51.3 42.6 25.7 22.7 29.3 55.4 55.3 64.6 69.8 74.2 57.1 53.2 53.2 59.5 65.7 72.8 74.9 86.2 77.9 86.9 92.9 91.5 91.2 106.8 107.4 102.3 94.4 86.7 85.7 86.2 89.1 98.1 96 83.4 69 62.8 56.6 48.1 47.1 38.1 31.8 20.4 18.4 17 18.9 19.5 19.9 20.5 23.9 20.9 20.6 20.7 22.8 23.5 24.1 25.2 26.8 26.9 26.6 32.6 38.9 52.2 62.4 75.3 78.4 76.4 68.1 60.4 66.5 82.1 83.8 86.5 88.7 98.2 116.6 137.1 157.8 170.5 176.1 180.5 185.2 174.4 158.1 150.2 142.7 137.8
60 54.4 37.5 26.7 25.1 31.4 44.5 59.2 59.2 52.7 53.7 52.6 51.8 54.7 64.7 70.1 73.4 74.1 74.6 79.9 90.1 99.1 96.8 124.4 128.1 116 104.3 87.6 84.7 86.1 90 96.6 97.2 89.1 74.8 63.3 58.3 49.3 46.4 40.5 19.1 16.4 18.4 18.6 19 18.7 19.2 18.2 22.6 22.8 22.8 23.6 23.4 24 28.7 30.4 30.3 29.5 35 37.2 38.7 44.2 62.6 76 80.2 79.9 73.4 67.7 67.1 80.9 89.3 92.6 94.4 98.6 107.3 124.2 142.5 164.3 178.4 181.9 190.8 190 180.4 169.1 158.7 151.8 146.4
48.2 38.8 31.8 27.3 28.3 28.3 43.2 53.7 49.4 53 49.7 50.4 50.7 57.5 69 74.7 74.5 73.7 80.9 91.2 101.1 106.1 133.2 139.9 132.7 124.2 103.9 90.4 83.6 89.3 96.2 95.3 87.7 77.5 63.9 58.4 48.2 41.7 35.2 15.5 18.2 18.7 18.7 18.8 19.2 20.3 21.2 21.4 21.7 23.8 29.2 28.7 26.7 31.4 32.8 32.3 33.2 34.6 37 39.2 43.9 52.8 67.4 85.2 81.4 74.4 70.6 70.9 80.1 90.8 96.6 100.3 104.3 108.1 118.8 131.9 145 175.7 185.3 192.2 201.8 195.3 184.4 174.7 169.7 166.2 157.9
28.4 25.1 25.5 27 32.4 36.6 41.4 45.8 45.8 47.2 48.1 50.1 54.4 63.9 76.7 77.7 75.7 79.3 92.5 104.8 112 132.4 142.5 145.7 143.1 123 103.8 90.8 82 91 94.6 89.7 73.7 64 59.1 45.2 40.1 35.2 18.3 17.9 18.3 18.8 19 19.1 19.9 20.7 21 21.3 21.5 25.2 34.3 33.5 28.6 31.8 33.1 34 34.4 43.9 43.2 46.4 52 58.9 70.7 79.6 71.3 73 77.3 80.1 95.2 100.8 105.1 108 111.2 116.7 124.7 137.4 151.2 178.7 191.3 198.2 198.5 173.2 174.8 174.7 173.9 170.4 163.1
23.2 23.9 25.4 27.6 40.6 47.4 51.5 46.8 48 47.4 53.1 58.4 67.1 78.2 80.9 76.1 76.7 86.8 103 114.9 124.9 147.8 154.2 156.9 135.2 118.8 100.2 87.4 80.7 85.4 86.5 76.3 66.5 61.5 42.4 35.5 28 16.3 17.6 18 18.4 18.9 19.2 19.3 20.2 20.6 20.6 20.8 21 23.9 33.6 34 33.6 34.1 34.9 36.5 40.7 48.8 54.6 53.6 57.4 62.2 64.2 67.7 72.3 79.3 84.8 105 108.8 108.8 109.4 110.9 113.9 120.5 128.3 139.7 151.2 168.2 186.1 182.5 166.8 162 169.2 171.8 171.1 169.6 169.1
23.3 25.2 28.4 41.6 58.5 61.8 56.4 56.5 49.5 55.2 59.1 66.6 77.5 80.2 76.9 74.9 87 101.6 117.9 127.3 139.9 156 156.3 135.4 116.3 115.7 115.6 88.2 80.3 76.6 73.5 68 59.9 49.3 31.9 19.5 15.3 15.8 17.7 18.1 18.5 18.9 19.4 19.6 20.4 20.2 20.1 20.3 20.5 20.9 26.7 32.6 36.6 36.6 36.3 37.8 49.2 50.6 61.3 66.7 65.2 66 67.7 72.3 76.9 84 100.2 115.4 111.1 109.9 109.3 110.3 114.3 125.5 136.9 139.1 147.8 162.8 171.6 162.5 152.2 156.3 163.8 169.4 169.9 169.6 175
30.4 30.4 49.7 67.8 70.6 65.3 63.9 52.5 52.1 56 61.7 68.1 71.7 69.2 72.7 84.4 99.9 116.2 131.6 142.2 150 154.8 142.3 124 138.3 141.6 115.6 94.6 79.2 69.2 64 60.7 50.1 32.2 18.7 15.7 16.9 17.6 17.3 18 18.6 19 19.5 19.9 20 19.9 19.8 19.8 20 20.8 26.2 37.2 43.2 37.5 36.8 42.4 50.9 57.5 58.8 63.8 68.4 67.2 71.2 77.4 85.4 96.7 104.3 106.3 106.3 106.9 108.1 109.2 117.5 137.2 146.3 140.2 142.4 155.5 147.2 141.4 148.5 154.5 161.5 168.9 170.3 170.5 174.6
37.5 53.8 68.3 74.6 74 71.8 56.8 57.7 59.5 62.6 58.2 63.4 63.2 77.1 81.2 96.4 109.6 127.2 141.1 151.1 153.8 150.2 141.8 148.7 142 130.9 122.3 98.5 79.5 64.9 55.5 48.2 34.7 20.3 15.3 16.7 17.3 17.5 17.2 17.6 18.2 18.9 19.5 19.8 19.6 19.5 19.4 19.5 20.7 29.6 44.6 47 41 38.7 40.9 43.2 48.3 55 60 62.8 64.5 70.1 78.6 83.2 95 101.9 100.8 102.4 104.3 104.6 107 113.6 131.2 147.6 146.8 139.4 131.8 130.6 132.9 139.6 146.7 154.2 163.8 163.8 164.7 169.8 176.2
52.8 64.6 76.7 76.4 74.7 64 63.2 65.8 68.6 67.8 64.9 65.9 80.5 89.4 94.4 104.4 116 134.8 148.5 152.4 151.9 143.1 145.3 141.5 138.7 133.9 127.9 96.7 73.1 62.7 51.5 37 18 15.9 15.3 16.7 17.3 17.2 17.2 17.1 17.8 18.5 18.6 18.9 19 19.3 19.7 21.1 31.9 44.7 46.3 45.6 41.5 43 42.4 42.9 45.4 53.3 59 64.4 74 80.7 85.7 90 95.6 100.7 102.9 104.5 104.8 106 113.3 125.8 136.5 144.1 138.6 131.1 129.8 128.3 133.5 140.7 146 156.5 156.6 159.6 166.7 172.9 180.9
56.8 72.7 78.1 75.4 69.6 71.2 69.2 66.2 66.3 71.3 72 79.7 89.1 96.3 100.5 112.6 129.3 140.2 147.4 147.7 145 144.6 148.2 149.6 144.2 137.3 130.2 97.7 67 56.5 46.6 27.7 13.6 15.8 16.2 16.8 16.8 16.8 16.7 17.5 17.8 18.8 19 18.9 19.4 19.9 23.7 31.7 42.4 46.6 49 43.9 43.4 43.9 43 43.7 45.6 55.4 67.2 81.2 92.9 101.8 105.3 94.3 98.3 103.5 106.7 106.9 106.8 106 124.4 134.7 139.3 137.6 127.5 127.2 128.3 129.8 133.7 138.4 149.2 153.2 156.7 163.3 170.3 176.6 183.2
61.8 74.2 80.3 72.6 65.5 77.3 66.6 66.2 69.9 80.8 78.4 85.3 97.1 104.1 107.3 117.4 131.5 141.8 145.2 142.8 143.1 152.8 147.1 145.2 139 135.3 116.8 90.1 67.8 51.9 35.2 27.4 17.7 14.7 15.4 16.6 16.4 16.3 17.8 18.6 18.9 19 19 19.2 19.5 25.7 30.8 49.5 49.9 55 47 45.5 48.8 44.2 45 45.9 51.8 66.5 80.7 101.9 109.2 115.5 113.4 107.5 113.9 110.8 110.3 107.6 108.2 113.4 129.6 138.5 133.9 126.5 125.4 126.4 127.6 130.3 135.1 138 146.6 155.5 159.5 166.8 173.3 180 192.1
69 78.3 83.6 62.8 77.8 67.2 65.5 64.5 72.3 80.9 81.2 89.7 103.9 110.9 115.2 129 146.6 155.3 150.3 136.3 139.9 144.4 148.6 141 139.3 131 111.9 81.1 65.7 48 33.9 25.9 16.8 14.4 14.8 16 16.1 17.2 18 18.3 18.6 18.6 18.6 20.5 25 34 50 49.1 56.4 54.3 47.8 56.5 47.1 45 48.1 52.3 59.8 72 94.5 113.5 122.2 123.5 120.7 97.3 102.4 110.1 108.3 110.9 113.3 117.2 129.9 129.8 121.5 122.7 129.2 128.6 130.6 134 139.1 142.1 149.4 156.6 160.7 168 174.5 183.4 199
74 85.5 73.2 64.1 75.3 68.1 63.3 68 72.8 79.2 79.6 93.5 105.8 109.6 118.2 139.3 152.6 153.3 137.4 136.1 138.2 150.3 141.8 150.4 147.3 127.2 103.6 83 67.4 48.9 33.7 24.9 16.8 14.5 13.7 15.7 16.9 16.3 17 17.8 18.2 18.2 19 24.3 29.4 46.3 46.5 58.8 66.1 60.1 51.2 49.9 44.1 46.3 51.2 57.9 67.7 77.8 112.5 117.5 121.6 125.5 112.6 75.1 79.2 100.7 103.7 109.8 112.8 116.9 116.6 116.3 120.2 125.9 128.3 130.3 132.7 139.1 144.8 147.2 148.7 154.4 160 164.7 170.6 183 186.1
82.8 82.4 60.1 68.1 70.7 62.7 66.5 75.7 75.6 80.4 78.3 92.5 104.4 117.5 136.1 148.8 150 138.2 132.1 136 149.2 141.1 142.9 157.2 140.1 119.7 109.7 82.9 64.3 47.9 32.1 21 16.3 15.6 13.8 15.5 16.9 16 16.7 17.6 17.7 18.5 23 28.3 36.8 40.5 56.8 73.3 70.1 51.1 50.2 43 41.9 47 54.6 61.1 72.1 83.7 102 105.5 110.8 100.3 73.6 60.2 69.6 94.5 104.1 109.4 118.2 113.9 112.5 117.1 123.5 125.4 127.2 130.1 134.2 139.2 142.5 145.3 145.2 150.5 157.6 165.2 172 181.1 181.3
79 65.5 54.3 66.3 70.5 65.3 72.5 76.1 76.4 79.4 74.7 87.9 101 122.9 143.6 155.2 143.3 133.2 132.9 142.4 136.6 138 163.5 151.8 131.7 124 103 84.2 60.2 40.2 26 15.5 15.6 14.7 14.1 15.8 15.9 15.6 17 17.1 17.3 20.1 24.6 31 37.7 50.5 77.4 83 53.5 57.4 44.9 36.5 39 45.2 52 62.3 72.6 73.4 82.7 82.3 72 63.2 58.9 64.1 74.6 92.5 104.9 108 106.4 107.4 116.2 121.3 121.1 122.5 124.1 126 129.8 131.5 133.8 136.7 140.8 147.1 158.2 168.5 170.3 172.4 169.9
48.9 41.2 51.1 62.4 50.1 63.3 69.6 72.9 73.6 71.3 71.6 90.1 111 127.2 150.5 143.7 133.8 130.6 134.8 132.6 132.5 154.7 161.2 145.2 140 125.8 97.3 80.9 56.3 34.9 15.4 15.2 15.4 14.5 14.3 14.9 15 15.6 16.6 16.9 17.1 21.6 27.8 35.2 41.7 62.1 82.4 62.8 47.8 46.4 32.7 30.5 36.1 39 47.9 55.3 55.1 55 55.6 51.8 53.1 54.8 63 70.4 77.1 95.2 99.9 106.8 105.7 108.1 111 113.3 114.1 117.8 120 120.8 123.6 126 127.2 132.7 139.7 149.9 162.2 165.1 167.1 167.5 179.2
25.2 29.1 42.5 40.4 55.7 58.8 71.8 68 48.6 64.8 72.2 99.2 122.9 135.7 133.7 128.1 128.6 132.3 128.5 119.3 132.8 160.8 157.2 151 140.7 111.6 102.2 77.9 49.9 25.4 15 15 15.1 14.6 12.4 14 14.2 15.4 15.2 15.9 18.8 28.2 33.1 38 47.6 63 68.6 51.4 37.9 34.4 23.7 26 29.7 33.6 42.4 48.1 55.4 51.4 49.6 49.4 56.1 64 74.3 83.5 90.5 98.3 101.2 96.6 101.6 105.2 106.9 108.2 109.2 111.8 114.2 117 118.1 120.5 123.9 130.4 141 152.1 158.7 161.5 166.7 172 179.3
