UK/data/nr/nr57_OST50GRID_20230518/NR57.asc
ncols 200
nrows 200
xllcorner 150000
yllcorner 670000
cellsize 50
[rows 144 to 179 of 200, columns 81 to 161 of 200]
75 66.9 56.5 47 41.8 37.5 36.8 41.5 42 35.6 44.4 46.8 50.7 57.2 62.7 67.1 73.6 77.2 76.7 69.8 68 66 62 58.9 56.9 55.5 53 53.2 54 53 50.4 46.2 41.6 39.4 35.8 32.7 28.5 25.2 22.7 19.7 16.4 12 4.4 2.1 0.9 -0.1 -0.1 -0.1 -0.1 -0.1 -0.1 -0.1 -0.1 -0.1 -0.1 -0.1 -0.1 -0.1 -0.1 -0.1 -0.1 -0.1 -0.1 -0.1 -0.1 -0.1 2.5 3.4 15.6 17.8 18.6 16.2 -0.1 -0.1 -0.1 -0.1 -0.1 -0.1 -0.1 -0.1 -0.1
74 66.9 55.2 44.1 41.5 37.7 34.9 38.8 40.4 34.6 41.7 43.3 49.3 55.2 60.1 67.3 72.6 75.2 74.4 70.5 67.2 64.6 61.7 58.5 55.3 53.6 51.1 51.5 51.7 50 46.7 42.5 40 38 34.3 31 27 24 21.8 19 14.9 7.4 3.7 2.6 2.6 -0.1 -0.1 -0.1 -0.1 -0.1 -0.1 -0.1 -0.1 -0.1 -0.1 -0.1 -0.1 -0.1 -0.1 -0.1 -0.1 -0.1 -0.1 -0.1 -0.1 -0.1 0.9 6.9 17.8 24.4 22.8 -0.1 -0.1 -0.1 -0.1 -0.1 -0.1 -0.1 -0.1 -0.1 -0.1
75.1 62.6 50.9 41.3 39.7 36.2 33.5 36.3 38.7 34.2 38.6 41.8 47.9 53.3 58.8 66.6 70.2 72.9 72.8 69.3 66.8 64.7 61.9 55.8 53.1 50.7 50.4 50.8 49.1 47.1 42.4 40.5 38.8 37.1 33.6 30.9 26.2 22.5 20.6 16.8 11.2 4.7 2.6 3.1 -0.1 -0.1 -0.1 -0.1 -0.1 -0.1 -0.1 -0.1 -0.1 -0.1 -0.1 -0.1 -0.1 -0.1 -0.1 -0.1 -0.1 -0.1 -0.1 -0.1 -0.1 -0.1 3 14.4 27.5 25.9 -0.1 -0.1 -0.1 -0.1 -0.1 -0.1 -0.1 -0.1 -0.1 -0.1 -0.1
73 59.9 48.6 41.5 38.1 35.1 32.2 34.8 36 32.4 35.4 38.8 45.9 52.2 58 66.6 68.6 70.6 70.6 68.8 67 65.4 61.4 54.6 51.2 49.3 49.2 48.7 47.3 43.5 41.2 39.9 38.1 36.6 33.2 28.8 25.2 22 19.5 15.7 9 5.2 3.6 3.3 -0.1 -0.1 -0.1 -0.1 -0.1 -0.1 -0.1 -0.1 -0.1 -0.1 -0.1 -0.1 -0.1 -0.1 -0.1 -0.1 -0.1 -0.1 -0.1 -0.1 -0.1 -0.1 5.9 21.9 28.4 -0.1 -0.1 -0.1 -0.1 -0.1 -0.1 -0.1 -0.1 -0.1 -0.1 -0.1 -0.1
69.2 57.2 47 41.5 36.3 30.5 28.9 31.9 33.2 29.6 32 37.3 43.2 50.3 56.9 63.6 67.1 69.4 70 69.9 69.1 67.6 62.5 52.8 48.3 46.6 47.5 46.3 44.3 41.7 39.2 37.6 36.5 34.8 32.3 28.7 25.4 21.8 19 14.6 9.7 4.8 -0.1 -0.1 -0.1 -0.1 -0.1 -0.1 -0.1 -0.1 -0.1 -0.1 -0.1 -0.1 -0.1 -0.1 -0.1 -0.1 -0.1 -0.1 -0.1 -0.1 -0.1 -0.1 -0.1 3 6 24 -0.1 -0.1 -0.1 -0.1 -0.1 -0.1 -0.1 -0.1 -0.1 -0.1 -0.1 -0.1 -0.1
64.6 53.3 43.7 40.4 35.5 28.5 29.8 29.4 28.2 27.2 32.2 36.3 41.9 49.2 55.9 61.6 65.6 68.3 70.4 72.1 71.5 69.5 63.4 50.2 45.7 44.6 44.8 43.9 41.4 39.6 38.2 37.1 36.6 35 32.5 29.5 26.4 23.5 18.4 14.7 10.9 3.5 -0.1 -0.1 -0.1 -0.1 -0.1 -0.1 -0.1 -0.1 -0.1 -0.1 -0.1 -0.1 -0.1 -0.1 -0.1 -0.1 -0.1 -0.1 -0.1 -0.1 -0.1 -0.1 -0.1 0.9 12.8 6.7 -0.1 -0.1 -0.1 -0.1 -0.1 -0.1 -0.1 -0.1 -0.1 -0.1 -0.1 -0.1 -0.1
61.3 50.4 41.4 36.8 33.1 26.5 28.1 28.4 28.2 27.3 31.5 35.8 40.9 47.8 54.2 59.5 64.4 67.2 71.2 73.9 75.9 70.8 58.2 46.3 43.7 43.3 41.5 40 38.9 37.8 37.6 37.1 36.4 35.3 32.4 29.2 25.9 23 18.6 14.5 10 3.1 -0.1 -0.1 -0.1 -0.1 -0.1 -0.1 -0.1 -0.1 -0.1 -0.1 -0.1 -0.1 -0.1 -0.1 -0.1 -0.1 -0.1 -0.1 -0.1 -0.1 -0.1 -0.1 0.5 2.3 6.2 -0.1 -0.1 -0.1 -0.1 -0.1 -0.1 -0.1 -0.1 -0.1 -0.1 -0.1 -0.1 -0.1 -0.1
55.1 45.8 37.8 34.2 31.6 25.3 27 27 25.9 25 31.4 36.5 41.8 48 53.6 58.4 63.2 68.2 72.1 76.5 84.3 66.3 52.2 45.4 42.9 39.8 38.5 37.3 36.5 36.5 37.3 37.2 36.8 36 33.3 30.1 26.6 23.4 19.7 15.2 9.4 3.6 -0.1 -0.1 -0.1 -0.1 -0.1 -0.1 -0.1 -0.1 -0.1 -0.1 -0.1 -0.1 -0.1 -0.1 -0.1 -0.1 -0.1 -0.1 -0.1 -0.1 -0.1 0.4 0.9 8.3 -0.1 -0.1 -0.1 -0.1 -0.1 -0.1 -0.1 -0.1 -0.1 -0.1 -0.1 -0.1 -0.1 -0.1 -0.1
50.2 43 35.4 32.3 29.6 25.6 23.2 25.2 25 23.8 30.4 37.2 42.1 47.3 52.3 57.6 62.7 68.8 73.9 81.7 81.4 60.5 47.6 42.9 40 37.1 34.5 35.4 35.2 36.5 37 36.9 36.8 36.6 35 33.2 38.2 26.3 19.6 14.7 8.2 3.3 -0.1 -0.1 -0.1 -0.1 -0.1 -0.1 -0.1 -0.1 -0.1 -0.1 -0.1 -0.1 -0.1 -0.1 -0.1 -0.1 -0.1 -0.1 -0.1 -0.1 -0.1 0.7 17.5 -0.1 -0.1 -0.1 -0.1 -0.1 -0.1 -0.1 -0.1 -0.1 -0.1 -0.1 -0.1 -0.1 -0.1 -0.1 -0.1
46.2 39.1 34 32.2 31.7 22.6 21.1 23.3 23 23.5 33.1 37.4 40.8 46.4 51.1 56.6 62.9 69.1 75.5 82.1 72.1 54.6 44.7 41.7 37.2 34.2 31.1 33.3 35 36 36.8 36.8 37.2 37.7 35.9 36.5 39 26.2 19.6 15 9.2 3.5 -0.1 -0.1 -0.1 -0.1 -0.1 -0.1 -0.1 -0.1 -0.1 -0.1 -0.1 -0.1 -0.1 -0.1 -0.1 -0.1 -0.1 -0.1 -0.1 -0.1 -0.1 12.2 -0.1 -0.1 -0.1 -0.1 -0.1 -0.1 -0.1 -0.1 -0.1 -0.1 -0.1 -0.1 -0.1 -0.1 -0.1 -0.1 -0.1
42 35.7 32.4 31.1 30.7 21.1 21.1 22.1 21.7 23.4 32.6 36.6 39.8 44.7 49.5 56.3 62.4 69.3 77.7 83.1 63.4 49.4 43 39.5 35.4 29.8 31.1 33.3 34.5 35.2 36.8 38.2 38.5 39.3 38.5 41.1 36.3 24.7 20.2 15.4 8.5 3.6 -0.1 -0.1 -0.1 -0.1 -0.1 -0.1 -0.1 -0.1 -0.1 -0.1 -0.1 -0.1 -0.1 -0.1 -0.1 -0.1 -0.1 -0.1 -0.1 -0.1 2.8 -0.1 -0.1 -0.1 -0.1 -0.1 -0.1 -0.1 -0.1 -0.1 -0.1 -0.1 -0.1 -0.1 -0.1 -0.1 -0.1 -0.1 -0.1
38.4 35 31 31 32.1 29.2 20.1 21.3 20.6 21.1 33.2 35 38.4 42.6 47 54.7 64.2 71.7 81.2 71.5 57.3 45.3 40.9 37.3 31.2 31.4 32.3 32.9 33.5 34.9 37 38.4 40 41.1 41.2 40.1 32.7 25.2 20.9 16 12.2 4.6 -0.1 -0.1 -0.1 -0.1 -0.1 -0.1 -0.1 -0.1 -0.1 -0.1 -0.1 -0.1 -0.1 -0.1 -0.1 -0.1 -0.1 -0.1 -0.1 -0.1 15.9 -0.1 -0.1 -0.1 -0.1 -0.1 -0.1 -0.1 -0.1 -0.1 -0.1 -0.1 -0.1 -0.1 -0.1 -0.1 -0.1 -0.1 -0.1
36.7 33 31.6 31.5 30.2 30 18.8 18.7 19.6 22.4 31 33.6 36.8 40.5 45.4 53.5 62.4 73.1 73.5 65.2 50.4 41.9 39 34.7 29 29.9 31.3 31.9 32.5 34.1 37 38.7 41.9 42 42.3 40.6 36 28.4 23.9 18 15.3 6 2.6 -0.1 -0.1 -0.1 -0.1 -0.1 -0.1 -0.1 -0.1 -0.1 -0.1 -0.1 -0.1 -0.1 -0.1 -0.1 -0.1 -0.1 -0.1 13.2 -0.1 -0.1 -0.1 -0.1 -0.1 -0.1 -0.1 -0.1 -0.1 -0.1 -0.1 -0.1 -0.1 -0.1 -0.1 -0.1 -0.1 -0.1 -0.1
34.9 33.9 32.2 31.3 28.5 26.3 18.1 16.2 16.4 22.5 28.5 32 35.5 39 44.2 51 62.4 69.3 67.3 57.7 46.1 38.9 36.4 31.5 28.8 27.5 30.1 30.6 31.3 33.5 36.4 39.3 43.8 45.5 44.7 42.1 37.8 34.1 28.1 22.8 17.7 11.8 4.2 -0.1 -0.1 -0.1 -0.1 -0.1 -0.1 -0.1 -0.1 -0.1 -0.1 -0.1 -0.1 -0.1 -0.1 -0.1 -0.1 -0.1 4.4 -0.1 -0.1 -0.1 -0.1 -0.1 -0.1 -0.1 -0.1 -0.1 -0.1 -0.1 -0.1 -0.1 -0.1 -0.1 -0.1 -0.1 -0.1 -0.1 -0.1
34.7 33.2 31.8 29.2 26.4 18.1 17 16.3 18.3 24.6 28 31.4 34.4 38.4 42.6 50.7 60.9 65.6 61.2 51.1 42.4 36.9 33.5 29.5 24.7 25.6 27.6 29.4 30.2 33 35.9 40.8 45.5 46.6 45.7 44.9 42 37.2 31 24.8 19.5 13.6 3.4 2.6 -0.1 -0.1 -0.1 -0.1 -0.1 -0.1 -0.1 -0.1 -0.1 -0.1 -0.1 -0.1 -0.1 -0.1 -0.1 -0.1 -0.1 -0.1 -0.1 -0.1 -0.1 -0.1 -0.1 -0.1 -0.1 -0.1 -0.1 -0.1 -0.1 -0.1 -0.1 -0.1 -0.1 -0.1 -0.1 -0.1 -0.1
35.1 31.6 29.6 27 24.2 17.4 15.9 15.7 14 22.4 25.6 29.5 33.2 36.9 43 49.8 57.2 60 52.9 43.7 37.9 34 31 26.8 22 24.9 26.8 27.8 29.5 32.9 35.8 41.8 45.3 46.1 46.1 46.7 44.1 39.4 35.2 29.6 23.6 16.4 11.2 4 -0.1 -0.1 -0.1 -0.1 -0.1 -0.1 -0.1 -0.1 -0.1 -0.1 -0.1 -0.1 -0.1 -0.1 -0.1 16.1 -0.1 -0.1 -0.1 -0.1 -0.1 -0.1 -0.1 -0.1 -0.1 -0.1 -0.1 -0.1 -0.1 -0.1 -0.1 -0.1 -0.1 -0.1 -0.1 -0.1 -0.1
36.2 29.6 26.3 24.1 21.2 16.7 14.9 14.3 14 21.2 23 26.6 30.6 35.5 42 48.5 52.9 51.9 45.3 37.9 34.3 30.3 27 23.7 21.5 24.8 26 26.5 28.7 32.3 36.9 42.5 44.4 44.6 46 47.9 45.6 40.6 39.1 31.6 25.4 20.9 16.8 10.2 -0.1 -0.1 -0.1 -0.1 -0.1 -0.1 -0.1 -0.1 -0.1 -0.1 -0.1 -0.1 -0.1 -0.1 -0.1 -0.1 -0.1 -0.1 -0.1 -0.1 -0.1 -0.1 -0.1 -0.1 -0.1 -0.1 -0.1 -0.1 -0.1 -0.1 -0.1 -0.1 -0.1 -0.1 -0.1 -0.1 -0.1
35.7 27.3 23.9 21.5 17.7 14 13.9 13.3 13.7 20 22.8 25 28.9 33.9 40.2 46.5 48.8 46.4 37.3 32.4 29.6 26.5 23.5 21.1 22.3 23.8 24.6 26 28 32.1 36.9 40.8 42 42.7 46.5 48.2 45.6 42.7 38.5 32.3 30.2 27.9 21.9 13.5 8.4 -0.1 -0.1 -0.1 -0.1 -0.1 -0.1 -0.1 -0.1 -0.1 -0.1 -0.1 -0.1 -0.1 -0.1 -0.1 -0.1 -0.1 -0.1 -0.1 -0.1 -0.1 -0.1 -0.1 -0.1 -0.1 -0.1 -0.1 -0.1 -0.1 -0.1 -0.1 -0.1 -0.1 -0.1 -0.1 -0.1
30.9 24.9 20.8 18.3 15.5 12.7 12 13.1 12.2 17.9 20.5 23.6 26.9 31.2 37.6 42.8 42.9 39.5 29.5 27.4 25.1 22.5 19.9 17.5 21.7 22.9 23.4 25.2 27.2 31.4 35.5 37.1 38.8 41.3 45 46.4 45.5 43 38.5 37.8 36 34.1 30.1 28.1 24.8 8.3 -0.1 -0.1 -0.1 -0.1 -0.1 -0.1 -0.1 -0.1 -0.1 -0.1 -0.1 -0.1 -0.1 -0.1 -0.1 -0.1 -0.1 -0.1 -0.1 -0.1 -0.1 -0.1 -0.1 -0.1 -0.1 -0.1 -0.1 -0.1 -0.1 -0.1 -0.1 -0.1 -0.1 -0.1 -0.1
27.6 22.7 18.5 15.7 13.2 11.2 11.5 11.5 15.1 18.1 19.2 21.3 24.2 27.9 33.9 36.3 35.2 29.2 26.2 24.8 23.1 21 16.9 17.8 21.2 22.3 22.5 24.2 26 29.6 32.4 34.5 36.7 40.2 42.6 44.6 43.3 41.3 40.2 42.5 41.1 39.6 40.6 41.9 36.5 26.7 8.5 -0.1 -0.1 -0.1 -0.1 -0.1 -0.1 -0.1 -0.1 -0.1 -0.1 -0.1 -0.1 -0.1 -0.1 -0.1 -0.1 -0.1 -0.1 -0.1 -0.1 -0.1 -0.1 -0.1 -0.1 -0.1 -0.1 -0.1 -0.1 -0.1 -0.1 -0.1 -0.1 -0.1 -0.1
23.6 19.8 16.5 14.4 12 10 11.9 12.9 16.1 17.2 18.4 20.5 22.8 25.5 28.7 28.8 26.6 25.1 23.4 22.6 20.5 18.2 14.6 16.8 20 20.4 22.1 24.2 24.8 27.7 30.2 32.3 34.6 38.4 40.8 42.2 41.4 41.8 42.9 46.5 45 44.3 48.4 50.9 58.5 58.7 46.5 16.4 -0.1 -0.1 -0.1 -0.1 -0.1 -0.1 -0.1 -0.1 -0.1 -0.1 -0.1 -0.1 -0.1 -0.1 -0.1 -0.1 -0.1 -0.1 -0.1 -0.1 -0.1 -0.1 -0.1 -0.1 -0.1 -0.1 -0.1 -0.1 -0.1 -0.1 -0.1 -0.1 -0.1
22.3 16.6 12.8 13.4 11.6 10.3 11.5 13.4 15.2 16.3 17.4 19.3 20.8 22.6 24.5 23.8 22.4 21.7 20.3 19.7 17.6 15.3 13.6 16.2 18.3 18.8 21 23.4 24.1 25.8 27.8 30.1 32.8 36.5 38.3 39.4 39.7 41 44 46.8 48.2 50.8 59.2 74.3 82.3 73.2 49.7 17.5 -0.1 -0.1 -0.1 -0.1 -0.1 -0.1 -0.1 -0.1 -0.1 -0.1 -0.1 -0.1 -0.1 -0.1 -0.1 -0.1 -0.1 -0.1 -0.1 -0.1 -0.1 -0.1 -0.1 -0.1 -0.1 -0.1 -0.1 -0.1 -0.1 -0.1 -0.1 -0.1 -0.1
20 16.8 13.8 11.8 11.2 8.4 9.5 11.3 13.6 14.3 15.2 16.9 18.5 20.5 20.7 20.1 19.3 17.4 17.2 15.9 13.6 12.7 12 15.1 17.1 17.8 20.6 22.2 22.6 24.2 26.2 28.1 30.1 34.3 35.5 36.2 37.5 40.5 43.8 46.1 49.9 55.4 69 83.4 78.6 64.2 29.3 9.7 -0.1 -0.1 -0.1 -0.1 -0.1 -0.1 -0.1 -0.1 -0.1 -0.1 -0.1 -0.1 -0.1 -0.1 -0.1 -0.1 -0.1 -0.1 -0.1 -0.1 -0.1 -0.1 -0.1 -0.1 -0.1 -0.1 -0.1 -0.1 -0.1 -0.1 -0.1 -0.1 -0.1
18.2 15.8 13.5 10.8 8.6 9.2 7.8 9.5 11.5 12.8 14.2 14.9 15.7 14.7 15.3 14.2 14.8 13.6 13.5 11.8 11 9.9 11.7 14 15.9 17.3 20.1 21 21.5 24 24.9 25.7 28.6 32.4 32.6 33.9 35.5 38.9 43.1 45.7 50.2 59.5 72.5 83.8 74.5 48 30.4 15.5 -0.1 -0.1 -0.1 -0.1 -0.1 -0.1 -0.1 -0.1 -0.1 -0.1 -0.1 -0.1 -0.1 -0.1 -0.1 -0.1 -0.1 -0.1 -0.1 -0.1 -0.1 -0.1 -0.1 -0.1 -0.1 -0.1 -0.1 -0.1 -0.1 -0.1 -0.1 -0.1 -0.1
18.1 15.5 13.1 10.6 7.5 8.4 7 7.2 8.9 12 12.3 12.9 12.5 11.3 11.2 11.6 11.3 11 9.9 9 9.6 9.4 10.5 11.8 13.5 14.5 16.7 20 20.1 21.2 21.9 23.7 26.4 28 30.4 31.7 33.3 37.9 40.9 45.4 50 63.6 73.9 73.4 53.6 33 19.6 -0.1 -0.1 -0.1 -0.1 -0.1 -0.1 -0.1 -0.1 -0.1 -0.1 -0.1 -0.1 -0.1 -0.1 -0.1 -0.1 -0.1 -0.1 -0.1 -0.1 -0.1 -0.1 -0.1 -0.1 -0.1 -0.1 -0.1 -0.1 -0.1 -0.1 -0.1 -0.1 -0.1 -0.1
19.7 14.2 12.6 10.9 8.2 7.4 6.3 5.9 8.4 10.6 11.1 10.3 9.4 9.3 9.7 10.4 9.2 10.1 9.1 8.4 7.7 8.1 8.7 10 11 11.2 13.8 15.4 17.3 18.3 19.3 21.3 23.4 25.5 28.1 29.6 31.4 35.2 39.1 44.9 53.4 64.1 72.9 61.1 43.7 27.5 -0.1 -0.1 -0.1 -0.1 -0.1 -0.1 -0.1 -0.1 -0.1 -0.1 -0.1 -0.1 -0.1 -0.1 -0.1 -0.1 -0.1 -0.1 -0.1 -0.1 -0.1 -0.1 -0.1 -0.1 -0.1 -0.1 -0.1 -0.1 -0.1 -0.1 -0.1 -0.1 -0.1 -0.1 -0.1
16.6 13.6 12 11 10.6 6.5 6.6 4.6 6.3 7.7 8.8 9.2 8.4 7.8 8 8 8.1 8.6 8 7.3 6.3 7.5 8.3 7.4 8.4 9 11.5 12.9 14.7 16.2 17.4 18.8 20.7 22.5 25 26.8 30.3 34.4 37.9 44.1 53.7 63.5 63.2 53.5 35.1 -0.1 -0.1 -0.1 -0.1 -0.1 -0.1 -0.1 -0.1 -0.1 -0.1 -0.1 -0.1 -0.1 -0.1 -0.1 -0.1 -0.1 -0.1 -0.1 -0.1 -0.1 -0.1 -0.1 -0.1 -0.1 -0.1 -0.1 -0.1 -0.1 -0.1 -0.1 -0.1 -0.1 -0.1 -0.1 -0.1
14.4 12.7 12.1 10.9 11.5 7.1 5.8 4.9 5.6 6 7.8 8.4 7.8 6 6.4 5.6 6.4 6.1 5.2 5.5 4.3 6.3 6.1 5.7 6 7.7 8.5 11.7 13.1 14.5 15.4 16.6 18.4 20.3 22 24.4 27 32 37.9 46.1 56.9 61.2 58.3 38.9 12.1 -0.1 -0.1 -0.1 -0.1 -0.1 -0.1 -0.1 -0.1 -0.1 -0.1 -0.1 -0.1 -0.1 -0.1 -0.1 -0.1 -0.1 -0.1 -0.1 -0.1 -0.1 -0.1 -0.1 -0.1 -0.1 -0.1 -0.1 -0.1 -0.1 -0.1 -0.1 -0.1 -0.1 -0.1 -0.1 -0.1
12.9 11.8 11.2 11.4 11.1 10.8 5.2 4.8 5.1 4.7 6.3 6.2 6 5.8 5.2 4.4 4.3 4 4.5 4.4 3.9 4 4.1 4 4.7 5 6 8.1 11.1 12.1 13 14.8 16.5 18.1 20.1 22.4 26 31.4 39.9 54.3 58 49.3 42.4 19.3 -0.1 -0.1 -0.1 -0.1 -0.1 -0.1 -0.1 -0.1 -0.1 -0.1 -0.1 -0.1 -0.1 -0.1 -0.1 -0.1 -0.1 -0.1 -0.1 -0.1 -0.1 -0.1 -0.1 -0.1 -0.1 -0.1 -0.1 -0.1 -0.1 -0.1 -0.1 -0.1 -0.1 -0.1 -0.1 -0.1 -0.1
10.8 9.9 9.9 10.9 7.9 9.9 3.9 5 3.2 2.9 5.5 4.9 4.7 4.2 3.9 3.6 3.3 3.3 3.2 2.6 3.1 4.9 4.3 4 4 3.3 3.7 4.7 7.2 9.6 11.6 13 14.5 16 18.5 21.6 24.9 32.5 43.1 57.5 46.7 39.8 24.9 -0.1 -0.1 -0.1 -0.1 -0.1 -0.1 -0.1 -0.1 -0.1 -0.1 -0.1 -0.1 -0.1 -0.1 -0.1 -0.1 -0.1 -0.1 -0.1 -0.1 -0.1 -0.1 -0.1 -0.1 -0.1 -0.1 -0.1 -0.1 -0.1 -0.1 -0.1 -0.1 -0.1 -0.1 -0.1 -0.1 -0.1 -0.1
8.5 8.8 10.7 7.8 6.8 8.2 5 4.3 2 3 3.3 3.8 1.1 0.8 0.7 0.7 0.7 0.7 0.7 0.7 0.7 0.8 0.8 0.9 1.2 3.1 4 4.3 4.4 6.1 8.2 9.7 13.4 14.9 16.2 20.4 24.9 32.3 42.9 44.4 39.9 30.2 8.2 -0.1 -0.1 -0.1 -0.1 -0.1 -0.1 -0.1 -0.1 -0.1 -0.1 -0.1 -0.1 -0.1 -0.1 -0.1 -0.1 -0.1 -0.1 -0.1 -0.1 -0.1 -0.1 -0.1 -0.1 -0.1 -0.1 -0.1 -0.1 -0.1 -0.1 -0.1 -0.1 -0.1 -0.1 -0.1 -0.1 -0.1 -0.1
7.2 6.8 7.3 7 6.9 6.4 4.9 3.7 3.9 1 0.9 -0.1 -0.1 0.2 -0.1 -0.1 -0.1 0.2 0.2 0.2 0.2 0.3 0.3 0.3 0.4 0.6 1.1 3.8 3.7 3.9 5 5.4 8.4 10.8 13.5 18.2 24.6 32 38.5 36.8 27.4 9.6 5.2 2.2 -0.1 -0.1 -0.1 -0.1 -0.1 -0.1 -0.1 -0.1 -0.1 -0.1 -0.1 -0.1 -0.1 -0.1 -0.1 -0.1 -0.1 -0.1 -0.1 -0.1 -0.1 -0.1 -0.1 -0.1 -0.1 -0.1 -0.1 -0.1 -0.1 -0.1 -0.1 -0.1 -0.1 -0.1 -0.1 -0.1 -0.1
5.9 5.5 5.5 6 4.5 4.6 4.9 4.9 4.1 0.9 -0.1 -0.1 -0.1 -0.1 -0.1 -0.1 -0.1 -0.1 -0.1 -0.1 -0.1 -0.1 -0.1 -0.1 -0.1 -0.1 -0.1 -0.1 0.6 1.5 3.4 3.2 3.7 5.6 10.8 17.1 24.9 32.1 35.8 29 12.9 8.7 6.3 4.5 6.8 6.8 4.3 1.7 -0.1 -0.1 -0.1 -0.1 -0.1 -0.1 -0.1 -0.1 -0.1 -0.1 -0.1 -0.1 -0.1 -0.1 -0.1 -0.1 -0.1 -0.1 -0.1 -0.1 -0.1 -0.1 -0.1 -0.1 -0.1 -0.1 -0.1 -0.1 -0.1 -0.1 -0.1 -0.1 -0.1
5.9 4.9 4.8 2.4 2.6 0.9 0.7 -0.1 -0.1 -0.1 -0.1 -0.1 -0.1 -0.1 -0.1 -0.1 -0.1 -0.1 -0.1 -0.1 -0.1 -0.1 -0.1 -0.1 -0.1 -0.1 -0.1 -0.1 -0.1 -0.1 0.6 0.8 1.3 2.8 8.7 16.7 24.2 30.5 27.8 14.1 8.8 9.3 9.2 8.6 22.1 3.8 -0.1 5.4 -0.1 -0.1 -0.1 -0.1 -0.1 -0.1 -0.1 -0.1 -0.1 -0.1 -0.1 -0.1 -0.1 -0.1 -0.1 -0.1 -0.1 -0.1 -0.1 -0.1 -0.1 -0.1 -0.1 -0.1 -0.1 -0.1 -0.1 -0.1 -0.1 -0.1 -0.1 -0.1 -0.1
4.8 5.4 1 0.5 0.3 -0.1 -0.1 -0.1 -0.1 -0.1 -0.1 -0.1 -0.1 -0.1 -0.1 -0.1 -0.1 -0.1 -0.1 -0.1 -0.1 -0.1 -0.1 -0.1 -0.1 -0.1 -0.1 -0.1 -0.1 -0.1 -0.1 -0.1 -0.1 2.1 5.1 15.3 22.3 25.1 16.6 11.6 9.5 10.4 12.6 20.5 4 -0.1 -0.1 -0.1 -0.1 -0.1 -0.1 -0.1 -0.1 -0.1 -0.1 -0.1 -0.1 -0.1 -0.1 -0.1 -0.1 -0.1 -0.1 -0.1 -0.1 -0.1 -0.1 -0.1 -0.1 -0.1 -0.1 -0.1 -0.1 -0.1 -0.1 -0.1 -0.1 -0.1 -0.1 -0.1 -0.1
2.7 0.7 0.3 -0.1 -0.1 -0.1 -0.1 -0.1 -0.1 -0.1 -0.1 -0.1 -0.1 -0.1 -0.1 -0.1 -0.1 -0.1 -0.1 -0.1 -0.1 -0.1 -0.1 -0.1 -0.1 -0.1 -0.1 -0.1 -0.1 -0.1 -0.1 -0.1 -0.1 0.7 4.3 15.1 20 21.1 13.6 10.2 9.8 14.5 28.4 8.2 -0.1 -0.1 -0.1 -0.1 -0.1 -0.1 -0.1 -0.1 -0.1 -0.1 -0.1 -0.1 -0.1 -0.1 -0.1 -0.1 -0.1 -0.1 -0.1 -0.1 -0.1 -0.1 -0.1 -0.1 -0.1 -0.1 -0.1 -0.1 -0.1 -0.1 -0.1 -0.1 -0.1 -0.1 -0.1 -0.1 -0.1
