WholeMapElevations/data/nx/nx79_OST50GRID_20230518/NX79.asc
ncols 200
nrows 200
xllcorner 270000
yllcorner 590000
cellsize 50
[rows 35 to 69 of 200, columns 0 to 77 of 200]
490.6 497.1 505.8 516.4 528.5 535.9 539.7 541.2 541.2 544.2 544.7 544.2 545 543.2 537.5 530.2 522.3 511.7 498.1 479.1 458.5 441.7 426.6 413.8 400.4 389 380.1 373.7 369.9 367.1 366.4 369.9 373 379.8 388.1 394 396.7 398.4 399.3 398.2 398.7 399.5 401.1 402.4 404.4 404.8 405.5 403.7 396.7 394.3 391.5 388.3 387.2 382.5 379.2 371.5 373.5 376.7 380.8 387.2 395.1 401.8 408.9 415.5 421.8 428 431.4 435.6 433 427.5 426.3 428.8 434.6 432.8 426.1 415.9 401.4 386.9
469.4 479.1 489.1 502.6 518.4 528.4 534.3 535.1 535.4 538.8 538.2 536.8 539.1 535.8 530 522.2 512.1 500.2 485.4 469.8 454.3 438.7 425.7 414.2 404.4 395.3 383.6 376.7 371.6 365.1 362.8 362.9 362.3 365.1 368.8 375 378.9 380.6 383 381.6 381.4 383.4 383.5 384.5 386.2 386.1 383 380.5 377.8 375 370 372.7 368.8 365.9 361 358.4 357.9 361.4 367.9 373.8 391.4 402.5 411.4 422.3 431.4 433.6 435.1 432.2 429.9 429.7 429.3 440 442 441 435.8 427.8 415.8 399.2
455.2 461.9 473.8 488.7 508 520 528.4 528.3 527.3 530.7 528.4 529.6 531 526.8 520.6 510.1 498.6 486.9 474.7 461.1 446.9 433.1 424.6 415.9 405.5 397 386.3 377.6 370.8 368.2 362.6 359.1 357.1 354.4 355.1 356 359.8 364.2 367.5 368.7 367.6 365.3 365.4 366.2 366.1 364.5 361.1 359.1 358.9 356.8 353.5 350.6 350 350.5 347.2 343.6 341.8 343.5 351.6 362.6 381.4 399.1 408.4 415.5 422.7 427.2 426 422.3 418.3 416.4 423.6 441.9 444.6 445.7 443.2 438.5 426.4 404.6
443.5 449 463.3 479.8 499.5 512.5 518.4 521.2 521.7 519.9 519 521.5 521 515.8 508.4 498.9 486.9 472.3 459.6 448.7 438.1 427.2 419.8 410.5 400.1 394.7 387.1 383.7 377.5 372 366 363.9 360.4 355 350 346.7 346.7 348.8 350.9 350.2 350.1 349.6 347 348.2 344.6 343.2 340.5 341.8 343.3 340.8 337.5 336.7 334.7 332.5 331.4 330.3 327.9 326.3 330.1 342.7 359.2 377 391.8 398.6 407.5 412 410.6 407 399.6 399.9 413.2 435.5 443.8 445.5 445.7 445.3 434.1 407.3
431.5 441.9 454.1 472 492.5 504.4 511.6 513.6 512.3 512 512.2 512.1 509 503.3 496 484.3 472.3 460.1 449.5 440.3 433.7 426.3 420.1 412.8 402.2 399.8 392.8 389 386.6 383.3 378.6 374.3 370.4 365.6 359.8 351.3 345.1 340 338 336.5 336 336.1 333.3 330.7 328.1 326.8 326.4 326.1 323.8 325.5 321.6 321.2 320.2 317 317.7 314.8 313.9 314.6 315.9 326 338.4 352.3 363.6 372 381.4 389.5 388.3 383.5 381.5 384.1 401.5 417.2 435.2 441.7 443.3 443.5 437.1 411.3
420 434.3 447.1 464.7 484.2 496.7 504 507.6 507.7 505.8 506.3 502.9 499.1 491.5 482.2 470.8 460.3 449.9 441.7 435.2 431 423.8 415.7 408.8 408.6 405.5 408.6 408.1 403.7 400.9 396.5 391.9 385.9 377.7 374.9 369.7 361.2 353.5 344.9 334.5 327.8 321.6 322 319.9 319.6 317.8 315.1 313.3 310.1 309 307.3 308 307.3 304.2 304 301.5 303.1 302.3 302.9 309.3 318.3 324.3 334 347.5 354.9 358.7 362.1 362.8 362.6 370.9 382.9 393.4 404.3 418.4 428.7 429.3 424.6 408.5
411.3 427.9 441.4 457.2 477.2 489.4 497.9 503.2 504.9 500.4 497.7 495.1 487.3 478.9 473.2 460 448.2 440.5 435.6 430.8 427 418.1 414.3 414.7 420.6 428.3 432.9 432 425.6 418.5 413.9 407 402.6 399.7 394.8 387.9 379.9 371.3 364.6 353.6 341.8 332.1 323.5 317 311.5 309.1 307.3 305.2 302.7 300.7 298.3 296.8 297 297 296.9 294.2 296.4 296.6 298.7 298.9 299.8 305.7 311.8 318.8 328.7 340.3 344.8 346.6 353 359.1 363.8 373.3 382.3 389.5 400.2 407.4 408.4 408.5
404.4 420.3 432.7 453.1 468.6 481.8 491.9 498.8 499.6 494 484.2 482.3 474.6 470.1 458.4 448 440.5 435.4 431.5 428.9 425.7 421 421.9 433.8 443.5 450.5 456.4 459.9 452.7 441.9 434.2 425.2 420.1 416.3 411.3 405.5 401.4 394.5 384.8 371.9 360.5 349.2 340.9 331.3 322.5 314.1 307.5 307 304.2 299.2 296.9 293.2 291 288.8 284.9 281.3 284.6 291.7 292.2 292.4 294.5 295.3 294 301.3 314.1 324.3 328.9 329.8 336.7 342.5 345.3 350 353.6 362.9 375.8 384.5 391.3 396.3
398.5 414.3 427.3 443.7 460.7 475.1 486.5 491.8 489 482.5 473.8 470 464.4 457.3 447.4 439.4 433.8 429.9 427.1 426.9 426.2 429 441.1 453.5 463 471.1 477.6 473.8 470.1 461.5 450.1 442.5 436.4 433.6 430.4 427.2 424.2 422.6 411.7 391.7 377.3 365.4 357.1 347.6 337.1 327.7 319.3 312.8 309.4 304.9 302.6 298.5 295.6 293.9 291.6 286.9 282 276.9 286.7 288.1 287 287.8 290.5 290.2 300.4 307.5 311.2 317.6 319.4 323.3 328.1 328.5 332.3 338.2 348.7 357.4 369.1 381.2
396.3 407.7 420.9 437.2 452.8 468.4 475.1 480.3 472.3 464.9 458.9 454.7 450.7 443.5 435.4 429.4 427 424.7 425.1 427.2 436.4 448.3 459.4 471.2 481.5 487.4 492 491.2 486.9 476 464.7 456.8 451 448.9 448.3 446.6 445.2 443.3 437.2 412.7 394.5 381.3 369.7 358.4 348.3 339.8 332.8 325.5 320 315.6 312.9 311 309.1 305.8 301.7 295.7 289.2 281.2 276.5 280.8 281.4 281.1 282 282.9 283.4 288.7 296.1 304.4 309 311.4 311.9 312 314.1 317.5 326.9 335.5 346.1 363.6
391.5 401.7 416.7 434.2 451.5 461.7 467.6 462.7 455.5 446.2 441.8 435.4 434.1 427.4 423.2 420.7 420.7 419.4 422.6 438.3 455.5 463.4 476.9 488.9 498.5 503.5 507.1 504.3 498.2 490.2 479.5 470.7 466.8 464 466.6 467.2 459.8 455.8 445.2 427.3 409.2 392.8 381.3 371.2 361.1 352.5 342.9 337.7 325.6 329.3 324.7 323.5 322.7 314.8 310.2 300.4 291.5 286.7 280.1 275.4 273.9 273.3 273.2 272.3 273.4 276.5 284.8 291.9 293.2 293.5 296.4 298.1 300 301.8 309.2 314.2 326.7 332.4
381.2 400.4 418.8 437.4 453.4 458.3 461.2 448.3 440.7 436.4 428.9 423.3 420.2 418.4 413.1 412.6 410.1 416.6 434 454.3 468.6 480.7 494 504.3 510.8 515.2 515.3 513 509.1 502.9 492.2 484.6 478.8 480.9 481.5 480.4 473.8 468.2 456.8 440.5 420.6 404.8 390.4 378.9 368.4 359.7 353.9 346.6 343.3 342.4 342.5 341.1 337.1 331.3 321.2 310.3 299.8 290 283.1 276.1 272.2 270.6 270.7 269.8 268.5 267.8 274.1 278.2 276.5 279.1 285.2 285.5 286.9 288 290.3 295.3 303.7 311.6
381.1 405.9 425.9 444.5 455.1 447.1 442.9 434.8 428.9 423.7 416.3 406.8 406.4 405 403.7 400.5 408.1 421.4 448.2 464.6 480.3 493.6 505.2 511.8 517.3 518.7 520.3 521.2 519.3 513.2 501.4 496.9 496.2 496.1 494.8 493.7 489.1 481.2 467.4 447.1 429 412.5 397.1 384.3 375.3 367.7 359.3 347.4 354.7 356.1 361.5 360.2 354 348.6 332.9 318.9 306.4 295.8 286.8 280.7 278 274.3 270.4 268.4 268.2 267.2 266.6 266.3 267.2 273.5 276.5 275.6 277.3 276.9 278.7 280.9 286.9 291.9
397.2 415.1 437.7 445.5 443.8 437.5 428.7 423.7 417.3 412.1 405.8 399.3 396.7 396.5 394.1 396.8 414.2 437.3 459.2 475.4 491.4 502.4 508.2 516.3 519.9 521.4 522.3 525.1 523.7 517 506.9 508.2 509 508.8 507.9 506 501.2 491.4 471.8 453 434.7 416.4 401.2 389.9 379.2 367.2 352.9 364.6 368.1 377.5 382 378.6 373 362.5 344.9 329.7 314.6 304.5 294.8 292.6 286.6 281.4 276.1 272.3 269 265.9 265.2 264.9 264.1 264.5 265.4 268.3 271.4 271.5 270.9 269.8 271.3 272.1
408.5 424.5 431.9 432.1 432 425.9 418.1 414.4 407.5 401.1 394.5 389.6 383.6 384.2 384.3 401.1 423.8 449.3 468.1 483.9 499.1 504.5 510.6 513.1 517.2 520.9 521.9 521.6 521 518 516.4 517.2 519.2 520.5 518.8 516 509.7 497.1 475.8 454.8 435 416.5 404.1 393 384.5 363.6 373.8 378.7 389.2 394.6 399.3 400.5 391.3 373.4 358.5 340.9 323.9 308.9 307.9 303.7 296.6 290 286.6 280 276.1 270.1 265.7 264.2 263.9 263 262.8 261.7 261.9 264.2 264.2 264.2 263.5 263.3
410.9 419.9 415.2 419.7 420.9 416.2 406.5 403.3 395.9 389.6 381.9 380 366.4 368.5 386.7 405.6 430.1 451.5 471.6 487.4 500.1 503.3 503.9 505.4 511.6 517.2 518 520.4 518.5 517.9 519.4 522.9 527 528 525.5 521.3 514.8 498.8 477.6 452.9 431.9 419.5 408.7 397.5 388 373 388.2 398.2 408.6 415.3 415.5 412.7 402.8 389.5 371.4 352.5 333.7 326.3 319.1 314 310.1 304.6 298 291.8 286.5 281 276.2 271.1 266.7 262.8 260.6 260.4 260.1 259.8 259.7 259.2 259.6 260.3
396.1 388.2 391.8 399 404.2 402.1 397.9 385.2 382.2 376 371.1 371 358.5 371.7 389 407.4 430.9 449.5 467.6 481 488.3 494.8 493 496.7 503.9 508.6 512.8 512.8 510.7 515.7 520.5 525.1 529.6 530.5 529.3 523.3 511.1 494.6 473 450.6 434.3 422.5 410.6 397.2 382.2 392.8 405.1 417.8 423.5 427.9 429.4 425.8 414.2 398.5 378.5 359.8 349.2 340.3 331.9 328 322.5 317.7 310.8 306.6 300.6 295.2 291 285.5 279.2 273.1 267.5 261.6 259.5 259.9 259.4 258.3 257.9 257.9
352.7 364.5 370.5 375.6 384.4 384.2 372.6 366.3 369 365.2 363.3 357.9 351.3 369.2 388.1 407 428.9 448.8 461.7 472.2 477.8 481.3 481.8 489.6 494 495.1 496.4 500.1 505.1 513 519.3 525.4 530.3 534.4 531.4 520.5 505.5 488.6 470.1 450 435.6 423.4 411.6 390.5 398.1 408.2 419.6 429.5 438.4 442.4 442.5 438.2 427.1 404.8 383.9 363.4 360.8 354 346.6 342.7 336.4 331.6 327.2 323.2 316.4 313.2 308.9 303 296.3 289.2 281.1 273.9 266.9 260.4 258.7 258.7 257.9 257.1
332.7 344.7 346.8 346.6 361.9 353.9 351.5 350.6 356.3 356.3 353.5 344.3 352.8 366.5 384.3 403.6 421.3 438.6 452.1 461.4 467 469.9 473.3 476.6 478.7 477.9 482.4 489.9 499.7 509.1 517 524.9 532.3 532.2 525.7 513.7 501.5 484.5 464.3 452 436.2 424.8 406.6 407.2 413.3 423.3 433.9 444.3 450.3 454.3 455.2 448.3 431.5 410 391.6 382 376 365.4 359.2 354.1 350.8 347.5 343.8 338.6 334.3 328.8 325.5 321.4 314.5 306.2 297.4 289.8 280.7 271.8 263.4 257.9 257 256.5
307.9 313.8 312.4 324.5 331.5 335.9 337.7 343.3 342.3 345.1 346.9 335.1 348.4 362.1 379 398.1 413.7 433 441.4 450.9 453.9 460.3 461.6 459.9 461.6 463.6 471.3 480.9 493 502.7 512.4 522 525.3 522 514.2 505.2 492.9 477.7 464.7 450.8 441.4 427.5 423.6 425.9 432.6 440.4 448.9 457.3 463.3 466.4 468.4 457.1 433.9 415.9 403.5 399.2 389.7 380.5 375.6 370.4 366.4 362.4 358.7 355.7 352.2 347.9 343 338.1 332.7 326.4 313.5 305.3 294.8 286.1 277.4 266.7 259.9 257.4
290.3 296.1 290.7 301.6 308.9 319.4 328.2 323.4 328.8 334.9 337.8 331 342.1 357 371.4 388.8 404.7 421.9 431 442.6 445.9 447.4 446.9 447.2 448.4 453 459.6 470 482.7 495.4 505.9 511.5 514 509.2 503.6 495.9 487.7 473.8 465.9 454.2 443 442.5 445.3 448.6 451.7 457.7 465.3 472 476 478.2 475.9 460.1 442.2 420.3 417.1 410.4 403.5 397 392.1 384.8 381.3 378 375.5 374.8 372.2 367.1 364.5 361.1 357.3 350.9 337.9 325 312.1 301 287.9 277 266.6 263
273.4 279.1 284.6 286.4 294 304.5 304.9 308.7 317.1 325.2 328.5 323.2 337.5 351.5 365.1 380.7 395.8 411.3 424.5 434.1 436.4 436.2 437.8 437.5 439.3 443.6 450.2 460.4 472.9 484.6 491.7 497.2 498.3 496.3 495 489.8 483 474.2 466.2 456.3 455 457 461.3 464.8 470.4 474 477.8 482.7 486.8 487.9 482.1 466.7 451.1 437.5 429.1 422.1 422.1 417.2 411 401 397.6 397 395.5 394.3 389.6 390.1 389.1 387.7 383 376.4 368 352 332.6 311.4 298.1 283.9 274.2 272.2
262.3 266.6 267.2 275.6 277.1 282.2 289 294 304.2 312 303.3 318.3 333.2 344.8 358 373.8 388.9 401.8 415.6 423.4 426 427.4 428.3 428.4 430.3 433.2 439.7 449.7 461.2 469.8 474.6 479.1 482.7 483.8 484.8 482.1 480.4 475.5 470.4 469.4 471.6 473.1 475.4 478.9 482.6 485.2 488.7 491.1 495.4 494.6 484.9 470.4 461.4 449.8 443.8 439.9 437.1 432.1 427.2 422.3 415.9 411.5 410.8 406.4 404.9 408.9 407.4 404.2 401.4 394.5 382.9 367.4 353 328.5 308.4 296.3 284.9 278.8
256.3 257.4 257.2 266.4 267.6 267.9 276.1 280.6 288.7 298.8 293.9 315.3 328 339 351.1 365.2 381 394.3 407.7 415.5 420.7 419.6 419.7 417.4 419.5 421.2 427.3 436.7 446.3 453.1 459.2 464.9 469 472.6 475.1 476.9 478.3 477.5 478.9 480.9 483.8 487 489.5 491 493 496.8 499.8 502 505.3 502 489 485.2 474.9 467.1 460.5 456.2 454.6 447.4 442 433.8 425.7 417.9 415.9 411.7 414.4 416.2 414.4 410.8 407.6 400.1 388.6 376.3 360.6 343.8 323.1 306.3 297.4 285.4
251.8 252.2 252.3 258.1 259.9 258 263.2 268.7 273.8 278.9 291.1 309.7 321.6 333.9 346.4 361.1 373.6 388 399.5 406.7 409.5 411.9 410 408.1 409.3 408.4 415.7 419.4 430.2 438.6 445.9 452 457 462.1 466.1 471.6 479.4 486.9 489.2 494.3 499 501.6 502.7 501.7 505.7 509.5 510.7 513.6 512 502.6 496.5 493.7 486.6 482.3 473.2 469.7 464.4 456.8 446.1 435.6 428.2 422.9 416.2 413.6 413.3 411.6 410.6 406 400.3 397.9 389 380 367.9 353.9 337.9 320.4 307.2 294.3
251.6 247.8 249.2 251.2 251.2 251.4 253.3 258.7 262.7 271.9 286 299.9 310.7 327.1 340.3 360.8 373.8 384.9 391.3 398.3 400.1 401.4 400.7 397.9 397.9 393.7 398.3 405.3 414.1 422.5 427.6 438.5 444.2 449.8 457.8 469.1 480.6 491.7 498.8 503 507.1 509.8 509.5 512.1 515.4 517.9 519.8 519.1 515 503.9 503.3 500.8 496.1 490.5 487.3 480.2 472.5 461.4 448 434.8 426.7 425.4 416.5 410.4 407.3 405.3 403.7 399.5 396.7 395.4 393.7 382.8 371.1 359.6 347.1 333.6 316.1 303
251.7 248.9 247.2 247.5 247.1 247.3 249.9 253.9 256 264.1 274.3 288.5 300.6 317.5 333 349.4 368.1 377.9 385.4 388.1 387.1 387.3 389.1 386.7 385.1 379.6 382.8 388.6 397.8 407.2 415.6 424.6 431.7 440.1 452.2 465.4 478.5 490.3 500 505.4 508.4 510.3 513.2 516.1 521.2 525.3 523.1 520.3 512 508.1 506.4 508.1 502 498.2 492.7 484.9 476 463.3 448 436.9 428.5 421.3 415.5 409.6 406.2 402.4 398.6 396.2 393.5 390.7 388.1 381.8 372.3 361.8 352.6 341.2 325.9 309.8
251.2 250.1 246.4 245.4 244.4 244 247 248.8 249.1 253.7 262.9 273.5 289.2 304.7 322.9 338.1 353.9 364.6 367.6 371.2 373.3 375.6 377.4 375.4 370.4 362.7 370 373.8 381 390.6 400.9 409.8 417.4 431.2 447.1 460.4 472.8 484.9 494.3 500.7 504 508.9 513.5 519.9 523.4 525.3 520 516.3 514 513.9 511.1 512.4 506.6 501.2 492.7 483 473.5 460.2 450.1 440.1 432.7 424.5 417.3 414 410 406.4 400.2 393.6 387.1 383.9 381.3 377.9 370.8 362.2 357 345.2 332.8 317.3
247.7 245.6 243.1 244.2 243.2 241 243.3 244.9 245.2 247.2 251.6 260.8 275.4 293.5 311.6 326.9 337.7 347 349.1 355.5 358.9 361.1 362.7 361.6 356 355.3 359.1 361.5 367.5 376.2 386.5 394.1 411.8 429.1 441 452.1 464.6 475.7 485.1 491.1 497.2 503.2 509.8 516.3 517.2 513.9 513.3 514.4 516.9 516.2 515.7 514.6 508.6 501.2 492.9 481.6 471.3 457.8 451.1 444.1 434.5 427.1 425.1 421.2 418.2 411.4 405.7 398.8 389.9 380.1 375 371.1 366.8 361.4 354.8 346.9 336.4 324.7
244.6 245.7 241.8 243.6 242.8 241.7 239.5 241 241.6 241.3 243.2 247.9 260.2 280.4 297.8 312.7 323.6 327.6 333.4 341.8 343.8 347.3 349.3 348.9 345.8 344.5 349.5 351.5 356.2 363.5 371.4 385 400.7 414.8 429.2 438.7 450.6 461.2 472 479.3 486.8 494.7 502.2 503.3 500.6 504.6 510.4 515.2 517 519.3 519 514 506.8 499.5 489 478.6 467.2 458.8 452.5 442.8 440.4 439 435.3 431.4 426.1 420.6 413.4 404.9 394.4 384.5 374.8 364.8 360.5 357.1 351.9 345.8 338.1 327.2
251.1 247.2 244.8 241.3 240.9 239.1 238.2 237.6 237.1 237.5 237.6 238.4 250.1 265.9 283.4 298.3 304.3 311.5 319.9 328.9 330.7 333.7 334.7 334.5 337 333.4 340 341.6 347.1 349.4 361.4 373.8 386 399.7 412.8 426.3 435.4 445.1 454.7 462.6 472.7 481.3 484.9 487.5 490.2 500.7 506.5 511 516.6 518.7 516.1 511.5 504.4 493.8 485.3 474.7 466.1 459.2 452.7 451.3 450.8 451.7 443.2 447.9 442.6 434.9 420.7 410.1 401.8 392 382.8 374.8 367.3 360.4 354.3 346.8 333.9 331.1
255.7 252.7 250.3 245.1 243.8 241.7 239.1 234.7 233.5 231.8 234.3 233.9 244.1 251.7 268.6 284.8 293.4 300.8 304.9 313.2 316.3 320.5 322.2 326.5 328.9 324.7 330.4 332.7 336.6 341.6 350 360.9 372.7 383.9 398.3 409.3 422.5 430.5 439 449.5 458.5 462 466.7 475.4 484.4 493.5 503.3 511.1 515.9 516.9 516.9 511.1 500.5 491.5 485.8 475.2 470.1 462.7 463.4 462.6 464.1 468.1 465.7 462.1 462.1 453.8 435.5 422.5 412 399.7 389.9 381.8 373.5 365.3 358.9 353.2 347.3 342
265.4 265.3 260.9 256.1 252.7 247.3 244.9 238.2 233.9 231.1 228.8 230.1 237 244.4 255.7 272.6 280.8 289 298.7 298.2 305.9 307 310.7 314.5 321.4 319.4 323.7 324.1 324.5 333.3 340.8 350.1 360.5 372.2 383.5 395.1 408.3 419.5 427.9 433.6 442.1 448.5 457.7 466.7 475.7 487.7 498.8 507.8 513.9 516.3 514.3 510 498.9 489.7 487.1 481.8 476.1 475.2 472.8 474.7 479.5 482.2 480.9 478.9 477.6 470.5 454.5 438.4 425.1 409.2 396.1 389.5 381.8 373.2 364.1 357.8 352.7 348.6
281.2 280.9 274.8 269.7 264.6 256.7 248.3 241.4 236.5 231.5 228.9 228 228.9 239.5 242.2 257.9 268.2 275.7 285.7 292.4 289.3 293.3 300.2 305.2 311.5 315.6 314 307.3 315.8 324.6 331.6 338.3 343.9 360.7 374.1 385.2 396.8 407.7 417.3 425.2 432.2 438.5 449.4 458.4 469.4 483.2 495.1 505 511.9 512.8 508.8 501.9 496.8 497.2 495.2 487.9 483.3 482.5 484 488.1 491.7 494.8 495.3 491 487.6 481.4 469.5 455.2 442.7 423.4 406.5 398 393 383.6 373.1 364.4 359 352.9
295.9 294.4 284.3 278.9 276.9 269.1 257.4 249.9 241.9 237.3 231.2 227.6 226.1 229.2 234.2 239 254.3 265.9 275.1 279.1 281.5 286.8 290.6 296.6 303.8 308.5 303.6 312.9 324.2 336.4 349.4 359.8 366.2 366.1 361.6 376.5 389.3 399.6 408.2 416 423.3 431.6 441.6 451.1 463.8 477.6 490.3 502.4 509.5 512.6 509.7 507.1 506.7 503.9 500.8 495 492.3 492.4 498.5 501.3 504.3 506 506.6 503 494.9 486.9 473.3 463.1 453.7 434.1 419.4 412.1 405.2 396.2 386.9 375.1 366.7 360.4
