UK/data/st/st70_OST50GRID_20230518/ST70.asc
ncols 200
nrows 200
xllcorner 370000
yllcorner 100000
cellsize 50
[rows 35 to 69 of 200, columns 0 to 77 of 200]
114.9 115.2 115.1 114.9 113.9 113.4 112.5 110.1 108.2 106.2 104.5 103.6 102.9 102.3 101.5 100.7 99.5 98.4 97.4 97.1 97.6 97.8 98.4 98.9 98.5 97.7 96.5 94.9 94.9 94.2 93.3 92.4 91.4 90.8 89.3 88.1 86.5 84.7 83.3 82.3 81.4 81.2 81.3 81.3 81.3 81.3 82.2 83.2 83.9 84.5 84.9 84.1 84.1 82.3 80.8 80.5 80.2 80.9 82.9 83.6 83.2 82.3 81.7 81.6 81.1 80.3 79.6 79.2 79.1 79.3 79.8 79.9 79.6 79.6 80.5 81 82.3 84
116.8 117.2 116.8 115.4 113.9 112.9 111.3 109.3 108 106.7 104.2 103.8 102.6 101.3 100.1 99.3 98.3 97.4 96.6 95.8 96.4 96.5 96.5 96.3 96.3 96.4 95.1 94.2 93.7 93.2 92.4 91.6 90 88.8 87.7 86.5 84.9 83.6 82.9 82 81.2 81.3 81.4 81.5 81.5 81.8 83.2 84.9 85.7 86.4 86.6 85.6 84.9 83.1 81.5 80.8 80.5 80.9 82.5 83.4 83.4 83.3 82.9 82.1 81.4 80.6 79.9 79.5 79.3 79.5 80 80.5 79.4 79.8 80.1 80.5 81.6 83
117.2 117.6 117.3 115.7 112.6 110.2 109.9 108.1 106 104 103.9 104.7 103.5 102.4 100.9 100.2 99.7 98.3 97.6 96.4 95.2 95.1 95 94.5 94.1 94.7 94.2 93.6 92.8 91.7 91.1 89.5 88.2 87.1 86.1 84.8 83.5 83 82.3 81.5 81.3 81.3 81.5 81.6 81.7 82.8 84.4 86 87.3 88.2 88.3 87.3 85.7 83.8 82.2 81.1 80.9 81.1 81.6 83.4 83.4 83.4 83.4 82.4 81.7 81 80.2 79.8 79.6 79.6 79.9 80.2 80.3 80.1 80 80.4 81.1 82.2
116.3 115.7 115 113.2 109.4 107.8 108 106.7 104.4 104.6 105.6 105.4 104.5 103.5 102.1 101.4 100.9 99.7 98.6 97.8 96.7 94.7 93.5 93 92.5 92 92 91.4 91.1 90.6 89.4 88 86.7 85.5 84.5 83.4 83.1 82.9 82.8 82.9 82.2 82.1 82.1 82 82 83 85 87.1 88.8 89.6 89.3 88.5 87.4 85.1 82.9 81.5 81.3 81.4 81.4 82.4 83.6 83.7 84 83.2 82.1 81.3 80.5 80.1 79.8 79.8 80.1 80.4 80.6 80.4 79.8 80.3 80.8 81.9
115.5 114 111.7 109.1 106.7 106.8 106.1 104.7 102.8 101.8 103.6 105.1 105 104.5 103.3 102.5 101.3 100.6 99.8 98.6 97.3 95.6 94.2 93.2 91.7 91.6 90 89.5 89.2 88.9 88.5 87 85.5 84.3 83.8 83.6 83.4 83.1 83.1 82.6 82.6 82.4 82.3 82.2 82.2 83.2 85.3 87.3 88.9 90.9 92.2 90.5 88.4 86.4 84.5 83.4 82.3 81.8 81.6 82.2 83.3 84 84.6 84.7 83.7 82.4 81.2 80.4 80 80.6 80.3 80.6 80.8 80.7 80.6 80.4 80.9 82.1
114 115.6 111.1 107 105.3 104.4 103.9 102.4 100.7 99.1 100.7 101.8 102.6 102.4 102 101 99.8 98.3 97.3 96.3 95.9 94.9 94.6 93.3 93.1 92.3 90.7 88.9 87.7 87.2 86.8 86.2 84.7 84.3 83.8 83.7 83.7 83.4 83.3 83 83 82.8 82.6 82.5 82.4 83.5 85.4 86.8 88.7 90.8 93 91.4 89.4 87.4 85.2 83.7 82.2 81.8 81.7 82.6 83.7 84.9 86.2 86.4 85.9 84.4 82.9 81 80.3 80.9 80.5 80.8 81 80.9 80.5 81 81.4 83.4
112.2 113.4 112.2 107.6 103.7 102.1 101.6 100.6 99.9 98.8 97.5 98.4 99.1 98.1 97.1 96.9 95.3 94.8 94.2 93.1 93.2 93.1 93.4 93.5 94.3 93.4 91.4 89.9 87.9 86.4 85.7 84.9 84.4 84.2 83.9 83.8 83.8 83.7 83.5 83.4 83.4 83.2 83.1 82.9 82.7 83.3 84.7 86.2 88.5 90.9 93.2 92.9 90.3 88.1 85.9 83.9 82.7 81.9 83 84.5 85.9 86.8 87.8 88.6 88.6 87.1 85 82.9 80.8 81.2 80.6 81.3 81.3 80.6 80.4 81.5 82.3 84.6
110.3 111.3 111.2 107.7 103 102.3 102.2 102.9 101.3 99.9 98.6 97.2 96.3 95.5 95.1 94.8 94.8 93.6 92.7 92.1 92.1 91 91.4 92.6 93.9 93.7 92.1 90.1 88.1 86.1 85.3 85 84.7 84.2 84 83.9 83.9 83.8 83.8 83.8 83.8 83.7 83.5 83.3 83.1 83.1 84.3 86.1 88.7 91.6 93.4 93.2 91.3 89.2 87 85.1 83.4 82.8 83.8 87.5 88.9 89.4 89.6 91.1 89.7 87.8 85.7 83 81.7 81 81 81.2 81.4 80.8 80.6 81.1 81.2 81.4
110 107.5 106.6 108.1 105.5 106.1 107.2 107.5 104.9 102 99.3 98.2 98 96.7 95.9 95.9 95.8 94.6 93.9 93.7 93.2 91.8 90.4 91 92.5 92.8 91.3 89.3 87.4 85.9 85.2 85.2 85.1 84.7 84.8 85.1 85.1 85.3 85.1 84.5 84.2 84.1 83.9 83.8 83.1 83.6 84.9 86.2 88.8 91.5 93.4 93.2 91.9 90.4 88.3 86.5 84.4 83.3 84.5 88.3 90.9 91.6 91.8 91.2 89.3 86.5 84.5 83.1 81.9 81.7 82.1 82 82 81.9 80.9 81 81.1 81.9
109.8 107.3 104.2 109.2 111.1 108.9 111.2 111.6 109.1 105.8 101.9 99.9 99.7 98.4 97.5 97.6 97.1 96.7 96 95.4 93.8 92.4 91 89.5 90.1 91.1 90.1 88.2 86.5 85.8 85.6 85.3 85.2 85.5 86.6 86.8 87.3 87.7 86.8 86.2 85.6 85 84.4 84.1 83.7 84.7 86.5 87.8 88.8 91 91.8 92.4 92.5 91.6 89.8 87.9 85.2 83.2 83.8 87.8 89.3 90.3 90.1 89.4 87.1 85.4 84.5 83.1 82.4 82.6 83.3 83 83.4 83.4 82.7 82.1 81.6 82.3
110.5 108.4 106.1 110.6 114.5 115 114.6 113 111 108.2 104.4 102.3 101.8 101 100 98.1 96.7 95.7 95.3 94.6 93.6 92.4 90.8 89.4 88.4 88.6 87.8 87.6 86.4 85.7 85.7 85.7 86 87.4 89.2 87.7 89.5 89.2 88.4 87.7 86.8 87.1 86.4 84.7 84.4 85.9 87.7 88.8 89.6 90.6 91.7 91.3 90.5 90.2 89.4 87.7 85.3 83.1 83.6 86.2 86.9 88.5 88.7 87.8 86.6 85.1 84.2 83.4 83 83.2 84.1 84.8 85.2 85.4 85 84.7 83.2 82.7
110.7 107.6 107.2 110.8 115.7 117.2 116.4 114.1 110.5 109.1 107.2 105.7 104.2 102.7 100.4 98.6 96.8 95.1 93.8 92.6 91.7 90.9 90.1 89.1 88.3 87.3 87.2 87.3 86.2 86.1 85.1 85.4 86.4 88.1 90.9 90.5 92.1 90.7 90.2 89.7 88.4 88.2 87 85.4 84.8 86.2 87.9 89 90 90 89.5 88.9 88.2 87.4 86.5 85.1 83.6 83.2 83.8 85 86.8 88.8 88.4 87.7 86.1 85.1 84.8 84 83.5 83.9 84.7 86.3 87 87.3 87.1 86.7 85.6 84.5
108.9 108.2 110.3 111.7 114.6 115.9 116.8 114.9 112.9 111.4 109 107 105.3 103 100.3 98.7 97.6 96.1 93.9 93.2 92.6 91.4 90.7 89.6 88.3 87.7 87.1 87 86.3 85.8 85.7 86.2 86.5 87.9 91.6 92.8 93.7 92.6 91.5 90.4 89.3 88.8 87.5 85.9 84.9 86.3 88 89.1 88.6 87.8 87.1 86.5 85.8 85.4 84.7 84.4 84.2 85.3 85.7 85.4 87 89.7 89.6 88.6 87.1 86.7 86.3 85.2 84.1 84.3 85 87.3 88.7 89 89.1 88.4 87 85.7
109.2 111 112.6 113.2 114.4 116.2 116.2 115.1 112.9 111 109.4 107.6 105.3 102.7 100.6 99.5 98.4 97.2 95.2 94.3 93.8 92.1 91.4 91.7 89.9 89.5 87.9 87.4 86.8 85.9 86.1 86.1 86.4 87.6 90.2 93.1 94.2 93.3 91.9 90.8 90 88.9 87.8 86.6 85.3 86.5 87.5 87.1 86.9 86.9 86.2 85.1 84.9 84.8 84.2 85.6 86.8 87.9 88.1 87.5 88 90.6 90.8 89.5 87.9 87.9 87.6 86.6 85 84.8 86 88.4 90.3 91 90.9 89.8 88.4 87
111 112.9 114.4 114.4 113.7 114.9 114.8 114.5 112.4 110.7 109.1 106.9 105.4 103.9 101.8 99.9 98.7 97.5 97.1 95.4 93.8 92.5 92.1 92.3 92.4 91.3 89.6 87.8 87.1 86.3 86.4 86.5 86.5 87.5 91.1 94.6 95 93.5 92.1 90.9 89.4 88 86.8 86.1 85.7 85.9 86.8 86.8 86.9 86.3 85.6 84.3 84.2 85.3 85.5 87 89 90.5 90.8 89.5 89.3 91.7 91.9 90.1 89.1 89.3 89 87.1 85.8 85.7 87 90.4 93.1 93.7 92.2 91.1 90.6 89.3
112.9 114.7 114.2 113 112.8 113.3 114.1 113.8 112.5 111.2 109.8 107.2 105.9 104.4 102.3 100.2 99.3 98.3 97.3 95.6 94 93.2 92.8 92.9 93 93.1 91.1 88.7 87.4 86.6 86.5 86.5 86.8 88.8 92 95.3 95.1 92.9 91.6 90.8 89.4 88 87.3 87.2 87 86.9 86.9 87 86.9 86.3 85.4 84.7 84.5 86 87.1 88.8 90.7 92.7 93.5 92.5 91.1 93.1 92.5 91.5 91.1 91.2 89.2 86.5 85.8 86.2 90.1 94.2 96.2 95.4 93.5 92.4 92.1 91.7
114.6 114.5 112.9 111.6 111.8 112.3 112.8 113.5 111.9 110.6 109.1 107.2 105.2 102.6 101 99.6 99.2 98.2 97.5 96.8 95.5 94.5 93.6 94.4 95.1 94.5 91.6 89.1 87.7 87.2 87.2 87.1 87.3 88.5 92.4 95.9 96.2 93.1 91.1 90.7 89.9 89.4 89.8 89.1 88.3 88.1 88.1 87.8 87.7 87 85.8 85.1 85.3 85.6 87.7 90.7 92.2 94.3 96.4 95.2 94 95.2 93.1 94.3 93 92.3 88.5 86.5 86.8 87.4 91.9 96.7 99.4 99.1 97.1 95.5 95.5 93.5
113 112.6 111.3 110.3 110.6 111.3 111.9 112.7 111.2 109.2 107.2 105.2 103.3 101.2 99.6 98.8 97.9 97 96.6 95.7 95.1 94.5 94.7 94.8 95.9 95.8 92.7 89.5 88 87.9 87.9 87.9 87.8 88 92.2 96.2 96.9 94.5 92.4 91.5 91.1 91 91.8 91.7 90.5 89.7 89.6 88.6 88.3 87.8 86.8 86.1 85.4 86 88 92.5 95 97.1 98 98.6 97.9 97.9 96.9 96.5 94.9 91.6 87.9 87.9 89.8 89.8 94 99.1 102.2 101.9 101 99 97.9 94.8
111.2 110.6 109.9 109.6 109.6 110 110.7 111.7 110.6 109 107.2 105 103.3 101.1 99.4 99.1 98.5 97.7 95.7 95.1 94.6 93.8 93.6 93.6 94.3 93.9 92.1 90.1 88.7 88.4 88.2 87.9 88 88.5 91.1 95.2 97.2 96.2 94.5 92.8 92.2 92.8 93.9 93.9 92.5 91.5 91.3 89.8 89.6 89.6 88.2 87 86.3 86.1 87.5 92.1 95.7 98.2 99.8 100.7 101.1 101 99.5 97.2 94.5 91.6 87.5 90.2 93.7 94.2 97 101.7 104.8 104.6 103.6 102.2 99.4 96
109.7 109.6 109.3 109.1 109 109.2 109.5 110.9 111.7 110.1 108.4 106.4 104.3 102.5 100.7 99.6 98.9 98.4 97.4 95.5 94 94.2 93.6 93 92.3 91.8 90.6 89.7 88.9 87.9 87.6 88.3 87.9 88.4 89.9 93.5 95.1 96.7 95.3 93.8 93.9 95.1 96.2 96.3 94.6 93.3 92.4 91.5 91.8 91.4 90.1 88.8 87.6 86.8 86.2 90.1 93.8 97.1 99.5 101 102.2 101.6 99.5 96.7 93.7 89.2 88.4 91.7 96.5 98.5 101 105 107.2 108.4 107 103.7 101.9 99.5
108.2 108.3 108.6 108.6 108.4 108.6 108.8 110.5 112.6 111.4 110.2 109.7 108 104.2 102.3 100.7 100.4 100.6 99.2 97.4 96.2 96.4 95.7 94.6 94.5 93.7 92.1 90.5 89.4 88.1 88.7 88.6 88.4 88.6 89.4 91 92.9 95.7 96.2 95.6 96.4 97.3 98.5 98.7 96.9 95.2 94.2 93.3 93.9 93.1 91.8 90.5 89.3 88.2 87.3 86.9 89.8 93.9 96.4 98.6 100.4 99.5 97.4 95 91.1 89 89.3 92.3 97.8 102 104.6 107.4 109 109.1 108.2 103.9 100.4 98.2
107.8 106.8 107 107.4 107.7 107.5 108.7 110.1 112.5 112.1 111.8 111.9 109.9 106.9 104 101.9 101.6 101.6 99.9 99.3 98.5 99.2 98.6 98.4 97.6 96.3 94.2 91.6 89.3 87.9 88.8 89.1 88.9 88.7 89.5 90.3 91.8 93.8 95.6 97.6 98.5 100.3 100.8 101.1 99.5 98.3 96.5 95.1 95.4 94 93.6 92.2 90.9 89.9 88.7 87.3 87.5 89.7 93 95.2 96.6 96.2 94.6 92.7 89.8 90.9 91.6 92.1 97 102.9 106.9 109.2 110.7 110.6 107.5 103 98.6 96
107.6 106.5 105.6 106 106.5 106.8 108.2 109.8 111.8 112.7 112.7 112.5 110.6 107.1 104.9 103 102.5 102.5 101.2 101.1 100.9 101.3 100.7 99.6 98.7 96.8 93.8 91.4 89.4 88.6 88.8 89.4 89.4 89.1 90.7 91.9 92.2 93.2 96.1 99.5 101.2 103.2 103.8 103.6 102.3 100.8 99 97.1 96.7 94.8 93.8 93.6 92.7 91.6 89.8 87.7 88.5 90.1 90 91 92.2 93.6 93 92.4 90.4 93.2 94.9 94.5 95.9 101.5 106.7 109.2 110.5 108.4 105.2 101.1 97 94.4
107.5 106.3 105.7 105.2 105.2 105.8 107.7 109.8 111.4 112.3 112.6 112.5 109.8 107.2 105.4 104 103.2 103.3 103.1 102.4 101.8 100.9 100.9 100 98.3 95.8 92.9 90.3 90 89.4 89.1 89.3 89.4 89.5 91 93.5 93.6 94.5 97 100.3 102.1 103.3 104.7 104.7 104 102.7 101.1 99.2 97.6 95.8 93.8 93.5 92.8 93.2 90.7 88 90.2 91.9 92.3 92.6 93.1 94.4 94.4 93.2 90.3 94.7 96.9 98.3 99.8 101.8 105.4 107 106.6 104.6 101.9 98.2 94.6 93.8
107.6 106.2 105.6 105 104.5 105 107.4 109.4 111.1 112 112.3 111.1 108.3 106.3 105.1 103.7 103.6 102.9 100.6 100 99.1 99.9 99.6 98.8 96.8 94.2 91.5 90.6 89.9 89.9 90.1 90 89.7 90.2 91.1 93.2 94.6 95.1 97.9 100.1 101 102.5 103.7 104.5 103.5 102.8 101.8 99.3 96.8 95.1 93.2 92 91.2 90.7 89.2 89.3 92.3 94.2 94.7 96.4 96.3 96.9 96.2 94.4 91.2 95.4 99.1 101.9 104 105.1 104.9 104.3 103.3 101.1 98.1 95.3 93.3 92.9
108.2 106.6 105.3 104.7 104 104.3 106.5 108.9 110.8 111.3 110.7 107.9 106.5 105.1 104.2 103.1 101.6 100.1 98 96.6 96 95.4 95.5 95.1 93.2 91.6 91.4 90.9 90.2 90.2 90.2 90.1 90.1 90.6 91.5 92.7 94.5 95.8 98.2 99.4 101 101.6 103.1 103.8 103.3 102.6 101.1 98.4 95.7 94 92.3 91 90.2 89.2 89 91.5 94.3 96.2 97 99.5 99.8 99.6 98.3 96 93 97.2 101 104.1 106.1 107 105.3 102.5 100.2 97.9 94.7 93 92.2 91.3
108.8 107.2 105.5 104.3 103.6 103.7 105.5 108.1 110.2 109.7 107.7 105.2 105 103.9 101.8 100.8 99.2 97.4 96 95.2 94.9 94.1 93.4 92.6 92.5 92.6 92.9 92.2 90.7 90.5 90.4 90.3 90.3 91.7 92 92.7 94 96.2 98.1 100.9 102.3 103 103.6 103.5 103.4 102.7 100.4 98.5 96.2 94.2 92.7 91.9 90.6 90.4 89.6 90.7 94.5 97.9 99.4 101.3 102.5 102.1 99.5 96.1 94.8 98.4 102.7 105.3 105.4 105.8 104.2 101.6 98.2 95.9 94.6 94 92.5 91.1
109.5 107.7 105.8 104.2 103.5 103.1 104.7 107.5 109.7 108.6 105.7 103.3 102.9 102.6 100.8 98.7 97.4 96.6 95.3 94.1 93.6 92.7 92.4 92.7 93.2 94.2 95 94.1 92 90.7 90.5 90.4 91.7 93.2 93.6 93.9 95.1 97 99 101 101.6 103.1 103.6 103.7 103.5 103.1 101.2 98.5 96.6 94.7 94 93 91.4 91.1 90 91.1 94.5 98.7 101.4 103.3 104.3 103.2 99.9 96.4 96.5 100.5 103.5 105.4 105.2 104.5 102.7 100.3 98 96.5 95.5 93.8 92.4 91.3
110.6 108.7 106 104.5 103.2 102.6 103.6 106.2 109.1 108.8 106.2 103.5 101.7 101.7 99.5 97.7 97.9 96.6 95.2 94.1 93.6 93.3 92.9 93.2 94.6 97 97.5 95.8 93.7 91.7 90.7 90.6 92.6 94.4 94.9 95.4 96.6 98.4 100.2 99.8 100.5 101 102.3 103.7 104 103.6 101.7 100 98.4 96.7 94.9 92.8 91.7 91.4 90.9 91.8 94.2 99 102.5 103.9 104 102.6 99.2 97 97.3 100.9 103.8 105.2 104.5 104 101.9 100.2 98.3 96.8 95.1 93.5 92.5 91.3
111.7 108.8 106 104.5 103.2 102.2 104 107.4 109.8 108.7 105.7 103.9 102 100.6 99.4 99.6 97.8 96.4 95.1 94 93.8 93.8 93.7 95.2 98.6 100.6 99.6 97.8 95.9 92.5 91.8 91 92.3 94.9 96.3 96.8 97.9 99.6 100.2 99.4 99.4 100.1 100.6 101.9 103.6 103.9 102.8 102.4 100.6 98.6 96.3 94.1 92.1 91.3 91.4 92.9 94.3 98.2 102.3 104.4 104.1 103.7 101.2 98.6 97.5 99.3 102.8 104.7 103.7 103.5 101.5 100.1 98.7 97.1 95.4 94.3 92.9 91.8
112 108.7 106 104.5 103.1 102.3 104.8 108.8 109.8 107.4 104.6 102.7 101 101.2 100.9 99.5 97.3 95.4 94.7 93.8 94.5 93.8 95.3 98.4 101.1 102 101 99.4 96.1 92.7 91.7 91 93 94.5 96.4 97.1 98.2 99.2 99.5 99 98.4 98.8 99.5 100.4 102.5 105.2 105.1 104.8 102.2 99.1 96.8 94.3 92.2 92.3 93.5 93.1 94.1 97.1 101.1 105.2 106.4 105.7 103.2 100.6 98.3 101.9 104.4 104.6 104 102.7 101.9 100.5 99.1 97.6 96.2 95 93.4 92.3
111.9 108.6 106 104.5 103.1 102.3 105.7 109.1 108.3 106.1 103 100.6 99.7 99.9 98.8 97.4 96.5 95.2 94.4 95.1 95.8 95 97.9 100.9 102.4 102.5 101.7 100.2 97.1 94 91.5 91.2 92 92.8 94.9 95.7 97.2 97 97.8 98 97.8 97.6 98.4 100.1 102.3 106 107 106 103.1 99.3 96.6 93.9 92.4 93.7 95 94.6 94.3 95.8 99.7 103.7 107.4 107.5 105.5 102.9 100.2 100.6 104.2 104.6 104.4 103.9 102.7 101.9 100.6 98.8 97.2 95.4 93.9 92.1
112.3 108.6 106 104.4 102.7 101.6 104.7 106.5 104.3 102.1 100.1 98.7 97.9 97.1 96.8 96.1 95.6 95.1 95.4 96 95.1 97.2 100 102.4 102.8 103 102.6 100.6 97.5 94 91.9 91 92 92.3 93.7 94.3 94.7 94.9 95.2 96.4 97.6 98.7 98.3 99.4 101.2 104.3 106 106 102.6 99.1 96.7 93.7 93.7 94.9 96.3 96.7 95.9 96.6 98.2 102 108.4 109 107.4 105.6 103.2 101 102 103.5 103.6 102.5 101.7 100.7 98.9 96.8 95 95 94.2 91.8
110.7 107.9 105.5 103.9 102.3 100.8 103 102.4 100.6 99.7 99.3 97.7 97.2 97.1 96.9 96.5 95.7 96.2 96.4 95.4 96.4 98.9 100.9 101.7 102.5 103.2 102.7 101.1 97.7 94.3 92.3 91.3 91.4 92.5 93.5 94 94.5 94.8 96 97.1 98.6 100.1 99.7 99.5 100.3 101.5 103.5 103.6 102.8 100 97 94.5 95.2 96 97.3 98.4 98.3 99.1 99.6 102.3 109.6 110.6 108.3 107.7 106.1 104 103 103 103.5 102 100.5 99.7 98 96.1 95.4 94.9 94.7 93.7
109 107.2 105.2 103.3 101.8 100.9 100.4 100.5 99.9 99.4 99.5 99 97.8 97.1 97.2 96.8 96.4 96.6 96.8 96.8 96.7 98.2 99.6 100.4 101.2 102 102.2 100.8 97.9 94.8 92.9 91.6 91.5 92.8 93.3 93.8 94.3 95.2 96.7 98.3 100.1 101.5 101.1 100.8 101.3 102.4 103.7 104.4 102.1 99.8 97.7 96.7 97.3 97.6 98.7 100.2 99.8 101.3 102.6 104.1 109.8 112.5 110.6 109.8 108.4 107 104.9 103.1 104.8 103.4 101.8 100.6 99.5 98.2 97.4 96.7 95.6 94.3
