UK/data/hu/hu38_OST50GRID_20230518/HU38.asc
ncols 200
nrows 200
xllcorner 430000
yllcorner 1180000
cellsize 50
[rows 0 to 35 of 200, columns 82 to 163 of 200]
104.7 106.5 110.2 113 114.8 118.1 120.4 123.1 129.8 132.3 127.7 123.1 116.5 111.1 104.4 96.2 87.4 79.1 74.5 74.6 78.4 86.2 95.5 102 104.9 104 96.7 88.1 76.5 63.6 55.6 51.1 49.3 47.9 46.5 44.4 42.8 41.7 38.4 32.9 23.8 15.7 7.4 4.9 2.7 2.7 2.7 6.1 11.3 13.8 15.2 15.2 14.5 14.5 16.3 14.1 12.4 12.6 13.2 16.2 15.7 19 31.5 41.4 50.6 52.8 59.8 64.3 68.2 71.6 80.7 87.4 79.4 72.4 70.2 56.4 38.6 -0.9 -0.9 -0.9 -0.9 -0.9
104.7 104.7 106.4 108.2 111.6 112.4 115 121.3 128.4 128.4 124.8 120.1 114 109.5 101.5 92.1 85.5 78.7 72.6 76.9 82.4 92.3 101.2 110.5 110.2 105 97.6 89.5 74.6 63.5 60.7 53.4 48.9 47 44.7 41.7 39.5 36.6 34.4 29.1 20.5 11.3 6.3 4.1 2.2 2.7 3.7 7.1 11.8 14.8 16.2 14.9 14.5 15.1 17.3 15.5 11.7 11.5 11.8 13.6 14.4 18.1 33.3 41 53.4 55.3 61.4 68.8 72.9 74.6 79.9 86.2 77.9 68.6 60.7 44.1 25.2 9.5 -0.9 -0.9 -0.9 -0.9
104.7 104.7 104.7 104.7 108.9 110.7 113.4 117.4 124.3 124.7 121.7 118.1 112.7 107.1 98.4 89.2 81.6 78.3 76.7 80.1 88.1 96.8 111.6 116.7 110.6 102.8 96 86.6 73.4 68.2 61.5 55.8 51.8 47.7 45.2 39.5 36.3 33.9 30.3 25.6 17.9 9.2 5.9 3.3 2.6 3.9 5.6 7.6 12.7 16.3 17.5 17.3 16 17 18.7 16.7 12 11.1 11.8 13.1 13.7 18.7 33.6 41.5 57.3 58.5 60.9 70.8 76.1 77.1 77 78.9 67.5 63.3 48.5 24.2 11.8 -0.9 -0.9 -0.9 -0.9 -0.9
104.7 104.7 104.7 104.7 108.5 109.6 113.5 114.9 118.7 120.5 118.6 115.1 110.1 103.6 95.4 86.8 81.4 77.4 80.6 85.4 93.9 106.6 118.2 116.4 109.4 100.5 92.3 82.8 73.6 65.6 63.9 60.9 55.3 47.2 41.5 37.4 31.2 30.4 27.2 22.3 15.1 8.7 4.9 3.5 3.3 4.3 5.2 9.4 14.8 17.6 18.5 19.6 18.2 18.6 17.8 16 12.7 10.1 11.1 12.1 13.7 18 26.2 39 56 61.9 60.4 69.3 75.9 77.3 74.7 68.3 64.1 54.3 34.8 17.8 -0.9 -0.9 -0.9 -0.9 -0.9 -0.9
104.7 104.7 104.7 104.7 104.2 106.9 112.6 113.8 116.2 117 115.8 112.2 107 100.7 92.7 85.1 81.6 80.8 85.3 90.8 101.2 113.8 119.2 113.9 105.1 96.1 87.2 80.8 75 67 62.9 60 51.2 44.3 37.4 33.9 28.6 25.9 23.7 18.6 13.4 8 5.2 4.7 4.9 6.5 7.3 10.5 15.3 18.8 19.8 21.1 19.4 18.9 15.9 14.6 11.2 8.7 8.4 9.3 11.5 17.4 23.1 33.1 46.4 61.1 61.9 66.6 73.6 77.2 72.3 63.3 56.4 39.8 20.2 16.9 -0.9 -0.9 -0.9 -0.9 -0.9 -0.9
105.4 104.7 107.8 104.7 105.3 109 108.6 111.8 114.9 113.8 112 109 103.2 97.1 89.2 86.4 83.4 85.3 89.6 93.9 103.2 113.9 117.2 111 99.4 87.4 81.4 78.3 74.5 65.6 63.3 55.7 53.3 44.3 37.8 31.4 26.5 22.7 19.8 16 12.3 7.9 4.8 8.1 7.9 9.9 10.5 11.1 16.8 19.3 21.1 20.6 19.3 17.9 14.6 11.9 10 8.6 7.6 8.3 12 16.1 22.1 29.3 39.9 61.4 62.9 63.7 69.9 72.6 65.8 56.4 45 24.4 13.4 10.8 -0.9 -0.9 -0.9 -0.9 -0.9 -0.9
112.3 110.2 108.6 106.1 106.5 107.4 108.6 109.8 112.1 112 109.1 106.2 101.1 96.2 89.3 86.9 82.9 88.5 93.9 96.8 102.9 110.2 110.5 104.9 95.4 86 79.5 76.8 73.4 66.3 62.3 54.1 50.4 45.8 41.4 30.8 24.4 20.8 17.8 15.7 11.3 8.5 5.7 8.8 12 12.7 13.6 12.9 16.8 18.1 19.4 19.1 16.3 14.7 12.5 11.3 9.9 7.9 6.6 7.6 10.3 13.5 19.1 28.5 40.1 64.4 61.9 61.8 66 66.6 58.5 48.6 29.5 -0.9 -0.9 -0.9 -0.9 -0.9 -0.9 -0.9 -0.9 -0.9
115.8 116 111.8 111.5 111.6 107.9 108.8 108.7 108.4 108.1 106 103.2 99.3 93.6 89.1 86.2 86.8 90.2 93.2 96.7 101.8 105.2 103.4 99.3 91.8 86.1 79.6 75.3 72.7 66.9 63.7 55.4 52.6 45.5 37 29.6 22.2 19.2 16.6 13.2 9 7 7 9.9 15.4 13.3 15.4 12.7 13.7 16.8 17.8 18.5 14.8 12.6 10.9 11.5 9.2 7.5 4.8 6.1 5.8 12.3 15.7 25 35.1 54.4 60 59.4 63.5 57.5 42.6 34.6 1.3 -0.9 -0.9 -0.9 -0.9 -0.9 -0.9 -0.9 -0.9 7.2
118.7 116.5 113.5 113.3 111.7 108.9 109 108 106.7 105.3 103.7 100.4 96.1 92.5 89.7 87.5 87.8 90.6 94.4 97.6 100.4 101.8 98.1 98.4 93.9 83.6 79.7 75.2 70.4 67.1 62.9 56.8 50.3 42.3 35.7 29.8 21.4 18.5 15.4 14.5 11.2 7.8 7.4 9 16.9 14.4 14.2 12.6 13.2 15.2 16.7 16.8 13.5 12.4 10.3 10 8.3 5.1 2.7 3.2 3.3 10.3 13.2 20.7 33.4 48.3 55.8 59.2 60 54.7 35.7 -0.9 -0.9 -0.9 -0.9 -0.9 -0.9 -0.9 -0.9 -0.9 -0.9 9.2
133.8 123.5 119.9 115.8 114.3 110.7 109 106.3 106.4 104.7 102.4 99.2 94.5 91.2 89.8 88.2 88.2 90.1 92.2 94.3 95.5 96.4 93.8 96.4 92.5 87.1 78 74.4 69.1 65.6 61.4 56.7 51.7 42.5 34.6 29.5 23.3 18.3 16.9 16.7 13.9 9.6 8 8 12.7 13.8 13.2 12.1 10.9 13.3 14.8 14.3 12.1 11.4 9.2 7.9 6.5 3.9 0.8 0.8 2 6.3 12.2 18.7 28 46.5 55.5 57 57.6 51.6 30.8 -0.9 -0.9 -0.9 -0.9 -0.9 -0.9 -0.9 -0.9 -0.9 -0.9 -0.9
149.2 133.8 126 120.5 116.7 112.3 108.3 106.7 106.5 103.9 101.8 97.4 93.3 90.9 90.2 89.3 88.5 89.5 89.8 90.5 91.6 93 91.5 90.7 90.6 84 74.9 68.9 66.7 62.3 59 51.6 47.2 44.9 34.3 25.6 21.6 19.2 18.9 19.1 18.7 12.4 8.8 7.9 9.9 12.1 11.2 10 10.3 11 12.1 12 11.2 10.1 6.8 5.4 3.9 2.2 0.8 0.8 2.4 5.2 9.2 15.1 25.1 44.3 54 55.3 54.2 47.7 24 -0.9 -0.9 -0.9 -0.9 -0.9 -0.9 -0.9 -0.9 -0.9 -0.9 -0.9
152 142.9 134.7 127.2 119.5 113.4 111.4 109 105.7 104.3 101.6 97 94.1 91.8 90.9 90 89.6 89 86.7 87.1 86.1 87.6 87.2 87.5 83.2 81.2 73.8 68.5 65.1 62.9 56.3 49.2 45.8 42.6 36.7 30.8 24.5 20.4 22.2 22.6 21.3 17.5 10.6 8.1 8.8 10.4 10.5 9 9.2 9.4 9.5 9.6 9.3 7.8 4.8 2.7 0.8 -0.9 -0.9 -0.9 -0.9 -0.9 5.3 11.6 20.1 36.1 48.1 50.4 48.2 39 -0.9 -0.9 -0.9 -0.9 -0.9 -0.9 -0.9 -0.9 -0.9 -0.9 -0.9 -0.9
155.1 148.4 139 131.1 123.3 117 112.3 110.3 106.5 104.1 101.8 98.3 95.5 94.2 93.2 93 91.1 87.8 86.1 83.5 82.6 81.1 80.9 80 79.5 78.1 73.8 67.9 65.5 60.5 55.9 49.6 47.3 43.2 39.5 35.3 29.4 22.4 23 25.5 26.1 21.9 13.5 8.5 7.9 8.8 9 8.4 6.7 6.9 7 7 6.7 6.2 2.3 -0.9 -0.9 -0.9 -0.9 -0.9 -0.9 -0.9 -0.9 7.8 16.1 27.7 39 43.8 33.6 -0.9 -0.9 -0.9 -0.9 -0.9 -0.9 -0.9 -0.9 -0.9 -0.9 -0.9 -0.9 -0.9
154.6 149.8 143.2 135.2 127.7 122 120.7 117.5 113.9 109 104 101.2 97.5 96.3 96.3 96.9 94.2 89.9 85.2 81 79.1 78.1 77.8 76.8 75.3 74.7 72.6 67.1 63.7 62.1 61.1 53.4 49.6 47 41.7 36.4 33.4 25.8 25.3 29.3 28.6 22.6 16.6 9 6.5 6.4 7.5 6.9 5.5 3.5 3.1 4.4 4.7 1.1 -0.9 -0.9 -0.9 -0.9 -0.9 -0.9 -0.9 -0.9 -0.9 5.5 12.2 20.2 31.9 35.3 17.4 -0.9 -0.9 -0.9 -0.9 -0.9 -0.9 -0.9 -0.9 -0.9 -0.9 -0.9 -0.9 -0.9
153.5 149.2 145.9 139.9 133.6 130 128.3 126 124.4 118.9 113 105.6 100.9 98 100.1 100.4 99.5 97.9 88.6 82.8 79.3 78.1 76.2 75.2 74.7 71.9 69.8 67.5 64.8 64.8 62.6 59.1 50.8 47.5 42.4 37.3 32.8 28.5 27.6 32.7 33.2 25.4 18 10.7 6.6 4.4 4.5 4.6 3.3 1.6 2.5 -0.9 -0.9 -0.9 -0.9 -0.9 -0.9 -0.9 -0.9 -0.9 -0.9 -0.9 -0.9 -0.9 9.3 17.9 26.9 27.1 -0.9 -0.9 -0.9 -0.9 -0.9 -0.9 -0.9 6.4 -0.9 -0.9 -0.9 -0.9 -0.9 -0.9
152.4 150.6 148.7 144.2 139 136.6 133.2 132.2 130.1 126.5 119.3 112.6 101.7 104.5 104.3 105.3 106.6 103.7 95.2 85.8 82.5 79.1 76.9 75.8 74.3 73.3 72.1 67.5 66.3 66.3 66.2 63.1 52.2 50.1 42.1 38.1 35.3 29.8 28.2 33.5 33.6 26.1 20 14.8 6.5 3.7 2.6 1.5 1.5 1.5 -0.9 -0.9 -0.9 -0.9 -0.9 -0.9 -0.9 -0.9 -0.9 -0.9 -0.9 -0.9 -0.9 -0.9 7.2 15.2 25.5 17 -0.9 -0.9 -0.9 -0.9 -0.9 -0.9 -0.9 -0.9 -0.9 -0.9 -0.9 -0.9 -0.9 -0.9
152 149.9 149.5 146.9 142.9 141 138.7 136.4 134.7 130.9 121.9 109.9 104.2 109.5 109.6 109.8 109.6 106.8 98.9 93.1 88.7 82.7 78.8 79.9 76.9 74.4 71.8 69.8 69.5 67.6 66.2 66.2 56.6 53.6 45.6 39.3 35.5 32.1 30.2 33.6 33.2 28 23.4 16.9 9.4 5.1 1.5 1.5 1.5 -0.9 -0.9 -0.9 -0.9 -0.9 -0.9 -0.9 -0.9 -0.9 -0.9 -0.9 -0.9 -0.9 -0.9 -0.9 4.6 14 21.1 -0.9 -0.9 -0.9 -0.9 -0.9 -0.9 -0.9 -0.9 -0.9 -0.9 -0.9 -0.9 -0.9 -0.9 -0.9
150.4 149.6 149.6 147.8 144.8 144 141.3 138.8 134.2 127.2 117.2 108.5 113.9 112.6 114.8 114.8 113.1 109.1 101.9 96.4 91.7 85 83.5 85.4 82.6 76.4 72.9 72.7 72.1 70 68.7 63.2 60.3 53.6 50.2 41.9 37 34.4 32.7 34.4 35.2 30.6 27.3 20.4 11.1 6.7 3.1 1.5 -0.9 -0.9 -0.9 -0.9 -0.9 -0.9 -0.9 -0.9 -0.9 -0.9 -0.9 -0.9 -0.9 -0.9 -0.9 -0.9 -0.9 8.3 -0.9 -0.9 -0.9 -0.9 -0.9 -0.9 -0.9 -0.9 -0.9 -0.9 -0.9 -0.9 -0.9 -0.9 -0.9 -0.9
148.1 148.6 148 146.7 145.2 143.3 139.7 136.6 131.2 122.5 112.7 117.7 117.4 117.9 119.4 119.2 116.6 112.9 105.8 98.6 93.1 87.6 87.8 93 97.1 86.2 80.6 77.2 74.7 74.1 72.4 67.7 60.9 57.1 51.4 46 39.3 36.6 35.9 35.9 36 32.8 29.9 23.1 14.7 9.3 4.6 1.5 -0.9 -0.9 -0.9 -0.9 -0.9 -0.9 -0.9 -0.9 -0.9 -0.9 -0.9 -0.9 -0.9 -0.9 -0.9 -0.9 -0.9 -0.9 -0.9 -0.9 -0.9 -0.9 -0.9 -0.9 -0.9 -0.9 -0.9 -0.9 -0.9 -0.9 -0.9 -0.9 -0.9 -0.9
147.3 145.8 144.4 143.8 142.1 140.1 137.5 132.3 123.9 116 118.9 121 121.1 122.7 124.3 123.6 120.6 116.5 112.8 104.2 98.5 91.3 94.1 98.1 102 100.9 98.6 91.8 80.2 76.9 75.1 71.2 68 61.2 57.2 49 42.4 38.1 38.9 38.7 37.2 35.3 31.6 25.1 17.6 13.5 8.9 3.4 -0.9 -0.9 -0.9 -0.9 -0.9 -0.9 -0.9 -0.9 -0.9 -0.9 -0.9 -0.9 -0.9 -0.9 -0.9 -0.9 -0.9 -0.9 -0.9 -0.9 -0.9 -0.9 -0.9 -0.9 -0.9 -0.9 -0.9 -0.9 -0.9 -0.9 -0.9 -0.9 -0.9 -0.9
146 144.4 142.8 140.7 138.7 135.6 131.9 125.1 119.2 122 123.3 124.4 125.8 127.7 128.2 129.6 127.2 121.5 117.6 110.9 102.9 99.5 101.1 103.3 108.9 108.3 105.5 103.2 93.2 82.8 76.7 77.1 73.3 63.6 58.2 49.8 43.9 39.7 39.9 42.2 39 36.7 32.5 27 20.8 15.9 12.1 6.5 -0.9 -0.9 -0.9 -0.9 -0.9 -0.9 -0.9 -0.9 -0.9 -0.9 -0.9 -0.9 -0.9 -0.9 -0.9 -0.9 -0.9 -0.9 -0.9 -0.9 -0.9 -0.9 -0.9 -0.9 -0.9 -0.9 -0.9 -0.9 -0.9 -0.9 -0.9 -0.9 -0.9 -0.9
143.1 142.3 141.8 139.4 136 132 125.5 121.6 123.8 125.3 128.5 130.2 131.5 133 133.5 133.7 133.5 127.1 122.7 117.3 110.4 108.6 109.7 112.9 117.3 118.6 119.6 117.4 110.6 99.2 81.1 77 75.8 66.7 58.3 54.5 47 41.9 41.5 42.3 40.7 38.7 33.8 28.9 24 19.9 16.7 10.4 4.9 -0.9 -0.9 -0.9 -0.9 -0.9 -0.9 -0.9 -0.9 -0.9 -0.9 -0.9 -0.9 -0.9 -0.9 -0.9 -0.9 -0.9 -0.9 -0.9 -0.9 -0.9 -0.9 -0.9 -0.9 -0.9 -0.9 -0.9 -0.9 -0.9 -0.9 -0.9 -0.9 -0.9
142.2 140.2 140.2 138.8 133.5 127.2 122.9 123.5 125.8 130.3 133.5 135.8 136.6 138.4 138.4 137.5 136.2 132.2 127.5 123.7 119.4 117.5 118.9 125.9 132.3 133.2 129.1 127.5 124.1 109.6 103.7 83.7 73.9 69.5 60.6 55.7 50.1 43.7 45.1 44.5 42.6 42.9 35.5 31.1 26.8 23.4 20.1 13 7 2.6 -0.9 -0.9 -0.9 -0.9 -0.9 -0.9 -0.9 -0.9 -0.9 -0.9 -0.9 -0.9 -0.9 -0.9 -0.9 -0.9 -0.9 -0.9 -0.9 -0.9 -0.9 -0.9 -0.9 -0.9 -0.9 -0.9 -0.9 -0.9 -0.9 -0.9 -0.9 -0.9
141.7 139.1 138.9 137.2 132.1 124.9 124.4 125.9 130 134.1 137.5 140.1 141.9 143.3 142.9 142 139.1 135.4 131.7 129.4 126.9 127 129.3 140 149.7 149.7 143.6 140.9 133.3 121.7 116 103.4 77.9 69.2 63.8 55.2 49.7 46 47.4 45.6 44 43.6 38.3 34.2 28.8 23.8 21.8 14.7 9.4 4.9 -0.9 -0.9 -0.9 -0.9 -0.9 -0.9 -0.9 -0.9 -0.9 -0.9 -0.9 -0.9 -0.9 -0.9 -0.9 -0.9 -0.9 -0.9 -0.9 -0.9 -0.9 -0.9 -0.9 -0.9 -0.9 -0.9 -0.9 -0.9 -0.9 -0.9 -0.9 -0.9
140.2 138.8 135 132.9 128.1 125.4 125.7 128.7 132.5 137.4 142 144.2 146 146.8 146.5 145 142.2 138.4 135.5 134.6 132.4 133.2 137 148.3 168 164.8 151.4 149.8 143.3 132.2 124.2 105.2 88.6 67.8 62.9 55.8 49.5 48.6 48.4 46.3 45.3 44.4 40.4 37.6 32.7 27.4 21.7 16.9 12.5 7.8 -0.9 -0.9 -0.9 -0.9 -0.9 -0.9 -0.9 -0.9 -0.9 -0.9 -0.9 -0.9 -0.9 -0.9 -0.9 -0.9 -0.9 -0.9 -0.9 -0.9 -0.9 -0.9 -0.9 -0.9 -0.9 -0.9 -0.9 -0.9 -0.9 -0.9 -0.9 -0.9
138.4 137.4 133.5 130 126.8 127.2 127.9 132.2 135.5 141.1 145.2 147.7 148.1 148.8 148 146.9 144.2 141.3 139.1 137.7 138.5 138.9 143.7 155.2 169.5 170.3 161 156.4 150.1 137.7 125.3 108.8 97.1 72.1 62.1 57.2 50.5 49.4 48.3 47.7 46.4 44.9 41.4 37.6 35 29 23.9 19.7 14.8 11.5 7 -0.9 -0.9 -0.9 -0.9 -0.9 -0.9 -0.9 -0.9 -0.9 -0.9 -0.9 -0.9 -0.9 -0.9 -0.9 -0.9 -0.9 -0.9 -0.9 -0.9 -0.9 -0.9 -0.9 -0.9 -0.9 -0.9 -0.9 -0.9 -0.9 -0.9 -0.9
136.1 134.8 132.2 129.6 128 128.4 130.3 133.9 139 144.3 148.4 150 149.4 149.7 149.1 148.2 145.6 143.3 141.3 141.4 141.8 143.7 151.6 164.9 175.3 173.1 165.8 162.5 153.5 144.9 129.6 112.5 101.7 89.3 63.6 56.1 51.5 49.3 48.7 48.5 47.2 45.5 43 39.6 37.1 32 26.8 23 18.5 14.1 8.9 0.6 -0.9 -0.9 -0.9 -0.9 -0.9 -0.9 -0.9 -0.9 -0.9 -0.9 -0.9 -0.9 -0.9 -0.9 -0.9 -0.9 -0.9 -0.9 -0.9 -0.9 -0.9 -0.9 -0.9 -0.9 -0.9 -0.9 -0.9 -0.9 -0.9 -0.9
134.5 133.3 131.8 129.6 129.5 130.8 133 136.6 142.5 147 150.8 150.6 150.1 150.1 149.8 149.2 147.1 145.3 144.1 144.3 146.2 150.4 158.9 171.6 183.7 181.4 170.3 166.2 159.8 150.1 135.2 120.8 106.2 96.7 67.6 57.6 51.8 48.9 48.7 48.6 46.9 45.9 43.6 41.2 37.5 33.9 29.7 25.8 21.5 16 12.2 5.5 -0.9 -0.9 -0.9 -0.9 -0.9 -0.9 -0.9 -0.9 -0.9 -0.9 -0.9 -0.9 -0.9 -0.9 -0.9 -0.9 -0.9 -0.9 -0.9 -0.9 -0.9 -0.9 -0.9 -0.9 -0.9 -0.9 -0.9 -0.9 -0.9 -0.9
134.9 133.1 132.1 131.1 131.4 132.8 135.4 139.2 144.7 149.4 151.3 151.2 150.7 150.5 150.2 149.9 149.3 148.1 147.1 147.7 151.5 157.1 164.6 178.6 187 184.5 174.8 168.6 161.4 149.8 135.3 119.6 110.1 99.5 79.3 57 51.2 48.6 48.2 48.4 47.5 46.3 44.4 42.2 39.7 36 32.1 27.6 23.1 17.6 13.5 7.2 -0.9 -0.9 -0.9 -0.9 -0.9 -0.9 -0.9 -0.9 -0.9 -0.9 -0.9 -0.9 -0.9 -0.9 -0.9 -0.9 -0.9 -0.9 -0.9 -0.9 -0.9 -0.9 -0.9 -0.9 -0.9 -0.9 -0.9 -0.9 -0.9 -0.9
135.1 132 134 131.4 133.1 134.9 137.7 141.6 146.3 150 151.2 151.3 150.7 150.4 150.1 150.8 151.7 152.1 151.7 150.9 156.7 163.5 169.9 179.2 185.8 182.7 177.8 167.9 162 149.8 134.5 121.5 108.7 100.7 84.9 60.8 51.2 48.4 47.4 47.7 47.7 46.7 45.2 43.1 40.8 37.4 32 28.1 24.6 19.7 15.7 9.3 2.9 -0.9 -0.9 -0.9 -0.9 -0.9 3 4.5 4.4 -0.9 -0.9 -0.9 -0.9 -0.9 -0.9 -0.9 -0.9 -0.9 -0.9 -0.9 -0.9 -0.9 -0.9 -0.9 -0.9 -0.9 -0.9 -0.9 -0.9 -0.9
134.2 133.6 134.6 134.4 135.2 138 140.8 142.9 146.6 149.1 150.5 151 150.7 150.6 151 152.4 153.7 154.8 155.4 156.2 161.7 168.7 174.9 182.5 185.8 184.4 179 169.9 162.4 152.7 141.1 124 110.5 97.8 82.4 61.3 52.1 48.2 46.1 45.6 46.2 46 45.2 43.4 41.1 36.9 31 27.2 24.5 20.7 16.1 10 3.3 -0.9 -0.9 -0.9 -0.9 4.9 8.2 10.1 10.7 7.8 -0.9 -0.9 -0.9 -0.9 -0.9 -0.9 -0.9 -0.9 -0.9 -0.9 -0.9 -0.9 -0.9 -0.9 -0.9 -0.9 -0.9 -0.9 -0.9 -0.9
134.3 134 134.9 136 137.1 139.8 142.7 144.9 147.3 148.3 149.8 150.6 151 151.4 152.3 154 155.6 156.8 158.7 161.3 165.9 173 178.3 184.6 187.9 186.8 182.1 174.3 166.1 156 141.2 122.8 113.7 99.8 81.5 62.7 51.8 47.1 45 43.8 45 45 44.1 43 40.8 35.3 30 26.3 23.2 18.5 15 10 4.2 2 -0.9 -0.9 -0.9 9 12.3 13.9 14 9.9 -0.9 -0.9 -0.9 -0.9 -0.9 -0.9 -0.9 -0.9 -0.9 -0.9 -0.9 -0.9 -0.9 -0.9 -0.9 -0.9 -0.9 -0.9 -0.9 -0.9
136 134.4 134.8 135.1 139 141.8 143 144 146.8 147.9 150.2 150.4 151.4 152.3 153.8 155.3 156.9 159.2 161.9 164.6 169.1 176.2 180.4 185.8 189.6 188.1 183.5 177.6 167.2 155.8 146.7 131 122.2 101 77.7 62.2 51.2 46.6 43.2 42 42.8 43.1 42.4 41.5 38.6 34.8 29.2 25.8 22 16.6 13.3 9.6 6.4 4.4 -0.9 3.9 5.8 10.3 14.8 16.5 16.3 -0.9 -0.9 -0.9 -0.9 -0.9 -0.9 -0.9 -0.9 -0.9 -0.9 -0.9 -0.9 -0.9 -0.9 -0.9 -0.9 -0.9 -0.9 -0.9 -0.9 -0.9
135.7 134.7 133.8 135.4 139 143.1 142.5 144.3 145.7 147.7 149.4 149.8 151.6 153.1 154.7 156.5 158.3 161 163.9 167.1 171.9 177.9 183.2 187.5 189.8 189 185.6 177.2 169.8 160.5 151 137.1 126.3 100.8 75.1 64.3 53.5 44.6 41.7 40.6 41.7 41.8 40.5 39.8 37.2 32.9 28.4 24.1 20 14.9 10.5 7.6 5.5 4.8 -0.9 4.3 7.7 13.5 17.6 20.8 19.6 15.7 -0.9 -0.9 -0.9 -0.9 -0.9 -0.9 -0.9 -0.9 -0.9 -0.9 -0.9 -0.9 -0.9 -0.9 -0.9 -0.9 -0.9 -0.9 -0.9 -0.9
134.9 134.7 134.6 136.2 139.7 143.2 143.2 144 146.1 147.3 147.7 149.9 152.4 153.8 155.6 157.7 159.8 162.8 165.8 169.1 174 180.4 186.7 190 189.3 187.5 184.1 176.9 171.1 165.9 158 141.1 122.9 99.3 76.3 64.3 53.8 45.3 40.2 37.4 39.1 39.8 39 37.3 35.1 30.7 25.9 23.4 16.8 12.6 9 7 5.5 -0.9 -0.9 5.7 9.3 15.9 22.8 26.3 23.6 19.2 -0.9 -0.9 -0.9 -0.9 -0.9 -0.9 -0.9 -0.9 -0.9 -0.9 -0.9 -0.9 -0.9 -0.9 -0.9 -0.9 -0.9 -0.9 -0.9 -0.9
134.6 134.7 134.1 136 138.3 140.8 143 144.3 146.5 148.3 148.1 149.4 153.3 154.1 156.3 158.3 161.2 164.2 167.2 171.8 176.9 182.5 188.7 192.1 191.1 189.4 185.2 181.1 174.3 169.5 160.5 148.2 132.3 101.3 77.5 61.3 51.3 45.9 40 35.7 34.6 36.1 34.8 33.3 30.9 27.7 23.3 21.1 14.4 10.6 9 6.2 4.8 2.6 4.4 5.9 11.7 20.9 31.5 30.7 28.1 -0.9 -0.9 -0.9 -0.9 -0.9 -0.9 -0.9 -0.9 -0.9 -0.9 -0.9 -0.9 -0.9 -0.9 -0.9 -0.9 -0.9 -0.9 -0.9 -0.9 -0.9
