UK/data/nh/nh50_OST50GRID_20230518/NH50.asc
ncols 200
nrows 200
xllcorner 250000
yllcorner 800000
cellsize 50
[rows 35 to 69 of 200, columns 0 to 77 of 200]
718.3 719.4 725.6 733.6 739.9 743.5 745.8 750.6 753.3 754 752.9 750.2 747 743 737.8 732.9 727.6 720.4 713.8 708.2 706.8 707 710.2 717.5 724.6 731.1 735.2 737.1 737.4 736.6 733.3 730.1 723.8 717.6 707.5 694 674.9 657.5 642.5 624.6 603.9 588.5 569.6 554.9 540.1 524.3 507.1 484.4 463.8 442.4 421.2 402.7 382.6 364 349.7 333.4 330.2 330.8 330.9 330.8 331.2 330.8 331.9 331.9 330.9 351.6 372.3 399.8 431.6 468.1 507.5 544.9 589.2 621.6 658.5 685.3 698.5 700.1
718.9 721.1 729.3 737.6 740.7 740.2 741.4 745.1 747.8 747.8 747.5 745.7 742.9 739.5 734.2 728.2 722.5 715.6 708.8 702.1 701.2 697.6 699.8 706.3 715.3 722.2 727.3 729.1 728.6 727.5 724.1 719.7 714.2 707.6 695 678.5 662.6 645.1 623.6 606 586.3 569.5 553.6 536.7 522.9 506.9 490 471.7 453.5 434.8 415.5 397.4 384 370.6 355 337.6 332.1 331.6 331.8 331.8 331.4 330.9 332.5 332.8 332.7 343 363.9 390.5 424.6 461.7 498.3 540 592.4 618.6 644.4 668.3 678.6 688.5
718.8 723.1 734.6 738.7 739.8 737.5 737.9 739.2 741.9 742.5 742.2 739.7 737.4 734.1 728.4 721.2 715.1 710.5 705.1 699 693.5 688.5 687.5 696.1 704.6 712.1 718.1 718.6 716.8 715.3 712.6 708.5 701 690.5 677.7 664.3 645.8 624.2 602.7 584.8 559.2 540.6 532.4 518.7 506.6 490.1 474.7 458.9 442.7 426.5 411.2 398.1 385.8 372.3 361.1 347.7 334.9 333.3 333.1 332.7 332 331.7 333.5 333.6 334 340.5 360.8 386.7 422.6 458.8 493.5 529.4 571.6 610.6 635.7 647.4 663.3 678.9
720.2 725.1 734.5 735.9 735 732.8 732.7 733.7 735.5 736 735.5 732.8 731.5 728.1 722 713.8 709.1 703.3 696.3 691.3 685 678.5 679.4 684.9 692.7 700 706.7 706.4 705.1 702.6 699.5 694.7 687.8 677.3 665.1 651.6 629.6 607.1 588.9 567.4 546.8 530.7 515.8 501.7 490.8 474.9 460.1 447 432.3 418.7 407.8 396.4 383.8 376.6 369.9 362.3 346.3 337.8 334.8 333.7 333.5 333.3 334.1 334.3 334.5 338.1 354.4 379.8 415.5 450.7 485.9 518.1 555.9 590.2 610.1 627.6 647 668.7
722 729.2 732.6 732.2 729.9 725.3 726.3 728.1 728.3 727.8 727.7 726.7 725.4 721.5 715 708.1 703.6 700 695 686.7 681.5 674.1 673.7 672.2 680 686.5 693.3 693.7 692.1 689.7 684.9 680.3 672.6 662.6 648.3 631.1 608.1 587.8 565.4 545.9 527.6 513.4 501.5 489.6 478.5 465.3 448.1 437.4 427.3 417.6 406.2 394.7 386.5 382.2 375.7 361.2 345 340.3 336.4 334.5 334.1 334.3 335.3 335.2 335.4 334.5 350.4 378.1 413.1 443.5 472.5 505.6 542.3 572.7 591.1 612.6 639 660.4
723.5 730.3 730.8 729.1 724.4 721.5 720.2 720.5 720.9 720.5 720 719.2 718.1 714.6 708.6 703.2 698.1 694.4 689.6 684.3 677.1 672.1 663.6 662.6 667.4 672.7 678.5 679.3 677.5 673.6 671.1 668.2 659.5 642 625.3 609.7 588.1 565.1 543.1 524.7 507.7 494.1 483.8 474.6 463.3 450.1 435.6 425.6 416.8 410.7 402.6 394.5 387.3 378.5 369.1 354.9 347.9 340.9 337.8 334.9 334.7 335.3 334.8 336.2 336.7 336.7 344.7 368.3 399.7 430.2 458.1 489.2 521.9 553.3 579.6 602.5 627.8 652.2
729.7 731.2 729.2 724.7 719.7 717.8 717.4 714.7 714.3 714.3 713.8 710.7 709.7 706.1 702.2 697.3 694.1 688.9 684.8 679.3 674.7 668.6 661.3 652.1 655.8 659.2 662.7 663.6 661.8 661.4 658.1 652.6 641.6 623.7 600.3 580 563.1 545.6 528.3 510.8 496.6 478 463.7 455.7 446.2 438.6 429.8 420.7 415.2 403.7 391.8 389.6 384 383.4 377.1 363.8 356.1 349.9 340.3 336.1 335.2 336.6 335.6 336.5 337.6 337.3 341.1 357.9 385 412.1 436.5 473.4 505.1 536 563 592.2 621.4 648.5
731.5 732.3 730.5 723.5 718.8 715 712.9 708.8 709.6 708.9 707.5 703.1 699.8 697.2 694.4 691.5 687.5 684.1 679.1 674.2 669.7 664.5 658.4 652.5 641.7 646 645.9 648.1 648.4 646 640.6 633.1 622.6 605.7 581.8 555.9 540.7 523.1 505.9 486.9 477.5 469.2 464.3 456.9 440.7 434.8 427.9 418.6 409.8 404.1 401.5 394.6 392.4 390.1 384.4 375.1 368.5 361.6 352.6 346.3 336.4 336.4 338.1 337 337.6 337.7 342.1 355.9 371.3 401 432.8 460.8 491.8 521.3 550.4 578.1 609.7 640.2
735.8 734.9 731.2 721.7 717.6 712.8 710.1 706.6 705.9 702.3 700.7 697 693.7 692.2 689.5 685.5 680.2 675.5 671.3 668.9 664 657.9 651.1 648 636 633.9 636 636.6 633.1 627.7 618.9 611.9 603.1 580.4 559.3 540.5 523.1 503.2 484.8 477.7 464.3 460.1 453.5 438.6 431.2 424.4 420.2 417.8 421.1 420.3 406.3 405.4 408.5 406.8 397.7 387.6 381 374.3 364.6 356 346.3 338.9 338 337.5 338.2 338.8 339.4 345.2 359.8 386 413.9 447.7 476.3 506.6 528.5 563.2 588.5 610.4
739 736.9 730.3 720.7 715.9 711.3 707.7 706 704.1 699.7 696.9 693.3 690.2 687 684.4 680.3 676.4 670.7 667.1 663 658 651.6 644.3 641.3 635.7 623.5 621.7 624.9 621.4 612.4 606.1 593.3 580.1 555.4 533.6 513.1 499.5 486.9 476 469.5 450.9 442.6 443.4 440.9 433.8 433.1 435.3 432.5 426.7 422.1 421.8 420.9 419.8 412.8 404.3 398.8 391.7 384.9 376 365.6 354.7 345.3 339 338.8 339.4 338.7 340.3 340.7 350.4 373.6 405.1 441 476.6 503.2 522.9 543.1 571.2 603
741.2 738.6 731.1 719.6 714.6 711.3 708.6 707.1 703.4 698.4 695.2 693.1 690.3 685.5 676.2 675.3 670.6 666.4 661.8 658.5 652.2 645.4 641.2 636 632.1 627.7 609.9 614.6 609 601 586.5 574.9 553.1 537.9 520.3 501.2 486.4 473.7 479 463.1 463 464.2 457.3 450.6 443.9 444.4 448.4 445.6 437.8 432.3 431 430.3 424.9 419.6 414.8 408.9 402.1 394.7 385.1 374.7 363.2 352.4 342.3 340.3 341.2 340.2 341.2 341.5 344.1 364.5 401.6 429.1 458.9 487 518.9 543 559.8 585.8
742.7 739.5 730.7 718.8 713.4 710.4 708.7 706.8 702.4 697.5 695.3 693.3 690.5 685.3 677.1 672.9 666 661.4 660 655.1 646.9 642.3 639.6 632.9 625.5 617.4 611.4 597.2 597.9 592.8 576.9 562.3 543.9 525.5 506.4 494 490.1 488 477.9 482.4 483.7 474.9 469 465.2 458.1 454.5 454.9 451.3 443.5 440.8 438.7 435.9 432.9 428.5 426.5 421 414.4 405.8 395.6 382.1 370.9 360.9 352.2 343.2 341.6 341.6 341.3 342.8 344.9 355 379.1 414 442.3 468.6 498.5 528.4 553.9 578.1
743.7 739.5 729.8 719.5 713.2 709.5 707.7 705.1 700.7 697.9 695.4 692.4 690.2 686.8 678.2 670.4 666 660.1 654.6 650 643.4 638.3 634.7 627.4 617.9 605.2 595 587.2 579.6 568.2 561.1 547.6 531.8 513.9 514.3 513.4 505 498.7 498.8 500.2 493.8 490.5 480.3 475.8 471.7 471.7 465.8 458.1 452.2 451.2 447.4 444.7 442.2 442 438.5 436 428.1 417.8 403.7 393.2 380.6 370.1 360.3 351.1 342.7 342.8 342 343.2 344.8 350.5 366.9 398.8 424 450.8 476.7 506.7 533.9 561.2
744.4 739 727.7 719.1 710.8 706.8 706.4 704.7 699.4 697.2 695.8 692.7 690.1 685.5 680.2 672.5 664.6 658 652.7 645.6 641.4 636.7 629 616.2 604.1 609.8 611.4 603.2 585.4 574.1 558.6 539.2 542.2 539 533.3 526.7 522.7 519 521.2 517.7 509.1 504.4 498.4 493.6 492.8 487.8 480.8 476.4 469.5 460.6 458.5 457.3 456.4 455.1 455.9 452 442.5 430.1 414.1 401.3 390.3 378.3 368 359.4 347.6 344.6 345.2 343.5 346.7 347.1 359 380.7 405 433.1 461 492 521.3 547.3
745.1 737.3 725.1 717.8 709.9 704.4 703.9 702 697.5 696.4 694.5 692.3 688.9 684.3 678.2 670 663.4 657.9 651.7 644.6 639 633.3 622.1 615.7 617.6 618.2 614.6 608.4 593.8 585.1 573.4 553.4 557.1 551.1 545.3 546.6 541.9 541.8 541.1 533.3 529.8 522.8 514.7 513.6 511 504.3 499.9 490.7 478.4 473.5 472.8 468 471.5 475.3 475.5 468 456.4 441.2 425.4 411.8 399.2 387.2 377.4 367.9 355 346 345.8 344.8 346.5 348.7 356.4 371.7 393.7 418.8 448.7 478.4 511 534.6
743.9 733.3 724.2 716.8 709 702.4 700 697.4 692.4 693.6 692.4 688.2 686.3 681.5 675.3 668.3 662.1 655.8 649.8 643.4 638.1 625.1 622.4 623.7 624.7 622.4 618.5 610.3 597 588.8 577.3 575.5 571.5 572.9 569.4 568.9 562.7 562.8 558.3 556.8 553.2 544.8 539.4 539.2 532.3 522.1 509.3 498.6 495.9 492 486.1 485.9 488 491.2 487.5 478.8 466.7 454.7 439.3 424 408 395.6 384.2 374.5 362.2 348.4 345.9 347.1 346.2 349.9 357.9 368.9 389.1 415.3 444.1 471.1 498.1 520.6
741.2 731.6 724 716.7 706.9 699.6 696.4 691.9 688.6 687.3 685.7 684.7 682.4 677.4 671.6 665.4 658.9 651 649.6 643.5 635 624.9 631.8 635.2 631.9 629.9 623.8 612.7 604.1 599.6 587.4 587.1 585.4 590.5 590.7 584.4 578.6 584.7 585.9 582.7 576.9 572.6 568.6 573.3 555.9 539.7 536.6 516.9 513.1 508.1 499.7 500.2 503.1 504.2 497.7 491.5 480.9 468.8 450.8 438.4 419.6 404.4 391.9 380.7 368.5 356.1 347.3 348.5 347 350 358.8 368.3 382.1 410.7 436.6 462.1 489.6 512.2
740.2 731.8 724.7 716.3 706.8 698.2 693 688.9 683.1 679.4 681.9 680.6 677.9 673.1 666.9 661.2 656 652.2 649.3 642.6 627.5 636.9 642 645.4 641.8 635.4 629.5 618.7 609.6 605.2 594 595.3 599.1 599.8 603.6 605.3 598.4 608.4 606.6 609.8 604.2 602.8 606.4 602.9 583.8 576.8 565 543 529.5 518.9 514.4 518.6 518.4 516.8 510.9 504.6 495.5 481.5 469.4 448.9 429.1 412.8 399.2 386.5 374.5 362.1 351.2 348.8 348.3 349.3 352.9 366.5 378.1 398.9 425.4 450.8 477.1 496
738.7 731.4 724.4 715.3 705.2 696.5 693 688.6 685.3 679.7 676.7 675.3 672.1 668.6 664.4 656.1 652.8 650.1 647.2 633 637.1 642.5 646.1 646.4 644.7 638.8 634.4 624.7 613.7 607.1 589.9 602.4 607 607.8 616.2 621.2 620.2 627.9 630.9 635.1 638.6 641.4 639.8 641.4 619.4 607.5 592.5 576.9 554.2 544.1 535 534.5 537.8 534.4 524.5 520 509.6 498.1 483.1 458.8 440.7 423.3 407.8 396.4 382.6 369.7 360.1 350.4 350.5 349.4 353.5 365.3 379.7 392.4 412.5 434.7 459.5 480.1
736.6 730 723.4 711.9 702.6 696.5 691.4 688.6 686.2 680.2 674.6 672.1 667.8 662.6 656.4 655.7 652.8 646.4 642.8 639.4 646.5 647.6 647.3 648.5 647 640.9 637.4 627.2 618 609 597.3 606.8 612 616.3 624.3 630.4 634.2 641.4 650.7 657.5 664.3 670.1 660 653.3 642 628.5 625.3 599.6 578.8 564.9 552 553.3 551.3 549.7 539.7 533.8 529.7 516.2 494.2 467.2 449.3 433.5 418.9 404.4 390.8 378 368.7 356.4 354.4 352.9 350.9 357.7 371.7 387.9 404.3 422.9 444.4 464.2
733 727.4 720.8 708.9 700.6 695.9 691.8 688.6 684.3 678.3 672.8 669.9 660.3 656.4 659.3 655.6 652.1 648.3 640.7 647.9 648.9 650.4 650.8 651 649.6 645 637.3 628 621.9 611 601.4 611.6 616.1 621.9 627.1 636.5 641.4 652.6 662 667.5 674.6 677.8 676.7 672.8 665.8 647.8 641.7 626 604.5 589.9 573.7 567.5 568.9 564.4 560.7 556.5 549.1 528.5 495.7 472 458.1 444 427.9 412.6 400.5 387.5 376.4 367.4 357.2 354.9 353.5 354.5 364.8 381.7 398.9 420.8 430 449
728.1 723.3 714.7 706.1 697.5 694.5 691.3 686.3 682.4 676.5 671 667.2 663.7 660.8 658.6 656.5 653 646.4 648 648.6 650.8 652.9 655.8 655.9 652.2 647.9 640.2 630.5 623.2 613.4 605.8 613.8 619.3 625.8 632.1 639.8 648.2 658.6 666.8 673.3 679.7 682.8 683.5 682.2 676.6 669.6 670.3 664.7 638.3 611.6 599 589.2 583 581.1 582.3 578.9 566.6 534.6 503 483 468.5 453.6 437.9 421.7 410.6 397.5 387.1 381.9 365.1 356.8 354.6 354.7 359.3 374 392.6 404 414.6 430.7
722.5 716.4 708 702.6 696.4 691.2 689.2 684.6 680 675.1 669.7 665.2 663.9 661.3 658.6 656.3 651.5 650.3 649.7 653.6 654.9 657.8 660.8 658.1 655.6 650.6 643.9 634.6 626.3 618.4 610.7 613.5 621.1 627.9 633.4 640.1 650.1 660 666.6 674.4 681.3 685.3 685.2 685 683.6 683.7 680.3 674.1 662.7 638.1 622.2 614.7 603.9 602.1 607.8 598 577.2 541.8 511.7 493.6 480.1 465.9 448.2 433.9 423.2 410 397.1 387.6 375.4 360.3 356.2 354.7 358.9 369.3 384 392 404.2 414.5
713.2 708.3 702.6 697.7 692.8 687.6 685 681.1 676.1 671.3 666.1 666.6 663.9 662 658.8 656.4 653.5 650.3 653.8 657.7 660.1 663.1 664 662.2 658.2 652.5 646.1 638 629.5 621.4 618.2 615.7 618.9 628.4 633.9 638.5 647.4 656.8 664.3 671.5 678 681.3 682.4 684.7 685.4 685.4 685.2 685.2 681 669 650.5 643.4 635.6 631.4 629.2 613.4 585.7 555.9 525 504.9 492.4 476.9 462.5 448 433.6 420.9 406.3 391.6 387.5 368.5 359 356.1 360.6 364.7 372.9 386.9 391 399.1
706.2 701.8 697.9 692.8 688.7 685.1 680.6 677.1 669.9 672 668.5 666.5 663.8 662.9 659.8 657.7 654.3 655.9 659.4 663.1 665.5 667.1 668.1 664.6 660.7 655 647.1 640.4 632.3 624.5 621.9 619.9 617.2 627 632.2 635.7 641.6 650.5 658.3 665.8 671.1 674.1 676.4 679.6 682.2 684 686.6 688.6 686.9 679.2 671.5 661.2 659.6 653.4 648.9 640.5 602.2 572.2 544.3 523.1 512.6 488.5 474.8 460.1 451.1 437.6 422.1 407.2 389.8 380.2 364.2 360.4 362 360.1 370.8 377.7 388.6 390.7
701 697.1 693.2 688.9 682.8 679.7 675.4 671.7 673.1 671.4 669.5 665.5 665 662.7 660.9 655.6 657.6 660.8 664.2 667.8 670 671.6 671.8 668.3 664.1 657.9 650.9 642.2 635.3 629.2 626.8 621.6 621.5 626.1 629.9 631.6 638.5 645.2 652 660.5 665.5 668 670.6 674.5 677.6 681.5 684.8 686.6 686.3 684.3 680.8 679.7 673.1 668.6 662.1 658.2 623.6 592 569.6 545 523.6 503.5 488 477.5 468.6 456.1 450.7 419.9 396.4 388.4 376.8 364.4 365 366.1 371.3 383.2 386.4 393.7
697.1 692.5 688.7 684.8 680.1 676.2 673.6 675 674.3 671.8 667.9 669.4 665.7 663.1 659.4 657.4 661.6 665.5 669.4 672.1 673.6 676.5 675.9 670.7 667.7 661 654 644.8 638.2 634.8 631.8 627.2 627.1 630.2 635.4 637.1 636.3 641.7 647.2 653.7 659.5 662.9 666.2 669.8 673.4 679.2 683.6 687.1 689.7 689.4 686.7 687.4 680.1 677.3 674.4 668.3 653.6 616.6 589.5 561.2 539.9 517.1 503.8 495.7 487.1 475.6 458.8 428.8 403 393.7 376.2 365.8 366.2 370.8 378.1 386.3 392.3 399.3
692.9 690.3 687.1 682.4 677.2 678.8 676.1 674.9 674.2 671.5 670.8 669.9 666.2 666 661.3 657.5 663.7 668.7 673 675.4 677.4 681 679.5 675.1 670.1 663.9 655.3 646.8 642.8 638.7 635.9 630.9 631.4 635.9 638.4 640.5 643.1 638.2 644.7 650.3 655.7 659.6 663.2 667 671.6 678.6 684.2 689.8 693 692.4 687.9 687 686.7 684.8 682.7 676.6 664.8 639.2 601.7 572 553.3 533.7 522.2 512 497.8 481.2 458.9 434.7 408.8 395.2 381.1 363.1 369 374.6 384.3 391.3 397.6 408.6
691.7 689.1 683.6 680.8 680.4 678.7 678.3 676.9 675.4 674.4 672.8 671.6 668.6 667.1 662.8 660.8 665.7 670.5 675.2 677.9 680.7 683.1 681.4 678 673.2 666.2 658.3 649.9 645.7 640.6 637.6 634.6 635.4 639.4 642.2 645.1 646.4 641.7 641.7 647.4 651.4 655.8 659.6 663.5 670.1 678 686.6 690.5 692.7 690.5 693 694.5 695.4 693.6 688.3 681 669.6 644.1 610.5 588.1 571.2 553.8 539.5 521.1 502.9 484.2 463.4 437.6 408.1 397 381.9 368.5 370.3 377.2 386.9 394.1 404.1 416.3
693.1 689.7 688.1 687.7 684.7 683.1 680.3 679.3 677.4 675.6 675.6 673 669.6 668.2 666.6 662.7 668.2 672.8 677.5 679.9 682.2 683.1 682.8 679.7 675.8 669.2 661.8 653.7 648.4 645.4 641.2 638.4 638.8 641.8 644 645.6 644.8 643.4 644.1 645.6 649.2 650.8 654.1 658.9 665 672.2 682.3 686.1 689.9 693.9 697.6 698.3 698.6 698.2 694 681.1 671.6 647.2 620.6 603.2 579.7 562.3 539.8 527.3 513.5 492.4 466.3 436.9 406.9 397.1 393.5 371.2 373 378.9 388.2 396 411.3 425.9
695.3 693.7 692.3 690.1 690.3 686 685.6 682.4 680.7 677.5 676.4 673.7 671.9 670.8 667.3 668.7 670.7 674.1 678.8 681.8 683.3 682.9 682.9 683.4 676.5 671.7 665.3 656.8 651.8 647.2 643.7 641.3 640.9 644 645.8 645.1 644.5 644 644.3 645.7 647.1 648.2 652.3 655.4 661.2 668.6 675.5 680.4 688.4 691.8 695.7 698.4 699.8 699.9 695.1 682.4 669.4 652.7 632.6 609.2 585.2 565.5 552.9 540.3 517.6 491 462 434.6 405 399.6 383.5 373.1 372.6 380.2 390.2 398.5 413.2 427.5
699.1 698.3 696.3 694.5 692.2 690.2 690.2 684.7 683.1 679.6 676.7 675.7 673.8 671.7 667.8 670.7 672.3 674.9 679.7 682.8 683.9 683.4 682.9 683.1 678.3 673.1 667.9 660.7 652.7 649.4 646.9 643.3 642.7 645.5 646.2 645.5 644.1 643.5 643.9 644.9 645.3 647 649.8 654 659.9 666.3 671.2 677.3 684 689.9 694.4 698.3 699.5 699.8 696 687.7 677 653 628.5 608.1 589.3 571.6 559.3 538.4 516.4 487.5 460.7 430.8 404.3 400.5 378.6 372.5 372.9 381.5 390.3 400.1 413.3 428.7
702.7 702.4 699.7 700.6 699.6 696 694.3 690 686.1 680.8 677.5 676.7 674.3 670.7 671.2 672.2 673.8 675.9 680.2 683.1 684.6 684.5 684.1 682.8 679.7 674.7 668.1 662.1 654.5 651 648 645.3 641.6 646.5 646.5 645.7 643.9 642.6 642.1 643.2 643.7 646 647.2 651.6 656.8 662.1 668.6 675.1 681.1 686 687.9 693.7 694.4 693.9 690 680.6 664.4 642.3 624.6 607.9 592.7 574.6 555.3 532.3 511.7 485.1 456.1 425.6 407.6 401.2 379.4 372.3 375.5 387.9 391.9 399.9 412.6 430.3
706.5 706.3 707 705.6 704.8 704.5 697.4 695.4 688.6 683.7 680.6 678.8 675.5 674.1 673.9 673.8 674.7 677.6 680.6 682.5 683.8 683.8 683.8 682.9 681.2 675.1 667.9 661.5 656 652.3 647.9 645.4 645 645.7 646.2 644.9 643.3 641.6 641.6 640.1 643 644.9 646.7 648.4 653.6 656.9 663.1 669.9 675.9 678.3 680.4 681 683 681.4 670.3 661.4 650.4 636.1 621.5 606.2 590.2 569.4 547.7 527.2 504.9 478 451.3 424.1 407.2 400.7 383 377.4 379.3 392.5 393 400.3 412.1 430.3
709.9 711.2 711.7 710.9 710.4 708.3 702.5 696.5 690.5 683.7 681.2 678.4 676.3 675.9 675.4 675.7 675.9 677.5 680.6 682.4 682.8 683.2 683 681.9 679.5 674 666.2 659.9 654.5 648.3 647.6 646.8 646.2 645.6 645 643.3 641.7 641.4 639.2 640.3 641.8 643.4 643.8 645.4 650.1 654.2 658.5 663 666.7 667.7 668.2 668.6 666.2 663 657.4 650.3 639.9 628.4 617.4 601.3 584.7 565.1 542.7 521.2 498.9 472.7 447.6 422.5 406.7 401.9 385.7 380.4 382.7 390.2 396.1 400.8 411 426.6
