UK/data/so/so33_OST50GRID_20230518/SO33.asc
ncols 200
nrows 200
xllcorner 330000
yllcorner 230000
cellsize 50
[rows 0 to 34 of 200, columns 79 to 157 of 200]
135.3 138.3 142 148.2 158.1 172.2 183.1 193 200.2 207.6 218.4 226.8 231.1 234.5 233.6 235.6 236.5 236.4 235 228.7 223.7 232.9 234.9 237.3 237 238.3 239.9 241.9 241 239.1 238.2 239.8 239.3 240.4 240.1 236 230 223.6 215.9 205.5 187.6 168.4 152.3 142.1 131.7 123.9 115.3 111.5 107.3 103.2 101 98.5 96.7 95.1 92.3 91.3 90 89.7 88.6 87.6 86.6 85.7 85 84 83.7 82.7 81.5 80.7 82.7 83.3 83.2 83.1 82.9 82.6 82.6 82 81.8 81.7 81.1
132.8 135.4 140.8 145.1 152.9 167.4 180.1 191.4 198.6 205.1 217.1 225 227.8 227.5 227.5 229 228.8 227 225.1 221.3 223.7 229.9 232.9 234.1 235.9 237 237.5 237.6 237.4 236 235 235.6 236.5 238.8 239.2 237.5 234.2 231.4 225.1 212.4 199.8 183.4 163.8 150.2 140.5 131 121.7 122.2 113.2 108.3 105.1 103.6 101.3 97.3 95.3 94.4 93 92.2 90.7 88.8 87.2 86.4 84.8 83.4 83.1 83.9 82.1 81.4 82.6 82.5 83.7 83.4 84.9 82.6 82.2 82.3 81.7 81.2 81.8
132.2 133.8 138.5 142.3 148.7 162.2 176.7 191.3 198.6 209 214.5 223.3 224 222.7 221.9 219.7 215.6 214.8 213.6 215.7 229.3 234.1 233.5 233.2 233.8 234.9 235.1 235.2 234.5 232.7 230.9 230.6 232.9 234.2 234.7 234.4 232 230.2 226 217.4 210.9 197.8 176.4 161.7 151.4 138.4 131.7 126.5 118.3 116.4 111.8 108 104.9 101.4 99.7 98.1 96.1 94.2 92.9 90.4 88.3 87.8 87.8 85.1 84.5 84.2 83.3 81.9 80.4 81.9 82.1 83.5 84.8 84.3 82.7 82.2 81.7 82.3 84.6
131.3 132.8 135.5 140.5 146.2 157.2 178.3 191.3 199.5 208.3 215 220.8 220 217.9 208.7 203.9 203.2 200.9 212.5 226.2 235.4 235.8 234.3 232.9 232.4 232.5 232.8 232.4 231.9 230.2 228.5 228.1 228.6 228.6 229.3 227.6 226.8 227.1 224.2 222.8 222 213.5 194.5 178.9 162.3 147.4 137.7 131.6 127.4 123.8 115.6 112.8 109.9 106.1 103.5 101.9 99.8 97.3 94.5 92.6 90.8 89.6 88.6 87.3 85.9 84.7 83.4 82.4 81.4 82 80.8 81.5 81.8 83.2 83.1 81.9 80.5 80.3 80.1
130.6 131.9 133.9 139.1 145 155.1 169.1 189.4 194.6 205.1 209.7 214.5 212.6 207.6 199.9 192.4 192.8 209.1 222.6 235.4 237.9 236.4 234.2 232.6 232.2 232 232.2 231.9 230.6 229 226.4 224.4 223.2 225.4 225.8 224.7 225.1 222.4 224.4 229.3 231.3 226.7 209 191.3 174 157.6 146.4 138.3 132 126.8 123 122.3 118.4 113 110.7 107.5 102.7 99.5 95.8 93.1 91.5 90.5 89.4 88.6 87.8 85.6 84.3 83.4 83.2 82.9 82.8 82 83 83 82.2 80.2 80 79.2 77.8
129.5 130.9 131.8 136.2 141.3 150.6 160 183.8 188.9 195.8 204.1 204.9 203.6 198.3 187.7 188.3 200 213.3 227.6 239.1 238.2 236 234.1 232.4 232.2 231.9 231.6 232.3 230.3 228.4 225.8 221.5 218.3 221.7 222.8 222.8 222 221.4 224.9 228.3 231.2 230.7 219.9 203.1 184.9 168.2 154.2 144.4 137.6 133.7 133.1 129.7 125.2 121.3 116.8 111.2 106.9 101.5 98 95.4 94.3 92.9 91.4 89.9 88.8 87.1 85.9 85.3 84.9 83.3 82.8 81 81.6 81.6 81.5 82.1 80.9 79.3 76.8
127.9 129.4 131 133.1 137.8 144.6 154.5 173.2 184 188.6 195.3 196.6 194.7 188.5 176.9 190.4 200.5 214.7 230.7 240.8 238.5 235.8 233.8 232.2 232.3 231.8 232.2 232.3 230.5 228.4 226.2 222.4 212.9 218.6 219 219.6 218.5 219.5 221.7 223.4 227.1 230 226.5 213.6 193 174.7 156.7 149.3 145.4 143.5 143.3 138.3 131.9 126.8 121.5 119 113 106.5 101.4 99.1 97.4 95.4 93.4 91.9 90.5 88.9 87.1 86.3 84.6 83.9 82.9 82.4 81 81 81.8 82.4 81.2 77.4 78.6
127.1 128.1 130 131.7 135 140.1 149 158.9 175.9 182.9 185.7 186.5 184.1 174.8 178 188.7 201.7 215.8 231.6 240.9 239.1 236.3 233.7 231.4 230.4 231.9 231.9 231.3 230.3 229 226.7 223.3 215.6 207.1 210.3 211.9 215.4 213.8 216.3 216.7 223.5 228 231.4 221.8 202.3 176.7 162.2 158.5 155.7 151.9 148.8 146.7 141.1 133 130.2 125.9 119.9 112.9 107.3 102.9 101 98.5 95.9 94.5 92 90 88.6 85.1 84.3 84.6 84 83.9 82.2 80.7 80.4 79 79.3 80.4 80.7
126 127.2 129.4 130.6 133 138 144.4 153.2 169.7 175.7 177.8 178.9 176.5 163.6 177.9 188 199.9 216.6 230 240 238.9 236.8 233.7 230.9 228.3 230.3 231.2 230.3 229.3 228.9 227.1 223.7 218.1 207.9 197.9 199.8 203 208.1 207.2 212.7 219.9 226.8 233.7 232.5 215.8 190.7 176.5 170.3 169.6 165.3 156.9 149.7 143.7 140.3 136.3 130 124.4 119.1 112.1 107.4 104.7 101.4 98.5 96.5 93.8 91.3 89.7 89.1 90.2 88.6 88.4 87.3 85.5 79.5 79 80.5 81.3 81.9 81.9
125.5 126.2 127.8 129.5 131.5 136.5 140.3 148.4 159.4 169.1 172.9 173.1 166.4 161.6 175.7 185.8 197.8 212.5 225.8 238.4 238.4 236.1 233.3 230.5 227.6 228.3 229.8 229.6 228.7 226.1 227.6 224.7 218.5 207.8 194.4 191.5 191.4 193.3 203.1 215.5 221.7 227.3 237.8 239.8 229.6 210.6 192.8 182.7 179.3 176.4 165.6 156.6 150.5 147.1 142.2 135.2 129 123.8 118.6 112.2 107.6 104.3 101.1 98.7 96.3 93.6 91.6 90 90.3 90.1 89.1 89 87.5 83.8 82.7 81.8 82.4 81.4 81.3
125 125.6 127 128.5 130.2 132.9 137 144.1 152.1 160.9 166.7 165.5 159.9 161.5 173.3 182.8 194.3 207.8 221.5 234.7 237.2 235.9 233.3 230.2 227 222.3 223.5 219.4 216.2 217.3 221.2 224.1 217.9 207.4 192.3 184.8 186.7 198 212.4 218 223.1 229.8 240.2 243.2 241.2 229.2 211.6 196.7 190.4 186.7 173.9 171.8 163.1 154.5 146.7 140.4 132.9 127.2 121.8 115.6 111.7 110.1 106 103 99.5 96.8 95.2 93.6 91.4 91.5 91 90 88.5 87 87.1 85.7 84.2 84.5 81.2
125 125.4 125.9 127.5 129.2 130.9 134.1 138.7 147.2 155.2 162.3 162.8 150.5 157.9 168.6 179.6 191.3 203.5 216.5 228.3 235.7 235 232.5 230.2 226.9 222.1 211.8 201.3 197.4 197.5 203.8 209.5 207.4 199.9 189.4 180.4 185 198.4 210.1 218.6 224.7 231.9 241.3 245.2 247.2 245.3 236.6 223.9 215 200.6 194.5 190 179.8 163.2 151.2 144.9 137.2 130.7 124.8 121.4 119.1 117 113.7 111.6 106.8 100.8 98.4 95.9 94 93.7 93.2 91.6 89 88.9 88.9 87.7 87.7 86.9 85.3
125.3 125.6 125.9 126.3 127.8 130.1 132.4 135.5 139.9 147.8 155 152.8 148.6 155.5 165.4 177.7 188.3 198.8 211.9 223 231.4 232.5 230.2 227.8 226 223 216.1 207.5 197.7 187.8 187.7 194.6 195.8 190.1 182.4 178 188.5 205.5 215.6 220.2 225.1 231.7 239.8 246.4 250.8 251.7 250.6 246.4 239 230.4 219.4 207.9 196.5 177.1 159.7 149.2 142 134.7 129.8 127.4 125.3 123.1 118.6 116.7 114.6 107 102.7 99.5 96.7 96.6 95.7 93.6 91.8 90.9 89.6 89 88.9 86.6 85.5
125.1 125.3 125.6 125.8 127 128.8 130.6 133.3 134.9 138.3 143.6 142.2 145.2 153.3 167 176.1 185.8 195.8 207.8 215.5 222.7 225.9 224.2 224.4 222.1 220.3 216.9 212.2 201.3 189.6 181.3 185.8 186.6 181.8 176.8 178.2 191.5 208.3 219.2 222.6 225.9 231.1 238.9 245.1 249.3 251.7 250.8 248.4 246.3 243.4 233.1 222.3 208.3 189.6 172.8 158.4 146.9 140.4 136.2 133.2 130.9 130.6 127.9 122.1 116.9 115.3 111.5 105.5 101.1 98.9 96.8 94.7 92.8 91.8 91.3 90 89.6 89.2 87.5
125 124.6 125.4 126 126.3 127.5 129.1 130.7 133.3 134.5 136.6 142.5 149.1 158.4 167.8 175 180.5 191.5 199.1 205.4 209.6 214.6 214.9 214 211.9 212.5 212.7 209.7 200.6 187 178.5 174.5 178.1 173.7 173.7 180.3 189.1 204.2 216.2 224 227.3 231.3 237.5 244.5 247 248.1 248.4 247.1 245.6 243.2 240.7 234 223 205.2 186.2 171.6 158.9 148.6 144.5 142 139.8 139.5 135.7 128.6 125.4 121.8 118 112.7 106.8 103.2 99 96.4 94.3 93.9 93 91.2 89.3 87.8 89.1
125.5 124.7 125.3 125.8 125.4 127.1 127.7 129.2 131.4 133.5 135.7 141.3 149.9 157.7 167.4 171.7 176.8 184.1 190.9 194.3 200.6 203.9 205.7 204.4 203.4 202 201.3 199.6 198 182.4 176 171.5 169.7 170.5 174.4 181.8 193.3 205.3 216.9 224.4 228 231.3 235.7 240.5 243.5 244.5 245.3 246.4 245 243.2 241.1 237.7 232.4 217.6 201.3 187.6 174.4 162.4 155.3 152.5 150.7 148.8 145.6 137.4 133.8 126.4 119.8 114.8 110.5 107.7 104.2 101.3 97.7 96.2 95 93.6 89.6 87 87.8
124.5 124.7 125.1 125.3 125.2 126.3 127.6 128.8 129.7 132.4 135.4 142.7 150 157 165.3 169.1 173.1 177.3 180.9 186.8 188.2 190.9 194.6 194.8 195 194.2 195 191.3 188.7 179.7 172.4 168.4 166.8 168.5 176.2 184.9 194.1 204.9 217.9 226.7 228.2 229.9 231.3 233.1 236 238 242.8 246 245.1 243.2 241.2 238.4 235.6 230.5 222.9 214.3 194.1 179.3 172.3 164.9 160.6 160.3 151.7 143.5 134.8 127.4 123.6 120.8 119.3 115.3 109.6 104 101 98.2 96.8 95.7 94.3 89.5 88
124.3 124.5 124.7 124.6 124.9 125.8 127.2 127.5 128.3 130.5 134.4 141.3 147.5 152.5 159.3 165.4 169.3 172.7 174.6 176.3 178.4 180.8 181.8 185.5 187.3 187.8 186.9 184.7 182.2 176.3 171.2 166 163.7 169.4 176.8 184.8 193.2 202.7 216.1 224.2 227.5 226.4 226.2 226.7 228.8 232.6 238.3 244.3 244.3 242.4 240.7 239.3 236.9 233.4 230.9 225.3 218.1 203.9 192.6 184.1 177.2 170.8 161.3 153 148.5 141.6 135.5 127.4 124.9 121.3 113.5 107.3 103.2 100.8 99.3 98.1 96.3 93.7 90.4
124.2 124.2 124.9 124.8 125.4 125.2 125.3 126.9 127.5 128.5 131.7 138.4 144.2 148.5 152.9 157.3 165.2 168.8 169.5 170.1 169.9 171.3 174.7 176.9 179.2 179.5 178.8 177.6 177.4 173.2 165 160.6 165.9 170.3 177.1 184.8 193.3 202.7 216.2 221.1 222.3 222.3 221.7 222.2 223.9 229 234.7 240.8 242.4 241 239.2 237.4 235.2 232.9 231.7 228.8 225.2 221.4 216.1 206.7 201.1 195.4 184.9 173.3 166.5 155.7 143.3 131 124.9 119.9 114.4 109.8 105.6 103.5 102.2 100.8 98.3 95.9 93.2
124.8 124.2 124.7 124.5 125.4 125.4 124.7 125.2 126.7 127.7 129.5 133.9 139.9 143.9 148 150.5 156.8 162.2 164.4 164.2 164.8 166.6 168.3 170.1 171.8 171.3 170.8 170.3 169.6 165.1 160.8 160.9 165.1 173.1 178.2 185.8 193.2 205.5 215.8 217.4 218.1 217.2 215.4 216.2 220.4 224.6 230.1 236 239.2 238.6 236.9 235 233.4 232.7 231.5 229.6 228.7 228.1 227 223.4 216.9 206.3 191.6 180.1 169 160.9 149 139.1 129.3 122.7 117.3 113.3 109.4 106.7 104.4 102.8 100.4 97.3 94.8
127 124.7 124.1 124.1 124.1 124.4 124.2 124.8 126.2 127.3 127.6 130.7 135.5 140.6 143 144.9 152.4 154.9 157.9 160.4 161.3 161.9 163.1 164.1 164.2 163.1 162.3 161.7 160.4 157.2 154.9 161 167.4 173.5 177.2 182.1 188.1 198 204.9 205.8 206.9 206.3 206.6 212.3 218.3 222.8 228 232.7 236.4 236.4 234.8 233.7 233 232.3 231.1 229.5 227.4 225.4 223.3 218.3 211 200 187 175.4 166.8 163.4 155.8 147.9 135 129.9 123.8 116.8 113.8 110.5 107.8 104.7 101.9 99 96
127.2 125.3 123.6 124.1 123.7 124.3 124.4 124.7 124.8 126.6 127.5 129.6 131.5 135.5 138.9 140.4 148 149 151.6 155.9 158.3 159.4 160.4 160.2 158.8 156.6 155.9 153.9 152.5 153 163.4 168.2 171 172.8 174.3 178 182.9 188.9 193.5 194.3 196.3 199.2 202.9 209.6 217.1 222 226.5 230.7 234.4 235.5 234.1 233 232.2 231.6 229.9 227.7 223.5 220.2 216.4 209.5 200.4 188.7 178.1 169.2 164.9 162.2 159.3 152.6 145.6 137.7 131.8 124.7 116.5 113.2 111.4 108.4 104.1 100.7 98.1
128.7 127.8 125.4 123.7 124.1 123.9 123.8 124.4 125.1 125.9 126.7 126.7 128.6 131 136.4 137.1 143.1 143.2 148.1 149.9 152.8 156 157.8 157.8 155.4 152.5 150.8 148.4 151.6 162.7 171.2 173.5 171.8 169.7 170.1 173.6 177.7 182.4 185.4 188.1 193.2 198.8 204.8 212.1 218.9 223.8 226.5 229.3 233 235.1 234.4 233.6 232.1 230.9 229.2 226.1 221.3 210 205.2 197.9 190.5 179 171.1 164 156.4 151.5 148.7 146 142.2 138.7 132.5 123.9 118.8 119.2 118.8 113.4 107.8 104 101.2
130.2 129.2 127.3 123.9 123.6 122.3 123.5 123 124.7 124.4 125.5 125.4 126.7 127.8 132.5 135 135.8 144 145 146.3 148.5 152.3 154.7 154.8 153.9 150.8 146.4 146.4 156.6 166.3 175.3 171.9 167.2 165.4 167.5 170.6 174.6 180.2 182.7 184.6 189.4 198.7 206.2 213.9 218.1 221.6 224.2 229 232.5 235.3 235.5 234.9 233.6 231.5 229.1 224.2 215.9 205 196 189.8 183.1 176.1 171.1 165.3 159.8 156.1 148.9 144.2 139.4 136.4 131.1 125 128 130 125.8 118.1 112.5 108.7 105.4
131.8 129.4 128.5 126.5 123.8 123.2 123.8 122.8 123.1 123.2 124.5 125.3 125.9 126.2 128.9 130.9 133.6 140.8 141.8 141.1 145.7 150.5 152.8 153 151.8 149.4 144.4 145.4 154 158.8 163.6 161.9 159 162.7 167.1 173 176.2 180.1 181.4 183.4 187 195.3 206.9 213.7 217.1 221 225.5 228.8 232.4 235.4 236.3 234.8 234.1 233.3 229.9 224.5 217.9 208.3 199.2 193.5 187 181.3 175.4 168.9 165.1 159.7 153.6 151.2 147.7 145.1 141.5 138.4 141 138.4 132.5 128.3 121.3 115.1 110.7
133.5 132.2 129.6 128.4 126.5 124.2 122.7 120.9 122.5 124.7 124.8 124.2 125.1 126 127.1 127.9 130.5 135.7 135.1 140 145.8 149.3 150.4 150.8 148.6 145.3 141 143.4 149 150.4 151.2 154.3 156.3 160.7 165.4 169.9 173.6 176.5 178.8 181 184.1 189.5 197.9 207.8 214.8 221.6 226.7 229.4 231.9 234.7 236 235.4 234.2 232.8 231.2 229.8 225.5 218.1 214.1 204.4 192.1 187.6 179.3 174.9 171.2 165.6 162 161.9 159 155.3 153.8 151.6 150.5 147.9 145.6 140.8 137.4 130.3 122
135.2 133.4 131.2 130.1 128.8 125.5 123.4 124.6 123.7 124.7 124.4 124.3 124.7 125.3 125 126.9 128.1 129.7 134.3 140.3 143.6 146.1 147.2 145.8 144.5 141 137.2 140.2 142.6 147.9 154 158.6 161.8 163.8 165.5 164.3 170.3 172.6 177 180.3 182.8 186.4 191.8 200.6 210 220.3 223.9 228.2 231.6 234.2 235.6 235.2 234.2 232.9 231.8 231 230.2 226.6 223.2 218.4 212.2 201.5 195.6 189.1 182 177.2 174.8 178.1 177.7 171.5 170.9 169.4 167.6 165.8 162.5 154.3 149.7 145 137.6
136 134.1 133.2 130.3 128.3 126.2 124.5 122.7 123.7 123.6 123.8 124.6 124.5 124.7 124.8 126 126.5 128.6 133.2 138.5 140.9 141.7 143.7 142.6 140.2 138.7 137.5 141.3 145.7 152.7 159.4 165.6 172.3 175 174.6 171.9 171.9 174.6 180.2 186.7 189.1 191.1 194 196.5 202.4 213.5 221.6 226.5 231.2 233.1 234.7 234.3 233.6 233 232.1 232.4 232.9 231.3 228.5 225.5 222.6 218.9 212.9 207.3 199.8 195.3 196.4 200.2 203.8 199.3 194.7 191.4 188.2 184.8 180.1 176.4 169.1 160.4 151.4
138.1 135.5 133.8 131.4 129.7 126.6 125.2 122.5 123.2 122 123.2 123.2 123.8 124.6 124.3 124.7 126.2 126.3 128.4 134 138.7 138.9 139.3 139.2 132.4 135.2 136.4 143 151 157.7 165 174.6 182.2 187.6 186 179.2 176.2 180.1 187.3 192.7 195.7 198 201.2 206.1 209.6 212.4 219.2 225 228.9 231.3 232.8 233.7 233.6 233.2 233.4 233.2 233.7 233.1 231.5 230.7 228 225.7 224.2 222.8 219.6 217 216.4 218.7 216.4 212.4 208.8 205.9 203.1 198.3 194.8 189.4 184.3 176.2 165.7
138.1 135.9 133.3 131.7 130 128.2 126.3 123.6 122 121.7 123.1 122.6 123.2 123.4 124.6 124.8 124.4 124.8 126.5 128.7 132.5 136.7 137.5 133.6 132.1 134.2 142.4 151.1 157.3 163.1 172.4 183.2 189.8 196.8 196 188.2 182.7 184.9 191 201.7 207.3 213.9 217.8 217.8 218.5 220.2 221.4 224.3 226.6 229.3 231.6 233 234.7 235.3 235.1 234.8 234.1 233.1 232.6 233.1 231.8 230.3 229.3 228.8 227.4 225.3 225.7 225 222.9 219.5 216.1 213.5 209.1 204.6 199.8 194.4 189 183.9 174.4
137.6 135.4 133.3 131.7 130.6 129.4 126 124.1 121.7 120.6 123.6 122.5 123 122.7 123.7 123.4 123.4 123.9 125.6 126.3 128.5 131.8 130.2 130.1 132.8 142.2 149.8 155.8 160.5 166.7 179.9 189 196.3 202.5 201.9 197.3 191.5 191.6 198 210.5 220.6 222.2 223.5 223.8 223 223.7 224.1 224.6 226.3 228.1 230.1 232.2 234.8 236.9 237.1 236.7 235.9 234.1 232.3 233 232.4 232.9 231.2 229.7 229.7 229 228.7 227.4 225.4 223.2 221.4 219.6 216.8 208.7 203.5 198.4 191.3 185.7 179.9
140.2 137.5 134.7 132.7 130.8 128.9 127.6 124.4 122.2 121.4 120.4 122.8 122.7 122.1 123 122.8 123.3 123.5 123.9 125.8 127.2 129.2 128.7 127.8 137.3 147.7 153.5 157.7 161.4 168.4 180.5 188.9 197.2 203.1 206.7 204.1 200.7 202.2 207.4 218.1 225.1 225.8 227.1 227.4 226.5 226.2 225.6 225.7 226.5 228 230.2 231.8 234.9 237.4 238.3 237.8 237.3 236.8 233.8 233 232.2 230.5 231.1 230.6 229 229 228.3 226.8 226.6 224.3 221.6 218.8 216.4 211.1 205.5 200.3 195.5 188.8 182.8
151.6 146.3 137.8 134.9 132.8 131.2 129.3 126.3 122 121.1 121.2 121.3 122.8 122.6 121.8 122.3 122.3 122.5 124.1 125.4 126.8 128.6 127.6 131.8 142.2 148.7 153.5 157.6 161.5 165.8 173.2 179.7 187.9 199.6 207.8 210.2 209.1 211.5 215.1 221.5 225.9 227.7 229 228.7 227.8 227.3 227 226.7 227.6 229.1 230.5 232.7 234.4 235.7 237.6 238.2 237.8 237.1 236.4 233.6 233.1 233.5 230.5 228.7 227.8 226.7 226 226.1 224.9 223 222.3 219.3 216.7 213 209 205.2 198.9 193.9 186.9
164.5 161.3 155.4 145.2 136.3 133.8 131.2 127.7 125.1 122.1 121.1 120.6 120.6 121.4 122.4 121.3 121.7 122.3 123.3 125.4 125.1 126.5 126.6 134.5 141 146.8 152.7 156.4 159.3 162.3 166.8 171.9 179.3 191.1 200 204.4 201.9 201.1 206.3 216.4 225.1 228 229.9 228.9 228.4 228 227.7 228.4 229.2 230.3 231.6 234.1 235 235.9 236.6 237.5 237.6 237 236 234.8 233.2 231.9 230.2 228.8 228.1 225.5 223.6 224.3 223 221.5 220.3 220.8 216.9 215.9 213.3 210.1 203.9 198.3 193.5
172.4 170.4 167.3 161.2 150.8 140.2 133.6 130 127.7 126.2 123.3 121.8 121.1 120.6 121 121.1 121 122.5 122.1 121.8 125 126.1 127.6 132.5 138.4 143.3 147.1 151.1 155 158.3 161.3 165.2 171.6 179.8 189.9 194.7 192.1 193.7 196.7 204.8 216.5 225.6 228.2 228.4 228.5 228.7 228.7 229.5 230.3 231 233.7 235.5 236.9 237.9 237.4 237.4 236.8 235.9 235.2 234.4 232.4 231.2 230 228.5 226.6 224.3 220.8 219 219.9 219.6 219.2 219.6 219.2 217.5 216.7 213.9 209.8 204.3 198.8
