UK/data/ns/ns58_OST50GRID_20230518/NS58.asc
ncols 200
nrows 200
xllcorner 250000
yllcorner 680000
cellsize 50
[rows 72 to 107 of 200, columns 80 to 159 of 200]
128.3 127.4 126.6 125.9 125.5 125.7 125 126.1 125.3 123.8 115.8 107.4 117.9 126.8 136.2 142.8 149 153.5 157.1 157.6 160.7 166 170.5 173.7 176.7 177.9 177.2 177.1 176.9 176.1 174.8 170.4 164.3 169.4 167 168.2 169 174.3 179.9 184 189.2 194.2 198 202.2 204 203.4 205.9 210.1 213.7 216.4 218.1 218.8 221 223.6 224.6 226 227.1 228.2 228.4 228.6 227.6 227.5 226.6 224.4 223.5 221.3 217.4 209.5 202.6 199.3 197.3 195.5 193.2 187.6 180.3 172 165.3 156.5 147.1 145
130.1 129.4 128.4 128.5 128 127.3 126.8 127.7 126.5 121.6 108.1 115.9 125.7 135.3 142.2 147.4 151.7 156.5 160.9 163.7 165.2 168.4 172.4 176.1 180 180.6 181.1 181.1 180.5 179.5 174 163.6 171.5 172.3 170.5 171.5 171.9 176.9 183.9 187.9 192.3 197.2 201.5 206 208.7 210.3 209.7 212.4 217.6 220.9 222.5 223.7 225.7 228.2 229.8 230.2 232 232.5 232 231.6 231.1 231.1 229.4 228.6 227 224 218.1 208.9 203.7 201.4 200.5 200.7 195 187.1 179.8 171 159.1 149.5 154.5 155.5
132.1 131.8 131 130.2 129.1 128.7 128.5 128.7 126.1 111.6 110.5 122.5 129.7 139.8 145 151.5 156.2 159.8 163.2 167.4 168 172.1 174.2 180.4 183.1 183.8 183.7 184.2 183.8 181.6 175.2 165.2 174 177.6 175.6 173.5 175.5 176.5 184.5 192.4 196.6 200.9 205.8 210.6 214.4 216 213.9 218.8 222.6 224.7 227.4 229.3 231.1 233.1 233.5 235.3 236.2 236.1 236 236 236 235 233.5 232.1 229.1 224.3 216.9 209.3 205.5 205.6 207.2 202.2 194.1 186.3 176.6 157.8 157.5 168.3 166.3 162.9
134 133.7 133.2 131.7 130.3 130.1 129.9 127.9 121.7 111.7 114.5 125.6 134.1 143 147.5 155 160.4 163.5 166.5 171.1 173 175.3 179.5 184.3 186.7 186.7 187.3 187.6 186.8 183.5 181 170.2 178.8 183 180.1 178.1 180.7 183.4 189.6 195.8 199.5 204.8 210.4 214.8 218.6 220.1 216.8 223.7 227.3 229.6 231.9 233.8 235.5 237.3 238 240 240.7 240.7 240.4 239.9 239.1 237.8 235.8 233 226.5 220.8 218.8 210.4 204.8 207.3 206.9 200.2 192.2 184.6 167.5 159.3 179.1 179.4 175.1 172
135.8 135.6 134.8 133 132 131 129.9 125.1 113.2 110.6 118.6 127.1 137.1 145.5 152.6 157.6 162.5 167.1 171.3 174.8 178.9 180.9 185.7 187.6 189.5 190.8 191.7 191.3 188 187 183.6 180.2 181.7 185.4 185.3 183 188.1 188.4 197.4 201.5 205.3 212 216 220.2 223.4 224 220.2 228.5 231.6 234.3 236.2 237.6 239.9 242.2 242.6 244 244.8 244.6 244.3 242.8 241 236.4 234.8 231.6 229.1 227.1 220 211.7 205.2 201 192.4 201.7 197.1 178.6 179.9 188.9 190.8 186.8 181.6 175.9
137.8 136.9 136.2 134.2 133.5 132.3 130.5 120.9 114.5 118 125.2 131.9 137.7 144 154.3 159.9 166.1 170.9 175.3 178.3 183.2 186.1 190 191 192.5 193.3 195.3 194.8 191.5 190.3 186.8 187.3 186.2 187.9 190.1 190.1 195.1 197.7 202.5 207.8 212 217.4 221.7 225.2 227.9 228 224.6 232.5 236.1 239 240.3 241.5 244.2 247.4 247.3 248 248.8 248.1 246.8 244.7 241.6 239.8 238.4 234.5 230.5 227 221 211.6 203.6 202.6 200.3 189.2 185.9 183.9 199.8 199.4 198.3 193.1 187.7 181.4
141.5 138.9 137.4 136 135.5 134.1 129.8 123.2 115.8 125.5 132.1 136.5 144.2 151.8 152.7 161.6 168.1 173.6 178.9 185 187.7 191.3 194 195.4 196.7 198.1 198.2 198.3 195.9 194.7 191.3 194.2 191.4 189.7 194.9 195.6 199.9 203.7 208.9 213.6 218.4 222 225.8 229.4 231.8 232.1 232.2 236.1 239.8 242.4 244.1 246.3 249.6 251.6 251.3 250.8 251.8 250.5 248.2 246.1 243.7 240.8 237.7 234.7 230.1 225.8 215.6 212.8 208.4 201.4 207.8 213.5 209.8 213.3 212.1 209.5 205.6 198.5 192.8 185
142.6 140.6 140.1 138.6 137.4 131.2 126.6 123.3 116.7 127.5 134.3 138.1 147.7 154.8 161.8 168.5 173.8 178.8 177.6 187.8 191.8 195.1 198.3 199.6 200.3 201.7 201.4 200.4 199.8 197.5 197.2 197.1 196.7 195.5 198 202.4 206.1 210.4 215.3 220 223.3 226.7 230.4 233.1 235.2 237.3 238.4 241.7 242.7 245.3 249.3 251.9 254.3 255.5 254.4 254.9 253.7 251.7 250 249.5 248 244.1 239.4 235.6 231.4 221.6 219.3 218.6 210.7 215.3 219.3 222.2 222.8 223.4 222.2 218.8 213.3 206.5 198.5 189.8
143.9 142.9 142.5 141.3 135.8 131.2 133.8 129.4 118.6 128.8 137 140.3 145.6 157.3 163.7 169.9 177.5 182.6 186.8 188.7 194.9 198.5 200.9 202.9 203.5 204.8 205.2 203.3 203.7 197.4 200.9 200.5 201.1 200 201.5 208.9 213.4 214 221.4 225.7 229.2 232.5 235.8 238.2 240.4 242.8 244.3 246.4 248.7 251.8 255.3 257.6 258.8 259.2 258.3 257.4 256 253.5 254.6 253.5 250.6 247.1 241.3 234.8 231.2 228.7 226.1 220.1 221.7 228.2 230.4 231.1 231.3 230.5 230.7 227.3 222.3 215.6 205.8 202.9
147.3 145.9 144.5 143.5 141.8 141.7 136.8 132.4 120.7 133.6 139.4 146.9 154.4 161.6 166.7 175.5 178.9 186.1 191.6 194.8 195.5 201.4 204.2 206.9 207.6 208 208.5 206.3 205.4 199.6 204 204.3 204.9 206.2 209.2 214.4 218 223.1 226.6 230.4 234.1 237.7 240.3 242.1 245.3 246.4 248.7 252.5 255.7 258.3 260.7 261.7 262.6 262.3 261.2 260.2 259 259 257.7 255.2 252.3 249.1 243.9 234.9 235.9 237 231.7 218.9 232.1 236.2 237.4 237.8 236.6 237 238.7 235.6 228.1 221 216.8 213.6
149.7 147.6 146.3 145.4 144.6 141.7 137.9 133.7 125.3 135.9 141.5 147.1 157.9 167.1 173.9 180.3 186.7 190.5 195.9 199 201.7 203.3 206.7 210.4 210.6 210.8 210.8 210.6 207.3 206.3 205.1 210.3 211.5 214.1 216.8 220.6 225 227.7 228.9 236 238.8 241.4 243.8 247 250 252.2 254.9 258.7 261 263.2 265.4 266.1 265.6 264.3 263.7 264 262.9 261.9 259.3 256.9 254 251.1 246.1 239.3 241.6 239.6 232.4 228.9 239.2 242.4 243.7 243.9 243.9 246.3 248.1 243.1 233.2 233.1 227.1 227.7
151.9 149.6 148.1 147.2 145.7 141.4 137.9 135.2 129.8 129.9 143.2 147.6 155.1 165.1 178.1 185 190.7 194 198.1 202.6 205.3 208.5 211.2 213.5 214.3 214.3 212.7 213.7 208.9 211.9 211.7 216.6 219.1 221.9 224.6 228.2 231.8 234.2 234.8 239.5 243.4 246 248.6 251.9 255.9 258.3 261.2 264.4 266.4 268.5 269.2 267.8 265.9 267 267 267.2 266 263.5 261.2 259.4 256.5 250 243.5 245.7 244.9 241.2 226.7 236.7 245.4 249.7 250.9 252.4 253.3 254.3 252.5 242.5 247 242.1 238.2 237.9
153.7 152.5 151.5 149.1 146.9 147.7 142.3 139.5 131.3 130.7 142.6 153.7 163.2 171.5 180.1 189.7 194.9 199 203.4 205.6 209.9 212.5 213.7 217.5 218.5 218.8 216.2 218 216.8 217.1 218.8 224.1 226.4 228.7 231.3 234.6 237.4 238.6 240.9 242.3 248.3 252.1 255.7 258.8 261.6 265.1 266.7 268.4 270.7 272 271 269.9 269.5 270.2 269.6 270.1 268.7 265.4 263.1 258.8 250.1 252.3 252.4 251.4 248.4 243.2 232.9 244.3 251.1 256.1 258.3 260.7 261.2 259.8 255.9 257.9 256.1 251.8 250.7 248.1
157.1 156.2 155.3 154.2 152.2 152 145.9 139.7 135.5 134.2 149.3 157.6 168.5 179.9 188.7 194.3 197.7 203.3 207.5 209.9 212.7 217.4 219.7 220.8 222.3 222.8 221.4 223 223.6 218.9 221.5 230.2 232.3 235.4 237.9 240.2 242.3 243.9 246.5 250.8 250.6 257.5 260.9 264.7 267.8 270.1 271.7 272.4 273.2 273.7 272.7 272.5 272.7 273.2 273 273.1 271.3 267.6 263.1 255.6 261.5 262.5 260.4 256.1 249.7 243.4 233.3 248.4 256.1 261.5 265.5 265.6 264.6 265.8 268.3 267.6 263.2 263.1 262.4 259
160.5 159.4 158.1 156.7 156.5 156.1 153.1 144.5 137.4 138.9 154.5 168.1 178.8 187 194.7 199.6 204.5 207.6 211.7 214.6 217.1 220.3 223.4 225.3 226.2 228.1 228.7 229.3 229.1 225 231.1 235.3 238.9 241.3 242.6 244.6 246.9 248.5 252.3 256.4 259.2 261.3 266.6 270.7 272.5 274.2 274.7 275 275.5 275.7 275.3 275.1 275.1 275.3 277.4 275.3 271.9 266.4 260.4 263.8 267 267.9 264.2 256.9 251.6 239.8 243.3 251.7 261 266.8 270.6 269.9 268.8 272.7 277 276 275.6 273.5 273.4 271
164.7 162.6 161 159.7 159.1 157.7 153.4 147.4 136.9 147.9 161.3 172.4 184.2 192.8 198.2 204.3 208.4 212 215.7 219 221.9 224.3 227.3 228.7 231.6 232.8 232.4 235.6 235.4 232.4 236.7 239.8 244.1 246.1 247.6 249.7 252.2 253.2 259.4 263.4 266.3 266.2 271.7 274.9 276.1 277.6 278.4 278.7 279 279.3 279 278.5 277.1 276.6 279.1 277.2 275.4 272.1 265.1 268 271.1 269.8 264 258.1 251.7 249.2 248.8 256 265.5 272 276.9 274.5 278.9 281.3 283.8 284.7 283.6 285.9 286.8 283
169.6 167.2 165.8 163.8 162.1 160.2 156.8 147.2 140.4 153.8 163.8 180.7 189.7 193.9 201.7 207.2 212.3 217.3 219.8 222.5 225.7 228.9 230.4 234.1 236.3 238.6 239.4 241.8 242.5 242.2 238.6 245.7 248.3 250.6 252.7 255.4 258.6 261.1 266.4 269.8 273.2 273.5 276.4 278.6 279.8 281.5 282 282.2 282.5 283.2 282.3 281.3 279.2 281.9 284.7 283.4 278.9 273.4 267.6 271.4 273.4 270.1 264.9 259.9 259.1 249.4 248.5 260.3 269.1 276 282.7 280 285 288.3 291.8 293.5 294.6 296.9 300.5 297.2
173.3 171.8 170.1 169.1 165.7 163.9 158.5 150.2 137.7 155.4 166.8 178.1 191 198.5 206.4 211.8 215.4 219.7 222.9 225.7 228.8 233.4 235.8 239.8 242.8 244.1 245.2 246.2 247.6 247.1 240 250.5 253.4 256.7 259.6 262.1 265.5 269.5 272.3 275.7 279.2 279.9 278.8 282.4 283.4 285.1 285.6 286.4 287.4 287.6 285.5 281.6 280.8 285.7 286.5 284.1 279.2 273.4 273.7 277.5 277.3 271.8 266.6 262.8 263.6 248.5 259.2 262.9 269.7 280.7 287.7 289.1 294.2 302.7 304.4 304.1 304.5 306.2 314 317.3
176.3 175.8 174.5 172.8 170.5 167.8 162.4 155.7 140.7 154.2 165.8 183.2 197 204.5 209.5 215 220.5 223.7 227.5 230.1 234.2 238 242 245.5 248.5 248.2 251.5 252.2 252.8 253.8 254.7 254.3 259 263.2 265.8 269.4 272.8 276.3 278.2 281.7 283.8 284.7 284.3 285.2 288.1 288.8 290.1 291.4 290.9 290.2 287.2 282.9 282.6 287.7 289 285.8 279.8 274.9 282.9 284 279.9 274.1 269.8 267.3 265.7 252.5 263.9 267 273.1 284.9 292.4 300.5 307.8 312.2 313.2 315.7 319 323 328.6 328
180.3 179.3 177.8 176.3 173.8 171.7 164.9 157.4 141.6 156 170.3 188.5 198.1 203.6 214 219.1 223.5 228.5 231.9 236.2 239.8 244.6 247.9 251.4 255.5 255.7 256 256.7 257.9 259.4 260.9 262.4 263.9 269.4 273.3 276 279.3 282 282.9 286.5 287.9 288.3 289.3 289.8 292.5 293.8 295.5 294.7 293.3 291.5 288.9 285 284.2 290 291.5 288.3 282.6 276.6 285.1 285.8 282.1 277.1 273 270.9 267.6 257.7 269.2 272.7 277.9 289.3 299.5 308.7 317.4 321.3 322.2 328.4 330.1 332.9 334.8 333.9
183.4 182.5 180.9 179.8 179.4 173.1 166 156.9 146.2 165 180.5 193.2 202.3 209.4 215.8 222.7 226.5 232.3 238.4 243.2 247 251.5 255.2 258.1 260.4 262.4 262.8 262.9 264.5 265.9 266.7 268.3 268.1 277 280 282.7 285.9 286.6 289.6 289.8 292 294 294.6 292.8 296.6 300.2 300.2 298.7 296.5 294.8 293 289 286 290.9 293.9 290.7 287.6 280.5 285.8 287.7 285.9 281.1 276.7 275.7 272.8 263.9 263.8 278.3 280.9 291.5 307.4 316.7 324 330.2 334.1 342.3 345.7 341 337.3 337.3
186 185.4 184.8 184.4 182.4 173.1 166.6 154 151.2 173.2 188.7 198.7 205.8 212.7 219.1 226.5 231.8 238.2 243.3 248.9 253.4 258.5 262.3 265.3 267.8 267.8 268.2 268.3 270.8 271.1 273.3 275.3 279.1 282.6 285.6 288.8 290.6 292.8 293.7 294.8 296.7 299.4 300 296.6 298 303.4 303.8 301.6 300.1 298.8 295.8 292 289.8 295 297.7 296.3 291.8 282.3 293.1 295 292 285.3 282.1 279.7 281.6 273.8 265.8 278.9 285.4 296.2 313.9 323.1 331.4 338.9 347.2 356.2 356.6 352.6 359.2 361.7
188.5 190.1 189.8 188.6 184.4 175.7 167.9 151.3 155.6 179.3 191 203 210.6 217.8 224.7 230.1 236.2 243.5 249.1 255.9 259.1 265.5 269.1 272.1 272.9 274.3 274.6 275.2 278.2 279 279.9 282.3 285.2 286.4 289.6 292.7 295 298.1 298.4 298.3 301 304 303.8 299.6 300.8 304.3 306.7 305.1 303.7 301.9 299 293.6 291.6 298.6 301.1 298.6 289.9 292 300.1 299.4 295.8 290.3 286.6 288.4 288.4 282.4 280.7 274.5 287.8 298.5 314.4 328.1 339.1 348.9 361.2 372.7 380.3 377.6 377.5 381.1
192.7 194.5 194.5 192.5 187.9 178.9 169.2 152.6 163.1 184.7 196.1 206.6 218.2 224 228.8 234.1 242.3 250 257.7 263 267.3 271.2 274.8 277.3 278.8 280.7 280 282.3 284.5 286.1 287.6 288.9 289.8 292.4 291.2 296.3 299.9 303.2 303.1 303.1 305.6 307.6 305.6 306.9 306.6 308 309.9 310.6 309 307 301 296 297.3 302.1 302.1 300.4 297.5 298.6 304.1 302.2 299 294.8 291.2 293.5 293.4 296.6 287.3 291 283 299.6 311.2 331.1 344.9 359.2 374.3 391.8 412.1 420.5 410.8 418.5
197.1 198.9 199.1 195.7 191.6 183.8 173.9 154.9 168.1 186.4 201.3 212.7 220.9 228.6 232.8 243.3 250.6 257 263.2 268.4 272.4 277.6 279.5 283.3 284.7 286.8 286.3 289.2 291.4 292.9 293.9 295.3 296.9 297.5 294 298 303.5 306.7 307.4 309.1 310.1 310.6 312.3 311.6 310.8 312.5 315 315.9 314.8 312.2 304 305.1 306 308.1 305.6 305.2 295.2 307.9 308.9 307.1 303.8 299.5 295.2 292.6 296.3 295.5 291.9 297.6 282.6 301.3 307.9 323.2 346.2 365.5 387.5 414.7 439 451.1 455.3 458.9
201.3 202.9 202.4 200.7 196.7 190 175.3 156.8 172 190 204.7 216.2 224.7 235.8 243.8 249.4 257.7 263.9 269.1 273.6 278.9 282 286.7 289.4 290.7 293.2 293.2 296.1 298.4 300.2 301 303.1 302.7 301.6 301.7 304.1 304.4 309.9 312.1 313.5 314.5 316.1 316.6 316.1 312.8 316.7 318.4 319.8 319.3 316 314.2 312.6 313.1 311.5 309.7 303.3 304.8 312.5 313.1 313.7 311.9 305.8 299.3 296.8 296.8 297.3 297.8 296.6 288.4 299.8 311.2 324.8 342.8 368.8 393.8 430.7 464.8 468.1 459.5 457.9
204.8 207 205.5 204.4 200.4 192.7 172.6 159.8 172.9 191.7 205.9 218.9 230.6 242.2 250.9 257.7 263.4 270 275.1 279.6 284.5 288.6 292.3 294.9 297.3 299.4 301.3 302.9 305.1 305.7 305.8 306.7 305.1 306.1 306.8 308.6 309.6 312 314.8 316.7 318.5 320.1 319.7 318.8 319.5 321.7 322.6 323.6 324.6 322.5 321.5 320 320.1 315.8 314.7 314.7 309.7 320.1 320.7 319.8 316.5 313.2 305.5 301.1 302.6 306.5 306.1 301.2 294.5 297.9 308.2 321.7 343.9 367 397 440.3 466.4 471.8 462.9 456.8
208.9 210.7 210.2 208.2 204.2 185.8 166.4 174.4 170.4 187.3 206.5 220.7 234.2 246.8 255.9 262 268.4 274.9 279.8 284.8 290.2 294.2 297.5 300.6 303.1 305.5 306 307.5 309.2 309.8 310.1 310.9 309.2 309.7 309.6 313.8 312.5 310.8 316 319.3 321.6 323.9 324 324.4 323.6 326.9 327.5 328.4 329.5 329.2 328.8 327.6 327.5 322.6 321.8 321.3 320.7 323.2 326.4 325.2 323.6 321.1 312.8 311.4 314.9 320.3 318.4 310.2 300.8 300.2 306.5 319.2 334.1 363.9 392.7 435.5 467.1 466.9 460.6 458.6
214.8 216 215.7 213.2 208.8 187.3 173.8 184.8 185.5 183.5 204.1 221.4 240 251.1 260 267.2 274.7 280.4 285.6 290 294.4 298.9 301.6 305 306.3 309.6 311.1 310.9 313 313.7 314 313.8 313.6 315.8 315.7 317.9 316.9 313.1 318.1 322.9 325.8 328.1 328.8 328.3 329.4 332 334.2 336 337 337.4 337.4 337.3 336 330.4 330.3 332.5 331.7 333.1 332.6 332.8 332.2 328.1 322 322 326.5 328.8 324.1 318.9 305.3 305.9 313 321.7 334.3 355.3 385 418.9 457.3 461.8 461 461.1
223.4 224.4 224.1 222.3 213 194.4 180.9 185.1 194.3 188.9 201.7 221.9 239.5 253.2 264.5 271.7 279 284.3 289.3 292.8 297.6 300.3 304.8 308.8 311.4 313.6 315 315 316.2 317.5 317.4 316.8 318.5 322.1 319.2 321.9 321.7 320.8 323.9 321.2 328.4 331.1 332.4 332.5 335.5 339.3 342.5 344.7 346.1 347.9 348.1 346.1 344.4 341.4 341.7 343.1 342.7 342.9 341.3 340 340.6 335.6 334.6 333.7 339.1 337.7 332.2 321.6 318 307.2 317.2 327.2 338.6 356.3 377.6 413.2 437.5 466.7 466.6 465.1
232.9 232.7 233.3 230.6 222.2 211 188.5 190.9 203.8 195.7 207.1 226.6 242.3 257.1 268.6 275.6 280.6 287.5 293.5 297.8 300.7 303.6 307.7 310.7 312.7 316.4 318.6 317.7 318.6 320.5 320.5 320.5 320.3 322.2 321.9 322 323.9 325.1 329 326.9 329.5 328.5 334.3 339.4 341.7 349.1 354.7 357 359.8 360.4 358.4 355.2 351.9 352.9 352.7 352.8 353.3 353.1 351.4 350.7 348.3 345.1 344.6 344.3 348.2 345.5 339.9 330.4 330.5 321.7 316.7 329.5 342.5 358.1 380.9 409.2 428.6 468.8 468.2 469
243.6 245 243.5 237.2 227.5 215.9 193.9 192.8 209.6 214.7 201.9 220.2 243.6 261.5 270.7 275.6 283.2 289.5 294.3 298 302.7 306.7 311 312.2 314.1 317.1 318.7 318.9 320.3 321.3 322.7 323.2 323.2 323.9 324.4 324.9 326.6 329.4 331.4 334.2 333.9 330.5 340.2 346.5 350.8 360.1 363.2 367.7 368.3 367.4 366.4 364.4 361.5 361.9 360.9 361.2 363.2 361.9 362.5 361.7 358 357.3 358.7 358.5 356.2 356.2 349.4 343.3 346.2 334.4 321.5 331.1 342.4 357.7 384.4 419.6 439.9 474 476.7 479.3
252.3 253.2 250.5 246.2 236.9 223.8 200.8 194.4 216.7 229.1 223.7 219.9 230 259.1 268.4 274.4 280.6 287 292.3 297.7 302.3 306.3 308.6 312.5 315.7 317.7 319.2 320.4 322.3 323.4 325 326 325.7 325.5 328 329.6 330.4 333.8 335.9 337.7 332.5 338 347.6 354.1 361.4 366.3 370.3 373 373.9 374.4 373.9 371.2 373.2 371.8 370.7 371.2 373 372.6 374.7 377.1 382.6 381.6 381.2 379.2 377.9 371 360.6 351.9 354.6 343.5 334.3 333.8 345 369.1 391.7 426.5 459.3 479 480 480.6
262.3 262.1 259.1 254 243.8 233.2 209.7 197.4 222.8 239.8 248.1 249.5 255.8 264.8 272.3 272.9 278 283.5 288.2 292.5 297.2 300.9 306.8 311.5 316.5 319.1 320.8 322.5 324.1 325.4 327.2 328.9 329.4 330.3 331.2 334 335.3 339.3 340.1 341.1 340 347 347.6 360.1 366.2 370.8 373.7 376.4 377.9 378.5 379.6 379.8 382.5 382.5 383.9 386.3 385.8 389.9 396.2 404.5 413.7 417 407 403.9 401.6 390.1 388.4 374.8 366.8 354.6 341.1 334.8 350.2 368.5 397.8 428.3 471.1 475.2 476.3 475.1
268.8 267.9 265 258.4 251.2 238.4 215.2 209.9 239.1 250.7 259.3 266 270.5 275.6 278 276.6 277.2 279.3 288.6 295.3 296.4 299 306.9 312.9 316.4 320.3 322.7 325.1 327 328 328.7 331.4 333.2 334 334.6 337.5 339.2 342.5 345.1 347.5 350.7 352.7 358.3 358.3 368.5 373.6 375.9 378.9 382 385.4 387.4 387.9 389.6 392.5 396.1 402.5 407 411.4 423.2 435.5 452.7 467 437.6 436.4 438.2 435.6 424 408.1 389.7 375.9 351.7 342.2 352.7 370.8 397.3 427.8 466.4 470.8 474.9 472.7
272.3 271.3 269.3 265.1 258.3 248.4 223.2 220.1 248.7 258.4 266.7 273.7 278.7 281.8 279.9 279.6 281.7 285.4 292.5 299.8 300.8 298.7 307.5 311.9 317 321.4 324 326.4 328.8 331 330.9 334.3 336.4 337.2 338.6 340.8 343.1 343.5 349.2 351.6 356.4 360.1 362.7 371.3 369.7 377.8 381.6 384.3 390.2 392.3 393.1 394 395 398.5 405.3 413.7 429.8 443.8 453.5 470.1 491.3 494.7 488.6 483.1 474.9 477.7 462 433.3 407.5 390.9 358.8 354.9 366.1 379.8 405.8 430.1 463.3 469.1 470.3 468.1
