UK/data/sj/sj03_OST50GRID_20230518/SJ03.asc
ncols 200
nrows 200
xllcorner 300000
yllcorner 330000
cellsize 50
[rows 140 to 174 of 200, columns 78 to 155 of 200]
416.9 421.3 426.8 432.1 437.4 443.1 450.5 455.5 461.4 465.4 469.6 472.9 476.4 478.1 478.3 476.4 474.7 472.8 475.7 476.6 478.1 479.8 489.4 498.8 509 519.4 530.6 540.6 550.1 559 566 571 575.5 580.2 586.9 592.6 595.7 599.4 603 605.5 608.1 611.3 614.1 617.1 621.1 625.7 630.8 637.7 644.5 652.7 659.2 665.4 670.9 676.1 684.4 692.7 701.2 709.7 717.3 727.4 737.9 749.4 761.6 773.9 785.9 794.6 801.1 805 778 724.2 687.6 661.8 644.7 626.7 614.7 606.8 603.6 602.7
420.5 424.5 429.2 434.6 439.9 445.2 452.5 457.3 462.9 469.1 474.2 480.5 484.4 486.8 485.8 482.9 479.9 474.2 477.5 479.5 482.4 482.1 483.5 485 495.6 505.8 516.4 526.2 534.6 543.2 550.3 556 562.5 569.4 576.2 583.2 589.4 594 596.2 600 603.9 607 610.7 614.4 618.6 625.2 633 640.6 648.4 656.7 663.6 669.4 676.2 684.1 691.9 701.2 709.9 718.8 728.5 737.3 748.2 759.7 771.2 782.4 793.2 801.7 807.5 810.6 781.8 727.7 694.2 665.1 643.6 629.5 616 612.4 611.8 609.6
421.3 429.2 431.7 437.1 442 447 453.4 458.9 466.2 472.4 480.2 485.9 491 493.4 493.8 490.4 486.5 478.1 478.4 486.7 490.5 491.7 493.1 491 490.7 491.3 498.1 506.4 516.1 526 534.2 542 549.7 557.4 565.1 571.9 579.1 583.2 587.2 592 596.3 601.3 605.4 610.6 616.1 623.5 632.6 641.2 650.5 659.6 667.8 674.1 682.1 689.9 697.6 708.6 718.5 728.4 737.7 747.1 757.7 769.2 779.9 790.4 800.5 808.5 814 813.8 786.6 732.5 699.4 670.8 646.2 632.9 623.7 621.8 622.2 620.2
425.1 430.4 434.4 439.2 444.1 449.3 455.3 459 468.7 476.9 484.1 491.2 497.6 500 501 498 493.7 483.7 481.3 489.8 498.5 502.1 503.9 505.4 502.9 500.9 499.9 502.3 502.3 503.5 518.4 527.7 536.9 546.4 553.6 561.6 568.2 572.6 577 582.1 586.9 592.2 597 603.4 611.8 621 630.6 641.2 650.9 660.7 670.4 678.6 686.2 695.5 705.6 715.7 726 736.2 745.9 755.7 766.2 777.3 788 798.5 807.7 815 818.2 816.4 780.2 743.3 713.9 683.3 654.1 637.7 635.4 632.6 633.1 626
429.2 433.1 436.9 441.4 445.6 450.9 455.1 462.2 470.1 481.3 489.5 498 503.8 506.7 507.8 504.7 500.4 487.8 485.4 494.5 504.2 509.6 513.9 517.7 520.3 519.9 519.4 519.1 518.1 516.6 514.1 512.2 521.9 531.4 540.9 550.2 557.3 562.5 567.5 572.8 577.1 582.8 588.4 595.6 606.1 614.7 626.7 637.9 649.8 661.6 671.4 680.2 690.8 700.5 711.1 721.3 731.5 742 752.2 762.8 773.2 784.8 794.9 805 814.1 819.6 821 817.4 790.3 741 718.3 694.5 658.6 641 638.2 636.7 634.5 622
432.5 436.1 439.9 443.2 446.4 453.5 458.2 467 475.9 485.2 495.5 504 508.8 512.8 514.8 512.3 506.8 495.4 489.2 498.6 508.8 515.6 521.3 528.1 532.8 536.7 538.1 537.8 537.6 535.1 534.2 531 524.2 522.5 530.4 537.1 544 549.7 554.3 557.9 566 572.1 579.6 588.7 597.9 608.2 620.7 633.1 645.5 657.5 669.4 680.7 692 702.5 713.2 724.5 734.6 745.1 756.4 766.5 777.3 788.6 799.1 809 818 823.2 825.6 811.3 755.7 730 706.2 676 653.9 643.4 637 633.1 625.2 612.9
436 439.2 442.5 445.9 450.8 455.6 462.1 471.3 480.2 491.2 502.5 510.3 516.6 520.6 522 520 514.6 502.7 491.4 498.1 510.4 521 528.8 536.7 543.2 548.9 553.6 555.7 555.8 554.9 552.5 551.3 546.4 535.9 534.4 534 538.3 540.4 544.9 551.8 556.9 565.4 572.8 578.8 581 596.4 610 624 637.3 651 663.8 677.2 688.9 700.8 712.2 723.3 734.2 745.5 756.7 767.7 778.9 790 799.5 810.5 819 823.7 821.2 780.7 745.8 721.4 697.2 669.7 647.2 632.4 625.3 619.4 612.6 603.2
438.8 443.5 445.8 449.1 453.9 459.4 466.2 474.5 487.6 497.6 507.5 516.7 523.7 528.5 529.2 527.9 522.2 511.8 496 497.8 509.6 522.8 534.3 544.3 552.2 561.2 566.4 569.7 571.6 571.9 571.1 569.2 564.1 550.5 544.1 552.7 556.8 560.5 564.5 567.5 567.3 569.4 578.7 589.8 597 601.1 602.9 608.8 626.5 641.2 654.6 668.1 681.2 693.1 705.2 716.3 728.3 740.1 752 763.6 774.7 786.7 797.6 806.9 815.1 817.3 811.8 773.9 741.2 717.1 692.6 665.6 640.7 625.1 617.2 610.6 602.5 593.4
443.6 447.5 449.6 453.2 457.9 464.4 474.5 482.7 495.3 504.6 514.5 524.5 531.1 535.8 537.9 535.9 530.5 520 505.5 500.2 508.2 523.6 539.6 550.4 561.2 570.6 578 583 585.4 586.5 586.5 583.9 578.8 560.3 552.8 563.9 569.7 573.4 577.7 580.9 582.4 575.6 582.8 593.3 605.6 615 621 624.4 628.1 633.5 646.9 655.7 668.2 681.1 692.7 706.1 718.3 730.8 742.6 755.4 766.1 779.6 790.2 799.9 805.9 808.6 806.1 773 739.3 711.7 690.3 657.2 638.4 624 611 602.2 594.2 583.9
447.6 451.9 454.9 458.1 462.7 471.1 479.1 489.5 501.8 511.3 522.1 530.2 537.9 543.1 545.6 544.9 540.1 526.9 511.8 500.8 507.4 521.3 541.2 554.1 567.6 578.2 587.1 592.7 596.2 598.7 598.8 596.7 589.7 571.8 560.9 573 579.6 584.5 590 593.7 595.5 593.8 585.5 597 609.5 622.2 633 639.7 643.5 645.6 651.9 661.9 671.5 682 691.8 701.7 712.5 723.7 735 747.8 760.6 773.3 788.4 798.9 806.7 812.5 809.5 769.9 734.7 708.5 680.3 653.6 635.6 623.1 610 599.1 585.3 574.7
453.8 458.2 460.7 463.3 469.2 476.4 486.2 496.9 508.2 519.1 529 537.5 545.6 551.2 553.9 552.4 548.6 536.2 517.8 503.2 508.4 521.6 539.9 557.4 570.4 584.1 593.4 600.4 605.8 608.5 609.3 606.8 599 584.5 564.3 577.9 588.9 596.4 602.3 606.6 609.3 610.5 603.9 602.5 613.4 627.9 640.4 650.3 656.7 661.3 664.8 668.6 676.2 686.9 696.1 707.9 718.3 728.9 738.8 751.2 763.3 774.3 789.4 802.5 812.4 820.2 801 764.9 729.7 705.2 676.8 649.8 632.8 621.8 609.4 596 580 569.5
459.5 465.9 468.5 470.8 474.9 484 494.2 504.6 516 526.4 536.1 544.8 553 558.5 560.2 559.5 556.6 545.4 524.4 509.2 510.5 520.8 538.5 555.2 574.7 587.7 597.9 606 613.2 617.6 619.3 617.9 609.5 596.8 575.6 586.8 597.5 607.2 613.6 620 623.6 625.8 623.9 613.2 618.4 631.6 649.1 660.9 669 674.5 679.2 681.8 684.1 692.1 701.3 712.3 722.9 732.8 742.9 753.8 765.9 778.6 794.5 807.9 819.7 823.4 796.7 755.4 730.4 700.4 668.4 648 633.6 619.6 604.8 590.8 573.8 559.8
463.3 471.3 475.4 479.2 484 492.8 502.1 512.6 524.1 534.1 543.9 551.9 559.1 565 567.8 566.6 563.6 554.5 534.5 515.8 513.8 520 535.7 558.1 576.8 592.2 602.7 612.6 620.9 624.7 629.2 628.1 622 611.6 591.7 593.6 609.7 617.5 626 632.8 637.6 641.2 642.1 635.2 625.6 638.1 654.5 670 679.7 688 693.4 697.2 700.2 700.5 707.4 717.3 729.1 739.3 748.8 759.2 769.5 782.2 797.2 812.4 823.8 822.3 787.5 752.3 726.5 693.9 666.7 646.8 631.6 619.8 599.2 580.6 568.2 557.1
468.1 476.6 481.6 486.9 493.4 501 509 520.1 530.5 542 550 559.1 565.8 570.8 573.7 574.4 571.1 564.9 542.8 523.7 515.5 521.2 537.5 554.6 576.4 594 605.9 619 630.2 635.5 637.3 637.3 634.4 627.4 617 607 622.2 631 637.8 645.9 652.1 657 659 655.4 646.2 647.3 662.1 680.3 691.5 700.7 707.8 712.1 715.2 715.4 717.4 726.7 738.2 745.1 755.2 764.8 777.1 788.2 802.6 813.8 822.1 811.4 780.2 744.5 718.9 693.7 663.4 646.8 634 622.1 604.6 580.7 564.1 554.3
472.1 482.7 488.3 493.9 499.3 506.7 515.7 526.6 536.3 547.6 557.6 565.6 571.7 577.9 582.1 581.6 580.3 574.7 553 532.6 521.7 525.5 535.7 559.4 577.2 596.5 610.7 625 637.1 644.3 647.9 649.1 646.7 642.3 639.1 632.8 638.6 646.2 653.3 659.7 666.1 670.6 675.4 675 665.9 660.5 671.7 688.8 703.3 713.2 720.7 726.3 730.4 731.8 730.3 738.5 747.4 756.9 765 773.9 783.7 794.7 806.2 814 796.7 784.7 762.1 736 717.5 693.1 664.3 647.5 638.1 623.2 604.8 582.1 565.4 556.7
477.5 487.6 492.8 498.4 503.6 512.2 520.8 531.9 542.4 553.6 563.6 571.6 578 584.2 588.9 589.2 587.7 581.5 562.9 542 529.6 525.9 538.1 556.5 577.9 596 614.5 632.6 644.8 651.7 656.4 659.3 659.8 657.9 656.8 656.1 657.3 662.7 668.6 674.9 680.5 685.6 690.9 693 688.2 684 685.8 701.6 715.2 725.4 733 738.9 744.2 746.6 749.6 752.1 760.9 768.8 776 782.2 788.1 796.7 804.4 780.8 765.3 755.5 744.7 729.4 714.8 696.7 672.1 655.8 645.7 621.1 609.3 587 571.5 562.9
481.6 490.2 496.9 503.1 507.4 515.4 525.8 535.7 545.7 559.3 567.7 577.4 583.8 591.5 596.3 596.2 596.3 590.7 570.2 551 538.2 529.6 539.6 553.8 575.7 597.1 616.5 636.1 649.5 656.7 663 669.4 672.1 672.5 672.2 672.3 674.1 678.5 684.2 689.3 695.1 701.1 706.7 710 711.4 704.7 704.9 715.5 728 736.4 744.2 751.7 757.4 761.8 764.6 766.7 772.1 778.4 783.9 787 791.5 795.8 776.8 751.2 734 728.9 726.1 722.2 716.8 706.2 684.9 660 646.2 629.9 614.1 590.3 578.2 572.8
482.5 490.5 499 504 511 519.3 531 539.9 549.2 562.4 573.5 582.1 590.8 596.7 603.5 605.7 604.8 601.6 583.5 565.7 550.4 540.2 536.6 553.2 572.4 591.9 615.9 635.8 650.3 660.2 669.2 677.3 683.3 685.5 686.7 689.1 691.9 695.9 699.4 703.4 710 715.4 720.8 725.3 727.5 729.1 728 734.1 742 749.2 757.4 764.4 771.2 775.7 779.3 780.3 783.6 787.6 792 792.9 793.4 769.3 742.5 719.4 705.2 700.2 701.7 711.6 719.4 715.6 696.2 673.3 659.7 640.2 616.8 600.3 588.4 581.6
484.2 491 498.9 504.7 513 524.2 534.6 543.8 552.9 565.4 576.3 586.2 596.8 603.3 609 612.8 613.3 610.7 597.2 575.7 561.5 553.5 545.6 548.3 569.4 593.2 615.2 633.8 651 664.3 675.9 687.1 694.1 697.8 699.7 703.5 706.2 709.9 714.4 717.3 722.3 728 733.4 737.7 741.1 742.8 745.7 750.3 755.8 762.6 770 776.8 783.5 788.8 793.3 795 797.1 800.2 800.6 799.3 775.3 741 713.9 692.4 679.5 677.9 684.5 699.9 709.6 713 696 687.9 681.1 659.6 634.3 615.4 603.3 594.3
493.3 492.9 498.1 503.4 514.9 524.7 537.5 547.8 556.3 568.6 581.4 591.7 602.3 610.6 616.1 620.2 621.8 620.2 608.6 586.4 577.5 565.4 559 555.8 568.1 591.6 614.6 636.1 655.2 671.3 684.2 695.2 703 708.4 712.7 716 720.1 724.9 727.3 731.6 735.4 740.8 744.5 748.9 748.9 753.9 756.7 761.4 767.4 774.4 781.2 788.2 795.1 801.6 806.3 808.1 808.1 809.6 807.6 795.8 748 713 687 670.2 659.1 658.8 667.6 681.3 690.6 693.5 692.8 692.2 689.7 682.3 653.7 636 619.5 609.3
499.5 497.8 500.3 506.6 515.7 527.8 539.3 549.3 559.3 573 587.2 598.3 607.1 615.7 622.3 627.6 628.3 628.2 623.9 604.1 591.2 581.5 576 569.4 565.4 589.3 616.2 635.9 655.4 673.5 686.5 700.7 711.6 718.4 723.6 727.4 732.5 737 740.2 742.7 747.3 751.9 755.6 757.7 758.1 761.1 764.2 769.8 776.8 783.9 789.4 797.7 805.3 812 816.6 818.1 817.9 817.1 812.4 771.1 733.1 696.2 668.6 651.3 641.4 642 650.6 665.5 675.9 684.3 687.5 692.1 689.5 684.1 676.9 652.9 637.3 625.4
505.6 506.4 501.8 508.5 516.7 528 539.7 549.3 560.2 574.2 588 601.6 611.6 622.4 629.9 634.2 635.3 638.5 636.2 621.4 600.4 596.2 590.2 587.7 581.2 586.9 614.6 632.8 653.5 672 689.4 705.9 715.8 725.2 730.4 736.6 743.1 747.3 750.8 752.5 755.5 759.6 762.1 763.6 765.2 767.3 770.8 776.4 783.6 790.1 797.6 805.8 812.8 819.2 822.4 822.7 821.9 819.9 795.2 747.7 709.4 676.7 652.2 637.8 631 630.2 637.3 650.5 664.3 673.7 682.1 686.7 686.6 684.8 685.4 682.5 655.8 646.3
511.2 510.3 506.6 511.7 521.3 530.5 540.1 551.2 561.4 579.1 593.6 605.5 617 627.1 637.2 642.5 645.2 647 647.4 639.8 619 611.6 607 602.2 600.1 602.9 622.8 636.8 658.5 676.7 691.9 706.4 717.4 727.8 735.1 744.6 751.6 755.6 760.1 762.1 763.9 766.2 765.4 766.8 767.7 769.8 774.1 779.6 787.1 793.7 802.9 810.5 817.3 823.6 826 824.5 821.5 818.1 785.6 732.8 690.3 664.7 643.4 629.7 624.8 624.9 627.8 639.5 650.8 661.8 671.5 678.2 679.7 683.4 690.1 694.4 678.4 668.3
518.2 513.3 513.9 516.7 524.6 534.1 544.3 556.4 567.9 583.3 597.4 609.5 620.7 632.5 642.2 649.1 654.7 657.3 658.2 655.9 643.9 628.9 620.9 621.4 619.4 626.9 639.4 651.8 666.3 681 696.1 709.2 723 733.7 742.1 750.5 757.7 762.5 765.1 768 768.8 768.3 768.9 769.4 770.4 772.6 773.8 780.7 788.5 795 803.5 811.3 817.4 821.5 822.6 820.2 817.2 813.1 772 715.9 676.1 650.7 636.8 626.6 618.9 621.4 623.5 631.9 640.3 650.8 660 664.4 671.2 677.1 677.8 673.7 670.1 672
527.1 525.3 519.7 521.9 528.8 538.4 547 558.1 571.4 585.6 599.7 612 623.1 634.3 647.1 654.8 662.5 665.1 666.9 668.8 667.9 654.1 643 639.7 643.4 650.5 657.3 669.3 681 694.2 704.8 717.6 730.1 741.1 751.4 756.7 763.4 766.5 768.5 770 770.9 768.9 769.9 770.4 770.9 773 776.5 781 785.3 794.2 801.2 806.9 811.2 813.2 813.7 812.8 810.4 803.2 770 707.7 665.4 636.8 625.4 619.1 613.3 616.6 620.5 625.3 633.9 640.9 648.3 652.7 657.8 661.7 661.2 664.1 667.8 671.7
533.2 530.3 530.7 531.2 534.6 542.1 550.6 561.7 574.9 590.9 605.1 616.4 627.5 639.3 652.2 662.8 669.9 674.8 678.8 682.2 682.7 677.9 668.8 664.5 665.4 674.4 680.6 689 698.2 708.1 718.1 729.1 740.7 750.8 758.3 762.2 766 767 769.1 770.8 770.4 768.4 767.3 767.4 767.1 769.8 773.3 777.2 783 788.7 794.1 796.8 799.1 800.8 802.7 802.7 799.1 790.2 774.8 709.8 663.6 627.5 615.9 610.3 610.3 610.3 615.9 620.3 625.5 632.7 635.5 639.5 644.7 648.6 653.5 658.6 662.4 665.9
539.2 538.1 539.1 539.4 544 549.2 556.5 566.2 577.5 592.2 607.9 619 633 646.5 656.4 666.6 677.3 684.8 689.6 692.3 691.9 687.3 687.4 685.8 687.7 693.5 698.4 706 711.9 720.1 729.1 737.8 747.8 758 764.1 766.7 767.9 767.6 768 768.5 766.5 763.7 762.8 762.2 761 763.2 765.2 767.2 771.1 775.5 777.6 778.5 780.7 783.5 789 790.6 784.5 775.7 762.6 709.4 664.9 632.2 617.2 610.3 610.3 610.3 615.1 615.7 617.4 623.7 627.1 628.7 632.9 638.6 645.1 650.3 655.6 660.2
546 545.6 545.9 547.2 551.1 555.7 563.5 571.7 584.3 597.3 609.5 619.3 638.8 651.7 663.3 674 683.6 691.1 695.9 698.4 697.6 697 698.9 699 701.2 705.5 707.9 713 720.8 729.7 738.5 746 753.7 763.2 767.5 768.3 765.7 765.7 763.2 762.1 758.5 755.8 754.4 750.6 750.2 753.7 753.4 755.6 758 759.3 759.4 757.9 762.9 769.9 776.8 776.1 770.4 761.3 747.9 721.8 668.9 642.7 625.1 613.5 610.3 610.3 610.7 611.8 612.7 615.7 618.3 619.3 621.5 627.9 635.3 640.4 645.3 651.8
552.4 550.9 551.7 554.6 557 562.1 569 577.9 589.2 600.5 611 622 638.3 654.9 667.5 677.5 688.8 695.9 701.3 701.2 701.3 700.2 701.5 703.3 707.6 710.9 714.6 721.4 727.7 736.6 744.6 751.9 760.7 765 765.4 763.6 762.9 761 755.6 751.4 747.6 744.5 740 736 736 738.8 737.5 740.6 742.9 741.8 741.5 744.9 747.5 755.6 757.5 758.4 755 747 736.9 726.1 689.4 663.4 638.6 625.4 617.9 615 615.8 611.6 608.5 607.4 608.1 607.2 610.7 616.5 622.5 628.9 635.8 641.2
562 559.3 561.2 562.2 563.1 568.6 576.3 584 594.1 606.1 615.5 626.9 641.7 655 669.8 682.3 691.6 702.2 704.9 704.6 702.1 702.1 704 706.4 711.8 714.8 718.7 725.8 732 739.8 748.1 755.4 760.9 762.8 762.1 759.3 757.7 754.3 747.6 741.2 732.4 726.2 723.4 721 719.2 720.1 721 724.5 724.7 724.1 724.1 731.1 741 746.8 747.9 745.4 743.2 735.7 727.9 717.1 704.5 685.3 670.9 650.7 638.8 628.8 624 619.9 614.8 604.5 597.4 597 597.8 604.4 611.3 616.6 623.8 629.5
568 569 569.3 570.2 572.7 577 583.8 591.5 602.5 612 620.7 631.9 646.6 656.5 669.2 683.2 688.9 700.8 701.7 703.2 700 699.2 702.9 707.4 712.8 716.4 721.3 726.9 732.8 742.5 750.5 756.5 759.6 759.6 758.3 754.5 749.8 745.4 739.7 729.6 716.7 704.1 702 701.7 698.8 703.3 705.9 706 705.5 705.5 710.3 719 728.7 732.4 733.2 732.8 729.9 725.9 718.3 710.2 696.1 679.7 662.7 651.1 639.3 629.4 627.8 624.6 615.3 603.9 592.5 586.2 585.2 588.9 597.6 603.8 611.4 616.4
576.6 576.5 577.5 579 581.6 584.7 591.9 602 610.3 618.8 627.7 639 651.5 662.6 674.5 682.8 690.6 700.4 694.4 691.2 692.8 695.7 698.5 703.5 707 713.3 719.6 725.5 730.9 739.8 748.3 753.6 756.2 756.2 751.6 746.1 741.2 735.3 730 722.5 702.9 688.2 679.4 679.9 680.5 686 688.3 687.8 687.2 691.5 698.2 705.7 713.3 717 719.6 719.4 717.6 716.3 708.2 700.4 683.6 664.3 646.5 631.5 619.6 616.3 618 616.3 612.1 597 589.3 575.2 574 576.5 582.6 590.3 595.1 600.3
585.3 585.4 585.9 589.4 589.4 595.2 601.4 609.1 617.9 627.2 634.9 646.1 656.4 663.7 673.2 680 687.6 687.6 688.3 683 685.8 685.5 685.6 689.7 695 710.1 713.1 720.2 729 735.4 742.3 745.5 747.1 745.6 740.5 734.6 731.6 724.1 720.5 713.8 702.4 680.6 658.9 661.6 665.9 669.9 670.4 669.7 674.1 677.4 683.8 690.9 697.7 701.4 703.7 705.3 705.7 702.5 699.8 691.2 666.6 643 623.1 609.7 602.2 600.9 604 601.4 595.6 589.9 583.3 570.4 565.1 564.7 573.1 579.6 582.2 586.2
594.6 594.6 595.6 596.9 599.3 607 610.3 619.2 625.9 632.4 642 652.5 661.1 669.3 677.9 681.5 682.8 680.4 675.8 670.9 668.1 670.1 675.7 677.1 679 690.1 699.5 707.1 719.6 728 733 732.4 732.8 728.9 724.5 721 719.8 711.6 708.6 704.4 698.3 677 645.5 640.8 644.1 651.7 652.8 658.3 660.2 664.2 669.6 675.1 685.1 690.5 694.3 696.3 696.5 695.9 694.4 676.9 647.8 623.6 605.5 593.4 585.1 584.5 588.8 587.2 584.4 578.7 572.3 564.1 557.7 554.4 558.8 564.2 566 570.7
602.5 604.2 605.3 607.1 608.7 614.3 616.9 625 632.1 641 648.9 655.9 665.2 674.2 680.5 683.8 679.9 673.5 668.5 660.9 659.8 656.9 660.4 663.1 664.3 674.3 682.9 692.8 703.8 710.4 715.2 718.8 718.5 714.7 710.2 704.8 702.8 701.4 699.1 695.1 689.2 670.2 640.3 624 626.3 629.4 639.5 643.4 645.2 650 658.2 666.9 675.4 682.7 687.4 689.7 690.5 691.1 687.9 664.6 631.4 607.1 592 580.9 572.4 571.2 574.4 576 572.1 570.1 565.2 558.2 549.3 546.5 548.7 549.9 558.6 573.6
