WholeMapElevations/data/sd/sd88_OST50GRID_20230518/SD88.asc
ncols 200
nrows 200
xllcorner 380000
yllcorner 480000
cellsize 50
[rows 0 to 34 of 200, columns 0 to 77 of 200]
494.7 500.4 502.8 506.7 503.3 494.2 482.5 476.3 470 462.7 478.9 480.1 474.4 463.1 463.6 471.6 475.7 480 473.2 481 489 494.2 507.8 517.2 525.1 534.5 540.4 547.7 549.6 551.6 558.2 558.2 560.8 556.6 558.2 557.7 556 552.1 555 558.7 561.8 563.4 562.9 562 559.3 557.2 551.1 540.9 515.7 502 491.7 476.2 467.3 464.6 460.8 456.6 452.9 451.7 452 452.2 451.4 447.7 440.9 431.7 421.8 411.6 402.8 392.7 383.1 372 363.3 356.3 350.9 347.4 341.8 336.9 335.9 332.9
502.8 507.6 510 510.6 503.3 490.6 481 475.4 470.7 474 480.9 482 479.3 473.5 470.4 476.5 480.7 477 483.8 490.7 498.1 507.9 514.3 525.8 536.1 541 545.2 550.4 555.1 559.6 562.5 563.8 563.7 562.7 562.1 563.2 557.4 555.6 557.1 561.7 567.4 569 567.1 563.7 558.3 553.5 547.7 528.1 506.5 494.7 481.3 466.2 464.3 462.2 458.4 454.3 455.3 455.2 454.5 452.8 449.4 443.3 435 424.1 414.4 403.5 392.6 382.6 372.1 365.3 356 352.1 344.9 340 336.9 336.1 331.4 324.2
510.6 513.7 515.7 511.2 500.9 484.7 477.5 477.4 471.3 480.4 485.2 488.7 486.8 481.3 477 480.8 482.4 490.4 497.1 502.6 509.8 516.3 524.5 534 540.9 545.3 551.7 559 561.1 565.1 567 566.5 565.7 565.5 566.1 565.2 562.1 559.3 561.4 564.5 568.1 568.8 566.6 562.7 555.2 548.8 543.5 519.9 500.9 485.4 473.2 466 463.5 460.7 461 460.9 459 457.4 454.6 449.8 443.4 435.9 427.2 417 407.2 396.6 385.9 374.3 362 354.6 351.2 346.6 338.2 330.8 328.9 326.2 322.1 317.1
517.6 518.3 517.6 511.3 498 483.3 474.6 469.4 474.8 484.4 489.7 494.4 489.8 484.4 481.2 482.7 491.9 501.3 505.7 509.4 515.2 521.8 532.9 541.4 545.8 551.1 560.9 565.9 565.3 567.6 568.3 568.3 567.7 567.9 567.5 567 565.8 565.8 567.9 569.4 570 568.6 565.4 561.8 556.3 550.4 542.5 518.8 501.2 485.1 471.5 465.8 463.4 462.3 462.1 461.5 460.3 457.2 452.5 446.2 438.2 430.1 420.7 411 401.2 391.1 380.3 370.3 361.3 354.7 346.2 340 333.9 327.3 322.9 319.2 316.4 312.2
522.3 521.7 518.1 510 496.4 482.8 475.9 471.4 477.2 487.4 493.8 495.3 489.4 485.3 484.2 488.4 500.3 509.4 517.7 524.9 532.9 537.3 542.9 547.3 557.7 563.1 567.5 569.1 569.3 569.3 569.7 569.6 569.5 569.8 570 570.5 570.4 570.4 572.8 574.3 572.4 567.9 561.7 559 553.4 548.6 537.6 517.3 501.6 484.6 473.7 466.1 464.5 465.1 464 462.9 461 456.3 449.9 442.1 433.1 424 414 404.9 396.5 388.9 380.3 371.6 361.8 354.3 345 338.1 333.7 331.6 326.7 319.5 313.5 308.2
524.3 522.7 517.3 507.4 496.2 484.1 475.6 474.2 476.8 486.5 492.9 493.4 488.1 485.9 492.9 502.9 512.5 519.3 525.4 534.4 542.1 543.5 551.4 559.3 564.3 570.6 569.6 570.3 571.6 571.2 571.3 571.3 571.6 571.8 572.9 574.1 574.6 572.9 575.1 576.5 575.2 571.8 566.6 559 552.6 549.8 535.4 520 505.9 492.8 483.2 477.6 473.4 470.3 469.3 467.6 463 454 442.8 432.2 421.9 412.5 404 395.8 387.5 379.4 372 364.2 355.4 347.4 338.5 333.7 333.1 330 324.3 316.9 314.9 311.8
524.9 521.9 515.2 507.6 498.2 487 479.6 477.4 478.5 490.4 495.2 493.6 488 485.7 500.1 509.9 517.3 525 532 539.3 544.5 551.5 558.3 564.5 569.9 571.9 571.5 573.1 573.9 573.6 572.8 573.9 574.3 573.8 575.7 576.4 575.5 576.4 578.3 578.3 577 574.5 569.3 565.3 557.6 553.3 540.9 526 513.7 501.8 492.7 487 482.4 479.8 476 467.9 456.6 445 432.9 420.3 412.6 402.5 395.2 386.4 378.8 371.5 365.4 357 347.5 340.1 331.4 328 326.7 323.8 322.1 321 316.8 312.3
523.8 517.9 512.7 506.8 501.7 495.8 484.2 477.5 483.7 494.3 500.2 495.3 488.2 495.3 509.1 517.4 524.1 531.2 539.3 545.9 548.9 555 562.4 568.1 572.5 575.3 575 575.9 576.2 577 577.3 577.3 577.6 577.3 577.7 578.5 578.7 579.7 580 579.2 576 574.5 573.6 571.1 564.9 558.1 543.8 530.6 518.3 508 499.8 494.1 488.5 479.7 470.1 459.6 448.4 436.5 425.4 414.2 402.5 394.1 386.7 377.3 370 362.5 359.5 347.5 339 332.9 325.7 322.1 320.8 321.1 321.8 320 316 311.5
519.2 513.9 511 509.1 506.7 501.5 488 478.4 485.4 496.9 501.8 499.8 498.7 510.8 516.9 522 526.9 536.1 544.9 550.6 555.3 560.4 566.2 572.9 577.9 578.6 576.9 578.8 578.9 578.4 578.7 577.7 577.8 577.9 579 582.2 582.6 584 584.4 581.9 579 577.8 571.3 566.2 556.7 557.6 546.1 531.2 520.6 509.2 499.3 491.4 482.4 472 460 450 438 428.1 417.7 407 396.4 389.2 379.7 371.9 364.3 358.3 350 341.2 334.5 329.9 324.4 320.2 318.3 319.4 320.2 318.6 314.8 311.3
516.8 512.1 509.6 508.9 508.2 504.4 495.9 482 488.3 496.7 502.6 505.7 511.3 515.6 522.4 531 535.8 544.6 548.9 553.6 559.2 565.9 569.4 577 581.7 581.7 578.9 581.2 580.1 579.3 581.1 580.1 580.6 581.4 582.6 586.4 586.5 586.4 584.3 581.7 577.1 571.5 569.8 568 565.7 559.3 541.5 522 511.7 501.3 490.1 480.3 471.9 461.2 451 438.5 428.9 419.9 407.8 400.4 390.4 382 372.3 362.9 354.9 348.4 342.4 336.8 331.3 325.5 319.4 310.4 313.3 317.5 317.5 316.5 310.8 305.2
512.9 509.5 505.3 506.8 506.4 501.8 489.6 488.3 487.8 497 503.9 509.3 515.6 521.6 529.2 536.7 540.3 550.5 554.7 559.2 562.3 569.9 576.1 579.3 581.7 581.3 581.8 582.2 582.1 582.2 582.3 582 581.9 580.2 580.5 582.2 583.2 581.3 578 574.4 572.9 571.4 570.1 571.2 565.9 557.5 525.2 506.8 500.5 490.4 481.3 470.8 460.1 450.2 440.5 431.6 421.4 410.8 401.4 393.8 386.7 374.9 366 359.6 353.8 347 340 335.9 327.7 319.8 307.9 299.7 306.2 310.3 310.1 307.8 303.3 297.9
507.6 502.7 501 498.1 493.2 488.6 493.9 501.9 494.4 496.1 504.4 513.1 518.9 525.4 531.3 539.5 546.5 550.6 555 563.2 572.4 576.5 578 579.5 582.5 581.5 581.9 581.9 581.8 583 581.1 583.5 582.4 579.5 578.8 579.6 578.9 577.3 575 573.2 571.7 571.3 570.9 565.9 554.2 526.4 508.4 494.9 487.1 478.8 468.9 458.8 451.3 442 431.8 422.5 413.3 401.6 395.4 387.5 377.8 369.6 362.9 357.4 351.4 346.5 339.6 332.9 323.8 315.2 306.9 295.3 298 300.5 298.9 296.6 293 288.7
513.8 507.3 497.9 500.6 502.7 503.4 506.7 508.4 505.3 503.9 504.7 515.7 523.8 528.2 535.3 542.1 549.6 553 558.8 568.2 576.8 578.2 580.1 581.6 583.2 583.2 583.1 583.3 582 580.9 581 581.8 581.3 580 578.3 577.8 576.2 574.5 573.6 572.3 569.3 564.1 558.1 546.1 522.6 502.9 493.1 479.5 473.3 466.8 457.5 449.8 441.5 433.3 423.3 416 406 393.2 387.7 381.5 373.7 365.4 359.2 355.5 349.4 343.7 335.9 329.6 319.1 311.3 304.3 291.7 283.4 288.9 288.6 286 283.3 280.7
510.4 502 507.7 508.7 510.5 511.4 512 511.2 511.2 513.6 516.5 512 526.5 533.9 536.7 544.7 552.5 556.5 562.4 572.9 578.6 579.5 581.3 582.9 584.5 584.9 583.5 582.4 581.1 581.4 578.7 578.2 577.5 577.3 574.5 573.4 571.9 570.8 567.9 565.5 560.6 557.2 538.5 515.3 497.1 480.3 472.9 468.5 464.6 459.5 451.3 442.5 432.3 424.6 414.3 406.3 396.5 385.6 381.8 374.7 368 356.7 353 350.4 345 339 332.3 326 317.5 309.8 296.9 294.1 290.3 283.7 272.3 278.8 277.8 274.6
506.4 512.1 513.1 513.5 516.4 516.8 516.4 516.1 518.6 522.7 525.4 527.2 521.9 537.7 541.1 546.1 549.8 557.7 565 577.1 581.2 582.1 582.7 583.6 584.3 584.4 584.1 583.5 582 579.5 578.4 576 574.2 573.4 570.1 569.8 569 567.9 568.1 564.5 557 539.9 513.7 492.1 477.9 470.2 465.2 461.6 456.2 450.7 442.7 434 424.9 416.4 404.3 398.4 389.4 380.6 374.5 366.9 360.9 349.6 345.9 341.7 336.5 331.9 327.3 321.1 313.1 303.5 303.2 298.6 292.6 286.2 280 266.3 273.4 267.4
512.6 516.4 518.4 519.6 521.5 521.4 520 519.7 527 530.8 533.1 534.9 539.5 531.3 543.7 549.5 553.4 560 570.1 580 583.1 583.7 583.8 582.1 583.3 583.3 582.5 582 580.6 579 576.5 575.3 576.4 576.5 572.6 568.9 560.6 566.6 565.1 561.1 550.7 521.6 502.7 487.2 474.9 467.3 462.2 454.7 448.2 443.3 436 425 414.2 407.7 396.8 387.4 379.8 373.2 366.2 356.3 350.7 341.4 337.3 334 330.7 325.8 320.3 314.3 307 308.7 305.4 299.1 290.6 282.2 275.7 265.7 261.6 261.4
518.4 524.2 525.3 527.4 528.9 526.8 527.8 528.1 532.2 538.9 542.9 545.5 542.7 539.2 545.9 549.7 555.8 564.2 574.9 580.9 583.4 584.8 584.3 581.8 581.5 580.9 580.8 579.3 578.9 576.1 575.9 575 575.8 574.3 570.4 565.7 558.6 554.5 556.4 554 529.9 513.1 498.8 484.5 472 462.3 454 447.4 441.5 435.6 429.3 418.4 403.8 397.8 388.4 379.2 370.9 365.4 355.6 352.6 346.2 340.6 333.3 329.4 324.1 320.6 316.1 313.4 313.3 311 304.8 296.8 287.5 278.5 266.5 262.3 263.3 266
525.7 530.8 532.9 534.5 535.3 534.4 538 537.7 539 545.6 550.3 550.9 545.2 538.5 545.6 550.7 559.9 570 578.6 582 585 585.7 585 581.5 581.1 580.7 579.8 578.4 577.7 577 576.9 575.6 572.1 566.1 568 565.3 568.7 565 557.1 541.1 510.1 501.8 487.6 476.4 465.7 455.9 449.2 441.6 437 429.1 418.8 408 396.4 390.5 381.8 372.1 366.1 359.5 353.9 350.2 345.7 341.1 339 334.8 329.8 324 320.1 318.3 315.4 309.6 302 293.6 283 272.9 264.4 263.8 268.5 275.9
534 538 541.4 540.7 541.8 545 545.1 544.6 545.4 549.1 554 555 550.4 542.2 546.2 553.7 564.6 574.4 578.4 582.8 587.9 590.2 588.3 584.8 580.7 577.3 578.1 577 576.5 576.4 575.3 573.7 572.9 573.8 572.8 572.1 569.1 563 550.3 523.7 502.5 486.8 477.2 467.2 458.8 451.7 444.3 437.8 428.5 418.5 407 398.7 392.4 384.5 375.1 368.2 359.9 354.4 351 347.8 344.6 343.7 340.7 335.1 329.2 325.9 323.3 319.4 311.8 304.7 298.3 288.8 277 269.5 266 265 263.8 273.1
542.6 543.8 547.9 548.6 549.8 552.7 550.4 551.2 551.6 554.2 558.5 559.2 557.1 552.7 548.8 553.3 564.9 572.6 576.5 584 591.8 596.7 593.2 584.2 583 580.4 575.3 576.9 576.9 577.3 575.8 575.8 577 576.7 574.2 570.8 564.8 553 530.1 505.1 486.7 475 469.5 461.6 453.2 442.2 434.8 425.3 419 409.3 397 390.7 385.6 377.7 370.4 361.8 354.3 349 345.4 342 341.4 337.4 331.9 328 326.3 325.3 321.8 315 305.2 298.8 291 282.1 271.5 268 267.2 265.7 264.4 269.3
550.2 553.4 554.9 554.9 559.4 560.3 558.9 559.2 558.8 560.3 560.9 562 560.4 557.8 558.4 558.1 561.7 570.1 576.1 585.2 591.6 596.6 596.7 593.7 584.8 581.1 578.2 575.9 573.8 573.7 575.3 577.6 576.9 574.8 571.2 566.1 554.9 536.5 510.2 493 481.8 471.8 462.7 454.7 443.7 432.2 424.2 418 409.1 396.6 389.4 381.5 377.1 370.5 361.6 352.3 345.5 340 336.7 334.1 330.4 326 320.2 317.3 319.6 317 312.7 307.5 298.4 291.2 283.2 275.1 269.5 267.8 267.4 264.2 266.3 275.1
558.1 560.3 560.9 562.9 564.7 565.1 566.1 565.5 564.8 564 562.9 561.7 560.7 558.6 560.9 565.3 568.9 571 575.9 585.2 592.2 595.6 598 597.1 593.5 583.3 580 577.4 575.1 572.2 575.7 576.2 574.7 571.6 563.4 555.3 543.3 518.7 497 484.3 474 464.4 456.8 446.1 432.8 421.5 416.7 408.9 399.5 387.3 381.3 374.7 370.5 360.7 351.9 342.7 335.6 332.2 329.8 325.8 321.8 312.2 306.3 308 307.8 305.3 302.5 296.8 288.8 282.6 276.6 271.3 269.5 267.8 265.7 268.3 275.6 280.1
562.7 565.6 567.8 569.2 570.1 573 572.2 571 569 566.1 564.5 563.2 560.5 562 566.1 569.5 572.8 577 583.3 587.5 592.7 595.9 596.6 595.9 590.6 581.8 579.2 576.6 571.3 573.1 575.3 573.7 570.3 564 555.9 542.4 521.9 502.5 486.3 476 466.4 457.3 447.5 434 422.6 415.4 405 398.7 386.2 375 372 366.4 362.3 351.1 344.5 336.3 330 321 315.7 311.1 304.2 302.6 300.5 293.6 294.3 289.2 294.8 290.1 284.8 278.2 274.2 271.9 269.4 267.4 265.7 279 280.7 283.3
570.5 573.5 575.9 576.9 577.8 580 581.2 581 578 573.4 570.3 566.1 565.1 567.1 571.9 574.7 576.1 581.9 586.7 590.8 593.3 594.4 593.9 591.6 585.9 580.8 577.4 572.9 571.5 560.3 571.4 568.4 561.5 555 543.1 521.6 505.3 490.2 477.4 466 457.6 447.1 436.7 424.7 414.1 407.1 393.6 386.9 376.7 370.7 360.3 357.4 349.8 345.1 341.6 330.4 331.3 332.6 329.4 325.1 317.4 309.8 306.6 302.3 296.1 284.9 287.3 284.7 281 279 277.9 275.1 269.1 264.7 278.2 285.1 280.1 285.5
574.2 579.6 579.3 586.8 588.5 590.1 590.7 589.9 589.5 584.6 581.5 578.1 576.9 576.9 579.1 580.7 581.4 585.1 587.3 588.8 589.4 589.6 588.9 585.8 583.5 580.8 577.8 574.5 571.2 568.5 560.1 557 552 536.9 519.1 504.1 490.6 478 465.5 454.5 444.9 437 425.7 416.5 405.9 395.2 387.5 378.4 366.4 361 354.9 348.9 343.7 339 335 337.5 340.5 338.6 332.6 324.1 308.2 301.8 297.5 292.7 290.9 286.2 279.6 280.2 281.6 283 282.7 278.5 265.6 270.7 280.7 282 280.5 289.5
580.3 586.5 586.5 592 596.9 598.6 598.1 597.8 594.2 591.8 589.2 586 584.3 583.2 583.6 581.9 581.5 581.1 582.3 583.9 584.1 584.4 585 583.5 581.4 577.9 572.5 568.1 562.2 561 556.7 538.3 525.1 509.9 495.9 485.7 472.7 461.1 449.2 442.2 435.6 426 416.9 406.4 394.7 388.5 381.9 370.2 363.2 357.5 349.6 350.9 342.3 340 342.6 343.6 338.7 331.1 324.5 315.4 301.5 294.4 287.4 281.4 277.7 277 276.6 278.2 283.2 285.6 282.5 269.8 269.2 275.5 277.4 278.9 282.6 299.4
592 595.7 596.6 596.7 598.6 601.3 602.5 600.2 597.6 596.2 592.9 589.8 587.4 585 583.9 581.8 581.1 580.9 579.4 580.1 579.2 580.1 580.1 577.7 573.7 569.4 566.2 556 556.5 548.1 526.4 516.4 507.8 494.9 480.4 465.9 451.4 445.9 439.9 434.4 426.7 417.1 406.5 395.3 389.1 381.5 374.2 367.3 363.6 361.2 356.1 349.1 341.1 342.6 341.2 334.8 329.8 321.9 315.1 305.4 296.1 293.4 288.7 281.8 276.4 275 275.2 274.6 283.2 283.5 277.3 268.4 272.7 274.9 276.9 281.5 288.5 305.5
598.5 599.7 598 599.4 602.4 604.1 603.8 601 599.5 595.1 592.1 588.3 585.5 582.7 581.8 580.6 579 578.9 579.3 576.8 576.5 573.6 570.6 569.4 565.5 557.5 555.8 548.3 540.4 524.9 515.2 505.6 480.2 476.9 460.8 448.7 440.6 435.1 432.6 425.6 417.1 405.3 395.6 388 382.2 376.3 372.4 368.2 362.9 357.4 350.3 343.2 339.8 340.2 333.5 326.5 321.4 313 307.8 301.7 298.4 294.1 288.1 280.3 275.2 273.9 272.7 273.2 279.2 276.6 268.3 271.3 277.3 276.8 280.2 285.3 297.8 308.1
602.3 602.5 603.7 604.9 607.9 606.6 604.9 602.5 600.6 597.9 595.2 591.7 587.1 583.4 581.7 580.9 577.7 572.7 570.8 565.2 563.4 564.1 561.6 558.4 550.5 538 531.3 526.7 519.7 509.8 499.5 484.5 473.9 458.9 449.3 439.6 434 428.9 423.6 416.2 405.4 396.1 388.7 386.9 384.5 379 371.7 363.6 356.5 349.6 338.1 337.5 335 331.2 323.7 319.2 313.9 305.9 303.3 299.7 295.1 288.7 283.7 279 277.7 274.1 270.9 268.4 267.4 266.9 269.4 276.1 282.9 288.8 293.6 300.7 312 315
605.8 605.8 607.4 609.6 608.8 609.5 606.4 606.4 605.2 600.5 597 590.9 586.9 582.5 580 575.9 570.1 565.9 561.5 553.2 554.1 551.4 540.8 528.3 522.4 519.6 513.6 507.3 501.9 489.4 479.2 472 462.1 452.9 443.3 432.1 429 423.5 415.2 405.7 395.8 393.8 392.2 388.4 382.4 375.3 365 356.5 349.9 342 334.2 329.7 325.3 318.4 310.2 307.5 305.1 301.7 296.2 291.5 284.7 280.1 281.6 284.5 279.7 274.2 269.7 269 266.7 268.6 275.7 281.8 289.4 295.6 300.2 309.8 319.4 320.9
608.2 610.8 611.7 610.1 608.7 607.7 606.9 605 603.6 601.1 596.6 590.2 585.5 576.1 570.8 569.9 565.2 558.3 551.1 547.1 540.5 533.5 523.3 512 504 501 497.8 489.7 480.3 474 468.2 462.7 450.9 442 436.9 427.8 414.1 415.2 405.8 397.1 394 392.6 389.2 384.4 377 366.4 356.7 350.7 346.1 340.6 330.2 319.7 311.2 304.8 300.7 296.2 300.6 294.8 289 282.6 274.1 276.3 286 288.7 278.3 270.5 269.3 267.7 269.1 270.7 277.9 287.4 293.7 299.7 308.1 316.5 324.3 329
612.4 613.8 612.9 611.4 611 610.2 608.8 607.4 606.7 603.5 595.8 590.7 585.5 579.2 572.5 564.2 551.1 551.6 545.3 536 529.1 519.7 510.1 499.2 490.6 487.4 482.3 475.6 470.5 465.4 460.3 452.7 443.1 433.7 426.2 420.6 412.8 400 393.4 391.1 389.9 386.9 382.3 377.1 367.6 357.7 353.1 351.7 347 342 338.5 329.9 320.1 316.2 307.3 296.1 296.3 289.9 279.7 274.7 273.8 281.1 286 277.2 270.5 272.1 272.5 269 270.3 276.8 284.1 290.2 296.8 303.8 313.7 322.9 328.3 335.9
614.8 617.3 618.4 617.5 616.8 615.4 613.2 611.7 608.9 605 597.3 589.2 581.5 576.8 567.6 558.4 546.7 538 534.6 527 515.4 506.2 496.8 487.6 479.2 474.2 471.1 467.3 461.3 454.3 445.8 436.6 428.3 423.2 413.7 409.3 400.4 391.6 389.6 384.3 383 379.3 373.7 367 357.6 355.1 352.8 350.8 350.5 348.9 344.9 337.6 328.4 317.5 307.9 296.6 286.1 283.4 278.8 274 273.1 272 271.9 273.1 276.8 274.4 272.7 269.3 273.2 282.7 287.1 292.2 298.9 309.6 319.5 326.2 332.5 341.6
619.4 622.6 623.8 622.9 619.1 616.2 615.3 614.7 612 608.4 601.8 591.5 580.9 571.2 559.3 548 539.4 527.6 518.3 511.3 502.8 496.2 486.9 480.1 469.9 464.1 459.4 452.8 444.6 436.6 428.9 421.2 418.6 412 404 398.5 392.9 389 385.2 382.4 376.7 371.2 364.8 356.8 354.3 348.9 349.1 351.9 350.9 346.7 340.4 332.6 321.3 310.6 302.3 293.9 287.9 279.2 274.7 273.7 273.3 272.7 275 283.3 281.3 276.8 270.6 269.5 273.3 281.5 285.3 292.1 299.6 314.2 323.9 330.1 340.1 339.2
626 626.3 626.1 624.8 624.1 623.1 622.2 621.2 616.7 611.1 604.5 593.5 578.3 562.4 546.7 534 521.9 511.6 505.6 497.3 490.7 482.6 478.4 466.4 458.7 451 445.8 438.9 433 426.7 420.2 413.6 408.5 402.2 397.4 391.7 387.8 385.8 382.7 375.1 369.5 361.8 356.3 350.1 348.5 347.1 347.6 348.5 343.7 337.9 331 323.5 311 302.3 295.6 289.9 284.7 277.2 275 274 273.6 275.5 283.6 284.8 282.1 275 270.1 273 273.4 278 282.7 291.2 301.7 316.8 327 334.2 335.3 336.9
