WholeMapElevations/data/nm/nm45_OST50GRID_20230518/NM45.asc
ncols 200
nrows 200
xllcorner 140000
yllcorner 750000
cellsize 50
[rows 74 to 110 of 200, columns 0 to 81 of 200]
-1.5 -1.5 -1.5 -1.5 -1.5 -1.5 -1.5 -1.5 -1.5 -1.5 -1.5 -1.5 -1.5 -1.5 -1.5 -1.5 -1.5 1.9 8.9 33.3 42.3 45 41 35.4 45 65.4 65.8 65.1 60.4 54.3 50.2 45.8 43.7 45.1 45.6 51.5 49 44.4 44.6 47.5 41.9 35 31 28.8 18.9 11.6 5.2 3.2 -1.5 -1.5 -1.5 -1.5 5.9 9.6 22.6 37.8 44.3 43.5 46.2 45.9 49.9 55.9 47.3 48.9 47.5 52.4 55.6 50.4 37.7 36.6 43.7 47.3 48.6 45.6 49.3 56.1 70.7 82.3 85.4 84 83.8 101.2
-1.5 -1.5 -1.5 -1.5 -1.5 -1.5 -1.5 -1.5 -1.5 -1.5 -1.5 -1.5 -1.5 -1.5 -1.5 -1.5 -1.5 2 20 31.2 39.2 47.9 46.7 42.8 35.1 43.6 58.3 65.1 61.7 58.7 51.7 46.3 44.2 46.7 45.8 54.7 52.3 45.3 44 46.3 43.9 37.4 32.9 32.3 25.7 16.1 10.4 7 1.9 -1.5 -1.5 -1.5 1.5 5 18.2 38 45.9 46.8 49.7 48.2 52.3 55.7 60 51.2 56.2 49.8 49.5 52.6 42.4 43.4 42.6 44.8 46.4 49.5 46.5 53.4 68.4 78.2 90 99.7 95.4 94.5
-1.5 -1.5 -1.5 -1.5 -1.5 -1.5 -1.5 -1.5 -1.5 -1.5 -1.5 -1.5 -1.5 -1.5 -1.5 -1.5 -1.5 1.2 8 34.3 39.6 47.2 51 55.7 45.7 39 43.6 57 61.7 61.3 54.7 49.6 45.4 44.7 45.2 54.8 52.2 46.2 43.8 44.3 44.5 45.3 36.8 32.8 30.6 19.8 16 14.8 8.1 -1.5 -1.5 -1.5 -1.5 1.4 14.8 32.4 43.8 48.3 47.8 51.8 50.9 59.6 58.2 64.1 55.9 54.9 49.8 52 42.2 41.1 45.6 44.7 46.8 50.1 49.1 53 63.2 74.9 85.5 98.9 110.5 101.4
-1.5 -1.5 -1.5 -1.5 -1.5 -1.5 -1.5 -1.5 -1.5 -1.5 -1.5 -1.5 -1.5 -1.5 -1.5 -1.5 -1.5 1.2 5.4 34.9 43.1 47.3 51.2 58.7 56.5 47.6 40.4 46.9 55.7 60.7 57.8 52.8 49.9 46.1 45.8 51.4 52 47.4 44.8 44.6 46.3 52.5 49 33.8 32.7 27.1 19.9 21.6 15.3 3.4 -1.5 -1.5 -1.5 -1.5 2.4 24.5 41.2 45.2 47.5 51.9 49.9 52.4 59.9 65.9 60.6 56.6 50.2 48.4 43 41.2 48.7 48.3 50.3 49.8 56.7 46.5 52.8 61.9 73.3 86.7 103.2 114
-1.5 -1.5 -1.5 -1.5 -1.5 -1.5 -1.5 -1.5 -1.5 -1.5 -1.5 -1.5 -1.5 -1.5 -1.5 -1.5 -1.5 1.4 8.3 30.1 45.9 47.1 50.4 56.2 56.7 50.5 39.6 39.8 45.9 55.8 56.4 53.2 53.8 46.2 46.4 52.6 55.8 53.6 46.3 45.1 45 53.3 54.6 40.5 36 38.9 32.6 26.6 23.2 13.9 4.1 -1.5 -1.5 -1.5 4 12.4 36 44 43.8 51.2 50.1 50.5 65 65.8 60.7 59.9 52.8 46.8 45.8 48.2 50.5 49 51.2 51.6 52.9 48.5 53.7 58 65.4 77.4 92.3 112.7
-1.5 -1.5 -1.5 -1.5 -1.5 -1.5 -1.5 -1.5 -1.5 -1.5 -1.5 -1.5 -1.5 -1.5 -1.5 -1.5 0.6 2.1 9.4 25.5 34.8 47.3 50.1 52.6 51.8 50.6 49.1 39.5 39.7 42.9 47.2 51.2 54.3 47.8 46.1 57.9 61.5 56.4 51 47 49.1 50.9 57 47.8 35.5 39.3 37.4 31.9 26 23.2 9.4 -1.5 -1.5 -1.5 -1.5 11.3 23.4 39.4 39.8 43.9 49.5 44.8 60.4 67.6 61 60.3 54.5 46.3 51.8 67.9 49 54.2 50.4 58.7 55.6 55.3 49.3 57.1 60.7 70.6 84 101.9
-1.5 -1.5 -1.5 -1.5 -1.5 -1.5 -1.5 -1.5 -1.5 -1.5 -1.5 -1.5 -1.5 -1.5 -1.5 -1.5 0.9 2.7 3.5 13.4 30.6 44.4 55 52 50 48.8 48.1 45.8 40.7 41.4 44.4 48 51 48 47.3 57.4 64 61.3 54.1 48.9 57.6 49 57.4 46.4 38.1 37 34.5 32.1 23.8 23.2 17.1 -1.5 -1.5 -1.5 -1.5 9.9 12.4 30.9 34.5 41.3 40.2 43.7 51.5 69.1 67.6 58.3 55.9 47.1 51.2 73.9 58.3 53.2 53 62.3 61.6 60.3 52 57.5 59.4 65 77.6 90.2
-1.5 -1.5 -1.5 -1.5 -1.5 -1.5 -1.5 -1.5 -1.5 -1.5 -1.5 -1.5 -1.5 -1.5 -1.5 -1.5 1.6 5.8 6.4 9.5 26.2 42.2 46.4 53.9 50.8 49.2 49.4 54.2 45.3 41.4 43.6 45.7 46.8 45.2 48 62.8 64 65.9 64.8 51.6 55.8 52.5 47.9 48.1 41.7 36 37.2 33 24 24.1 22.1 4.7 -1.5 0.5 -1.5 -1.5 9 16.6 24.1 31.6 41.4 43.1 46.9 69.6 71.7 63.4 55.5 50.6 52 69.5 73.8 60.4 56.3 59.4 67.7 62.6 57.1 50.1 58.5 61.4 70.8 81.3
-1.5 -1.5 -1.5 -1.5 -1.5 -1.5 -1.5 -1.5 -1.5 -1.5 -1.5 -1.5 -1.5 -1.5 -1.5 1.5 2.2 4.7 9.2 12.5 18.7 31.2 41.7 46 48.9 50.9 51.6 53.5 50.7 43.6 42.7 51 43.1 43.2 44.7 52.7 60.2 64.5 65.3 58.6 51.3 51.5 48.1 46.6 45.6 40.1 33.8 33 26.7 22.3 24.7 16.3 5.4 7.8 2.2 -1.5 5 15.2 17.3 19.8 32.9 41.6 42.5 56.2 75 71.1 55.9 60.5 58.3 64.4 76.9 67.4 58.1 55.5 68.2 67.4 63.4 52.6 55.5 59.4 70.3 81.9
-1.5 -1.5 -1.5 -1.5 -1.5 -1.5 -1.5 -1.5 -1.5 -1.5 -1.5 -1.5 -1.5 -1.5 -1.5 3.2 3.7 5.1 6.5 10.9 19 26.8 34.1 39.1 47.2 53.6 58.7 60.1 58.9 47.1 42.6 42.3 43.1 44.6 44 50.7 56.3 60.4 67.5 64.5 53.3 53.3 55.3 46.5 44.6 42.6 37.3 31.9 27.5 21.8 26.4 22.1 7.2 11.8 10.8 7.4 2.5 9.8 16 18.2 28.6 41.8 41.4 43.3 61.6 66.8 55.4 63.3 65.6 68.3 74.4 71.5 66.3 59.4 63.1 70.3 69.5 61.8 57.2 58.3 62.9 72.5
-1.5 -1.5 -1.5 -1.5 -1.5 -1.5 -1.5 -1.5 -1.5 -1.5 -1.5 -1.5 -1.5 -1.5 -1.5 3.4 5.3 4.4 7.2 8.4 17.7 26.5 31.2 37.4 45.5 53.6 63 66.6 70.2 58.7 43.7 43.8 42.6 47.3 44.9 48.4 56.4 57 64.2 64.7 54.4 57.7 54.8 50.7 45.3 45.1 40 30.6 24.3 20 17.9 20.5 9 9.2 14.5 8.3 6.7 2.4 13.2 17.6 22.5 33.3 39.6 41.6 45.9 47.3 51.5 60.1 67.3 79.4 85.6 79.5 74.2 62.5 60.3 73.3 71.7 67.9 60.6 67.4 60 67.6
-1.5 -1.5 -1.5 -1.5 -1.5 -1.5 -1.5 -1.5 -1.5 -1.5 -1.5 -1.5 -1.5 -1.5 8.5 8.4 5.6 5 7 10.1 15.1 30.2 34.6 36.8 41.9 51.1 69.1 71.4 74.3 73.2 56.2 50.2 49.8 45 48.5 45.4 55 56.4 57.6 64 54.4 59.2 62.7 54.1 47.2 44 39.5 30.9 24.1 20.2 17.4 15.2 11.7 8.8 13.4 10.4 9.1 3.6 4.2 16.9 22 23.5 38.5 37.9 36.1 39.6 42.2 55.2 65.1 81.5 88.4 88.8 84.2 77.2 65.3 71.5 73.8 71.8 69.2 62.4 64.5 64.2
-1.5 -1.5 -1.5 -1.5 -1.5 -1.5 -1.5 -1.5 -1.5 -1.5 -1.5 -1.5 -1.5 -1.5 4.4 13.4 6.4 8.2 6.6 9.7 11.2 25.9 34.3 39.8 41.9 54 74.7 77.3 76.3 70.4 61.7 60.7 62.5 54.4 52 59.7 54.5 52.7 56.6 59.3 63.2 60.4 66 63.5 51.5 46.8 44.4 38.6 29.7 25.4 19.8 19.3 18.1 9.6 8.9 11 8 4 5.8 9.7 19.9 22.3 34.6 36.3 27.2 30.7 45.3 55.7 64.3 75.6 90.5 91.6 93.3 83 74.2 70.8 74.3 79.5 75.9 67.2 62.8 60.4
-1.5 -1.5 -1.5 -1.5 -1.5 -1.5 -1.5 -1.5 -1.5 -1.5 -1.5 -1.5 -1.5 -1.5 2 6.1 10.8 8.3 7.4 8.8 10.5 17.6 29.3 40.5 47.4 52.4 74.9 77.6 75.9 73.7 64.1 66.1 70.3 64.6 52.8 58.2 59.9 49.8 52.3 61.5 63.5 67 65.5 65.7 61.2 50.9 47.8 41.1 35.1 27.9 20.3 21.8 21.7 12.9 12.3 15.8 19.8 7.8 3.5 6.2 12.6 20.6 20 20.9 20.4 22.5 39.7 54.2 60.5 75.8 79.7 92.7 95.1 88.7 85.1 84.1 74.6 75.4 78.5 73.5 63.2 61.8
-1.5 -1.5 -1.5 -1.5 -1.5 -1.5 -1.5 -1.5 -1.5 -1.5 -1.5 -1.5 -1.5 -1.5 0.8 2.5 5.6 6.4 8.9 8.6 10.1 12.7 25.8 38.9 44.1 57.9 59.9 75.4 75.3 72.7 65.4 67.4 73.6 71.6 66.8 54.8 59.5 57.8 52.6 59.6 71.8 71.7 68.7 67.5 66.2 60.3 55.9 45.8 48.2 33.8 23.4 19.9 21.9 15.9 12.8 19.3 25 20.7 8.5 4.3 5.8 13.1 15.3 16 14.9 20.5 34.2 42.1 52.7 70.9 84.2 91.9 96.6 93.9 87.4 82.7 83.3 80.3 77.8 73.7 63.9 63
-1.5 -1.5 -1.5 -1.5 -1.5 -1.5 -1.5 -1.5 -1.5 -1.5 -1.5 -1.5 -1.5 -1.5 -1.5 1.1 3.5 6.2 6.2 8.1 9.2 10.5 15.5 30.8 41.5 54.3 61.9 64.1 70.7 70 60.9 69 74.9 77.2 73.6 65.9 56.7 62.4 58.7 58.1 67.5 72.4 70.9 71.4 66.6 63.1 64.1 49.8 54.9 48 32.4 20.7 21.1 18.7 18.5 17.3 23.5 23.4 20.8 4.5 4.8 5 12.4 17.1 17.6 18.9 26.7 34.6 43.1 58.6 79.4 86.5 88.8 86.4 89.9 84.9 87.4 78.3 76.1 75 73.8 64.4
-1.5 -1.5 -1.5 -1.5 -1.5 -1.5 -1.5 -1.5 -1.5 -1.5 -1.5 -1.5 -1.5 -1.5 -0.7 1.2 2.1 10.3 10.3 6.7 7.9 10.3 14.3 24.7 35.8 45.9 56.2 65.7 63.4 65.4 60.6 72.5 76.4 78.7 80.2 74.2 63.6 60.2 66.4 61 61.7 73.7 73 73.3 69.3 62.9 60.2 53.8 57.8 58.8 42.7 22.7 20.6 23.3 21.3 17.8 20.2 21.1 21.4 12 5.7 5.1 14.8 12.7 12.1 16.6 21.9 28.2 41.4 53.4 65.9 88.9 84.9 83.7 88.6 87.1 82.4 82 77.6 79.7 77 67.1
-1.5 -1.5 -1.5 -1.5 -1.5 -1.5 -1.5 -1.5 -1.5 -1.5 -1.5 -1.5 -1.5 -1.5 -0.7 0.7 2 7.7 13 7.4 8.3 9.4 16.4 20.4 30.5 44.1 50.4 59.5 69.4 59 60.4 66.6 73.8 82 84.7 83.9 72.6 62.6 62.5 64.3 62.3 72.3 73.9 73.4 68 69 61.8 59.1 58.2 59.6 47 31.4 25.4 23.4 30.9 21.3 17.8 21.9 23.7 14.4 9.7 11.3 7.4 11.5 12.1 15.4 20.4 28.4 38.2 50.7 59.2 77.4 78.2 79.8 83.7 84.9 81.3 79.8 74.5 79.2 79.7 74.2
-1.5 -1.5 -1.5 -1.5 -1.5 -1.5 -1.5 -1.5 -1.5 -1.5 -1.5 -1.5 -1.5 -1.5 -1.5 0.3 1.7 5.3 13.7 8.2 7.9 9.3 15 19.1 30.3 38.3 44.2 49.9 53.1 56.1 63.7 64.1 69.2 80.2 84.9 89.7 79.9 73.7 69.3 66.9 69.1 70.3 75.5 74.2 75.9 66 63.7 67.2 57.5 55.8 53.3 41.3 31 26.6 31.1 29.5 18.4 19.4 23.8 15.3 15.9 10.2 6.6 7.5 16.7 15.1 20.4 24.4 33.4 46.5 52.6 60.5 71.5 69.5 83 82.3 79.4 76.2 71.8 67.8 73.5 74.3
-1.5 -1.5 -1.5 -1.5 -1.5 -1.5 -1.5 -1.5 -1.5 -1.5 -1.5 -1.5 -1.5 -1.5 -1.5 -1.5 1.7 5.5 11.4 9.4 9.4 9 14.5 17.8 29.1 35.4 38 42.2 46.7 56.2 71.6 69.1 69 69 78.8 88.9 88.4 85.3 74.5 72.8 69.6 64.6 74.2 75.7 76.4 71.1 71.4 70.6 67.9 59.5 52.4 44.3 38.1 33.8 29.2 30.7 23.4 16.7 22.7 17 16.8 9.1 12 8.1 11.1 13.9 19.6 20.3 29 37.8 48.2 51.8 50.8 58.9 69.8 81.1 81.8 74.3 70.1 64.5 72.2 67.7
-1.5 -1.5 -1.5 -1.5 -1.5 -1.5 -1.5 -1.5 -1.5 -1.5 -1.5 -1.5 -1.5 -1.5 -1.5 -1.5 1.8 6.4 11.6 9.7 14.5 11.3 9.8 16.8 22.9 38.8 38.5 38.6 37.9 56.9 75.3 73.7 71.1 80 70 76.2 81.2 86.2 84.9 73.2 69.8 68.8 71.8 75.7 76.2 76.5 75.3 75.2 72 65.8 60.1 49.6 47.3 44.7 38.1 35.9 33.1 21.1 21.1 16.6 13.4 8.4 13.1 12.2 8.3 12.1 15.8 14.7 20 31.7 45.5 48.8 43.9 44.7 59.6 73.2 79.5 78.2 65.1 67.4 60.9 67.4
-1.5 -1.5 -1.5 -1.5 -1.5 -1.5 -1.5 -1.5 -1.5 -1.5 -1.5 -1.5 -1.5 -1.5 -1.5 -1.5 1 2.5 9.4 10.1 11 14.5 12.8 10.1 21.4 28.2 38.6 37.9 39.3 55.7 80.1 83.4 83.3 77.9 79.2 72.2 78.4 83.1 86.7 82.5 70.5 70.2 65.5 70.5 75.2 76.7 80.4 78.9 75.6 71.6 65.8 54.1 57.2 56.7 47.9 42.1 34.2 28.5 18.7 16.4 10.4 15.3 19.4 16.7 13.3 11.1 11.1 12.3 17.4 31.8 44.6 46 32.5 36 51.9 62.5 68 69.7 63.7 64.9 61.7 56.3
-1.5 -1.5 -1.5 -1.5 -1.5 -1.5 -1.5 -1.5 -1.5 -1.5 -1.5 -1.5 -1.5 -1.5 -1.5 -1.5 0.3 2.3 7.7 9.2 8.2 9.2 9.3 11.9 13.1 17.8 32.8 37.1 38.9 52.2 80.3 90.5 88.1 80.4 81 82.4 73.3 78.4 84.6 84.3 80.2 69.4 67.8 65.2 67.3 79.7 91.9 91.1 80.4 75.8 72 67.8 62.4 64.4 60.2 52.3 43 37.4 27.4 15.7 13.4 21.3 23.9 19.3 13.4 12.2 12.9 12.4 13.9 24.9 30.8 29.7 28 28.4 38.4 50.2 64.6 64.3 61.2 57.3 54.6 50.3
-1.5 -1.5 -1.5 -1.5 -1.5 -1.5 -1.5 -1.5 -1.5 -1.5 -1.5 -1.5 -1.5 -1.5 -1.5 -0.1 1.3 2.3 7.5 9 7.6 7.6 8 11.1 11.4 16.5 23.3 22.8 35.9 49.5 78.5 93.9 98.1 95 82.8 91.7 84.1 73.4 75.6 81.3 82.5 75.3 67 65.8 65.6 74.1 93.4 96.4 86.5 81.5 77.1 80.1 74.5 63.4 64 55.5 53.8 43.1 38 20.6 13.7 21.7 30.9 28.7 18.1 13.9 12.3 11.9 13.5 15.6 28.5 29.3 27.1 35.2 33.7 41.2 54.1 56.4 58.6 56.4 50.2 45.4
-1.5 -1.5 -1.5 -1.5 -1.5 -1.5 -1.5 -1.5 -1.5 -1.5 -1.5 -1.5 -1.5 -1.5 -0.1 1.5 3.3 2.2 4.7 5.5 8.7 9.5 8.2 8.2 10.1 11.5 13.1 16.1 28.1 45.6 67 90.2 96.3 103.3 95.2 91.3 92.5 81.9 74.7 75.7 82.7 83.1 74.7 65.9 65.8 75.7 86.5 97.2 90.1 87.5 86.8 88.3 77.6 76.1 63.9 59.5 56.3 46.3 38.2 22.4 16 19.9 24.7 35.1 26.6 16.5 11.8 13.6 14.2 17.8 26.2 32.6 31.2 48.9 45.6 34.7 41.2 43.9 55.3 55.1 45.6 44.2
-1.5 -1.5 -1.5 -1.5 -1.5 -1.5 -1.5 -1.5 -1.5 -1.5 -1.5 -1.5 -1.5 -1.5 -1.5 1.8 4.3 2.5 2.2 3.6 6 8.4 8.9 8.3 8.4 10.2 10.2 13.8 20.9 37.7 56.8 81.5 96.4 98 102.2 96.1 93.9 90.6 81.1 79.3 78.9 84.7 80.5 70.1 71.9 82 84.8 93.1 93.5 89.3 98.7 93.3 78.6 73.1 68.3 65.6 58.7 50.1 40.8 26.3 16.5 17.2 17.4 29.5 34.4 22.1 13.4 13.2 15 17.6 24.6 31.5 31.7 45.8 50.8 49.5 37.1 38.6 52.8 53.8 41.5 43.5
-1.5 -1.5 -1.5 -1.5 -1.5 -1.5 -1.5 -1.5 -1.5 -1.5 -1.5 -1.5 -1.5 -1.5 -1.5 2.2 6 6.1 3.5 3.8 7.9 8.8 9.4 9.2 8.2 8.5 9 11.6 16.8 30.9 45.8 80.3 93.8 98.3 98.2 100.3 100.8 99.1 89.5 82.9 80.9 79.8 83.2 77.1 79.2 89.1 89.9 91.2 99.7 98.3 102.7 99.4 82.7 75.6 70.2 65.4 62 57 41.8 24.7 24 17.1 14.3 16.3 27.7 27.4 17.2 12.9 15 18.4 24.7 35.5 33.1 43.6 52.7 51.4 37.9 35.6 44.8 56.2 40.8 41.8
-1.5 -1.5 -1.5 -1.5 -1.5 -1.5 -1.5 -1.5 -1.5 -1.5 -1.5 -1.5 -1.5 -1.5 -1.5 2.4 6.8 7.6 6.5 5.9 6.4 8.7 9.1 8.8 8.7 8.8 8.6 13.8 15 26.1 38.4 68.8 94.5 101 100 100 100.4 98.6 93 91.8 88.9 85.2 77.1 84 88.8 89.1 94.5 93.3 98.5 106 107.8 98.9 93 79 77.2 68.8 61.7 55.7 39.9 32.4 38.5 27.5 24.8 17.3 15.2 22.1 18 15.2 16 19.3 30.3 44.2 42.4 43.1 53.4 56.8 55.7 36.3 37.9 53 40.4 43.1
-1.5 -1.5 -1.5 -1.5 -1.5 -1.5 -1.5 -1.5 -1.5 -1.5 -1.5 -1.5 -1.5 -1.5 -1.5 2.3 5.2 7.9 8.4 6.3 8.4 10.6 9.9 9.3 9.8 9.7 8.9 11.7 16.1 23.5 35.5 53.8 83.9 95.4 100.8 100.1 100.2 102.6 110.2 101.3 96.5 95 85.6 90.1 97.6 87.1 97.1 98.1 101.4 110.6 111.6 104.4 93.6 86.9 84.3 78.9 57.9 50.5 36.3 38.2 42.4 37.5 34.1 29.4 23.6 20 17.1 12.9 25 27.7 37.1 39 41.7 45.2 51 58.2 58.9 42.5 35.9 49.4 40.1 41.7
-1.5 -1.5 -1.5 -1.5 -1.5 -1.5 -1.5 -1.5 -1.5 -1.5 -1.5 -1.5 -1.5 -1.5 -1.5 -1.5 1.7 6 9.2 8.5 10.1 11.4 11.6 10.5 10 9.4 8.8 11.2 15.5 21.7 30.7 44.7 74.1 93.1 100 100.3 103.6 102.6 113.8 121.8 104.4 98.8 103.4 97.3 97.5 95.7 93.5 97.7 105.1 112.6 116.2 114.9 99.7 93.8 92.1 82.1 67.5 51.2 35.2 34.7 44.3 57.6 43.7 41.5 30.2 24.8 20.2 13.8 24.2 33.4 36.5 44.3 43.7 50.3 54.1 62 59.4 54.8 43.6 40 40.6 43
-1.5 -1.5 -1.5 -1.5 -1.5 -1.5 -1.5 -1.5 -1.5 -1.5 -1.5 -1.5 -1.5 -1.5 -1.5 -1.5 0 2.2 8.1 10.5 10.8 11.3 12.5 12 11.5 10.7 10.1 11.3 16 21.1 26.5 41.4 64 91.7 98 100.2 99.7 99.1 111.7 124.2 118.3 107 108.4 110.7 102 104.7 94.2 98.1 113.8 118 113 108.7 106 97.7 90.4 81.1 72.3 52.9 34.8 35.4 46.3 57.2 53.1 48.6 40.7 33.4 26.4 16.2 18.4 30.7 43.3 41.9 47.8 48.1 52.5 60.2 61.1 58.9 56.3 46.7 40.7 44.2
-1.5 -1.5 -1.5 -1.5 -1.5 -1.5 -1.5 -1.5 -1.5 -1.5 -1.5 -1.5 -1.5 -1.5 -1.5 -1.5 0.3 2.3 7 9.4 11.2 12.2 12 15.3 13.9 11.2 11.2 14.2 17.5 23.1 27.5 37.1 53.9 81.1 95 99.5 98 98.1 105.3 112.2 120.2 112.7 115.2 114.8 114.3 106.1 99.3 97.7 111.7 121.4 119.7 107.6 107.9 98.9 91.2 83 74.1 59.7 43.5 37 47.2 56.2 63.4 59.1 50.5 42.5 34.3 21.9 14.3 23.8 33.9 42.1 48.2 54.7 48.7 57.1 60.2 60.7 58.1 53.8 46.5 49.4
-1.5 -1.5 -1.5 -1.5 -1.5 -1.5 -1.5 -1.5 -1.5 -1.5 -1.5 -1.5 -1.5 -1.5 -1.5 -1.5 1.7 2.2 3.4 8.5 11.1 11.1 12.6 15.2 19.3 12.7 11.9 18.5 20.9 24.3 34.3 36.7 43.5 68.5 90 94 91.7 95.4 98 98.4 101.8 103.2 115.9 122.1 119.7 118.6 106.1 97.9 107 114.9 116.7 110.2 102.2 100.8 97 87.5 77.2 55.9 51 42.8 45.3 59.2 66.2 65.4 55 51.8 39 27.5 14.5 16.1 42.2 43 48.7 52.1 51.7 49.4 58.6 60.6 55.4 60.4 51.6 53.2
-1.5 -1.5 -1.5 -1.5 -1.5 -1.5 -1.5 -1.5 -1.5 -1.5 -1.5 -1.5 -1.5 -1.5 -1.5 -1.5 1.7 2.2 3.1 5.1 10 11.5 11.6 15.6 18.8 13.4 13.7 18.3 22.3 23.9 33.6 39 43.8 55 79.3 89.5 87.5 88.1 91 93.6 85.2 97.5 121.8 122.4 125.6 124.8 115.7 106 101.5 110.6 118.3 114.5 104.3 98.9 98.7 93.2 77.5 60.6 53.8 47.1 44.1 63.9 67.1 70.8 64.3 55.2 45.5 31.1 16.7 14.4 30.8 40.6 48.5 48.5 53.9 51.8 52.2 59 67 69.5 58.4 55.2
-1.5 -1.5 -1.5 -1.5 -1.5 -1.5 -1.5 -1.5 -1.5 -1.5 -1.5 -1.5 -1.5 -1.5 -1.5 -1.5 -0.5 1.5 2.6 4 5.5 9.9 17.3 14.8 19.8 14.4 18.7 18.3 20.9 26.1 33.6 43.7 49 52.8 63.4 78.5 77.7 81.7 80 75.3 80.1 97.6 118.2 123.5 127 130.2 122.5 113 108 104.5 109 109.7 108.7 100.4 98.9 91.6 76 59 55.1 50.1 42.7 55.4 69 69.7 69.3 60.2 51.2 36.9 23 15 22.9 35.6 47.3 48.2 50.4 51 50.5 57 68.2 68.8 65.4 61.3
-1.5 -1.5 -1.5 -1.5 -1.5 -1.5 -1.5 -1.5 -1.5 -1.5 -1.5 -1.5 -1.5 -1.5 -1.5 -1.5 -1.5 0.1 2.2 3 4.9 5.4 15.8 14.4 13.4 12.3 15.4 17.3 21 25.5 34.8 42.4 50.2 53.8 53.9 63.6 71.4 73.3 70.4 63.2 76.8 95.5 105.9 121.2 123.6 133.7 126.4 114.9 116.7 111.3 106.8 103.2 104.5 101.4 100.8 88.1 76.4 58.6 56.3 49.4 45.8 53.8 66.1 72.2 73 72.1 62.7 45 27.6 14.8 21.5 34.3 47.7 46.6 52.4 52.6 51 56.8 67.7 70.8 74 63
-1.5 -1.5 -1.5 -1.5 -1.5 -1.5 -1.5 -1.5 -1.5 -1.5 -1.5 -1.5 -1.5 -1.5 -1.5 -1.5 -1.5 -1.5 2.2 2.3 5 5.5 12.1 13.3 11.5 13.8 14.8 15.8 21.4 25.4 35.1 42.6 50.9 51 55.6 53.9 61.7 59.1 50.1 60.8 73.6 89.9 102.8 113.5 121.3 123.8 124.7 118.7 116.7 112.1 108.6 102.2 97 100 100.1 88 76.8 57.5 58.6 50 48.3 51.8 65.5 71.8 83.2 79.6 63.1 48.9 35.1 20.3 19.1 27.6 40.7 47.4 51.1 53.7 51.4 57.4 63.9 68.1 73 67.5
