WholeMapElevations/data/nd/nd02_OST50GRID_20230518/ND02.asc
ncols 200
nrows 200
xllcorner 300000
yllcorner 920000
cellsize 50
[rows 140 to 174 of 200, columns 0 to 77 of 200]
274.5 285.2 295.9 302.3 308.3 313.8 318 322.3 324.1 324.4 323.2 322.2 321.1 319.1 315.9 312 307.7 303 297.1 290.4 285.2 280.9 276.9 273.1 269.8 265.6 262.3 260.6 258.3 257.5 259.5 260.8 262.7 265.3 268.4 271.4 274.5 277.4 280.3 282.8 286.8 290.9 294.9 297.8 298.1 297.1 294.6 291.5 288.8 284.9 277.7 268.9 261.9 256.8 250.9 235.1 211 197.5 214.2 241.3 257.2 267.1 279.6 291.3 299 306.1 309 309.7 308 301.5 292 289.9 288.4 287.5 288.9 293.5 300.1 301.4
276.4 288 297.6 303.8 309.5 314.9 319.6 323.7 327.5 327.5 326.4 325.3 324.3 323 320.1 316.7 312.5 308.1 303.2 298.8 293.9 289.1 283.9 278.9 274.2 269.3 266.3 262.5 260.5 258.7 261 262.3 262.8 264.2 266.6 269.3 272 274.8 277.2 279.8 283.7 288 291.1 292.1 292.7 290.4 286.4 282.1 279.3 276.8 272.3 265.5 259.3 255.5 251.3 242.5 219.3 195.5 211.2 234.6 252.8 263.4 275.3 288.3 298.7 306.6 312.4 314.7 312.7 310.1 305.2 299.3 297.8 297.1 301.8 306.2 309.5 311.7
276.2 286.9 296.7 304.3 309.4 314.5 319.3 323.5 327.6 328.6 328.3 327.3 326.2 324.7 322.8 320.3 317.1 312.8 309.2 305.1 301.4 296.8 291.6 286.8 280.3 274.3 268.9 265.9 263.2 262 262.4 263.4 264 263.5 264.6 266.2 268.9 271.3 273.4 276.3 279.8 283.7 286.4 287.3 285.7 283 279.9 275.7 272.2 269.4 266 260.9 256 251.8 248.8 244.9 224.6 198.1 209.5 228.6 249.7 261 271.6 284.4 296.2 305.1 312.1 316.9 318.3 317.2 313.3 309 307 308.9 313.1 316.4 319.7 321.1
274.6 284.8 294.8 302.5 307.8 312.4 317.5 322 325.8 328.2 328.7 327.9 326.6 326.2 324.4 322.5 319.9 317.2 313.7 310.9 307.6 303.1 298.2 292.9 286.3 278.8 272.3 269 265.7 264.8 264.7 265.1 266.4 266.8 264.1 264.7 265.5 267.8 269.9 272.2 274.2 277.7 279.8 280.3 277.9 275.1 272.4 269 265.4 262.4 258.3 253.3 249.2 245.9 243.6 241.8 228.8 207.8 207.1 225.3 248 259 268.9 280.5 292.6 301.9 310.2 317 320.9 321.7 320.8 318.2 317.6 319.6 322.7 326.1 327.7 329.4
272.4 281.5 290.4 299.1 304.4 308.9 313.8 319.8 323.8 326.5 327.1 326.8 326.5 325.8 324.7 323.5 321.7 320 318 315.8 312.5 307.7 302.4 296.6 291.2 283.8 275.9 271.4 267.3 267.9 269.2 270.2 269.9 270 268.3 266.5 264.4 264.3 266.6 268.7 270.2 271.3 271.7 272.1 270.2 267.5 264.1 259.8 254.5 250.8 247.6 245.7 241.1 238.3 236.8 236.4 229.3 206.3 207.8 225.5 243.7 256.9 265.1 276.9 288.6 298.1 307.8 315.9 321.3 323.9 324.3 325.3 326.1 327.4 330 332.6 335 337.2
267.3 276.9 284.5 291.9 298.4 302.8 308.2 315.3 320.9 325.1 325.5 325.2 324.6 323.6 322.9 322 320.7 320.4 319.5 318.3 315.2 311.5 306.2 300.3 294.1 287.6 279.6 274.8 269.6 272.8 274.5 275.4 275.2 273.5 272.8 271.6 269.3 264.2 263.2 264.7 266.4 267.4 267.1 266 264.1 261.3 256.1 251.7 245.1 242.3 239.1 234.6 232.9 231.2 228.6 230.7 226.1 206.4 208.8 228.3 242.3 253.1 261.9 272.6 284.7 294.3 304 313.6 319.9 323.9 326.1 327.6 328.3 329.6 333.7 336.5 339.4 342.3
261.1 271 277.8 284.7 292 296.5 302.4 309.9 316.8 322.4 323.7 323.1 322.5 321.5 320.1 320 320.4 320.1 319.8 318.4 316.7 313.6 308.7 303 296.9 290.4 282.8 276.7 274.1 277.6 279.8 280.5 279.2 278 276.5 273.9 272.1 269.1 264.5 260.9 260.4 263.3 262.8 260.5 256.5 253.3 247.8 242.1 239.1 238 233.5 228 225.1 223 221.3 224.1 223.6 208.7 207.9 221.1 237.2 249.3 259.3 270.5 282.7 291.8 299.9 309.9 318.5 321.9 325 327.2 329.2 330.7 335 337.9 340.8 344.1
256.8 263.5 271.4 277.6 284.5 290.6 296.6 303.9 311.5 318.6 320.7 320.5 320.4 319.5 317.6 318.6 319.3 319.7 319.4 318.5 317.6 314.7 310.5 305.4 299.2 292.5 283.9 277.5 279.5 282.4 284.6 285.2 284.1 282.5 279.4 276.4 274.4 272.3 269.3 263.3 256.3 258.3 258.6 256.1 253.3 248.4 240.2 234.8 230.5 228.5 226.9 222.3 219.2 218.7 218.7 219.1 220.1 215.6 206.9 226.1 236.4 249 258.5 269.6 279.4 289.3 298.2 308.6 314.3 316.8 320.6 322.5 325.6 329.3 333.4 336.8 340 343.3
253.8 259.4 265.3 270.8 278 285.5 292.1 299.3 306.9 314.2 317.3 317.4 317.3 316.7 315.3 316.5 317.7 319.5 319.3 318.5 317.8 315.4 310.5 306.3 300.6 294.5 285 282.9 284.9 287.2 289.4 289.8 288.6 285.5 282.5 279.5 276.4 274 271.6 266.8 260.1 253.5 250.7 251.1 247.7 243.3 239.5 232.8 225.7 221.5 219.9 218.3 215.9 216.1 216.8 214.9 215.9 210.9 210.2 227.6 237 250.2 258 265.8 278.3 288.3 296.7 302.8 307.9 309.3 313.1 316.2 319.4 324.1 328.4 333 337.2 340.6
251.3 256.1 259.4 265.2 272.8 281.3 288.4 294.6 301.3 308.7 312.9 313.7 314.2 313.8 312.9 313.3 315.2 318.3 319 318.3 317.8 315.9 312.4 308.6 304.6 298.7 291.9 289.1 291.5 293.3 294 293.4 292.3 289.8 286.1 282.3 277.8 275 272 268.6 261.1 254.6 249.3 243 238.5 233.3 229 225.7 221.6 217.5 216.3 215.4 213.1 213.6 214.6 212 209.8 202.1 216.3 228.2 238.5 250.7 256.7 261.3 273.4 283.3 290.7 296 300.2 302.1 303.4 305.4 309.4 314.9 321.5 327.1 332.3 336.6
249.4 254.8 261.2 266.9 272.8 280.1 285.8 290.1 296.1 303.2 308.4 309.6 310 310.1 309.9 310.2 313.1 316.5 318.5 318.3 317.8 316.2 314.8 311.2 307.6 304.3 299.7 298.1 297.8 298 297.3 296.5 294.7 292.4 288.6 284.8 280.3 275.2 271.8 268.3 262.1 253.9 249.3 241.6 233.7 229.9 222.5 218.3 214.4 213.9 213.5 213.1 211.8 209.8 210.1 207.4 203.2 211.1 219.9 230.2 240.9 250.7 256.9 257.8 266.8 273.5 279 282.9 286.7 289.3 289.8 291.1 296.3 307.4 313.8 320.6 326.6 331.2
248.4 254.6 261.5 267.5 273.7 279 283.6 288.1 292.5 298.5 303.8 305.3 305.7 306.1 306 306.9 308.7 312.8 315.8 316.4 317.2 317.4 316.2 313.8 310.5 308 305.6 303.4 301.5 300.7 300 298.4 296.8 293.8 291.2 287.2 282.8 277.4 271.2 267.1 260.9 251 246.6 242.1 234.7 226.6 222.1 215.1 212.7 211.4 210.9 210.2 208.4 207.2 205.4 204.6 209 215 223.5 232.5 242.2 250.8 253.2 252.1 254.8 263.1 263.2 268.7 273.7 277 282.7 284.4 290.1 295.9 306.1 314.1 320.3 326.8
247.3 253.3 260 265.7 271.2 276.1 280.7 286.1 290.5 294.7 299.3 301.1 301.3 302.2 302.6 303.6 305.4 308.5 312 314.3 316.8 318.2 317.2 315.7 313.7 311.4 309.2 306.9 304.6 303.4 301.2 299 296.7 294.2 291.4 288.3 284.4 279.4 273 266.9 257.6 247.1 242.4 239.4 233.5 228.9 220.1 214.2 211.1 209.3 208.5 207.5 206.2 205.9 202.9 205.9 210.1 218.6 226.2 233.8 242.7 248.6 250.8 250.6 248.5 253.9 256 263.6 267.1 270 276.9 279.4 283.7 290.9 300 307.1 316.4 322.2
245.9 251.1 257.4 262.8 268.2 273 277.7 283.4 288.3 291.8 294.9 296.8 297.7 297 299.2 300.6 302.6 305.3 308.3 311.4 314.9 317.3 318.3 318 316.4 314.1 311.8 309.5 307.5 304.2 300.9 298.3 296.2 294.6 291.5 288.4 284.3 278.8 273.6 267.5 258.7 247.1 240.1 235.8 229.5 227.6 226 219.9 215.8 212.4 209.5 208 206.8 206.4 203.6 206.3 209.9 218.1 226.6 233.6 239.8 244.5 246.4 246.2 244.1 242.6 245.7 253.6 259.2 261.9 268.7 271.7 276.7 284.8 291.9 299.5 307.5 316.7
243.4 248.9 254 258.9 263.8 271 277.5 283.6 288.6 291.2 293.1 293.9 295.2 293.9 296.4 298.5 299.8 302.8 305.9 309.4 313.6 317.1 320.5 319.7 319 316.7 314.4 312.1 308.3 304.7 300.2 295.6 294 292.7 289.9 287 282.9 278.2 273 267.2 258.8 248.1 241.2 237 233.7 231.3 230.2 227.9 223.6 216.6 211.3 209.8 209 205.6 206.1 208 212.3 217.1 225.3 232.2 235.7 239.1 238.8 239.5 238.7 237.9 239.5 244.9 252 256.4 258.7 262.7 268.7 280.5 290 297.8 306.3 315
239.6 245 249.6 255.7 264.5 272 277.6 283.1 288.4 291.3 293 293.2 292.6 289.9 293.6 295.3 297 300.6 303.8 308.1 312.8 317.9 321.3 322.3 322.1 320.5 318.2 315.4 310.2 304 298.5 293.1 290 288.4 286.8 284 280.3 275.9 271.2 265.1 258.6 251 242.8 238.7 235.1 232.9 231.7 229.4 224.2 220.5 216.3 212.5 210 206.3 205.4 207.8 210.8 215.3 223.2 229.8 232.7 233.6 234.2 233.1 232.9 233.7 235.5 241.4 244.6 248.1 250.9 259.7 269.9 278.8 288.2 296 303.4 310.8
233.7 239.1 247.2 256 264.8 271.7 277.5 283 287.9 290.9 292.1 292.2 290.4 287.6 290.1 292.1 294.3 297.4 302.5 307.8 312.5 317.6 322.2 324.3 325.3 324.1 321.9 318.2 313.4 305 298.1 289.4 284.1 281.5 281.8 279.6 275.8 271.5 267.8 262.7 257 251.3 241.8 238 234.8 231.2 229.1 227.5 225.8 221.5 216.9 214.1 210 208.9 209.1 206 209.1 214.3 220 226.3 230.7 231.3 230.8 229.4 230.1 230.9 233.3 235.1 238.4 243.1 251 259.9 267.7 276.5 284.8 292 296.6 303.9
230.8 235.3 244.4 254.4 263 269.9 276.7 281.9 286 288.9 290.3 289.5 288.2 284.7 283.7 289 291.6 294.3 300.1 305.9 311.6 316.9 321.9 325.2 327.4 327.1 324.6 320.6 315.5 308.7 299.9 290.2 281.4 273.6 273.3 272.3 269.7 266.4 263.2 259.3 254.8 247.9 240.6 237.6 233.6 229.6 227.8 226.5 225.3 222.8 219 214.4 209.9 212.1 211.3 210.6 211 208.7 213.2 221.4 228.6 229.9 228.6 227.5 227.5 228.1 228.9 231.5 237.7 243.5 251 259 265.1 270.6 279.5 287.1 291.8 297.7
229.2 233.1 241.7 251.2 259 265.1 272.6 279.3 283.7 285.4 286.5 286.3 285 281.5 276.7 284.5 288.1 291.9 297.1 302.8 309.5 314.4 319.5 324 326.8 328.1 325.7 321.8 316.7 310.2 301.4 292.3 282.9 273.4 264.2 260.7 260.6 259.3 257.1 254.3 250.6 243.2 239 236.5 232 228.1 226.5 224.2 221.3 220.7 216.6 211.4 216 217.7 215.6 214.7 217.6 216.8 218.2 211.4 221.4 224.4 224.4 224.8 224.7 223.2 228.4 232.4 236.8 242.4 250.3 257 262 266 272.7 279.8 286.7 292.6
226.8 231.5 239.6 248 254.7 260.2 266.2 272.8 278 280.5 281.6 281 277.4 273 271.8 281.4 286.2 289.8 294.4 300.7 307.3 311.6 316.3 320.9 324.2 326 324.3 320.9 316.5 310 302.7 293.2 282.5 274.5 266.4 257.8 251.9 252.3 250.6 248 244.3 241.1 237.7 234.7 231 225.9 223.7 220.7 216.9 219.2 219.5 221.2 223.4 224.1 219.4 219.5 225.9 228.8 225.7 222.9 212.2 217.3 220.8 221.3 221.2 222.2 226.2 230.6 236.1 241.7 247.3 252.5 258.1 263.4 266.9 272.7 278.6 285.6
223.6 228.3 233.2 241.3 247.3 250.7 254.4 258.8 264.7 269.6 271.8 265.1 260 268.2 276.8 277 283.9 288.8 293.3 299.1 305.5 309.3 313.7 317.3 320.7 323.1 321.8 319.5 315.2 309.1 302.1 289.2 278 268.8 262.2 255.2 248 244.2 242.2 241.2 241 239.3 236.5 233.1 227.3 221 222.9 223.7 224.5 225 227.5 229.6 230.6 230.2 222.7 224.9 232.8 237.7 235.1 230.5 224.2 220.4 215.2 219.7 222 223 222.3 225.7 232.5 237.2 243.2 246.5 253 256.9 261.9 267.7 273.1 279.2
217.6 218.7 223 227.8 230.3 232.4 234.2 238.7 244.3 253.4 253.8 255.9 271 280 285.7 287.5 290.1 293.4 296.6 298.5 303.5 308.6 311 313.5 316.9 319.3 319.2 316.7 313 307.3 300.5 288.1 275.2 265.5 256.8 247.9 243.9 239.4 236.4 235.6 236 234.8 232.5 230.1 224.3 226.3 228.9 229.2 228.1 230.4 233.7 236.5 236.9 235.6 225.6 228.2 239.1 244.6 244.6 239.3 232.5 228.4 222.3 226.1 229.5 230.9 230.7 229.3 235.9 240.2 241.6 241.2 242.6 253.2 257.7 261.2 265 277.2
229.3 233.3 233.8 236.4 241.1 246.9 250.4 255 257.8 256.2 257.3 267.1 274.2 282.2 290.4 295.6 299 301.1 303.2 305.5 307.3 309.3 311.3 311.6 312.5 314.5 314.9 313.4 309.8 304.6 297.9 284.5 271.2 264.3 255.2 246.7 241 236.2 232.5 231 233.1 229.6 225.8 223.8 229.3 234 235.4 234.7 232.9 235.2 238 241 241.2 239.9 226.5 235 245.3 251.5 249.8 246 240.2 235.8 232.4 232.9 237.4 240.2 239.9 230.6 242.8 250.6 252.3 250.6 251.4 253.3 258.9 265.4 271.7 280
235.4 239.7 242.1 247.5 254.4 259.6 261.6 265.8 268.3 267.5 271.2 269.9 283.7 293.7 301.1 306.2 311.1 313.3 314.5 315.4 315.2 313.4 313.1 311.3 308.8 307.5 307.9 307.3 304.7 300.2 293.8 283.5 271.4 262.9 254.4 247.5 241.6 238.2 235.9 234.3 232.9 231.3 228.3 229.6 234.1 238 241 240.6 238.7 239.5 242.5 245.5 245.2 243.5 235.4 241.5 251.4 254.8 255.8 252.1 247.3 242.2 235.7 238.6 243.6 246.4 247.7 245.8 246 256.9 260.9 262.1 261.8 263.3 266.9 269.8 277.7 284.5
242.5 251.1 257.5 264.2 270.9 275.3 278.8 280.5 281 280.2 283.4 285.5 290.1 301.4 309.5 315.3 321.4 323.8 324.7 325.2 324.6 322.7 317.9 314.1 311 304.6 300 299.1 298.8 295.1 289.4 280.5 271.6 262.9 254.9 248.5 248 245.7 241.9 238.6 237.7 234.9 229.9 233.6 238.4 243.1 245.7 246.2 245.3 244.4 247.5 249.4 249.1 248.1 242.7 246.2 253.8 257.9 259.9 256.7 253.2 249.3 242.4 244.7 249.1 253.6 255.3 254.6 247.1 260.7 266.9 268.3 269.7 271.5 275.4 277.8 282.8 290.9
252.9 263.7 271.7 278.1 282.8 287.3 290.4 291.2 291.8 289.7 292.5 295.6 298.3 303.4 314.8 321.6 328 330.8 331.2 333 332.7 330.4 328.1 323 318.3 312.5 306.5 298.9 288.2 281.3 280.4 277.9 269.4 259.1 254.7 257.3 255.8 251.5 247.8 243.9 240.5 237.4 231.9 236 241.9 246.8 249 249.5 248.6 248.4 250.7 253.2 253.2 252.9 241.6 249.6 255.4 259.7 262.2 260.9 258.5 253.6 250.7 252.2 255.1 260.3 264.5 264.9 254.9 264.9 271.7 276.2 278.5 279.8 281.9 286.1 293.2 296.2
257.4 270.2 279 285.5 290.4 294.1 297.5 298.7 299.2 298.9 300.4 303.4 306.9 310.7 317.1 325.4 331.3 334.9 336.9 338.2 339.4 338 336 333.6 328.7 324 317.3 308.6 299.1 293.4 279.9 269.6 268.7 265.5 264.4 263.6 259.6 253.4 249.4 245.5 242.6 239.6 235.1 238.2 243.4 247.6 250 251.2 251.5 252.5 254.5 257 257.7 256.8 247.2 252.6 256.7 260.8 262.8 263.2 262.6 261.2 258.8 261.8 265.1 267.3 271 271.4 265.6 267.2 275.3 281.1 286.3 290.8 293.6 297.9 306.4 310.1
259.1 272.4 281.5 287.9 294.7 299.6 303.7 306.4 306.9 305.2 305.5 310.9 314.4 318.9 324.2 328.9 333.8 337.3 339.7 342.6 344.9 344.8 343.4 341.1 337.8 332.8 326.9 318.2 310.7 303.6 295.4 279.3 276.5 271.3 266.4 262.9 260.1 256.6 251.4 248.7 243.3 240.4 236.4 239.8 242.8 247.8 251.1 254.5 255.9 256.7 258.2 259.8 261.4 259.9 248.8 258.4 259.4 261.9 263.7 265.4 266.4 267.8 267.9 271.5 274.3 275 275.3 275.5 272.1 268.5 275.9 283.7 290.2 295.3 301.8 310 316.7 321.8
257.2 268.4 278.6 289.1 296.3 302.9 308.5 312.4 314.5 314.2 313.7 317.4 322.7 327.9 332.3 335.6 338 340.2 343.8 347.5 349.3 349.7 349.2 347 343.3 339.4 334.1 327.4 319.7 312 304.2 291.2 285.5 277.1 268.9 263.3 257.7 255 251.3 247.3 242.9 240.4 238.9 241 245.3 252.4 254.5 257.8 260.3 260.7 261.1 262.7 262 255.5 259.1 263.6 264.8 264.9 265.3 268.9 271.8 272.4 275.2 282.2 284.9 286 284.4 279.9 279.6 277.4 275.1 285 292.2 298.5 306.8 316.4 325.1 330.4
250 262.5 274.6 286.4 296.4 303.1 310.5 315.7 319.6 321.3 322.9 326.7 331.5 336.2 339.9 343.7 346 347 347.9 351.6 353.2 353.7 353.1 351.2 347.7 343.3 338.3 332.2 324.7 316.3 308.3 299.9 289.5 280.7 272.3 266.7 259.1 254.1 250.1 245.1 243.3 240.6 239.6 242.9 248.3 254.8 258.6 260.4 262.8 264.5 264.6 264.1 262.9 253.4 265.6 268.7 270.9 270.6 268.9 273.6 277.3 281.6 286.5 294.4 297.4 297.8 298 290 288.3 287.4 282 284.8 294.4 301.1 309.6 319.8 328.7 335.5
243.3 257.8 272.6 286.4 297.6 307.5 314.9 321.2 326.1 331.2 334.8 338.8 343.8 348.1 351.1 353.6 354.2 355 354.7 355 356.3 356.4 355.5 353.8 350.9 345.4 340.4 334.8 327.4 319.2 310.9 302.6 293 282.9 274.3 266.8 260.7 255.6 252.2 248.8 245.3 241.3 240.1 244.6 252.8 260.3 264.1 266.2 267.3 269 269.8 268.9 267 257.2 269.2 273 275.7 278.7 276.4 280.6 287.3 297 303.1 306.3 308.7 309 308.6 302.7 296.5 296.3 292.2 282.3 294 302.6 310.7 320 328.5 337.5
246.4 258.4 270.8 284.8 298.4 310.8 321.1 328.8 335.7 341.7 347.2 351.9 356.6 360.7 363.7 364.9 364.4 362.6 360.8 360.8 359.9 358.5 357.3 354.9 351.2 346.8 341.5 335.6 328.4 320.8 312.3 303.5 292.5 283.7 274.9 268 262.6 259.2 256.5 253.3 249.2 244.3 240.4 248.3 255.5 262.7 267.3 270.1 272.1 274 275.3 274.4 272.4 258.8 271.9 277.7 282.2 285 288.3 293.3 302 310.3 315.7 318.7 320.1 320.2 317.8 312.8 305.4 304.8 303.3 300.5 299 297.9 309.6 317.8 326.8 336.4
247.1 257.9 270.3 280.3 296.7 312.3 324.2 334.2 342.1 349.6 356.4 362.1 367.5 372.3 376.6 377.3 375.3 371.4 369.2 366.9 364.9 361.1 358.6 355.4 350.5 346.1 340.5 334.9 327.9 319.7 311.2 301.9 293.3 284.3 274.9 268 264 260.6 257.6 255.5 253.4 247.8 239.9 249.4 257.1 263.8 269.4 272.6 275.3 278.2 280.1 279.7 276.9 262.8 273.5 281.8 287.4 291.6 297.1 304.9 314.5 323.1 327.4 329.5 330.1 330.1 328.1 322.6 316.7 315.7 313.3 311.7 309.2 305.4 306.4 315.3 322.6 333.4
247.3 256 268 277.4 294.5 310.2 324.4 335.1 345.7 354.4 362.4 369.7 375.8 382 387.5 389.3 387.3 384 379.7 375 369.6 365.9 360.4 355.6 351.1 346.5 340 334.7 326.2 316.8 307 300.4 290.6 283.8 275.7 267.9 264.7 261.1 258.8 257.2 254 248.2 239.1 249.7 258 264.4 270.2 273.2 276.3 280.3 282.5 283.2 279.9 268.1 275.3 283.7 290.2 295.7 300.9 310.9 322.3 330 335.9 339.6 339.8 339.5 337.3 334.4 330 326.3 324 321.1 316.5 312.9 309.4 311.3 320.2 329.4
250.3 254 264.1 274.5 289.7 306.1 320.1 333 345.6 356 365.1 373.9 380.9 389 395.6 398.5 397.3 393.2 387.8 382.2 374.6 370.1 363.7 358.7 353.7 348.6 341.3 333.8 324.7 314.9 305.4 297.3 289.5 280.8 275.5 268.1 263.9 261.9 260.9 258.7 254.6 247.4 237.7 251 258.7 265.1 270.2 273.1 276.9 281.2 284.4 285.4 282.6 275.1 274.2 283.8 289.4 295.1 301.6 314.4 326.2 335.1 342.7 347.8 348.8 348 345.8 342.8 339 335.1 332.1 329.4 325 318.8 315.4 312 319.9 328.1
