UK/data/nn/nn56_OST50GRID_20230518/NN56.asc
ncols 200
nrows 200
xllcorner 250000
yllcorner 760000
cellsize 50
[rows 0 to 34 of 200, columns 79 to 157 of 200]
774.8 778.4 786.3 786.8 777.6 771 762.3 743.4 721.4 707.4 693.1 680.7 667.8 654.7 642.5 624.8 607.2 595.2 590.2 578 579 597.9 617.2 631.6 643.9 655.4 655.9 638.2 620.6 610.5 590.2 580.9 564.3 554.1 543.7 533.4 526.7 527.5 526.1 529.1 525.6 523.8 522.3 524.5 525.5 532.2 540.3 554.3 567.4 585.6 609.9 639.3 669.8 692.6 709 724.8 740.4 751 758.9 767.7 774.9 780.5 784.5 791.1 798.7 795.6 785.3 774.7 766.8 756.8 746.2 738.6 732.8 726.7 721.5 714.8 706.7 700.8 693.1
786 796.5 796.2 787.4 776.9 770.4 760.5 748.6 737.7 721.1 704.3 689.7 675.2 659 643.5 625.9 607.7 597.8 589.9 579.5 583.2 602 621.3 636.7 649.2 661.7 665.2 649.7 635.2 621.5 604.6 592.8 579.5 566.6 556.4 539.8 543.5 543.4 540.3 538.7 537.6 536.5 535.3 535.7 536 545.7 554.8 565.5 578.8 594.9 621.1 650.7 690.2 709 723.7 735.3 746.5 755.6 761.3 771.2 777.9 783.9 789.8 797.2 806.7 803 795.8 788.9 774.5 763.9 750.1 739.8 732.9 725.6 718.5 711.6 701.3 694.2 687.9
800.4 807 799.1 788.2 776.9 768.1 760.6 760.2 751.1 737.1 717.5 701.7 681.1 661.8 644.7 627.8 610.4 599.6 587.5 585 587.1 605.2 624.7 640.1 653 667.1 673.9 662.5 647.6 635.6 620.9 603.4 591.7 580.7 571.7 564 557.3 560.1 555.5 553 551.4 556 557.3 552.8 553.9 559.7 567.4 576.8 591.2 610.8 635.8 663.8 705.3 720.8 731.4 740 748.2 756.6 763.7 773.2 780 786.1 793.5 803.2 809.8 810.1 806 799.4 787.3 770.2 753.4 742 732.4 724.1 715.2 707.8 699.1 688.1 680.5
816.7 809.7 800 788 775 766.7 762.5 764.1 759.5 746.8 728.7 715.6 687.5 665.1 648.8 632.9 613.8 601.1 592.2 585 592.9 610.5 627.7 642.3 656.5 670.6 679 670.4 660.9 648.1 635.9 622 604.8 595 581.2 571 576.9 578.4 577.2 572.4 564.2 567.6 571.6 574.8 576 577.2 584.6 594.4 608.2 628.9 651 683 711.8 723.7 733.8 740 747.2 755.3 764.2 773.5 780.6 787.7 796.4 805.4 813.8 816.3 815.7 809.2 797.2 777.8 759.4 743 729.8 719.6 711.7 703.9 695.7 686.6 680.3
821.1 809.1 800.3 787.8 772.3 766.6 766.2 768.4 764.7 748.9 737.2 720.1 689.8 669.2 652.5 633.4 616.7 599.1 590.7 585.6 598.4 614.5 631.5 645.8 658.9 671.1 679.1 674.6 667.6 656.7 652.2 637.6 617 608.6 593.6 588 594.4 593.6 598.3 594.8 587.8 588.4 590.1 589.8 593.3 598.4 606 615.4 626.5 647.6 671.2 693.2 710.9 723.1 731.2 738.7 746.7 755.5 766.4 773.7 780.4 788.6 798.2 809 816.4 822.2 823.6 818.2 802.2 786 761.9 743 727.6 716.7 708.7 700.3 693.7 684.5 678.6
816.7 803.8 793.6 782.6 773 772.6 768.7 771 760.3 750.2 737.8 717.5 692.4 671.9 657.4 637.7 619 600.3 591.9 590 602.4 618.9 634.8 648.1 661.6 671.4 681.1 681.1 672.7 664.7 660.7 650.2 632.9 621.3 606.5 604.8 609.6 615.3 616.6 618.8 623.1 618 615 614.4 613.7 618.7 631 640.9 649.1 665.2 687.5 703.8 712 721.1 728.8 736.7 745.5 757.2 765.7 773.2 780.7 788.6 799.6 811.9 820.5 825.7 826.7 818.5 805.2 785.3 766.1 747.3 726.2 713.5 704.3 696.6 688.5 680.2 674.7
812.6 798.7 788.6 779.9 778.3 777.3 769.4 762.7 754.3 745.5 731.4 712.3 692.7 675.9 662.2 641.4 622.6 598.3 593 591.7 604.2 620 635.8 649 662.4 672.7 680.8 683.1 675.8 671.2 665.9 656.5 643.1 632.9 623.5 621.8 627.9 630.7 635.2 641.7 648.2 648.5 637.9 635.2 639.1 643.8 653.2 662.5 674.3 688.1 700.5 707.1 714.4 719.3 726.8 736.1 748.3 756.1 765 772.2 779.8 787.8 802.4 813.2 821.9 827.5 825.5 817.4 804.2 781.4 766.9 745.9 725.1 711.5 701.7 692.9 685.1 676.3 672.1
803.3 792.2 784.2 781.3 780.4 775.6 768.5 761.1 755 742.9 726.9 713.4 691.4 682.3 664.5 644.6 625.4 599.4 593.4 591.6 606.8 621.9 636.8 650 662.5 672.3 679.2 680.5 676.5 674.4 670.8 661.8 654 645 637 636.5 644.5 646.8 653.9 658.6 659.6 666.4 665.2 662.4 660.8 670.7 682 687.5 690.2 702.1 708.7 711.9 715.3 718.6 726.8 736.8 748.1 756.3 763.3 770.7 777.5 786.9 802.2 812.5 820.5 826.3 823.8 815.5 798.2 779.8 763 741.6 721 708 697.4 689.6 683.2 675.5 670.1
801.9 792.9 781.8 775.4 775.7 770.4 766 760.5 752.4 738.6 724.7 708.9 695.6 686.9 668.3 647.1 623.2 604.2 594.9 594.4 608.8 625.3 640 652.3 663.5 672.2 677.5 679.3 677.3 676.1 672.8 667.3 661.9 652.1 646.3 649.4 657 660.1 669.2 672.8 677.7 682 681.6 682.1 678.6 690.1 697.2 701.6 703.5 710.4 713.6 714.8 715.9 720.4 727.6 737.4 747.4 755.1 761.5 769.8 777.1 786.2 801.3 812.1 820.2 822.7 820.1 807.9 797.4 777.8 758.7 739.1 720.1 705 695 686.4 679.1 672.3 667.4
808.2 794.4 779.6 772.3 771.4 767.7 760.7 755.3 746.3 735.8 723.5 708.1 697.7 684.5 667.5 646.3 622 606.5 598.2 595.5 613.4 628.7 641.7 653.4 663.8 671.4 676.1 678.8 678.4 676.5 673.9 671.1 666.8 656.3 656.6 658.7 665.1 671.4 677.1 687 693.6 697.9 696.6 694.5 693.3 703.5 706.6 709.7 711.5 714 714.6 715.5 718 722.7 729.1 737 744.3 750.7 759.2 767.5 776.5 786.2 799.9 809.6 817.1 818.9 813.3 802.8 787.2 773.1 757.6 730.3 713.4 700.7 690.9 684.9 678.1 673 666.6
802.3 790.6 776.9 771.6 766.5 763.3 756.7 751.1 744.5 732.3 719.8 706.5 696.4 682.4 663.7 645.2 620.8 606.4 600.8 601.8 615.7 632.4 643.6 653.3 663.2 670.8 675.6 678.1 678.9 676.4 675.4 673.6 670.4 664.1 663.1 666.2 672.7 677 685.4 696.1 701.1 701.1 704.8 702.6 701.7 710.2 713.4 714.7 715.6 717.3 717.4 716.4 719.6 724.2 729.1 734.7 740.6 746.8 756.7 764.4 774.9 784.7 797.5 807 812.4 811.9 807.9 795.1 778.6 765.4 741.7 726.2 705.7 694.3 686.8 680.7 676.2 671.2 666.9
797.5 787 777.5 770.3 761 758.6 752.2 746.4 739.8 726.4 718.2 704.1 686.5 674.4 647.2 630.9 616.2 607.9 601.6 607.9 622.1 635.5 647.9 655.8 663.8 670.2 674.7 678.3 678.8 677.8 677.5 675.2 672.6 668.3 668.7 673 677.7 682.9 691.9 700.6 704 703.8 705.5 705.1 706.4 712.1 716.4 716.8 716.7 716.9 716.7 717.7 718.5 723.1 727.2 733 737.9 746.1 755.3 763.1 773.5 783.1 794.4 801.5 804.3 803.3 795.9 785.3 773.9 750.9 733.3 720.2 704.1 689.9 681.4 676.8 672.3 669.8 664.8
799.2 788.3 778.5 766.7 760.7 760.5 753.4 745.5 737.2 725.8 713.7 701.3 689.2 674.5 657.7 636.4 619.1 609.2 602 612.6 626.9 639.6 649.2 656.8 664.1 669.2 673.6 677.9 677.1 677.7 677.2 676.4 672.4 671 672.5 677.8 682.9 686.4 697.2 703.2 703.8 704.1 705.3 705.7 708.2 712.1 714.7 714.9 715.3 715.4 715.6 717.1 718.9 722.6 725.2 730.7 737.2 744.8 752.1 759.3 772.1 782.7 790.7 793.7 791.4 789.2 784.1 775.3 763.9 743.6 727.7 708.4 696.8 686.3 679.3 672.2 668.4 667.3 663.9
800.9 787.8 776 765.3 763.5 760.8 751.8 744.3 736.3 722.2 708 697.6 684.6 670.3 652.9 633.2 619.8 610.1 607 616.6 629.8 641.9 651.4 658.2 664.8 667.5 672.9 676 677 677 677.9 676.2 674.6 673.5 676.1 681 684.8 691.3 701.1 704.1 703.3 704.2 705 706.7 709.2 711.5 712.3 713 713.3 713.4 713.8 716.4 717.2 720.7 723.1 728.7 734.8 741.3 747.7 758.2 768.7 777.9 781.9 782 782.4 779.2 772.9 764.7 751.8 736.6 718.6 702 690.3 682.7 675.9 668.2 663.9 662.9 659.3
795 782.7 772.6 767.7 769.9 758.4 749.5 743.7 731 717.8 704.2 694.2 680.9 666.1 649.4 631.1 618 611.1 610.4 619.7 632 644 651.7 659.4 665.2 668.5 672.7 675 675.8 676.9 677.6 676.5 676.8 676.3 676.8 682.3 686.1 693.3 698.5 702.3 700.6 704.2 704.2 706.5 709 709.7 710.5 710.5 711.7 711.9 712.8 715.3 717 718.9 720.4 725.9 730.6 736.7 746 753.8 764 768.9 771.6 771.7 769 763.3 756.6 753.3 740.4 730 708.8 694.7 684.9 678.7 670.2 662.6 660.1 657.7 655.5
793.8 778.7 772.4 771.2 766.7 755.5 749.3 738 726.9 709 699.1 689 677.3 663 641 625.6 616.2 611.6 614 624.7 637 645.5 654.4 660.2 664.9 669.4 672.4 673.5 675.8 677.2 677.3 676.7 677 678.5 680.6 683.3 686.1 690.3 694.6 697.7 704.8 708.5 704.9 705.4 707.1 707.6 708.4 708.8 710.1 710.3 711.7 713.6 713.7 714.9 717.2 722.3 727.5 734.9 742.8 749.3 755.2 760.5 761.1 761.6 757.1 749.7 748.8 741.2 730 716.3 698.9 688.3 679.9 673.6 665.3 658.4 656.5 652.9 651.9
784.4 778.9 776.1 770.2 762.6 753.8 743.4 731.5 718.4 703.6 695.5 684.9 672.6 654.8 638 625.1 614.2 613.3 614.8 627.2 639.1 648.4 654.3 661 665.8 669.9 672.9 675.1 676.1 677.2 677.5 677.6 677.9 679.4 681.2 684.8 688.7 695.7 697 700.9 710.5 710.9 706.8 705.1 704 704 705.4 707.5 708 708.6 709.4 709.2 709.2 711.1 714 718.3 724.3 731.5 736.8 741.9 746.5 746.6 746.1 747.6 742.8 738 732.5 728.5 715.8 700.6 689.7 680.5 673.2 667.2 660.6 652.9 652.6 645.4 638.6
786.8 782.6 775.8 766.3 758.3 746.8 735.7 724.5 709.8 700.5 691.4 680.8 666.8 650.7 638 628.9 617.1 615.2 618.7 628.8 640.6 647.6 654.2 661.1 664.9 669.3 671.7 673.7 674.6 676.7 675.7 677.1 678.7 679.8 683.1 685.1 693.3 698.3 699.3 704.9 716.4 713.9 710.1 706.1 702.4 700.9 703.4 704.1 705.3 705.3 704.5 704.2 705.2 705.8 709.6 715.9 721.3 725 729.1 732.9 733.9 734.9 732.8 730.9 728.5 725.4 720.2 713.4 702.7 690.2 681.5 673.4 666.6 661.7 654.4 649 647.5 638.7 633.7
787 779.8 769.3 762 750.4 740.8 730.2 717.3 706.3 697.5 688.7 676.8 661.6 650.1 637.1 626.6 621.6 620.1 621.7 632.4 640.5 648.8 655.5 661 664.8 666.9 670.8 671.7 673.4 674 676.5 676.8 677.8 680.2 683.4 685.9 693.8 697.9 702.7 710.8 720.7 716.4 712.8 708.4 703 699.5 699.5 701.2 702.6 702.3 700.8 700.2 701 703.2 707.7 712.2 715.5 718.5 720.3 721.7 721.3 720.4 719 716.8 711.4 707.3 701.9 697.1 689.1 680.6 672.4 664.7 659.3 655.4 650.5 645.1 642 634.7 632.1
783.8 774.8 765.1 754.8 745.1 736.4 724.4 711.6 704.9 694.8 683.9 671.1 660.6 648.3 635.7 627.6 625.2 621.7 622.9 634.7 642.2 649.4 656.3 660.3 663.7 665.4 669.9 671.2 672.6 673.1 675.3 676.1 677.8 679.8 683.3 687.4 695.4 699 706.6 714.7 718.8 720 713.9 705.8 700.1 698.6 699.4 699.9 699.7 701.7 699.8 699.7 699.5 701.2 705.2 708.1 709.7 709.9 710.2 709.2 709.1 707.4 703.9 699.3 696.6 693.2 689 684.6 678 670.1 662.6 656.9 651.8 649.1 644.6 641 637.5 632.2 634.4
778.6 770.1 759.5 749 739.9 729.1 717 709 704.1 694.6 680.7 667.7 658.5 645.8 636.2 628.7 626.2 623.6 627.3 636.7 644.3 650.1 655.6 659.1 661.8 664.1 667.2 669.5 670.2 674.1 674.5 676.2 678.2 681 684.6 690.7 695.9 704.3 712.8 717.7 719.9 719 710 706.5 699.2 698.2 699.2 699.2 699.7 701.9 700.2 698.4 698.2 700.4 701.1 703.1 703.3 703.4 702.9 701.4 697.8 695.4 689.9 686.7 683.8 679.5 676.1 674.2 667.5 661.3 655.6 649.7 643.8 642.2 639.4 637.8 633.5 629.7 625.8
770 762.3 751.7 742.5 730.9 720.6 710.8 708.1 701.4 690.7 677.7 665.1 657 645.1 635.4 628.3 626.2 624.8 628.8 637.5 644.6 649.6 655 658.2 659.9 663.9 665.6 668.4 670.1 673.4 674.1 677.1 678.5 682.2 686.1 692.1 698.1 703.6 714.1 717.2 719.5 715.1 708.2 702.1 699.9 698.2 699.2 699.2 699.2 699.2 699.2 698.6 698.8 698.1 698.7 700 700.4 698.9 697.4 694.7 691.1 686.3 681.7 678.3 673.4 671.5 667.4 663.9 658.1 652.7 648.7 645.1 642.7 640.8 638.4 635.5 631.8 628.6 629.1
761.5 754.4 743.1 733.1 721.6 711.1 708.1 704.4 697.2 685 675.5 666 654.4 646.4 637.1 627.9 624.3 624.7 630.7 638.5 644.6 649.6 653.2 655.3 658.5 662 664.9 665.9 669 672.3 673.8 676.8 680.6 683.6 688.9 693.9 698.4 707.1 715 718 721.5 715.5 708.6 704.9 702.1 698.6 698.8 699.2 699 699.2 699.6 700.8 702.8 702.5 700.1 698 698.5 697.2 690.8 685.5 682.1 679.1 674.4 671.5 667.7 663.9 660.4 656.4 653.2 649.6 646.5 643.3 640.9 639.2 636.9 632.3 628.7 623.5 632.1
755.3 745.9 735.4 725.3 714.4 706.6 703.2 697.9 688 680.1 673.1 667.3 654.3 645.9 638.8 625.6 621.6 624.9 631.7 638.5 643.7 647.3 650.1 653.8 657.8 660.5 663.2 663.8 669 671.6 672.8 676.5 681.6 685.7 690.6 695.3 700.6 710.5 718.7 724.6 725.1 721.1 714.9 710.2 705.6 703.9 700 700.4 703.9 704.8 704.8 708.6 706.9 705.3 701.8 701 700.1 697.9 696.5 693.8 689.8 684.7 679.3 672.8 665.3 658.4 653 648.4 648.8 647 644.6 641.6 639.9 638.1 635.4 629.9 624.1 620.9 638.7
747.2 737.3 726.9 717.2 709.4 704.7 698.2 689.7 683.2 677.7 671.8 660.7 650 641.3 632.1 623.9 620.4 625 631.6 637 640.6 644.1 647.3 652 656 658.8 661.1 662.8 667.6 669.9 672.8 677.1 681.6 687.9 692.3 699.2 705.3 714.7 721.6 729.9 729.1 724.4 720.4 716.2 708.8 706.4 704.2 706.4 712 712.4 713.2 714.1 711.5 710.9 705.6 704.9 701.9 700.8 698.6 696.8 693 688.2 684 676.9 670.2 661.6 657 654.3 648.9 637.5 641.2 639.7 638.3 636.5 627 623 618.4 624.9 642.3
739.2 729.1 720.2 713.9 706.6 698.5 694.7 688.6 681.9 676.4 664.3 657.4 645.7 633.9 625.1 619 619 624.2 629.3 634.3 637.1 641.5 645.6 648.9 653.5 655.2 656 662.4 666 669.2 672.2 677.1 682 688.5 695.4 702 709.7 719.5 727.2 733.8 731.6 727.8 723.2 717.8 711.4 710.4 710.4 713.5 716.9 717.5 717.5 717.8 718.7 718.7 714.1 709.2 707.5 704.1 702.3 699.8 696 690 684.9 678.6 668.4 661.4 658.7 655.5 648.1 641.6 633.6 635.9 635.8 634.4 621.1 615.7 619.2 635.5 644.8
731 722.6 714.7 710.7 703.8 695.6 691 683.5 676.4 669.4 659.8 651.4 642.3 630.2 620.5 617.8 618.4 622.3 626.2 630.4 634.4 639.5 642.3 646.9 649.2 647.5 656.7 660.7 664.2 667.6 671.7 675.9 683.1 691 698.5 706.7 712.3 724.1 735.5 737.5 732.8 729.2 724.7 720.7 717.9 716.3 715.1 716.7 719.6 723.4 726 728.8 731.7 729.6 724.4 719.3 714.1 711.4 707.4 704.2 700.1 693.8 687.1 680.7 671.7 666 662.8 656.4 648.9 639.7 635.9 626.2 632.2 631.7 617.9 613 626.3 636.7 644.9
723.8 717.5 713 707.1 700.8 694.5 687.4 681.6 673.7 665.9 657.8 648.4 640.1 627.2 619.8 616.7 615.1 618.6 622.3 625.1 630.4 634 639 642.6 642 649.7 654.6 658.9 662.4 665.8 670 674.8 684.6 693.6 702 708.1 716.8 730.6 739.1 738.1 734.9 728.7 726.1 723.5 719.3 721 718.9 720 724.5 727.9 731.2 737.6 742.3 736.8 733.9 727.9 720.8 720.4 718.1 714.9 711.7 706.2 701.1 687.7 677.8 669.4 661.9 654.5 647.7 640.1 634.3 626.2 624.6 630.4 621.4 610.6 621.3 633.8 646.8
718.9 715.3 709.7 703.1 697.2 690.8 683 677.6 670.6 662.6 653.4 642.9 633.7 623.4 618.3 616 613.2 615.3 618.3 619.3 624.1 629.4 634 637.9 641.8 647.7 652.2 656.5 660.2 663.6 669.1 675.1 686.2 694.8 702.3 708.4 721.2 728.8 730.4 729.2 726.7 723.7 720.2 719.4 722.5 721 718.8 718.6 724.5 728.5 734.5 740.2 741.8 742.9 738.6 733.8 728.7 734.9 732.4 726 735.1 728.5 713.3 700 688.3 674.2 662.1 653.9 645.5 637.5 632.1 628.4 614 627.7 626.2 607.9 622.1 634.8 645.8
715.7 711.7 706.4 698.8 692.5 686.5 679.6 672 663.4 654.9 650.7 640.2 629 620.7 618.2 612.9 611.3 613.7 613.7 614.9 619.2 624.1 629.5 633.8 639.9 644.6 649.1 652.9 657.1 662.8 667.6 674.8 684.8 694.1 700 707.1 716 719.2 720.3 719.1 717.8 715.6 713.5 714.2 715.5 715 715.2 718.6 722.2 726.7 732.4 736.3 739.5 744.2 741 736.5 733.5 739.1 736.7 740.7 741.1 733.2 719.8 707.7 694.4 676.6 663.4 652.7 642.3 634.5 630.2 626.7 616.9 617.2 620.4 606.1 625.6 633.4 643.1
710.5 705.6 699 692.6 688.9 682.1 674.7 668.1 659.4 649.6 641 635.4 628 619.3 614.1 612.2 610.2 609.7 610 611.6 616.2 619.9 627 631.2 634.8 640.7 644.5 650.7 655.4 661.2 665.5 674.5 680.9 688.2 695 700.4 705.8 709.8 711.3 710.1 709 708.3 707.3 706.9 705.8 705.8 710 714 718.3 719 724.9 730.3 737 737.5 735.8 736 735.6 733.3 736.4 739 734.7 727.2 719.9 708.3 692.1 672.3 661.4 650.3 639.5 632.9 627.4 622.6 613.3 604.5 603.6 606.9 623.9 631.1 642.5
705 698.9 692.6 688.1 683.9 677.6 671 664.4 656 648.2 638.7 632 627.4 622 614.3 610.3 609.2 609.3 609.6 610.6 613.5 617.1 622.1 626.2 630.7 635.9 641.7 647.7 653.4 658.7 664.4 671.8 677.1 684 688.4 691.9 696.6 698.9 700 700.7 701.6 699.9 699.7 699.3 697.9 699.9 703.8 707.7 711.2 713.5 718.3 723.6 727.9 728.7 728.1 729.3 731.9 727.8 728.8 727.9 721 720.7 712.5 702.2 687.8 670 657.7 644.9 636 629.4 624.3 619.4 611.7 603.1 601.8 614 622.3 629.1 640.1
696.4 690.4 689.5 683.5 678.2 672.9 667.1 661.5 653.9 646.8 638 631.6 627.2 621.7 615.6 616 614.4 607.3 608.8 609.7 611.4 612.8 617 621.7 626.3 632.5 637.8 643.1 648.7 654.3 662 668.4 673.9 678.5 681.3 685 686.9 688.7 690.1 691.5 691.6 691 690.1 689.5 689.5 691.9 694.5 698.6 701.9 703.8 707 713 714.5 717.7 720 720.3 722.6 719.7 721.5 716.5 717.6 718 709.6 694.3 675 663.1 650 640.2 631.9 625 622.2 615.7 611.3 601.7 598.4 614.1 618.9 625.7 637.1
690.3 685.5 682.2 679.7 675.2 668.6 665.2 659.9 654.6 643.6 637.6 633.9 628 621.3 616.3 616.5 613.5 608.2 606.6 607.2 608.5 610.1 613.4 617.6 624.1 628.2 633.9 640.1 646.1 652.5 657.3 664.3 668 672.4 675.2 678 680.1 680.9 682.3 683.1 682 681.3 680.8 680.7 681.6 683.4 684.8 688.9 690.6 692.4 695.3 701.2 702 702.9 704.1 704.8 705.4 704.5 702.5 707.4 706.9 708.2 696.1 678.3 664.4 651.8 642 632.3 624.9 619.6 615.6 611.9 607.5 602.1 594.7 611.5 616.5 621.7 631
684.2 681.3 677.6 674.2 669.8 667.5 662.3 657.2 649.5 642.9 637.8 631.7 624.7 619.8 615 612.7 609.7 606.9 606.6 606.6 607.9 608.6 611.8 616.8 622 626.5 630.7 635.5 641.9 647.5 653.1 659.1 662.7 665.9 667.8 669.9 670.5 672.1 673.9 674.2 673.8 673.4 673.3 672.9 673 674.2 676 677.6 679 681.2 684.5 685.4 684.4 686.2 689.1 692.6 693.7 688.7 682.5 685.8 689.1 686.3 670.9 660 652.4 644.7 635.9 628.3 621.9 616.8 611.8 607.8 605.6 601.2 593.4 603.1 612.1 618.7 626.7
