WholeMapElevations/data/nd/nd03_OST50GRID_20230518/ND03.asc
ncols 200
nrows 200
xllcorner 300000
yllcorner 930000
cellsize 50
[rows 105 to 139 of 200, columns 78 to 155 of 200]
198.2 201.3 202.7 203.4 203.2 202.3 202.8 202.6 202.3 201.7 200.4 199.9 199.2 199.2 201.3 203.1 205.3 207.7 208.3 207.4 205.3 203.8 202.1 202.4 202.9 203.2 202.8 199.5 197.5 194.3 192.7 191.9 191.8 189.9 186.3 191.1 192 192.9 193.9 196.7 200.4 205.2 207.6 210 209.8 208.9 207.5 206.1 205.5 204.7 203.8 202.9 202 201.3 200.2 198.5 196.9 194.4 189.5 189 187.4 184.4 183.1 182.1 181.3 179.9 179 176.9 175.1 173.3 172.1 172.6 172.3 170.5 168.9 166.7 165.8 164.7
200.5 195.8 199.3 201 201.2 200.8 201.5 201.2 200.8 200.3 199 197.6 198 197.6 197.2 198.4 200.2 202.7 202.9 202 199.5 198.7 198.7 198.6 200.3 199.9 199.5 198.1 193.9 191.2 190.4 189.6 189.3 189 184.7 190.3 191.5 192.8 194.2 195.8 199.1 201.9 204.7 207.5 208.1 207.4 205.9 204.4 205 204.1 203.2 202.4 201.8 200.4 199.6 198.8 197.9 196.1 191.9 190.7 189.6 186.3 184.7 183.5 182.5 181.2 179.9 176.9 175.6 173.7 171 171.5 171.8 168.6 167.2 166.3 165.6 164.8
200.5 199.3 194.6 197.7 198 199.5 200.7 199.9 198.9 198.3 197.2 196.5 195.5 195.2 195.2 195 195.7 197.2 196.8 196.4 194.6 193.2 194.5 196 197.1 195.2 195.5 193.3 191.6 187.2 185.9 186.5 186.8 186.4 186.4 190.2 191.7 193.1 194.4 195.8 197.8 199 201.7 203.9 204.3 204.2 203.5 202.9 203.8 203.6 202.7 201.8 201.5 200.2 199.9 199.2 198.3 196.2 193.4 191.8 190.2 187.4 185.4 184.5 183.7 182.6 180.9 178.5 175.6 173 171.8 170.3 170.3 168 165.7 164.9 164.2 163.8
200.5 197.9 195 195.3 194.1 196.4 197.3 196.7 196.1 195.3 194.6 194.3 194.1 194.1 194.1 193.6 193.6 193.3 192.9 192.9 190.9 190.7 191.8 192.3 192.3 190.1 188.5 187 184.1 183.6 183.2 182 182.5 181.4 184.7 188.5 191.6 193 194.1 194.5 196.3 196.6 196.7 198 200.7 200.9 201.1 201.4 202.3 203 202.2 201.5 201.3 200.3 200.1 199.5 198.8 197.1 194.7 192.3 190.7 188.2 185.6 184.7 184.2 182.4 181.9 179.2 176.6 174.3 172.3 171.8 170.3 168 166 165.1 164.2 162.8
199.7 197.9 197.8 193 192.2 191.8 193.9 194 193.9 193.8 193.4 193.5 193.2 193.1 193 192.4 192.3 192.2 191.6 191 188.6 184.8 188.5 188.6 187 186.1 184.2 183.2 181.7 181.7 181.3 180 180.3 182.7 183.6 186.6 189.4 191.6 191.9 192.6 193.4 193.8 194.2 194.3 196.4 198 198.6 199.9 200.8 201.9 201.6 201.3 201.1 200.5 200.3 199.8 199.2 198.1 195.1 193.1 191.1 189.5 186.2 184.9 183.5 181.1 179.9 177.4 175.2 172.9 171.3 171.3 169 167.7 166.5 164.6 163.2 162.1
202.6 201.2 200.1 198.9 196.2 193.6 190.6 191.8 191.7 191.3 192.4 192.6 192.4 192.1 191.8 191.1 191.9 191.9 190.7 190.2 185.2 185.1 183.6 183 182.4 182.8 181.8 182.1 181 180.4 180.5 181.5 182.6 183.2 183.8 185.6 188.4 189.8 190.6 191.3 191.7 192.1 192.4 192.4 192.9 194.8 194.8 197.5 199 200 201 200.7 200.5 200.5 200.3 200.2 199.7 198.2 195.9 194 192 189.9 187.5 184.1 181.9 179.6 177.6 175.7 173.8 170.7 168.8 168.3 166 164.1 162.3 161.4 161 160
205.5 203.8 201.8 200.8 199.9 197 192.7 192.3 189.6 190.5 189 190.6 191.1 191.1 190.3 190.7 189.5 190.9 192.4 186.1 188.8 189 188.4 184.9 183 181.1 180.3 179.6 181.5 178.4 180 181.8 182.5 183.1 183.7 187.2 187.5 188.3 189.8 190.4 190.7 190.7 190.8 190.7 190.5 190.5 191.8 194.1 195.4 196.5 198.3 198.6 198.7 199.2 199.6 200 200.4 199 196.3 194.3 192.4 190.5 188 184 180.6 178.4 176.4 173 170.4 166.6 166.4 165.1 162.7 161 158.2 157.4 156.8 157
206.9 204.8 202.9 202 201.1 198.7 195.6 194.4 194 191.9 188.7 188.6 190.5 188.2 188.9 187 189.8 190.3 186.4 190.5 191.9 189.3 185.2 184.3 183.2 181.4 180.5 178.9 180.8 178.8 181 182 182.4 182.8 183.2 184.1 184.9 186.4 187.5 188.1 189 189.1 189 189.1 189.5 189.1 189.5 192.4 194.2 195.1 195.9 196.7 197.1 197.5 199.1 200.3 200.3 199.4 196.7 194.7 192.8 190.3 187.5 183.9 180.1 177.2 174.2 169.5 166.9 164 162.4 160.3 158.3 155.9 154.3 153.4 152.7 152.8
207.6 205.6 203.9 202.8 201.6 200.9 198.8 197.5 194.5 191.7 191.5 188.1 187.6 189 188.1 189.4 187.1 189.5 192.1 192.9 191.8 189.5 183.9 182.3 181.6 180.9 179.6 179.1 178.3 178.1 180 181.9 182.4 182.7 182.9 182.9 183.5 183.7 185 185.9 187 187.7 188.1 188.4 188.3 188 187.8 190 191.8 192.6 193.3 193.2 194.4 195.8 198 199.8 200.4 198.9 197.2 195.2 193.3 190 187 183.7 179.9 176.1 172.2 168.2 163.9 160.1 158.7 154.7 153.9 152.4 151.4 150.5 151.1 150.6
208.2 206.2 205.3 203.7 202.1 201.4 200.6 198.2 194.9 193.4 192.6 190.8 189.8 188.7 190.5 190.2 189.7 192 192.3 191.1 186.9 185.5 183.4 184.7 183.6 182.4 181.4 181.9 181.5 178.6 179.4 181 182 182.2 182.4 182.4 182.3 180.6 182.5 183.1 185.2 186.9 187.4 187.6 187.9 186.9 186.9 186.9 188.8 190.1 190.4 191.1 192.5 194 196.5 198.5 199.4 199.4 197.7 195.3 193.9 191.1 187.5 184.5 181.5 178.5 174 168.9 163.8 158.9 154.2 152.1 150.7 149.7 148.7 148.8 149.6 149.5
208.7 207.4 206.6 204.8 203 202.2 201.4 200.5 197.6 194.9 194.1 192.6 190.4 189.5 191.1 191.5 191.7 192 189.9 186.3 184.3 184.3 184.9 185.5 184.6 183.5 183.7 183.8 183.2 181.1 178 179.7 180.9 181.5 181.6 180.7 181 180.6 179.3 180.7 181.3 183.2 186.4 187.6 186.5 185.5 186 185.2 184.4 185.1 186.4 187.3 189.9 191.8 193.7 195.6 197.6 198.7 197.8 195.5 194.4 192.3 188.8 185.9 183.4 180.9 176.5 171.6 167.3 162.2 158.4 154 151.8 150.4 148.9 148.2 148 149.4
209.5 208.3 207.3 205.4 203.8 203 202.2 201.1 199.3 197.6 195.5 194.1 192.9 191.6 192.3 192.5 192.3 191.4 187.4 185.6 186.6 188.3 188.2 188.6 186.9 187.8 187.2 186.4 184.3 182.6 177.3 178.6 179.1 180.1 178.6 177.6 177.1 177.8 176.5 176.8 178.7 178.4 181.8 183.2 182.3 181.3 179.8 181.3 182 181.3 181.6 184 187.1 189.2 190.9 192.7 194.4 196.4 197.2 196.2 195 193.4 190.2 187.3 185.2 183.2 179.9 176.2 171.5 166.2 161.4 157.5 154 152.4 150.8 148.8 146.8 149
210.1 208.3 207.5 205.3 204.3 203.8 203 201.7 199.9 198.2 196.8 195.7 194.7 192.9 192.7 192.9 192.2 191.7 187.9 189 189.5 190.3 190.5 191.7 192 191.5 190 189 187 184.1 181.6 181.5 180.8 177.3 177.2 178.7 178.9 177.9 178.5 177.4 177.2 174.9 175.8 174.7 175.3 175.8 175.7 174.9 174.4 174.9 175.7 177.5 181.1 186.5 188.7 190.8 192 193.2 194 194.2 195.4 195.8 193.7 190.4 188.3 184.8 183.1 179.8 175.3 170.6 165.8 161.4 157.1 154.5 153.1 150.5 148.4 147.2
210.5 208 206.6 205.4 204.7 204.1 203.3 202.3 200.8 199.4 197.9 196.3 195 193.3 194.2 193.5 191.9 189.3 188.6 190.2 190.7 191.6 192.6 194.3 193.6 192.2 190.8 189.4 187.1 184.4 183.7 183.1 182.3 178.7 180.3 181.2 181.4 181.3 181.1 180.5 179.1 178.1 177 175.3 175.4 172.8 171.7 172 172.5 171.1 170 171.3 173.6 180.5 184.2 186.4 186.9 188.9 189.7 191.1 193.6 194.7 194.6 192.6 189.9 185.9 182.8 179.8 175.8 171.7 167.4 163 159.4 156.3 154.5 151.6 150.1 147.4
210.8 208 206.6 205.7 205 204.1 203.2 201.9 200.7 199.3 197.8 197 196.7 195.9 194.2 193 191.3 188.1 191 192.3 193.3 193.6 193.1 194 194.6 193.2 192 189.5 187.2 186.2 185.4 184 183.1 180.8 183.5 185.6 186.8 187.6 186.9 186.2 184.9 182.4 179.7 178.1 176.9 176.5 175.4 170.9 170.9 171.2 170.2 169.1 168.8 171.3 176.7 180.2 182.5 184.5 187 189.9 190.8 191.9 192.7 192.1 187.6 185.5 182.5 179.5 175.4 171.1 167 163.5 160.1 157.2 154.9 152.6 151 149.9
211.2 208.1 206.9 205.8 204.6 203.8 202.6 201.4 200.2 199.5 199 198.5 197.9 196.9 194.7 189.8 189.2 191.9 192.6 194.6 196.7 197 196.5 195.9 195.4 194.7 193.1 190 188.5 187.9 186.5 185.2 183.9 180.5 185.4 189.8 189.1 189.6 189.5 188.8 187.2 185.2 180.7 179.3 178.2 177.3 175.9 174.4 173.7 172.2 173.3 174.2 174.5 167.9 172.1 177 179 182.5 185.2 186.4 187.8 189.8 191 190.5 188.9 185.8 182.8 179.2 174.9 170.6 167.5 164.4 161.2 157.8 155.2 153.5 151.9 150.7
210.4 207.4 206 204.8 204 203.6 202.9 202.7 202.1 201.3 200.4 199.6 198.7 197.1 192.5 191.2 192.4 193.4 194.7 197.8 200.1 200.4 200 199.6 198.9 196.4 194.3 192.1 190.2 189.1 187.7 186.3 184.8 182.9 186.1 189.4 190.2 191.4 190.9 189.8 188.6 186.5 183.7 180.6 179.3 178.4 176.9 176.7 176.7 174.1 174.5 174.6 174.8 172.1 167.5 173 176.3 180.2 182.8 183.8 185 186.6 187.7 188.3 187.1 184.2 181.2 178.6 175.1 171.8 169.2 166.3 162.4 158.9 156.3 153.8 152.4 151.3
209.6 206.8 205.5 206.2 205.9 205.3 204.7 203.6 202.8 201.9 201 200.1 198.9 197.6 191.1 193.2 193.8 195.4 197.6 201 202.7 203.3 203.6 203.4 201.8 198.6 196.1 193.9 191.3 189.4 188.1 186.7 185.2 183.7 187.3 190.1 192.1 193.1 192.5 190.4 189.3 187.2 186 183.9 182.7 181.1 180.7 181.8 180.7 177.4 175.4 174.9 174.6 173.8 170.6 164.9 171.9 176 179.3 181.3 182.2 184.1 185.1 185.6 184.9 185 182.9 179.6 176.1 173.4 170.3 167.6 164.2 160.5 158.2 155.5 153.3 152.2
211 209.4 207.4 207.3 207.1 206.4 205.1 204.1 203.3 202.2 201 200.1 199.3 196.5 192.5 194 196.3 198.5 200.7 203.8 204.5 205 205.5 205.2 202.9 199.5 197.4 194.8 192.2 189.8 188 186.7 183.7 186.1 189.1 192.3 193 193.1 192.3 190.9 188.9 188.2 187.1 186.1 185.7 185.1 186.8 186.9 184.9 181.8 179.2 177.3 172.7 171.6 170.6 167.3 166.8 170.9 174.7 177.6 178.8 181.5 182.3 182.5 182.4 184.2 182.5 179.6 176.9 173.7 170.5 168.5 165.9 163 160.1 157.2 154.8 153.2
216.7 213.2 211.8 208.9 208.2 206.8 205.3 204.5 203.6 202.6 200.8 199.3 198.5 194.1 195.5 195.9 198.3 200.8 203.4 205.9 206.3 206.6 207 206 203 200.3 197.8 195.4 193 190.5 188.5 186.6 184.5 188.1 190.9 193.2 193.2 193.2 192.1 190.9 190.5 190.6 192 192.3 190.8 190 191.5 191.1 188.8 186.1 183.6 180.5 176.5 169.6 168.8 168.1 163.7 167.1 168.9 171.2 174 176.4 178 178.8 179.9 181.3 178.8 176.8 176.3 174 171.3 169.3 166.9 164.1 161.7 158.8 156.4 154.4
219.6 215.4 213.3 210.7 208.7 207.1 205.8 204.9 203.9 202.9 201.4 199.4 197.5 194 197.2 198.4 200 202.5 205.5 207.7 208.2 208.1 208.4 206.8 203.7 200.9 198 195.6 193.4 191.2 189.4 187.1 186.5 189.3 191.6 193.6 193.5 193.2 192.7 192.4 192.7 194.8 197 197.8 197 195.2 194.1 191.7 189.3 187.3 185.1 182 177.5 173.1 169.4 166.7 165.3 163.7 165.3 166.2 168.3 169.5 171.8 172.6 176.2 177.2 175.8 174.6 175.4 174.2 171.9 169.3 167.6 164.9 162.6 160.4 158 155.6
222 217.7 214.7 212.1 210 208.1 206.5 205.2 204.3 203.2 201.8 199.9 197.4 195.3 198.7 200.2 201.9 205.1 208.1 209.4 210.3 210.3 209.8 207.8 205.2 202.4 199 195.4 193.2 191 188.4 186.2 187.6 189.9 192.4 194 193.9 194 194.1 194.4 196.4 200.1 202.4 201.1 199.5 197.9 196.2 193.4 190.3 187.4 185.3 181.5 177.7 173.5 169.8 167.2 164.7 163.2 163.2 162.8 162.7 162.8 164.6 168.5 172.1 174.8 173.6 173 173.8 173.5 170.3 168.9 167.6 165.6 163.2 160.7 158.8 156.1
223.9 219.7 216.4 213.9 211.7 209.5 207.7 206.1 204.6 203.6 202.2 199.6 197.9 197.9 200.4 202.1 204 207.2 210.4 211 211.5 212.3 211.8 208.8 205.3 202.7 199.5 195.5 192.9 190.4 187.9 189.7 190.5 193.6 195.2 196 195.3 196.3 196.6 198.2 202.8 205.9 205.9 204.6 202.1 200.6 198 195.3 192.3 189.2 185.3 180.6 178.3 172.2 168.9 166.2 164.7 162.4 160.1 161 160.6 160.5 161.8 165.7 168.3 171 171.3 171.1 171.4 170.3 169.3 168.1 166.8 166.2 162.9 160.9 159.5 156.5
224.5 220.8 217.6 214.4 211.4 210.2 208.7 207.2 205.6 204 202.9 201.6 197.1 199.5 202.7 204.6 205.4 208.5 210.9 211.6 212.2 212.8 211.5 208.7 204.9 201.8 199.3 195.6 192.4 188.6 190.9 191.3 195.5 198.2 198.9 199.9 199.2 199.9 200.9 205.5 209.5 210.8 209.9 207.6 205.1 202.6 200 197.5 193.6 189.7 185.9 180.9 179.4 175.6 169.8 169.5 168.8 166.2 162.3 159.6 158.5 159.2 158.7 160.4 162.5 165.5 166 168 168.4 168 167.1 166.3 165.2 164 162.2 160.2 158.5 157
223.4 219.6 216.4 213.6 212.5 211.3 209.8 208.2 206.4 204.6 203.3 202.2 196.8 200.4 204 206.4 207.5 208.8 210.1 211.4 212.4 212.7 212 209.5 205.2 202.1 199.2 195 192.1 193.5 195.1 199.8 202.3 202.6 202.7 203.1 203.4 205.1 209.4 212.5 214.2 214.2 212.3 210.1 207.1 204.1 202.5 199.8 195.6 190.9 187.6 183.8 182.1 177.9 175.7 173.4 171.9 170.3 167.3 163.8 158.3 157.5 156.5 158.6 158.7 159.3 160.5 161 162.6 163.3 162.7 161.5 161.6 161.3 159.8 157.3 156.1 155.2
222.3 219.2 216.2 214.7 213.6 212.4 210.8 208.9 207.1 205.3 204.1 202.1 199.1 203.6 206.2 207.3 208.1 208.5 209.6 210.9 212.1 212.3 211.5 207.5 203.7 200.4 197.7 193 195.8 199.2 202.5 205.2 206.4 206.3 205.5 206.2 206.4 211.3 217.9 218.1 217.6 215.3 212.4 210.4 208.1 205.5 202.7 199.5 195 191.5 188.8 186.7 185.4 183.3 180.7 181.2 178.6 174.8 171 167.9 164.7 158 156 156.1 156.7 157.3 156.9 157 157 157.2 152.5 151.8 151.1 151.1 149.8 154.4 153.6 152.4
222 219.8 217.8 216.1 214.7 213.3 211.4 209.6 207.9 206.1 205.2 204.3 203.4 204.2 206.7 208.1 208.4 208.7 209.3 210.5 211.3 211.8 209.8 205.8 202.4 199.7 196.1 194.5 199.7 203.7 206.4 207.6 208 207.9 207.6 208.2 209 216.1 220.7 220.2 218.6 216.7 212.6 210.9 208.6 206.5 201.9 197.4 195.1 192.7 192 190.9 190.5 190 186.9 184.5 182.8 179.4 176.5 173.1 168.7 163.3 156.5 154.9 154.7 154.1 154.3 154.4 154.1 152.7 151.4 152.8 153.4 152.4 153.4 152 151.6 149.4
223 221.3 219.1 217 215.6 213.9 211.8 210.4 208.7 207 206.3 205.5 204.3 201.6 206.7 207.9 208.5 209 209.3 210.1 210.2 209.3 207.3 204.7 202 199.2 196.1 198.5 203.7 207.7 210 210.2 210.2 210.2 210.2 210.8 211.7 218.5 224.1 224.3 222.5 218.3 214.4 211.2 209.2 204.3 199.9 197.2 195.9 196.2 196 194.4 192.4 191.5 189.8 186.8 183.1 179.5 176.6 173.7 170 165.2 157.5 158 155.5 154.6 154.2 152.9 154.1 155.1 156.9 157.1 156.3 153 153.9 154.3 153.7 152.5
223.2 221.8 219.3 217.6 216.1 214 211.9 210.4 209.1 207.9 207.2 206.5 204.8 201.2 206.5 207.6 208.4 208.9 209.4 209.8 209.5 207.5 205.8 203.5 201.2 199.4 196.8 201.9 206.4 210.2 212.4 213 213.1 213 213.3 214 215.1 222.8 226.5 226.2 223 219.9 215.4 210.9 207.3 202.5 200 198.2 198.2 197.9 197.4 196.6 194.4 193.4 189.4 186.8 183.4 179.7 176.7 173.9 170.9 164.7 163 162 159.5 157.8 157.7 154.7 155.8 158.1 158.5 157.5 155.5 156.6 158.8 159.4 159 158.6
223.4 222 220.2 217.6 215.4 214 211.4 210.1 209.1 207.8 206.8 206 204.5 203.8 206.4 207.3 208.4 208.9 209 208.8 208.3 206.3 204.2 203.1 202.3 200.8 199.8 204.4 209.2 212.4 215.1 215.4 215.6 216.2 216.9 217 219.6 225 226.3 225.6 222.3 218.7 213.2 208.7 205.5 202.2 200.2 200 199.5 199.2 199.1 197.1 195.7 193.2 189 186.5 183.2 180 176.7 173.5 170 163.1 164.6 164.4 162.8 160.9 159.9 158.4 155.8 158 157 155.7 157.6 158 159.6 160.2 160.9 161.3
222 221.4 219.9 217.2 214.4 212.9 210.8 209.3 208.9 207.8 206.3 203.8 202 205 206.6 207.4 208.3 208.3 208.5 207.8 206.9 205.6 204.4 203.2 201.9 200.9 201.8 207.2 211.9 215.1 218.3 220.3 221.4 221.9 222.2 223.3 223.6 224.8 225.4 223.9 221.2 217.8 212 208.5 205.8 202.8 203 203.8 202.5 200.6 199.9 197.5 193.5 190.8 187.9 185.5 182.2 178.7 175.8 172.8 168.2 167.1 165.8 165.3 163.8 161.5 160.3 157.5 158.8 159.3 158.9 157.9 155.8 156.5 157.4 159 160.2 161
220.8 218.4 216.6 214.6 212.8 211.5 208.8 208.6 208.5 207.7 206.6 204.2 206.1 205.1 206.3 207.3 208.3 208.1 207.9 206.7 206.1 206 205 203.1 202.1 199.8 204.1 208.5 213.4 217.1 220.6 223.7 225.1 225.6 225 224.9 225.2 224.6 224.7 223.2 220.3 215.7 210.9 208.2 207.5 206.7 206.3 204.7 203.2 201.3 198.2 194.9 192.3 189.5 186.7 183.6 180.7 177.8 174.6 171 169.8 169.7 168.6 166.3 164.6 161.4 160.5 159.6 160.7 160.8 160.5 159.5 159.3 159 157.2 157.3 159.4 160.5
221.7 219.4 216.6 214.7 212.8 211.7 209.9 207.7 206.3 205.4 205.5 205.5 206.9 206.3 206.6 207.3 208.3 208.3 206.6 207.8 207.4 206.6 205.8 203.9 202.4 202.1 205.1 209 213.9 218.4 222.1 225.1 226.5 226.6 226.3 226.2 225.6 224.4 223.8 221.9 217.8 213.3 210.3 209.8 209.7 208.3 206.3 204.6 202.6 199.5 196 193.3 191 188.3 185.4 182.4 179.8 177.6 173.6 171.3 173.2 172.5 171.5 169.3 164.9 164.3 164 163.3 162.6 162.4 162.1 161.6 161 160.3 160.2 159.4 158.1 159.7
221.3 219.9 216.8 215 212.4 210.1 206.8 206.1 207 205.1 206.3 206.1 207.6 206.9 207.7 208.1 208.6 208.3 208 208.5 207.7 207 206.2 204.7 202.8 203.4 206.4 209.5 214.4 219.3 223.4 225.3 226.9 227.2 227.3 226.7 225.6 224.3 223.1 220.2 216.4 212.5 211 210.3 209.2 207.8 205.8 203 200.2 197.1 194.1 191.9 189.7 186.4 182.2 181.5 178.5 178.7 175.8 175.4 176.3 175.4 174.4 172 167.8 169.1 167.9 166.5 166.1 165.3 164 163.2 162.6 162 161.6 160.3 159.3 159.4
218.3 216.7 214.7 213 211.5 207.7 206.2 209.3 209 208.8 209.6 208.5 208.9 208.3 208.7 209.1 209.4 209.1 208.9 209.5 208.4 207.4 206.5 205.5 205.2 203 206.8 209.4 214 219.3 222.8 224.8 225.6 226.4 226.4 226.2 225.5 224.6 224 220.6 217 214.9 213.7 211.2 209.5 207.7 205.4 202 198.2 196.4 193.4 192 189.7 187.9 186.9 185.3 183.4 180.8 178.2 178.6 179.5 178.8 177.7 174 173.1 173.7 172.4 171.4 170.3 169.2 167.8 166.4 164.9 163.8 163.9 162.3 162 162.8
