UK/data/sn/sn25_OST50GRID_20230518/SN25.asc
ncols 200
nrows 200
xllcorner 220000
yllcorner 250000
cellsize 50
[rows 152 to 189 of 200, columns 84 to 167 of 200]
126.7 127.1 126.8 128.8 130.4 130.4 130.4 127.4 124.7 121.4 115.7 111.2 107.8 102.1 89.7 75.4 45.7 23.6 -1.2 -1.2 -1.2 -1.2 -1.2 -1.2 -1.2 -1.2 -1.2 -1.2 -1.2 -1.2 -1.2 -1.2 -1.2 -1.2 -1.2 -1.2 -1.2 -1.2 -1.2 -1.2 -1.2 -1.2 -1.2 -1.2 -1.2 -1.2 -1.2 -1.2 -1.2 -1.2 -1.2 -1.2 -1.2 -1.2 -1.2 -1.2 -1.2 -1.2 -1.2 -1.2 -1.2 -1.2 -1.2 -1.2 -1.2 -1.2 -1.2 -1.2 -1.2 -1.2 -1.2 -1.2 -1.2 -1.2 -1.2 -1.2 -1.2 -1.2 -1.2 -1.2 -1.2 -1.2 -1.2 -1.2
129.7 129.1 129.6 131.2 131.9 131.9 132.4 130 126.1 123.5 118.3 113.2 109.9 103.9 92.5 63.3 40.2 17.5 -1.2 -1.2 -1.2 -1.2 -1.2 -1.2 -1.2 -1.2 -1.2 -1.2 -1.2 -1.2 -1.2 -1.2 -1.2 -1.2 -1.2 -1.2 -1.2 -1.2 -1.2 -1.2 -1.2 -1.2 -1.2 -1.2 -1.2 -1.2 -1.2 -1.2 -1.2 -1.2 -1.2 -1.2 -1.2 -1.2 -1.2 -1.2 -1.2 -1.2 -1.2 -1.2 -1.2 -1.2 -1.2 -1.2 -1.2 -1.2 -1.2 -1.2 -1.2 -1.2 -1.2 -1.2 -1.2 -1.2 -1.2 -1.2 -1.2 -1.2 -1.2 -1.2 -1.2 -1.2 -1.2 -1.2
131.3 131.4 131.9 133.3 133.8 133.6 133.5 131.3 128.4 123.9 118 113.4 108.9 99.8 85.3 58.7 23.3 -1.2 -1.2 -1.2 -1.2 -1.2 -1.2 -1.2 -1.2 -1.2 -1.2 -1.2 -1.2 -1.2 -1.2 -1.2 -1.2 -1.2 -1.2 -1.2 -1.2 -1.2 -1.2 -1.2 -1.2 -1.2 -1.2 -1.2 -1.2 -1.2 -1.2 -1.2 -1.2 -1.2 -1.2 -1.2 -1.2 -1.2 -1.2 -1.2 -1.2 -1.2 -1.2 -1.2 -1.2 -1.2 -1.2 -1.2 -1.2 -1.2 -1.2 -1.2 -1.2 -1.2 -1.2 -1.2 -1.2 -1.2 -1.2 -1.2 -1.2 -1.2 -1.2 -1.2 -1.2 -1.2 -1.2 -1.2
132.7 133.4 134.2 135.2 135.4 134.6 132.9 131.1 126.5 121.5 116.9 113.3 107.5 97.9 76.8 49.6 6.1 -1.2 -1.2 -1.2 -1.2 -1.2 -1.2 -1.2 -1.2 -1.2 -1.2 -1.2 -1.2 -1.2 -1.2 -1.2 -1.2 -1.2 -1.2 -1.2 -1.2 -1.2 -1.2 -1.2 -1.2 -1.2 -1.2 -1.2 -1.2 -1.2 -1.2 -1.2 -1.2 -1.2 -1.2 -1.2 -1.2 -1.2 -1.2 -1.2 -1.2 -1.2 -1.2 -1.2 -1.2 -1.2 -1.2 -1.2 -1.2 -1.2 -1.2 -1.2 -1.2 -1.2 -1.2 -1.2 -1.2 -1.2 -1.2 -1.2 -1.2 -1.2 -1.2 -1.2 -1.2 -1.2 -1.2 -1.2
133.1 134.3 134.7 135.3 135.1 133.5 131.3 128.2 124.8 120.6 116.2 112.6 106.4 87.3 74.9 49.3 27.2 1.6 -1.2 -1.2 -1.2 -1.2 -1.2 -1.2 -1.2 -1.2 -1.2 -1.2 -1.2 -1.2 -1.2 -1.2 -1.2 -1.2 -1.2 -1.2 -1.2 -1.2 -1.2 -1.2 -1.2 -1.2 -1.2 -1.2 -1.2 -1.2 -1.2 -1.2 -1.2 -1.2 -1.2 -1.2 -1.2 -1.2 -1.2 -1.2 -1.2 -1.2 -1.2 -1.2 -1.2 -1.2 -1.2 -1.2 -1.2 -1.2 -1.2 -1.2 -1.2 -1.2 -1.2 -1.2 -1.2 -1.2 -1.2 -1.2 -1.2 -1.2 -1.2 -1.2 -1.2 -1.2 -1.2 -1.2
133 134 134.4 134.8 134.7 132.1 128.9 129.3 123.5 119.5 115.7 110.6 104.4 95.5 87.9 61 44.4 16.4 4.6 -1.2 -1.2 -1.2 -1.2 -1.2 -1.2 -1.2 -1.2 -1.2 -1.2 -1.2 -1.2 -1.2 -1.2 -1.2 -1.2 -1.2 -1.2 -1.2 -1.2 -1.2 -1.2 -1.2 -1.2 -1.2 -1.2 -1.2 -1.2 -1.2 -1.2 -1.2 -1.2 -1.2 -1.2 -1.2 -1.2 -1.2 -1.2 -1.2 -1.2 -1.2 -1.2 -1.2 -1.2 -1.2 -1.2 -1.2 -1.2 -1.2 -1.2 -1.2 -1.2 -1.2 -1.2 -1.2 -1.2 -1.2 -1.2 -1.2 -1.2 -1.2 -1.2 -1.2 -1.2 -1.2
131 131.6 132.8 133.6 133.3 131.6 128.9 125.5 122.4 119 115.9 112.5 107.3 101.9 95.4 87 67.5 48.1 26.9 -1.2 -1.2 -1.2 -1.2 -1.2 -1.2 -1.2 -1.2 -1.2 -1.2 -1.2 -1.2 -1.2 -1.2 -1.2 -1.2 -1.2 -1.2 -1.2 -1.2 -1.2 -1.2 -1.2 -1.2 -1.2 -1.2 -1.2 -1.2 -1.2 -1.2 -1.2 -1.2 -1.2 -1.2 -1.2 -1.2 -1.2 -1.2 -1.2 -1.2 -1.2 -1.2 -1.2 -1.2 -1.2 -1.2 -1.2 -1.2 -1.2 -1.2 -1.2 -1.2 -1.2 -1.2 -1.2 -1.2 -1.2 -1.2 -1.2 -1.2 -1.2 -1.2 -1.2 -1.2 -1.2
129 130 131.3 132.4 132.3 129.3 126.8 124.5 122.4 120 117.4 115.2 110.8 104.9 100.5 94.1 81.1 77.7 36.7 4.6 1.5 10.2 26.9 -1.2 -1.2 -1.2 -1.2 -1.2 -1.2 -1.2 -1.2 -1.2 -1.2 -1.2 -1.2 -1.2 -1.2 -1.2 -1.2 -1.2 -1.2 -1.2 -1.2 -1.2 -1.2 -1.2 -1.2 -1.2 -1.2 -1.2 -1.2 -1.2 -1.2 -1.2 -1.2 -1.2 -1.2 -1.2 -1.2 -1.2 -1.2 -1.2 -1.2 -1.2 -1.2 -1.2 -1.2 -1.2 -1.2 -1.2 -1.2 -1.2 -1.2 -1.2 -1.2 -1.2 -1.2 -1.2 -1.2 -1.2 -1.2 -1.2 -1.2 -1.2
127.7 128.8 130.1 130.8 129.7 127.6 126.6 124.4 122.6 121.7 119.5 117.6 112.4 108.6 105 100.6 95.9 88.1 81.1 71.6 55.3 58.5 49.4 42.1 37.3 30.2 23 -1.2 -1.2 -1.2 -1.2 -1.2 -1.2 -1.2 -1.2 -1.2 -1.2 -1.2 -1.2 -1.2 -1.2 -1.2 -1.2 -1.2 -1.2 -1.2 -1.2 -1.2 -1.2 -1.2 -1.2 -1.2 -1.2 -1.2 -1.2 -1.2 -1.2 -1.2 -1.2 -1.2 -1.2 -1.2 -1.2 -1.2 -1.2 -1.2 -1.2 -1.2 -1.2 -1.2 -1.2 -1.2 -1.2 -1.2 -1.2 -1.2 -1.2 -1.2 -1.2 -1.2 -1.2 -1.2 -1.2 -1.2
126.4 127.2 127.9 128 127.2 125.8 124.3 123.8 124.1 123.3 120.9 118.3 114.6 112.1 108.7 105.7 102.4 94.3 86 77.8 68.3 66 59.3 54.1 48.7 42.7 34.3 21.9 -1.2 -1.2 -1.2 -1.2 -1.2 -1.2 -1.2 -1.2 -1.2 -1.2 -1.2 -1.2 -1.2 -1.2 -1.2 -1.2 -1.2 -1.2 -1.2 -1.2 -1.2 -1.2 -1.2 -1.2 -1.2 -1.2 -1.2 -1.2 -1.2 -1.2 -1.2 -1.2 -1.2 -1.2 -1.2 -1.2 -1.2 -1.2 -1.2 -1.2 -1.2 -1.2 -1.2 -1.2 -1.2 -1.2 -1.2 -1.2 -1.2 -1.2 -1.2 -1.2 -1.2 -1.2 -1.2 1.4
124.6 125.4 125.9 125.5 124.6 123.8 123.3 123.4 123.5 122.3 121.5 119.6 118 115.9 113.6 111.7 105 97.1 92.8 83.5 77.5 71.8 67.3 62.7 59 52.5 45.6 30.2 15 -1.2 -1.2 -1.2 -1.2 -1.2 -1.2 -1.2 -1.2 -1.2 -1.2 -1.2 -1.2 -1.2 -1.2 -1.2 -1.2 -1.2 -1.2 -1.2 -1.2 -1.2 -1.2 -1.2 -1.2 -1.2 -1.2 -1.2 -1.2 -1.2 -1.2 -1.2 -1.2 -1.2 -1.2 -1.2 -1.2 -1.2 -1.2 -1.2 -1.2 -1.2 -1.2 -1.2 -1.2 -1.2 -1.2 -1.2 -1.2 -1.2 -1.2 -1.2 1.3 12.4 41.7 58.2
122.5 123.1 123.2 122.9 123 122.8 122.5 122.7 122.5 121.8 121.4 122.6 121.4 119.6 116.8 112.8 106.2 99.5 93 86.3 82.8 78.3 74.1 69.9 65.5 59.3 52 39.6 20.3 -1.2 -1.2 -1.2 -1.2 -1.2 -1.2 -1.2 -1.2 -1.2 -1.2 -1.2 -1.2 -1.2 -1.2 -1.2 -1.2 -1.2 -1.2 -1.2 -1.2 -1.2 -1.2 -1.2 -1.2 -1.2 -1.2 -1.2 -1.2 -1.2 -1.2 -1.2 -1.2 -1.2 -1.2 -1.2 -1.2 -1.2 -1.2 -1.2 -1.2 -1.2 -1.2 -1.2 -1.2 -1.2 -1.2 -1.2 -1.2 -0.2 0.5 1.6 45.5 66.7 89 103.9
120.7 121.3 121.6 122.1 121.8 121.8 121.7 122 121.9 121.5 121.9 122.9 122.3 118.9 115.1 110.7 106.2 100.6 94.8 90.2 87.7 84.3 79.5 74.5 70.2 62.9 55.3 45.4 25.4 -1.2 -1.2 -1.2 -1.2 -1.2 -1.2 -1.2 -1.2 -1.2 -1.2 -1.2 -1.2 -1.2 -1.2 -1.2 -1.2 -1.2 -1.2 -1.2 -1.2 -1.2 -1.2 -1.2 -1.2 -1.2 -1.2 -1.2 -1.2 -1.2 -1.2 -1.2 -1.2 -1.2 -1.2 -1.2 -1.2 -1.2 -1.2 -1.2 -1.2 -1.2 -1.2 -1.2 -1.2 -1.2 -1.2 -1.2 1.5 1.2 29.5 61.7 91.9 107 115.9 124.5
118.7 119.9 120 120.6 120.4 120.1 120.6 121 120.8 120.7 120.9 120.8 118.7 115.1 111.8 107.5 103.9 100.4 95.5 92.5 90.5 88 82.3 76 71.1 65.4 57 46.7 30.9 18.8 -1.2 -1.2 -1.2 -1.2 -1.2 -1.2 -1.2 -1.2 -1.2 -1.2 -1.2 -1.2 -1.2 -1.2 -1.2 -1.2 -1.2 -1.2 -1.2 -1.2 -1.2 -1.2 -1.2 -1.2 -1.2 -1.2 -1.2 -1.2 -1.2 -1.2 -1.2 -1.2 -1.2 -1.2 -1.2 -1.2 -1.2 -1.2 -1.2 -1.2 -1.2 -1.2 -1.2 -1.2 -1.2 1.2 27.2 57.1 73 90.5 113.7 121.3 129.2 135.6
116.6 117.6 118.1 117.7 117.7 117.7 118.8 119.7 119.5 118.8 117.9 117.8 116.2 112.8 109.2 104.2 103.3 101 97.2 93.3 91 87.4 81.6 76.1 71.2 65.5 58.5 48.7 31.5 21.7 0.9 -1.2 -1.2 -1.2 -1.2 -1.2 -1.2 -1.2 -1.2 -1.2 -1.2 -1.2 -1.2 -1.2 -1.2 -1.2 -1.2 -1.2 -1.2 -1.2 -1.2 -1.2 -1.2 -1.2 -1.2 -1.2 -1.2 -1.2 -1.2 -1.2 -1.2 -1.2 -1.2 -1.2 -1.2 -1.2 -1.2 -1.2 -1.2 -1.2 -1.2 -1.2 -1.2 1.1 -1.2 22.1 55.3 70.8 83.4 108.5 129.8 135 139.8 140.2
113.7 115 115.4 115.4 116.1 116.7 116.6 117.1 116.8 115.8 115.6 114.7 113.1 110.1 107.2 103.4 102.9 100.1 98.1 92.4 89.9 86 80.1 74.2 70.1 66.1 58.6 47.1 29.6 18 0.8 -1.2 -1.2 -1.2 -1.2 11.2 17.6 18 -1.2 -1.2 -1.2 -1.2 -1.2 -1.2 -1.2 -1.2 -1.2 -1.2 -1.2 -1.2 -1.2 -1.2 -1.2 -1.2 -1.2 -1.2 -1.2 -1.2 -1.2 -1.2 -1.2 -1.2 -1.2 -1.2 -1.2 -1.2 -1.2 -1.2 -1.2 -1.2 -1.2 -0.1 0.7 3.1 30.4 30.9 32.3 72.1 90.3 124.8 136.3 139.3 140.8 138.7
109.4 111.2 113.4 113.9 114.5 115.5 115.4 115.5 115.1 114.1 113.4 112.9 110.9 108 106.1 102.6 99 93.6 90.6 88.9 87.9 84.2 77.3 70.9 66 60.5 54.3 37.9 16.5 12.8 2.8 1 1 0.8 -1.2 -1.2 17.9 19.2 24.3 24.2 24.1 9.3 -1.2 -1.2 -1.2 -1.2 -1.2 -0.7 -1.2 -1.2 -1.2 -1.2 -1.2 -1.2 -1.2 0.5 -1.2 -1.2 -1.2 -1.2 -1.2 -1.2 -1.2 -1.2 -1.2 -1.2 -1.2 -1.2 -1.2 -0.1 0.3 0.9 1.6 12 30.4 39.2 32.1 55.2 92.5 128.3 136.1 137.8 136.8 135.2
112 112.3 111.9 113.4 114.2 114.9 115.3 115.2 114.4 113.8 112.8 110.3 109.2 107.8 103.5 100.9 97.4 86.8 82.2 78.2 81.2 78.7 72.8 65.1 57.3 49.8 42.5 24.6 16.6 8 14.8 13.6 14 1.5 -0.1 -1.2 18.7 22.7 26.3 28.5 26.8 24.1 22.5 21.4 1.7 -1.2 1.7 20.2 -1.2 24.1 26.4 28.9 29.6 29.6 26.2 9.8 -1.2 -1.2 28.4 26.4 34.3 36.8 38.7 30.6 1.7 1.7 1.3 1.6 1.5 1.3 1.4 4.1 8.1 16.8 23.4 41.1 37 48.7 86.4 121.8 132.1 133.5 132.3 131.4
114.1 114.1 113.9 114.3 114.6 115.3 115.8 115.4 114.1 113.9 112.9 111.6 105.9 102.9 99.2 84.7 76.5 64.7 63.2 65.3 63.9 68.4 69.3 60.5 50.7 40.5 32.2 26 13.1 18.2 16.8 19.3 18.9 0.7 -0.8 -1.2 16.8 26.6 27.9 29.2 29.4 27.2 25.6 24.4 23.5 22.2 19.1 24.6 22.4 27.9 32 35.1 36.6 36.2 35.5 34.7 32.7 30.4 28.4 34.9 39.4 41.9 44.1 46.8 49.9 50.9 50.1 48.7 48.7 33.9 22.7 13.4 17.7 24.3 28.8 36.4 35.4 48.7 76.5 107.4 125.1 128.9 128.2 127.6
115.9 115.8 115.6 115.9 116.3 116.7 116.5 115.8 115.4 115 113.8 111.9 108.5 104.5 104.1 99.9 96.9 90 79.3 55.6 59.9 58.1 56.5 60.4 49.9 38.3 30.8 23.1 20 22.2 23.8 23.4 14.1 -0.3 2.8 -1.2 17.4 26.9 29 30.7 31.4 31 29.5 28.4 27.6 26.9 26.6 25.8 22.9 30.3 35.4 40.6 43.4 42.7 42 40.1 39.5 39.8 39.8 39.1 42 45.9 50.3 53.6 56.8 57.3 56.3 55 53.9 53.9 37.2 26.5 29.2 32.8 36.3 42.9 39.9 46.4 64.9 91.3 112.9 122.4 123.7 125.2
116.7 117.3 117.4 117.6 117.9 118.2 117.1 117.2 116.9 116.4 115 111.9 109.8 108.8 106.4 102.7 98.4 92.5 84.3 67.8 58.4 53.7 48.7 47.1 42.4 33.7 21.6 28.4 30.8 29.2 28.1 21 6.6 8 13.1 16.1 24.1 28.7 30 31.3 33.3 33.5 35 33.5 32.5 32.5 32.1 31.5 30 29.1 36.7 41.2 45 47 46.5 45.3 45 44.7 44.4 44.5 44.9 47.1 53.7 59 62.1 63.2 62.3 60.4 58.5 59.3 53.9 40.7 43.8 47.5 50.8 43.9 41.8 45.7 55.9 71.5 93.3 110.8 117.4 114.1
118.6 119.1 119.3 119.4 120 119.9 119.8 119.9 120.3 119.3 117 115.2 112.8 110.9 108.2 104.2 100 94.2 84.8 74 63.2 54.3 50.4 45.9 43.3 34.9 31.7 37.4 36.4 35.6 30.8 17.2 12.4 13.9 17.9 22.8 27.7 30.7 32 33.3 34.4 36.4 37.4 38.1 38.1 38 37.4 37.5 35.2 35.6 35.5 45.3 47.9 49.1 49.3 49.6 49 48.9 50.2 50.7 52.4 54.3 56.8 60.9 64.5 65.9 66 65.1 64.5 63.6 62.3 59.6 58.4 56.3 53.8 50.5 41 46.8 52.5 60.8 72.9 94.4 106.5 103.7
120.5 121.4 121.9 122.4 122.9 123.1 123.1 123 123 121.7 119.4 117.4 115.4 112.3 109.3 106.2 101.6 95.9 89.5 83 74.8 66.6 52.3 47.4 37.7 35.9 39.9 40.1 41.5 37.1 34 18.1 7.6 15.1 17.2 25 28.7 32.7 33.7 35 37.1 38.8 40.6 41.5 42.6 42.7 41.9 41.5 40.7 40.1 41 40.4 46 47.3 50.8 51.7 52.6 53.5 54.8 56.3 59.1 60.8 62.4 64 66.6 68.5 69.6 70.2 69.8 68.7 67.5 66.6 64.1 61.8 57.9 54 48.8 46.9 51.5 57 63.2 74.3 84.4 91.5
122.8 124.2 124.9 125.6 126 126.3 126.2 125 124.6 122.9 121.7 119.8 117.3 113.7 111 107.6 103 98.8 92.7 87.1 77.7 63.9 53.1 45 49 46.2 44.1 45.5 45.5 40.8 35.8 21.4 9.7 13.9 21.3 26.4 30.5 34.1 35.3 36.8 38.8 41.1 42.8 45.3 46 46.5 45.9 45.4 44.7 44 45 45.8 46.4 49.1 51 53.2 55.7 57.2 59.5 62.2 63.6 66.2 68.8 68.6 70.1 72.2 74.1 75.7 77.1 76.3 76.2 75.7 71.9 70.9 70.7 60 53.8 44.9 51.5 55.5 61.6 68.8 77.8 96.6
125.8 127.2 128.1 128.8 129.1 129 128.6 127.2 126.1 125.2 124.3 122.2 119.2 116 112 108.5 104.3 99.5 94.3 86.7 74.5 59.5 54.7 52.1 52.7 51 51.7 51.2 47.9 43.6 36.3 23.3 11.4 15.6 23.2 27 31.1 35.1 37.9 38.8 41.2 44.5 45.9 48.2 49.6 50 50.1 50 49.3 48.2 47.8 48.9 49.3 51 52.5 54.8 57.7 60.4 63.2 66.4 69.2 71.8 74.3 75 75.6 77.9 80.9 83.8 85.9 86.4 86.2 84.6 84 84.5 81 79.5 61 55.1 48.8 55.4 59 67.7 90 104.6
128.5 129.6 130.2 131.1 131.5 131.5 130.5 129.2 128.6 126.9 125.7 124 121.2 117.3 113.6 110.3 106 100.7 93.8 78.8 64.4 54.9 56 59.5 57.5 54.3 54.4 54.2 51.5 44.7 31.4 21.9 9.5 17.1 24.3 28.3 32.1 36.7 39.7 41.5 42.1 46.7 49.4 51.6 53.4 53.7 54.2 54.6 53.7 52.7 50.9 51.3 51.9 53.7 54.7 56.5 59.6 62.7 66.7 70.9 75.4 78.7 81.4 82.3 83 86.4 90.3 92.7 95.4 97.4 97.5 95.6 94 91.5 89.4 86 82.6 64.7 57.2 53.6 58.5 64.3 71.4 83
131 132 132.8 133.4 133.7 133.5 132.3 130.9 130.1 129.1 127.9 125.6 121.9 118.5 114.7 111.5 107.2 101.6 92.4 85.5 71.3 60.5 69.6 66.5 62.1 60.4 59.1 56.8 53.6 44.9 27 21.7 16.6 17.7 25.4 29.7 33 37.7 41 43.7 46.3 47.4 52.3 53.9 55.8 56.7 57.9 57.8 57.5 56.3 55.1 54.9 55.3 55 57.4 60.7 62.8 65.2 68.9 74.3 80.8 84.9 88.1 89.7 91.1 94.6 98.4 101.8 105.4 107.3 107.5 108.1 107.3 103.3 99.8 92.8 88.4 78.5 65.8 53.6 59.5 65.4 68.1 73.6
133.4 134.4 135.4 135.8 135.7 135.4 134.4 132.8 131.6 130.9 129.3 126.2 121.8 119.4 115.9 112.1 107.9 101.2 95.4 85 76.3 77.1 76.1 73 70.6 67.6 64.6 60.2 54.1 45.1 25.7 22 18.8 13.6 23.7 30.3 35.2 39.7 42.7 46 48.9 51.7 55.2 56.4 57.8 59.3 60.6 61.6 61.6 60.7 59.8 59.7 58.9 57.7 61.4 64.2 66.8 68.6 73 79.2 85.5 91.2 93.5 95.6 98.3 101.7 105.1 108.8 112.1 113.7 114.7 114.8 114.8 112.3 110.6 103.2 91.5 85.6 70.6 60.7 60.7 68.8 72.3 74.8
135.9 136.4 137.4 138.1 137.6 136.7 134.9 133.7 132.7 131.8 130.4 127.2 123.2 120.1 117.2 113.3 108.7 103.6 98.1 90.5 87.6 83.9 81.6 79.2 77.2 73.6 71 64.1 55 42.8 25.6 24.6 22.8 19.5 18.8 30.3 35.4 40.7 44.7 48.5 51.7 54.6 57.2 58.6 60 62 63.9 65.1 66.3 65.7 65.2 65.2 64.4 62.8 63.1 68.1 71.1 72.5 76.6 83.7 91.1 95.2 98 101.5 104.3 106.6 110.2 113.8 116.4 117.9 118.6 118.1 117.9 116.4 112.2 106.2 95.2 86.9 88.5 69.2 61.5 69.7 75.7 79.1
138.1 138.3 139.3 139.1 139.2 137.6 136 134.8 133.7 132.8 131 128.2 124.8 121.6 118.2 114.5 110.4 106.1 102.3 98.3 93.2 89.2 86.1 84.7 85.7 84.5 77.5 67.1 55.4 40.4 28 27.8 29.1 23.7 14.8 29.6 35 40.8 45.7 50.2 54.7 57.6 59.8 60.8 62.4 64.9 67.3 68.7 69.4 69.8 70.2 70.7 70.1 69.5 68.6 70.1 76.9 80.2 84.1 90.4 96.1 99.2 102.5 106.5 109 110.8 113.6 117.6 119.3 120.5 120.3 120.1 120.2 119.3 115.8 108.2 97.7 98.4 98.5 75.3 64.1 71.9 83.3 89.5
139.7 140.4 140.7 140.7 140.1 138.8 137.2 136 134.8 133.9 132 128.9 125.9 122.5 119.1 115.8 112.5 109.5 106.7 102.7 98.3 93.9 91.7 90.9 91.5 89.5 80 67.4 52.1 33.6 31.2 31.7 34.4 28.6 21 30.2 34.3 39.1 44.5 51.9 56.6 60.3 62.1 62.8 65.1 67.8 70.5 72.3 73.2 73.9 75.2 76.6 75.8 75.9 75.5 73.3 79.9 85.5 90.8 95 99.6 104.1 108.1 111 113.4 114.9 117.1 119.9 121.5 122 121.7 121.3 120.8 120.1 117.4 111.7 101 101.7 100.4 75.2 65.6 73.7 86.7 92.2
141.4 142.1 141.9 142 141.1 140 138.4 137.2 136.2 135.2 132.2 129.9 127.1 124 120.7 117.4 114.1 112 109.1 106 102.3 99.6 96.7 94.3 92.6 88.4 79.4 61.8 41.3 34.6 34.5 37.6 37.7 24 23.6 30.4 33.1 36.8 42.4 50.3 57.6 61.6 63.7 65.6 67.5 71 73.7 75.9 76.8 78.4 79.5 80.8 81.2 81.8 82.6 81.3 79.2 89.3 95.1 99.4 104.4 109.3 113 116.3 118 119.2 121 122.9 124.5 122.6 121.1 120.6 120.7 120.6 118.9 113.1 104.3 104.7 100.3 75.2 66.3 75.7 88.3 95
143.3 143.7 143.6 142.7 141.9 140.9 139.6 138.6 136.8 135.5 133.2 130.8 128.3 125.4 122.3 119 115.9 112.4 109.9 108.5 107.6 104.6 100.6 96 90.7 82.8 64 47.7 38 37.9 38.4 45.2 36.8 23.2 27.5 28.3 31.4 33.8 38.3 47.8 57.1 62 65 67.3 70.1 73.5 77.1 79.1 80.3 81.7 83.4 85.1 86.7 87.8 87.6 88.6 88.2 88 97.4 102.1 107.6 112.3 115.7 118.7 121.1 122.7 123.3 123.5 120.9 120.6 120 119.6 119.5 120.1 119.6 113.2 106.2 107.8 94.5 71.3 69.5 80.1 87.8 96.8
146.4 146.1 145.3 144.4 143 141.9 140.7 139.3 137.7 136.1 134.2 131.6 128.9 126.1 123.1 119.9 116.7 112 109.2 109.2 110 107.9 102.5 95.4 88 69 50 40.9 41.6 41.6 50.2 50.2 33.9 24.4 28.4 30.5 31.9 32 37.1 44.4 54.2 61.2 65.2 68.7 72 75.7 78.9 81.7 83.5 85.3 87.2 89.1 90.8 92.8 93.7 94.3 95 94.8 98.9 104 109.6 113.7 116.9 119.8 121.8 123.4 121.2 120.5 120.5 121.1 121.1 121.1 119.2 119.3 118.9 112.8 107.9 107.7 87.9 73.9 71.2 80 87.4 95.9
147.7 147.6 146.6 145.6 144.7 143.4 141.8 140.3 138.6 136.7 134.7 132.4 129.4 126.6 123.4 119.6 113.8 106.9 102.6 105.3 104.6 105.7 100.5 92.5 77.5 58.9 45.9 45.9 45.8 52.4 56.9 53.8 33.8 27.3 28.2 32.9 33.1 33.7 37 41.1 50.6 59.7 66.2 69.7 73.6 77 81.4 84.8 86.7 89 90.6 92.6 94.2 96.1 98.2 99 100 99.1 101.6 104.5 110.6 113.9 117.3 118.3 119.7 120 120 121.6 122.7 123.3 123.6 123.1 122 119.4 115.9 111.6 108.4 101.1 82.6 75.2 72.5 80.7 87.5 94.6
149 149.1 148.3 147.2 146.7 144.3 142.7 140.9 139.1 137.1 135.2 133 130.3 127.3 122.7 117.3 113.4 105.3 93.6 86.5 85 90.9 91.7 84.1 67.8 52.2 49.5 49.6 54.8 61.2 61 55.4 36.1 29.1 29.5 35.5 36.3 36 36.5 39.8 48.1 56.9 66.3 70.8 74.7 78.6 82.9 85.9 88.8 92.2 94.2 95.2 96.6 98.1 99.9 102.4 103.4 103.7 105.3 108.2 110.1 112.1 115.9 116.7 117.7 118.8 120.4 124.4 125.1 125.9 127 126.3 123.8 121.2 118.9 112.6 106.8 92 80.8 74.4 75.2 80.9 86.4 93.4
150.8 150.6 150.1 148.6 147.3 145.4 143.3 141.3 139.2 137.4 135.6 133.5 131.1 127.5 123.2 120.2 116.4 106.1 103 89.5 79.9 75.9 73.7 67.4 56.7 53.8 53.5 56 67 66.9 63.9 56.3 41.7 30.6 31.9 36.8 40.1 39.5 38.1 40.9 45.2 56.3 65.5 71.8 75.8 79.6 83.5 85.7 88.2 93.3 94.9 96.1 96.9 98.6 100.8 104.1 105.8 106.9 108 111.2 114.1 115.1 115.3 117.5 119.6 121.5 122.9 124.3 125.7 128.2 130.4 128.5 124.6 121.8 118.3 112 104.6 85.7 77.1 77.6 78.5 79.5 84.6 92
152.3 151 150.3 148.6 146.8 145.1 143.4 141.7 139.5 137.6 136.1 134.3 131.7 128.5 124.5 121.3 116.1 110.8 108.2 103.2 88.1 74 68 62.3 60.3 61.2 66.7 71.4 73.3 70.6 66 59 48.1 34.8 30.6 38.4 43.8 42.6 41.3 41.6 45.8 53.9 65.2 72.1 76 79.5 83.4 82.8 83.5 92.4 94 96 96.3 98.2 101.2 104.1 106.4 108.2 110.7 113 115.1 115.3 116.6 119.1 121.8 124.2 125.6 126.9 127.2 127.5 128.2 127.4 125 122.4 117 109.9 96.5 83.2 84 87 87.6 83.4 83.8 90.2
