UK/data/ta/ta27_OST50GRID_20230518/TA27.asc
ncols 200
nrows 200
xllcorner 520000
yllcorner 470000
cellsize 50
[rows 152 to 189 of 200, columns 0 to 83 of 200]
83.5 83.5 81.8 79.5 81.5 83.6 84 83.9 83.7 83.8 84.1 84.1 83.4 83.5 82.9 81.7 80.6 81 81.4 81.4 82.2 83.4 82.7 82.1 81.5 79.8 84.7 84.1 84 83.6 83.1 83.1 82.6 82.1 81.5 80.5 78.6 78.4 79.1 79.4 77.2 72.3 68.1 68.9 69.9 70.2 70.7 70 67.2 64.2 62.1 60.1 58.4 57.3 52.9 49.3 46.7 43.7 42.3 37.9 32.9 1.5 18.7 4.7 16.6 1.1 -1.6 -1.6 -1.6 -1.6 -1.6 28.2 -1.6 -1.6 -1.6 -1.6 -1.6 -1.6 -1.6 -1.6 -1.6 -1.6 -1.6 -1.6
81.2 81 79.3 78.3 80.4 81.9 82.6 82.5 82.5 82.7 83 82.7 81.8 81.7 81.9 80.7 79.8 80.5 81.2 80.8 81.4 82.3 82.1 81.5 80.8 78.4 84.5 84.6 85.2 84.7 84.3 84.3 83.4 83 82.3 81.7 79.6 77.2 77.1 76.8 77.3 74.2 68.6 67.1 67.6 67.8 68.2 68.4 66.3 63.1 61.2 59.2 57.3 54.5 51.1 48.1 46.4 46.3 43.5 38.7 35.1 29.3 22.8 18 12.9 1.4 -1.6 -1.6 -1.6 -1.6 -1.6 39.8 39 36.9 -1.6 -1.6 -1.6 -1.6 -1.6 -1.6 -1.6 -1.6 -1.6 -1.6
78.8 78.5 77 77 78.6 79.8 80.6 81 81.3 81.7 82 81.1 80.2 80.2 80.2 79.5 79.5 80 80.6 79.9 79.6 80.2 80.5 80.7 78.6 77.4 84.9 84.2 84.8 84.5 84.1 84 83.7 83 82.4 81.7 80.4 78.2 76.7 75.5 74.5 72.6 68.2 66.3 67 66.2 65.4 65.4 64.3 61.3 59.1 57.3 55 52.1 49.8 47.4 45.3 44.7 42.6 39.6 36.4 33.7 18.9 30.8 20.8 2.7 1 0 -1.6 36.8 40.5 40.7 40.8 38.8 31.6 -1.6 -1.6 -1.6 -1.6 -1.6 -1.6 -1.6 -1.6 -1.6
76.5 76.4 75 75.1 76.5 77.6 78.4 79.3 79.8 80.3 80.4 78.5 78.7 78.8 78.8 78.7 78.7 79.8 79.8 78.6 77.7 78.2 78.7 79.2 76.3 80.2 82.7 83.2 83.4 83.5 83.3 83.4 83.5 83.1 82.6 81.8 80.9 79.7 78.5 77.6 77.2 75.6 70.5 66.1 64.3 64.2 63.7 62.7 61.1 59.1 57 55.5 53.4 51 48.8 46.6 44.5 43 41.2 39 36.2 28.7 31.6 32.2 34.3 30 16.5 2 20.1 21.6 40.1 39.9 40.1 39.3 32.6 2.5 -1.6 -1.6 -1.6 -1.6 -1.6 -1.6 -1.6 -1.6
74.4 73.8 72.3 72.9 74.3 75.5 76.8 77.8 78.4 77.8 77.4 77.9 77.7 77.6 77.6 78.2 78.6 79.3 78.8 77.6 76.2 76.8 77.4 76.7 74.8 81.9 81 82 82.2 82.4 82.8 83 83.1 83.1 82.8 81.8 80.9 79.8 79.4 78 76.9 76.8 73.6 67.9 64.2 63.2 63.1 61.5 59.4 57.1 55.7 54.6 52.9 50.5 47.9 45.8 43.7 41.7 40 37.9 35.6 33.9 35 35.8 36.9 35.4 36.9 11 21.9 39.3 38.9 39 39.4 39.7 36.6 29.5 -1.6 -1.6 -1.6 29.8 39.6 26.6 -1.6 -1.6
72.2 71.3 69.9 71.4 72.8 74.5 75.8 76.3 76 75.1 75.8 76.4 76.7 76.5 76.5 77.2 78.3 78.2 77.8 76.6 75.1 75.3 76 74.6 73.2 79.3 80.7 81.2 81.4 81.7 82 82.4 82.7 82.9 82.3 81.2 80.3 80.2 80.7 79.2 77.1 76.2 73.4 71.1 65.9 60.8 61.3 61 60 58.5 59.3 59.8 56.4 52.7 50.2 47.9 45.6 43.1 42 40.9 39 37.7 37.9 38.4 38.3 36.5 35.9 20.4 31.9 37.7 37.3 37.9 38.7 39.4 35.8 23.6 1 -1.6 1.2 23.1 40.2 40.7 40.5 30.3
69.5 68.5 68.4 69.9 71.5 73.2 73.8 74.1 74.3 73.7 74.4 75 75.5 75.2 75.7 76.8 77 77 76.8 75.6 73.9 73.3 73.6 73.8 73.2 78.7 79.7 80.4 80.7 81 81.3 81.6 81.9 81.8 81.1 80.3 79.4 80.1 82 80.3 78 75.4 74.1 71.5 65.4 60.7 61.5 61.6 60.6 60.8 62.7 64 59.2 55.9 53.6 51.9 49.5 47.3 45.8 43.6 42.2 40.9 40.5 40.6 39.5 37.2 33.9 22.9 34.8 35.9 36.4 37 37.7 38.6 32.5 26.3 23.8 0.5 1.6 26.7 39.1 40 40.5 0.6
67.2 66.1 66.7 68.4 69.9 70.5 71 71.4 72 72.8 73.5 73.7 73.3 73.5 75.1 75.8 76.2 76.6 75.8 74.6 72.8 71.5 72.1 72.4 75.7 77.3 78.4 79.3 79.5 79.9 80.3 80.6 81 80.3 79.6 78.9 79.3 82.1 82.9 81.1 78.7 76.1 74.9 72.6 65 59.9 61.9 61.6 60.9 61.7 63.7 63.3 61.6 59.2 57.6 56.1 53.9 51.6 48.3 45.7 44.3 44.4 44 42.2 40.4 37 33.4 29.1 33.2 34.7 35.4 36.2 37 37.7 26.6 35 29.1 14.9 13.1 26.6 36.8 38.1 40 40.7
65.2 64.4 65.1 66.5 67.5 68.5 69 70.1 71.3 72.2 72.5 71.6 71.2 72.4 74.8 76 76.4 75.6 74.7 73.6 71.6 70.3 70 71.8 73.9 76.3 77.3 78.2 78 78.4 78.8 79.1 79.4 79.2 78.3 77.5 78.8 81.7 82.7 80.5 78 75.6 75.3 74 66.6 58.9 59.3 60 62.4 63.7 63.6 62.5 61.1 60.2 59.3 57.8 56.8 55.3 51.9 47.9 45.8 47 47.4 44.9 41.7 38.3 34.9 33.3 32.9 34.2 34.8 35.6 36.2 36.1 22.3 36.4 36.4 35.6 27.7 26.3 33.9 36.1 38.6 39.9
64.4 63.1 63.2 64.2 65.1 66.3 67.3 69 70.6 71.3 70.4 69.8 71.1 73.3 75.3 76.2 75.5 74.6 73.6 72.6 70.9 69.3 68.7 69.7 74.2 74.8 76.2 77 76.6 76.9 77.3 77.6 77.9 78.1 77.2 76.4 77.5 79.7 81.1 79.5 77.3 74.8 74.1 72.3 65.2 58.1 58.7 61.8 65.2 65.9 63.8 61.3 59.9 59.1 58.5 58.2 57.8 57.4 54.1 50 46.9 47 48.4 46.9 43.6 40.3 37.9 35.2 34.2 34.6 34.6 34.9 35 30.5 35.6 36.9 36.5 36.5 36.1 35 32.3 34.7 37.2 39.6
64.3 62.5 61.4 61.7 62.5 64 66 67.5 69.1 69.1 67.9 69.8 71.9 74.1 75.1 75.6 74.7 73.7 72.7 71.8 70.3 68.4 67.8 68.5 74.5 73.4 74.8 75.8 75.5 75.5 75.8 76.1 76.4 76.8 76.1 75.3 75.6 78.1 79.1 77.6 76 73.7 72.2 67.9 61.4 57.6 60.7 65.1 67.4 66.8 63.6 60 58.6 58.1 57.4 56.9 57 57.4 55.7 51.4 47.8 46.2 46.4 45.4 43.8 41.6 39.6 36.3 35.1 34.6 34.1 33.8 33.2 29.6 36.5 38.1 38 37.9 37.9 36.3 34.5 33.7 36.4 39.1
64.1 62.3 61.6 60.4 60.5 62.4 64.8 66.2 67.6 66.8 66.2 68.9 71.9 73.5 74.2 74.4 74 73.1 72.1 71.2 69.7 67.9 66.2 67.8 74.3 71.4 73.3 74.1 74.3 74 74.3 74.6 74.9 75.3 75 74.4 74.7 76.1 76.7 76.1 74.6 72.4 70 64.3 59.4 57 61.5 66.4 67.2 66.6 63.5 59.1 57 56.9 56.2 55.3 55.8 56.4 54.8 51.3 47.6 45.7 45.4 43.8 42 37.7 36.2 36.1 35.6 35.5 34.4 33.6 32.1 33.2 36.3 37.7 38 37.9 38.6 37.6 35.3 32.8 34.9 38.2
63.1 62.2 61.9 60.4 59.1 61 63.4 65 65.4 64.6 65.4 68.6 71.4 72.3 72.5 72.7 72.7 72.1 71.5 70.5 69.4 67.3 65.4 66.7 73.8 71.2 71.7 72.1 72.5 72.7 72.9 73.1 73.4 73.7 73.8 73.5 73.4 73.7 74.5 74 73 71.5 69.6 63.2 58.7 56.7 60.2 64.6 66.2 65.3 62.3 58.3 56.1 56 54.9 53.6 54.1 55.1 53.2 50.8 47.3 45.7 45.3 43.9 41.3 38.1 36.2 36.5 36.5 36.5 35.4 34.3 32.5 33.1 35.8 37.5 37.6 37.3 38.3 38.1 35.8 32.9 33.9 36.7
61.8 61.3 61.5 60.5 58.7 59.5 61.7 63.6 63.3 63.5 65.8 68.4 70.4 70.6 70.8 71 71.1 70.5 69.9 69.5 68.6 67.1 65.2 64.8 73.2 69.8 70 70.5 70.9 71.2 71.4 71.7 72 72.3 72.5 71.5 70.7 71.6 72.4 71.4 70.5 70.7 70.6 65.5 58.7 55.8 58.4 62.4 64.4 63.5 60.9 57.4 55 54 53.3 52.6 52.6 53.7 51.6 49.7 47.4 45.9 45.2 44.2 41.7 39.4 37.8 37.5 37.6 37.5 36.4 35.5 34.9 33.4 35.3 37.1 37.5 37.3 38.2 37.8 35.5 33.7 34.1 36.3
60.5 60.2 60.4 59.8 58.5 57.4 59.6 61.4 62 63.4 66.2 68.1 68.9 69.1 69.2 69.8 69.8 68.9 68.3 68.1 67.5 66.8 64.6 63.1 70.2 69.3 69.4 69.4 69.5 69.7 69.7 70 70.3 70.6 70.8 69.7 69.2 70.1 70.2 69.2 68.3 69.4 68.9 65.4 59.7 58.5 57.5 60.5 62.6 61.9 59.8 56.6 53.7 52.1 51.1 50.4 51.9 52.5 51.6 49.8 48.3 46.3 44.7 43.7 43 41.6 40.7 39.8 39.3 38.6 37.7 36.8 36 35.3 34.5 36.2 36.7 37.1 38.2 37.8 36.2 34.9 34.7 36.8
59.3 59.2 59.4 58.8 58.2 56.4 57.4 59.2 60.4 62.7 65.3 66.4 67.2 67.4 68 68.9 68.4 67.2 66.8 66.6 66.7 66.1 64.3 61.9 68 68.2 68.3 68.3 68.4 68.1 68.2 68.3 68.6 68.9 69.1 67.9 67.8 68.2 67.9 67 67.2 68.5 66.8 63.6 59.2 56.4 56.5 60.2 61.6 60.8 59.4 56.2 52.7 50.5 48.8 48.7 50.2 50.9 51.6 51 49.5 47.1 45 44.6 44 43.2 42.6 41.8 41 40.1 38.9 37.9 36.8 36.3 35.7 34.9 35.5 36.5 38.3 38.3 37.1 36.4 36.4 37.5
58.1 57.5 57.6 57.7 57 55.6 55.4 57.6 59.9 62.1 63.3 64.1 64.9 66.1 67.1 68 67 65.7 65.2 65.4 65.8 65.7 64 61.6 68.1 67 67 67 67.1 66.8 66.5 66.7 66.8 67.1 67.3 66.2 66 65.7 65.2 64.7 66.1 66.8 64.6 61.8 57.9 55.5 56 59.1 60 59.7 58.3 54.7 51 48.6 47.5 47.2 48.7 50.2 51.2 51.6 50.6 48.5 46.9 45.1 44.9 44.1 42.6 42.4 41.7 41.1 40.3 39.1 37.6 36.7 35.9 35 34.5 35.5 38.2 38.8 38 37.7 38.1 38.4
56.5 55.4 55.6 55.9 55.9 55.1 54.9 57.1 59.4 60.5 61.3 62.2 63.2 64.7 65.6 66.1 64.9 64 64.3 64.5 65 65 63.5 61.2 65.5 65.7 65.8 65.8 65.8 65.5 65 65 65.2 65.5 65.7 64.7 63.7 63.1 62.8 63.2 64.4 64.3 62.5 60.1 56.6 55.3 55.7 58 59.1 59.1 58.1 53.2 50.1 49.1 47.5 46 47.5 48.8 50.5 51.9 52.2 51 49.3 46.9 45.8 45 43.5 41.7 42.1 42 41.4 39.9 38.1 37 36.1 35.2 34.5 35.5 37.8 38.5 38.6 38.4 38.5 38.8
54.9 54 53.5 53.5 54.3 54.1 54 56.3 57.7 58.6 59.4 60.3 61.7 62.9 63.3 63.5 62.6 62.5 63.2 64 64.4 64.2 62.9 60.7 58.5 63.2 63.5 63.9 64.4 64.5 63.8 63.5 63.8 64.4 64.1 63.4 62.3 61.9 61.6 61.6 62.7 61.7 60.8 58.5 55.1 54.5 54.9 57.4 58.7 58.3 57.8 54.6 50.2 49.2 48.2 46 47.5 47.9 49.2 50.6 52.3 52.3 51 48.6 47.1 46 42.7 41.5 42.6 42.8 42.3 40.7 39 37.4 36.4 35.5 34.6 36.1 37.5 38 38.4 38.6 38.4 37.9
55 54.3 53.9 52.8 52.7 52.7 52.4 53.8 55.7 56.4 57.2 58.7 60.1 60.7 61.1 61.1 61.1 61.8 62.7 63.5 63.3 62.8 62.2 60.1 59.9 62.1 62.1 62.6 63.2 63.7 62.9 62.4 63 63.6 62.9 62.2 61.6 61 60.5 59.6 59.8 59.4 60.3 57.9 54.2 53.4 53.8 55.9 57.6 57.4 57 56.3 51 49.2 48.4 46 47.7 47.2 48 49.5 51.2 51.8 50.3 48.6 47.6 46.7 42.7 42.8 43.1 43.2 42.3 41 39.2 38 36.8 35.8 34.9 36 37.3 37.6 37.9 38 37.2 36.3
57.7 56 55.2 53.9 52.8 51.9 51.5 51 52.5 53.3 54.2 56.3 58.4 59.3 60.2 60.2 60.7 61.1 61.8 62.5 62.2 61.7 61 59.4 59.1 62.8 60.8 61.3 61.9 62.5 62.1 61.8 62.3 62.3 61.7 61.6 61.3 60.1 59.3 57.9 57.7 57.6 58.9 56.5 52.9 52.5 52.3 54.1 55.3 55.4 55.2 55.1 51.6 50.4 48.4 47.5 47.2 46.5 47.6 49 50.3 50.7 49.4 48.2 47.4 46.5 45.1 43.9 43.5 42.7 41.8 40.8 39.3 38.2 37.4 36 35.3 35.8 36.7 37 37.1 37.3 36.5 35.7
59.8 58 56.4 55.1 54.4 54 53.5 52.8 51.4 49.7 51.3 53.8 56.7 58.5 59.4 59.6 60.1 60.6 61.1 61.3 61.1 60.5 60 59.1 57.7 62.4 59.5 60 60.6 61.2 61.4 61.2 61.5 61.2 60.7 61 60.9 59.5 57.5 56.4 56 55.8 55.9 54.1 51.8 51.4 51.1 52.3 53.7 54.9 54.7 54.2 51.2 49 48.5 47.5 44.9 46.9 47.5 48.2 48.7 49 48 47.2 46.5 46 44.9 43.7 42.9 42.1 41.1 40.2 39.4 38.8 37.9 36.2 35.3 35.5 36.2 36.5 36.6 36.6 35.8 35.2
61.4 60 57.7 55.9 55.4 55.2 55 54.8 53.6 51.8 49.4 51.4 54.4 57.1 58.8 59.1 59.5 59.9 59.8 59.9 60 59.9 59.6 58.3 57.2 53.7 58.2 58.3 58.7 59.2 59.7 60.2 60.6 60.1 60.2 60.3 59.8 57.6 55.7 55.1 54.2 54.1 53.1 51.7 50.7 50.3 50.2 51.3 52.5 53.7 54.4 53.5 51.9 48.4 47.5 47.5 44.8 46.1 46.3 46.9 47.4 47.8 46.7 45.7 45.4 44.4 43.8 42.6 41.8 41.6 41.2 40.3 39.1 38.1 37 36.4 35 35.3 35.6 35.9 36.2 36.2 35.6 35.4
62.7 61.1 59.4 57.2 56.4 56.2 56 55.7 54.4 52.7 50.8 50.1 52.7 55.3 57.8 58.6 58.5 58.4 58.3 58.6 59 58.9 58.7 57.9 56.9 55 56.3 56.3 56.5 56.7 57.5 58.6 59.1 58.9 58.9 58.7 57.6 55.5 55.1 54.7 53.4 52.8 51.4 50.4 49.7 49.5 49.5 50.4 51.7 52.8 53.9 54.5 53.2 48.4 47.5 47.5 46.3 46.1 45.4 46 46.3 46.7 45.6 44.4 43.6 42.8 42.1 41.5 40.9 41.2 40.9 39.1 37.8 36.4 35.6 35 34.6 34.8 35.1 35.4 35.7 36 36.7 36.8
63.4 61.6 60 58.5 57.3 56.8 56.4 55.7 54.5 52.9 51 48.7 51.2 53.6 56.2 56.2 56.2 56.8 57.2 57.6 58 57.9 57.6 56.8 55.9 55.5 54.6 54.6 54.9 55.1 55.9 56.7 57.6 57.6 57.5 56.4 55.4 54.7 54.5 54.2 53.5 52.2 51.2 50.6 50 49.4 49.2 49.5 51 52.4 54.1 55.7 54.9 52.7 48.9 48.1 46.2 45.9 45.2 45.3 45.6 45.8 44.6 43.5 42.4 41.6 41.4 40.4 40.1 40.3 39.4 37.3 36.2 35 34.7 34.7 34.8 34.7 35 35.3 35.6 36.1 36.5 37.4
63.8 62.1 60.4 58.9 57.5 57 56.4 55.6 54.6 53 51.1 49.2 49.3 51.8 53.9 54.7 55 55.9 56.6 57 57 56.9 56.5 56.3 56.1 56.3 56.8 53.3 53.4 54.1 55.1 56.1 56.6 56.9 56.5 55.8 54.7 54 54 54.3 53.8 51.5 50.8 50.1 49.4 48.9 48.8 49.3 50.7 51.8 53.4 55.1 55.5 53.2 51.1 48.7 46 44.8 44.7 44.6 45.1 45.3 44.1 42.9 41.8 41.2 40.4 39.4 39.3 39.3 38.5 36.7 35.6 35.2 35.2 34.9 35 34.9 34.9 35.2 35.6 36.1 36.2 37
64.4 62.5 60.8 59.3 57.9 57.1 56.3 55.6 54.7 53.2 52.6 51 49.1 49.1 51.4 52.8 54.1 55.1 55.9 56.1 56 56 55.9 55.9 55.7 55.1 53 53 52.9 53.7 54.6 55.5 56.2 56.5 55.9 55 54.4 53.1 53.4 54.5 53.2 50.6 49.6 48.9 48.7 48.5 48.4 48.9 50.1 51.3 52.4 53.6 53.2 52.3 50.6 48.6 46.5 45.2 44.9 44.5 44 44 42.7 41.6 40.9 40.1 39.2 38.5 38.8 39 39.1 37.4 36.4 36.3 36.4 36.2 35.7 35.1 34.9 35.2 35.6 36.1 36.2 36.8
65 63.1 61.2 59.6 58 56 55.1 54.2 54.6 53.7 53.5 53.8 51 46.8 49.4 51.2 52.6 54.1 54.9 55.5 55.3 55.1 55 55.1 55.1 54.5 54 53.3 52.6 53.4 54.4 55.1 55.8 56.1 55.3 54.4 53.5 52.9 52.9 53.7 52.6 49.6 48.7 48.4 48.2 48.1 48.1 48.4 49.4 50.3 51.6 52.8 52 51.1 49.8 47.8 45.8 44.9 44.3 43.9 43.1 42.3 41.6 40.3 39.4 38.6 37.8 38.2 38.5 38.7 38.9 38.2 37.5 38.1 40.2 39.7 36.9 35.6 35.3 35.2 35.6 36.1 36.3 36.5
65.5 63.3 61.1 59.5 57.6 55.6 53.5 54.1 54.3 53.6 53.4 53.6 50.8 47.7 47.7 49.4 51.2 53.4 54.3 54.6 54.4 54.2 54.1 54.2 54.3 53.9 53.2 56.1 51.9 53.3 55 55.2 55.2 55.2 54.9 54 53.4 52.3 51.6 51.2 49.9 48.8 48.2 47.9 47.8 47.7 47.7 47.7 48.5 49.9 51.4 51.7 50.8 49.9 49 47.1 45.5 44.6 43.8 42.9 41.8 40.8 40.4 39.8 38.5 37.9 38.3 38.9 38.8 39.1 39.4 38.7 38 38.5 41.9 43 38.7 36.3 35.8 35.7 35.6 36 36.3 36.5
65.3 63.2 61.1 59.1 56.9 54.7 53 54.3 54.2 53.4 53.1 52.6 50.8 48.9 47.3 47.5 49.4 51.3 51.9 52.5 53.1 53.4 53.2 53.5 53.3 52.8 52.1 55.3 51.2 52.2 54.1 54.4 54.1 53.8 53.7 53.5 53.4 52.9 51.5 50.1 49.7 48.5 48.2 48.6 47.7 47.2 47.1 47.2 48.1 49.4 51 50.8 49.8 48.8 47.9 46.4 45.3 44.8 44.2 43.2 41.7 39.8 39 38.2 37 38.6 43 40.4 40.2 40.3 40.3 39.5 38.3 38 40.5 41.9 39.3 37.1 35.9 35.9 36 35.8 36.2 36.6
64.7 62.5 60 57.1 54.8 52.8 53 54.1 53.6 52.9 52.1 51.5 50.3 50 48.2 46.3 47.3 49.2 50.2 51 51.4 51.9 52.3 52.2 51.8 51.3 50.8 49.4 50.5 50.6 51.6 52.2 52.4 52.1 51.1 52.2 53 53.3 52.1 50.5 49.5 48.5 48.6 49.5 48.5 47.5 47.2 46.6 47.5 48.5 50.1 50.2 49.2 48.2 47.2 46.7 45.8 46.2 45.9 43.2 40.6 39.5 40.1 39.9 39.4 40.9 43.6 42.5 42.3 43.3 42.1 40.8 40.4 40.5 40.4 41.4 40.4 38.8 38.7 37.6 36.9 36.6 36.6 37.1
63.7 61.5 58.7 55.5 53 51.9 52.9 53.5 52.9 52.2 51.4 51 50.7 51.1 49.4 47.6 45.7 47 48.3 49.4 49.9 50 50.3 50.6 50.2 49.8 49.2 48.6 49.8 49.8 50.2 50.8 50.8 49.9 48.5 49.5 51.2 52.7 52.6 50.9 49.2 48.6 49.4 50.3 49.3 48.1 47.2 46.4 46.8 47.8 48.9 49.1 48.7 47.8 46.9 46.6 46.3 47.3 47.5 44.6 41.7 39.5 40.8 41.9 42.1 43 43.6 43.7 45 46.3 44.5 42.6 42.4 41.6 41.2 41.1 40.7 40.2 40.5 38.8 38.2 37.9 37.9 38.6
62.7 60.5 57.4 54.3 52 51.5 52.7 54 53.5 53 52.4 52.3 52.1 51.9 51.2 49.8 47.7 45.7 46 48.6 47.8 47.6 48.4 49.4 48.9 48.2 47.4 46.8 50.3 50.4 51.7 52.9 52.5 50.3 48.3 48 49.6 52.1 52.6 50.9 49.2 48.9 50.2 50.8 50 48.6 47.5 46.7 46.1 46.9 47.7 47.7 47.8 47.3 46.7 46.5 46.4 46.6 47.2 46.7 43.9 41.3 39.3 40.9 42.6 43.3 43.9 44.7 46.2 46.6 44.8 43.1 42.1 41.5 41.6 41.4 41.1 40.4 40.2 39.8 39.2 38.7 38.8 39.9
61.3 59 56.1 53.1 51.3 52 53.9 54.6 54.3 53.8 53.3 53 53 52.9 52.7 51.4 49.6 47.9 44.3 45.1 45.4 43.9 44.1 48.9 49.5 44.4 50.1 50.2 59.7 53.6 54.4 54.7 53.4 51.2 49.6 47.8 48.6 50.2 51.3 49.5 47.7 48.1 49.4 50.4 49.5 48.5 47.5 46.3 45.6 46.1 46.7 46.6 46.5 46.7 46.3 46.2 46.3 46.2 46.2 46.3 45.5 42.7 39.6 38.6 41.6 43.6 44.5 46.3 47 46.4 45 43.4 42 40.4 41.2 41.9 42.4 41.5 41 41 40 39.4 39.8 40.7
59.6 57 54.2 51.9 52 53.6 55 54.9 54.4 53.6 53.8 53.7 53.6 53.5 53.4 52.8 51.5 49.9 47.4 45.2 44.9 45.2 43.5 42 49.3 46.1 52.3 52.8 55.7 55.5 55.6 55.7 54.3 52.5 50.9 48.9 47.6 48.5 49.2 47.8 45.9 47 48.4 49.2 48.5 47.8 47.1 46.1 45.3 45.6 45.8 46 45.9 46.1 45.7 45.8 45.9 46 45.9 45.7 45.4 44.5 41.4 36.9 41.6 44.6 46.4 48.2 49.3 48.2 46.4 44.3 42.5 41.2 41.2 41.5 41.7 42.4 42.2 42 41.4 40.6 40.8 41.6
57.1 54.4 52.4 51.9 53.4 55.2 55 54.7 54.1 53.5 53.7 53.9 54 54.1 54.1 53.6 52.9 52.2 51.6 51.6 51.1 50.4 47.3 42.9 41.4 42.2 50.1 53.7 54.1 54.8 56.4 55.5 54.3 52.8 51.5 49.5 47.3 47.3 47.4 45.9 44.5 45.8 47.2 48.1 48.2 47.3 46.7 45.8 45 44.8 44.3 44.9 45.2 45.4 45.3 45.4 45.5 45.8 45.4 45.2 45 44.2 40.7 36.9 41.2 44.7 47.3 49.4 50.9 49.7 47.7 45.6 43.5 42.4 42 41.4 42.1 42.8 43.5 43.1 42.7 42.8 42.9 43
54.5 52.3 52.6 53.5 55 54.8 54.7 54.5 53.6 53.4 53.5 53.2 53.3 53.8 54 53.8 53.3 53.3 53 52.8 52.2 51.8 50.7 49.5 48.9 44.3 39.6 49.3 53.7 55.1 55.8 55 53.8 52.4 51.6 50.7 48.3 46.4 45.6 44.1 43.1 44.6 46 47.4 48.1 47.8 46.4 45.6 44.9 44 43.5 43.8 44.6 44.8 44.9 45.2 45.6 45.5 44.9 44.7 44.4 42.3 38.7 39.1 43.3 45.7 47 49.1 50.9 50.2 48.3 46.1 44.7 43.8 42.8 42.1 42.2 43.1 44.3 44 43.9 44.2 44.5 44.8
52.3 52.1 53.6 54.6 54.8 54.5 54.2 53.8 53.2 53.1 52.8 52.5 52.6 53.1 53.6 53.4 53.8 54.1 54.1 53.9 53.4 52.8 51.7 51.2 52.1 51 43.3 39.8 55.4 55.3 54.4 54 53.4 52.6 52 51.3 50.5 48.6 46.4 43.6 42.4 42.2 43.8 45.8 47.8 47.5 46.1 45.4 44.7 43.5 37.7 43.3 44.7 45 45.4 45.3 45.6 45.1 44.5 44.1 43.3 40.3 36.5 41.1 44.5 45.7 46.9 48.4 50.1 49.9 48.6 47.4 46.7 45.7 44.2 43.2 42.9 44.2 44.9 44.9 44.9 45.2 45.4 44.9
