UK/data/sd/sd49_OST50GRID_20230518/SD49.asc
ncols 200
nrows 200
xllcorner 340000
yllcorner 490000
cellsize 50
[rows 35 to 69 of 200, columns 80 to 159 of 200]
140.5 139.5 139.8 142 143.8 152.1 155.7 148.3 143.5 137.1 133.9 130.4 133 142.6 147.1 142.8 136.6 136.8 134.7 125.4 128.8 124.9 122.7 117 115.5 116.7 117.4 119 115.8 113.7 114.2 114.1 114.6 117.3 129.7 133.4 130.9 124.2 113.9 116.4 126.2 120.7 109.9 106.9 108.6 113.3 108.9 107.7 105.2 103.7 102.7 103 100.5 100.1 99.4 97.8 96 101.2 98.7 96.7 92.8 95.2 95.9 96 95.6 92.7 94.2 96.2 98.7 97.7 97 96.3 95.5 95.1 94.5 93.9 93.3 93 95.9 98.8
141.3 140.7 146 149.9 149.8 153.9 162.2 160.7 153.4 145.7 138.3 133.5 132.7 143 144.7 132.4 129 128.1 128.1 132.1 134.7 131.9 123.5 118 119.2 121.6 124.5 125.5 123.5 120.7 116.8 115.7 115.8 115 123.9 128.3 122.9 116.5 115.1 114.6 122.8 127.4 113.1 110.7 111.2 110.7 116.6 109 109 107.2 106.1 106.2 106.4 105.1 102 101.7 99.8 101.1 100.4 97 95.3 93.9 94.4 95 94.5 94.5 91.5 95 95.3 95.8 95.9 96.1 94.9 94.4 94.3 93.9 94.1 94.1 92.4 92.3
141.3 142.5 148.2 151.9 151.4 151.7 161.4 166.2 162.2 156.8 148.1 141.2 135.5 142.7 141.7 131.9 130.4 130.3 129.4 128.3 132 136.6 135.4 127.6 125 127 130.4 130.5 135.3 127.9 120.7 117.4 119 119.2 119.5 120.8 118 114.7 114 115.2 117.3 123 114.7 112.7 113 116.7 113.6 116.7 113.3 113.9 110.9 111.2 114.8 108.5 102.9 101.2 103.6 99.7 98.7 98.2 96.6 94.7 93.1 94.4 93.6 92.8 93.2 98.8 101 102.9 98.8 95.6 94.9 94.4 93.9 94.7 96 95.7 93.9 91.6
143.8 144.2 147.5 153.2 154.5 152.3 155.3 157.8 157.3 158.1 157.5 154.7 147.6 148.5 148.3 136.6 137.2 135.2 133.7 134 133.9 134.8 139.1 137 132.4 130.5 137.3 136.5 139.1 135.1 124 122.3 123.1 125.4 123.6 122.5 120.9 120.1 120.6 121.7 120.5 118.7 119.6 120.3 120.2 122.5 120 117.4 116.2 116.1 115.3 114.7 113.8 110.2 103.9 101.9 99.6 99.2 102.6 98.2 98.5 97.9 94.7 92.3 92.9 92 94.4 98.1 103.4 105.4 102.2 97 94.2 93.6 92.9 92.9 94 93.3 92.2 92.9
145.6 147.3 153.1 159.2 159.4 155.1 153.5 154.3 153.3 153.8 155.4 159.6 158.3 154.9 154.3 146.1 144.3 145.7 146.4 145.5 143.6 141.9 141.6 145.2 143.3 135.8 140.2 142.8 138.5 136.3 133.4 127.2 126.3 128.3 126.7 127 128.7 128.4 126.2 124.8 125.4 124 128.5 124.2 125.6 128.2 127.3 122.5 118.2 117 114.7 114.9 110.7 108.4 105.6 101.7 101.2 99.3 102.7 101.8 101.1 100.3 97.2 94.7 93 91.8 92.1 94.6 97.8 98.9 98.5 96.6 93.6 92.2 91.8 91.7 92.9 96.3 94.1 95.2
147 151.5 161.1 163.9 163.2 160 155.6 154.3 153.9 153.8 161.1 160.3 160.1 159.7 153.8 156.9 157.4 159.1 159.2 158.1 155.2 151.3 148.1 146.9 148.2 144.3 139.6 144.7 141.6 138.4 135.5 131.6 130.8 132.7 135.2 139 139.7 137.8 133.3 132.4 133.4 129.7 132 132.1 131.3 133.3 132.1 128.5 123.7 119.3 116.1 113.4 110.5 112.6 109.2 103.8 101.1 100.6 102.7 101.4 102.2 100.9 99.7 97.9 94.4 91 91.5 92.9 94.5 96.3 97.6 96.4 93.6 91.7 92.1 91.1 91.4 93.5 91.3 91.2
149.6 155.3 164 167.1 164.5 162.1 159.6 157.5 158.1 160.8 168.4 165.5 161.5 160.2 160 164.3 169.4 173 172.3 170 166.7 162.8 157 152.1 149.9 147.8 143.4 142.8 144.3 140 137.7 136.3 137.3 142.2 144.4 147.7 149.2 148 145.3 143 140.9 140.9 140.3 138.8 137.8 139.1 136.5 135.5 131.1 124 119.7 114.8 112.1 110.3 108.4 106.3 104 103.5 102.8 101.5 101.5 101.2 101.1 99.8 97.8 90.6 91.4 91.2 92.3 94.1 95.7 95.7 93.9 91.9 92.7 91.2 89.4 89.4 88.8 87.7
154 155.6 162.8 166.1 161.9 160.6 161.3 160.3 161 168.8 174.2 171 164.6 162.9 165.2 170.2 177.3 179.5 182.3 178.3 174.9 171.2 169.3 163.5 159.3 155.3 150.2 145 145.2 141.6 141.9 142.5 142.2 148 153.9 157 157.6 162 161.5 158.6 154.8 153.3 151 149.5 148.1 147 142.4 142 138.3 131 126.5 119.8 114.2 111.5 110.8 108.2 105.9 105.3 103.5 102.4 102.2 102 101.6 99.9 98.9 94 91 90.8 90.6 91.1 92.5 93.3 92 89.6 89.2 88.7 88.3 88.1 86.5 87.3
158.4 156.4 157.3 161.2 160 160.4 160.9 161.4 161.9 163.6 170 173.5 167.7 166.5 174.1 179.3 183.2 186.6 188.5 186.2 188.1 184.1 186.2 183.1 171.1 163.8 153.7 150.1 147.3 147 147.3 145.6 146 153 161.8 166.2 170.2 176.6 180.1 173.7 162.9 161.6 158.9 156.7 154.9 152.4 149 146.8 144.9 141.6 134 125.5 116.7 112.7 108.3 111 108.3 107 105.3 105.2 106.8 104.4 102.8 101.8 99.8 96.3 92.6 90.8 90.7 90.3 90.1 90.1 88.9 89.4 89 88.9 88.6 88.4 88.8 88.2
160.1 161.3 159.4 160.7 161.3 161.4 160.7 160.7 162 166.3 171.1 174.1 171.5 174.1 181.5 185.4 190.3 192.1 194.7 199.3 198.4 195.3 195.6 189.2 181.6 169.5 163.3 159.7 154.8 150.1 150.6 150.1 150.2 156.6 166 174.1 178.8 183.8 184.4 177.8 167.4 163.2 161.3 161 159.4 156.9 155.9 154.5 156.2 154.2 145.1 132 120.9 114.3 111 107.8 109.1 108.6 107.3 106.7 106.2 104 103.4 101.4 99.4 98 92.9 93.3 91.6 94.5 93.1 91 89.9 89.3 89 88.7 87.4 93.5 93.3 90.6
164.2 164.8 161.2 162.8 166.8 168.2 165.5 162.5 163.7 166.1 170.2 173.5 176.7 179.6 187.4 194.8 199.2 203.3 210.5 211 206.1 200.9 192.9 187.7 182.1 175.5 175.7 172 165.2 154.1 154.1 154.6 157 162.4 171.8 179.2 183.1 184.4 185.4 180 171.8 165.2 163.3 164.5 161.2 158.1 158.6 161 173.1 171.2 154.2 135.4 122.3 116.6 113 111 110.8 106 106.9 105.5 105.8 105.9 105.7 105.3 100.7 98.4 98.8 97.3 96.6 96.6 95.6 93.6 90.6 90.6 90.3 89.1 88 97.8 104.4 102.2
162.4 162.8 163.2 168.1 171.9 170.7 170.1 168.7 169.3 169.4 175.7 181.7 187.2 190.4 197.2 204.8 213.7 215.6 211.3 213.3 209.6 199 194 193.1 189.8 179.8 184.4 182.3 174.9 162.8 157.7 160.4 163.9 167.6 172.4 177.9 182.1 183.3 185.1 179.3 174.4 164 161.2 163 161.2 159 158.4 168.3 176.8 174.7 157.5 142.1 128.2 120.6 115.9 113.4 110.6 108.2 105 106 105.9 106.8 108.1 108.6 103.3 99 98.9 99.5 99.5 100.1 97.9 96.1 93.1 91.8 91.7 91.5 93.3 99.1 107.4 109.9
162 165.3 165.4 168.6 171.6 172.2 176.1 178.1 173.6 174.7 179.1 189.1 194.2 198.5 199.7 207.4 215.1 216.8 212.1 207.1 204.8 201.3 202.7 199.1 194.2 183.4 186.3 188.5 179.2 168.7 160.2 162.9 169.9 173.6 177.7 181 181.4 182.6 183.1 178.7 173.4 163.8 159.1 158.5 161.5 158.8 161.3 167.5 172.4 172.3 161.3 147.1 135.7 125.9 117 112.5 110.8 108.7 109.1 106 104 107 108.1 108.4 103.3 101.5 101.1 99.8 99.6 100 98.9 96.5 94.8 92.9 92.6 92.2 92.6 98.1 105.7 109.8
163.7 165.6 165.7 168.7 170.7 174 176.7 180.1 181.6 179.5 182.7 191.6 195.9 199.3 201.9 204.3 210.5 214.3 211.3 207.2 206.8 204.6 203.6 206.2 200.4 188.3 184.3 185.6 179.3 168.8 164.3 167 172.6 175.1 185.3 186.6 185.8 183.3 179.3 176.9 171.9 166 159.7 157.6 157.6 158.9 159.2 160.9 167.5 168.7 164 152.9 139 126.6 118.5 114.7 110.7 108.4 109.3 106.9 106.2 106.5 103.3 107.8 104.1 104.2 102 100 99.8 98.4 97.5 95.8 94.4 94.2 94.6 94.9 93.7 97.5 102.1 105.9
162.8 164.3 168.5 171.5 172.7 174.5 179.9 182.2 186 191.2 192.1 190 195.4 196.6 199.8 201 206.3 211.4 210 206 204.7 201.6 199.9 200.3 197.5 193.3 185 178.5 173.2 167.8 167.8 173.6 177.5 180.5 185.6 185.6 184.4 181.3 177.3 174.8 171.6 163.6 159.9 158.2 158 159.2 159.9 161.4 163.6 166.9 163.4 149.1 136.6 126.2 118.5 113.7 112.3 111.3 110 106.1 106.8 107.9 107.4 107.7 103.5 103.9 103.4 102.4 99.7 98 97 96.1 95.4 95.4 93.9 94.7 93.5 96 97.9 100.4
163.8 168.1 171.8 175.6 178.3 181.7 183.7 186 186.3 194.2 198.2 194.5 198.1 196.4 195.3 197.7 200.6 204.4 205.2 200.4 197.8 195.7 193.9 192.5 192.2 191.1 186.3 176.5 170.5 168.3 170.9 175.5 179.4 183.1 183.8 184.8 184.3 181.1 177.3 173.4 168.1 162.9 158.5 154.8 157.4 158.7 159.5 161.8 162.8 160.3 157.5 152.6 138.4 127.8 119.9 115.9 114.9 111.8 111 107.8 106.8 108.2 108.1 105.8 104.5 105.9 106.2 101.7 101.1 100 100.2 99.5 97.9 97.2 95.3 93.7 94.5 92.7 94.8 97.5
166.9 173.6 176.7 178.9 181.6 185.8 189.4 192.5 196.5 197.9 200.3 202.4 201.8 204.5 200 193.9 195 198 197.7 197 194.9 193.9 193.8 191.1 192 190.3 182.4 177.5 171.6 169.1 173.6 177.6 181.5 183.4 184.5 187.2 189.6 186.2 180.6 172.8 166.5 162 156.4 152.5 154 156.8 159.5 160.5 160.6 158.4 155.9 147.3 140.6 132.2 124.3 121 117.7 114.5 108.9 107.5 106.8 106 106.7 104.7 104.7 106.5 106.6 105.4 102.6 100.9 100.5 99.2 98.2 97.2 95.6 93.2 94.2 92.7 92.8 95.2
168.9 176 182 184.4 188.1 192.8 193.6 198 203.1 207 212 211.2 206.6 207.6 201.9 193.9 193.9 193.9 193.9 193.9 193.9 193.9 196.6 195.7 192.8 190.4 181.8 178.4 174.8 171.5 172.7 179 185.8 189.4 188.6 190.1 191.7 188.8 182.9 173.9 169.3 161.5 157.6 154.6 150.9 153.5 156.9 158.2 157.2 156.2 153.3 150.3 145.1 136.9 127.4 122.7 118.1 115.3 111.9 110.2 106.6 104.4 104.6 104.6 106.4 107.1 107.3 107.8 109.7 108.3 103.1 100.1 99.7 99.6 98.1 95.5 94.3 92.6 91.9 92.8
172.9 181.7 188.9 194.6 193.9 198.5 198.9 205.1 213 220.2 222.9 223 215 212.5 209.8 201.6 193.9 193.9 193.9 193.9 193.9 193.9 194.7 195.6 191.4 187.2 182.6 186.3 180.4 175.4 175.7 182.7 192 197.1 196.4 193.7 190.3 188.1 184.5 176.6 171 164.9 160.3 156.3 151.8 149.7 153.4 155.2 155 153.8 154 154 149.2 141.7 132 125.5 120.9 116.5 112 109.3 106.8 104.5 105 105.6 108.2 109.1 111.5 111.5 110.4 108.1 103.9 102.4 101.1 99.5 99.4 97.4 95.7 93.8 91.9 92.1
178.4 186.9 192.6 197 199.4 202.1 202.2 207.7 222.1 232.3 234.7 228.5 224.4 214.2 208.4 197 193.9 193.9 193.9 193.9 193.9 193.9 192.8 190.9 191.9 191.3 194.4 192.3 188.5 180.9 179 186.6 198 202.4 202.5 199 194.8 188.2 184.6 180.3 172.9 169.1 162.1 157.3 153.3 148.1 148.6 151.7 153.9 152.1 150.6 152.9 151 143.6 135.5 127.9 119 113.8 110.5 108.6 105.9 105.6 106.2 107.8 110.6 113 113.7 114.9 114.3 111.5 105.7 102.7 100.1 99.8 99 97.7 94.8 96.3 92.5 91.2
183.2 189.8 194.9 201 204.6 207.2 204 211.2 224.3 230.2 234.1 231.8 229.6 225.3 212.6 199 193.9 194 203.8 204.9 202.1 199.3 199.4 196.4 200.5 203.6 205.2 202.2 195.9 190.9 183.6 190.7 201.2 205.9 205.5 202.6 197.7 191.8 184.5 181.6 177.5 173.4 169.3 162.3 154.8 149 145 146.7 149.2 148.8 147 148.2 149 145.2 137.4 129.9 121.4 113.6 112.9 111.1 109.6 107.2 106.7 109.6 113.7 115.4 115.4 116.3 113.9 112.3 106.6 103.2 102.3 102.4 100.3 99.7 98.6 98.9 96.2 95.1
186 191.1 196.2 203.6 207.9 206.6 210.3 211.7 226.1 235 245.5 238.4 232.3 224.9 212 198 195 203.7 201.3 203.2 203.2 205.2 206.2 208.7 211.6 212.9 211.6 206 199 191.5 188 192.6 201.8 207.9 207.9 204.5 199.3 194.6 189.3 184.9 180.3 176 169.6 165.4 161.9 153.9 146.2 139.5 143.1 143.5 144.2 144.6 145.6 143.6 138.8 131.5 123.1 117 113.5 110 107.6 107.5 107.5 110.8 115.2 117.6 116.9 118.5 118.3 114.1 109.3 105.8 106.9 105.3 104.3 104.6 103.2 101.3 98.1 95.9
186.4 194.4 196.6 204.8 205.7 206.1 212.7 211.8 222 232.8 240.1 236.4 228.5 220.8 209.9 197.7 197.2 201.2 202.9 203.8 207.6 212.8 216.7 217 213.8 213 206 201.5 200 196.1 190.1 192.5 201.3 209 210.1 206.7 201.1 195.5 192.4 188.1 184.2 180.1 176.1 172.3 168.6 158.3 150 140.9 138.1 139.7 140.2 139.9 139.3 141.5 136.5 129.1 121.6 116.1 113.8 110.8 109.7 110.9 110.7 111.5 117.3 121.5 121.1 121.1 119.8 116 112.4 109.2 107.7 106.8 104 104.9 108 103.5 102.4 97.7
190.3 193.4 195.9 201.6 202.9 204.2 206.9 207.1 209.6 222.7 233.1 229.4 225.3 221 210.8 200.3 199.1 205.6 210.8 212.8 215.2 220.3 223.5 220.1 212.4 206.9 203.7 201.6 201.4 194.9 189.6 192.1 199.4 207.1 210 208.3 203.2 197.4 195.9 196.1 191.8 187 181.6 176.1 168.2 159.9 152.1 140.1 135.4 135.8 136.7 137 135 135.7 134.2 129.8 126.6 121.9 118.2 113.2 113.8 114.4 112 113.8 117.8 121.5 122.1 122.7 120.7 118.7 113.5 110.9 110.4 110.3 106 106.2 106.4 107.5 106 102.9
193.3 192.5 193.1 195 199.1 199.9 207.6 203.4 200.7 207.3 216.8 220.4 217.7 212.7 207.7 201.7 200.7 205.6 214.3 216.3 215.7 218.4 222.4 218.8 212 205.8 203.1 196.8 195.6 193.3 188.9 191.2 197.5 206.4 208.1 207.9 205 203.9 205.3 204.4 197.1 188.7 179.5 174 166.6 159.1 152.2 143.4 134.1 134 133.9 133.2 132.5 133.9 135.4 133.9 129.1 124.9 121.9 117.1 114.2 112.4 111.4 115.5 118.4 122.1 122.9 123.3 123.1 121.7 118 117.3 114 110.9 109 107.1 109.6 107.3 105.8 105.7
194.8 194 191.7 191.7 192.8 195 198.2 198.9 196 198.6 208.9 209.9 210 209.6 210.3 209 207.6 202.7 208.4 213.4 212.9 213.3 215.9 214.3 210 202.6 197.5 194.2 192.1 188.1 186.2 191.6 195.7 202.2 206.7 208.2 207.9 206.8 208 204.6 201.1 196.5 185.6 178.1 168.9 161.4 155 147 136.1 131.8 131.9 132 132.8 132.2 133.1 132.6 128.9 125.3 123.5 120.7 115 112.2 111.8 116 119.6 123.6 125.6 126.4 125.9 123.2 121.3 118.7 113.6 111 107.7 106.1 107.3 109.3 105 105.6
197.1 193.9 191.4 192.5 192.8 193.7 193.7 193.7 194.2 194.6 204.5 206.8 210.4 213.8 219.6 214.9 210.6 204.4 204.7 209.7 209.4 209.7 210.9 210 206.5 200.1 195.7 189.8 187.5 183.8 185.2 186.9 191.6 199.2 205.9 209.1 210.6 208 206.5 208.2 210.8 209 200.3 188.4 177.6 166.6 156.9 147.8 138.8 132.4 131.1 131.1 132.2 131.7 131.9 132.6 129.3 129.8 126.6 121.3 117.8 112.7 112.5 118.5 123.6 127.4 128.1 128.2 126.5 123 120.2 116.6 112.7 111.5 109.3 109.1 107.9 109.3 107.6 107.8
197.6 193 191.3 191.2 193.1 195.4 193.7 195.7 199.7 197.9 203 208.7 210.5 215.7 218 216.2 211.3 205.9 207.4 211.3 210.7 211.4 210.3 206.7 204.7 198.5 191.9 187.5 182.5 180 182.4 185.2 192.1 198.7 203.6 206.1 207.1 206 208.1 212.9 218.4 220.6 208.7 196.8 186.2 174 161.7 151.4 142.1 135 132.3 130.8 131.5 132.4 131.5 132.7 130.9 129.5 127.2 123.2 117.6 112.7 113.6 119.6 125.8 128.8 128.4 126.9 124.4 122.9 120.7 117.7 113.8 113.4 112.3 111.5 109.4 109.7 110.7 109.8
195.8 191.2 191.8 191.9 193.4 200.2 204 205.2 205.3 202.6 203.7 207.6 209.5 212 216.5 214.3 208.3 207.9 211.7 217 216.6 210.7 208.9 204.7 200.1 196.1 188 182.9 177.6 175.6 176.1 182.4 191.3 199.2 200.2 202 203.8 205 210.1 217.2 220.9 218.9 212 202.3 189.8 177.4 165.7 155.3 146.9 138.5 134.6 131.8 130.2 131.8 131.1 130.6 131.7 128.4 125.1 120.3 116 115.1 116.2 121.4 126.3 127.5 128 126.8 126.4 125 122.3 119.6 117.4 115.8 114.4 113.3 112.9 111.9 112.5 110.9
192.6 190.1 192.7 194.1 198.7 201.2 208.4 214.5 218.2 215.5 205 204.6 207.6 209.2 211 211.4 210.5 212.9 215.1 216.6 216.5 217.4 210.1 205.4 199.6 192.3 183.3 177.7 174.6 173.9 174.7 181.3 190 195.7 200.5 202.9 203 205.5 214.2 219.3 223.3 219.6 215.2 204.3 191.3 179.3 169.9 161.4 152.7 144.2 135.5 131.6 131.6 132 128.7 129.2 128.7 125.6 123.6 121.4 118.9 118.2 118.5 121.5 125.7 127.1 127.8 127.4 127.7 129.4 127.1 125 119.9 118.2 115.2 111.2 111.1 109.6 111.6 107.9
186.7 187.9 192.3 198.1 206.3 208 211.5 218.6 221.5 223.3 214.9 202.7 202.1 203.9 208.6 211.1 212.7 215.3 220.8 220.2 219.4 217.4 210.2 201 196.2 187.2 178.2 171.8 172.2 172.5 178.3 185.2 194.8 200.7 207 208.2 207.9 214.3 212.4 215.9 215 213.4 207.3 200.8 192.2 182.9 176.2 169.1 159.4 146.5 137.3 132.3 132.6 134.9 130.6 127.1 126.1 125.2 123.3 122.3 119.4 117.2 118.7 120.6 124.5 127.4 127.6 127.7 129.8 132.1 128.2 125.4 119.7 114.5 111.7 108.6 106.9 105.6 107.1 110
179 184.6 189.8 202.4 212.1 215.1 212.1 215.8 220.8 224.4 226.9 209.4 205.2 206.1 211.7 213.6 214.3 218.8 223.9 220.2 214.6 211.6 207 198.9 192.3 182.8 173.4 168.6 170.3 177.2 177.6 183.6 194.2 204.5 209.1 211.6 210.3 210.8 207.6 202.9 202.2 202.1 203.2 198.4 193.6 185.7 179.8 172.2 161.2 148.8 139.3 134.2 132.2 135.4 132.6 126.2 125.8 127.1 125.7 121.8 119 118.5 119.2 119.9 123 126.6 127.4 127.8 128.7 130.4 127.7 123.8 118.3 113.3 113.8 110.6 107.3 104.9 104.8 104.2
179.8 188.7 190.1 196.2 206.1 213.2 212.5 213.4 217.8 220.4 225.3 215.7 210.6 208.6 212.2 214.9 215.5 218.7 217.2 217.2 212.5 206.5 204.4 199 187.9 177.1 168.5 166.1 173.3 178.4 178.9 187.7 193.3 206.5 212.9 213.4 210.5 206.8 201.8 199.5 199.9 200.7 198.2 193.5 189.3 184.7 178.7 170.7 161.5 151.2 142.3 136.5 133.2 134.3 132 126 126.2 126.2 127.9 124.8 121.5 119.4 120.4 121.3 123 125.6 126 126 125.8 127 127.1 123.7 118.8 115.4 112.3 108 106.3 104 102 101.9
180.2 185.2 188.3 193.2 198.7 204.1 209 210.8 212.2 216.4 217.2 215.5 210.5 212.4 217.8 218 215.8 210.9 209.7 209.4 207.3 203.4 200.1 192.4 182.3 171.5 165.5 166.7 172.5 176.3 179.3 185 195.3 207.9 211.5 212.7 208.4 205.7 206.9 201.3 199.2 199.8 199.3 193.3 190.5 188 177.3 169.1 159.9 151.9 142.7 137.6 138.4 131.3 129.5 127.3 127.8 126.7 128.5 125.2 120.8 119.9 122.6 125.2 123.8 124.2 123.9 123.8 122.4 121.5 121.9 121 117.1 113.2 109.7 106.4 105.5 105.8 104.2 104.1
180.7 185.6 186.7 189.8 192.2 197.9 203.1 204.2 207.7 213 212.2 216.2 209.7 210.7 213 213.7 209.3 206.1 204.7 201 199.4 197.3 192.3 185.1 177.1 169 167.9 163.1 171.1 174.9 180.4 182.6 195.4 204.4 210.6 213.2 207.3 203.5 199.7 198.9 198.5 199.6 199.5 198.1 192.3 186.5 175.7 166.5 158.1 150.7 144.1 137.6 137.4 129.8 127.7 127.5 128.3 125.6 124.8 124.9 121.4 119.4 122 122.7 122.5 122 122.6 123 122 118.6 118.5 118.1 116 114.4 112.8 109.5 107.1 107.2 105.2 104.4
