UK/data/nt/nt06_OST50GRID_20230518/NT06.asc
ncols 200
nrows 200
xllcorner 300000
yllcorner 660000
cellsize 50
[rows 140 to 174 of 200, columns 78 to 155 of 200]
201.7 200.9 201.1 201.7 202 200.8 198.3 196.1 195.3 194.8 194.5 194 193.8 194.9 194.9 195 195.8 196 193.4 186.4 189.9 193.9 190.2 195.3 196.2 198.3 200.7 202.1 203.4 204.1 204.5 205.3 206.7 211.7 205.3 203.8 200.9 203 206.8 206.5 206.2 207.8 205.6 204.5 202.1 200.1 202.1 200.5 197.1 195.4 197.3 198.1 198.6 201.7 205.6 208.4 212.3 214.1 215.3 216.6 215.1 214.5 213.2 218.8 219.1 220.3 222 222.8 222.9 222.7 223.2 224.2 225 226 226.9 227.8 228.9 230
204.1 203.7 203.3 203.3 202.4 201.1 198.2 196.9 196.9 196.5 195.2 194.9 195.9 196.2 196.4 196.9 197.1 196.7 190.2 186.8 194.8 194.5 193.4 195.4 198.3 201 202.2 203.3 204.4 204.4 205.3 205.8 204.9 202.9 201.5 201.9 204.1 208.7 209.4 208.9 207.7 207.2 206.7 203.7 202 199.1 197.2 194.9 195.4 197.4 200 201.2 203.4 200.4 206.9 204 213.3 214 213.8 211.6 215.6 218.2 219.1 220.6 222.3 223.3 224 224.2 223.7 224 224.2 225.5 226.2 226.6 227.9 228.6 229.6 231.2
204.6 204.2 204.2 203.7 201.8 200.1 197.8 198.2 196.7 195.9 195.3 196 196.2 195.8 194.8 195.8 195.1 192.6 186.1 190.4 195.3 196 195.1 196.4 199.5 201.6 203.4 204.2 203.8 204.4 204.1 203.8 210.3 207.9 208.5 209.5 210.1 210.2 209.8 208.7 207.7 206.7 205.2 200.4 194.3 196.9 196.1 195.4 197 198.1 202 204.3 206 204.3 202.9 204 205.6 208.9 211.5 213.8 217 218.8 220.5 222.1 223.6 224.5 224.6 224.5 224.8 225.1 225.4 226.3 226.7 227.4 228.7 229.8 231 232.8
205 204.3 203.5 202.9 201.9 200.5 199.1 198.4 197.5 197.3 196.4 196.7 196.2 195.5 194.6 195.3 194.4 188.9 191.3 194.8 197 198 198.3 198.5 198.6 201 202.2 201.9 202.6 203.5 206.2 210.1 210.4 211.5 212.6 213.3 212.8 210.5 209.4 208.3 208.2 206.5 200.2 194.3 196.7 198 198.2 199.8 201.4 202.2 202.4 204.5 206.9 209.9 211.5 211.2 213.8 213.8 215.1 216.7 219 221.5 222.4 223.4 224.4 225.1 225.2 225.7 226.1 226.3 226.6 227.4 228.2 229 230.3 231.5 232.8 234.2
206.8 206 204.7 204.3 203.2 202.7 201.9 200.8 199.6 198.2 197.5 196.9 196.3 195.5 196.4 196.1 189 194.3 195.3 197.5 198.6 199.1 199.5 199.8 200.2 201.1 202.8 205.6 207.8 208.9 210.4 212.3 213.1 214 214.3 213.6 212.3 210.8 209.6 208.6 207.9 209 199.5 194.3 197.2 198.9 199.6 202.2 203.7 203.7 203.5 205 207.8 210.9 213.3 213.9 214.6 215.9 217.3 217.7 219.5 221.6 223.2 224 224.9 225.7 226.2 226.7 227.4 227.8 228.5 229.2 230 231 231.9 233.3 234.5 235.8
208.1 206.8 205.7 205.4 205.2 203.7 202.3 200.9 199.1 198.1 197.8 197.2 196.4 196.7 197.2 190.4 194 197.6 197.7 199 200.2 200.5 200.7 201.4 202.7 205.4 206.4 209.4 209.8 211 213.7 214.4 214.9 214.9 214.3 213.1 211.9 210.8 209.7 208.9 207.9 205.4 199.8 197.8 196.5 202.3 202.2 204.3 204.9 204.3 204.6 205.5 208.1 212 215 216.1 216.4 217.2 218.3 219.4 220.7 222.9 224 224.8 225.6 226.4 227.3 228.7 229.3 230.1 230.5 231 232 233 233.6 234.9 236.3 237.7
207.3 206.1 205.2 205.3 204.8 202.7 201 199.6 199.4 199.3 199.1 198.3 197.9 194.1 192 190.3 197.6 198.1 199.2 200.3 201.6 201.6 202.2 203.3 206.5 208.6 210.7 211.1 212.5 213.7 214.1 215.3 215.3 215.3 214.6 213.7 212.4 211.2 209.7 207.3 201.1 200 198.2 198.4 198.7 203.7 203.6 204.5 205.3 206.3 206.2 206.7 208.4 212.1 215.6 217.2 217.7 218.9 219.9 221 222.7 224 224.7 225.5 226.6 228 229.5 230.8 231.3 231.7 231.8 232.2 233.4 234.2 235 236.9 238.5 240
207.6 207.1 206.2 204.8 203.7 203 202.7 202 201.1 200.7 199.6 198.8 194.3 193 197.4 198.7 199.1 199.3 200.3 201.4 202.2 202.9 203.7 207.3 208.2 210.8 211.9 213.2 214.7 214.7 215.3 216 215.9 215.7 215 214 212.8 211 208.3 203.1 202.5 203 199.2 198.5 199.5 204.7 204.4 205.4 206.5 208.4 208.6 208.5 210.1 213.9 217.6 218.6 219.3 220.5 221.8 222.7 223.7 224.5 225.6 227 228.4 229.8 231.1 231.9 233 233.2 233.4 233.4 234.4 235.3 237.1 239 240.7 242.7
209.5 208.4 207.7 207.2 206.2 204.7 204 202.9 201.6 201 199.6 196.5 194.2 192.3 198.5 199.4 199.2 200.5 201.4 202 203.5 204.3 206.7 209.6 211.8 213 213.8 215.2 215.4 216.3 216.5 216.6 216.5 216.1 215 213.6 212 209.3 204.8 203.9 206.2 199.6 199.3 199 200.1 205.2 205 206.4 207.8 209.4 210.2 210.4 211.9 215.8 219.6 221 221.8 222.3 223.3 224.4 225.1 225.9 227 228.4 229.8 231.4 232.5 233.3 234.1 234.9 235 235.1 236 237.1 238.2 240.7 243.5 245.9
210.1 209.2 208.4 207.9 207.6 205.9 204.7 203.8 202.4 201.1 198.4 195.8 193.1 198.1 199.6 200.1 200.4 201.3 201.9 202.9 204.6 207.8 211.1 213.3 214.3 214.7 215.5 216.8 216.7 217 217.1 216.8 216.4 215.5 214.2 212.5 211.2 208.3 203.9 208.6 207.5 205.3 199.7 199.4 201.5 205.9 206.6 209 210.1 211.2 212.5 212.2 213.6 217.3 220.6 222.4 222.8 223.1 224.1 226.1 226.9 227.7 228.9 230 231.1 233.1 234.1 234.9 235.7 236.4 236.8 237.1 237.3 239.5 241.2 244.5 247.3 249.9
210.7 210.3 209.7 209.1 208.1 206.9 205.7 204.6 203.5 201.5 197.3 194.9 199.5 199.4 200.4 201.2 201.8 202.7 203.6 205.6 208.6 211.4 214.1 215.3 216 216.3 216.9 217.6 217.7 217.6 217.1 216.7 215.8 214.9 213.1 211.6 210.3 207.3 204.8 209.3 207.3 203.3 200.7 199.7 203.4 206.8 208.9 211.9 213.9 213.1 213.3 213.8 216 220.1 222.2 223.2 223.5 223.8 225.2 227.2 228.7 229.5 230.7 231.8 233 234.7 235.8 236.6 237.3 237.9 238.1 238.3 239.8 242.9 246.1 248.6 251.2 254.1
211.5 211 210.2 209.9 208.8 207.7 206.6 205.3 204 200.2 197.2 197.2 200.4 201.2 202.9 203.1 203.5 204.2 205.9 208.8 211.2 214.2 215.5 216.9 217.8 217.9 218.7 218.3 218.2 217.6 216.9 216.3 215.4 214.2 212.8 211.6 210 206.7 207 208.9 207 206.7 200.6 200.6 201.9 208.6 211.8 214.9 215.6 214.2 214.3 215.3 218.4 222.7 223.6 223.9 224.3 225.6 227.3 229.3 230.5 231.6 232.6 233.7 235 236.4 237.4 238.1 238.7 239.3 239.7 241.2 244.6 247.8 250.7 253.1 255.9 259.1
211.5 211 210.9 210.5 209.6 208.7 207.7 205.8 204 200.5 197.3 201.5 201.6 203.8 205 206.1 205.7 206.7 208.4 210.8 214.1 215.9 216.8 218.2 219.8 219.6 218.8 218.7 217.7 216.9 216.1 215.9 215.1 213.9 212.7 211.5 209.2 205.8 207.8 208.8 208.2 208.2 201.1 201.7 204.9 210.7 214 215.9 216.1 216.2 216.5 218 220.4 223.2 224.1 224.6 226.3 228 229.7 231.3 232.3 233.3 234.3 235.4 236.7 238.1 239 239.5 240.1 240.6 243.2 247 250.4 253.2 255.9 258.9 261.2 263.3
212.6 211.9 211.7 211 210.1 209.1 206.4 205.2 202.1 199 198.4 201.8 204.2 207.7 208.7 208.1 206.3 208.8 210.9 212.7 215.4 217.4 218.2 219.2 219.3 219.5 219 217.9 216.9 216 215.2 215.4 214.4 212.8 210.9 208.3 207.4 207.6 209.6 209.8 209.8 210.6 201.5 202.4 205.2 214.3 216.2 217.3 218.4 218.9 219.6 220.6 222.8 224.2 225.2 226.5 227.8 229.5 231.2 232.9 234.1 235.1 236.1 237.1 238.2 239.6 240.3 240.5 241 244.1 249.8 252.5 255.6 258.6 261.7 264.1 265.6 265.8
213.8 213.1 212.6 212 210.8 208.9 203.4 201.2 201 199.5 196.2 207 207.5 207.4 207.8 207.8 209.6 211.1 212.4 214.5 217.1 218.7 219.1 219.5 218.9 218.6 217.9 216.5 215.5 214.7 214.4 213.7 211 208.9 208 206.7 208.8 210.6 210.7 210.9 211.1 211.1 203.1 203.2 204 216.6 217.5 218.8 220.9 221 221.2 222.1 223.8 225.5 226.8 228.3 229.8 231 232.7 234.4 235.9 236.9 237.9 238.9 240.1 241 242 241.9 244.4 250.2 254.2 258.7 261.8 263.7 265.8 267.1 268.6 268.9
215.1 214.3 213.6 212.2 210.4 205.6 204 206.2 206.1 200.5 200.8 208 208.8 210.1 210.9 212 212.5 214.5 217.6 219.9 219.3 218.9 219.3 217.7 217.1 217 216.4 216.5 215.6 213.7 213 211.1 208.9 209.6 210.4 210.6 211.6 212 211.9 212 212.6 213 203.9 204 204.4 218 219.4 220.3 221.8 222.3 222.8 223.5 225.3 227.2 228.5 229.8 231.2 232.6 234.1 235.8 237.4 238.4 239.4 240.5 242 243 244 244.6 251 257.8 261.5 263.6 266 267.2 267.9 269 270.7 271.1
215.3 214.4 212.4 208.2 205.6 207.8 210.2 210.2 208.9 198.9 206.9 210.8 211.6 212.9 213.9 214.6 216.6 217.8 219.5 220 219.6 219.3 218.9 218.2 217.8 217.7 217.8 216.8 215.1 213.5 211.8 209.2 209.8 212 211.6 212.6 212.6 212.9 213.2 213.3 214 214.6 204.3 204.2 204.6 214.4 220.3 220.9 222.1 223.1 223.9 225.5 226.8 228.7 230.1 231.2 232.7 234.1 235.6 237.2 238.7 239.8 240.8 242.3 243.8 245 247.1 254.2 260.9 265 266.7 267 268.2 269.1 269.4 270.7 271.8 272.5
210.3 208.3 207.7 209.5 211.9 212.9 213.8 212.7 210.6 203.4 209.4 212.1 213.4 213.4 215.5 217.8 218.6 219.7 219.6 219.6 219.2 218.9 219 218.7 218.1 217.3 216.7 215.4 213.6 211.6 209.8 209.6 210.9 211.5 212.5 213.4 213.9 214 214.3 214.7 215.4 216.7 205.4 204.9 204.5 212.3 218 222.1 223.7 225.3 225.2 226.8 228.4 229.8 231 232.5 234.1 235.6 237 238.5 240 241.2 242.6 244.5 246.2 248.6 257.2 263.1 265.4 268.9 269.1 269.2 270.3 271.2 270.7 271.4 272.3 272.9
217.2 215.5 212.6 212.7 213.8 218.5 215.3 210.9 203.6 210.4 213.5 213.9 215.7 215.2 217.4 219.9 220.5 219.9 220.8 219.7 219.8 219.2 218.7 218.5 217.2 215.9 214.6 213 210.8 209.4 211.1 212.5 212.9 212.7 213.5 214.6 215.7 215.9 215.9 216 217.2 218.9 216 206.1 205 211 216.8 224.3 226.2 228.1 227.6 227.7 229.6 231.2 232.3 233.6 235.3 236.9 238.4 239.9 241.4 243 244.8 246.9 250.7 259.3 264.3 267.3 269.4 269.9 269.8 270 271.3 272.6 272.6 272.2 270.9 270.7
217.7 216 213.5 212.8 219.3 217.2 204.3 209 213.7 216 216.2 215.5 217.3 216.6 219.4 220.8 220.4 223.3 220.2 219.7 219.8 219.3 218.1 216.8 215.4 213.9 213.2 211.7 211.3 213 214.2 213.7 214.1 214.2 215.1 216.5 217.3 217.4 217.3 217.7 219.3 220.3 220.6 211 204.9 207.4 216.3 225.9 227.7 229.3 229.1 228.9 230.8 232.5 233.6 234.9 236.5 238.2 239.8 241.5 243.4 245.7 247.9 254.3 260.8 264.4 267.9 269.8 270 269.9 269.8 270.1 270.6 271.5 272.2 270.5 269.5 270.3
218.9 218.6 216.7 214 217.3 203.8 213.5 215.2 218.6 219 217.9 217.6 218.1 221.3 222 221.2 223.1 220.3 220.5 220.4 219.1 218.3 216.9 215.4 213.9 212.7 212 211.2 212.3 214.4 214.1 214.9 215.5 215.6 217 218.2 218.6 218.8 218.8 219.7 221.2 221.6 222.1 220 207.4 207.6 211.9 227.8 229.9 230.8 230.7 230 232.2 233.7 234.8 236.1 237.8 239.8 241.8 243.6 245.8 248.3 255.7 261.9 265.8 266.5 269.4 270 269.8 269.8 269.8 270.1 270.5 271.2 271.6 269.3 269.4 272.7
220.4 220.2 219.5 217.2 207.3 208.9 218.2 220.2 223.5 222.8 220.8 219.7 219.8 219.9 221.7 221.5 220.9 220.1 219.6 219 217.7 217.1 215.8 214.6 213.4 212.1 211.4 211.4 213.4 214.6 215.8 216.2 216.8 217.6 218.8 219.8 220.1 220.4 220.5 221.2 222.7 223.7 224.2 223.6 207.8 208.4 211.9 223.9 229.6 232.5 232.4 231.8 233.1 235 236.2 237.4 239.3 241.4 243.5 245.7 248.4 255 261.9 264.9 268 269 269.9 269.7 269.4 269.3 269.5 269.9 270.3 270.6 271.6 269 270.5 274.6
220.6 220.8 221.9 215.1 209.5 209.6 220.7 223.8 225.6 224.7 221 221.1 224.4 222.4 219.9 220.8 220.8 220.5 219.7 217.4 216.3 215.9 215 214.1 212.8 212 212.2 211.8 213.7 216.3 216.9 217.4 217.7 218.9 220 221.1 221.8 222.1 222.6 222.8 224.4 225.6 227.1 227.6 211.3 210 212.7 220 226.9 233 233.4 233.4 233.7 235.7 237.3 239.2 240.7 243 245.5 247.7 252.3 259 262.8 266.2 267.8 268.7 269.5 269.4 269.1 269.3 269.3 269.7 270 270.2 269.7 268.7 268.8 272.4
219.9 214.1 210.6 211.4 214.9 218.6 222.1 225.4 227 225.9 221.6 224.4 226.5 223.9 220.9 219.3 220.8 219.9 218.3 217.2 215.8 215.2 214.6 214 212.5 212.9 213.7 213.6 214.8 217.6 218.9 219.2 219.1 219.9 220.8 221.9 222.8 223.5 224.2 225.1 226.8 228.4 229.7 230 217.1 210.6 210.4 217 231.7 233.9 234.8 234.5 234.8 236.6 238.3 239.6 241.2 243.5 246.2 249.5 255.3 260.8 264.2 265.9 266.8 267.5 268.3 268.5 268.2 268.4 268.5 268.8 268.5 268 268.2 267.9 268.2 270
214.7 214.6 218.4 223.1 224.4 223 225.2 227.6 227.8 223.6 225.8 227.2 225.7 223.7 221.6 219 220.1 219.1 217.3 216.4 215.8 215.2 214.8 213.5 213.4 214.7 216.1 215.1 217.2 219.4 221.4 221.3 221.1 222.1 222.6 223.4 224.3 225.4 226.4 227.8 229.5 230.7 231.2 231.8 218.9 211.6 211.3 216.3 233.9 235.7 235.8 234.8 235.1 237.2 238.6 240 241.7 242.9 246.6 251 256.4 260.4 263.1 264.7 265.9 266.2 266.8 266.9 267.1 267.4 267.4 266.7 266.5 266 266.9 267.1 267.8 268.3
221.9 226.5 227.4 229.2 227.1 225.1 226.3 226 226.1 228 227.5 226.4 224.8 223.3 221.5 219.8 218.3 217.4 216.8 216 215.3 214.6 214.1 214 214.2 215.8 216.2 217.4 220.2 222.5 224.6 224 223.6 224.7 226 226.6 226.8 227.8 229 230.7 231.7 232.5 233 233.5 231.2 215.8 211.7 212.6 229.4 234.5 235.2 235.3 235.9 237.8 238.8 240.3 241.5 242.8 249.1 252 254.7 258.4 260.8 262.8 263.7 264.8 265.6 266.1 266.2 265.7 265 263.9 264 265 266.3 266.8 267.3 267.3
226.8 227.6 227.5 227.8 226.8 228.3 229.5 228.7 228.5 228.3 227.2 225.1 224.1 222.5 221.7 220.5 218.7 217.6 216.6 215.9 215.1 214.6 214.2 214 214 216.1 217.4 219.6 222.5 224.5 226 226.3 226.4 227 228.4 229.6 229.7 230.5 232 232.9 233.7 234.1 234.6 235.2 235.4 229.1 212.8 212.7 224.1 234.7 235.2 235.7 236.3 238.7 239.2 240.2 241.4 242.8 246.9 250.1 253.5 256.5 258.2 260.3 262 263.4 264 263.8 263.8 263.8 263.1 263.1 264.7 265.6 265.8 266.2 266.7 266.9
230.7 228.9 227.7 228.7 230 231.9 232.1 231 230.2 229.9 227.4 224.6 223.2 222.1 221.6 220.8 219 217.9 216.8 216.4 215.2 215 215.2 215.2 215.4 217.8 220.4 222 223.9 226.1 227.3 228.4 228.9 229.5 230.3 231.6 232.6 232.6 233.3 234.2 234.9 235.4 235.8 236.2 235.9 233.9 217 213.6 216.3 234.7 235.9 236.3 237.2 239.1 239.5 240.3 241.3 243.2 245.9 248.6 251.4 253.9 256 258.7 260.7 261.4 261.4 261.4 261.3 261.5 262.2 263.5 264.8 265.1 265.1 265.7 266.1 266.5
231.9 231.2 232.7 233.4 233.4 234.1 230.5 232.3 230.9 229.2 226.4 224.3 223 222.2 221.7 220.6 219.1 218.1 216.7 215.9 215.6 216.7 217.2 217 218.2 220.4 222.9 225.1 226.3 227.7 229.1 230.4 231.1 231.8 232.7 233.6 234.4 234.8 235.2 235.1 235.1 235.5 236.4 236.7 235.9 231.6 219.7 222.2 215.1 220.1 235.6 236.4 237.2 238.7 239.8 240.6 241.4 243.5 245.1 247.3 249.4 251.8 254 255.7 257.8 258.7 259.1 260.2 261.2 261.9 262.9 263.3 264.3 264.4 264.4 265 265.5 265.9
232.5 232.5 233.1 234.4 235.4 232 234 232.8 230.7 228.8 226.5 224.4 223.4 222.6 221.5 219.6 218.5 219.2 216.8 217.1 216.9 218.1 218.9 220.1 221.8 223.1 225.3 227.3 229.1 230 231.2 232.4 233.3 234.1 234.9 235.7 236.1 236.2 236.5 236.4 236.2 236.4 236.8 236.7 235.4 227.7 234.4 229.9 219.4 212.2 235.7 236.8 237.5 239.3 240.2 240.7 240.8 241.6 242.5 244.5 247.2 248.1 250.5 253.2 254.3 257.9 259.7 261.1 262.2 262.7 263.3 263.5 263.7 263.7 263.9 264.2 264.7 264.9
233.7 234.1 235.8 237.7 235.2 234.6 234.3 232.5 230.2 228.5 226.6 224.9 223.9 222.6 221 219.3 218.8 218.8 218.4 218.8 219.1 220.2 221.2 222.5 223.6 225.5 227.4 229.4 231.3 232.4 233.4 234.5 235.4 236.3 236.9 237.1 237.2 237.5 237.6 237.5 237.2 237.4 237 236.6 234.4 225.9 235.3 232.1 221.5 213 234.9 234.9 236.8 241.4 236.1 233.9 237.2 239.3 243.4 246.9 249 251 250.8 252.6 256.8 259 260.5 261.7 262.8 263 262.9 263 263 263 263.1 263.3 263.7 264.3
234 236 236.6 236.1 234.8 234 233.8 232 229.7 228.2 226.2 224.9 223.7 222.7 222.4 219.6 220.4 219.8 220.2 220.7 221.4 222.2 223.3 224.3 225.8 227.9 230.3 232.8 233.9 235 235.8 236.7 237.4 238 238.4 238.3 238.1 238.2 238.3 238.3 238.2 238 237.2 236.1 231.5 236 235.3 229.6 213.9 221.6 219.1 224.3 227.7 233.1 238 240.3 242.4 244.1 245.9 249.4 251.2 253.2 253.7 252 258 260.1 261.1 262.2 262.5 262.5 262.4 262.4 262.3 262.3 262.3 262.6 263.2 264
233.3 233.4 237.8 232.6 230.5 229.6 228.9 230.1 228.1 226.4 224.4 224.1 224.1 223.9 221.2 221 221.1 219.8 221 222.3 223.5 224.6 226 227.5 229.2 231.2 233.9 236.2 237 237.4 237.8 238.3 238.9 239.4 239.3 239.2 239.1 239 239.1 238.7 238.2 238.1 237.8 231.8 237.2 236.4 236.4 223.1 221 233.4 236.8 236.2 239.5 240.8 241.4 243.1 245.2 246.8 248.5 251.1 253 254.9 256.3 253.4 258.2 260.7 261.4 261.8 261.9 261.8 261.6 261.7 261.7 261.8 262 262.2 262.7 264
234.1 238.2 238 237.7 234.9 233.4 231.8 228.1 226.7 225.3 224.9 224.1 224.1 223.9 221.4 221.6 221.9 221.4 223.5 224.8 225.9 228.1 227.4 230.2 233.5 234.4 236.8 238.6 239.5 239.4 239.6 239.9 240.3 240.3 240.2 240.1 240 239.9 239.9 239.7 238.9 237.7 236.4 233.3 238.8 238.6 237.7 220.4 221.8 235.6 239.1 240.3 241.9 243 243.4 245.4 247.2 248.6 249.9 252.2 254.2 256.4 257.4 255.1 259.2 260.7 260.2 260.3 259.9 260 260.2 260.6 261.2 261.4 261.6 261.8 262.8 264.1
236.8 239.1 239.1 240.5 239.6 235.3 233.8 232.2 230.9 229.6 227.4 225 224.3 224.2 223.3 223.2 223 224.4 225.5 226.7 228.1 229.2 230 232.6 236.2 237.5 239.2 240.1 240.6 241 241.1 241.2 241.4 241.4 241.1 241 240.9 240.5 240.6 240.5 239.3 237.6 234.6 237.5 239.2 239.1 238.3 220.5 220.9 238.2 240.8 241.5 242.7 244.1 244.9 246.6 248.4 249.8 251.2 253.5 255.8 257.6 258.3 257.1 257.9 259.5 258.2 258.7 259.1 259.3 259.8 260.4 260.9 261 261.3 262.5 263.3 264
