WholeMapElevations/data/sn/sn71_OST50GRID_20230518/SN71.asc
ncols 200
nrows 200
xllcorner 270000
yllcorner 210000
cellsize 50
[rows 0 to 34 of 200, columns 78 to 155 of 200]
329.5 335.6 343.4 351.2 361.2 372.8 384.7 397.4 411.1 425.8 438.8 450.1 459.6 467.5 474.5 480.8 487.5 493.3 498.2 502.2 506.4 509 506.9 500.6 493.3 477.1 451.1 442.8 443.9 440.2 434 450.6 474.6 498.6 510.3 517.7 523 524.3 521.6 512.7 493.7 463.4 437.9 416.7 402.5 388.4 377.5 368 356.7 345.2 336.8 355.9 367.1 379.6 390.3 401.7 414.4 431.4 449.5 466.9 473.5 478.2 484.4 490.8 499.6 510.4 522.7 534.7 548.7 565.5 581.8 597.5 612.4 615.2 616.8 616.3 615.5 614.5
329.9 337 345.1 353.9 366 378.2 391.8 406.1 420.7 435.7 448.8 460 469.3 477.2 484 490.8 496.8 502.4 505.9 509.8 513.7 516.5 515.5 510.8 504.4 491.9 465.9 462 467.1 462.3 455.4 463.3 483.2 508.4 519.5 525.9 530.3 531.1 529.1 521.3 504.2 474.2 446 422.1 406.8 393.4 381.7 371.1 360.3 347.2 343.8 356 367.9 379 391.2 400.3 416.8 434.7 454.8 466 472.2 477.9 484.1 492.3 500.3 512.8 524.5 537.9 553.7 569.9 584.7 600.3 612.7 614.6 614.8 614 613.2 612.2
328.3 337.9 345.8 356.8 370.4 383.6 398.9 414.9 428.6 442.9 456.9 468 476.8 484.7 491.3 497.9 503.9 509.3 513.3 516 518.9 522.4 522 519 514.3 506.1 487.8 484.5 489.8 483.4 479 478.9 497.4 517.9 528.1 533.7 537.8 539.2 536.6 529.1 514.1 485.1 453.7 429.1 411.5 398.1 384.9 374.5 363.8 350.2 349.8 361.4 370.5 381.5 391.7 403.8 418.1 440 457.2 463.8 470.6 477.1 484.6 495.4 504.2 514.3 526.5 541 560.8 573.1 589.5 605 611.8 613.2 612.2 611.4 611.6 608.7
327.5 339.2 349.6 361.8 373.9 387.6 405.3 421.5 437 452.6 463.8 473.6 481.9 489.3 496.3 502.7 508.5 513.5 516.9 521 523.8 526.8 526.6 525 521.9 517 509.4 503.2 508.1 505.5 500.7 492 509.7 527.8 537.3 543.4 546.2 547.1 543.3 535.1 520.2 494.5 460.2 435.3 417.3 401.2 389 378 366.1 355 345.6 366.4 374.3 383.2 392.7 405.9 420.1 444.6 454.6 462.1 470.1 477.4 485 496.9 506.3 517 529.7 544.3 562.4 573.3 589.2 608 611.2 611 609.9 609.3 608.9 602.8
327.7 339.1 351.5 363.2 374.9 391.2 409.1 424.1 441.1 457.5 468.9 478.3 486.3 492.6 498.9 504.9 510.4 515.2 519.2 524.2 528.6 531.2 531.9 531.1 528.5 524.7 521.6 518.9 519.4 517.8 516.9 513.6 521.2 534.5 543 549.1 552.8 552.5 548 540.5 526.4 503.3 468.2 439.5 422.5 406.9 392.4 381.8 371.6 361 349.8 366.9 374.5 383.7 395.2 406.7 425.6 443.9 451.6 462 470.6 478.2 487.1 498 508 518.7 532.2 547.9 563.3 575.6 589.7 608.9 609.5 608.4 607.5 608.2 604.6 599.5
327.1 339.1 350.2 362.7 375.9 390.9 408.8 423.3 441.2 458.8 471 480.5 488.2 494.5 500.4 505.8 511.1 516.8 522.1 528.1 531.4 532.8 534.4 535.1 533.6 531.4 529.3 527.4 527.8 528 527.7 529.4 531 539.5 547.3 552.8 555.4 554.4 550 542.4 531.4 509.6 474 444.3 425.5 411.1 397.3 384.8 375.2 366.1 355 366.5 376 384.2 394.1 407.1 427.8 439.5 450.4 462.8 473.1 479 487.3 498.7 510.1 518.2 530.2 544.7 562.7 576.3 594.1 606.6 607.1 606.2 606 605.2 602.4 597.4
325.6 339.1 353 365.9 376.8 390.1 407.2 423.3 438.6 455.9 470.3 479.3 486.6 493.8 500.1 506.2 511.3 517 523.5 528.8 530.7 531.9 534.5 536.1 537.2 536.4 534.1 532.2 532.6 533.1 534.6 536.5 538.7 543.9 549.2 552.7 554.1 553.5 550.2 543.4 534.1 510.8 475.5 447.3 429 413.3 401.9 390.3 378.7 369.5 357.5 369.1 378.1 386 394.4 407 423.8 437.4 452.3 465.6 474 481.1 489.4 500.6 509.6 517.5 527.3 539.8 559 576.2 596.1 604.3 605.9 604.7 605.3 604.1 600.5 591.8
320 337.6 351.9 365.8 377.3 391.7 405.7 421.2 435 452.5 467.6 477.3 485 492.2 499.3 506.1 511.6 516.8 522.8 526.8 527.2 529 530.9 534.3 537.3 539.1 536.5 534.5 535.1 536 537.3 540.9 543.4 544.9 547.9 550.1 550.6 551 550.3 545 535.2 508.5 475.9 449.8 431.6 417.6 405.7 393.3 381.1 373 365.5 368.5 379.5 387.4 395.6 407 423.8 435.5 457.7 470.1 479 484.6 491.2 501.9 509.6 517.1 527.2 537.6 555.5 576.9 599.5 602.3 604.5 604.1 604.3 601.6 597 587.3
316 331.3 352.2 366.3 378.9 394.2 407.9 420.2 433.1 448.5 463.9 474.9 482.8 490.7 497.4 504 511.2 516.4 520.6 522 524.3 525.1 526.5 532 535.1 537.9 536.7 535.8 538 538 539.5 543.5 545 545.3 546.3 547.3 548.4 548.6 549 545.9 537.8 508.4 476.1 453.3 434.8 419.2 408.5 395.1 385.1 377.7 371.8 365.8 378.4 386.8 395.5 407.4 424.2 441.7 458.8 472.4 481.2 486.4 494.4 503.1 510.4 517.4 529.5 543.7 559.2 579.2 601.3 602.7 603.5 604.6 603 600.1 591.2 586.4
334.2 326.7 344.9 361.5 379.6 396.1 407 420.8 433.1 446.1 460.2 471 480.8 488.2 494.9 503 510.4 514.8 516.3 517.1 520 521.3 524.6 531.8 536.4 536.8 536.2 534.3 537.1 539.2 540.9 544.1 543.6 544.2 544.3 544.3 545.4 545.9 546.7 545.7 540 515.6 481.6 458.4 438.8 421.3 412.3 402.3 392 384.4 377.9 368.7 380.3 388.9 397.1 408.4 424.5 443 459 472.3 480.2 487.3 498 505.6 512.9 519.2 533.8 549.5 564 583.8 602.7 605 605.1 604 601.8 598.3 588 583.8
348.8 334.2 349.3 365.6 382.7 397.6 409.1 421.8 434 446.4 458.2 468.9 478.3 485.4 493.1 500.6 509.1 510.8 511.5 513.7 516 518 523.1 529.8 533.4 534.7 534.7 532.8 536.5 538.5 539.8 540.1 541.5 542.1 541.9 542.6 543.5 545.2 545.5 543.1 540 529.2 497.9 467.2 444.3 427 420.1 407 397.2 389.9 382.9 373.4 384.6 392.7 399.5 410.6 425.8 442.8 458 470 479 488.3 498.9 507.5 515.6 524.1 537.7 555.5 570.1 592.6 602.9 606.1 605.1 602.4 599.1 594.6 584.6 581.7
362.4 349 345.3 363.2 384.9 401.1 412.3 424.3 436.3 448.2 459.2 468.7 476.6 485 491.9 502.3 505.2 505.5 506.5 510.8 515.5 518.9 520.4 524.7 528.9 532 531.6 530.6 534.2 537.5 539.3 540.1 540.3 539.8 539.8 541 541.9 543.1 542.9 539.9 537.1 532.9 520.6 485 454.7 436.8 426.4 412.7 401 393.3 384.8 377.4 387.8 397.5 406 414.8 427.9 443.4 459.1 469 478.7 489.6 497.9 506.7 513.3 523.1 540 556.4 574.6 596.8 603.4 603.7 601.2 599.8 597.3 593.7 583.7 578.2
378.8 366.8 349.7 354.8 377.1 398.4 415.4 427.7 439.6 450.7 461 468.8 476.3 483.8 491.5 499.1 500.8 501.1 503.2 507.8 515 517.3 518.4 521.5 525.2 529.4 530 527.6 530.1 534.8 537.5 537.4 536.4 535.9 536.5 536.3 537.3 539.9 539.2 538.3 536.5 531.7 525.6 513.1 486 456.6 438.1 419.4 404.5 392.1 386.1 382.9 391.4 402.8 413.1 420.3 433.4 447.5 462.1 472.1 482.6 492.8 499.7 509.7 523.6 541.3 550.4 558.6 582 599.6 602.5 599.4 598.5 596.7 594.6 591.2 581 575.7
395.8 382.6 366.9 355.3 369.4 390.8 414.2 428.3 440.5 451 460.5 467.6 475.4 484 491.2 494.1 495.7 498.5 501 504.8 509.5 512.7 513.6 517.7 521.6 525.5 525.5 523.7 527.6 531.4 532.7 533.2 533.1 533.6 534 533.7 534.2 537.6 535.4 534.7 532 529.1 525.1 516.1 505.7 486.6 459.1 431.5 410.3 396.7 390.6 387 395.7 408 419 429.5 438 451.2 463.4 474.9 486.5 494.4 501.8 512.6 534 550.4 562.7 576.1 593.1 598.5 599.4 597 596 594.4 591.2 588.3 579.2 572.7
416.1 398.5 382.8 370.3 363.5 385.7 411.3 428.1 440 449.8 457.6 466 478.7 484.7 488.9 491.2 492.6 495.6 497.8 500.2 504.6 508.1 508.4 512 515.9 521.6 520.6 519.3 525 527.9 528.8 529.1 529.3 530 530.5 529.3 530.2 532.7 532 530.1 527.6 524.6 520.9 515.9 507.4 495.4 471.8 442.1 419.7 406 397.8 390.3 401.9 414.8 425.8 435.7 444.6 454 466.4 477.2 489.5 498.6 506.4 520.7 538.7 557.8 572.4 585 594.7 597.7 597.7 594.7 593.4 590.7 588.6 583.9 575.4 569.2
434.2 419.9 402.1 387.7 375.4 384.7 411.2 428.1 438.9 447.7 456.5 469.7 478.2 482.3 485.3 488.3 490.1 492 493.3 497.3 500.5 502.3 504.5 507.8 511.1 516.4 514.7 516.2 520.4 521.4 522.3 523.3 523.2 523.3 524.9 522.6 525.7 530.4 530.1 528 525.2 521.7 516.2 511.7 503 492.3 478.8 450.9 428.4 414.5 405.8 398.8 408.6 419.4 432.2 442.9 453.6 461 471 480.2 493.6 506.5 513.3 527.4 547.2 563.2 577.3 589.8 596.2 596.9 594.4 591.8 590.3 588.6 585.6 579.7 572.5 565.6
447 440 422.6 403.6 388.6 386.5 409.2 427.2 438.2 448.1 462.2 471.5 476.2 479.2 485 485.6 486.6 488.1 489.9 493.2 496.1 497.3 500.4 503.8 508.2 513.3 508.4 512.7 514.5 514.2 515.5 518 515.4 518.1 520.5 518.8 524.6 527.3 528.3 526.7 523.9 518.3 512.5 505.7 496.7 487.2 480.3 462.6 437.9 423.6 417.3 410.2 416.7 427.1 438.6 449.8 461.8 466.7 475.1 482.6 498.5 511.4 517.3 530.6 550.9 564.3 580.5 591 594.3 593.4 591.4 590.1 588.3 582.6 581.2 575.4 570 560.4
455.2 451.7 440.9 421.4 401.2 394.1 411.2 426.5 437 453.3 463.8 468.9 472.9 476 481 483.6 483.6 485.2 486 488.4 490.9 493.3 496.5 499.2 504.7 508.3 502.5 506.7 507.2 508.2 510.8 513.2 508.2 513.5 512.6 516.7 521.2 523.7 524.9 522.1 517.6 513.1 507.1 499.2 492.4 485.7 480.8 470.7 454.4 436.3 430 423.2 427.7 436 447.6 458.3 468.8 475.1 478.3 487.2 502.7 513.1 519.3 530.2 551.5 565 581.7 589.8 591.3 590 588.8 586 582.1 579.1 576 571.9 566 555
456.6 457.2 453 435.2 412.2 397.8 415.3 425.5 445.6 461.2 462.9 466.4 472.1 478.4 480 480.5 480.1 482 481.9 484.2 486.8 488.9 491.7 495.4 500.2 501.3 497.8 499.1 502.5 504.4 505.3 505.8 502.8 508.4 506.2 514.3 518.2 520 519.9 517 512.5 507.3 500.1 493.3 488.8 485.9 482.6 478.4 472.6 459.3 448.1 439.3 438.6 444 454.8 465.5 474.6 481.4 483.9 493.7 507.8 515.1 521.7 530.6 550.6 567.9 583.4 586.5 586.8 586.3 585.2 581.9 579.5 575.4 573 567.4 560.2 551.9
456.8 460.3 459.1 446.3 425.9 402.4 417.9 436.2 455 463.1 464.3 467.4 473.4 474.3 476.3 476.3 476.5 478.3 479.5 480.3 482.5 484.3 487.4 493 497 498 495.6 495.4 499.3 499.7 501 498.6 499.8 503.6 509 514.8 518 519 516.7 512.9 505.2 498.5 495.2 492.8 491.8 489.9 485.5 480.2 475.1 470.1 459.9 450.4 448.8 455.6 463.3 470.3 478.3 483.9 489.8 499.8 510.1 515.8 525.6 535.9 549.7 571.2 581.8 582.6 582.6 582 580 577.8 573.9 570.3 567.6 561.9 556.2 548.7
458.8 460.7 459.4 453.9 438 427.2 422.7 440.4 452.5 459.8 463 466 469.1 471 472.8 473.1 474.3 475.9 477.7 478.6 479.5 481.7 484.7 488.5 493.4 494.4 492 491.1 494.4 497.9 496.2 499.7 504.7 507.4 511.6 516 519.2 519.9 517.8 511.5 505.1 504.2 501.7 498.6 495.5 488.1 484.1 478.7 475.2 471.5 467.5 461.1 458.3 463.5 467.1 473.8 480.6 488.2 495.5 505.2 510.3 518.5 529.9 545.1 553.9 575.2 578.3 578.2 579 581.1 576.7 573.6 569.3 565.2 558.6 555.7 549.5 543.5
463.4 462 459.1 454.9 450.2 444.6 441.4 448.6 454.6 457.3 459.4 463.7 465.6 467.6 469.1 470.3 472.1 473.9 475.4 476.8 478 479.5 482.2 484.2 486 487.7 487 487.1 489.5 492.9 491.5 496.2 503.7 508.1 512.2 517.6 520.9 522.6 521.1 518.5 516 507.9 503.3 497.2 492 489.7 486.5 480.5 476.5 470.5 468.8 464.2 463.5 468.2 472.1 475.6 481.9 490.1 498.9 507.5 513.5 526.3 541.4 550.2 562.2 576.3 575.5 575.7 574.3 575.1 571.6 568.1 562.9 557.4 553.9 548.3 541.9 536.4
470.3 469.6 463.4 459.3 455.9 453.8 451 451.4 449.8 457.5 458.5 465.3 468.3 470 469.3 468 468.9 471.8 473.4 474.8 475.6 475.9 479.2 480.7 481.8 481.3 483.1 483.1 483.5 486.2 492.6 494.9 501.4 505.3 510.1 518.9 522.7 526 525.1 524.3 522.3 512.1 501.9 493.6 491.1 489.1 486.5 483.3 476.6 476 476.5 470.9 468 470.8 474.8 478.9 483.9 493.7 505.6 510.2 517.1 531.4 546.1 555.2 566.6 574.5 572.9 573 571 567.8 566.4 560.6 555.5 554.2 551 545.2 537.8 531
481.9 476.6 471.5 465.8 462.8 458.8 459.4 471.3 473.4 470.2 472.5 467.5 469.6 470.9 471.5 472.9 472.8 469.9 471.1 471.5 475.2 475.9 476 477.5 477.7 478.9 480.6 483.6 486.7 490.9 497.8 500.8 500.2 503.4 507.1 515.6 526.7 531.1 532.1 532.6 528.3 523.2 507.1 494.3 489.7 487.8 487.4 485.3 481.3 487.9 489.9 480.5 474 475.2 477.5 482.3 490.8 503.6 511 515.1 522.3 534.9 548.2 555.4 565.2 571.3 570 570.4 566.8 562.6 559.5 556.3 555.8 550.9 544.9 535.1 526.6 524.1
489.7 481.8 476.9 474.2 469.7 466.4 473.6 490.4 490.7 484.1 479.9 483.5 474.9 472.5 474.5 475.1 474.4 473.2 472.9 473.3 474.9 477.5 477.6 477.1 478.4 481.1 483.2 485.9 490.1 496 501.5 508.1 512 512.4 515.7 516 527.8 540.5 542.8 543.7 543.4 537.9 532.7 523.2 508.4 498.3 500 501.6 501.4 506.6 504.1 494.4 481.4 479.2 480.8 490.6 500.5 510.1 514.7 518 523.6 533.8 543.8 554 563.1 568.1 566.3 566.1 561.7 557.8 553.7 550.8 546.9 538.6 533.4 529.1 522.4 515.2
501.6 491.7 484.4 481.5 480.9 481.4 487.6 499.7 501.7 494.5 488.2 494.1 498.6 485.9 484.1 480.6 477.2 476.2 476 476.7 476.9 478.4 479.9 480.1 483.7 489.1 488.9 490.6 502.8 512.6 512.4 517.8 521 523.2 527.5 528.7 542.4 550.7 552.4 553.5 555.6 554.7 549.9 543.2 536.5 524.2 524.3 532.1 534.4 526.6 522.9 514 502.9 494.2 492.3 500.5 507.5 514.7 516.4 518.1 520.5 531.9 541.5 552.8 562.3 563.7 561.8 561.2 557 553.7 548.8 544.3 540.2 535.8 532.1 525.3 518.1 509.3
514.5 504.3 491.4 493.1 493.2 492.2 497.6 512.3 513.3 505.9 501.5 515.8 521.4 512.4 496.9 487.3 482 481 479.9 479.6 479 480.4 482 483.4 490.1 495.3 495.2 496.4 510.2 518.5 529.2 535.6 536.4 543.1 550 548.7 558.7 563.6 562.1 557.5 563.8 562.6 559.1 554.3 550.5 551.8 544.9 544.9 543.9 539.4 532.6 522.8 514.2 506.6 504.1 508.2 512.3 516 515.1 515.5 517.7 525.3 530.6 546.4 558.3 558.7 557.2 556 552.6 549.5 545.5 540.1 534.7 530 525.4 520.1 512.3 504.4
525.2 511.4 507.3 507 507.7 505.8 510.6 521.3 518.9 515.7 518.8 529.4 529.4 520.7 511.8 500.2 489.5 485.6 484.4 482.4 480.6 481.4 483.7 487.5 495.6 499.2 502 512.4 518.2 531.6 541.8 545.8 552.7 558.7 563.1 567.1 570 571.8 570.2 568.8 571.5 569.4 567.1 564.5 559.7 556.3 551.3 549.1 543.9 537.2 531 526 517.9 512.9 507.5 512.5 514.1 513.6 509.9 507.9 513 519.8 526.6 539.7 552.9 553.2 551.6 551.2 548.4 545.5 542 537.8 532.3 527.7 523.3 517.5 508.9 500.4
536.3 523.6 523.9 519.8 524.4 522.1 519.8 521.1 523.1 523.6 525 531.9 530.2 523.4 516.5 502.2 493.2 489.3 486.5 484.3 481.7 484.7 486.7 490.5 495.6 498.9 503.9 514.4 533.8 541.5 550.7 558.6 564.9 569.3 574.3 577.3 577.3 575.8 576.8 578.1 577.7 576.6 575.4 572.5 565.2 559.3 554.8 549.6 544.4 534.8 526.9 523.5 518.7 513.5 508.4 513.9 513.2 511.4 503.3 504.7 510.6 518.4 524.7 534.4 547.1 547.6 546.7 546 543.6 540.9 538.4 533.9 527.5 521.2 516.6 512 505.2 496.6
547.7 547.4 545 537.8 537.5 533.9 531.9 528.3 527.6 528.7 533.1 532.6 530.3 522.2 516.9 506.5 497.1 494.6 488.9 486.1 484.3 486.6 488.9 494.4 495.1 502.4 509.4 525.9 539.9 549.8 559.3 565.3 572.3 578.2 582 582.4 582.8 585 585.6 585.3 584.4 584.2 581 575.5 569 563.1 558.7 554.4 545.9 538.2 529.6 521.7 516.8 513.7 511.4 513.8 513.4 511.8 507.9 508.3 510.3 515.6 522.6 529.4 542.8 542.8 541.1 539.9 537.9 535.7 533.7 529.3 522.6 516.9 512.7 507.1 500.9 491.6
561.8 559.1 561.5 558.5 551.9 544.3 543.4 543 543 544.8 542.7 540.8 536 525.5 517.8 511.6 503.1 497.6 491.8 487.4 485.5 487.1 491 500 506.6 509.8 517.9 533.6 547 557 567.1 572.5 581.1 586.7 589 587.5 588.9 589.9 592.3 589.4 588.4 588.5 585.3 580.5 570.6 566.9 561.6 552.5 539.2 533.8 527.1 513.7 510.4 510.4 510.4 513.7 514.2 513.1 512.7 512.6 510.5 512.6 519.2 526.8 537.4 538.1 535.7 534.2 531.8 529.9 531.3 524.2 518.2 513.4 506.8 502.6 495.5 487.6
573.7 571 570.7 569.8 566.8 562.4 560.6 558.6 556.7 555.7 549.3 546.8 541.2 532.5 526.1 521.8 510.3 502.3 496.7 489.9 486.8 489.8 494.3 506.9 514.7 517.8 526.2 539.5 550.8 562.5 571.5 579.2 586.8 591.4 594.4 594.2 593.9 592.2 589.5 592.6 592.9 591.1 590 583.5 575.7 568.5 561.8 550.6 540.2 529.4 522.3 513.9 509.8 508.5 507.7 510.6 513.5 512.2 512.1 509.3 507.4 511.7 517.1 523.3 531.2 531.8 528.4 529.4 526.9 526.7 527.7 518.2 512.7 508.5 501.5 495.8 488.7 482.4
580.1 578.6 578.2 577.7 576.8 575.5 574.2 572.2 568.4 561.9 557.3 551.4 544.7 535 529.1 526.8 516.6 506.6 497.5 492.4 487.9 494.3 499.4 509.4 516.3 521.3 527.7 544.6 556.6 567.8 575.8 583.1 591.7 597.8 599.6 599.8 598.9 598.3 596.7 596.8 596.3 592.5 589.8 584.4 576.7 570.7 561.8 548.5 541.2 528.2 520.6 515.3 509.7 507.3 506.8 509.2 510.1 509.8 508.9 505.6 504.3 510 515 519.8 525.5 526.1 524.9 526.1 521.4 524.2 521.3 512.9 508.6 504.2 496.6 489.5 484 476.1
584.9 583.4 583 583.1 585.1 586.6 585.6 583.1 579.1 571 564.5 554.7 547.5 540.5 530.6 526.3 519.5 508.4 500.5 493.2 489.5 493.2 503.4 514.3 519.3 523.3 529.2 547.1 555.2 570 577.9 586.8 597.4 601 602.4 602.2 602.3 601.2 599.7 598.3 596.5 593.9 590.3 584.2 577.2 569.8 561.8 551.8 544.4 529.6 524.3 518.2 509.5 507 506.2 508.6 509.8 507.5 505.2 503.1 503.8 508.6 512.9 517.5 521.1 521 521.2 518.4 516.7 519.8 516 510.3 503.3 497 489.4 484.8 478.2 471.3
588.7 588.1 588.2 589.5 591.8 593.5 592.6 590.4 586.9 579.2 568.1 557.2 548.7 540.3 533 526.4 517.3 508.3 500.7 492.5 491.5 496.5 508.3 516 520.7 521.8 534.5 545.9 554.7 569.5 579.8 588.6 597.1 600.5 602.6 603 602.5 601.4 600 598 596.6 592.9 588.9 583.7 574.3 566.9 555.4 549.5 539.8 529.5 523.3 518.3 510.5 505.2 504.7 507.8 508.6 505.3 499.6 497 503.3 507.5 512.3 516.3 519.1 516.7 514 511.2 511.6 515.1 512.8 506.9 498 489.5 484.8 479.1 473.1 466.3
