UK/data/so/so50_OST50GRID_20230518/SO50.asc
ncols 200
nrows 200
xllcorner 350000
yllcorner 200000
cellsize 50
[rows 140 to 174 of 200, columns 0 to 79 of 200]
236.2 244.8 248 247.9 245.7 244.4 246.4 248.4 249 249.5 247.6 246.3 245 244 243.1 242.5 242.7 244 245.4 246.1 246 244.1 242.9 240.3 238.6 237.4 235.8 234.9 234.6 234.9 233.5 231.4 229.2 226.2 222 215.8 209.3 199.6 188.9 182 175.8 169 163.2 161.6 163 163.5 164.6 165.9 168.5 167.2 166.1 152 130.3 111 91.4 71.5 53.4 37.2 26.4 16.1 8.6 -3.8 -3.8 38.8 74.6 97.1 119.4 141.5 163.6 174.5 184.3 193.3 198.7 208.8 219.5 226.7 233 239.7 243.2 244.1
229.2 234.9 242.5 242.6 241 240.4 242.5 245.2 247.7 247.6 246.3 245.5 244.6 242.9 241 239.8 240.7 241.3 241.4 241.9 241.8 240.3 238.4 236.6 234.5 232.5 231.3 230.2 231.2 230.6 230 228.3 226.1 223.5 220.7 215.9 210.7 200.9 190.2 184.7 178 172.3 166.2 161.3 158.1 156 155.4 159.8 162.8 163 160.9 154.8 130.2 110.4 88.5 71.2 52.5 36.1 27 15.6 -3.8 -3.8 21.9 50.2 74.4 96.7 119 141.4 162.2 171.2 180.9 189.9 197.5 205.7 215.5 222.1 228.9 234.1 236.6 238.5
220.6 225.1 231.1 235.3 234.5 234.7 237.8 241.3 243.6 246.4 246.6 245.9 244.9 243.5 240.3 238.7 237.7 237.9 237.9 237.9 238.1 235 233.4 232.8 230.9 229.3 228.1 226.8 227 226.9 226.2 224.6 222.8 221.6 218.6 215.9 211.1 205.2 199.7 190 183.1 176.5 172.5 166.9 162.1 156.3 151.5 152.7 154.3 156.6 151.9 141.7 123.8 107.1 90.2 70.9 50.3 36.4 26.5 11.2 -3.8 -3.8 28.9 51.5 74.7 97.2 119.2 140.1 159.2 168 176.7 185.5 193.5 201 210.8 217.7 223.4 227.9 229.9 230.6
211.5 213.7 219.7 226.8 228.7 229.7 233.6 238.3 242.3 245.1 247.1 246.1 245.1 243.6 241.3 238.5 235.9 235.2 235 234.3 233.8 232.5 230.2 228.4 227 226.6 225.2 223.4 222.2 222.3 221.5 220 218.8 218.4 216.5 216 213.8 208.9 203 196.3 189.2 183.2 177.8 172.6 165.2 156.7 149.9 146.4 148 148.6 141.2 134 120.9 103.2 86.2 67.7 50 35.3 23.4 -3.8 -3.8 9.7 29.9 52.6 75.2 96.9 117.8 138.7 155.9 164.7 173.5 180.3 187.5 195.5 205.7 212.7 217.8 221.6 223 222.6
204.7 206.5 209.3 216.1 222.2 227.5 232 236.4 241 244.2 246.2 246.6 245.1 243.2 241.1 238.3 234.2 232.5 232.2 231.3 229.5 229.4 227.3 226 224.2 222.4 220.6 219.1 218 216.8 217 215.5 214.7 214.6 214.3 214.2 209.2 208.8 206.3 202.1 196.9 191.4 182.9 175.5 165.1 157.7 149.3 145.7 142.5 141.8 138 133.6 120.5 99.5 83.2 65.7 47.5 36.2 24 -3.8 -3.8 10.5 31.1 53.4 74.7 95.6 116.4 137.2 152.7 160.9 168 175.2 181.8 192.5 200.6 205.8 211.7 214.8 215 215.5
197 200.7 202.2 206.7 212.8 221.7 231.5 235.4 238.9 242.5 244.9 245.5 243.3 242.7 240.2 237.5 234 231.5 228.7 228.4 226.8 226.2 224.6 221.7 220.3 218.9 217.7 215.4 214.2 213.2 212.2 211.2 210.7 209.1 208.2 208.5 209.8 209.6 209 207.1 202.6 197.5 186.3 176.5 166.8 156.7 147.9 142.7 137.9 140.6 139.4 134.3 117.5 94.4 75.9 61.3 45.1 34.7 23 -3.8 -3.8 10.3 30.5 52.7 73.4 94.3 115.1 135.8 148.8 156.3 163.7 170.9 178 186 194 199.5 204.9 205.5 205.4 205.6
192.8 196.1 197.7 201.7 207.5 215.9 225.7 235.7 238.7 239.8 242.1 244.1 243.4 243.3 241.6 238.4 235.4 232.8 229.5 227.2 224.5 222.7 220.9 218.1 215.5 213.1 210.9 210.7 208.2 206.4 205 203.9 203.6 203.2 202.1 203.1 203.8 205.5 208.5 207.8 205.9 202.4 189.7 178.3 166.8 156.2 146.9 140.5 135.6 136.3 136.9 133.6 114.9 89.1 68.6 55.1 43.1 33.4 23.1 -3.8 -3.8 9.7 26.8 50.8 74.5 93 113.9 134.6 145.7 154.2 161.7 166.4 173.9 180.5 186.6 193.4 196.5 196.6 195.8 196.6
187.7 190.7 193.8 197.6 202.8 210.4 220 229.9 236.8 236.8 238.7 240.8 242.7 243.7 243.7 241.9 238.6 234.6 231.4 229.4 226 224 223 220.9 218.3 215.7 212.1 208.4 205.8 203.4 201.5 199.1 196.7 195.9 196.2 195.9 197.2 198.6 202.2 205.5 205.3 200.6 190.8 180.3 170.1 157.3 146.7 139.7 132.3 130.5 132.6 128.8 105.6 84.2 64.6 56.5 40.4 33.3 22.4 11.9 -3.8 -3.8 23.4 47.2 71.3 95.9 113.8 133.4 142.2 149.8 157.2 161.7 167.9 172.9 179 183.1 184.8 186.2 187.5 187.4
183.6 185.4 189.6 194.4 199.6 205 211.2 220.7 228.1 232.5 234.5 236.5 239.2 241.7 242.2 242.7 241.2 236.8 233.3 230.4 228.5 228 225.9 223.6 221.5 218.4 215.3 211.8 209.1 206.3 205 203.3 199.5 194.3 189.9 187.9 187.7 190.7 195 199.7 200.3 199.8 192.6 182.5 172.7 160.2 147.7 139.3 131.1 126.7 128.7 115.4 95.8 77.4 58.3 50.8 36.4 31.1 19.8 12.1 -3.8 -3.8 19.4 43.1 67.5 92 116.5 130.2 136.2 143.5 149.6 156.3 163.4 166.4 170.7 173.3 176.3 177.4 178.4 179
178.6 180.7 186.1 191.5 196.2 201.3 205.3 210.9 218.8 226 229.7 232.1 234.9 238.6 241.5 242.1 241.8 239.5 236.2 233.4 231.8 230.2 228.2 227.4 226.6 221.7 218.1 215.5 213 210.6 209.7 207.9 205 201.4 196.2 189.1 182 180.7 185.9 191.1 192.8 195.8 189.4 183.6 175.5 162.9 149.4 139.7 130.7 124.7 123.2 106 89 72.3 54.8 40.1 33.3 24.5 17.5 11.2 -3.8 -3.8 14.2 38.2 62.1 84.2 107.3 125.5 130.3 136.2 142.5 149 156.1 161 164.9 166.7 169.8 170.7 171.3 171.2
174.4 177.3 182.7 188.4 193.3 196.9 200.3 203.5 211 218.8 223.1 226.4 230.4 234.8 239.5 242 242.5 240.2 239.1 238.5 236.1 234.8 233.5 232.8 231.1 227.4 223.7 220.7 218.1 216.2 214.2 211.9 208.9 204.2 198.7 191 182.9 174.3 175.4 182.9 187.6 191.4 188 183.7 175.5 165.2 149.9 139.7 130.6 124 122.7 109.1 93.1 80.6 68.9 57.1 38.1 29.4 19.4 13.6 -3.8 -3.8 9.9 33.2 55.4 75.7 96.3 116.8 126.1 130.9 134.7 139.4 145.1 153.8 159.1 160.9 162.9 163 163.9 164
170.8 174.9 180.3 185.5 190.2 192.4 194.2 197.1 200.3 209.7 216.2 221.5 226.1 232.8 238 242.1 242.4 241 241 241.7 240.1 239.3 238 236.3 234.1 231.1 228.3 225.3 223.1 220.3 217.4 213.8 210 204.3 198.5 192.5 184.6 176.6 168 173.7 182.9 188.3 186.8 184.5 179.4 165.1 150.9 139.8 132.5 124.4 120.7 118.6 112.3 99.8 84.4 67.1 46.7 35.3 23.6 14.9 -3.8 -3.8 9.2 26.1 48.6 70 88.3 105.6 118.1 124.9 129.8 135 140.3 147.1 152.4 153.5 155.5 155.3 156.1 158.1
170.6 174.3 177.4 182.6 186.1 188.7 191.4 192.8 195.5 200.5 209.4 217.6 225.8 231.9 237.3 241.4 241.9 241 242.1 243.7 242.3 241 240.2 238.6 235.9 233.5 230.7 228 225.3 221.9 218.6 214.6 208.2 202 196 190.1 183.5 172.8 165.6 165.1 175.6 184.3 185.8 185 180 164.5 149.5 138 130.7 125.1 120.7 117.3 121.9 110 93.9 74.4 54.8 38 26.3 14.9 9.5 -3.8 -3.8 22.2 43.6 65.5 80.3 94.6 106.6 117.6 124.4 130.2 135.6 139.9 145.2 148 148.4 148.2 148.8 150.6
169.9 172.8 174.8 178.1 182 185.1 187.8 190.5 193.3 197.5 204.1 213.1 225 229.9 235 239.1 241.3 240.4 241.9 243.7 243.3 242.2 241.1 237.6 235 232.8 230.1 227.1 224.6 221.8 217.6 213.6 206.1 199.1 192.5 187.2 178 170.8 162.3 157.7 165.4 174.2 179.3 181.4 177.7 163.2 148.1 137.2 127.3 122.1 119 117.7 124.1 114.8 99.7 84.6 67.4 44.4 28.9 17 11.4 -3.8 -3.8 20 42.9 56.7 71.1 83.3 95.6 107.9 119.8 125.4 129.2 133.4 138.4 139.8 141.5 141.6 141.6 143.4
167.9 171.8 173 176.2 178.7 181.9 184.6 187.7 191.5 195.4 200.5 207.7 217.9 227.6 231.6 237.3 240 239.4 241.6 244.4 243.7 242.1 239.3 236.3 233.7 231.5 229.1 226.2 223.6 220.1 216.1 211.2 203.6 195.7 190.7 185.3 184.6 173.3 160.4 154.2 153.8 163.5 169.9 172.7 169.8 158.4 145.7 134.1 124.2 118.3 116.7 117.8 126.9 122.3 109.1 93.9 78.3 55 32.7 17.6 11.4 -3.8 -3.8 17.3 36.6 48.9 59.9 72.5 85 97.6 112.2 120.4 123.8 127.1 131.5 134.5 134.9 135.3 135.6 137.4
165.6 169.1 172.3 174.8 177 179.4 183 187 190.8 194.7 198.9 204.8 211.8 223.4 228.5 234 236.7 238.1 240.3 242.1 242.1 240.4 237.8 235.6 233.6 231 228.3 225.5 222.6 219.3 215.4 210.7 206.3 198.3 191.7 186.8 184.7 176.1 166.7 156.9 149.8 149.2 155.7 163 161.3 152.9 141.2 129.8 121.2 115.1 111.6 119.5 128.6 131.1 116.7 103.3 84.7 62.4 42.2 24.4 13.2 -3.8 -3.8 14.6 32.2 40.9 49.5 61.1 73.6 87.7 103.6 115 119.1 122.1 126.1 128.2 128.3 128.7 129.7 131.5
166.4 170.1 172.3 173.7 175.2 178.2 180.9 185.1 189.3 193.4 197.5 202.7 208.2 218.1 224.7 229.3 233.2 236.9 239.4 242 243.9 241.4 237.7 235.4 233.1 230.9 228.1 225.5 223.5 220.2 217.8 214.1 209.9 203.9 198.4 193.8 187.3 180 172.1 164.1 152.7 142 144.1 151.1 153.1 147.8 136.6 126.2 117.4 111.6 110.7 117.8 129.5 138.1 127 111 92.1 70.5 49.6 28.3 13.1 8.7 -3.8 13.4 26.5 35.2 43.6 51.4 62.9 78.7 92.6 106.3 114.5 117.8 121.5 121.8 121.9 122.2 124.9 126.3
166.4 169.2 171.7 172.4 173.3 175.6 178.8 183 186.9 190.7 194.9 199.9 205.1 211.9 221.5 225.8 230.6 234.3 237.8 240.1 241.5 241.1 238.1 235.7 233.8 231.7 229.2 227.2 224.7 222.2 219.9 216.9 213.6 209.6 205 201.1 193.6 185.5 177.4 169.2 157.1 142.1 134.5 138.7 141.5 139.6 130.3 121.4 112.5 106.3 112.1 121.2 131.4 141.2 138.9 123.6 103.8 80.8 58.9 39.2 18.8 8.9 -3.8 12.3 20.5 27.7 36 45 56 68.9 82.5 96.9 107.5 113.2 115.4 116.3 116.1 116.4 119.2 121.8
166 167.4 172.2 170.6 171.3 173.2 176.7 180.5 184.4 187.8 191.4 196.8 202 207.7 218.3 222.3 227.9 232.3 235.5 239.1 240 240.7 238.8 236.3 234.3 233 230.7 228.6 226.8 224.9 222.2 218.7 216 213.3 208.6 205.3 199.2 191.2 183.2 174.9 161.7 144.7 133.5 128.7 130.3 129 125.4 117.3 108.8 104.8 113 120.4 129.9 138 152.9 132.7 115.6 92.1 69.1 47 22.1 9 -3.8 8.8 16.5 22.4 30.6 39.4 47.6 60.6 73.5 86.8 100.5 105.7 108.2 109.2 109.6 112.2 114.2 116.8
164.8 166.4 171.5 170.4 169.3 171.5 175 178.3 181.2 184.1 188.1 193.5 198.6 204.8 214 220.2 225.8 230.3 235 238.8 240.6 240.6 239.6 237.1 235.1 234.2 233.1 231.3 229.5 227.2 223.8 220.3 218.1 214.6 210.4 207.4 203.3 196.9 189.5 181 167.8 153.6 139.5 128.2 122.3 118.7 113.9 109.8 105.7 103.9 106.9 119.4 130.3 138.9 149.5 145.3 122.7 100.9 81.6 57.3 32.3 12.5 -3.8 -3.8 10.4 17.2 23.6 32.1 40.5 51.8 64.3 77.2 91.4 99.1 102.3 104.2 104.8 107.9 109.9 111.5
163.6 168.2 171.9 170.5 168.6 169.4 172.6 174.9 178 181.1 185.4 190.9 197.4 203.8 210.4 219.8 224.8 230.1 234.7 238.3 240.2 240.8 239.6 238.1 236.1 234.7 234.7 233.1 230.9 228.2 225.3 221.6 219.1 215.8 212.6 209.2 205.7 201.5 194.7 187.4 174.9 162 148.5 135.8 126.3 120.8 115 110.8 104.9 101.8 103.8 114.4 126.9 137.7 145.5 151.9 135.6 114.1 93.2 71 46 17.3 -3.8 -3.8 8.9 12.2 17 25.1 33.5 44.5 56.4 68.2 81.9 93.8 97.9 99.2 99 102.3 104.2 106.3
167.6 171.7 172.2 169.9 166.5 165.7 168.9 171 174.6 178.6 183.7 189.5 195.4 202.1 209.1 217.6 224.5 229.8 234.6 237.6 239.4 240.5 239.4 237.6 236.7 237.1 236.1 234.7 231.9 229.1 224.8 221.1 218.7 216 213.5 210.5 206.8 203 198.1 190.6 180 168.1 156 146.1 135.9 128.2 120.2 115.6 104.5 97.7 99 109 118.5 133.1 142.2 146 147.4 130.8 108.6 86.9 63.9 34.7 -3.8 -3.8 9.3 9.7 13.9 20.8 27.7 34.5 45.7 58.5 71.7 84 91.6 94.6 93.9 95.6 98.9 101.1
170.8 172.9 172 170.7 166.6 163.5 164.4 169.1 173.4 177.6 182.3 188.7 193.4 200.3 207 214.4 221.7 228.9 234.1 237.5 239.8 239.6 239.2 237.6 237.4 237.6 236 234.4 231.3 227.4 222.7 219 216.4 213.6 211.4 209.2 206.1 202.2 197.2 192.3 184 172.6 163.7 155.6 143.2 135.6 128.1 121 105.1 96.8 94.8 104.1 113 120.7 131.2 137.3 138.8 138 124.6 102.7 80.8 52.3 21.5 -3.8 -3.8 9.5 9.9 16.4 22.5 29.3 35.1 49 60.4 73.5 84.7 89.2 88.6 90.7 93.6 95.7
170.9 172.6 172.2 171.8 167.3 161.7 164.1 167.2 170.2 175.1 179.2 184.8 190.3 197.5 204.5 212.2 218.5 225.8 231.9 237.3 239.8 240.4 239.2 239 238.7 238.4 236.1 233.9 229.4 225.2 220.9 216.9 214 211.3 209.7 207.9 205.4 201.1 196.5 191.6 184.8 176.5 169.6 163.8 150.3 139.6 131.7 122.9 108.5 95.8 91.1 97.9 105.7 107.1 108.6 118.3 128.1 136.2 134.9 115.9 96.2 75.2 52.5 12.3 -3.8 -3.8 9.7 10.6 15.9 22.2 29.2 36.3 49.4 61.5 74.8 83 82.9 85.9 89.5 90.8
171.7 173 173.6 171.5 166.3 160 161.3 165.2 167.9 172 176.8 182.3 187.2 193.8 201.3 208.7 215.4 222.6 229.6 235.7 238.4 239.6 239.6 239.6 239.5 238.7 236.2 232.7 228 223.5 219.2 214.4 212.8 209.7 206.7 204.6 201.8 198.5 193.4 184.8 179.7 174 167.1 160.9 151.7 142.6 133.4 121.9 107.7 95.6 87.2 90.8 93.1 94.6 96.3 105.3 114.6 121.5 127.8 128 109.8 92.3 71.4 45.8 -3.8 -3.8 -3.8 9.7 9.7 16 23.7 31.1 39.8 51.9 64.1 75.9 77.9 81.5 85.3 86.4
169.9 171.7 173.1 171.4 167.7 160.9 157.4 160.7 165.7 168.4 172 177.2 183.7 190.4 197.2 204.5 212.3 219.4 226.6 234.1 237.7 238.4 239.3 239.6 240.3 238.5 236.1 231.8 227.5 222.6 218.3 214.1 210.8 207.5 204 201.3 197.7 193 189.3 183.6 178.9 174.4 167.3 159.1 151.2 138.7 133.1 121.9 108 94.2 86.8 82.6 81.3 83.3 88.3 94.5 102 106.7 114.7 123.2 124.1 105.9 85.4 63.1 38.1 -3.8 -3.8 -3.8 -3.8 9.9 16.7 23.3 31.5 42.7 54.3 63.1 69.5 77.3 80.6 83
170 170.8 171.5 170.5 168.3 161.7 155.2 157 161.3 165.9 170.4 174.1 178.7 185.4 192 199.6 207.2 215.5 224.6 232.7 237.6 238.4 239 240.6 239.8 238 235.7 232 227.6 222.4 218.4 215.3 209.8 205.6 203.7 203 200.9 198.4 195.6 189.9 184.3 178.7 173.2 165.5 157.4 147.4 136.9 124.2 112 104 93.8 84.7 79 75.9 75.5 83 91 99.6 109 120.2 124.4 119.6 98.9 80.2 62.7 38.9 -3.8 -3.8 -3.8 -3.8 9.7 15.8 21.1 33.5 40.9 51.5 63.3 71.9 76.8 81.3
168 168.5 169.4 168.3 165.1 159 153.4 155 158.7 163.5 167 170.5 175.1 180.4 187.2 194.7 202.2 210.5 221.4 229.6 235.5 238.2 239.8 240.1 238.6 236.8 235 231 226.2 222.8 219.4 215.2 212.5 209.5 209.2 207.4 205.6 203.6 200.9 195.8 191.5 188.1 179.3 171.6 164.6 155.3 144.6 132.8 123.2 114.3 105.2 96.6 86.3 80.4 71.8 74.5 84.2 94.5 107.9 117 122.7 124.5 112.5 100.5 82.9 62.2 40.6 21.6 -3.8 -3.8 -3.8 9.7 15 23.8 32.2 41 52.8 68.2 73.8 78
166.1 166.7 166 164.8 161.3 156.4 151.9 154.1 156.3 160.3 164.2 167.5 172 176.9 182.7 190.1 197.6 205.9 217.1 227.4 231.6 236.3 238.5 239.1 238.4 236.7 235.2 231.9 227.2 223.6 220.2 216.6 214.6 213.7 213.8 211.9 208.5 206.6 205.3 201.6 195.6 190.4 183.6 174.7 166.4 159.2 151.5 141.8 133.6 124.6 115.7 108.6 96.3 83.8 73.7 68.2 80.1 93.7 105.4 110.7 117.9 124.7 124.4 114.4 100.5 80.7 61.1 41.3 25 -3.8 -3.8 -3.8 10.1 15.9 25 35 46.5 62.7 70.4 73.4
163.8 164.4 163.1 160.7 157.6 155 150.9 150.3 153.4 157.5 162 165.2 169.4 173.6 178.7 185.4 192.8 201 211.3 221.4 229.4 234.1 236.7 238.4 238 237.1 236 233.1 229.1 224.8 221.4 220.1 219 218.8 217.7 215.8 212.7 210.7 208.5 206.6 201.8 196.7 188.6 180.3 173.7 167 159.1 149.6 141.3 133 124.7 113.9 100.6 85.1 70.9 65.7 75.7 92.1 102.7 110.7 117.5 125.9 131.1 126.5 113.1 97.3 77.8 57.3 40.5 23.8 -3.8 -3.8 -3.8 11.4 20 28.7 39.8 55.7 65.2 68.8
161.4 160 159.1 155.7 152.8 151.5 148.9 147.9 151.4 155.9 159.7 161.9 165.4 169.4 174 180.6 187.5 195.9 207.4 215.3 228.3 228.9 234.4 235.9 236.6 237.1 236.7 234.4 231 227.4 225.3 224.8 224.1 224.1 223.9 224 222.8 222.7 216.2 210 206.1 199.8 192.9 185.8 180.6 173.5 166.6 156.1 146.9 137.8 129.4 117.6 101.7 85.4 70.1 61.7 72.1 89.1 102.3 114.4 121.6 129.5 137 135.9 123.6 110.1 91.7 72.3 54.3 37 22.5 10.7 -3.8 -3.8 14.5 22.5 29 44.2 58.3 63
158.1 156.2 154.6 151.2 148.8 147.6 146.4 145.8 150.5 154.4 157.2 158.4 161.2 165.5 170.1 175.6 184 191.6 202.2 210.5 223.6 228.5 231.8 233.4 234.7 235.6 235.5 234.7 233.1 232 231.8 231.9 231.1 230.2 230.7 230.5 227.2 225.4 216.7 212.4 208.8 203.6 197.9 191.3 184.4 175 169.7 161.2 151 142.5 131.5 118.2 101.6 83.8 68.8 60.9 68 86 100.9 116.2 127.2 134.6 142.4 144 132.5 120.9 105.5 88.4 69.6 52 38.6 17.9 -3.8 -3.8 -3.8 15.7 22 31.4 45.5 56.8
156.5 153.4 150.5 147.7 145.5 145 142.2 145.3 149.9 153.9 153.2 154.2 156.9 161 165.2 170.9 179 189.1 197.1 206.9 217.9 225.5 229.9 231.5 233.2 235.1 236.2 236.7 236.6 236.4 236.1 235.8 234.6 233.7 232.2 230 226.7 226.3 221.3 216.1 212 207 200.3 192.8 185.9 178.5 171.9 163.6 154.5 143.5 131.3 117.5 100.3 83.1 67.4 58.8 63.4 82.1 97.1 113.4 129.9 140.1 148.1 148.1 136.3 124.4 119.2 104.6 84.8 63.8 47.3 30.6 13.5 -3.8 -3.8 -3.8 16.6 21.2 33.5 48.8
155.5 154.1 151.2 147.5 143.7 140.9 142.3 147 150.5 153.7 151.1 150.3 151.1 154.5 159 165.8 172.8 183.5 194.6 203.7 214.3 223.7 228.3 231.3 233.7 236.7 238.2 239.5 239.9 239.3 238.7 237.8 236.3 234.4 231.7 230 226.4 225.2 222 218.6 214.4 209.2 200.9 192.6 185.7 179 171.4 166 152.1 137.8 126.6 114.2 97.8 81.4 66 57.2 58.9 77 94.1 108.8 125.6 139.5 138.6 141.4 138.8 127.3 122.3 109.3 97.3 77.5 58.4 41 22.8 11.9 -3.8 -3.8 11.9 14.9 24.3 39.9
154.1 153.9 151.1 146.9 142.2 137.7 143.8 147.5 150.2 152.9 150.6 146.6 146.2 149.4 154.4 159.5 166.8 176.9 191.3 202.2 213.4 223.5 227.5 231.5 234.5 238.2 239.4 240.3 240.7 239.8 239.1 238.1 235.2 231.6 230.4 228.7 226.6 223.3 220 217 213.7 208.7 200.9 192.6 185.2 177.7 171.7 160.1 149 136.2 123.4 110.3 94.1 78.5 64 55.9 52.8 72 89.2 104.9 120.1 129.3 128 125.5 122.5 120 115.9 109 98.5 89.3 68.9 51.4 36.7 18.3 10.2 -3.8 -3.8 11.3 18.4 31.3
