WholeMapElevations/data/nt/nt56_OST50GRID_20230518/NT56.asc
ncols 200
nrows 200
xllcorner 350000
yllcorner 660000
cellsize 50
[rows 105 to 139 of 200, columns 0 to 77 of 200]
194.8 197.5 196.3 197.1 204.7 210 212.9 214.7 215.8 218.2 220.9 223.8 229.5 232.7 234.2 235.5 235 230.9 224.1 222.8 218.6 215.7 214.2 213.3 210.7 207.6 207.3 208.7 212.4 213 213.2 213.6 214 214.3 213.9 213.1 212.2 211.8 214.9 220.5 221.4 220 217.9 214.1 212.3 211.8 212.2 212.6 214.6 212.5 212.2 210.6 210.1 210 209.7 209.1 208.5 204.8 211.2 217.9 218.2 216.8 214.8 212.9 210.8 208.7 209.7 210.9 212.6 214.6 217.1 217.1 215.2 213.5 212 208.7 208.3 209.4
200.7 200 197.7 196.2 202.8 210.1 213.3 214.8 216 217.9 221.2 225.4 230.5 233.7 238.4 234.9 235.2 233.6 229.1 227.7 224.7 219.4 217.3 214.7 211.7 209.1 208.5 212.2 213.4 214.2 215.2 215.7 216.3 216.5 216 215.7 214.3 213.3 213.9 218.6 222.5 221.2 214.4 211.6 211.9 211.7 211.6 211.2 210.9 209.7 209.8 209.4 209.6 209.7 209.8 209.7 208.9 207.4 208.6 219.6 220.2 219.8 218.4 215 212 210.5 211.3 212.3 213.8 216.4 217.8 217.8 214.9 212.6 211 209.2 209.1 212
201.5 201.4 198.9 196.9 201.9 209.3 212.8 214 215.3 216.9 219.4 222.2 226.6 229.3 231.6 235.4 236.2 239.9 235.6 231.4 227.5 225.6 222.1 216.9 212.5 210.6 209.9 211.8 215.2 216.4 217 217.6 218.1 218.2 218.1 217.7 215.8 214.4 213 214.9 220 218 213 213.6 216 214.8 214.9 217 216.7 215.8 213.8 212.6 212.1 212.3 211.6 211.3 210 209.8 209 218.3 219.5 219.6 219.6 217.6 213.8 212.2 212.8 214 215.4 217.6 217 216.4 213.8 212.6 210.7 209.8 211.1 215.6
203.9 202.8 198.6 196.4 202.2 210.4 212.7 212.5 212 212.7 215 215.8 217.5 224.6 228 231.9 237.7 239 241 232.8 229.2 228.2 227.2 221.3 213.8 211.8 212.6 214.8 216.7 218.3 218.9 218.8 219.1 219.3 219.2 218.6 217.1 215.5 214.5 213.1 213.8 214.3 214.5 225.8 225.3 226.9 230.6 228.8 227.8 226.6 222.9 218.6 216.5 215.1 213.9 213.5 212 209.9 209.1 210.9 213.6 216.9 216.9 217.1 215.3 214.2 214.4 215.2 216 215.7 214.7 214 213 211.6 211.1 210.9 213.4 222.5
205.3 204.2 199.9 197.1 202.3 210.3 210.1 209.3 209.2 209.6 212.5 212.9 216.6 224.2 227.1 228.1 235.6 240.8 236.2 233.7 228 224.3 222.1 217.4 215 217.1 220.8 222.6 224.7 223.5 224.3 222.4 221.6 221.9 222.3 222.9 220.9 219.7 219.3 216.9 216.1 217.1 221.2 230.3 232.1 232.4 233 233 234 234.4 234.6 231 223.6 219.9 217.5 216 214.8 212.6 210.4 210.4 211.4 212.6 213.8 214.7 216 215.8 216.2 216 215.8 215.1 214 213.4 213 212.1 211.6 213.2 218.8 229.9
207.6 204.7 199.9 197.9 202.5 208.9 209.1 209.1 210.6 211.5 214.2 216.5 219.8 224.6 228.4 228 229.3 235.8 234.4 234.8 226.8 222.7 217.3 216.5 224.3 233.8 237.3 237.8 235.2 234.8 233.8 234.9 234.4 231.5 234.5 234.8 234.4 233.3 232.2 231.3 229.3 223.2 226.3 231.3 232.5 233.6 234.2 234 234.8 235.3 235.7 236.3 234.3 231.8 227.2 222.8 218.9 216.2 213.9 212.7 212.3 213.4 214.8 215.8 216.3 216.5 216.8 216.9 216.1 215.6 214.4 213.7 213.1 212.4 213.2 218.6 229.2 234.2
209.2 204.3 200.3 198.7 203.1 207.3 210.1 210.3 211.4 214.5 217.5 220.5 223.3 228.9 229.2 228.3 227.3 232.1 231.1 224.4 224.6 219.8 218.7 227.8 240 246.6 247.6 244.8 241.1 242.6 242.4 242.2 241.1 237.8 237 236.8 235.8 235.2 235.1 235 233.9 233.4 226.5 232.8 236.4 238.5 238.4 239.2 239.8 239.1 239.7 239.4 238.5 237.7 236 231.9 227.9 222.6 220.1 215.5 214.1 214.3 216.1 216.8 217.6 217.5 217.7 217.7 217.1 216 215.6 214.5 214.3 215.3 219.7 231.7 236.8 237.5
209.8 204 200.2 199.8 203.8 208.5 210.6 211.3 213.5 216.1 218 221 224.1 230 229.2 227.2 226.1 225 223 223.6 221.1 221 223.9 240.8 251.9 253 252.2 249.8 246.5 246.9 247.2 247 245.4 242.4 241.2 241.7 242.6 239 239.2 239.5 238.2 239.1 233.1 234 238.9 242 242.7 242.8 243.2 242.9 243.9 243.9 241.6 239.4 237.4 234.8 231 228.1 226.7 225.6 224.5 220.3 219.3 220.4 218.9 219.4 219 218.8 218.5 217.3 216.8 216.3 217.1 224.2 232.3 236.4 239.3 239.5
211.5 204.2 200.3 199.9 205.5 208.7 210.9 213.7 216.2 216.9 218.5 220.6 223.1 218.2 226.6 225.6 223.9 221.7 221.2 221.2 221.8 222.7 237.9 251 260.5 266.1 258.5 253.8 252.5 252 251.3 251.1 250.5 251.1 249.3 248 246.7 244.5 244.5 245.7 244.7 241.8 237.5 237.8 238.1 242.2 245 244.1 243.2 244.8 245.9 246.6 244 240 237.6 234.6 231.7 231.2 230.2 235 243.9 243.4 232.3 230.8 232.1 222.7 220.8 220.2 219.7 219.2 219.4 219.9 226.4 234.9 238.1 240.5 241.7 241.8
212 204.8 201.1 200.7 209.2 212.3 214.5 216.8 217.7 217.7 218.3 220.9 221.9 222.8 222.8 221.2 219.9 220.8 222 223.4 224.3 237.3 251.3 260.3 268.8 272.8 266.8 261.3 263.3 262.7 261.2 260.4 258.2 257.2 256.1 253.2 251.6 250.6 250.7 250.2 248.9 245.5 243.3 240.2 239.2 239.8 243.1 242.9 243.1 245.4 247.2 249.7 246.2 241.4 238.2 234.7 232.3 232.4 235.5 235.5 248.6 248.9 245.5 246 244 223.2 224.2 227.6 225 225.8 225.7 226.8 236.4 240.1 242.5 243.9 244.3 244.6
211 204.9 201.4 202.5 212.5 216.3 217.9 218.9 218.9 218.2 219.6 222.9 222.6 219.1 217.4 218 220 220.6 223.1 224.2 227.2 246.2 253.3 266.8 276.3 280.3 274.4 268.7 269.7 269.6 267.9 267.4 264.8 263.6 263.3 259.6 257.3 256.5 256.7 256.7 253.8 251.7 248.1 244.2 243.3 242 240.4 240.3 242.2 245.7 247.5 248.9 248.5 241.4 233.7 232.9 236.6 237.1 237 241.6 248.1 250 250.4 250.2 236.7 227.2 229.4 242.1 239.9 238.1 238.4 240.1 244 246.1 247 247.5 247.4 247.5
208.6 204.3 202.1 204 215 219.7 220.5 220.5 220.4 219.3 221.8 224 219.8 215.4 216.8 217.7 220.9 223.3 227.5 228.9 226.9 246.1 255 269.5 278.2 281.6 277.6 273.9 279 278.1 277.9 274.9 271.9 270.5 269.6 266.6 263.4 263.3 262.7 262.3 259.4 257.4 252.9 252.6 250.1 248.5 246.2 242.6 241.7 245.4 248.3 249.5 250.1 238.6 236.8 238 242 242.3 241.3 241.7 246.7 244.8 242.3 233.5 227.8 231.9 242.8 253.8 249.8 247.4 247 247.5 249.6 251 251.3 251.2 250.7 250
206.5 204.6 203 205 217.9 221 221.8 222.8 223 223 225 223.6 215.2 214.7 216.6 225.3 229.2 226.5 232.8 235.8 231.6 243.3 255.2 266.7 274.4 277.8 276.4 279.6 285.3 285.3 284.7 281.3 279.6 277.5 273.6 270.9 269.6 270.1 269 267.5 264.6 262.7 259.1 257.4 257 255 253.6 250.5 249.5 249.4 255.2 266.5 260.7 245.8 237.4 243.2 245.2 246.2 244.5 243.4 239.2 233.6 231.6 230.8 233.4 233.3 253.6 259 256.1 254.8 254 254.8 255.3 255.2 254.9 254.2 253.4 252.6
210.1 206.8 204 207.3 216.3 221.2 223.8 225.1 225.3 226.3 220.7 214.6 213.6 219.6 229.4 234.7 235.2 233.7 235.6 238.8 237.8 236.2 253.2 263.7 269.6 273.3 274.4 281.1 286.9 290.1 289.8 288.9 286.1 284.4 281.2 277.1 275.9 275.5 273.8 271 269.7 267.9 264.8 262.5 262.2 261.6 260.9 258.7 257.2 257.3 260.4 264.8 266.5 251.9 250.3 250 249.7 249.9 245.1 237.4 238 243.3 243.2 232.6 237.4 240.9 259.9 258.9 258.5 259 258.5 258.4 258.5 258.7 258.1 257.3 256.4 255.3
206.4 205.7 205.9 206.2 209.7 212.8 218.4 224.7 224.1 219.1 213.8 215.7 222.9 233.6 236.3 238.3 239.9 239.1 234.9 241 242 236.2 248.3 257.9 262.3 266.3 271.4 279.7 286.8 292 295.5 295.5 293.1 291.4 288.3 284.2 282.5 279.9 277.2 275.8 274.3 272.3 268.8 274 274.4 275.8 269.6 265.7 262 257 263.6 265.8 265.4 253.4 252.2 252.7 252.4 249.3 240.7 242.4 247.1 250.1 249.7 242.2 245.5 250 260.4 259.4 260.5 261.1 261.2 261.3 261.5 261.5 261 260.2 259.2 258.1
206.6 209 213.1 214.2 212.1 210.3 211.4 214.3 214.6 212.9 215.6 222.1 229.1 237.1 240.6 243.7 245.4 244.3 239.6 242.2 244.4 245.1 240.8 246.8 254.8 258.7 263.7 270.5 280.8 290.7 298.9 300.8 297.3 294.9 290.9 288.2 287.3 285.5 283.4 281.1 278.5 276.5 272.6 274.6 273.4 272.9 269.2 266.8 259.9 262.5 266.4 262.2 257.7 252.8 250.5 248.3 246.1 244.2 246.9 250.4 252.6 253.2 253 241.5 238.4 250.2 256.3 259.9 262.6 262.9 263.7 264.4 264.6 264.4 264.1 263.4 262 260.7
213.8 217.9 219.3 219.8 219.5 218 216.6 217.1 219.1 223 227.7 234 237.7 243 247.4 250.9 250.6 249.6 249.1 246.2 247.4 248.7 249.1 249 253.7 253.1 250.6 255.9 270.4 283 292.1 295.9 293 295.9 296.9 297.2 295.2 291.8 289.8 287.1 283.7 281.9 280.6 279.7 275.5 272.7 271.3 265.9 260.9 261.3 259 254.1 252.5 251.8 253.2 254.9 255 254.7 255.4 256.8 257.2 256.9 258.2 249.9 242.2 242.6 254.8 258 262.9 264.8 267 267.5 267.7 267.5 267.3 266.7 265.2 263.8
221.7 221.5 223.2 224.6 225.2 226.3 230.1 237.3 241.5 247.7 249.5 251.3 253.3 255.1 257.4 258.8 258.1 258 261.6 258.9 253.7 253.8 254.2 254.5 256.5 259 262.8 263.8 255.1 268.6 280.8 289.2 296 302.1 305 305 301.1 299.2 297.3 290.8 287.3 284.2 281.5 281.8 277.8 273.7 268.1 263.8 259.5 257.6 257.6 255.7 255.6 257.9 259.3 260.9 261.3 261.3 262 261.9 262 261.8 261.7 257.9 248.3 245.2 249.8 257.5 259.4 266.3 269.9 270.3 269.6 270.3 270.1 269.6 268.3 267
224.8 226.4 229.5 232.8 237.7 243.6 248.8 253.8 257.6 261.2 263.6 264.8 266.9 267.7 268.5 268.4 267.3 267.1 270.1 269.6 264.3 262.2 260.1 261.2 260.1 266.2 267.4 269.7 267.8 259.7 266.7 282.2 295.2 304.8 311.4 310.5 308.5 306.8 303.6 297.9 290 285.5 279.6 272.7 268.5 266.9 263.6 263.1 264.7 267 266.2 264.6 265.4 264.9 265.4 266.1 266 265.6 265.7 265.9 266 266.5 265.9 263.5 254.5 254.5 249.1 256.3 259.6 264.3 270.7 273 274 274.4 273.4 271.9 270.9 269.4
230.2 234.6 242 249.8 256.7 261.7 266.2 268.5 271.6 272.6 275.3 277.7 278.5 277.7 275.7 275 276.1 276.1 278.1 277.2 274.1 271.4 268.5 267.2 270.9 275.4 277.5 278.1 275.2 273.1 264.3 271.1 288.3 303.2 309.4 313.8 313.4 311.3 307.6 299.1 286.9 274.1 267.6 267.6 272.6 278.2 279.1 278.4 276.7 274.4 273.9 272.2 272.5 271.2 270.7 270.5 269.8 269.3 269 269.2 269.5 269.6 268.9 264.9 261.9 264.2 257 251.7 259.5 264.4 269.2 273.8 275.7 276.7 276.3 276 274.5 272.9
238.8 250.3 263.7 271.3 274.6 278.1 280.9 282.3 283.1 284.1 287.1 288.6 285.7 283.4 281.6 282.5 284 284.9 284.7 283.8 282.3 280.4 278.5 273.9 281.6 284.3 285.4 286.3 282.6 276.9 276.7 267.1 275.4 290.2 305.1 314.9 316.2 312.6 303.2 282.5 270.3 272.6 283.7 286.9 281.4 283.4 284.7 287 289.6 289.3 285.5 284.9 282.6 276.8 275.8 274.9 273.9 272.6 272.2 271.8 272 272.3 272.1 274 274.8 271.7 267.5 258.8 260.1 267.9 273.9 277 279.3 279.6 278 277.1 275.8 273.9
255.9 268.7 278 283.3 287.6 290.3 290.2 290.9 291.8 293.2 296.1 294.3 291.8 289.2 288.2 289.2 291.8 291.2 290.5 291.2 290.6 290.3 284.4 282.3 291.3 292.7 293.5 292.1 288.6 282.7 283.3 280.4 269.9 283.7 301.7 306.7 294.9 281.7 279.4 272.3 279.9 293.7 295.3 292.7 288 296.1 299.1 302.1 301.2 299.3 291.4 293.6 294.4 288.9 281.4 281.3 279.7 278.6 277.5 276.1 276.7 277.6 278.2 281.3 284 280.3 276.2 271.2 260.4 270.3 277.4 281.6 284.2 282.2 278.6 277.7 277.1 279.4
269.2 280.6 287.5 291.7 295.7 298.1 299.3 298.5 298.1 299.4 299 297.8 296.4 295 295 295.9 299.1 299.3 300.6 300.1 297.6 296 288.4 293.9 299 301.5 301.8 298.6 293.7 289.7 284.4 282.3 278.5 278.1 297 282.6 280 285 279.9 276.6 296.7 304.4 302.2 296.9 294.3 295.2 297.4 300.1 299.3 298.2 301.2 297.5 295 293.3 291.3 290.9 290.9 290.9 288.3 285.4 285.3 287.4 293.1 296.7 295 290.2 286.4 274.2 263.4 277 280.3 284.5 286.9 283.6 281.8 282.5 284.6 289.6
276.1 286.9 293.9 298.6 304.5 306.1 306.2 304.7 302.7 302.8 302.1 301.1 300 299.6 299.4 302.9 305 305.7 307 307 302.6 295.9 292.9 299.8 303 309.1 306.1 303.4 297.8 294.2 288.3 285.8 282.1 278.9 278.9 280.3 298.8 299.5 294.6 293.8 302.8 308.9 304.1 300 308.1 308.8 303.3 304.4 305 302.7 303.5 302.3 301.9 302 300.9 301 301.2 301.6 303.1 303.9 305.1 306.4 305.9 305.9 304.3 298.4 293.9 280.2 268.1 287.6 287.5 287.6 288.5 288.3 288.8 291.3 295.2 300.7
272.1 287.2 296.4 303.9 311.1 312.4 310.8 308.4 306.6 305.4 304.5 303.1 302.5 302.2 302.3 305.3 306.9 307.4 305.8 304.8 300.9 296.3 295.8 294 289.1 292.6 296.4 303.8 299.5 295.5 292.8 290.2 283.7 278.9 278.9 282 287.9 293.6 295.7 299.7 311.6 316 312.9 309.1 310.9 309.8 310.5 309.6 311 309.8 310.7 313.9 315.3 314.8 312.8 314.5 315.1 315.4 316.7 317.8 318.6 317.4 317.4 315.3 311.9 304.7 293.7 274.4 280 298.6 297 295.8 295.6 295.8 297.8 302 307 311.3
261.7 279.9 294.1 305.4 312.9 315.1 312.5 309.6 307.2 306.6 304.9 303.4 303 301.7 301.4 304.7 305.2 305 303.3 300.6 299.6 301 301.4 289.1 289.1 289.1 289.1 289.1 291.1 293.4 293.2 290.4 282.6 280.4 280.4 283.4 288.4 295.9 300.8 307.5 312.6 316 312.3 314.7 315.1 316 315.2 314.8 316.6 321.6 325.5 328.6 331.9 332.1 328.5 330.2 329.6 330.2 329 328.4 328.7 326.5 323.8 320.7 316 304.9 279.9 283 302.3 310.1 308.5 305.2 304 304.2 306.5 311.6 316.1 318.2
243.1 265.3 283.8 302.5 309.9 313.7 313.4 308.8 306.5 304.2 300.2 298.2 297.8 297.7 299.7 301.7 302.9 301.7 299.6 294.3 294.1 303.3 295.4 289.1 306.9 311.3 305.1 291 289.1 289.1 283.9 280.9 280.2 283.1 282.8 285.6 300.7 309.6 312.8 317.7 319 319.7 317.5 319.4 321.9 323 322.8 324.9 331.5 337.6 342.5 344.5 348.4 347.6 342.2 342 341.3 339.3 337.6 335.7 332.5 328.6 325.3 321 314.9 294.1 284.4 306 319.4 319.7 317.3 315.1 312.2 313.1 315.3 320.2 322.3 322.2
225.4 244.9 266.7 288.8 302.6 308 308.9 306 304.3 299 293.3 290.2 291.9 294 296.7 298.5 296.9 293.1 291.4 286.2 284.9 287 292.1 312.7 323.1 325.9 325.3 320.3 309.1 299.9 292.8 287.4 284.2 285.4 285.8 290.6 310.6 320.1 322.9 326 325.5 324.7 323.6 326.5 329.6 332.3 335.7 339.1 346.6 352.9 357.3 358.6 360.8 360.7 355.2 353.5 348.1 344.1 340.5 335.9 331.4 327 321.9 313.8 303.7 285.2 289.5 317.1 325.5 326.5 324.6 323 318.1 318.7 322.7 324.4 322.9 320.1
220.1 229.8 252.3 278.4 296.8 306.1 306.9 302.5 296.5 289.4 285.2 283.9 286.5 289.7 291.3 292.2 287.9 283.6 283.4 290.9 304.3 303.5 314.8 325 330.7 333.6 333.6 330.5 324.1 316 308.2 304.1 299.7 295.4 289.8 296.9 318.3 328 332.1 333 333.1 331.2 330.4 334 338 341.6 347.9 353.1 359.7 364.7 369.6 369.8 369.2 366.6 362.5 358.6 352 345.5 338.8 332.3 326.9 318.2 306.5 297.3 293.7 286.6 302.7 313.2 319.6 321.1 322.9 320.1 317.8 316.4 318.1 319.3 317.3 313.8
226.1 222.9 239 262.9 287.2 298.7 300.5 297.2 286.7 278.8 275.5 278.4 280.6 284.4 287 283.7 278.1 285.3 294.6 302.1 312.9 320.6 327.1 334.1 337.4 340.2 339.9 336.8 331.6 324.5 315.8 310.4 305.2 298.9 292.9 292.8 322.2 330.8 338.7 340.5 340.2 337.9 335.9 341.7 346.8 351.4 358.6 364.7 372.2 375.4 380.5 380.5 375 370.5 367.8 361.4 353.3 344.4 332 320.7 313.5 303.1 298.3 297.9 298 293.4 299.6 307.2 309.8 311.1 311.4 311.8 309.9 307.9 309.7 309.8 307.6 304.8
234.5 224.6 225.3 250 276.2 282.1 281.4 277.8 273.6 266.5 267.9 271.6 269.2 271.2 270.8 274.6 283.9 295 301.2 310.6 321.5 328.6 336.8 341.2 342.9 345.6 344.7 342.8 340.4 334.3 324.2 315 308.1 303.5 298.5 294 311.5 330.2 343.9 346.9 346.1 343.2 343.2 348.7 354.1 360.7 368.7 376.6 381.5 386.6 390.9 388.5 381.3 376.1 369.3 360.7 350 335.9 319.2 307.3 305.1 307.7 306.3 304.8 303.1 299.7 298.3 304 306.7 308.3 307.9 306.9 305.8 304.8 304.5 302.9 301.3 298
240.1 233.9 224.4 235 255.4 255.2 254.3 253.3 254.8 258.8 259.6 257.3 264.9 270.9 276.2 278 284.4 296.9 303.3 318.3 327.4 334.9 341.6 344.8 349.6 351.4 352 350.1 346.7 341.3 330.9 319.4 310.6 306.1 305 296.3 309.9 332.3 348.2 352.6 352.4 350.4 352.5 355.4 362.6 370.1 377.6 385 390.3 394.5 394.6 390.2 383.8 378.3 368.8 357.2 342.3 324.7 310.9 313.9 318.1 320.4 319.6 315.2 309.8 305.5 302.4 305.4 309.7 310.2 308.4 306.9 305.6 305.1 304.6 303.1 301.9 299.4
244.4 238.8 231.4 227.5 237 242.4 246 249.1 252.9 249.8 256.8 263.1 271.5 278.3 283.1 284.4 286.9 294.8 303.4 320.9 331.1 338.4 344.5 349.8 357.3 358.3 360.4 358.5 353.5 347.5 336.3 323.7 312.8 306.9 300.7 300 315.6 337.6 353.4 359 359.8 358.6 359.8 364.9 371.7 378 386.6 391.4 396.7 398.5 395.4 390.6 384.3 375.5 363.8 350 333 316.9 318.1 325.8 328.5 333.2 332.5 327.6 321.3 313.9 308.6 308.5 311.8 312.3 311.3 309.7 307.3 305.7 304.5 302.6 300.4 297.6
247.2 239.3 227.6 229.3 233.3 236.6 239.3 242.8 247.9 255.1 263.3 270.7 282.2 288.7 289.5 293.6 296.4 296.4 307.7 319.4 331.2 341.5 347.9 357.7 361.1 367.7 369.2 365.9 360.7 354 341.4 329 316.7 307.9 302.9 308.1 324.1 341.9 356.6 364 368.2 369 369.8 375.7 381.9 388.2 394.2 399.6 403.1 403.3 397.5 390.7 382.3 370 356.9 340.6 325.8 318.4 329.8 335.2 338.6 340.4 338.6 333.5 326.8 318.4 313.3 312.4 314.5 314.3 312.7 310.9 308.3 305.9 304.2 303.2 300.1 297.1
249.6 242.8 229.5 229.3 236.8 239.5 243.7 248.1 255.5 263 271.1 275.9 287.3 292.8 297.8 304.5 311.1 309.5 311.7 315.5 329.3 343.1 355.4 364.1 370.4 375.6 376.7 374 367.9 358.8 347.2 334.4 321.1 310.6 305.6 313.5 328.3 342 356.6 368.2 375.2 376.8 378.9 384 387.8 394.2 400.5 405.5 408.8 406.9 400.4 391.7 380.1 367 350.6 335.2 322.7 329.7 339.8 347.2 350.6 346.2 340.6 337.4 330.2 321.2 317.7 316.9 317.6 316.6 312.8 308.5 305.9 302.8 300.4 298.8 298.1 295
