WholeMapElevations/data/tq/tq81_OST50GRID_20230518/TQ81.asc
ncols 200
nrows 200
xllcorner 580000
yllcorner 110000
cellsize 50
[rows 78 to 116 of 200, columns 87 to 173 of 200]
38.2 40.5 40.9 41.1 40.5 40.6 41.7 42.2 44 48.1 53.1 57.9 59.8 61 60.9 59.7 58.5 55.1 48.3 42.4 46.1 56.6 54.8 52.2 48.2 48.6 52 52 50.5 49.7 51 52.6 52.7 52.7 51.7 50.5 49.3 48.8 47 45.1 47.3 49.5 49.7 49.5 49.1 48.5 45.1 48.1 49.7 50.1 49.2 48.2 47.5 47.3 46.7 44.9 42.7 38.3 41.2 41.5 40.1 34.3 32.1 38.9 42.7 44.8 45.2 44.7 44.4 43.5 42.7 42.4 41.3 41.1 39.6 39.3 38.7 38.7 38.1 38.3 38.3 38.5 39.9 41.8 44.2 47.3 50
39.6 41.4 42.4 43 43.6 43 43.8 44.1 45.2 47.1 52.6 57.4 60.7 62.6 63 62.8 61.7 59.1 52.9 50.1 57.8 59.9 57.3 55.5 53.7 53.2 54.4 53.3 52 51.9 52.2 52.3 51.1 48 48.7 47.5 46.3 45.6 45.2 45.8 47.1 48.1 49.4 47.6 44.9 43.2 39 47.1 48.4 48.4 46.9 42.7 44.1 44.4 41.1 41.4 32.7 33.1 37.9 39.6 38.2 32.8 28.9 39.1 42 43.4 43.6 43.2 42.7 41.9 41.2 39.8 39.7 39.1 38.9 38.8 37.6 37.8 37.7 37.6 36.9 37.5 39.9 43.1 46.2 51.4 54.7
40.6 42.3 43.6 44.5 45.5 45.6 46.2 47.6 48.1 49 52.5 56.5 60.7 63.6 64.8 64.8 64.1 62.9 60.9 59.1 62.3 61.2 59.5 58.3 57.8 56.5 55 54.3 53.8 52.3 50.5 49.1 47.9 41.7 45.6 44.3 43 40.9 40.4 40.8 42.7 45.9 45.9 42 38.9 36.4 36.7 43.2 44.6 45.1 43.8 37.4 35 35.9 35 32.8 27.5 28.7 33.7 35.3 33.2 26.5 19.1 39.4 41.3 42.6 42.4 41.6 41.1 40.3 39.3 38 36.9 37.2 37.3 36.5 35.6 35.8 36 35.1 34.3 37 40.2 44.4 49 52.3 54.1
41.7 43.1 44.7 46.8 48.4 49.6 50 50.9 51.9 52 53.8 56.9 60.9 63.9 65.1 65.3 65.5 64.7 63.1 62.2 61.7 60.7 60.4 60.3 58.7 56.6 50.4 51.2 49.3 47.3 46 44.1 44.1 42.6 41.4 41.3 36 36 33.8 32.3 37.5 40.3 39.4 35.9 32.9 28.5 32.4 38.5 40.7 42.9 39.9 35.4 30.8 28.6 28 26.8 23.7 24.5 28 29.5 27.2 21 29.5 38.6 40.9 41.7 41.3 40.4 39.1 37.4 37.4 36.4 34.4 34.2 35 33.8 33.1 32.6 33 32.2 34.2 37.9 41.1 48.2 49.4 48.7 47.4
42.2 44.3 46.5 48.5 50.3 51.9 53.2 53.8 54.8 54.9 56.5 58 60.9 63.6 64.5 64.7 62.8 63.5 62.1 60.6 59.5 57.7 57.6 57.3 55.4 53.4 49.9 49.3 45.1 42.1 39.5 37.5 37.7 35.4 33.7 33.4 30.6 28.5 27.7 29.9 36.4 36.6 34.3 31.5 28.7 24.6 31.2 36.6 40.9 42.7 42.8 39.5 32.5 26.9 24 21.2 19.5 19.2 19.5 22.7 23 17.1 27.8 35.8 39.2 40.1 39.6 38 36.2 34.1 33 33.9 31.8 30.5 30.2 29.7 29.6 29.4 29.3 31.4 34.5 38 42.3 47.2 49.5 46.2 41.8
43.6 46.5 49 51.4 53 54.2 55.1 55.6 56.5 57.2 58 59.3 60.3 62.3 63.6 62.5 61.5 58.9 57.7 56.1 54.8 52.8 52.9 52.7 51.1 50.4 48.8 46.5 43.5 41.5 36.6 35.1 32.9 30.1 28.7 27.7 25.5 23.9 24.6 28.8 32.5 31.5 30.4 28.3 25.1 26 30.6 38.7 41.6 44.7 46.4 39.9 34.2 31.2 29.8 27 22.7 18.9 15 15.9 17.6 15.6 24.3 30.9 35.8 37.7 36.4 33.6 31.7 30.2 29.2 29.7 28.1 26.5 26.3 26.2 26.2 25.8 27.9 31.6 34.8 39 43.2 50.4 49.1 44.7 38.8
46.1 48.6 51.5 53.8 55.4 56.2 56.3 56.7 57 57.4 58.6 59.3 59.1 59.9 59.6 60.5 59.9 56.4 52.4 50.9 49 48.3 49.4 48.2 47.3 47.2 46.7 45.5 44.6 42 38.3 36.8 36.2 36.3 33.8 29.8 26.4 23.3 21.4 26.2 27.7 26.8 26.1 24.4 23 25.7 31.6 36.4 38.6 43.1 44.8 41.8 37.1 33.6 32.1 29.6 26.5 23.3 18.9 13.2 14.7 20.3 26.2 30.7 33.2 34.9 32.9 30.4 26.5 25.3 25.1 26.7 24.9 23.7 23.2 23.2 21.5 24.3 28.7 32 35.4 39.9 46 48.2 45.7 41.3 36.2
48.1 50.6 53.3 55.6 56.3 56.6 56.1 56.2 56.9 56.3 57.2 58.3 59.3 60 60.2 58.5 56.3 53.3 48.6 44.6 42.9 44.9 49.3 47.3 44.2 44.6 44.2 44 45 44.9 43.7 42.2 41.9 39.3 35.1 31.9 28.5 25.4 21.5 21.5 21.8 22 23.1 21.6 20.8 24.8 30.1 32.5 35.9 42 42.4 40 36.1 33.9 31.6 29.5 26.4 23.1 18.7 11.5 14.8 22 28.2 31.1 29.7 32 30.8 28.5 26 22.8 23.2 21.8 21.9 20.7 19.3 19.3 23.6 26.4 29.7 32.7 36.5 42.8 47.2 46.6 43.5 37.7 32.5
49.2 51.2 53.5 55.3 55.5 55.7 55.4 55.2 55.4 56 56 56 57.1 57.9 58.5 55.9 53 50.8 47.3 43.8 37.2 41.6 45.5 45.1 41.8 41.2 41.3 42 45.2 47.9 47.6 47 44.4 39.7 35 30.9 27.6 25 21.3 17.2 16.6 18.5 20.2 18.7 19.3 23.3 26.9 30.1 35.1 38.8 38.4 36.6 33.6 32.3 30.5 28.1 25 21.3 16.7 11.3 15.2 22.4 29.2 31.5 31.7 31.3 29.6 27.1 24.8 23 21.4 16.9 18.7 18.5 16.1 21 24.7 27.2 29.2 31.7 35.9 41.1 45.5 44 39.8 33.8 28.5
48.5 50.5 52 53.3 53.7 53.5 52.7 53 53.5 53.3 54.1 55.6 56.6 57.2 58 56.4 53.5 49.4 44.9 45.6 41.2 33.8 41.1 42.5 40.8 39.6 36.3 39 44.8 47.3 48.3 47.7 44.9 41.3 36.3 31.2 26.3 22.9 24.2 24.4 20.7 14.4 16.4 17.3 23.4 25.3 27.2 31.1 34.9 35.8 34.8 33.6 31.5 31.1 29.4 26.5 22.9 18.5 14.1 9.7 16.1 22.8 28 29.7 30.4 29.1 27.4 25.5 23.4 21.8 20.9 17 15.6 15.4 17.6 21.5 23.7 25 27.8 29.8 33.5 38.2 40.6 40 34.5 28.8 24.1
47 48.5 49.8 50.4 50.3 47.3 49 49.4 50.9 51.9 53.4 54.7 56 55.6 57 56.8 53.7 49.5 41.7 38.4 38.1 31.8 35.7 40 40.4 38.8 32.7 38.5 43.7 45.9 46.9 46.2 43.9 41.3 36.9 33.3 32.2 32 31.5 27.8 22.6 17.1 14.2 18.3 24.2 26.9 30.5 31.8 33.7 33.5 31.8 29.6 28.6 29.1 27.6 24.4 20.2 16.9 11.8 8.9 16.2 22.6 25.8 27.4 27.5 26.3 24.7 23.2 18.9 19.7 19.3 15.5 11.6 13.2 18.3 21.6 22.5 23.1 25.5 26.4 30.1 32.1 36.1 33.5 28.5 23.5 20.2
44.4 46.3 47.8 48.5 48.5 48.8 48.8 49 49 50.5 52.5 53.9 55.5 55 53.9 53.2 51.4 48 42.1 36.6 31.9 30.1 30.4 35 36.5 35.1 30.9 36.6 43.6 44.9 46.3 45.4 44.1 42.7 41.7 41 40 37.7 33.8 29.2 23 18.4 13.2 19.2 25.7 29.4 31.6 31.3 30.9 29.8 28.9 27.5 25.7 25.3 25.1 22 19.5 15.3 9.9 8 15.8 21.7 23.4 24.4 24 23.4 22.3 20.8 18.6 19.3 16.5 12.7 8.9 14.6 18.6 20.2 19.7 19.6 22.9 23.3 25.4 28.3 28.9 26.3 22.1 19 17.3
38.7 43.9 46.1 46.4 46.4 46.8 47.2 47.6 48 50.6 49.8 53.5 54.9 53.8 51.6 49.4 47.8 45.7 42 36.1 34.6 32.1 26.3 29.2 32.2 31.3 28.1 37.4 44.4 46.4 46.7 46.4 45.9 44.7 44.3 44.1 42.5 39.5 35.1 29.1 22.5 14.7 14.4 21 27.5 29.2 28.9 28.4 27.4 26.1 25.7 24.4 21.9 21.6 22.6 20.6 17.3 12.4 7.9 6.5 13 17.4 18.8 19.7 19.4 18.1 18.2 16.4 15.9 15.8 14.1 9.5 6.9 14.9 18.6 18.4 17.3 18.1 20.3 19.8 20.4 21.8 21.6 19.9 16.9 14.5 13.5
38.4 41.3 43.6 43.9 44.8 45.5 45.3 45.5 47.1 50.7 51.8 52.8 53.4 52.5 49.9 45 44.3 43.6 43.2 39.5 35.4 33.3 28.9 22.9 26.5 27.1 27.3 35.8 42.2 45.2 45.6 45 44.7 44.1 44.1 43.7 42.1 38.7 33.2 26.5 18.3 11.9 15.1 20.9 25.7 26.3 25.5 24.9 24.2 23.2 22.8 21.7 18.5 18 19.4 17.2 14.8 11.1 7 5 7.4 10.8 11.9 13.2 12.3 11.6 12.6 11.3 10.6 11.2 10.8 7 5.7 11.1 17.1 16 14.4 16.8 17 16 16.3 17.4 17.4 15.2 12.3 10.1 8.5
40.5 38.9 39.7 40.3 41.3 43.8 43.8 44.6 46.6 49 50.6 51.2 51.8 52.1 49.9 44.9 36 38.4 38.6 36.7 34.1 30.3 26.3 23.1 22 23.1 25.4 27.1 36 38 38.8 38.5 38.5 39.7 40.1 39.1 36.7 33 22.4 22.6 17.3 10.4 15.7 19 21.5 23 22.4 21.6 21.7 21.4 18.4 17.5 14.8 11.3 15 12.9 10 7.5 5.1 4 3.9 5 5 4.7 4.1 3.7 5.4 5.5 4.4 4.8 6.3 4 4.1 9.7 12.8 12 12 13.3 12.8 11.1 11.7 11.8 13.6 11.6 9.1 5.7 4.2
43.9 42.5 41.5 42.2 42.4 42.5 42.5 43.7 45.3 47 48.3 49.8 50.6 51.7 49.9 47.2 41 34.2 31.4 29.4 27.7 26 25.5 25.7 21.3 18.9 22 25.4 27.1 29.1 29.9 30.4 31.2 32.8 34.1 33.8 30.6 28.2 23 21 15.7 8.4 13 15.2 15.6 17.4 17.3 16.1 15.6 13.1 12.5 11.7 10.1 7.2 8.4 7.3 5.5 4.4 3.2 3.2 3.4 3.4 3.3 3 2.9 2.5 2.6 2.9 3.2 3.1 3.2 3.1 3.2 5.3 5.4 5.1 9.4 9.8 7.8 6.9 7.5 8.3 9.9 8.3 6.3 3.6 3
45.8 43.9 42.8 43.3 43.5 42.7 43.6 44.4 44.6 44.1 46.8 48.6 49.2 50.3 50.3 49 45.5 39.2 35.5 31.7 32.5 29.8 28.1 25.7 22 20.4 18.8 16.7 18.4 21.2 22.8 23.7 25 26.1 26.6 26.5 24.8 22.3 19.8 15.6 10.5 9.3 9 8.7 8.3 9.6 10 10.4 9.7 8.6 7.3 7 5.5 4.8 4.5 4.6 3.8 3.4 3.2 3.2 3.1 3.2 3.1 3.1 3.1 1.8 2.7 1 2.8 0.9 2.9 2.9 2.7 3 3 3.2 3.2 3.5 3.6 3.6 3.6 3.7 3.4 3.2 4.1 4.1 2.9
46.7 44.8 44.1 44.2 44.6 43.6 44.1 44.7 45.6 45.5 45.6 47.2 48.1 49.7 50.8 50.7 48.2 46.2 37.5 37.6 35.2 32.3 28.4 24.4 24.5 25.6 23.5 21.6 20.5 16.7 15.7 17.9 19.1 19.8 21.4 21.3 19.5 16.7 14.1 12.4 9.7 9.5 9.6 8.6 8.2 6.8 6.6 7.4 6.9 5.8 5.5 5.3 3.9 4.5 4.2 4.1 4.2 3.1 3.7 1.7 3.5 2.9 3.5 3.6 3.5 4 4.1 2.8 2.9 2.6 3 2.6 2.3 0.9 2.4 3 3.6 3.7 3.6 3.5 3.7 4.1 4.1 4.1 4.1 4.1 3.3
47.4 46 45.1 45.2 45.5 45.2 45.3 45.9 46.8 46.3 45.7 46.5 48.4 50.5 51.9 51.1 51.1 47.6 44.4 40.6 34.9 29.8 29.7 30.1 30.2 28.3 25.3 24.5 22.2 19.2 16 13.6 15.2 14.9 15.2 14 13 12.2 10.6 10.6 12.5 14.8 14 12 8.7 7.6 7.1 6.9 6 6.4 6.1 7 7.8 8 7 7.5 8.7 7.2 5.6 3.8 3.7 3.1 4.5 5.6 6 5.8 5.8 5 4.7 5.7 5.4 4.5 3 2.9 2.3 2.7 2.8 2.5 3.4 3.8 4.1 4.1 4.1 4.1 4.1 4.1 3.9
47.8 46.6 45.9 47.1 46.3 45.6 46.8 47.2 47.1 46.9 46.4 47 49.1 51.4 52.9 53.3 51.6 48.7 44.4 39 32.5 34.9 36.9 37.7 34.4 28.8 26.9 25.5 21.2 17.3 18.3 17.7 15.9 15.5 14.1 12.4 12.2 15.4 14 15.4 17.4 18.2 16.7 13.8 10.8 10.3 10.8 9.8 7.9 8.4 9.9 11.8 11.7 11.6 11.6 11.3 9.3 6.6 4.7 4.8 4.6 3.6 6.8 8.5 9 8.4 8.9 8.9 9.2 10.2 9.4 7.6 5.3 3.2 3.1 4.7 5.3 3.5 2.6 2.5 0.9 0.9 0.9 0.9 3 2.9 2.4
47.5 46.6 46.6 47.4 47.8 47.1 48.4 48.7 48.7 47.6 47.1 48.2 50 52.3 54.3 54.8 53.2 46.4 41.6 36.6 39.9 42.5 42.9 38.2 34.8 31.5 28.2 24.5 18.2 22.7 23.1 21.5 22.6 20.3 15.6 13.1 17.3 18.6 19.8 20.3 21.5 20.8 17.7 14.2 11.9 13.7 14.5 12.6 10.8 12.8 14.3 15.4 15 14.6 13.4 11.3 7.7 6 6.8 6.7 6.5 5.6 9.3 11.1 12.5 13.2 12.9 13.7 16 15 13.6 9.3 6.2 4.6 7.7 10.5 9.2 5.2 2.9 2.9 2.8 2.7 2.8 2.7 2.6 2.6 2.5
47 49.2 49.5 49.3 50.2 50.4 51.7 50.1 49.3 48 48.1 49.7 52.5 53.9 55.7 56.1 53.8 48.5 45.4 45.1 47 47.1 43.7 38.3 33.3 30.3 26.7 22.9 23.6 26.1 26 25.3 24.7 21.2 15.2 13.7 21.1 22.8 24.4 25 24.4 20.9 17.5 14.3 14.4 17.2 17.2 15.1 13.8 16.6 18.1 18 17 15.8 13.5 10.1 7.2 9 10.3 9.4 8.1 8.7 11.6 14.1 16.6 18.6 19.3 20.7 21.7 18.5 11.8 7.8 6.4 7.7 12.2 13.9 9.9 5.8 3.2 3.5 3.3 3.1 2.9 2.6 2.7 2.5 2.7
48.2 51.7 52.4 52.5 52.3 52.7 52 51.2 50 49.4 49.9 51.2 54.7 55.9 57 57.1 56 54.3 53.4 51.7 50.4 45.9 40.1 35.7 31.3 27.7 24.3 23.8 28.4 28.7 28.1 27.1 25 20.3 13.3 14.6 22.9 27.8 29.1 28 26.2 21.6 17.7 16.9 16.4 19.5 20.1 17.8 17.4 20.3 20 19.5 18.1 15.3 13 9.6 7.6 13.1 12.5 11.1 10 11.3 15.2 16.8 19.7 23.3 25.1 27.1 26.5 19.7 15.8 12.7 12.4 15.6 17 13.1 8.2 3.5 4.4 4.7 5.1 4.6 3.2 3.3 3.5 3.3 4.9
50.7 52.3 53 53.7 54.5 55 53.7 52.7 52.1 52 53.1 54.6 54.3 56.9 57.9 57.9 57.5 56.5 55.2 52.8 49 43.3 38.2 33.1 29.3 26.2 26.6 28.4 30 29.8 28.8 27.5 24.8 20.7 15.1 14.5 26.7 31.7 32.8 30.3 25.3 23 20.8 22.6 21.5 19.6 22.8 21.4 22.2 21 21.4 20.4 16.6 14.2 11.8 7.8 10.5 16.7 15.5 14.1 13.3 13 19 20.1 21.9 26.4 30.1 31.6 30.1 26.4 22.8 17.5 18.5 19.8 14.5 10.3 8.4 9.5 10.5 9.2 8.3 7.9 6.1 6.2 6.6 6.5 10.3
48.9 51 53.2 54.5 55.7 55.8 55.5 54.5 54 54.4 55.5 56.3 57.2 58.2 58.9 59 58.1 56.6 53.8 49.2 44.7 39.7 34 30.7 30.1 30.6 31.7 31 29.6 28.3 27.5 25.9 23 18.9 14.6 18 29.5 34.3 33.7 29.7 29 28.8 26.9 27.4 24.2 24.5 26.3 24.9 24.8 21.9 20.2 18 15.3 12.6 9.9 8.6 14.3 19.4 18.6 17.5 17.6 15.2 21.4 25.9 26.8 30.3 34 34.2 32.8 29.5 27.1 24.4 22.1 16.9 12.4 11.5 13.1 14.5 15 13.6 12.4 11.5 10.3 10.8 11 12.7 15
46.1 49.6 52.5 54.1 55.7 56 55.9 55 55.3 56 56.9 57.2 57.6 58.8 59.5 59.1 57.5 54.3 48.4 43.7 38.8 34.9 32.7 34.1 34.7 34.4 33.8 31.9 29.2 26.5 24.1 21.3 18.4 13.5 15 22.1 34.1 36 35.4 31.9 35.7 34.8 32.7 31.3 29.3 28.8 30 25.9 23.6 20.6 18.7 15.4 12.7 10.9 9.3 11.4 17.3 22 22.7 23.4 23.7 21.8 19.3 27.5 32.5 34.4 35.9 36.4 34.5 31.6 26 22.3 19.5 16.2 16.2 18.5 19.4 19.9 19.5 18 17.1 15.5 13.3 14.1 15.4 18.6 19.5
46.8 50.2 51.8 54.2 55.9 56.2 56 55.8 56 56.5 57 57.9 59 59.5 59.4 59 57 48.9 43.8 40.4 39.3 40.5 38.5 38.3 36.7 35.2 33.2 30 26.6 22.9 19.4 17.4 16.1 13.5 18.9 28.5 36.9 36.5 36.8 35.4 38.4 38.1 37.4 35.5 33.5 32.2 29.6 25.7 24.2 21.3 18.6 15.1 12.5 8.1 10.7 12.3 19 26.5 27 28.1 26.7 25.4 23.7 27.6 35.1 37.1 38 37.2 34.9 33.1 29 24.7 23.4 22.5 23.2 25.5 25.1 24.7 24.7 23.3 22 20.7 18.8 17.1 20.1 21.8 22.5
49.7 51.6 53.5 55.5 55.8 55.8 55.6 55.3 55 55 55.9 57.5 59 59.5 59.3 58.7 55.8 50.7 44.5 47.9 47.6 45.3 41.8 39.1 36.1 32.4 28.5 24.9 23.5 24.3 24 22.3 18.3 15.7 21 32.3 36.3 37.1 40.9 42.1 42.4 41.7 40.2 38.3 36.1 34.3 31.7 28.1 23.9 21.9 18.7 15.2 11.4 12.3 17.1 19.3 18.1 28.8 29.3 32.2 31.6 28.6 28.7 30.5 37.6 38.3 38.4 36.4 33.4 29.7 29.1 29.9 29 28.4 30.4 30.7 29.7 29.9 30 28.9 26.5 25 23.1 21.6 21.2 22.3 22.6
50.9 53.2 55.2 55.8 56.2 55.6 55 53.5 52.9 53.1 54.9 55.7 57.8 59.2 59.4 58.7 56.8 51.4 51.9 51.6 49.7 46.2 41.6 37.2 33.4 31.1 31.4 30.7 31.1 30 27.4 22.4 17.4 16.6 18.8 26.1 32.4 38 43.8 44.7 44.9 44.3 42.5 40.5 37.2 34.4 31.1 28 25.1 20.7 16.9 12.8 14.4 17.6 23.6 29.1 22 27 33 35.6 37.7 35.4 37 37.6 38.2 35.8 35.1 32.4 31.2 28.5 26.8 32.4 30 29.7 31.4 30.4 29.7 30 32 30.7 28 25.3 22.9 21.5 20 19.1 19.3
53.3 55.2 55.8 55.3 55.2 54.2 52.8 51.4 50.3 50.7 52 54.2 57 59.2 59.2 58.4 56.8 55.1 55 52.5 47.1 42.5 38.8 36.2 35 35.4 37.9 37.5 35 32 27.7 22.3 17.5 16.2 22.8 24.1 28.7 35 44.2 47.2 47.4 45.9 45 41.7 37.9 33.1 28.9 25 21.8 17.7 15.3 17.9 21 24.5 32.4 32.5 24.4 26.6 35.5 40.3 40.8 41 39.9 38.2 36.1 31.5 29.3 22.4 24.7 23.6 22.6 25.6 23.4 23 23.7 23.3 23.3 24.7 26.6 24.9 22.9 21.7 20.1 14.4 17.2 15.5 17.2
53.5 54.2 54.5 54.2 53.6 51.9 50.5 48.5 47.6 48.4 50.7 53.8 56.2 57.4 58.8 59 58.5 58.2 57.1 54.6 51.3 43.1 40.2 42.9 42.7 40 41 39.4 36.2 31.9 27.2 21.3 15.5 21.8 31.8 34.9 32 41.8 47.7 48.4 50 47.9 46.2 43.1 38.4 32.5 28.3 23 18.3 17 18.4 25.8 29.9 33.9 35.8 33.7 33.4 36.8 41.1 40.9 40.6 40.4 39.4 36.4 31.9 26.6 21.5 18.8 19.9 18.5 17.9 17 15.5 14 14.9 15 14.3 15.1 15.6 14.5 14.6 13.7 14 12.9 12.6 11.4 13.9
53 52.6 51.9 51.9 51.7 49.6 47.7 45.4 43.8 44.1 48.4 52.9 54.7 55.6 58.2 59.3 60.2 60.1 59.1 56.6 49.8 46.6 43.8 46 45.5 43.5 41.4 39.4 35.7 30.9 25.8 19.8 18.1 24.4 33.4 40.5 40 48.7 51.2 50.6 50.2 49.1 46.8 41.9 37.2 30.8 24.9 22.3 24.5 20 19 30.7 36.7 39.5 40 40.3 39.6 40.5 41.2 40.2 37.3 35.2 33.6 30.9 26.4 22.2 18.4 17.4 15.2 14.1 11.6 10.9 10.8 11.4 10.8 10.1 8.7 8.6 8.5 8.5 7 7.2 7.4 6.5 6.7 6.9 9
52.1 51.5 49.7 49 48.5 47.6 44.2 43 40.8 41.7 44.1 46.8 50.5 53 57.8 59.8 61.1 61.5 60.4 58.2 54.7 49.8 50.8 51.1 48.1 44.3 41.8 38.7 34.5 29.6 23.8 19.7 21.3 27.1 33.7 44.1 50.3 52.4 51.6 52.5 51.5 48.9 46 39.9 34.7 29.6 25 27.8 29.2 24.4 18.3 28.7 37.2 38.7 39.6 39.7 35.1 34.3 34.8 32.5 29.6 26.9 26.3 24.6 21.6 18 17.6 17.4 13.4 15.2 15.6 15 14.6 13.7 11 10.6 11.3 10 9.4 8.9 7.9 7.2 6.3 5.6 4 2.9 2.9
51.1 50.6 48.5 45 44.9 43.5 42.1 40.4 39 45 46.8 52 56 56.5 58.9 60.5 62.3 62.4 60.9 59.8 57.3 55.2 52.1 47.8 48.1 44.7 35.8 38.1 33.6 28.7 22.8 20.5 27.2 30 35.9 47.8 53.2 53.8 53 52.9 50.9 47.3 42.7 38.3 34.1 29.4 29.6 31.8 30.8 29.5 23.1 25.8 30.2 34 37.7 35.3 32 30.4 29.2 27.7 25.4 23.1 21 20.1 20.7 21.7 20.3 17.7 18.2 19 19.4 18 16.9 14.5 14 15 14.1 12.6 12.3 11.3 9.9 9.7 8.8 8.4 8.6 9.4 10
47.2 48 46.2 44 41.6 41.5 39.8 36.4 41.4 46.2 50.3 50.8 55.4 57.7 59.4 61.1 62.7 62.1 60.4 60.5 59.6 57.2 53.4 48.4 46 42.7 37.7 33.5 32.8 28.1 21.9 24.8 31.4 37 39.7 47.9 52.8 54.7 53.1 50.7 47.2 43.6 40.9 37.3 32.9 31 31.2 31.7 28.5 23.3 21.6 25.6 30.4 38.6 38.9 36.4 34.9 34.9 33.2 30.2 26.9 22.9 25.3 25.5 24.7 22.7 19.5 19.8 22.1 21.7 21.8 19.6 17.9 14.4 16.9 17.8 17.1 15.7 15.8 13.7 13.7 14.1 13.2 11.8 14.4 14.4 13.4
45 44.4 43.7 41.9 40.2 37.6 37.1 37.7 43.7 48.1 51.9 55.4 57.4 59.5 60.2 61.3 61 61.6 59.4 57.9 58.5 56 51.5 47 39.9 39.1 36.2 33.3 30.6 28 21.5 27.9 32.7 40.1 44.3 50.1 51.1 51.2 51.1 47.3 44.3 41.2 38.1 35.7 33.6 33 31.3 28 22.3 24.6 29 34.7 37.3 40.4 41.7 40.8 38.9 36 32.8 28.9 27.5 27.8 28.4 28.1 26.5 24 24.3 24 26.9 26.5 25.4 22.1 19.8 20.3 20.2 20.6 20.4 19.7 19.6 19.3 19 19 19.2 19.6 19.7 17.7 14.4
41.4 41.1 40.4 38.6 37.2 35.5 34.4 40.6 45.2 48.8 52.6 56.7 59.3 60.2 61 59.5 61.6 59.9 56.3 52.2 54.7 51.9 46.6 43.2 38.4 35.1 32.6 30.6 28.8 26.6 21.6 22.7 28.7 36.1 43 46.8 49.3 49.8 47.6 44.5 42.4 39.6 37.7 34.8 34.3 32.5 29.6 25.3 24.7 32.1 35.6 37.1 39.8 41.3 41.6 40.2 38.5 33.9 34 32.1 33.2 32.8 33.2 33.1 30.5 27.8 29.7 28.7 32.2 30.6 27.4 26.1 25.4 25.7 24.7 22.8 25.6 25.8 26.5 25.5 24.9 23.8 23.3 21.7 19.9 16.6 9.6
37 36.5 36 35.4 33.3 31.9 37.6 41.4 46.4 50.4 52.9 55.3 57.3 59 60.1 56.6 59.8 58 53.7 48 47.1 45.8 42.3 39 35.1 31.3 29.1 27.4 25.3 23.1 20.8 22.7 26.6 30.7 35.9 41.2 43.9 44.2 43.1 40.1 37.6 36.3 33.6 33.1 32.9 29.9 26.7 28.8 31.2 28.9 34.5 35.9 38.6 40.4 41.8 40.5 38.6 36.9 37.2 37.7 38.6 39.1 38.6 36.5 33 34.5 34.5 33.5 33.2 33.1 32.5 31.8 31.4 31.1 29.8 30.1 30.6 30.8 30.7 28.5 25.8 23.2 19.4 16.4 12.4 9.2 9.6
33.1 33.3 32.9 32.2 30.9 34.3 37.4 40.3 44 47.8 50.2 52.1 53.2 53.6 55.9 54.6 55.6 53.7 50.1 43.3 41.3 38.8 37 33.9 31.2 28.6 26.3 24.1 21.8 23.1 23.5 24.9 24.5 26.2 29.8 35.3 38.2 38.7 38.3 37.4 35.5 33.7 32.6 32.1 30.5 28.1 30.4 31.2 34.9 35.7 34.3 36.3 38.8 40.7 43.1 41.9 40.8 40.9 40.8 40.5 43.9 44 42.1 37.9 37.9 39.8 39.3 38.4 37.8 36.4 37.2 36.9 35.8 35.6 34.5 33.3 33.4 32.2 30 26.2 20.9 15.1 18.4 13.5 13.5 18.7 26
