WholeMapElevations/data/nb/nb22_OST50GRID_20230518/NB22.asc
ncols 200
nrows 200
xllcorner 120000
yllcorner 920000
cellsize 50
[rows 114 to 151 of 200, columns 86 to 171 of 200]
32.7 29.1 31.4 36 36.3 38 41.1 40.6 47.1 47.1 41 37.1 38.9 43.5 34.6 32.4 32.4 32.4 32.4 32.4 32.4 32.4 35.4 33.6 32.7 32.1 34.9 35.7 38.8 46.2 49.7 50.8 49.4 48.5 46.7 45 42.6 37.3 38 39.3 40 39.7 37.5 37.1 37.4 37.9 38.4 39 37.7 36.6 37.2 41.8 42.4 40.6 38.4 37 36.9 34.7 31.6 38.1 35.2 35.8 37.9 39.3 31.6 26.8 26.8 26.8 26.8 26.8 27.8 26.8 26.8 26.8 33.2 28.7 26.8 28.2 29.6 31.3 33.7 31.7 26.8 29.2 33.7 34.3
29.1 29.1 29.1 35.2 35.9 41 48.8 48.5 44.4 43.1 42.6 38.8 40.3 39.9 33.8 32.4 32.4 32.4 32.4 33.6 32.4 33 35.4 35.1 32.1 32.1 38.4 40.4 40.1 46.1 51.4 51.7 51.3 54.1 52 49.8 45.2 42.9 38.7 39.5 40.5 39.2 39.5 38 38.5 40.6 42.2 41 39.7 38.6 38.7 45 43 40.2 37.5 35.8 34.9 33.5 30.6 30.7 34.3 36.9 37.1 35.8 31.8 26.8 26.8 26.8 26.8 26.8 26.8 26.8 26.8 26.8 33.9 31.9 29.3 26.8 26.8 30.6 29.3 26.8 26.8 26.8 33.2 33.9
30.5 29.1 29.1 29.9 34.1 39.6 46.2 47.7 43.6 44.4 42.8 39.8 37.7 38 32.4 32.4 35.2 32.4 32.4 32.4 36.2 36.5 35.9 35.3 32.5 39.3 40.1 41.9 41.3 45.8 51.9 53.3 57.8 64.8 57 57.8 49.4 43.5 40.7 41.1 41.3 47.1 46.2 41.9 41.6 47.4 43.7 41 40 39.5 39.3 44.7 43.4 40.6 38.9 31.9 32.7 33.7 31.4 29.3 31.4 36 35.7 33.4 29.8 26.8 26.8 26.8 26.8 26.8 27.2 26.8 32.1 26.8 31.8 33.1 31.4 26.8 26.8 26.8 26.8 26.8 26.8 32.1 33.4 33.9
31 29.1 29.1 29.1 35.1 38.1 43.9 43.7 42.5 43.2 43.2 39.4 38.5 35.9 35.6 32.4 32.4 32.4 32.4 32.4 34.6 38.6 39.4 38.1 34.5 40 40.6 41.6 41.4 44 54.5 57.5 63.4 66.3 63.6 61.4 58.3 59 49.2 48.7 54.6 54.6 52.9 50.7 47.1 51.4 49.5 41.4 41.8 40.5 38.9 41.6 43.9 41.4 39.3 29.4 29.4 31.3 32.5 30.4 29.2 37.1 34.3 31.3 29.4 26.8 26.8 26.8 26.8 26.8 30.3 30.8 31.4 26.8 32.1 33.9 33 30.8 26.8 26.8 26.8 29 32 34.2 33.8 34.3
29.1 29.1 29.1 29.1 33.1 37.7 38.4 38 39.4 41.5 39.9 39.7 39.3 36.1 35.6 32.4 32.4 32.4 36 38 41.4 40.7 40.2 39.7 35.5 36.5 39.9 40.2 42.3 44.6 56.3 60.8 66.5 68.5 68.3 64.9 66.7 66.4 65.2 61.5 61.3 59.4 60.5 58.3 56.1 56.6 60.1 52.6 42.2 40.1 37 37 43.9 42.5 38.2 33.6 29.4 29.4 30.6 32.6 28.7 32 32.4 29.8 29.8 26.8 26.8 26.8 26.8 31.1 31.9 29.7 26.8 26.8 31.4 34.7 33.7 32.6 26.8 26.8 30 26.8 29.7 33.3 33.8 33.3
32.5 29.1 29.1 29.1 36.3 32.8 36.6 37.4 38.5 38.3 37.8 37.9 34.1 36.6 32.4 32.4 32.4 32.4 38.5 41.6 42 41.9 40.8 38.4 35.6 36.3 38.7 40.3 43.9 46.1 56.3 64 70.3 72.1 68.8 70.6 80.3 86.2 82.7 72.3 65.3 64 71.2 71.6 62.7 66.1 61.8 53 40.6 37.3 35.5 35.3 42.6 41.8 36.5 34.1 29.4 29.4 30.9 32.3 29.2 29.8 28.7 27.6 29.8 26.8 26.8 26.8 31.4 31.7 30.5 26.8 26.8 26.8 31.8 33.5 32.4 31.8 30.6 26.8 26.8 26.8 31.1 33.6 33.4 32.8
29.6 29.1 29.1 29.1 29.1 30.2 35.3 38 40.7 38 38 36.3 32.4 33 35.3 32.9 32.4 38.8 43.2 43.8 42.6 41.8 41.8 37.3 36.4 36.5 36.8 38.2 43.5 48.1 57.2 64.4 69 76 74.1 87.9 97 97.7 90.8 79.9 68.8 68.8 74.5 73.3 66.4 64.4 57.7 48 38.8 37.1 35.9 33.4 42 40.5 36.2 33.8 29.4 29.4 33.7 32.3 32 29.5 31.2 30.4 26.8 26.8 26.8 26.8 30.2 31.7 27.6 26.8 26.8 26.8 32.1 32.9 31.6 31.4 31.1 29.2 27.1 28.5 31.7 34.3 31.4 31.7
33.1 29.1 29.1 29.1 29.1 29.2 34.3 38.3 40.9 37.5 35.6 33.7 34 36.3 37.1 33.7 32.4 37.6 43 43.8 43.3 44.1 39.2 36.6 36.6 37 37.1 37.8 43.6 51.9 57.3 64.7 71.9 77.2 77.7 91.1 106.8 106.3 96.9 85.6 74.3 71 73.3 70.6 64.3 57.4 54.5 46.9 35.8 36.1 35.3 32.3 35.2 39.9 35.8 33.9 33.3 29.4 32.6 32.7 32.4 32.2 33.9 29.4 26.8 26.8 26.8 26.8 31.2 30.8 26.8 26.8 26.8 26.8 32.5 31.8 30.5 30.9 31.2 31.2 26.8 26.8 26.8 26.8 27.9 30.7
31.2 29.1 29.1 29.1 29.1 31.3 35.9 38.8 38.4 35 34.4 34.7 36 37.4 36.2 33.8 32.4 37.8 45.8 42.7 41.9 38.7 36.8 36.6 41.4 37.8 37.8 38.9 40.9 53.9 59.3 65.7 75.6 76.4 89.6 114.4 118.6 114.6 106.3 91.3 76.2 73 74.4 68.9 62.4 56.4 53.6 46.3 32.4 34 32.4 30.5 31 34.3 34.4 33.5 32 29.4 29.4 29.4 31.6 33.6 33.7 30 26.8 26.8 26.8 26.8 31.6 31.1 28.7 26.8 26.8 26.8 32.2 31.5 29.1 30.8 30.4 27.8 26.8 26.8 26.8 26.8 28.1 29.8
29.1 29.1 29.1 29.1 29.1 33.7 35.4 38 35.9 35 35.1 35.3 38.8 37.5 36 32.4 36.2 37 41.3 39.4 40.3 36.1 36.3 38.3 41.4 38.2 37.9 37.8 41 53.4 58.1 67 71.3 75.6 98 115.5 119.2 114.9 107.3 95.8 80 71.5 73.4 63.8 60.5 55.8 47.6 41.7 31.3 30.3 30.1 29.6 30.4 29.4 32.8 32.6 31.8 33.8 34.7 33.3 35.5 35.3 33.3 31.8 26.8 26.8 26.8 26.8 30 31.8 29.7 26.8 26.8 26.8 30.1 30.9 30.9 30.9 30.9 28.1 26.8 26.8 26.8 26.8 26.8 26.8
29.1 29.1 31.6 33.2 30.8 30.2 35.5 35.8 35.7 35.8 35.5 35.8 36.4 37.2 34.7 35.2 37.3 36.2 35.4 37.2 35.9 35.3 35.6 40.2 38.4 38 37.5 37.2 42.3 51.1 52.8 60 66.8 79.5 101.4 114.9 119.6 111.7 103.6 93.2 78 68.9 66.6 61.5 60.9 50.8 43.1 35.1 33.1 31 29.6 29.1 29 27.3 29.3 31.3 33.5 36.2 36.2 35.5 36.6 36 33.3 31.4 26.8 26.8 26.8 26.8 26.8 29.6 26.8 27.1 26.8 26.8 29 26.9 30.1 31.5 31.1 30.3 29.8 26.8 26.8 26.8 26.8 26.8
29.1 29.3 29.7 32.2 32.5 31.1 35.2 36.9 37.1 37.9 35.9 36.5 35.8 36 32.8 33.7 34.6 33.1 32.1 33 34.2 34.5 35.6 38 38.2 38.5 35.6 32.8 41 47.3 54.1 60.4 66.2 76.5 100 114 114.5 107.8 102.5 90.2 76.2 70.1 59.5 57.7 58.9 50.8 39 37.2 32.1 30.9 32 32.1 30.7 27.1 30 31.8 34.2 36.7 36.1 36.6 36.5 35.4 32.5 29.7 26.8 26.8 26.8 26.8 26.8 26.8 26.8 26.8 26.8 26.8 26.8 26.8 30.2 30.8 30.9 30.7 30.5 26.8 26.8 26.8 26.8 26.8
29.1 29.1 30.7 32.1 30.9 29.1 33 35.1 39 36.6 36 35 34.8 36.3 31.9 31.9 33.7 33.8 30.6 29.1 31.7 33.6 35.7 46 43.1 35 29.1 29.1 35.7 43.3 54.7 60 65.1 74.2 97.9 108.7 106.6 99.6 95.5 81.1 70.8 64 52.8 50.1 46.5 44.4 47.1 38 34 31.2 30.8 31.1 30.8 26.8 26.8 29.3 34 35 36 36.1 35.7 33.3 31.7 26.8 26.8 26.8 26.8 26.8 26.8 26.8 26.8 26.8 26.8 26.8 26.8 30.6 30 27.4 27 30.6 27.8 26.8 26.8 26.8 26.8 26.8
29.1 29.1 29.1 29.1 29.1 29.1 29.1 33.4 36.4 34.6 34.2 34 34 34 31.3 32.3 32.9 32.3 30.8 29.1 29.3 32.3 36.5 41 39.2 35.6 32 29.1 32.9 39.3 50.7 57.2 64.2 75.3 84.8 91.7 88 85.3 74.4 68.7 67.1 54.7 49.7 46.6 46.6 43.7 41.2 38.4 34.6 30.5 26.8 26.8 26.8 26.8 26.8 26.8 31.5 33.8 34.4 34.2 34.7 26.8 26.8 26.8 26.8 26.8 26.8 26.8 26.8 26.8 26.8 26.8 26.8 26.8 26.8 30.3 29.9 26.8 26.8 26.8 28.8 26.8 26.8 26.8 26.8 26.8
29.1 29.1 29.1 29.1 29.1 29.1 29.1 29.1 34.4 34 33.2 33.5 34.7 30.5 32.2 33.3 32.8 31.9 29.4 29.1 30.1 34.4 35.2 38.5 33.3 29.7 29.1 29.1 30.8 33.3 42.4 50.7 54.5 65.5 71.7 74.8 74.3 73.5 68.6 63.1 58.4 54.6 49.5 46.5 45.6 45.4 42.8 38.8 34.4 26.8 26.8 26.8 26.8 26.8 26.8 26.8 26.8 30.4 32.4 26.8 26.8 26.8 26.8 26.8 26.8 26.8 26.8 26.8 28.1 35.9 34.2 27.5 26.8 26.8 26.8 26.8 26.8 26.8 26.8 26.8 26.8 26.8 26.8 26.8 26.8 26.8
29.1 29.1 29.1 29.1 29.1 29.1 29.1 29.1 29.1 34 29.1 29.1 29.6 30.2 32.3 30.2 31.3 29.1 29.1 29.1 31.1 29.1 30.2 29.1 29.1 29.1 29.6 29.5 30.9 31.9 34.5 45.8 49.6 57.7 62.3 64.8 67.8 65.5 59.4 58.6 56.7 53.9 50.9 50 48.8 48 41.4 37 32.1 26.8 26.8 26.8 26.8 26.8 26.8 26.8 26.8 26.8 28.7 27.1 26.8 26.8 26.8 26.8 26.8 26.8 26.8 31.1 36.3 36.2 34.5 32.4 26.8 26.8 26.8 26.8 26.8 26.8 26.8 26.8 26.8 27.9 26.8 26.8 26.8 26.8
29.1 29.1 29.1 29.1 29.1 29.1 29.1 29.1 29.1 29.1 29.1 29.1 29.1 29.1 32.3 30.2 34.6 29.1 29.1 29.1 29.1 29.1 29.1 30.7 31.1 31.8 32.4 31.5 30.6 28.7 31 37.4 40.4 51.5 56.3 56.7 63.8 58.7 58 57.3 54.8 52.1 54 51.7 46.4 44.4 38.5 34.2 30.8 26.8 26.8 26.8 26.8 26.8 26.8 26.8 26.8 26.8 26.8 26.8 26.8 26.8 29.2 26.8 26.8 26.8 26.8 34.3 38.1 36.8 35.1 33.2 26.8 26.8 26.8 28.6 29.1 30.4 30.6 26.8 26.8 26.8 26.8 26.8 26.8 26.8
33.2 29.1 29.1 29.1 29.1 29.1 29.1 29.1 29.1 29.1 29.1 29.1 29.1 29.1 29.1 29.1 29.1 29.1 29.1 30.7 30.5 32.3 33.1 32.6 32.4 33.7 32.3 32.1 30.3 27.2 27.2 31.8 36.6 44.9 48.5 51.5 60 57 55.4 56.5 52.9 50.8 51.2 44.1 39.6 38.3 35.4 34.1 31.5 27.8 26.8 26.8 26.8 26.8 26.8 26.8 26.8 26.8 26.8 26.8 30 27.8 26.8 26.8 26.8 26.8 26.8 43.3 39 36.5 35.1 32.7 26.8 29.5 31.4 31.3 32.1 32.3 30.7 26.8 26.8 26.8 26.8 26.8 26.8 26.8
32.7 29.1 29.1 29.1 29.1 29.1 29.1 29.1 29.1 29.1 29.1 29.1 29.1 29.1 30.8 32.9 29.1 29.5 33.6 34.3 33.2 37.6 37.7 33.2 33.1 34.6 31.7 30.8 29.1 26.8 26.8 30.3 33.6 38.3 41.7 46.5 55.1 53.4 54.2 51.7 50.3 46.9 43.3 39.5 37.5 36.5 36.4 34.5 32.4 27.3 26.8 26.8 26.8 26.8 26.8 26.8 26.8 26.8 26.8 30.4 29.8 26.8 26.8 26.8 26.8 26.8 26.8 27.4 40.2 37.1 35.2 33.8 26.8 29.6 31.9 33.5 34.1 33.8 32 29.8 27.2 26.8 29.7 26.8 26.8 26.8
32.3 32.5 29.1 29.1 29.1 29.1 29.1 29.1 29.1 29.1 29.1 29.1 29.1 30.1 33.4 32.5 29.1 29.1 29.1 33.3 38.6 40.5 36.4 33.6 32.9 33.3 31.8 30.5 29 26.8 26.8 26.8 26.8 32.1 38 40.5 48.6 49.5 47.3 46.4 44.4 40.1 38.5 38.8 37.1 36.2 36.1 36.2 29.7 26.8 26.8 26.8 26.8 26.8 26.8 26.8 26.8 26.8 33.9 32.6 26.8 26.8 26.8 26.8 26.8 26.8 26.8 26.8 37.5 38 35.9 34.4 29.2 31.7 33.1 35.8 37.2 34.2 33.2 31.8 27.5 26.8 28.3 26.8 28.9 28.3
35.7 35.3 29.1 29.1 29.1 29.1 29.1 29.1 29.1 29.1 29.1 29.1 29.1 32.3 33.3 34 29.1 29.2 38.5 41 44.3 40.5 35.2 33.3 32.6 31.6 31.5 30 29.8 30.3 26.8 26.8 26.8 26.8 33.8 36.6 38.9 47.2 45.1 41.5 38.7 37.3 37.5 38 38.2 34.3 33.1 33.4 26.8 26.8 26.8 26.8 26.8 26.8 27.4 26.8 26.8 26.8 30.4 27.6 26.8 26.8 26.8 26.8 26.8 26.8 26.8 26.8 26.8 38.3 40.3 34.8 26.8 29.2 32.9 33.5 35 35.3 34 32.9 30.4 29.7 29.8 31.5 31.7 31.3
34.8 31 29.1 29.1 29.1 29.1 29.1 29.1 29.1 29.1 29.1 29.1 29.1 32.2 34.9 33.1 32.3 34.8 48.6 44.7 43.6 38.2 34.7 32.7 32.4 32.3 31.8 32.7 32.4 30.3 26.8 26.8 26.8 26.8 26.8 29.2 33.2 39.4 39.3 33.8 35.6 35.5 35.9 38.9 34.6 31.3 26.8 26.8 26.8 26.8 26.8 26.8 26.8 30.6 30.7 26.8 27 29.5 26.9 26.8 26.8 26.8 26.8 26.8 26.8 26.8 26.8 26.8 26.8 37.1 42.5 33.5 26.8 26.8 27.7 32.7 34.8 36.4 35.2 34.4 33.4 31.3 30.3 31.3 31.5 31.2
33 30 29.1 29.1 29.1 29.1 29.1 29.1 32.1 29.1 29.1 29.1 29.1 34.8 39.8 34.6 36.4 42.5 45.4 43.1 40.4 37.8 34.4 33 37.7 34 33.5 34 33.2 30.5 27.1 26.8 26.8 26.8 26.8 26.8 26.8 29.6 31.5 28.9 32.4 33.2 36.3 35.5 32.7 26.8 26.8 26.8 26.8 26.8 26.8 26.8 26.8 30.6 30.3 26.8 26.8 26.8 26.8 26.8 26.8 26.8 26.8 26.8 26.8 26.8 26.8 26.8 26.8 31.4 33.7 32.6 26.8 26.8 26.8 31.5 38.9 39.5 37.6 36.6 36 33.3 32.3 32.3 31.9 31.3
29.7 29.1 29.1 29.1 29.1 29.1 29.1 31.7 31.5 29.1 29.1 29.1 29.1 31.7 35 38 37.3 43.7 43.9 43.2 39.4 35.7 34.6 34.8 41.8 38.5 35.3 34.8 33.5 30.7 26.8 26.8 26.8 26.8 26.8 26.8 26.8 26.8 26.8 26.8 31.7 32.1 33.5 34.6 29.9 26.8 26.8 26.8 27.6 31.1 29.7 28.1 26.8 26.8 29.4 26.8 26.8 26.8 26.8 26.8 26.8 26.8 26.8 26.8 26.8 26.8 30.3 26.8 26.8 26.8 30.8 31.7 28.6 26.8 26.8 36.7 43.5 42.2 41.4 39 37.6 36.2 33.5 33.2 32.8 32
30.5 29.1 29.1 29.1 29.1 29.1 29.1 29.1 29.1 32.7 37.8 35.3 35 33.1 34.8 37.6 37.8 47.2 43.6 41.4 40.6 37.5 33.8 39.7 44.3 40.9 36.2 35.1 32.9 29.6 26.8 26.8 26.8 26.8 26.8 26.8 26.8 26.8 26.8 26.8 31 27.8 26.8 26.8 26.8 26.8 27 30.5 32 31.5 30 27.4 26.8 29.3 28.4 26.8 26.8 26.8 26.8 26.8 26.8 29.9 32.2 30.1 28.4 30.1 30.5 27.8 26.8 27.9 30.6 32.1 31.4 29.9 30.4 35 45.8 44.1 43.7 39.4 38.4 36 34.8 33.9 33.8 33.1
29.4 29.1 29.1 29.1 29.1 29.1 29.1 29.1 29.1 42 43 41.2 36.6 33.6 35.9 37.7 39.1 44 41.4 44.7 43.4 36.4 37.7 46.2 50.3 44.2 36.8 33.7 30.9 26.8 26.8 26.8 26.8 26.8 26.8 26.8 26.8 26.8 26.8 26.8 26.8 26.8 26.8 26.8 26.8 29.9 31.4 29.2 33.5 32.1 31.1 28.8 26.8 29.7 30.2 27.7 26.8 26.8 26.8 26.8 26.8 32.4 33.9 29.5 27.6 32.6 32.4 30.9 27.2 30.7 34.6 34.4 31.8 28.4 31.4 37.6 45.1 43.1 41.8 38.9 37.9 36.2 36 36.3 35.2 34.1
29.1 29.1 29.1 29.1 29.1 29.1 29.1 29.1 29.1 42 47.9 45.2 35.6 34 36 37.4 46.7 42.5 41.4 44.7 43.2 37.8 36.5 38.6 45.7 47.1 36.8 33 30.3 26.8 29.1 26.8 26.8 26.8 26.8 26.8 26.8 26.8 26.8 26.8 26.8 26.8 26.8 26.8 29.8 29.9 28.9 33.4 33.1 32.7 31.8 28.3 26.8 30.7 30 26.8 26.8 26.8 27.5 30.2 30.8 26.8 26.8 26.8 27.9 27.8 35.4 36.2 34.3 35.3 37 36.1 26.8 27.9 33.3 34.1 40.1 40.4 41 39.3 37.7 36.5 36.3 39 37.2 35.2
29.1 29.1 29.1 29.1 29.1 29.1 29.1 29.1 32.8 44.3 50.2 40.9 34.6 35.9 37.1 42.7 44.4 42.6 41.7 41.7 43.5 38.2 36.7 37.4 39.4 42 39.9 32.6 28 26.8 26.8 26.8 26.8 26.8 26.8 26.8 26.8 26.8 26.8 26.8 26.8 26.8 30.1 31.7 28.9 28.9 28.9 34.1 33.4 33.9 32.6 30.4 30.4 30 27.3 26.8 26.8 28.2 34.9 34.1 31.7 26.8 26.8 26.8 26.8 35.8 37.2 37.5 36.4 40.9 37.8 35 26.8 30.7 37.6 35.9 36.3 36.9 37.9 38.1 37.5 36.9 37.2 42.2 38.6 36.2
29.1 29.1 29.1 29.1 29.1 29.1 29.1 32.7 34.9 38.2 49 36.1 35.2 37.1 38.1 41.8 43.5 44.6 44.3 43.7 42 38.1 37 39.3 38.9 38.7 37.5 31 26.8 26.8 26.8 26.8 26.8 26.8 26.8 26.8 26.8 26.8 26.8 26.8 26.8 26.8 26.8 28.4 29.1 28.9 28.9 30.4 33.3 34.3 33.6 34.5 31.6 29.7 26.8 26.8 27.2 38 43.3 37.5 33 31.6 26.8 26.8 26.8 36.8 37.7 37.6 37.6 38.5 34.5 33.3 26.8 33.1 38.8 36.6 34.4 34.4 37 37.7 37.8 38.1 38.5 42.8 37.7 36.2
29.1 29.1 29.1 29.1 29.1 29.1 29.1 34.3 36.9 37.4 39.1 36.7 35.5 38.2 40.3 43 50.2 46.7 47.7 44.2 43.7 38.1 37.7 39.1 41.2 39.4 36.2 30.7 26.8 26.8 26.8 26.8 33.1 26.8 26.8 26.8 26.8 26.8 26.8 26.8 31 30.5 26.8 29.7 30.4 30.7 28.5 32.4 34.3 34.8 34.7 35.9 33.1 30.4 27.9 29.1 30.4 39.7 44.9 37.9 32.5 29.8 26.8 26.8 27.4 35.4 37.4 37.9 41 36.9 33.4 30.6 26.8 26.8 34.9 35.9 34.8 34.4 36.7 37.3 37.5 39 38.9 37.8 36.5 36.2
29.1 29.1 29.1 29.1 29.1 29.1 29.1 36.2 38 37.9 36.9 36.8 37.7 36.1 40.2 44.1 47.2 46.8 45.3 45.7 41.5 39.2 39.9 39.6 38.3 39.8 35.3 29.2 26.8 26.8 26.8 34.7 32.4 26.8 26.8 26.8 26.8 26.8 26.8 30.6 34.4 32.3 31 33 32.7 34.9 34.1 35.9 35.7 35.9 35.8 35.1 33.4 31.8 30.6 30.4 31 37.2 42.6 35.6 31 29.2 26.8 26.8 26.8 31.9 34 40.1 42.4 37 33.2 31.5 26.8 26.8 33.8 35.9 36 36.6 36.8 37.2 34.7 37 35.5 34.7 34.7 35.2
33.2 29.1 29.1 29.1 29.1 29.1 29.1 38.8 43 40 37.9 39.4 42 37.3 40.7 41.2 43.9 44.8 44.1 42.3 39.7 38.5 40.3 37.5 33.8 39 34.3 34.1 34.2 31.6 26.8 34.4 31.5 28.9 27 26.8 26.8 26.8 30.2 31.9 39.7 35.9 34.1 36 37.7 37.5 37.3 37.8 37.8 36.9 36.3 35.6 34.4 32.5 31.2 30.7 31 34.7 34.5 31.4 30.1 26.8 26.8 26.8 26.8 26.8 34.5 37 37.3 34.6 32.7 28.9 26.8 26.8 26.8 32.4 33.8 32.3 36.2 37 35.2 34.7 34.7 34.7 36.6 35.3
38.1 29.1 29.1 29.1 29.1 29.1 29.1 40.1 41.8 39.3 40.9 41.8 40.5 38.2 37.1 38.6 43.7 45.8 44.2 42.4 39.9 38.7 38 34.1 33.8 34.3 37.3 39.3 34.5 32.7 27.4 35.6 33.4 30.2 28.3 33.4 38.6 35.6 31.8 34.2 40.7 37.4 36.2 37.2 38 37.7 40.4 42 39 37.8 36.7 35.3 34.2 31.9 31 30.8 31.4 34.2 33.6 30.8 30.3 26.8 26.8 26.8 26.8 26.8 31.3 32.6 32.5 32.1 29 26.8 26.8 26.8 26.8 27.7 30 27.8 36.1 36.9 34.7 34.7 35.7 37.8 37.8 37.1
38.6 29.1 29.1 29.1 29.1 29.1 30.3 41.5 41.4 39.7 39.8 41.6 39.8 38.6 37.3 38 47.8 45.4 45 42.5 40.5 39.2 37.1 34.1 33.8 41.5 45 43 39 37.1 36.7 36 34.1 30.6 29 44.1 53.6 36.9 33.3 37.7 40.7 42.4 40.2 38 38 38.9 45.6 44.8 41.2 38.9 38 35.7 34.2 31.4 29.3 29.1 31.1 32.8 31.2 30.7 30.1 26.8 26.8 26.8 26.8 26.8 28.2 31.6 31.6 30.9 28.8 26.8 26.8 26.8 26.8 26.8 26.8 26.8 33.4 35.4 36.9 34.7 37.9 40.6 40.8 40
36.3 29.1 29.1 29.1 29.1 29.1 34.4 42.1 41.4 40.9 40.8 44.3 40.9 39.1 37.7 37.9 46.3 45.5 43.9 42.7 41.3 39.6 38 34.9 45.9 55.3 55.2 53.2 43.3 39.9 39.2 35.4 33.8 31 30.3 47.4 48.2 37.4 37.1 40.5 44.6 45.7 38.3 38.9 36.3 46.8 48.4 45.6 42.4 40.2 39.1 36.8 34.5 31.2 26.8 26.8 30.5 31.8 31.6 31.2 30.3 28.8 26.8 26.8 29.8 28.8 31.5 32.8 32 31.7 29.8 26.8 26.8 26.8 26.8 26.8 26.8 29.9 32 33.1 36.1 36.5 37.3 40.8 42.6 42.7
37.6 29.1 29.1 29.1 29.1 29.1 36.8 42.5 42.3 42.7 42.6 44.4 42.9 40.7 39.5 38.5 42.2 45.4 43.5 43.4 42.4 40.2 37.8 37.4 46.3 59.3 64.2 58.9 47.9 41.5 38.1 34.7 34.5 30.2 32 39.9 43.3 40 38.7 40 44.9 44.5 37.2 33.5 35.3 46.7 50.5 44.9 42.5 41 39.8 38.1 35.5 31.7 26.8 26.8 30.8 32 32 31 30.8 28.1 26.8 26.8 30.5 31 34.8 33.3 32.2 30.8 28.3 26.8 26.8 26.8 26.8 26.8 28.1 31.1 31.5 31.8 33.1 34.6 37.9 42.8 47.4 49.8
38.9 30.5 29.1 29.1 29.1 29.1 37.4 42.5 43.5 44.6 45.5 46.2 46.4 48.1 46.2 40.7 40.1 42.9 43.9 44.5 44 41.9 41.1 41 44.4 54.1 64.8 64 50.5 42.3 37 34.5 31.9 30 34.4 40.8 45.1 47.9 40.5 39.7 41.9 41.4 34.2 33.5 35.9 40.3 45.1 45.1 43.8 42.3 40.6 39.2 36.4 33.1 26.8 26.8 30.5 32.3 31.7 28.8 27 26.8 27.1 27 29.9 30.7 31.9 32.6 31.4 31.3 29.3 26.8 26.8 26.8 26.8 26.8 28.1 29.9 30.4 31.3 31.8 33.5 40.4 48.7 52.3 54.1
44 33.2 31.4 32.2 32.6 33.3 39.4 47.6 47.5 52.2 50 50.2 51.6 54.2 48.6 42.8 41.5 46.3 45.9 47.5 47.6 45.8 47.7 47.7 46.7 54 59.6 61.4 52.6 42.5 36.4 32.9 34.5 34 40.5 46.2 46.4 55.4 46.4 39.1 35.4 33.5 33.5 33.5 34.4 38.5 41.7 48.3 45.7 42.1 41 39.6 37 33.8 26.8 26.8 34.4 31.9 29.5 26.8 26.8 27.9 27.9 26.8 28.7 27.8 31.9 32.2 29.8 27.8 26.8 26.8 26.8 26.8 26.8 26.8 30 30.7 31.4 31.6 31.8 33.4 47.9 58.9 56.1 54
