UK/data/sx/sx35_OST50GRID_20230518/SX35.asc
ncols 200
nrows 200
xllcorner 230000
yllcorner 50000
cellsize 50
[rows 0 to 36 of 200, columns 84 to 167 of 200]
62.3 59.6 56.9 54.2 50.1 46.6 43.3 40.2 38.2 36.3 35.4 32.5 31.2 35.2 37.2 33.9 28.2 20.3 14 9.8 13 15.2 15.6 10.3 4.9 16.1 30.4 36 39.3 41.8 43.6 44.2 43.3 40.3 34.5 34.6 44.6 52.3 61 69.5 75.7 79.8 77.2 73.8 68.9 63.2 53.7 42.9 33.5 33.4 40.8 46.2 48.3 49.1 46.9 49.4 53.3 58.1 63 67.3 70.2 70.9 70.8 71.5 75.6 78.3 79.5 78.3 75.8 72 67.8 63.1 58.7 54.2 48.7 42.9 38.4 33.1 25.6 20.6 31.8 38.8 39.7 36.7
63 59.6 56.7 53.8 49.9 45.4 41.2 36.9 33.4 32.4 30.7 29.2 26 26.6 27.1 25.1 18.1 9.6 4.9 3.8 -1.7 -1.7 9.7 10.7 5.7 17.9 26.4 30.2 33.3 34.8 36 36.1 33 28.9 24.8 32.2 40.4 48.3 58.3 67.1 71.8 74.4 76.1 76.3 75.8 74 68.9 56.3 43.3 32.3 39.5 46.5 48.6 47.4 47.9 59.3 63.5 68.4 73.9 78.2 80.5 81.4 80 80.4 81.9 83.7 84 82.6 80.1 77.7 73.4 71.2 68.5 63.5 58.5 52.8 46.7 39.8 29.7 17.9 16.6 26.8 29.3 27.8
64.6 61.1 57.9 55.2 51.2 47.1 43 39.2 35.1 29.9 27.3 27.4 24.9 19.7 18.7 15.6 10 4.3 -1.7 -1.7 -1.7 -1.7 -1.7 2.8 6.6 14.7 20.5 24 25.8 26.7 28.4 28.4 25.9 17.9 28.1 37.1 44.2 53.4 63.9 69.3 70.2 71.2 73.4 76.3 78 77.9 74.4 67.5 49.8 32.3 36.8 45.6 40.8 42.9 52 64.1 71 77.7 84 88.9 91.6 92.3 92.3 91 90.6 91.3 91.1 89.5 86.8 84.7 82 81.2 80.4 74.9 66.6 59.8 53.8 47 38.6 26 11.6 13.1 16.3 16.5
62.7 62.4 61.2 57.7 53 48.3 44.1 39.8 36.1 32 26.4 22.5 22.2 17.7 13.9 10.4 5.8 3.2 -1.7 2.3 3.1 2.6 -1.7 2.2 4.6 9.3 13 15.9 17.3 16.8 18.1 19 10.8 22.3 35.1 41.7 46.8 55.7 63.6 66.4 67 67.2 69.5 73.5 75.6 74.4 70.2 61.4 48.2 29.1 40.6 36.1 42.8 53 59.6 67.3 74.2 81.6 87.7 92.7 95.8 97.7 99.3 100.2 99.6 100.2 100.5 98.8 95.4 92.3 90.8 91.7 89.8 86.2 81.2 74.2 66.3 57.7 47.1 36.4 24.2 9.6 5.1 6.8
52.5 56.8 57.9 57.8 53.8 48.1 41.4 35.1 32 29.6 26.5 21.2 17.8 15.3 10.7 7.1 3.8 2.6 -1.7 10.3 10 6.5 -1.7 2.2 2.9 4.5 6.8 7.7 8.7 9.2 9.1 8.8 13.5 27.6 34 39.3 42.3 45.9 51.4 56.7 59.1 61.7 64.6 67.8 69.1 67.7 61.9 46.5 31 26.9 34.1 32.3 47 55.4 61.8 68.5 75.1 81.8 88.1 94.6 99.9 103.7 106 106.1 105.7 105.7 104.9 102.6 99.6 95.4 92.4 90.6 90.3 89.3 86.9 83.6 77.9 69.6 57.4 46.1 32.3 14.6 5.9 2.8
35.4 43 45.5 46.9 41.6 35.3 29.5 24.7 22.2 23.8 23.8 21.1 16.1 12.7 9.9 5.5 3.2 -1.7 -1.7 19.5 19 15.4 -1.7 -1.7 2.6 2.7 2.5 -1.7 -1.1 2.2 -1.7 6.9 15.7 24 29.3 33.6 36.4 39 43.8 48.7 52.2 54.9 58 59.4 57.9 54.9 48.3 35.2 25.3 24.8 26.6 31.2 43.6 50.2 57.1 64.8 73.2 80.4 87.1 94.4 100.3 104.8 108.7 109.7 109.2 107.6 105.1 101.9 97.9 93.5 89.3 86.4 85.2 84.7 83.2 80.7 77.4 71.2 60.8 38.2 27.3 9.7 3.3 -1.7
18.2 26.7 31.3 30.8 22 15.8 11.9 11.4 14 15.2 16.7 16.4 15.1 13.1 9.7 4.3 -1.7 -1.7 17.5 25.2 26.1 24.3 18.3 -1.7 1.7 2.1 1.9 -1.7 2.6 2.4 -1.7 7 11.9 17.5 23 28 30.2 31.7 35.8 38.7 44.1 47.4 50.7 52.7 51.4 49.1 42.1 30.7 22.3 23.7 26.2 33.3 37.1 42.3 50.6 59.3 67.8 76.5 84.8 91.8 97.6 102.8 107 110.1 108.7 106 102.8 98.6 94.1 89.4 84.9 81.8 79.7 79 77.8 74.9 72.5 68.6 44.4 13.1 -1.7 -1.7 -1.7 -1.7
7.5 13.5 23.8 19.2 6.9 6 5.1 3.5 5.7 7.3 9.6 10.8 12.2 11.6 5.1 -1.7 -1.7 21.8 29.7 31 31.5 30.9 27.9 21.9 13.5 6.6 4.2 2.9 2.9 2.7 -1.7 -1.7 7.6 12.9 17.1 21.2 24.4 25.3 28 33.9 39.4 42.8 45.2 47.2 46.4 44.5 39.7 32.4 22.5 27.1 35.3 34.5 34.1 35.2 42.8 50.4 59.5 69.1 78.4 87.4 94 99 103.6 107.1 106.3 103.6 99.7 95.3 91 87.2 83.1 79.5 76 73.8 73.1 70.6 67.5 51.4 15 -1.7 -1.7 -1.7 7.2 15.5
7 7.1 12.2 7.9 9.4 16.4 20.6 11.3 4.2 3.5 3.6 5.3 7.4 4.1 -1.7 -1.7 24.1 35.7 41.9 43 40.6 36.3 33.7 30 24.2 11.8 11.6 9.4 6 3 2.2 -1.7 -1.7 8 12.1 15.3 18.8 19.8 23.4 29.3 35.1 40 42.8 44.3 43.5 41 39 36.9 24.8 31.7 41.9 44.9 44.2 41.9 41.3 45.3 51.9 61.5 69.6 80.9 88 94.2 97.3 100.2 100.4 98.6 96.4 92.2 88 84 80.1 76.4 72.8 71.2 70.1 66.5 57.4 28.3 12.9 -1.7 -1.7 7.7 10 12.2
21.5 9.8 5.3 6.4 7.9 8.9 33.6 32.3 24.3 9.4 2.2 3.2 2.3 1.9 -1.7 27.2 37.4 47.4 54.6 56.5 52.8 48.5 41.7 37.7 30.7 16.7 20.7 19.4 15.4 8.7 2.9 2.5 -1.7 -1.7 6.1 9.2 11.8 15 20.1 26 31.9 36.8 40.1 41.1 39.8 36.2 30.5 23.1 20.3 31.1 44.5 50.1 51.7 51.3 51.5 52.1 54.3 58.9 67.3 75.7 83.2 89.2 92.5 94.7 95.1 94.3 92.7 89.4 85.3 80.2 75.1 71.7 68.4 66.6 65.6 62.1 51 32.2 13.3 -1.7 -1.7 23.6 34.9 34.3
26.4 19.3 14.4 10.1 9.8 18 31.7 38.2 37.8 30.6 22.4 10.9 6.2 18.2 30.2 40.2 48.7 55.7 62.2 66.6 63.4 58.5 52.9 44.9 35.1 23.6 30 31.1 26.8 18.2 8.9 2.6 2.1 -1.7 3.1 5.7 7.2 10.5 16.1 23 29.2 34.3 38 38.9 37.3 31.3 23 18.5 22 35.3 49.1 55.2 58.2 59.2 59.4 60.2 62.8 66.8 70.2 73.8 79 84.4 88.4 89.9 91 90.7 89.6 86.9 82.9 77.7 71.7 66.7 62.2 59.6 62.1 60.6 53.3 31.8 12.4 -1.7 -1.7 23.2 40.7 65.2
40 39.4 32 24.9 17.3 11.1 23.8 37 44.6 45.1 39.5 33.4 19.5 31.1 42.2 51.1 59.6 64 67.6 69.3 67.3 61.9 55.6 47.8 37.2 32.6 42.3 42 36.4 28.2 17.8 6.6 -1.7 -1.7 2.8 2.9 3.6 7 11.8 20.4 27.2 32.8 37.8 39.3 37.5 31.8 20.5 17 27.8 42.3 50.5 56.6 60.8 63.4 64.7 65.8 67.1 69.2 72.7 75.7 79.5 82.4 86.6 87.6 87.5 87.2 86.1 84.1 80.8 75.3 69.4 64.1 59.5 52.5 56.2 57.6 53.3 31.5 12.9 -1.7 -1.7 19.8 39.1 61
35.2 34.9 35.8 36.1 32.2 18 23.5 44.9 52.6 53.4 49.7 44.5 34.6 38.5 51.6 59 65.5 70.5 73.6 74.4 72.1 65.5 57.7 49.5 42.4 44.1 53.3 52 43.9 32.6 24.3 15.8 -1.7 -1.7 2 2 2.2 3.6 6.7 15.9 23.3 28.7 33.6 35.7 34.1 28.6 15.7 17.4 33.2 44.4 50.1 54.9 58.1 59.8 61.9 65.6 67.6 69.5 73.2 76.6 79.9 82.6 84.6 85.1 84.9 84.4 82.3 80 78.5 73.9 68.8 63.6 58.1 46 46.6 49.1 48.6 36.2 14.4 1.8 -1.7 15.4 36 55.7
29.4 29 28.7 28.2 25.8 16.8 29 41.5 48 51.5 52 49.7 45.8 33.8 49.4 58 66.1 72.5 76.5 78.5 78 77.8 68.9 60 55 57.1 60.7 56.6 47.8 34.7 27 19.8 11.1 -1.7 -1.7 1.7 1.7 1.6 3.3 10.9 18.5 24.2 28.1 29.7 28.2 21.4 13.5 22.5 34 41.2 46.5 51.4 53.9 54.3 56.1 58.7 62.7 66.7 71.4 75.9 80.4 83.4 83.4 84 83.6 80.8 77.1 74.5 71.9 68.5 64.2 59.8 54.2 44.4 32.7 37.8 38.1 34.6 21.9 6 -1.7 10.9 31.3 52.6
22.4 21.3 20.3 18.7 17.2 20.3 31 38.2 43.4 47.2 50.2 51 51.4 47 45.9 55.6 63.6 71.8 77.1 80.6 82.2 82 80.6 80 75 72.4 69.7 64.5 49.6 36.1 27.3 20.6 13.7 8.1 -1.7 -1.7 -1.7 1.6 -1.7 11.2 17.7 23.3 25.9 26.2 24 14.6 15.3 26 31.1 36 40.3 44.2 45.8 46.6 50.2 54.9 58.8 63 67.6 72.8 78.2 81.4 82.2 82.5 82.2 79.6 75.5 69.4 65.3 62 57.8 52.3 46.2 37.9 24.8 24.1 26.3 25.1 16.7 2.4 -1.7 11 37.3 51.2
20.4 20.4 21.4 21.5 23.2 22.6 28.8 34.7 41 45.8 49 51.4 52.5 51.9 47.6 53.7 62.6 69.8 74.7 77.1 79.3 80.9 80.9 81 83 84.8 80.1 71.2 57.1 41.2 29.4 22.3 19.3 16.3 9.1 -1.7 -1.7 1.7 -1.7 15 25.1 29 29.7 28.2 24.2 14.5 13.5 19.7 24.8 29.2 33 36.2 35.8 44.3 51.2 55.4 58.1 61.4 64.8 70.3 75 78.2 79.9 79.2 78.7 76 71.6 66.4 60.5 54.5 49.1 40.6 32.9 26.5 21.5 15.8 14.4 14.7 11 1.8 -1.7 15.3 32.2 49.1
31.2 25.8 28.5 29.6 28.1 23.2 31.9 36.3 41 45 48.1 51 53.5 53.9 54 56.7 62.9 68.3 70.8 73.3 74.4 75.1 75.9 76.9 78.5 80.1 78 71.4 61.9 48 35.5 28.9 30.6 23.7 13.2 4.7 2.4 -1.7 -1.7 16.6 29 37.1 40 39 33.3 23.6 10.6 12.6 17.6 19.6 23 26.7 34 43.4 50.8 57.1 61.7 65.9 70.5 74.3 76.9 78 78.3 77.8 76 73.2 68.6 64.2 57.2 49.6 43.6 37 32.8 30.5 26.6 19.7 10.8 9.7 3.4 1.6 -1.7 7.3 26 43.8
38.9 31.2 34.1 34.3 32.4 25.1 34.4 37.7 40.9 44.1 47.2 50.4 53.7 55.7 58.2 60.8 63.9 66.1 67.4 69.2 69.5 69.1 69.4 70.6 72.2 73.8 72.9 68.5 61.5 51.8 39.5 36 39.2 34.2 23.3 12.3 3.6 -1.7 2.4 7.4 22.1 31 37.4 39 39.3 33.2 22 9.8 13.9 17.5 21.8 27 35.8 44.3 52.8 60 65.1 70.2 73.6 76.9 78.3 78.2 77.2 75.7 74 72.3 68.8 66 61.7 56.5 51.5 46.8 43.7 40.2 34.3 26.4 16.1 5.8 1.6 -1.7 -1.7 6.4 17.8 33.1
42.1 33.5 36.7 36.3 34.1 27 31.9 36 38.9 41.8 45.5 49.9 53.3 57 59.8 62.2 63.3 64.4 63.9 64.5 64.4 63.6 63 64.4 65.9 67.4 66.7 64.4 58.7 51.4 44.1 42.5 40 37.5 31.7 24.4 13 -1.7 2.2 2.6 7.6 19.4 26 29.7 32.1 31.9 20.2 8.7 19 28.2 32 34.8 40.1 46.3 51.8 58 66.6 72 75.3 78.4 79.5 77.5 75.4 73.3 71.7 69.9 68.2 65.3 62.8 58.4 53.9 49 43.8 39.6 34.2 26.3 16.8 8.4 2 -1.7 1 12.2 25.9 39.1
45.2 36.2 40.1 39.5 36.6 32.9 29.3 32 34.4 39.1 43.2 47.4 52.3 57.2 60 61.9 62.5 62.2 61.1 59.6 58.7 57.9 57.5 59.1 60.4 60.9 60.7 59.9 56 50.6 46.1 43.8 40 34.8 29 23.3 19 -1.7 -1.7 2 -1.7 -1.7 13.3 18 22.8 26.1 16.4 8.5 23.5 40.3 47.2 50.2 51.3 52.9 58.4 63.9 68.5 73.7 77.8 79.2 79.6 77.2 74.6 70.2 66.9 63.8 61.7 60.1 57.9 54.4 50.7 44.8 38.4 33.4 28.9 22.2 14.1 6.3 1.9 -1.7 0.8 14.9 31.6 41.1
48.2 40.1 45.8 44.5 41.3 38 33.5 36.8 40.3 43.5 46.5 50.8 54.2 57.8 60.9 62.7 62.3 61.1 59.1 54.6 52.3 50.3 51.1 53.6 55 56.1 56.6 55.6 52.7 48.8 46.2 44.2 41.6 39.4 31 22.7 16.3 10.5 -1.7 -1.7 -1.7 -1.7 4.5 9.6 14.5 15.7 12.9 9.4 31.2 50.9 59 61.2 61.4 61.5 65.4 70.3 74.1 77.6 78.6 80.4 80.9 78.8 75.7 70.4 65.3 60.6 57.4 54.8 52.5 49.5 44.5 36.3 26.4 20.7 18.8 14.8 10.6 4.5 1.6 -1.7 -1.7 8.5 26.2 33.9
49.4 46 50.5 49.2 45.5 43.3 41 41.9 46 50.1 54.1 57.7 59.7 61.2 62.5 63.7 63 61.5 59.7 55.7 50.3 43.6 44.5 48 50.2 51.3 52 51.9 49.9 46.4 42.5 39 40.4 44.2 42.6 34.2 27.3 17.6 12.5 7.1 2.5 -1.7 -1.7 -1.7 -1.7 -1.7 2.3 16.2 37.9 53.4 61.1 65.4 65.9 68 71.5 75.3 78.6 81.3 83.3 85.1 84.9 82.5 79.8 74.4 69.1 61.8 56.1 51.6 46.7 41.2 34.1 24.6 18.1 12.7 7.6 4.5 1.8 1.6 1.7 1.6 -1.7 3.8 17.3 22
51.2 49.5 52.4 51.3 51.1 50.7 50 49 50.5 55.1 58.7 62 63.5 64.5 65.7 65.3 64.3 62.4 60.4 56.9 52.6 46.8 37.1 39.9 44.7 47.2 48.2 48.2 47.4 43.8 39.1 33.8 37.7 43.5 46.4 49.3 45.1 33.7 23.2 15 4.1 -1.7 1.8 1.6 1.6 -1.7 13.1 25 37.3 47.2 55.3 61.5 64.9 69 74 79.4 84.4 87.6 89.4 92.2 94.1 92.5 87.7 82.2 74.4 66.9 66.6 66.5 51.9 42.1 32.7 29.2 29.9 28.1 23.1 16.7 6.4 1.8 1.7 1.2 -1.7 1.6 3.5 8.4
53.6 54.8 57.2 58.7 59 58.3 57.6 56.9 58.6 60.3 63 65.1 66.7 67.1 67 65.8 65.1 63.9 60.7 57.6 55.1 49.8 42.9 31.5 39.5 42.8 44.3 45 44.4 41.6 37.1 31.4 33.4 41.2 45.6 49.6 56.3 48 37 25.1 15.6 -1.7 -1.7 8.8 14.8 13.4 14.9 19.3 28.9 38.6 48.3 57.3 65.1 70.6 75.8 80.9 85.8 89.6 93.1 95.4 97.3 97.8 96.5 94.3 87.7 68.3 66 59.6 56.3 49.2 45.5 41.1 38.1 33.8 29.5 22.5 7.1 1.8 1.6 -1.7 -1.7 11 10.1 10.7
58.1 61.3 64.9 66.5 66.7 65.8 65.1 65 65.6 66.2 67.1 68.7 69 68.5 67.5 66 65 63.2 60.3 57 53.5 49.2 45.1 36.8 33 38.3 40.4 41.4 41.1 38.6 34.3 28.9 26.2 35.5 40.6 46.2 50.2 53.9 51.1 36.5 22.4 12.7 -1.7 -1.7 12 24.4 27.8 28.8 32.6 41.4 51 60.5 65.5 70.5 75.7 81.2 85.4 89.2 92.7 95.7 98.9 101.5 101.3 99.4 96.9 86.9 62.1 75.1 64.4 58.7 53.6 47.3 40.3 30.7 21.5 14.7 3.2 1.9 -1.7 -1.7 13.2 20.1 20.5 20.3
64 66.8 70.8 72.5 72.6 71.7 70.6 70.9 70.6 69.9 69.8 70.3 69.5 68.7 67.5 66.3 64.9 62.3 59.3 55.6 52.1 47.7 41.7 36.7 27.9 33.6 36.7 38 38.1 36 31.2 26.1 23.2 30.4 35.8 41.3 46.5 41.2 48.9 47.8 30.1 17.2 3.8 -1.7 -1.7 18.5 29.4 33.6 39.7 45.4 51.1 57.5 62.6 67.1 72.1 76.7 80.8 85.4 89.8 93.8 97.3 100.9 103.8 104.4 101.8 98.2 92.6 86.1 76.3 67.2 58.8 52 44.7 38.2 22 6.4 2.1 -1.7 -1.7 -1.7 17.1 26.5 29.5 33.4
70.4 71.8 73.9 74.4 74.7 73.4 72.2 70.1 68.8 68.5 67.9 68.4 67.1 65.5 64.2 62.9 61.3 59.8 57.4 54 50.5 46 40.4 34 28.1 27.3 32.4 34.4 34.5 33.6 30.1 25 19.3 25.5 30.9 35.2 40.6 41.5 42.2 41.8 36.5 22.6 11 2.5 -1.7 13.7 27.2 32.9 38.5 43.8 48.5 52.9 57.9 62.3 66.8 70.8 74.8 79.3 84 88.5 93.8 97.8 101.5 103.4 101.9 99.6 95.2 91 84.8 76.5 68.5 60.9 51.9 42.4 24.1 3.9 -1.7 -1.7 -1.7 12.1 19.6 25.3 30 34
74.7 75.3 74.1 73.3 71.8 70.6 69.3 65.6 61.6 61.1 61 60.7 60.1 58.3 57.3 56.5 56.2 56.1 54.8 51.4 46.3 42.4 38.9 34.4 28.2 20.1 27.7 30 30 29.9 28.8 25.2 17.9 20 26.3 30 32.8 33.7 33 31.3 29 23.2 12.2 2.5 2.2 -1.7 21 28 34.3 40.1 44.6 48.5 52 55.7 59.6 64 68.4 73.2 78.2 83.6 89.1 93.5 95.8 97.1 96.5 95.2 92.3 88.3 85.2 80.2 72.3 64.4 55.7 41.5 24.1 5.6 -1.7 0.5 3.6 10.1 13 15.4 18.6 24.2
78 77.1 75.8 74 71 69 65.3 58.8 54.9 52.1 49.2 48 47.5 47.4 46.7 47 47.6 48.4 48.2 45.9 41 37.6 34.2 30.5 25.7 15.7 20.8 23.8 24.5 24.3 24.4 22.8 18.4 14.4 21.9 25.3 27.4 27.8 27 24.3 20.9 15.5 3.6 2.4 -1.7 -1.7 11.3 20.2 29.5 35.6 40.9 44.8 47 49.5 52.9 57 62.3 68.1 73.4 78.7 83.9 87.4 90 90.4 90.6 88.9 86.9 84.8 82.4 78.8 73.9 65.7 55.9 41.6 19.9 -1.7 -1.7 1.3 2.8 2.9 10.5 16.4 19.7 19.2
77.2 77.1 76.7 76.2 74.5 72.4 69.7 67.9 65.1 61.4 57 50.4 44.1 38 36 36.2 37.1 37.5 36.6 34.8 31.8 28.6 24.8 21.1 16.8 12.9 11.2 14.1 14.1 15.7 18 17.3 15 10.3 17.7 21.1 22.4 22.2 21.4 18.5 3.3 2.2 1.9 1.4 -1.7 8.5 7.5 16.9 26.2 31 35 38.4 41.7 44.1 46.4 50.9 56.6 62.8 68.6 73.9 78.7 82 84.2 84.8 84.9 83 80.8 78.8 76.9 74.1 70.4 64.2 49.4 37.5 20.8 -1.7 -1.7 2.5 9 19.2 26.2 32.6 33.5 32.3
74.5 74.4 74.6 74.7 74.5 73.8 73 71 68.7 68 66 58.6 49.1 42.4 34.1 29.4 28.7 27.7 25.9 23.2 20.2 17.1 16.9 17.4 19.6 21.4 18.4 13 8.3 6.2 8 9.5 8.4 8.9 14 16.3 17.3 17.3 16.1 12.5 -1.7 -1.7 -1.7 -1.7 -1.7 16.7 19.1 21.6 25.6 28.4 31 33 35.3 36.4 39.1 46 51.7 57.5 63.3 68 71.7 75.5 78.2 79.3 79.3 77.7 75.7 74 72.2 69.5 66.2 62.3 31.6 37.3 19.2 -1.7 0.1 4.8 15.5 29.2 36.3 40.6 42.5 43.2
71.3 70.9 71.2 71.7 71.6 71.8 71 70.1 67.9 66.3 63.6 58.8 50.6 45.8 45.7 43 37.7 38.4 36.3 32.9 29.9 27.9 26.3 29 31.7 30.9 26.2 20.3 13.6 9.2 5.9 4.3 3.9 6.6 10.1 12.4 13.2 12.4 11.1 5.8 -1.7 -0.2 0.9 2.6 10.5 21 26.3 26.8 26.3 25.5 27.1 27.7 29.6 29 33.9 40.6 46.2 52 57.4 61.4 65.2 68.9 71.6 73.3 73.8 72.4 70.7 68.8 67.3 65.1 62.2 58.4 9.6 7.3 15.3 -1.7 0.4 9.4 24.3 39.4 45.2 46.9 48.1 49.9
70.1 67.3 67.7 68.1 68.9 69.1 68.6 68.1 67 65 63.1 59.9 56.6 53.7 52.4 51.1 49.6 49 46.4 42.5 40.6 40 38.1 38.3 37.9 35.5 31.1 25.2 20.4 15.6 11.2 5.9 3.5 3.5 6.5 9.6 10.2 8.9 6.3 -1.7 -1.7 0.7 2.1 4.6 10.8 17.6 22.3 24.3 23.9 23.2 22.8 22.9 23 22.4 30.3 35.6 40.6 45.7 50.7 54.9 58.6 62.5 64.5 66.4 66.9 66.1 64.2 62.7 61.3 59.3 57.1 53.2 37.8 8.8 12.7 -1.7 -1.7 17.1 33.8 45.4 49.7 51.5 53.5 56.4
69.3 66 63.1 64.1 65.4 66.1 66.4 65.9 65.4 64 62 60.1 59.6 58.4 56.4 56.1 55.8 54.4 51.8 50.8 49.3 48.7 47 45.7 43.6 40.5 36.6 32.2 27.7 23.2 19 12.8 4 3.5 2.2 6.5 9.1 8.9 5.2 -1.7 0.2 1.6 2.2 4.9 9.7 13.4 17.4 19.7 20.7 20.6 19.6 17.9 16.1 20.5 26.4 30.5 35 39.6 43.5 48.6 52.4 55.7 57.1 58.5 58.7 58.1 57.1 56.1 55.1 53.5 51.3 47.3 40.9 27.5 14.2 -1.7 -1.7 11.7 29 39.1 44.2 46.5 49.3 53.9
69.4 67 63.8 58.6 59.9 61.8 62.8 63.6 63 62 60.2 59.9 59.5 58.4 56.8 56.9 57 56 55.5 54.1 53.5 51.3 48.7 47.2 46.4 44.2 41.3 36.8 33.9 30.5 25.4 19.5 12.5 4.3 1.1 2.2 7.1 7.7 5.9 -1.7 1.1 2.2 2.5 3.3 7.2 11 13.7 15.6 17 17.9 17.3 14.7 14.1 18.3 22.3 26.2 30.2 34.3 38.6 42.4 47.4 50.3 51.7 52.7 52.7 52.1 51.2 50.3 49.1 47.3 45.6 42 37.2 24.8 13.6 9.6 -1.7 5.8 21.6 31.3 35.7 39.8 43.4 47
71.4 69 66.4 62.6 56.7 55.9 58.9 59.1 60.2 58.6 57.6 56.8 56.2 56 55.7 55.5 55.7 55.6 55.4 55 53.5 51.9 49.9 47.8 46.1 44.2 42.6 40.4 37.5 33.9 29.3 23.5 17 10.6 2.2 0.9 2.2 4.4 4.4 0.6 -1.7 2.3 2.7 3.7 6.9 10 11.7 12.8 14.8 16 15.9 13.5 11.9 14.7 18.4 22.3 26.5 30 33.5 37.6 41.2 44 45.9 47.1 47.8 47.4 46.3 45.3 43.3 41.1 39.4 37 32.8 20.4 14 11.7 -1.7 -1.7 17.7 27.2 31.4 35.8 39.8 42.9
72.7 71.6 69.5 65.9 62.8 56.2 51 54.2 54.8 54.1 53.4 53.3 53.5 53.5 53 53.1 53.3 53.2 53 53.1 51.7 50 47.8 46 44.4 42.7 40.8 39.5 37.5 34.8 30.9 25.5 19.5 13.1 5.7 0.7 0.8 1.6 1.6 -1.7 -1.7 1.6 2.2 3.1 6.3 8.1 9.1 9.8 12.7 14 14.2 13.2 8.3 10 14.4 18.6 23.2 26.7 29.8 33 36.2 38.6 40.8 42.6 43.6 42.9 41.6 40.4 37.5 34.8 34.1 30.9 25.3 14 12.8 3.6 -1.7 -1.7 11.5 15.6 22.3 29.5 35 38.4
