UK/data/nt/nt25_OST50GRID_20230518/NT25.asc
ncols 200
nrows 200
xllcorner 320000
yllcorner 650000
cellsize 50
[rows 140 to 174 of 200, columns 0 to 77 of 200]
281.3 281.6 283.2 284.3 286.6 288.4 289 290.4 291.7 291.6 288.3 286 287.8 284.1 285.4 286.2 285.3 285.2 284.8 285.2 287.7 290.9 292.3 291.8 290.6 289.6 289.4 289.4 291.9 293.1 297.3 300.9 304 306.3 308.9 311 313.7 316.1 318.7 321.2 322.8 322.2 318.7 315.9 313.7 312.1 309.9 307.3 304.8 302.7 300.8 299 297.4 297.2 297.2 297 297.1 297.1 297.3 297.1 297.3 297.4 297.3 295.9 293.5 289.8 285.3 281.4 277.5 272.7 270.9 270.2 268.4 263.9 259.6 257.6 256.6 254.7
279.7 280.9 282.9 284.7 286.8 288.4 289.1 290.7 290.3 288.5 286.4 286.1 286.5 285.7 289.3 291.7 290.6 288.3 287.6 288.1 290.8 292.7 292.5 291.8 291.1 290.3 290.4 292.9 292.7 296.6 300.8 304.4 306.8 309.3 311.6 314.6 317.8 319.7 320.7 322.1 322.3 319.9 316.6 314.6 313.3 311.6 309.1 306.5 304.2 302.3 300.4 298.6 298.1 298 297.9 298 298.1 298.5 298.5 298.4 298.2 297.9 297.3 295.7 292.5 288.6 284.4 280.3 275.9 273 271.7 271 268 263.5 259.2 256.9 254.9 253.1
280.8 278.8 281.2 283.5 285.3 287.4 286.8 287.2 287.2 286.5 285.9 285.7 286.4 289 292.7 294.4 293.2 290.9 290.1 291.1 292.3 292.8 292.2 291.9 291.6 291.2 292.1 293.4 296.8 300.8 304.5 307.2 309.6 312.2 315.4 318.6 321 322.1 322.5 322.4 320.9 317.8 315.1 314.2 313 310.3 307.3 304.8 303.3 301.9 300 298.9 298.6 298.7 298.7 298.7 298.6 298.9 299.2 299.2 298.6 297.8 297 295 290.8 286.9 283.4 278.6 274.9 273.7 272.2 270.6 267.4 263.3 258.8 256.3 254.3 252.2
276.7 276.9 279.1 279.7 286.1 289.2 287.4 287.1 286.9 286.7 286.6 286.6 286.9 288.1 291.1 292.7 292.1 291 291.3 292.4 293 292.4 291.8 292.4 292.4 292 294.4 298 301.5 304.9 307.9 310 312.6 316.4 319.5 322.1 323 323.3 322.7 321.3 318.9 315.8 314.6 313.7 312.3 309.4 305.6 304.1 302.7 301.4 300.2 299.2 299.2 299.2 299.2 299.2 299.2 299.3 299.6 299.7 298.9 298 296.9 293.4 289.4 285.9 282.4 277.9 276.6 275.5 273.1 269.3 265.6 261.6 258 255.9 254 251.7
280.3 277.2 279.1 280.9 283.2 286.6 286.8 287.1 287 286.7 286.6 286.8 286.9 287.1 288.8 290.5 291.8 291.8 292.5 293.6 292.8 292.1 292.1 292.6 293 294.4 297.9 301.5 305 308.4 311 313.6 316.9 320.9 323.3 323.6 323.8 323.3 321.6 319.3 316.6 314.5 314.1 313.2 310.8 308.4 305.9 304 302.7 301.1 299.7 299.3 299.3 299.4 299.5 299.2 299.2 298.9 299.4 299.3 298.7 297.8 296.3 292.2 288.3 284.9 281.5 278.1 278.1 276.9 273 268.2 263.8 260.6 257.4 255.3 253 250.7
281.1 285 287.5 287.1 284.8 285.6 286.4 286.9 286.9 286.7 286.7 286.9 287 288.1 289.7 291.5 292.3 293 293.7 293.5 292.6 292.7 293.1 293.1 294.4 298.8 302.2 304.9 307.9 311.3 313.4 316.1 320.6 324.5 324.3 323.9 323.8 322.7 319.7 316.9 314.5 313.8 313.5 312 309.2 306.8 304.9 303.2 301.1 299.9 299.3 299.2 299.2 299.2 299.2 299 298.6 298.2 298.8 298.7 298.1 297.1 294.5 290.6 287.1 283.8 280.5 279.3 279 276.4 272.1 267.3 263 259.6 257.1 254.4 251.9 249.4
283.4 288.3 287.9 286.5 285 284.7 285 285.6 285.8 286.4 287 287.3 288.3 289.8 291.3 292 292.7 293.5 293.8 293.1 293.2 293.6 294 294.5 298.1 302.7 306.1 308.7 311 314.2 316.4 319.3 323.4 325.4 324.2 323.9 323.8 321 318 314.8 313.5 312.9 312.2 310 307.3 304.7 302.8 301.1 299.5 299 298.9 299 299 299 298.9 298.4 297.7 297.5 297.9 297.6 297 295.2 292.1 289.2 286 283.1 280.4 280.4 279.3 275.4 271.1 266.7 262.2 258.8 256.6 254 250.7 248.1
285 286.7 286.4 285.4 284.9 284.6 284.3 284.2 285 286.6 288.1 289 290.1 291.3 291.8 292.4 293.3 294 293.9 293.8 293.9 294.3 294.9 297.5 302.1 306.8 310.2 312.5 314.8 317.2 320.2 322.9 325 324.6 323.9 324.1 322.8 318.9 315.3 313.5 312.3 311.8 310.2 307.6 305.1 302.8 301 299.6 298.8 298.4 298.6 298.7 298.8 298.7 298 297.3 296.5 296.1 296 295.6 294.6 292.6 290.3 287.6 284.8 282.3 281.5 281.8 279.2 274.8 270.4 266 261.6 258 255.2 252.5 249.3 246.3
280.1 282.8 286.6 284.7 284.2 284.6 284.3 284.1 285.6 287.9 289.7 290.8 291.5 291.8 292.4 293.3 294.3 294.4 294.3 294.5 294.8 295.5 297.3 302.9 307.5 311.8 314.1 316.4 318.8 321.5 324.6 326.7 325.8 323.8 323.7 323.2 319.8 315.8 312.9 311.5 310.7 309.9 308 305.5 303 300.9 299.5 298.6 297.9 298 298.2 298.4 298.2 297.8 296.6 295.3 294.5 293.9 293.6 293.3 292.2 290.3 288.2 286.2 283.7 282.8 283 282.7 278.9 274.2 269.6 265.2 261.3 257.3 253.8 250.9 248.6 246.1
279.3 281.6 284.2 283.4 283.7 284.4 285.3 285.8 287.1 289 291.3 291.7 292.1 292.7 293.6 294.5 294.9 295.1 295.5 295.9 296 297.1 303.7 308.9 312.5 316.5 318.3 320.3 323 325.8 328 327.5 325.3 322.9 321.8 319.9 316.6 312.6 310.9 310 309.2 307.8 305.8 303.3 300.8 298.7 297.9 297.2 297.4 297.5 297.6 297.6 297 296.2 294.7 293 292.5 292 291.5 291.1 289.9 288.1 286.3 285.1 284.6 285.5 284.9 282.7 278.8 274 269.3 264.9 261.1 257.3 253.1 250.5 248.4 247
279.2 280.2 281.5 282.8 284 285.2 286.8 288.3 290 291.4 292.3 292.5 292.7 293.4 294.3 295 295.5 296.2 296.9 297.3 298 303.9 310.9 315.7 318.3 321 322.4 323.9 325.9 328.3 328.5 327.2 324.7 322.2 318.8 315.4 312.7 310.3 309.1 308.3 307.6 305.7 303.1 300.5 298 296.7 296.2 296.4 296.5 296.8 297.1 296.7 296.3 294.5 291.9 290.7 290.3 289.9 289.8 289.7 288.6 286.9 286.6 286.5 286.6 287.4 285.7 282.7 278.6 274 269.6 265.3 261.9 258.2 254 250.5 248.4 246.9
275.1 277.7 280.6 282.7 284.6 286.6 288.9 290.8 292 292.5 293 293.1 293.7 294.4 295.3 295.9 296.1 296.8 298.4 300.1 304.6 311.9 318.7 322.2 323.6 325.2 326.4 327.6 329.1 329.4 328.2 326.5 324.8 321.4 316.4 312.9 310.7 308.4 307.2 306.3 305 302.9 300.5 297.8 295.8 295.2 295.2 295.3 295.7 296.4 296.6 296.3 294.5 291.9 289.4 288.1 287.4 287.1 287 287.8 287.2 286.6 287 287.8 288.3 288.4 286.2 283.1 278.6 274 269.6 265.9 262.5 259.1 255 250.8 248.1 246.5
274.9 278.4 281.3 283.8 286 288.5 291 292.4 292.9 292.8 292.8 293.7 294.5 295.5 296.2 296.9 297.6 299 301.8 304.8 313.2 320.4 325.4 326.9 327.5 328.6 329.9 330.9 331.7 329.8 327.9 326.3 324.5 320.3 314.8 310.9 308.8 306.6 305 303.4 301.7 299.7 297.6 295.6 294.3 294.2 294.2 294.2 295 295.7 295.5 294.1 291.7 289.1 287 285.8 285 284.5 284.9 286.1 286.6 286.8 287.6 288.5 289.1 288.9 286.8 283.2 278.7 273.7 269.6 266 262.6 259.2 255.5 251.3 247.6 246
276.7 279.5 282.2 284.9 288.1 289.8 292.6 292.8 292.4 292.4 292.9 294.3 295.4 296.4 297.8 299.4 301.1 303.4 308.2 314.2 321.8 327.6 331 331.1 331.7 332.6 333.4 334 333.1 330.3 328.2 326.1 323.3 317.7 313 310.1 307.6 305 302.7 300.7 298.9 296.9 295.5 294.2 293.3 293.2 293.2 293.5 294.1 294.3 293.2 291.6 289.3 286.9 285 283.8 282.9 283 284 285.5 286.6 287.3 288.1 289.6 290.2 289.6 287.3 283.4 278.6 273.8 270.5 266.5 261.9 258.4 255.1 251.7 248 245.6
278.4 281.2 284.2 287.4 290 291.7 293.1 292.7 292 292.4 293.4 295 296.4 298.7 301.3 304.1 306.4 310.7 318.2 325.1 327.5 334.7 335.7 335.2 335.7 336.5 336.2 334.3 332.2 330.1 327.9 325.8 321.8 315.4 311.5 309.4 306.8 303.6 301.2 298.9 297.1 295.5 294.1 292.7 292.4 292.2 292.2 292.7 292.9 292.1 290.4 288.9 287 284.6 283.3 282.3 281.4 282 283.7 285.6 286.7 287.7 288.6 290.5 291.3 290.5 286.9 282.8 278.2 274.3 271.4 267.4 262 257.6 254.6 251.4 248.4 245.7
279.6 283.1 286.8 289.8 291.5 292.8 292.4 291.8 292.2 293.4 294.2 296.1 299.2 302.9 306.1 309.9 312.5 319.7 327.4 334.4 334.5 339.8 340 338.5 339.2 339.1 335.9 333.3 330.6 329.9 328.2 323.8 320.4 313.6 311.2 309.2 305.6 302.1 299.7 297.6 295.8 294.3 292.8 291.8 291.4 291.1 290.9 291.2 291.2 290.2 288.4 286.8 284.8 283 282.1 281.1 280 280.4 282.3 284.6 286.3 287.8 289.5 291.3 292 290.7 286.6 282.2 278.5 275.6 272.5 268.3 262.9 258.8 255.1 251.9 248.8 246
281.3 285 288.6 290.8 292.2 292.1 291.6 291.3 292.2 294.1 295.6 299.4 304.6 308 311.5 316.1 321.8 330 337.5 341.1 342.1 343.9 343.5 342.8 344.2 340.8 335.9 332.7 331.6 331.6 329.1 323.6 318.6 311.6 309.1 306.7 303.7 300.7 298.6 296.5 294.6 293.1 291.6 290.7 290.1 289.8 289.7 289.7 289.6 288.3 286.5 285.2 283.4 281.9 280.8 279.9 278.6 277.9 278.3 282.8 285.4 287.9 290.3 291.9 292 290.1 286.1 281.8 279.1 276.2 272.5 268.7 264.3 260.1 256.4 252.8 249.5 246.7
281.5 285.3 288.9 290.6 291.5 291.4 291.6 292.1 293.1 295.7 300.3 306.8 312.2 314.8 318.5 325.6 333.1 338.2 345.7 346.6 347.5 348.9 348.9 348.3 347.8 341.9 335.8 333.2 334 334.3 329.2 322.9 315.8 308.5 306 302.4 300.8 299.3 297.1 295 293.2 291.7 290.5 289.3 288.7 288.5 288.5 288.4 287.4 285.9 284.5 283.3 282.3 280.8 279.4 278.2 277.2 276.1 275.7 276.9 285 288.1 290.8 292.1 291.4 289.1 285.7 282.2 279.6 276.1 272.5 268.8 265.2 260.7 256.5 253.6 250.7 248.9
282 285.5 288.2 290.2 291 291.2 291.6 292.9 296.5 301.7 308.3 315.1 319.2 321.8 328.1 335.5 343.8 349.4 350.4 351 352 353.8 353.8 352.5 347.3 340.2 335.5 336.2 336.8 334.3 327.1 320.5 314.2 309.5 308.1 302 299 297.4 295.2 293.1 291.7 290.8 290 288.9 287.8 287.2 286.9 286.5 285 283.5 282.4 281.6 280.7 279.6 278.6 278.8 279.9 281.7 279.7 275.3 285 288.5 291.2 290.9 290.4 288 284.9 282.8 280 275.8 272.2 269 265.5 261.4 255.6 254 251.7 251.5
284.6 287 289.2 290.9 292 292.9 293.9 297.7 303.8 311.2 317.9 322.7 326.1 331.6 337.9 346.9 352.5 354.2 354.4 355.3 356.7 358.9 358.7 353.7 345.8 338.2 336.7 338.8 339.1 332.4 324.1 316.5 313.4 313.5 311.1 303.6 298 295.5 294.3 292.3 291.3 290.3 289.4 289 287.9 286.4 285.2 284.5 282.8 281.8 281.4 280.7 279.7 279.8 280.1 282.1 283.6 284.8 279.5 275.1 283.3 288.2 290.9 290.4 289.1 287.1 285.4 283.5 280.2 275.5 272.2 269.6 266 262 257.4 254.3 252.5 252.4
286.3 289.2 290.9 292.9 294.1 296.2 299.3 305.5 313.2 321 326.7 330.3 335.8 344 346.6 356.3 359.3 359 359.8 360.2 362.2 363.8 360.3 353.2 344.7 338.1 339 340.2 335.3 327.7 320.9 318 316.4 313.4 307.8 303.4 299.6 297.3 294.9 292.2 290.9 289.8 289.1 288.8 288 286.2 284.8 283.3 282.4 281.6 280.8 280.8 280.6 281 282.7 284.3 286 284.4 279.8 273.8 282.3 286.4 289.4 289.2 288.2 287 285.3 283.1 279.1 274.8 272.1 269.8 266.4 262.4 258.2 253.9 251.9 252
287.6 290.9 293.4 294.9 297.7 301.2 307.5 315.1 323 330.6 335 340 346.5 350.5 357.6 362.8 362.6 362.1 363.3 364.5 367 366.3 359.8 352.2 344.2 336.9 336.1 332 326.9 323 319.9 318.4 316.5 311.3 306.5 303.6 300.7 298.3 294.5 291.2 289.8 288.9 288.5 288.1 287.2 285.4 283.4 282.3 281.6 281.8 281.8 281.9 282.6 283.8 285.4 286.6 286.5 284.1 281 276.5 276.5 285 287.6 287.6 287.4 287 285.2 282.3 278.1 274.2 272.1 270 266.7 262.4 258.1 254.3 251.3 250.9
289.6 292.9 295.9 298.7 302.9 309.1 317.4 325.6 333.9 340.1 344.6 351 354.2 360.5 363.4 364.7 364.7 365.5 366.2 367.7 369.1 364.5 356.6 349.3 341.6 334 328.7 325.3 324.4 322.4 320.8 318.7 315.8 310.3 305.2 302.5 300 295.7 292.3 290.6 289.4 288 287.6 287.3 285.9 284.1 282.5 282.3 282.2 282.4 282.8 283.4 284.6 286 287.3 287.1 286.2 284.1 281.6 276.9 274.4 284.2 286 286.7 287.1 286.3 284.3 281.4 277.1 273.5 271.4 270.2 266.4 262.1 258.8 255.4 251.4 249.8
293.2 296.4 299.6 303.8 308.7 319.1 327.9 337.4 345.1 349.4 355.1 361.2 358.1 366.1 366.6 366.2 367.4 369 370 370.8 368.1 360.9 353.1 345.4 338 331.9 327.9 324.9 324.7 324.7 322.1 318 314.4 308.9 304.4 301.9 297.9 293.6 291.3 290.4 289 287.8 285.7 285.8 284.4 283.2 282.6 282.3 282.5 283.2 283.9 284.9 286 287.7 288.8 287.1 285.4 283.8 281.7 278.5 274 282.4 284.7 285.6 285.4 283.5 282.7 279.3 275.2 272.8 271.9 270.6 266.7 261.8 259.1 255.8 251.7 249
296.9 300.4 305.6 312.7 320.3 330.3 340.6 349.2 354.3 358.4 364.6 361.7 364.1 366.6 367.1 368.4 370.9 372.7 373.5 372.2 365.3 356.6 348.9 341.8 335.6 329.9 326.7 325.7 325.6 324.7 321.1 316.4 311.7 307.2 304 300.3 296.2 292.9 291.1 290.1 289 287.4 285.9 284.7 282.9 283 282.3 282.9 283.6 284.4 285.4 286.4 287.4 289.1 289.5 287 284.6 283.2 281.8 279.8 271.6 278 281.8 283.9 282 279.7 279.8 276.3 274 272.9 272 270.2 266.1 262.1 259.2 256.6 253.3 250.5
300.7 305.9 312.7 323.2 332.4 343.3 353.7 358.8 361.4 365.4 367.6 361.2 364.1 367.8 368.6 371.2 373.8 374.9 373.4 368.1 360.5 352.3 345.3 339.2 333.8 328.7 327 325.7 325 322.1 317.5 313.1 309.5 306.8 303.6 299.3 295.3 292.6 291.1 289.9 288.6 287 285.1 284 283.5 281.7 282.8 283.9 284.9 286.1 287.3 288.2 289.3 290.3 289.6 286.5 284.1 283.1 282 280.7 278.3 270.6 279 281.8 279.1 280.7 280.9 275.8 273.8 273 272 269.8 265.9 262.3 259.9 257.8 255.6 252
306.6 314.3 323.7 333.5 343.4 355 363.9 365.5 365.9 365.4 358.8 361 365.5 368.7 370.9 373.5 375 373.3 368.4 362.2 355.6 348.9 343.3 338 332.5 328.8 327.3 325.2 323 319.2 314.9 311.9 309.7 307 302.7 298.5 295.4 292.8 291.1 289.8 288.3 286.6 284.8 283.8 283 282.8 283.6 285.2 286.6 288 289.1 290.2 291.5 291.2 288.8 285.6 283.5 282.6 281.9 280.2 278 274.2 279.8 280.5 277.2 278.5 278.5 274.8 272.6 272 271 268.9 265.1 262.1 259.9 258 255.1 251.9
314.6 325.3 335.9 344.5 354 365.6 368.1 369 362.9 358.2 358.7 361 366.3 369.7 371.7 373.4 373.1 369.7 363.9 357.8 352.8 347.7 342 336.7 332.1 329 327.2 324.3 321.5 317.4 313.6 311.3 309.2 305.1 300.8 298.1 295 292.8 291.2 289.6 287.9 286.2 284.8 283.8 283 283.3 285.3 287.2 288.5 289.8 291.1 292.4 292.9 290.6 287.6 284.7 283.1 282.3 281.3 279.9 277.5 272.3 276.8 277 275.2 275.3 275.7 274.1 272.1 271.7 270.2 267.5 263.7 261.5 259.4 257 253.5 251.4
325.8 336.8 346.1 355.3 364.5 370.6 367.6 360.2 357.6 357.1 357.4 361.6 365.9 368.6 370.1 370.8 369.3 365.8 360.8 355.9 351.5 346.5 340.7 335.4 332 329.2 326.5 323.4 320.2 316.3 312.8 310.6 307.4 303 299.8 297.2 294 292.2 290.7 289.1 287.4 285.7 284.3 282.7 283.6 285.3 287.2 289.2 290.6 291.9 293 294 293.1 289.9 286.5 284.2 282.9 281.9 280.6 279.2 277.4 271.8 270.5 271.9 272.8 274 273 272.9 272.7 273 270.5 266.2 262.9 261 259 256.5 253.5 252.8
337.5 346.8 356.4 367.9 374.9 373.4 365.9 357.7 357.5 356.6 357.7 361 364.1 365.3 365.9 366.6 365.8 362.5 358.8 355.1 350.8 345.4 339.7 335.4 332.4 328.7 325.7 322.7 319.8 316.5 313.4 312 307.4 302.9 299.4 296 293.3 291.7 290.1 288.5 286.8 285.1 284.4 284.4 285.3 287.4 289.3 291.3 292.6 293.8 294.8 295.3 292.2 288.9 285.7 284.1 282.7 281.4 280.1 278.7 277.5 273.1 268.2 268.6 271.3 273.9 272.5 273.5 273.6 273 269 264.7 262.2 260.6 258.6 256.5 253.9 252.9
347 356.4 368.7 378.9 377.8 371.9 357.9 360.4 358.2 356 356.1 358.3 359.6 360.8 361.6 362.4 362.3 360.4 357.3 353.8 349 343.7 338.9 335.6 332.1 328.2 324.5 321.9 319.3 316.3 313.6 309.7 305.4 302.2 298.8 295 292.7 291 289.4 287.8 286.1 284.9 284.6 285.2 287.1 289.9 291.7 293.3 294.3 295.2 296.1 294.5 291.2 287.9 285.4 284 282.6 281.4 280.1 279.1 278.6 275.5 270.1 263.4 267.6 270.4 272.6 273.1 271.4 270 267.4 264.9 264.3 262.3 260.1 259 256.2 252.1
355.2 366 378.5 380.5 377.4 368.5 354.6 358.8 355.9 354.1 353.7 353.5 354.5 355.8 357 358.4 358.3 357.5 354.9 351.7 346.7 342.3 338.9 335.5 331 326.7 323.4 321.4 319 314.5 309.5 306.2 303.5 300.2 296.4 293.6 291.9 290 288.4 286.9 285.6 285 285.3 287.1 289.5 292.1 293.7 294.6 295.7 296.4 295.9 293 289.9 287.1 285.2 283.9 282.5 281.1 279.8 279 279.1 275.9 271.8 268.7 267.8 261.4 269.3 269.6 269.4 268.8 267.7 266.4 265.8 263.3 262.6 262.1 258.1 252
363.4 375.4 381.3 379.7 373.5 360.9 350.1 354.4 352.9 351.2 349.6 349.2 349.6 351.3 353.3 354.9 354.8 354.6 351.9 348.7 345.3 341.8 338.2 334.2 329.5 325.2 322.6 320.8 317.8 312 306.5 304 301.4 297.4 293.4 292.5 290.7 288.9 287.5 286.6 286 285 286.4 289.3 292 294 294.9 295.7 296.4 296.6 294 291.3 288.4 286.1 284.7 283.4 282.2 280.9 279.5 278 277.4 274.4 268.9 266.9 268.8 258.1 261.3 261.5 268.8 269.8 268.7 267.1 265.7 262.6 263.9 262 256.9 253.5
372.1 379.1 380.6 377 366.1 355.6 352.7 350.7 349.9 348 346.2 345.8 346.3 347.8 349.6 351.1 351.6 351.6 349 346.3 343.4 339.9 336.2 331.7 326.8 323.6 321.3 318.6 314 307.9 303.6 300.9 297.5 294.1 291.8 291.2 289.5 288.1 286.8 286.2 285.2 286.4 288 291 293.1 294.8 295.5 296.3 296 294.7 292.2 289.6 287.6 285.6 284.1 282.9 281.7 280.5 279 277.3 275.9 271.3 264.9 261.4 259.4 252.6 250.6 247.7 256.3 266.1 269.3 268.1 264.8 261.3 259.2 253.9 254 247.5
375.8 378.6 378.6 368.5 357.5 353.2 351.5 345.1 346.6 344.6 343.3 342.9 343.6 344.6 346 347.7 348.9 348.6 346.4 343.8 341 337.8 333.1 328.5 324.4 321.1 318.1 312.4 307.2 302.2 298.5 295.6 292.3 290.9 290.3 290.2 289 287.6 286.5 286.1 286.7 287.7 289.6 292.5 294 295.4 296.1 296.4 295.2 292.9 290.7 288.5 287 285 283.6 282.3 281.1 279.8 278.1 276.3 272.6 266.1 257.6 258.3 264 267 260.2 264.1 260.7 250.2 249.7 268.4 264.9 259 247 246.6 245.2 245.7
