UK/data/nh/nh29_OST50GRID_20230518/NH29.asc
ncols 200
nrows 200
xllcorner 220000
yllcorner 890000
cellsize 50
[rows 35 to 69 of 200, columns 0 to 78 of 200]
397.6 391.7 383.1 381.4 378.7 377.5 370.4 363.4 360.1 359.2 356.7 354.8 352.6 352 348.8 348.4 347.3 343 336.8 335.3 333.5 333.8 335.8 335 332 328.5 325.5 323.5 323.4 327.2 323.3 322.9 318.3 316.3 313.8 315 316.7 316.6 316.3 314.3 312.2 311.6 305.5 301.7 304.3 308 306.9 303.8 303.2 299.8 295.8 289.5 282.9 278.8 277.3 276.9 274.6 274.8 274.5 274.3 273 271.9 272.2 272.3 274.1 275.4 272.5 272 270.2 268.1 266.8 265.6 264.7 264.7 263.6 258.4 252 246.1 242.2
399.4 393 386.7 383.9 381.5 379 381.4 381.9 376.6 373.9 369.4 363.2 360 357 353.5 351.3 348.3 343.1 339.7 337.9 337.1 332.5 331.9 329.7 328.5 327.3 325.2 325.3 326 325.2 327.8 328 331.5 332.4 334.6 333.1 325.5 322.6 321.2 319.4 317.4 314.3 311.2 305.1 301.6 303 303 302 298.5 294 291.9 286.8 282.3 281.2 279.2 277.4 274.6 272.9 272.2 271.7 273.5 274.4 274.7 275.4 274.6 275.3 273.1 271.4 268.8 268.5 267.4 265.9 264.6 264.8 259.6 255.8 249.8 244.5 240.2
405.5 401 399.6 397.5 396.9 395.7 392 387.5 387 382.2 376.3 371.9 367.1 362.8 360.5 355.4 350.8 347.2 344.6 341.1 336.3 335.1 334.8 333.5 333.1 331.4 323 329.3 329.4 331.1 332.5 333.3 334 336.3 334.8 333.7 335.3 328.9 328.4 325.4 323.1 321.2 314.3 309.1 303.5 300.9 298.8 297 294.4 290.9 288.4 286 282.6 281.2 279.1 277.9 275.4 275.1 275.5 276.9 275.8 275.3 275.3 276.2 277.3 277.4 277 276.3 272.1 267.9 263.5 261.9 259.9 255.8 252.6 247.6 241.4 241.1 241.6
401.4 400.1 400.6 401.6 403.3 398.4 393.5 387.6 383.1 381.6 378.9 373.7 369.8 366.3 361.7 357.3 352.3 350.4 348.4 345.8 336.9 334.7 336.2 335.7 335.8 331.1 335.2 336.2 335.8 336.9 338.9 339.1 341.1 341 340.2 335.5 334.9 330.5 325.7 320.3 316.6 313.6 311.9 308.5 302 300.1 299.3 296.9 294.2 293.3 291.3 290.8 287.7 283.4 279.8 279.8 278.3 278.6 279.3 277.7 276.6 275.5 275.7 275.8 274.7 274.3 273.8 273 269.1 265.1 260.8 259.2 255.9 251 244.8 237.2 239.8 238.9 240.2
401.8 405.7 409.2 406.6 402.7 398.9 394.8 389.1 383.2 379.2 376.3 375.2 372.3 366.8 362.3 358.1 356.1 351.6 347.9 344.4 339.5 342.9 342.1 341.4 340.6 337.7 334.6 334.4 335.7 338 339.5 336.8 339.2 343.2 343.6 343.5 341.2 337.5 333.7 332.4 331.5 326.7 318.5 314.4 308.5 300 296.8 296.6 294.2 291.1 289.7 288.4 285.8 284.1 281.3 281.4 279.3 279.3 278.4 278.2 277.7 277.7 276.8 276.5 275.4 272.2 269 264.7 259.4 254 248.9 246.1 243.5 242.1 238.7 243.7 236.9 234.6 233.3
404.4 412.8 415.9 413.8 412 407.7 404.2 394.7 387.8 381.1 376 373.4 370.3 368.1 363.8 359.6 357.9 355.6 355.8 351.6 349.7 348.4 345.5 342.7 341.1 340 340.1 341.7 341.4 337.5 335.3 335.3 336 337.8 340.7 339.7 339.5 338.7 338.3 339.8 336.5 331.4 326.2 322.6 317 310.7 304 302.4 298.8 296.8 297 294.6 293 291.8 287.8 284.6 283.2 281 280.9 281.5 281.9 283.5 283.3 283.4 281.2 276.3 270.1 264.2 257.8 254.8 252.4 250.5 252 244.3 245.7 247.1 244.1 244.7 242.9
422.3 422.7 421.7 420.3 418.7 415.1 409.6 400.2 393.3 386.6 380.5 380.5 383 380.2 376.7 375.8 375.4 373.5 372.1 366.3 365.3 362.4 357.4 356.2 355.6 358.8 361.8 364.9 363.1 355.1 351.2 353.6 350.3 344.5 347.1 349.5 350.4 352.8 351.6 351.9 352.1 352.1 350.3 344.7 337.9 329.9 321.7 314.9 309.4 309.3 306 303.2 301.5 298.5 296 290.6 289.8 285.9 283.2 284.3 284.9 284.9 283.9 283.9 280 276.6 272.3 266.5 262.2 258.1 254.4 252.2 252.9 255.5 252.3 251.7 247 248.6 247
428.7 427.6 429.1 427.6 417.2 412.5 406.4 398.8 393.1 389 389.1 391.5 390.4 387 384.2 379.5 378.7 377.6 373 366.3 366.1 363.3 361 360.7 358.2 361.4 359.1 357.7 356.4 356.1 356.5 356.2 354.6 354.8 354.8 353.3 351.8 351.8 349.7 350.8 350.3 349.6 347.5 342.8 339 332.2 322.1 312.1 307.6 307 304.6 300.9 298.7 295.5 294 291.8 289.8 286.9 284.8 284.3 284.3 284.2 282.1 279.5 276.4 272.4 268.4 260.9 257.8 254.1 259 261.4 265.1 262.3 259 255.4 249.5 252.6 253.2
423 423.3 424.7 422.3 418 409.9 400.1 397 394.4 398.2 402.1 403.6 400.5 396.9 393 388.5 385.4 380.2 374.8 368.5 367.6 367.6 366.8 365.6 369.4 365.9 361.2 361.1 363.3 365.2 364.6 365.2 364.6 363 362.1 360.8 358.6 354.5 351.3 351 348.4 344.7 339.6 337.4 334.6 333.3 328 325 313.5 309.5 307.1 306.1 303.1 301 298.3 295.4 293.2 290.5 290 289.9 288.1 283.8 281.8 277.8 273.3 266.1 260.2 265.8 262.7 265.8 266.2 267.4 264.9 264.3 264.4 263.3 260.1 259.3 256
419.2 418.1 421.3 421.1 416.2 408.6 405.8 412 407.9 411.4 414.9 414.1 412.3 406.8 402.4 395.9 390.4 385.1 375.3 372.7 375.6 374 374.5 375.4 374.4 369 361.5 363.6 368 370.3 369.8 370.7 371.8 369.8 367 362.9 360.2 357.3 353.9 350.5 349.2 347 344.7 342.3 338.1 333.9 330.6 328.6 323.8 312 306.1 304.9 304.5 303.3 301.4 298.8 296.8 295.4 293.6 290.2 287.3 283.8 280.8 277.2 272.7 263.9 260.3 269.2 269.2 267.2 268.2 268.1 266.3 263.5 258.7 259.9 257.1 253.4 250.3
411.6 408.1 409.6 411.9 413 413.3 419.6 424 427.4 427 425.4 420.8 417.1 414.5 408.9 402.2 396.9 387.6 376.1 381.7 380.8 378.6 378.8 381.5 377.6 372 363 366.8 369.7 369.3 373.2 375.6 375 374.1 372.7 370.3 364.9 362.1 359.6 356.9 354.1 351.3 348 345.4 340.9 336.7 331.9 328.3 322.7 313.2 305.7 304.8 305.6 306 304.7 302.6 302.8 299.9 294.9 289.8 284.3 279.9 275.6 269.7 265.5 264.3 267.7 269.9 269.3 269.7 267.7 262.6 262.1 260.3 255.2 250.7 249.6 249.4 249.3
408.4 407.9 409.7 411.5 411.7 414.7 422.1 429.6 430.8 429 428.1 426.7 425.3 421.5 416.3 408.7 400.9 388.9 386.6 388 385.4 384.9 391.8 385.4 379.4 369.9 364.7 365 368.3 369.9 368 367.8 369.5 370.6 369.2 369.1 366.6 363.7 360 355.7 353.5 351.1 348.6 344.6 342.7 340 337 334.3 328.3 322.8 315.3 307.1 303.3 301.2 302.3 301.4 300.2 296.9 289.8 279.3 275.4 271.9 268.8 270.2 271 275.2 275.1 277 275.2 274.7 274.1 272 265.6 261 257.6 256 256.9 258 258.6
402 402 402 406.6 412 422.8 430.5 436.7 438 441.7 441.8 439.5 436.4 432.6 427.3 416.5 404.3 392.6 392.2 390 386.5 393.3 395.3 395.7 391.6 382.8 382.7 377.2 377.6 379.7 380.6 383 383 383.2 382.6 380.8 376.8 370.8 365.4 361.7 360.1 357.1 353.9 349.9 344.7 340.8 336.8 333.5 330.2 326.3 321.8 315.2 310.1 302.7 299.7 300.4 297.4 293.1 286.4 278.6 275.7 278.2 280.1 280.1 280.8 280.5 278.7 278.6 279.3 281.7 279.3 280.5 276.3 272.3 273.7 270.5 271.2 265.9 265.6
406.9 406.8 402.5 411.8 424.3 427.2 431 437.9 443.1 447.3 447.7 445 441.7 437.1 427.7 416.6 400.3 388.9 389.1 387.1 387.1 389.5 384.9 381.4 381.4 381.4 381.4 382.8 383.3 382.6 383.4 385.2 385 383.5 382.7 379.6 374.8 371.7 365.3 361.8 359.9 355.7 353 351.3 348.6 347.1 343.5 340.7 339 336.3 332.9 327.9 320.8 312.2 301.4 297.2 294.8 293.1 285.5 281.5 279.1 280.3 283.7 284.3 286.9 287.2 289.4 290.2 291.4 291.2 289.6 287.2 283 284 283 281.7 281.4 274.1 272.9
402 407.5 413.5 421.2 443.4 443.6 441.2 440.2 441.4 445.6 450.3 448 443.8 438.7 428.5 410.9 396 393.4 386.8 387.1 396.7 397.1 395 397.7 396.8 391.7 393.9 393.3 394 391.7 390.6 388 385.6 387 386.6 382.6 379.9 372.8 367.6 365.4 362.3 360.6 358 356.5 355.7 354.9 354.1 352.8 349.3 345.5 341.2 335.4 326.5 315 304 298.9 294.1 291.6 290.6 282.2 291.7 291.4 288.9 281.5 289.5 292.6 295.3 297.2 299 300.3 300.6 299.1 296.7 293.5 299.5 300.4 297.4 296.9 296.5
402 409.9 420.3 435 445.1 451.8 453.4 455.1 453.9 451 444.5 440.9 437.6 432.7 418.8 408.9 397.8 393.2 388.4 399.7 403.9 406.9 409.8 404.7 396.5 395.6 398.5 401 403.2 406.6 406.3 403 401.2 398.1 394.3 391.9 389.6 386 380 375.7 372 370.6 367 361.8 360.2 359.6 355.2 351.7 347.5 343.2 340.6 339 332.1 327.3 317.8 304 293.7 289.7 293.6 292.8 293.8 292 290.9 285.2 294.8 295.4 296.5 299.1 302.1 306.1 307.1 305.3 304.1 309.4 315.3 320.4 323.1 322.3 316.9
418 413.8 426.4 441.7 451.1 455.6 457.4 459 460.7 460.3 457.5 450.4 440.4 422.5 411.7 405.6 399.2 394 404.7 423.7 419.8 417.6 415.8 414.6 410.5 407.3 405.8 405.4 407.2 410 410.3 411.6 411.9 410.6 411.5 405.3 397.8 390.9 387 381.2 377.5 374.8 370.8 369 362.7 358.1 354.2 351.1 347.3 345.9 341.7 336.6 330 322.9 313.6 307.8 295.8 293.4 296.6 297.8 297.3 297.1 297.4 295.3 300.5 304.4 310.4 308 307.6 308.2 306.9 307 316.8 324.9 331.9 339 338.4 336.4 329.4
423.5 427.1 439.7 448.5 452 455.1 459.7 460.6 460.5 459.9 456.2 450.3 441.9 426.8 413.1 404.8 405.1 408.7 425.9 430.9 429.1 427.4 424.8 422.9 421.1 419.4 418.3 418 417.6 417 417 418.5 417.4 414.6 409 403.6 398.1 395.7 393.6 391.5 387.8 383.4 382.6 380.9 374.9 369.3 360.8 355.6 351.7 348.3 342.9 333.8 324.9 319.6 313.4 309.1 304.2 299 307.3 304.5 303.3 301 300.3 296.8 302.4 307.2 309.8 308.4 311.4 311.9 313.2 324.1 331.8 341.8 349 353.8 352.8 346.6 342.6
424.2 427.2 434.9 443.6 450.3 450.2 450.7 454.9 457.4 457 454.8 446.2 435.8 429.7 421.2 411 406.2 421.4 430.2 435.1 432.7 426.1 422.2 421.2 420.9 420.9 420.4 423.3 424.4 425.4 426.3 425.2 423 420.3 414.5 408.1 405.4 402.4 401.2 400.8 400.4 397 393.1 388.7 383.4 376.7 367.3 361.3 356.6 350.4 341.6 333.3 327.2 320.9 315.6 312.1 312.8 302.1 307.2 304.9 303.8 300.4 298.2 297.3 299.6 301.9 305.3 305.3 312.1 318.3 324.7 333.6 341.4 348.6 351.2 356.8 357.7 365.1 359.5
435 440.6 448.2 451.8 456.5 456.9 454.9 454.1 449.4 450.6 450.7 445.1 430.7 423.9 413.9 412.1 420.4 423.9 430.7 433.9 438.6 440.3 437.8 438.6 439.9 438.5 438 436 434.3 434.3 434.9 434.3 432.6 428.2 421.9 417.1 413.1 411.8 411.2 408.2 404.7 401.9 397 392 384.7 379.6 374.3 370.4 363.7 351.9 341.9 334.9 328.4 324.2 317.8 313.6 308.7 304 305.3 305.1 303.1 301.2 300.4 301 300.6 303.5 307.4 317 323.7 328.8 335 341.8 351.2 358.5 361.7 367.8 374.1 372.8 367.9
438 442.9 446.2 449.6 449.9 452.1 452.2 451.3 448.9 445.3 440.8 433.5 421.7 420.1 414.7 422.7 437.1 447.2 448.8 449.9 448.3 444.5 441.7 439.5 439.2 439.4 439.1 438.6 439 440.8 441.6 440.2 438 436.4 429.6 420.6 415.5 414.9 412.7 411.4 408.9 405.2 400.9 395.3 388.3 382.6 375.2 369.7 359 349.4 342.9 337.1 328.1 325.2 322.3 321.1 317.4 311.9 309.9 306 305.3 303.3 303 306 306.3 308.5 312.3 321.1 330.6 337.2 344.5 351.9 357.8 364.7 373.5 377.4 382.5 379.6 373.8
433.8 436.9 440.9 446.4 448.3 446.1 446.5 447.1 443.6 438.9 432.7 417.2 416.6 425.7 437.1 440.2 445.2 450.6 452.4 452.3 449.5 444.3 442.1 438.8 438.8 442.3 444.6 444.8 445.2 448.1 448.4 447.1 444.5 440.3 435 431.1 429 424.4 420.1 417.5 415.2 409.5 404.6 397.6 388.9 379.2 367.4 360.4 353.2 347.8 342.2 334.5 332 330.8 328.6 326.4 323.5 319 314.2 308.5 306.5 307.8 304.9 309.5 312 313.2 317.8 325.1 336.2 339.4 347.5 354.1 361.3 367.9 375.6 381.6 385.7 381.5 377
421.3 423.6 427.3 431.6 437.6 439.6 438 434.5 432.2 427.9 420.6 417.5 424.9 433.9 443.8 447.1 454.7 460 459.1 458.2 452.4 449.3 445.2 438.4 435.9 436.4 439.1 441.9 443.6 444.2 444.9 442.8 440.4 440.4 442.5 437.5 434.7 432.9 429.2 421.6 416.4 410.9 404.4 395.7 383.1 370.8 363.1 359.2 355.4 349.9 342.8 338 334.8 331.9 328.8 324.5 321.2 319.5 317.2 310.2 316.1 317.4 318.1 318.4 324.7 329.6 333.2 341.4 349.4 356.1 361.2 363.5 369 374 384.2 390.5 388.1 385 381.7
415 420.5 421.2 423.5 427.8 430.7 432.7 430.3 428.4 423.3 416.7 417.4 434.5 447.6 453.6 456 461.5 459.8 457.5 454.5 450.4 444.5 436.3 435.9 435.9 435.9 435.9 437 442.3 441.2 445.7 449.7 448.8 446.2 442.9 439.7 434.7 430.1 425.1 416.9 409.5 406 395.3 381.7 375 370.8 366.9 361.6 355.1 347.5 341.3 336.1 331.6 326.6 323.2 322 320.4 316.6 314.1 318.7 326.3 339 342.2 346.6 352.6 363.9 375.3 378.9 387.1 404.1 411.8 410.7 405.6 400.9 396.5 389.4 385.2 381 377.2
411.2 415.7 418.1 419.9 419 424 427.2 429.1 424.4 420 416.4 419.5 434.2 443.6 449.2 453.5 455.3 453.6 452.6 451.2 452.3 449.6 439.8 436.3 436.3 434.1 435.5 436.4 437.5 439.7 439.4 440.8 441.4 441.1 438.6 433.1 427.6 421.8 413.1 404.4 395.6 385.5 383.7 381.7 374.4 369.7 365.2 359.7 352.2 342.8 334.5 328.8 327.1 323.2 319.9 318.7 316.8 323.4 333 339.9 347.6 360 367.7 372.8 377.3 385 398.9 413.3 422.9 422.2 418.5 411.6 403.9 399.4 398 395.2 387.5 380.6 371.3
401.8 404.9 408.1 410.1 411.7 413.2 420.5 422.9 417.8 410 402 405.6 418 425.3 426.1 427 431.1 436.1 437.8 442 440 437.7 433.9 429.8 428.6 427.6 431.2 433 432.9 434.5 434 434 432.5 428.6 425.9 422.6 415.9 406.3 397.4 390.7 384.7 381.9 379.5 375.2 368.7 364.3 360.5 355.1 348.7 339.2 327.2 322.4 318.2 317 316.4 319.4 329.4 339.3 346.6 352.8 359.3 372 385.7 396.5 404.1 412.3 407.8 413.7 421.6 429.1 422.2 417.3 413.3 404.8 401.1 396.5 389.4 382.5 376.2
388.5 388 388.7 393.4 396.5 398.6 401.4 398.9 396.5 387.1 385.4 397.8 409.3 413 416 415.9 416.3 413.9 411 406.6 409.4 412.4 412.3 417.1 420.4 424.3 423.9 428.2 432.2 431.5 429.6 427.9 425.5 421.8 419.1 413.2 403.5 393.8 385.1 379.6 376 373.1 371.6 369.1 365.7 362.1 357.2 350.3 342.5 330.9 324.1 319.5 316.4 316.4 320.8 330.3 339.1 349.3 357.4 368.5 388.3 399.7 413.3 428 441.3 446.9 438.4 423.6 411.5 414.3 417.3 412.6 408.6 404 400.9 397.1 390.2 382.7 375.7
378 379.3 378.8 381.7 386.7 390.1 388.4 384.9 380.6 376.3 382.5 393.3 395.2 396.9 402.9 410.9 410.2 408.1 407.4 407.3 409.1 412.1 413.3 414.5 418.4 419.4 421.5 421.7 427.4 424.2 421.3 420.9 413.5 407.2 399.7 391.3 383.5 378.7 374 371.9 371.2 371.5 368.3 365 359.9 353 349.6 341.3 332.4 326.2 322.8 319.9 323.2 323 328.3 337.9 349.9 356.4 364.5 392.2 407.7 421.3 433.8 442.7 447 443.6 432.2 423.2 414.4 410.6 407.3 408.3 404.3 397.5 393.3 390.8 384.5 377.8 373
368.6 372.3 374.2 373.4 375.6 376.9 377.5 373.7 370.3 365.9 383 389.7 388.1 387.3 383.4 389.9 394.6 399.5 398.8 397.5 399.5 397.6 394.9 399 402.6 407.3 408.1 409.5 413.1 414.9 409.5 400.6 392.9 387.8 381.8 380.2 379.6 375.1 371.8 370.1 366.2 363.7 360.5 356.5 350.9 343.9 340.2 335 331.9 326.5 325.2 325.1 324.1 327.8 335.8 342.5 350 367.4 382.4 402 419.7 434.2 443.7 444.5 441 432.5 423.6 418.7 413.5 405.1 399.4 402.7 399.4 393.7 390.7 389.7 381.7 375.4 371.1
361.2 363 361.1 363.8 365.3 365.4 365.5 361.9 359.3 363.7 375.6 378.7 378.9 378.2 378.2 378.2 378.2 378.2 378.2 382.6 388 390.9 392.6 396.7 396.2 397.7 399 399.7 400.2 401.4 393.1 384.3 376.6 373.9 378.4 377.1 373.4 369.3 365.6 361.6 356.8 352 348.7 345.9 343.3 340.3 336.5 332.2 329.5 325.9 325.6 325.9 326.5 333.6 341.2 350.8 366.1 382.1 397.4 415.2 430.4 444.1 451.3 451.6 446.7 434.7 424.1 417.8 411.7 408.8 401.1 396.9 396.1 395.2 391.5 385.9 381.3 374 367.9
353.6 351.5 346.9 348.6 353.7 350.9 349 351 354.4 365.6 373.4 376.7 384.4 379.6 379.8 382.5 383.6 381.8 381.4 384.5 384.6 387.2 392.5 393.4 397.1 397.4 397.2 392.6 386.3 386.5 375.6 372.8 377.3 386.4 381 375.7 369.5 363.7 359.2 349.8 346.4 340.2 338 335.2 334.2 333.2 334.1 329.1 327.5 329.5 331.6 333.5 337.6 348.3 356.5 362.9 377.4 401.8 423.3 444.8 456.2 458.5 459.6 453.6 444.5 435.5 430.8 424.2 418.6 414.4 408.9 402.5 396.5 390.1 387.3 382.8 376.9 367.4 361.1
337.1 337.1 330.9 331.4 336.3 341 346.6 351.4 355.3 362.1 365.2 365.6 364 366.8 372 370.7 370.8 367.2 365.2 362.5 362.5 366.4 375.2 381 385.6 387.5 387.2 383.6 377 367.3 367.5 381.5 384 383.5 380.8 372.5 360.9 351.8 348.6 341.4 336.1 334.9 337.6 341.6 340.2 339.2 338.5 335.8 334.4 335.9 340.6 347.2 351.5 362.1 374.5 388.9 401.6 428.6 449.8 459.9 463.1 462.1 460 454.3 449.6 443.8 435.7 427 420.2 413 406.2 402.3 396.4 389.7 378.9 377.8 371.3 365.4 356.6
323 322.7 325.7 328.6 331.2 333.4 343 350.8 360.8 365.5 365.2 362.6 357.6 353.8 352.9 353.8 350.3 351.6 354.1 353.9 353.5 354.2 356.5 363.2 365.2 367.4 367.8 365.3 360.9 371.9 376.5 380.4 380.1 378.7 374.5 369 356.4 343.3 339.3 338.2 342.8 346 347.3 347.7 347.1 346.7 343.6 342.6 341.7 346.4 350.4 357 362.9 376.5 390.6 403.8 425.3 443.4 458.3 463.9 468.9 471.8 470.4 461.3 455.4 446.2 437.6 428.8 423.1 415.5 406.4 402 396.7 389.2 381.4 371.7 368.9 365.1 357.5
315.9 318.7 326.2 328.8 328.8 332.5 341 351 361.4 364.6 362.6 360 352.5 346.5 346.5 346.5 346.5 346.5 346.5 346.5 346.5 346.5 352.4 355.8 356.5 355.5 353.3 356 366.6 372.2 371.8 372.6 371.1 369 364 357.8 351 341.7 345.9 346 351 351.1 353.7 354.2 353.4 351.6 350.1 349.9 351.6 352.1 358.7 369 378.5 390 404.9 422.8 438.6 459.5 472.6 483.2 487.7 485.1 478.5 472.9 466 459.2 450.8 443.5 434.9 427.5 417.1 408.9 403 393.7 386.5 381 370.7 362.6 355.6
306.2 307.7 314.1 314.5 312.2 319.2 329.3 338.7 349.2 353.7 354.1 352.6 346.5 346.5 350 346.5 346.5 346.5 346.5 346.7 346.5 352.5 353.1 353.1 348.9 339.2 350.4 363.8 365.1 370.1 370.6 369.8 368.4 362.6 358.9 356.7 349.6 344.8 349.1 354.8 357.1 357.8 358.2 357.7 355.6 357.6 356 356.1 358.3 361.4 368.3 381.1 392.4 403.5 418.5 436.7 461.8 482.4 493.9 499.1 501.9 499.1 492.3 486.3 479.1 471.5 465.9 459.4 451.8 442.6 432.7 422.5 413.8 406.1 397.3 391.6 382.8 371.1 363.3
