WholeMapElevations/data/ng/ng85_OST50GRID_20230518/NG85.asc
ncols 200
nrows 200
xllcorner 180000
yllcorner 850000
cellsize 50
[rows 114 to 151 of 200, columns 0 to 86 of 200]
15.3 14.3 12.5 5.4 -2.1 -2.1 -2.1 -2.1 -2.1 -2.1 -2.1 -2.1 -2.1 -2.1 -2.1 -2.1 -2.1 -2.1 20.5 23.7 29 26.8 16.5 -2.1 -2.1 -2.1 -2.1 -2.1 -2.1 -2.1 -2.1 -2.1 13.6 23.3 35.2 48.2 45.2 42.7 38.3 38.5 31.3 32.9 33.8 33.5 32.8 33.1 33.4 27.9 15.7 8.3 2.2 -0.3 -2.1 -2.1 -2.1 -2.1 -2.1 -2.1 -2.1 -2.1 -2.1 -2.1 -2.1 -2.1 -2.1 -2.1 -2.1 8.6 11.6 14.1 16.5 15.7 17 21.7 31.4 38.9 46.1 51.6 55.8 58.5 57.7 58.7 59.2 58.4 59.1 54.2 42.1
20.5 20.7 13.7 2.7 -2.1 -2.1 -2.1 -2.1 -2.1 -2.1 -2.1 -2.1 -2.1 -2.1 -2.1 -2.1 -2.1 -2.1 -2.1 17.6 27.5 28.7 17.1 -2.1 -2.1 -2.1 -2.1 -2.1 -2.1 -2.1 -2.1 1.9 12.2 22.4 24.4 29.7 34.2 32.5 27.2 26.5 27.2 27.8 32.5 34.2 44.7 32.5 29.6 24.3 17.9 14.4 10.4 0.6 -2.1 -2.1 -2.1 -2.1 -2.1 -2.1 -2.1 -2.1 -2.1 -2.1 -2.1 -2.1 -2.1 -2.1 -2.1 8.1 13.3 14.2 16.3 17.9 21.3 27.6 38.7 47.3 49.4 51.6 56.9 58.7 61.9 62.7 61.3 58.3 55.5 50.3 41.3
20.5 18.1 15.9 2.8 -2.1 -2.1 -2.1 -2.1 -2.1 -2.1 -2.1 -2.1 -2.1 -2.1 -2.1 -2.1 -2.1 -2.1 -2.1 -2.1 26.7 29.5 20.1 -2.1 -2.1 -2.1 -2.1 -2.1 -2.1 -2.1 -1.5 4 10.9 21.6 21.8 22.6 23.3 24.3 25.1 26.4 28.8 28.1 30.7 38.6 35.4 32.4 27.5 25.8 22.4 22.4 24.1 7.3 -2.1 -2.1 -2.1 -2.1 -2.1 -2.1 -2.1 -2.1 -2.1 -2.1 -2.1 -2.1 -2.1 -2.1 -2.1 -2.1 6 13.2 17.4 21.3 25.9 32.6 45.8 54.3 55.2 55.3 58 64.9 65.2 67.6 67.1 64.7 63.5 60 46.7
21.8 21 16.4 8.8 -2.1 -2.1 -2.1 -2.1 -2.1 -2.1 -2.1 -2.1 -2.1 -2.1 -2.1 -2.1 -2.1 -2.1 -2.1 -2.1 -2.1 24.5 24.4 -2.1 -2.1 -2.1 -2.1 -2.1 -2.1 -2.1 1.2 5.1 10.3 19.6 21.6 22.2 23 23.9 25.2 25.7 27.1 34.5 43.3 42 37.4 34.8 29.1 26.5 22.8 29.7 21.5 12.1 -2.1 -2.1 -2.1 -2.1 -2.1 -2.1 -2.1 -2.1 -2.1 -2.1 -2.1 -2.1 -2.1 -2.1 -2.1 -2.1 -2.1 11.2 18.5 23.9 29.7 38.8 50.6 49.3 52 57.3 67.3 75.4 67.3 65.5 66.8 71.8 65 61.9 50.6
27 25.3 24.2 21.1 4.1 -2.1 -2.1 -2.1 -2.1 -2.1 -2.1 -2.1 -2.1 -2.1 -2.1 -2.1 -2.1 -2.1 -2.1 -2.1 -2.1 18.7 18 -2.1 -2.1 -2.1 -2.1 -2.1 -2.1 -2.1 4.1 8.6 20.5 20.4 20.7 21.7 22.7 24.5 28.6 33.2 37 40.7 52.2 43.6 39.7 36.4 32.8 25.9 24.6 23.5 19.2 12.6 -2.1 -2.1 -2.1 -2.1 -2.1 -2.1 -2.1 -2.1 -2.1 -2.1 -2.1 -2.1 -2.1 -2.1 -2.1 -2.1 -2.1 8.4 19.6 25.2 31.3 39.7 47 54.1 62.2 70.8 67.3 66.3 68 67.3 70.7 65.5 62.7 58.4 49.2
29.8 30 34.3 31.1 17.5 -2.1 -2.1 -2.1 -2.1 -2.1 -2.1 -2.1 -2.1 -2.1 -2.1 -2.1 -2.1 -2.1 -2.1 -2.1 -2.1 -1.3 -2.1 -2.1 -2.1 -2.1 -2.1 -2.1 -2.1 -2.1 5 9.7 20.5 20.3 20.9 21.8 23.2 32.7 40.8 43.6 60.8 56 54.8 50.4 42.5 38.3 34.5 37.3 36.3 31.5 20.5 10.1 -2.1 -2.1 -2.1 -2.1 -2.1 -2.1 -2.1 -2.1 -2.1 -2.1 -2.1 -2.1 -2.1 -2.1 -2.1 -2.1 -2.1 8.2 20.5 24.9 37.8 47.8 60.6 69.1 83.9 82 70.2 66.4 67.3 73.4 83.9 75.9 62.4 53 44.4
32.1 29.6 34.7 32.6 23.9 23.7 19.8 17 -2.1 -2.1 -2.1 -2.1 -2.1 -2.1 -2.1 -2.1 -2.1 -2.1 -2.1 -2.1 -2.1 -2.1 -2.1 -2.1 -2.1 -2.1 -2.1 -2.1 -2.1 -2.1 5.1 9.9 20.4 20.1 21.1 22.3 28.9 40.5 47.9 57.6 63.8 76.2 63.8 60.8 49.5 42.7 46 43.9 39.9 35.2 21.3 -2.1 -2.1 -2.1 -2.1 -2.1 -2.1 -2.1 -2.1 -2.1 -2.1 -2.1 -2.1 -2.1 -2.1 -2.1 -2.1 -2.1 -2.1 10.4 21.7 29.4 43.3 59.5 70.2 89.7 110 90.7 76.4 71.6 68.6 70.2 78.6 75.9 63.8 51.2 41.9
38.9 31.3 30.7 30.2 30.4 34.3 32.6 30.1 -2.1 -2.1 -2.1 -2.1 -2.1 -2.1 -2.1 -2.1 -2.1 -2.1 -2.1 -2.1 -2.1 -2.1 -2.1 -2.1 -2.1 -2.1 -2.1 -2.1 -2.1 3.4 5.8 13.4 20.4 20.2 21.2 22.7 32.6 44.6 47.9 58.4 71.7 80.5 70.2 61 51.7 57.9 53.4 42.8 29.4 17.6 10.1 -2.1 -2.1 -2.1 -2.1 -2.1 -2.1 -2.1 -2.1 -2.1 -2.1 -2.1 -2.1 -2.1 -2.1 -2.1 -2.1 -2.1 -2.1 14.8 23.9 33.1 49.4 65.1 81.9 106.1 117.2 96.2 85.9 79 76.8 68.5 65.1 65.9 63.1 57.3 45.2
46.9 42.2 32.2 31.1 41.6 42.4 42.8 41.8 24.7 -2.1 -2.1 -2.1 -2.1 -2.1 -2.1 -2.1 -2.1 -2.1 -2.1 -2.1 -2.1 -2.1 -2.1 -2.1 -2.1 -2.1 -2.1 -2.1 1.7 4.3 9.4 19.8 19.9 20.3 21.5 23.3 26.8 39.1 50.1 58.4 87.1 84 78.7 66.6 56.9 60.8 49.7 38.6 28.4 18.8 13.4 -2.1 -2.1 -2.1 -2.1 -2.1 -2.1 -2.1 -2.1 -2.1 -2.1 -2.1 -2.1 -2.1 -2.1 -2.1 -2.1 -2.1 -2.1 14.8 28.4 41.5 56.6 72.3 99.2 108.9 104.6 105.6 90.9 83.4 83 78.9 69.6 62.7 61.8 57.1 45.9
58.4 52.7 44.4 35.9 42.7 45.8 46.9 46.7 33.5 -2.1 -2.1 -2.1 -2.1 -2.1 -2.1 -2.1 -2.1 -2.1 -2.1 -2.1 -2.1 -2.1 -2.1 -2.1 -2.1 -2.1 -2.1 -2.1 4.6 8.9 17.6 19.5 19.2 20.4 22.1 23.7 26.9 41.2 58.8 66.9 85.9 86.1 79.5 69.7 69.9 64.9 55.4 47.3 41.6 35.4 26.9 16.6 8.7 -2.1 -2.1 -2.1 -2.1 -2.1 -2.1 -2.1 -2.1 -2.1 -2.1 -2.1 -2.1 -2.1 -2.1 -2.1 1.7 18.8 33.1 50.1 69.5 89 111.4 114.8 118.3 123 108 90.3 85.3 80.8 76.1 69.5 64.1 61.2 51.3
61.5 56.1 55.6 49.5 46.7 51.4 50.2 50.1 40.6 13.5 -2.1 -2.1 -2.1 -2.1 -2.1 -2.1 -2.1 -2.1 -2.1 -2.1 -2.1 -2.1 -2.1 -2.1 -2.1 -2.1 -2.1 -2.1 5.2 10.4 16.2 18.1 19.3 21.2 22.9 24.7 28.1 44.6 61.1 72.7 86 91.2 83.5 78.6 77.2 72.6 64 55.3 51.6 48.8 44.8 37.4 29.3 23.3 21.1 19.6 17.4 15.6 13 4.1 1.1 -2.1 -2.1 -2.1 -2.1 -2.1 -2.1 -2.1 6 19.7 38.4 60.5 80.6 99.2 117.9 132.1 139.8 124.7 111 108.5 96.1 93.9 92.4 81.2 68.3 56.7 54
61.1 62.1 63.2 62 53.2 55.5 56.3 56.1 45.4 26.1 17.4 -2.1 -2.1 -2.1 -2.1 -2.1 -2.1 -2.1 -2.1 -2.1 -2.1 -2.1 -2.1 -2.1 -2.1 -2.1 -2.1 -2.1 6.9 9.7 12.7 16 20 22.1 23.7 25.6 27.9 43.3 62 81 93 92.3 93.2 91.3 83.3 77.3 70.6 68 63.8 59.2 55.3 53.8 51.3 46.2 43.1 40 36.8 32.3 25.5 21.3 16.6 12.6 2.4 -2.1 -2.1 -2.1 -2.1 -2.1 12.8 24 43 69.8 91.7 107.7 129.3 142.2 131.1 128.1 120.3 115.3 116.9 117.5 101.6 93 82.4 59.9 45.8
62.9 64 66.2 67.6 63.7 58 60.6 54.1 48.9 44 35.3 24.1 9.4 -2.1 -2.1 -2.1 -2.1 -2.1 -2.1 -2.1 -2.1 -2.1 -2.1 -2.1 -2.1 -2.1 -2.1 -2.1 4.7 6.5 6.4 18.8 21.7 23.7 26.1 28.1 30.9 40.1 66.2 81 93.1 100.1 106.6 93.2 84.9 83.1 82.7 81.8 78.6 84.9 83.9 78.3 73.2 69.3 67.7 64.7 64 58.8 55.6 43.5 37.3 29.4 20.6 7.4 -2.1 -2.1 -2.1 9.7 23 31.8 51.5 78.1 101.5 123.2 144.2 153.6 141 138.6 120.7 126.2 134.3 117.9 105 92.9 78.7 62.3 47.9
59.7 64.8 67.5 67.2 60.7 58.4 63.2 64.7 64.6 62.2 49.8 29.9 16.1 -2.1 -2.1 -2.1 -2.1 -2.1 -2.1 -2.1 -2.1 -2.1 -2.1 -2.1 -2.1 -2.1 -2.1 -2.1 -2.1 4.1 4.4 19.5 25.4 29.5 37.7 42.2 46.9 55.6 71.9 89.3 103.5 108.5 107.5 102.2 103.6 108 109.3 110.3 113.7 127.7 121.4 116 106.8 106 105.9 110.7 111.5 109.5 109 94.2 80 62 46 28.2 13.3 8.5 10.8 19.4 32.3 42.6 60.2 88.1 116.4 135.6 152.9 168 165.8 143.6 134.5 143.4 150.3 126.3 103.5 95 79.8 62.8 50.4
61.2 61.8 67.2 64.3 62 58.3 59.5 65.6 65.8 64.1 57.1 34.3 15.8 -2.1 -2.1 -2.1 -2.1 -2.1 -2.1 -2.1 -2.1 -2.1 -2.1 -2.1 -2.1 -2.1 -2.1 -2.1 -2.1 -2.1 1.4 8.6 20.9 40.6 56 67.5 73.4 77.4 86.7 101.1 119.4 125.3 126 130.6 139.8 150.2 152.1 159.1 163.7 163 171.9 161.9 149.3 141.9 136 144.7 151.2 154.8 147.3 133.3 128.5 113.3 82.7 61.5 47.2 33.8 24.4 26.1 37.9 50.7 68.7 95.4 122.3 146.8 162.8 170.9 162.4 144.9 154.2 150.2 150.1 120.6 114.7 101.4 89.3 63.7 51.7
71.1 69.9 67.9 62.5 59.5 56 54.8 58.5 63.1 60.4 55.6 36.6 17.4 -2.1 -2.1 -2.1 -2.1 -2.1 -2.1 -2.1 -2.1 -2.1 -2.1 -2.1 -2.1 -2.1 -2.1 -2.1 -2.1 -2.1 -2.1 4.8 22.3 38.4 62.5 83.1 94.8 101.5 110.4 121.6 141 147.5 161.2 173 186.8 198.5 208.5 207.6 211.8 214.3 202.6 196.3 181.8 168.9 169.3 190.2 193.8 184.7 173.1 165.6 164.7 151.4 137.2 111 80.8 66.2 51.6 42.2 45.9 62.6 81.3 105.9 131.8 154.4 159.9 160 163.3 150.6 159.5 149.2 136.5 128.6 122.9 114.2 98.9 71.3 56.8
78.4 78 76 74.9 67.1 52.4 48.1 47.9 52.4 48.8 42.9 39.4 22.3 -2.1 -2.1 -2.1 -2.1 -2.1 -2.1 -2.1 -2.1 -2.1 -2.1 -2.1 -2.1 -2.1 -2.1 -2.1 -2.1 -2.1 -2.1 -2.1 18.6 37.1 61.4 93.7 103.3 108.4 124.5 143 162.5 176.4 184.8 199.5 232.2 237.3 234.1 240.9 240.3 234.1 228.3 213.6 207.5 207.9 224.6 230 228.9 224.3 216.6 205.8 199.4 182.3 165.9 150.4 134.9 113.7 89.9 83.7 67.5 73.1 94.3 122.2 155.3 168.3 156.8 160.3 163 155.9 151.6 149.7 140.9 133.7 128.6 121.6 100.9 78.6 60
84.7 80.4 78.7 83.3 72.2 55 40.9 40.3 41.1 37.8 32.4 22.7 15.6 7.9 -2.1 -2.1 -2.1 -2.1 -2.1 -2.1 -2.1 -2.1 -2.1 -2.1 -2.1 -2.1 -2.1 -2.1 -2.1 -2.1 -2.1 -2.1 13 35.7 65.2 95.3 109.7 112.6 129 153.1 182 193.3 208.5 242.2 249 257.6 259.7 261.4 259.9 255.9 245.9 241.3 245.8 252.4 254.9 249.8 245.5 240.9 239.3 238.4 229.3 221.7 207.9 189.7 169.9 154.2 132.8 126.4 118.6 91.6 104.3 135 163.7 178.5 172.6 164.9 157.8 156.2 156.1 167.9 160.9 146.8 130.5 124.8 107.1 79.6 66.3
89.5 83.7 81.8 82.3 69.8 51 35.3 29.4 26.8 26.6 26 16.4 11.8 7.2 -2.1 -2.1 -2.1 -2.1 -2.1 -2.1 -2.1 -2.1 -2.1 -2.1 -2.1 -2.1 -2.1 -2.1 -2.1 -2.1 -2.1 -2.1 9.8 36.6 58.5 84.1 98.8 114.7 129.3 154.7 186.8 212.6 249.9 263.3 270.7 279.3 291.5 299.5 297.6 284.5 267.9 275.1 282.5 288.6 297.3 290.3 274.4 264.9 263.2 262.6 255.3 250.3 243.6 228.5 210.4 188.8 165.9 163.1 147.2 119.6 118 145.5 162.3 170.5 185.5 171.1 161.9 168 177.2 185.8 173.8 147 133.2 121.7 106.1 86 72.7
86.5 86.9 86 78.4 64.9 54.8 33.6 22.5 18.1 15.4 17.8 16.5 12.2 7.6 -2.1 -2.1 -2.1 -2.1 -2.1 -2.1 -2.1 -2.1 -2.1 -2.1 -2.1 -2.1 -2.1 -2.1 -2.1 -2.1 -2.1 -2.1 5.3 41.3 59.2 75.8 91.8 111 130.2 156.3 187.3 227.3 267.6 277.5 308.9 339.3 349.7 346.2 334.1 315.8 315.1 315.1 311.4 318.8 335 332.4 319.4 301.3 292.4 291.2 282.6 274.3 266 257 244.4 225.9 195.8 187.3 174.9 151.3 135 152.1 158.6 168.2 177.8 179.5 185.2 185.6 189.1 192.2 173.9 152 144.7 131.9 107.1 92.1 84.9
93.9 88.4 85.2 77 69.2 53.6 36.5 27.9 23.7 18.1 12.8 11.5 10.2 -2.1 -2.1 -2.1 -2.1 -2.1 -2.1 -2.1 -2.1 -2.1 -2.1 -2.1 -2.1 -2.1 -2.1 -2.1 -2.1 -2.1 -2.1 -2.1 -2.1 42.3 63.2 78.1 95.6 106.7 128.3 151.1 184.6 232.7 269.7 298.6 366.9 376.9 378.6 375.7 367.1 359.7 359.9 369.6 363.3 369.8 376.1 368.4 365.5 351.8 333.9 325.3 311 303.2 293.1 288.5 271.9 250.6 234 232.2 210.8 179 156.3 159 162.8 170.9 182.8 197.4 210 218.7 206.4 200.7 175.9 180.2 163 139.9 112.5 98.9 99.2
94.3 87.3 85 79.3 69.5 58.2 45.3 37.3 32.3 33.5 26.2 13.9 5.8 -2.1 -2.1 -2.1 -2.1 -2.1 -2.1 13.4 -2.1 -2.1 -2.1 -2.1 -2.1 -2.1 -2.1 -2.1 -2.1 -2.1 -2.1 -2.1 -2.1 27.3 62 81.3 91.6 97.7 117.7 142.8 177.2 224.5 264.7 297 365.9 396.4 407.7 407.1 410.2 435.3 434.9 427.5 415.7 414.6 413.9 409.2 404.9 397.7 373.9 362.7 350.2 336.1 326 319.6 304.5 271.1 253.3 249.2 236 213.3 182.7 181 191.9 193.6 191.8 201 223.2 223.2 207.7 196.9 190 185.5 180.8 158.1 126.9 114.5 116.1
96.8 85.3 83.5 83 72.9 64.1 52.7 48.2 42.1 41.1 37.8 27.3 13.8 8.6 5.6 1.5 -0.5 0.4 7.4 21.3 22 -2.1 -2.1 -2.1 -2.1 -2.1 -2.1 -2.1 -2.1 -2.1 -2.1 -2.1 -2.1 5.6 49.6 67.7 77.6 85.3 103.1 126.6 174.4 207.1 258.5 281.8 351.6 379.8 409.8 419.8 438.2 447.1 448.7 446.7 445.9 446.6 447.3 448.4 446.5 430.7 420.9 408.9 387.1 371.4 361.8 346.9 326.2 302.2 272.2 260.1 253.2 235.4 213.5 212.1 211.9 207.4 200.7 196.4 206.3 215.7 210.5 205.4 208.2 204.3 190.2 167.7 145.5 134.6 137.7
96.4 84.9 85 84 74.1 64.3 63.7 53.3 47.2 45.5 42.8 37.1 25.7 17.3 11.3 2.7 2.1 5.4 16.4 29.7 27.1 18.7 14.6 -2.1 -2.1 -2.1 -2.1 -2.1 -2.1 -2.1 -2.1 -2.1 -2.1 -2.1 32.1 47.9 58.4 76.7 91.6 112 161.7 195.8 231.2 272.3 315.6 358.1 385.9 414.9 439.2 448.9 451.2 455.8 467.7 475.5 477.2 488.5 491.7 489.4 482.2 472.2 457.8 445.9 426 388.4 362 332.3 301.5 283.2 268 255.3 246.7 232.9 226.2 217.6 214.7 207.5 203.8 210.3 219.2 217.7 219.4 209.8 191 167.2 165.6 153.6 159
96.3 87.8 87.6 78.4 71.1 69.9 63.6 52.6 48.8 50 46.7 41.8 37.4 24.9 15.9 6.9 15.7 21.1 25.6 29.1 30.2 27.7 26.4 -2.1 -2.1 -2.1 -2.1 -2.1 -2.1 -2.1 -2.1 -2.1 -2.1 -2.1 15.3 31.1 41.9 56.9 78.7 104.6 161.2 204.9 219.1 251.9 294 338.7 364.3 392.5 428.6 445.3 453.3 466.4 483.5 489.9 490.3 495.7 499.7 499.2 494.1 484.8 474 460.2 448.9 439.5 419.1 379.9 335.6 323.4 327.4 296 270.1 266.2 255.8 243.7 232.9 224.1 217 212.4 218.5 220.2 222.2 210.6 189.5 173.5 172.2 169.3 168.6
104.4 91.8 90.4 78.9 73.6 71.6 63.3 55.9 51.8 53 53 43.9 38.2 29.7 16.8 21.8 25.1 39.3 32.3 31 34.6 29.1 29.5 29.9 -2.1 -2.1 -2.1 -2.1 -2.1 -2.1 -2.1 -2.1 -2.1 -2.1 2.1 14.3 34.5 50 70 98.3 152.8 217.8 226 244.7 274.2 309.4 342.3 369.9 403.1 442.7 454.2 464.1 486 492.7 496.9 504.1 510.5 508.8 501.3 494.5 484.1 474.7 460.2 452.3 443.9 424.7 374.6 376.5 373.3 325.8 314.2 295.4 287.1 276.4 265.7 245.8 232.9 228.8 222.7 229.7 236.4 215.8 193.9 183.8 180 179.7 187.1
111.4 99.9 99.7 88.2 75.4 71.8 60.1 58.2 59.3 51.6 53.3 46.1 35.6 26.9 32.4 33.7 34.1 39.5 46.2 39.9 34 28.7 30.1 31.6 21.8 -2.1 -2.1 -2.1 -2.1 -2.1 -2.1 -2.1 -2.1 -2.1 0.1 7.2 32.9 52.3 69.5 92.1 138.1 200.7 235.5 245.1 258.8 278 307.7 341.9 377.2 435.5 458.3 460.6 482.4 495.3 503.2 508.6 513 513.4 506.3 500.5 493.9 484.9 473.6 459.2 454.7 444.7 418.8 412.9 397.1 372.4 361 340 329 311 292.2 271.4 262 255.5 244.6 240.7 246.9 236.2 203.4 190.2 188.1 188 187.1
112.3 108.1 105.5 96 86.2 76.5 62.8 60.4 58.3 52 46.4 40.9 30.7 34.1 41.1 40.3 44.3 46.6 49.9 49.6 37.7 30.5 28 32.1 25.8 -2.1 -2.1 -2.1 -2.1 -2.1 -2.1 -2.1 -2.1 -2.1 -0.1 2.7 27.9 46.8 65.3 89.1 126.5 183.3 229.4 243.5 246.6 263.1 287.9 318.7 359.4 421.1 448.5 458.7 473.6 489.9 500.2 507 514.4 518.2 511 504.7 498.1 494.6 483.8 466.3 455.6 447.7 438 429 418.8 407.1 402.1 386.2 367.5 343.6 325 303.7 287.9 283.4 277.8 270.4 260.1 251.8 224.3 204 198.7 196.2 194.6
116.3 120.8 113.9 104.9 90.9 84.9 69.2 63.2 55.9 49 43.9 42 48.2 43.9 51.1 54.3 55 61.5 56.7 55.2 46.4 40.1 34.2 27.3 20.7 7.4 -2.1 -2.1 -2.1 -2.1 -2.1 -2.1 -2.1 -2.1 0.4 2.4 22.3 39.5 68.7 91.1 121.5 175.8 215.6 228.2 227.8 245 266.4 299.1 345.1 399.1 424.8 449.5 465.4 479.6 488.9 499 509.5 515.8 518.4 515.6 501.2 499.4 500.8 491.3 477 457.6 461.7 460.7 445.9 448.2 445.3 428.2 413.5 390.1 367.2 350.2 331.1 316.6 308.5 299.6 295.8 278.6 245.7 223.2 214.9 209.4 217.4
123.1 123.1 117.7 113.8 95.9 86.2 69.3 62.6 55.2 56.6 53.3 43.6 51.8 54.7 53.8 64 64.8 66.1 67.5 60.8 60.9 55.4 44.5 30.4 19.4 15.2 -2.1 -2.1 -2.1 -2.1 -2.1 -2.1 -2.1 -0.8 0.7 2.4 21.2 36.5 64.3 88.1 117.5 152 195.9 207.3 203 221.2 246.6 291 335.1 387.6 412.6 429.1 452.2 464.7 476.1 486.1 493.3 499.4 514.1 522.8 518.6 509.4 507.4 502.1 485.6 476.2 475.6 473 466.3 462.4 462.1 459 449.9 434.6 412.2 399.3 383 370.1 363.9 335.8 318.3 294.2 260.7 229.9 219.6 209.7 202.4
128.3 125.2 122.7 114.4 100.9 80.5 75.6 71.6 64.6 73.8 68.9 59.4 61 69.8 66.6 70.8 75.6 75.8 70.4 65.7 70.4 70.1 56.7 37.2 22 16.6 12.3 -2.1 -2.1 -2.1 -2.1 -2.1 -0.8 0.1 1.1 2.5 20.4 35.7 53.1 71.8 95.6 131.6 179.1 187.5 184.1 206.2 231.1 281.4 324.8 370.7 396.8 416.9 436.1 457.4 464.9 472.5 480.5 484.3 510.2 526.3 526.3 515.2 505.5 503.5 490.7 485.3 480.9 478.8 477.9 482 480.1 475.8 471.7 465.2 454.6 448.7 442.3 439.5 412.1 380.3 336.1 300.7 264.1 236.5 222.6 200.5 182.7
129.1 124.3 123.1 113.3 101.3 89.6 88 85.6 78.8 71.6 68.4 61.6 69.4 75.6 76.1 83.4 81.9 83.1 78.1 71 71.7 73.1 66.5 44.2 28.9 26.3 15 -2.1 -2.1 -2.1 -2.1 -0.6 0.4 1 1.8 4.2 19.4 33.9 46 59.4 77.8 117.3 150.6 161.5 166.9 187.7 213.1 267.8 302.4 342.7 373.3 402.3 422.5 435.5 451.3 460.7 472.5 482.9 504.2 519.7 524.1 516.7 509.2 502.9 490.1 489.1 489.2 488.7 482.5 486.3 490.5 486.9 482 478.1 471.5 465.4 456.4 444.7 433.9 399.6 353 302.8 274.4 246.5 223.9 200.6 178.7
127.1 124 119.7 106.5 103.4 98.6 93.5 98.1 87.2 77.7 70.4 68.3 72.1 78.9 80.8 88 90.2 87.8 87.2 80.4 75.7 74.1 65.8 46.6 37.7 33 20.1 5.2 0.7 -2.1 -2.1 0.2 1.6 2.2 2.7 10.1 20.9 28.8 39.4 60.8 74.6 94.2 118 128.6 149.5 171.4 194 248.6 280.4 318.8 353.1 389.9 407.4 422.1 433 449.9 460.6 470 491.9 510.3 515.3 516.3 513.5 506.5 495.1 495.9 499.1 497.2 491.9 493.5 494.7 492 486.5 482.8 479.9 470.1 460.1 445.1 431.8 400.7 350.9 303.8 283.4 258.3 227.6 203.3 180.1
129.2 123.1 119.6 107.6 112 109.5 100 102.9 93.8 83.5 72.9 77.1 74.8 80.7 83.1 89.4 93.5 98.1 92.5 89.7 82.1 78.9 68.1 61.1 51.7 45.8 32.2 11.3 0.4 -2.1 -0.5 1.3 2.9 2.7 2.7 12.4 21.1 22.9 27.1 48.5 70.5 80.1 92.6 109.4 131.9 156.1 179.3 214 253.7 288.6 330 366.8 385.1 400 419.7 431.9 445.8 461.6 478.1 501.6 507.9 508.5 510.4 507.9 502.5 498.2 497.3 498.3 494.2 491.2 494 494.7 489.8 485.3 480.5 473.1 460.6 448.1 430.6 391.8 346.4 308.2 288.5 259.2 234.6 212.8 184.6
130.8 123.9 126.4 128.5 118.5 116.3 107.8 100.1 94.2 88.7 78.3 84.7 87.6 82.5 88.3 91 92.2 96.3 95.6 92.8 88 84.2 70.5 66.8 64.2 51.1 50.1 28.7 1.8 -0.3 1 2.7 7 8.2 7.6 2.7 16.9 16.4 18 32.5 54.6 74.5 78.4 92 113.4 140.3 167.6 195.7 239.4 266.1 294.6 323.5 354.6 378.1 408.1 419.7 430 449.2 469.3 490.2 498.3 500.9 504 503.5 500.9 502.4 499.6 491.2 492.6 491.2 494 491.2 495.6 494.1 489.9 478.2 463.6 450.1 424.8 388.2 342.3 313.2 293.8 268.9 240 219.2 197
127.9 126.1 134.9 141.5 128.7 123.3 113.6 99.5 97.6 96.8 90.5 93.6 92.7 86.9 92 96.8 97.8 95.7 96.8 94.9 93.6 88.3 76.7 75.9 70.4 56 52 45 14.8 2.7 2.7 8.7 12.1 14.4 18.6 16.6 3.2 13 9.8 17.8 31.8 52.9 66.4 75.8 94.3 122.9 152.2 201.4 234.6 253.5 281.2 315.5 349.9 367.4 386.5 400.6 413.5 426.9 451.3 473.9 485.7 490.6 496.7 497.4 501.8 503.6 502.5 491.2 491.2 491.2 491.2 491.2 494.3 498.3 493 481.1 459.3 441.6 412.9 379.5 340.2 316.8 300.5 271.5 242.8 220.1 200.5
131.7 132.1 141 145.1 136.4 130.2 117.1 102.1 101.3 98.9 102.7 103.7 99.5 92.8 99.4 104 104.4 101 93.7 94.9 98.1 87.5 83.1 81.1 76.5 68.4 55 47.8 33.9 2.7 2.7 12.1 19.7 19.5 20.7 20.1 17.9 5.9 9.1 10 15.4 33.4 55.9 68.5 77.6 100.7 140.9 188.5 219.3 240.2 265.1 304.8 337.6 349.1 365.6 380 398.5 409.8 437.7 457.9 471.9 486 486.5 489.3 498.8 506.9 512.3 508.5 499.3 491.2 491.2 494.9 493.9 492.9 487.1 470 450.9 429.7 401.8 368.2 341.1 320.5 299.7 274.1 246.6 225.8 203.8
147.4 136.9 141.9 144.8 138.1 132.5 117.7 114.6 118 114.9 108.9 111.3 104.7 98.5 106.7 111.2 110.2 107.9 96.6 92.2 94.1 83.9 87 87.8 77 73 61.4 50.7 36.1 2.7 3 13.5 24.6 21 21.6 22.7 23.2 21.3 13.2 12.9 11.5 22.3 37.6 64.3 71.9 83.9 113.8 149 189.4 215.1 236.3 274.2 304.1 323.5 337.9 361 388.5 400.8 423.2 440.7 455.7 466.3 476.9 482.9 490.8 504.3 529.4 527.7 517.7 506.6 505.8 503.5 502.7 493.2 485.6 459.2 435 410.5 386 360.8 337.4 319.4 299.1 275.2 250.4 229.5 208.9
