WholeMapElevations/data/nn/nn29_OST50GRID_20230518/NN29.asc
ncols 200
nrows 200
xllcorner 220000
yllcorner 790000
cellsize 50
[rows 35 to 69 of 200, columns 79 to 157 of 200]
486 509.1 533 534.2 527 511.8 487.2 453.8 436 405.1 374.2 353.1 344.9 340.3 338.1 337.7 336.4 338.3 338.3 339.6 337.2 331.9 334.9 337 336.3 335.4 332.2 329.3 327.2 328.5 328.3 327.1 327.9 326.8 325.2 324.8 323.1 324.7 324.9 323.2 321.9 321.6 326.7 325.2 323.9 324.1 320.4 321 322.1 323.8 324.7 324.5 323.8 324.1 322.2 318.8 315.7 312.6 310.9 305.6 305.6 304.1 301 301 300.7 302.6 300.8 297.2 297.6 294.4 291.2 291.1 287.1 285.2 283.4 281.3 281.2 279.5 276.6
519.9 551 551.1 544 530.8 513.8 494.9 484 455.4 412.9 385.6 365.7 355.9 351.7 347.8 345.9 345.5 346.8 350.5 350.8 348.8 342.3 341.6 343 342.6 343.4 342.8 342.1 342.1 340.4 338.9 336.2 337.1 339.2 335.3 334.6 333.3 335.4 333.9 330.5 330.6 330 329.8 329 329.7 327.5 325.6 325.6 325.2 327 327.1 329.4 330.7 328.7 326.4 322.8 318.8 315.2 312.9 307.5 305.5 304.7 303.5 304 303.3 303 301.9 297.5 296.8 295.1 292.8 291.8 292.5 289.1 285.9 282.8 282.5 281 278.6
541.6 548.3 540.1 528.7 518.5 498.8 479.7 462.4 442.5 421.1 398.8 381.2 372.6 365.6 363.8 359 360.2 360.6 359.4 359.9 357.9 357.8 354.2 355.5 359.4 356.7 358.6 358.7 356.5 350.3 346.6 347.2 346.5 345.9 346.3 347.9 349.3 350.1 349.6 344 339.7 334.9 332.8 332.8 329.4 328.7 329 328.8 328.2 328.8 330.1 330.9 333.2 332.5 330.2 326 321.6 316.6 312.4 308.6 306.7 310.5 305.6 304.2 304.9 303.7 301.1 298.5 297.4 296.7 295.2 292.7 294.4 292.2 289.1 284.4 281.5 281.6 280.6
541.6 531.2 519.7 512.7 505.6 492.7 480.3 463.4 451.3 436.4 420.3 403.9 393.1 383.5 382.3 380.6 379.1 379.1 380.7 381.7 379.1 372.2 371.3 371.3 372.1 372.4 377 376 373.1 364.6 359 359.3 358.1 357.8 356.5 361.8 364.1 366.4 363.3 354.4 348.6 343.2 340.6 337.7 334.9 334 332.8 331.6 331.7 334.3 335.5 336 335.7 333.2 330 326.6 321.5 316 313.1 309.6 310.2 309.4 305.2 305.1 305.6 305.5 304 301.7 298.7 295.8 296.3 294.5 293.9 290.4 287.5 285.9 279.8 282.6 282.9
546.1 534.6 527.2 520.8 516.7 511.8 505.3 489.1 473.2 467.3 452.2 439.9 425.4 407.8 399.6 399.7 399.5 404.2 409 407.1 406.2 393.5 390.9 387.6 390.5 392.2 396 397 393.4 389.7 380.7 374 374.7 373.6 373.6 373.4 373.6 371.4 364.8 359.4 355.3 350.8 346.7 343.6 341.7 340.3 338.9 337.2 337.1 338.9 340.5 338.4 336.7 335.4 330.7 326.4 321.9 316.7 313.6 312.7 312.1 309.5 306.7 308.2 308 308.1 306.8 304.7 301.9 298.7 296.5 295.8 294.2 291.1 288.9 284.2 279.2 279.5 281.5
560.7 554.4 548.4 542.3 545.6 541.4 532.4 517.4 508.3 501.2 482.4 466.8 460.3 438.7 430 428.1 429.4 430.2 431.7 429.8 428.5 418.5 417.3 414.3 414.8 421.9 426 430.9 429.3 426.4 410.6 390.4 393.7 394.7 403.8 399.8 394.7 387.6 375.9 364 362 355.9 352 350.1 349.2 348.6 346.1 345.4 344 343.1 342.8 341.2 338.3 334.8 330.4 326.9 324 317.3 314.8 313.8 312.7 311.4 312.5 313 312.8 312.8 311.5 306.9 302.7 300 297.4 295 293.4 291.4 287.8 285.8 283.4 281.2 276.6
578.2 572 568 565.3 565.2 556 546.8 538.7 528.5 524 518.5 504.1 490.1 476.3 472 473.8 469.7 460.4 457.1 468.3 467.1 463.3 453 448.8 448.1 459.7 464.2 462.5 456.6 462.1 438.3 411.2 411.6 421.2 426.7 414.1 406.8 397.9 381.9 375 365.9 361.3 357.2 356.2 355.6 353.9 352.4 350.9 347.7 347.6 345.3 343.6 341 336.7 332.7 328.1 325.1 323.4 318.4 315.7 313.9 312.4 316.6 316.2 315.9 316.3 314.1 309.5 303.4 301.4 296 295.5 294.7 290.8 289.3 288.8 286 280.8 273.2
594.6 595.9 593.1 586.2 581.8 574.8 569.8 565.6 564.5 557 548.4 529.5 521.5 502.2 495.4 503.8 498.9 494.5 487.4 502.1 499.7 505.7 498.9 502 494.5 489 493.6 488.3 489.1 492.2 460.2 434.8 445.6 451.1 444.4 423 408.7 399.3 390.1 383.9 376 370.5 364.6 362.2 361.8 360.7 359.7 356.4 352.6 348.9 348.2 346.9 342.9 338.3 334.7 329.9 328.1 326.3 325.7 321.4 316.1 316.4 318.3 319.2 318.8 318.4 315.7 310.6 305.7 300.7 298.3 297.1 293.4 290.6 289.5 289.8 286.7 284.7 279.3
616.7 617.6 617.6 610.4 604.1 595 595.9 592 591.9 584 573.3 562.1 556.6 540.8 534.4 525.6 521.7 524.8 528.8 547.8 549.6 542.9 537.7 532.2 529.5 519.4 525.6 519.6 527.9 511 482.2 470.1 479.4 476.7 463.5 436.1 419.9 407 398.6 392.2 384.4 378 372.7 368.3 367.5 366.2 363.1 359.4 355.9 351.7 350.4 348.9 344.8 338.5 335.8 332.3 330.4 329 327 319.3 316.1 321.6 321.3 321.5 321.6 321.1 316.9 312.1 309.1 304.8 301.6 296.6 293.9 292 292.5 293.4 290.8 288 284.1
634.9 634.5 634.7 632.5 625.4 621.9 616.8 617.8 616.2 609.7 609.6 602.3 587.4 570.8 566 549.1 554.7 552.2 561.1 576.6 585.8 589.3 593.1 568.2 557.5 556.5 552.1 550.3 550.8 527 499.7 503.7 501.3 499.6 473.2 448.1 429.6 411.3 405.9 399.6 391.8 386.1 380.4 376.4 373.1 370.3 365.9 360.4 357.1 353.7 351.6 348.7 343.4 339.1 337.1 331.8 330.2 329.1 324.6 322.5 321.7 322.7 323.7 324 323.4 322 318.4 313.8 309.5 307.2 302.9 297.2 295.3 296.6 295.7 292.9 292.3 291.1 286.6
648.3 655.2 660.3 662.8 659.3 645.3 641.8 644.8 643 644.4 637 631.3 626 609.3 595.5 586 586.1 587.4 602 609.3 619.2 623.7 626.4 622.5 601.6 592.6 582.6 571.6 565 544 527.6 535.7 529.9 509.5 484.4 456.2 436.8 424.5 407.6 399.9 396 391.9 386.8 380.4 376.5 372.3 367.9 361.9 357.1 353.6 349.4 346.6 341.9 339.1 334.9 332.5 330.9 330.8 325.7 328.6 326.7 324.2 325.8 326.6 324.3 321.6 317.6 316.2 312.3 308.3 303.3 300.1 300.6 301.4 297.2 294.4 292.4 294.4 290.7
665.9 677.1 677.7 680.5 683.1 681.1 677.7 674.4 673.1 667.8 660.5 656.2 653.6 642.8 627.8 618 621.1 623 633.3 640.7 644.8 648.7 651.7 650.4 644.5 625.4 613 593.5 576.5 560.2 561.8 556.1 534.9 513.4 490 469.9 452.3 436.7 419.3 407.8 404.1 399.5 393.4 385 380.8 374.7 369 363.8 356.7 351 347.9 343.8 341.4 335.9 336.2 334.5 333 330.1 330.8 330.9 329.5 327.9 327.9 327 324.9 323.4 322.1 319.6 314.3 309.8 305.5 304.1 306.5 307.7 302.1 296.2 292.3 292 290.1
680.9 686.8 694.3 701.3 709.8 709.9 708 699.5 699.9 697.3 690 687.1 681.2 679.7 672.6 655.3 654.2 655.6 654.9 659.1 659.8 662.9 661.7 656.9 652.8 640.8 623.3 605 589.4 581.8 577 562 539.3 523.8 503.5 481.5 462.8 447.2 431 419.6 411 404.7 399.7 390.6 383.5 377 370.2 365.2 358.3 350.5 344.2 342.8 340.4 336.4 333.8 335.5 333.1 330.9 329.9 331.2 332 330.9 329.2 327.7 326.7 324.2 324.7 324.4 316 312.1 308.4 307.5 311.5 312.9 306.8 300.4 294.9 288 283.6
710 715.8 718.4 723.4 737.5 739.2 735.5 728.5 722.8 718.6 714 710.8 702.8 698.7 690 674.1 673.1 671.8 671.4 671.3 670.9 671.2 671.4 663.6 651.9 640.8 624.7 609.9 598.6 589 580.1 561.6 543.9 528.1 506.9 492.4 473.1 451.3 441.6 430.2 420.4 410.5 399.9 393.8 384.6 378.8 371.5 364.8 357.7 351.2 346.8 343.8 340.9 334.9 334 332.3 332.1 330.6 334.8 334.8 332.4 331 329.3 328.9 328.2 327.5 324.4 322.9 316.2 313.5 309.8 309.9 316.1 318.2 309.3 301.8 292.5 284.5 276.5
740.5 743.2 743.6 750.5 762.2 766.3 757.5 752.8 745.7 738.9 737.2 729.8 723.9 717.5 703.6 694.1 691 688.8 686.6 683.9 680.4 673.9 667.7 658.5 647.9 635.4 621.6 608.7 598.5 589 575.3 560 544.6 525.5 509.7 490.7 471.5 459.4 449.7 439.6 427.1 414.7 399.4 392.5 386.5 377.7 368.8 361.8 357.5 355.8 349.5 346.3 343.4 335.7 333.1 332.5 331.9 331.6 337.4 337.4 335.7 333 331.2 330.4 331.1 332.3 324.8 319.9 315.1 312 309.5 310.8 314.7 317.5 311.2 303.2 291 281 269.5
770.2 773.5 776.8 779.5 783.3 787.7 779.4 772.2 767.3 764.6 753.9 744.6 738.4 725.8 711.2 703.9 697 692 690.5 688.9 681.8 670.2 659.8 650.2 639.2 629.2 617.9 604 592 582.4 568.5 555.1 540.7 524.3 507.8 490.7 475.3 461.7 451.7 442.6 431.1 416.9 399.3 393.1 382.4 374.7 368.5 362.5 359.4 357 351.4 346.6 341.6 337.5 331.9 330.9 329.6 329.6 334 339.7 337.4 334.6 333.9 333.2 333.3 334.9 325.9 317.8 314.5 311.1 309.5 309 313.8 314.3 308.5 298.5 285.3 274.6 268.9
798.8 798.9 799.5 804 803.5 802.1 794.2 787.8 790.2 786 774.1 758.3 743.9 729.2 722.1 714.5 706.8 698 689.9 683.3 675.4 664.5 654.6 643.8 632.9 624.8 612.8 594.6 582.5 571.4 558.8 546.4 537.4 519.8 501.7 488.1 474.3 460.6 452.7 443.6 429.9 414.5 400.6 389.5 380 372.6 369.6 365.2 362.1 356.3 352 348.9 344.4 340.2 337.5 330.5 329.6 329.6 329.7 335.9 339.8 336.7 335.5 335.3 336.2 333 324.5 320.1 316.8 311.9 306.3 306.7 309.9 310.9 302.3 289.9 279.7 271.2 267.9
822.9 822.6 824.7 823.8 823.6 817.9 811.8 809.2 806.4 799 781.8 765.8 747.8 735.4 729.7 722.5 718 710.6 694.3 678.7 669.7 659.9 650.6 640.5 630.7 617.7 602.1 582.7 569.8 560.4 548.3 538.2 526.8 511.5 496.1 485.9 470.7 461.2 449.9 435.3 423.8 408.8 400 390 380.7 374.7 370.9 368.1 363.6 358.7 353.6 349.6 346.2 343.4 340.3 337.9 330.5 330.6 331.3 333.6 338.1 337.1 336.1 337.1 335.8 330.3 324.9 323.6 320 312.7 306.1 301.6 299.8 299.8 289.4 282.9 273.8 269.1 267.3
849.8 850.1 847 845.3 841.5 837.6 833.1 830.1 823.9 806.2 792.9 773.8 753.9 740 729.7 722.2 716.5 706.7 689.7 672 660.9 653 646.8 642.2 626.8 602.2 582.6 569.3 557.1 547.4 534.5 526.3 517.5 506 490.4 479 465.6 455.3 445.1 432.2 419.8 406.3 399.6 389.4 381.9 377.1 373 370.3 366.7 360.2 354.8 351.3 347.9 345.1 343.3 347.2 338.1 332.8 332.8 332.9 334 334.9 336 336.7 335.6 330 330.8 331.5 324.4 313.7 305.4 296.1 291.2 288.3 282.8 275.5 270.3 268.2 268.4
871.7 876.7 874.1 867 860.1 854.1 850.4 840.3 823.5 806.8 793.3 770.9 749.2 730.7 720.3 716 706.2 692.2 676.9 666.2 656.3 649.5 643.6 631.7 614 586.4 567.9 553.1 540.7 534.2 526.3 514.7 507.4 498.6 486.1 469.9 461.4 449.5 438.8 427.1 415.3 406.2 398.7 390.6 384.3 379.3 376.7 372.7 366.2 363 357.9 352.8 348.9 345.5 346.2 347.7 343.8 338.5 335.4 331.2 331 333 334.9 335.1 333.9 331.8 338.4 330.9 321.8 306.4 300.2 291.8 287.8 284.3 277.6 272.4 270.3 273.1 272.1
882 890.7 895.3 880.3 870.4 858.7 848 833 812.6 794.8 780.1 763.3 739.1 720.5 710.2 705.9 696.9 681.1 669.5 662.3 654.8 648.5 638.3 621.7 597.9 572.5 550.6 536.3 525.3 518.5 512.1 500.8 493.2 485.2 476.5 464 453 444.6 433 422 410.2 405.3 400.4 390.9 385.1 381.4 380 372.8 368.1 364.1 359 355.9 353.3 347.7 347.3 347.3 345.3 342.7 336.7 330.8 328.5 328.5 334 333.7 332.7 332 331.4 323.2 313.2 302.6 293.5 289.4 286.8 282.5 278 275.1 276.9 279.7 281.4
887.2 896.6 889.2 875.6 860.9 847.7 832 815 796.3 778.1 764.7 751 725.6 709.9 701.1 693.5 684.3 674.6 664.2 658 653.4 643.1 625.9 606.5 592.3 570.1 545.8 531.2 513.4 503.2 495.6 485.4 480.2 474.1 467.2 457.5 450.1 438.9 427.2 416.5 409.2 403.3 398.1 389.5 385.3 383.3 379.9 374.7 369.7 366.8 361.9 359 355.4 352.1 350.1 349.1 345.2 342.7 341.7 331.4 326.2 324.9 332.7 331.4 330.7 330.5 323.3 316.1 310.8 302.1 291.1 287.4 285.7 286.4 283.5 285.1 284.4 287.6 287.4
867.6 867.2 857.9 847.6 834.9 820.2 804.3 788.3 771.1 756.3 743.4 729.7 707.8 695.7 690 680.1 671.3 661.9 655.3 651.6 642 627.1 610.7 592.3 577.8 552.7 538.9 526.6 510.1 497.7 484.4 476.1 469.7 465.4 460.1 451.4 444.3 434.6 422.7 412.9 405.7 400.8 394.2 388.9 386 383.6 380 375 369.3 366.6 364.6 363.9 362.2 353.2 349.4 345.8 343.7 343 339.8 332 324.8 320.6 325.3 325.4 325.2 323.8 321.6 311.5 305.5 299.8 289.9 288.1 291 289.6 290.2 294.2 288.5 286.9 287.7
834 828.1 823.2 816 801.7 785.4 770.1 754.9 742.1 729.6 715.4 702.3 689.1 678.7 670.5 661.9 654.8 647.6 642.5 633.8 621.5 607.2 586.2 572.4 560.9 538.8 530.9 519.4 505.9 494.3 480 468.7 461.5 457 453.2 447.9 442.2 429.5 419.6 410.6 403.9 397.5 393.3 389.4 385.8 383 380.7 377.5 371 366.5 367.7 365.9 360.9 354.2 350.5 346.7 343.1 340.6 336.3 329 323.5 317.2 318.3 318.1 316.4 316 313.2 303.4 297.2 294.2 291.3 288.4 289.3 290.1 299 296.9 289.7 287.9 286.5
798.5 793.3 791.8 783.3 769.6 755 740.7 723.9 710.2 700.1 687.4 675.9 665 656 648.2 643 636.9 631.9 627 616 600.8 584.3 567.2 550.5 534.2 525.2 516.8 507.3 495.4 487.3 474.8 465.3 459.9 453 448.1 442.9 438.2 423.1 415.6 408.3 403.1 396.3 392.3 389.8 386.8 384 379.4 377.4 374 366 362.7 362.7 356.3 353.3 349.9 343.8 342.2 336.4 332.2 326.7 318.9 315.2 314.8 314.3 313.2 311.9 308.3 302.6 303.3 300.1 297.3 295.6 290.6 290.1 295.8 293.9 291.7 287.5 285.8
759 756 751.6 743.4 735 723.3 709.6 692.6 679.1 670.1 659.3 650.6 640.3 631.4 625.2 621.5 617 610.4 602 590 578.3 564.3 542.3 528.5 521.7 512.3 505.6 498.5 487.9 475.8 466.3 459.1 455.7 448 443 437.9 430.9 423.2 414.4 407 398.7 393.4 391.3 387.6 385 382.5 378.1 374.8 369.6 362.7 359.7 355.9 353.6 348.7 346.7 337.2 335.2 330.3 326.7 319.9 316.4 314.3 312.3 313 314.9 317.4 314.4 315.1 313.6 306.8 301.3 299.9 293 287.4 293.2 297.8 295.4 289.8 279.9
722.2 718.3 715.6 709 700.5 686.4 672.6 659.9 650.3 643.2 632.7 622.8 614.7 606.4 601.6 597.9 592.2 583.8 574.3 562.5 551.2 536.3 522.3 515.2 507.6 499.4 492 484.9 475 464.2 456.6 453.5 446.6 443 436.8 431.3 424.2 420.6 412.6 404.3 397.3 391.5 389 385.6 382.2 379.6 376.9 373.4 365.5 360.9 356.3 352.2 348.5 345.5 336.9 332 328.7 323.9 320.3 317.6 315 312.9 311.6 312.6 317.9 324.3 321.7 319.9 317.3 303.4 298.4 294 290.2 286 293.3 298.4 290.9 283.4 275.3
686.2 681.3 683.2 676.3 659.9 648.8 641.8 631.6 623.3 618.5 609.3 600 590.7 585.1 581 575.4 567.6 561.9 555.9 544.5 531.9 515.7 508.5 500.2 494.8 489.5 477.4 469.8 462.8 456.8 450.2 444.7 440 433.5 431.5 428.3 420.8 416.6 411.8 404.3 396.7 390.4 388.5 383.6 380.5 376.7 371.5 366.7 363 356.4 352.7 347.5 343.2 336.7 335.1 331.1 327.1 326.1 324.9 320.6 314.2 308.8 305.4 311.7 320 327.1 318.3 310.6 305.6 299.5 301 301.7 291.9 285.7 291.6 292.8 280.7 280.8 269.9
651.5 647.9 646.9 637.6 624.1 616.2 608.7 600.5 592.8 586.8 580.1 574.3 569.6 564.7 559.7 555.9 545.6 541.2 534.3 525.1 513.4 508.2 495.8 491.6 479.5 475.3 469.4 461.6 456.6 451.9 443.9 437.7 433.9 429.9 425.8 422.7 419.1 416 410.3 402.4 396.6 388.2 385.6 381.8 380.2 371.2 364.8 359.5 353.7 350.2 344.6 340.7 338.5 335.7 330.5 329.2 325.6 328 328.4 321.8 313.6 304.7 297.2 306.1 316.7 318.7 313.3 310.4 307.2 301.3 300.3 299.4 290.3 282.6 285.5 286.6 277.2 273 265.6
617.3 615.6 611.3 602.7 592 585.5 577.4 570.2 564.5 559.9 557.3 555 550.1 546.8 540.9 533.7 529 520.6 514.9 505.2 499.5 493.8 488.3 479.2 470.8 467.4 460.4 455.3 450.6 445.7 439.2 431.6 431.2 426.7 421.1 414 410.9 409.1 405.8 400.8 394.3 388.2 382.4 374.2 372.9 356.3 350.8 346.5 342 339.3 336.6 338.1 335.9 333.3 328.8 326.3 320.4 324.2 326.1 313.1 299.3 286.2 272.6 287.3 303.9 306.1 312.9 323.6 313.6 302.1 294.2 289.2 285.8 282.6 284.6 288.1 283.9 269.9 260.3
584.8 583 578.3 571 565.2 558.6 551.6 544.4 541.5 542.5 538.2 535.6 532.5 528.5 524.8 517.9 512.4 507.7 499.9 487.9 488.3 484.2 480.3 471.3 463.3 461.2 456.4 450.4 445.2 440.3 435.9 428.3 423.2 420.5 415.5 408.7 400.3 400.3 397.2 393.7 385.7 381.9 378.2 363.5 352.6 346.5 337.5 330.1 325.2 326.1 331.3 331 329.5 331.7 324.8 310.7 304.2 308.5 306 298.3 273.2 258 252.4 267.7 284.1 293.7 311.9 324.2 311.8 298.7 289.5 283.5 283.1 283.1 289.1 289.3 278.1 267.8 251.9
557.4 555.8 551.7 546.2 542.2 537.3 533.4 526.7 522.8 522.5 522.1 524.3 518.2 510.5 510.8 503.4 497 492.9 486.1 480.2 479.4 476.2 469.6 464.7 459.7 454.6 449.4 446.6 442 437.7 430.6 424.9 419.4 416.7 412.2 404.1 400.1 394.9 388.4 379.8 372.5 362.6 356.7 348.2 337.8 332.3 324.2 311.6 313.9 314.5 312.8 313.3 316 316.8 309.7 295.4 279.3 271.4 267.8 258 237 223 222.9 248 263.9 280.7 296.6 299 301.2 297.2 292.8 290.1 284 289.6 290.1 282.7 274.6 258.7 237.9
537.8 533 529.3 525.6 522.2 519 515.1 513.1 509.3 510.1 510.1 507.7 506.2 500.8 497.6 489.3 484.9 480.3 478 474 471.4 466.4 461.2 456.7 452.1 447.9 444.7 442.4 437.1 431.3 426.1 422.3 418 412.5 406.3 397.8 392.3 382.1 372.9 361 352.4 343.6 335.8 331.3 321.3 315.7 306.5 299.7 296.5 294.6 292.8 288.5 285.9 284.3 278.9 262.2 243.9 228.3 235.4 237.7 235 226.4 211.2 224.6 246.8 264.3 284.9 289.5 301.5 296.7 291.3 291.5 285.2 282.6 283 276 264.6 242.1 225.1
523.8 519.9 517.5 513 509.4 507.4 504.7 502.3 499.5 498.1 499 496.2 493.2 489.3 484 474.8 470.3 469.7 466.4 465.7 461 459.4 453.5 449.8 445.9 441.3 438.5 434.8 431 426.5 424.5 420.8 415.8 409.3 401.2 382.2 374.3 365.4 352.6 345.2 337.2 328.9 323.1 313.3 304.9 297.9 297.6 295 290.3 285.5 272.1 272.3 272.4 268.1 267.7 267.7 273.2 276.9 275 281.7 275.5 236.9 203.6 190.3 221 247.4 270 279.5 291.1 292.2 288.2 289.2 281.3 273.3 270.2 258.1 247.9 227.1 211.1
517.5 512.7 510.9 510 506.2 504.5 505 501 499 494.6 487.7 484.7 481.5 477.6 474.8 469.9 467.2 464.4 460 456.4 453.9 449.4 447.2 442 439 434.7 430.1 424.7 422.5 420.7 416.3 413 408.9 405.4 384.2 368.7 352.8 342.3 333 333.9 321.9 308 309 312.3 316.6 316.3 322.7 318.5 315 314.2 310.1 307.7 301.2 301.5 304.6 299.9 301.7 295.4 292.8 301.8 279.1 239.2 200.4 153.8 193.3 220.7 242.1 263.3 283.3 287.6 283.5 276.4 267.4 265.9 254.4 238.3 225.1 211.7 199.2
