UK/data/sh/sh92_OST50GRID_20230518/SH92.asc
ncols 200
nrows 200
xllcorner 290000
yllcorner 320000
cellsize 50
[rows 70 to 104 of 200, columns 79 to 157 of 200]
481.8 486.2 490.5 497.3 501.5 499.6 502.6 502.8 501.5 493.6 482.6 476.8 474.5 466.8 451.2 457.7 469.9 487.2 500.5 508.8 514.4 519.8 522.1 522 514.1 510.2 502.1 488.5 473.9 459.3 447.1 429.5 454.3 477.3 495.3 507.8 516.3 526 535.7 543.8 550.4 561.2 567.7 569.8 568.2 565.3 556.9 542.9 532.1 514.3 496.7 478.9 454.3 440.6 465.4 488.6 506.5 514 515.5 516.3 517.9 522.6 532.4 541.4 547.8 557.2 560.5 565.7 573.3 581.8 594.3 603 607.4 603.5 600.2 596.1 591.9 582.2 570.7
473.4 475.4 482.3 488.2 490.5 493.6 493.7 495.9 493.9 486.4 476.4 471.1 466.4 459.9 448.7 454.2 464.5 480.4 495.6 503.9 512.6 518 518.4 515.3 503.3 497.6 486.8 470 453.4 435.4 428.3 442.3 468.6 492.3 504.6 512.6 520.7 529.5 537.5 546.8 556.6 564.3 569.8 570.4 568.3 562.7 553.7 537.1 521.4 503.2 487.8 462.8 432.4 449 475.8 498.1 510.8 516.9 520.5 522.7 522.9 529 540.3 548 552.8 562.2 567.2 577.7 583.6 589.4 595.8 602.1 601 599.9 601.6 596.2 587.4 576 567.4
461.3 466.2 472.1 474.7 480 485.8 487.5 487.8 483.4 476 467.6 461.4 455.4 452.3 441.3 447.2 459.9 476.6 490.8 499.8 509.4 511.3 512.3 508.6 497.9 471.2 460.8 449.8 430.2 415.8 437 460.1 483.2 501.9 509.4 519.3 526 534.1 543 552 561.1 567.9 570.2 570.4 565.6 559 545.9 534.5 517 493 472.7 451.5 422.9 455.5 482.9 505 515 519.4 522.1 525.9 528.3 535 543.5 551.4 555.4 566.1 572.5 581.9 588.2 597.7 597.5 597.2 596.7 597.3 599.2 591.6 579.7 570.6 564.1
469.5 458.8 461.1 465 467.7 470.8 476.1 474.1 468.6 462.7 457.4 451.7 447 444.7 434.6 446.6 454.9 469.1 487.7 498.5 504.4 505.5 503.6 497.5 486.4 461.4 440.8 425.5 410 431.9 454.8 473.7 494.5 506.6 513.4 522.2 530.7 538.3 545.4 555.2 564.1 569.5 570.7 569.5 563.7 554.6 540.4 528.1 503.9 484.4 463.6 434.2 431.9 461.2 490.3 508.6 516.7 521.4 525.2 527.3 531.3 538.4 547.5 553.6 558.6 566.8 571.4 579 583.8 591.3 592.5 598.3 597 597.7 594.1 584.9 575.8 569 565.4
472.2 467.9 455.5 455.1 453.1 456.3 460.3 459.4 456.2 450.5 446.2 442.1 438 436.3 428.8 437.2 448.4 464.9 480.3 491.4 495.8 498.4 497.2 490.3 469.2 445 424.9 406.1 422.1 442.6 464.8 484.7 501 507 514.7 523.8 534.1 543.1 549 557.7 564.2 567.7 568.9 567.4 562.1 552.1 534.4 521.1 493.5 475.7 452.8 423.9 436.9 465.4 492.7 509.8 516.5 519.3 524.6 527.7 531.9 537.4 545.6 552.9 559.4 566.2 570.3 574.7 583 585.7 584.2 590.7 589.3 594.9 591.3 583.8 575.6 571.6 568
484.2 475.9 468.8 458.6 458.1 454 446.5 448.3 446.2 440.6 436 429.9 427.4 425.7 419.1 424.8 438.1 452.5 468.5 479.5 484.6 485.9 485 477.8 458.6 432.1 408 410.7 428.6 448 470.6 488 502.2 505.4 514.3 522.7 533.6 542.4 551.5 558 562.2 565 566.5 564 556.3 544.3 529.1 509.2 485.6 464.3 440.6 412.6 438.8 466.8 492.9 508.6 514.9 518.5 523.4 526.4 531.4 536.6 542.5 548 551.8 564.5 568.2 570.9 575.8 578.9 584.5 589.2 589.1 595 587.4 581.7 575.9 570.8 569.3
490.3 480.4 467.8 465.4 472.4 464.6 456.9 451.8 444.8 437.7 428.4 416.8 414.1 416.3 410.3 410.5 423.2 434.1 449 458 466.2 470.8 471.4 460.8 446.3 421.5 397.4 411.9 430.8 449.6 468.8 485.9 493.2 498.6 507.5 519.3 529.6 538.3 549.1 555.7 560.8 563.2 563.4 558.5 548.9 535.4 521.6 496.4 477.7 451.8 428.1 411.6 440.1 467.5 490.8 505.6 514.6 518.8 521.8 525.1 530.1 535.3 541.7 548.2 551.7 553.9 560 562.8 564.7 574.8 580.4 580.2 585.9 587.4 585 579.4 577.6 571.4 569.1
490.7 479.1 474.7 479.4 481.1 475.6 469.4 465.1 455.5 448.2 442.2 428.4 422.1 411.3 405.3 400.5 406.7 415.4 425.2 437.6 445.6 447.4 454.6 448.4 434.4 413.9 391.1 407.5 426 444.4 461.4 477.2 484 489.7 502.8 513.4 525.9 533.4 545 552.9 557.2 558.4 557.6 550 542 531.4 508.9 485.1 465.7 441 418.2 414.7 444.7 471.3 497.8 505.8 515.7 518.6 522.1 523 526.6 530.1 536.7 544.2 550.7 554.3 555.1 553.8 555.2 561.7 563.5 571.9 581.7 582.5 579.9 578.2 578.1 579.9 571.6
492.9 487 491.7 493.2 491.1 485.6 480.1 472.2 464.5 456.1 447.9 436.8 425.8 418.6 412.1 404.9 392.7 397.4 404.7 412.1 418.3 423.7 426.9 424.3 420.1 409.4 391.1 397.3 413.4 426.3 442.1 456.8 465.5 474.1 488.3 502.7 517.3 531.2 540 546.5 553.1 554.1 550.8 543.8 538.4 525.7 499.9 475.4 447.8 424.8 402.6 421.8 452.4 480.8 503.2 508.8 516.8 519.7 521.7 520.6 523.9 524.1 530.4 539.4 542.3 543.1 549.9 550.3 551.3 554.7 566.6 567 572.8 575.6 577.4 579.7 584.4 583.2 578.4
503.3 501.7 502 504.4 503.7 497.8 489.6 478.6 471.5 461.8 453 441.6 431.9 424.9 414.9 407.6 403.7 385.6 385.3 390 394.8 396.8 400 402.1 402.3 399.2 388.7 378.8 394.8 405.9 418.7 434.2 439.8 451.3 472.9 492.4 504.1 519.6 531.5 541.8 547.1 549.3 545.2 539.6 532.7 519 490.6 463.3 434.1 405.5 394.9 428.8 459.8 488.5 503 513.3 516.7 519.3 517.7 519.8 522.1 522.3 526.7 533.4 536.8 537.7 536.1 535.3 539.9 549.1 556.8 559.9 567.5 576.5 581.3 588 586.2 586.9 581
510.7 511.3 511.6 514.8 511.6 508.8 500.6 492.3 482.8 473.2 466.5 459.9 445.1 434.1 428.2 417.7 405.9 395.9 382.4 373.7 370.2 375.7 378 378.6 378.8 376.8 377.8 368 375.2 385.7 396.5 407.9 413.4 426.2 443 462.5 484.7 502.6 516.5 528.4 538.5 540.7 537.1 530.3 523.9 505 480.4 452.6 420.9 389.5 391.2 429.2 463.8 492.4 504.5 516.2 517.7 519 515.3 515.7 516.1 517.6 520.1 525.2 525.4 529.5 527.1 533.8 541.7 551.7 560.4 558.3 564.3 575.7 587.8 590.1 587.5 588.9 584.2
516.6 518.5 520.8 519.2 515.7 510.4 502.8 496.2 489.6 484.2 477.2 470.4 458.7 451.6 444.5 433.4 420.3 409.2 399.7 392.9 383.4 378 371.9 364 363.1 358.4 358.9 366.2 357.6 369.2 377.4 385.1 390.3 403.5 420.4 440 457.3 471.8 487.7 504.1 515.2 521.1 521.4 513.2 509.9 489.9 466.7 444.1 415.4 382.6 389 426.8 464.1 494.8 505 515.6 518.7 518.6 513.9 507.1 503 509.7 506.8 505 517.1 516.3 524.3 527 538.3 550.7 560 562 570.6 582.7 589.7 593.4 588.3 584.7 585.3
518.8 521.1 522.1 519.8 515.3 509.9 504.4 497.8 496.2 491.1 485.9 482.7 476.5 469.1 461.9 447.2 433.1 420.8 410.5 403.4 395.7 390.8 386.4 383 378 372.6 366.1 358.3 351.1 356 360.6 367.6 374.3 383.5 400.8 416.5 430.3 440.2 457 469.2 482.5 488.4 491 491.3 481.9 471 454.3 434.1 403.1 375.1 391.7 428.7 464.7 493.5 500.7 511.8 516 516.5 512 500.2 499.5 496.6 494.5 498 507 515.3 522.3 525.3 534.5 550.1 558.3 562.1 572.7 586.6 593.6 597.8 596.5 586.5 584.4
518.7 521.4 521.8 518.6 514 510 506.4 504.2 503.8 500.9 496.4 494.6 491.8 484.4 474 462.9 450.4 437.8 425.5 416 408.3 405.3 401.6 392.2 385.5 380.1 376.4 366.5 349.5 350.6 350 354.3 358.4 365.8 379.9 392.9 404 413.3 423.4 434.7 446.6 452.5 454.6 452.6 447.2 444.4 434.8 415.8 386.7 363.9 395.7 429 464.4 486.2 495.1 502.1 508.3 511.8 505.9 498.8 479 475 480 497.4 511.5 516.8 524.7 529.7 533.8 543.3 553.9 564.3 578 587.8 596.2 597.9 591.9 587.5 582.2
516.5 519.2 518.8 516.2 513.2 511.2 508.8 511 512.2 509.5 506.1 503 501.6 498.9 489.9 483.2 470.1 456.9 446.7 436 427.3 425.9 418.5 408.9 394.6 385.4 379 371.6 366.1 353.6 348.6 344.5 340.4 352.3 361.7 370.6 379.4 387.3 396.5 407.9 416.4 422.2 424.6 422.6 418.1 415 409.7 397.3 369.3 366.8 396.8 423.7 448 468.6 485.3 491 501.6 506.5 498.6 479.4 459.5 464.7 485.6 503 514.7 522.7 527.4 535.2 543.1 550.9 555.4 568.7 578.3 587.2 598.2 594.7 585.5 579.8 571
511.6 513.5 512.6 512.9 513 512.9 514.5 516.4 516.5 514 511.7 510.3 510.4 508.6 504.8 501.1 492.1 478.7 466.2 456.3 448.2 446.2 438.4 424.3 409.2 394.7 386.9 378.2 372.4 367.5 360.2 354.4 347.2 339.1 348 351.4 356.2 363.2 371.7 379.8 389.3 395.8 400.7 397.4 392.9 389.5 388.8 386.3 359.6 366.4 392.4 411.4 428.1 446.7 465.5 481 487.2 493.6 482.5 465.3 452.4 469 490.3 503.3 519.9 528.6 537.8 539.1 544.1 554.1 560.4 570.2 580.4 586.3 596.9 589.7 581.2 576.5 564.6
502.7 505.5 507.9 511.4 512.3 513.7 517.3 519 519 517.7 517.1 517.8 519 514.6 514.2 512.5 506.7 500.3 488.4 478 469.5 468.1 460.7 445.3 428.4 416.7 405.5 397 395 390.2 384 372.2 360.7 349.2 339.3 337 338.7 343.8 350.6 357.2 366 373.7 379.2 377.2 371.9 370.5 370.7 367.5 353 357.3 377.9 393.9 407.9 423.3 440 451 466.3 474.7 464.2 440.1 456.9 475.1 494.8 508.2 527.3 537 542.1 541.8 543.4 552.4 560.1 564.8 577.2 580.8 591.2 578.8 572.6 568.8 558.1
497.5 499.5 504.4 507.9 510.2 514.5 518 520 521.2 520.3 519.7 521 521.8 519.9 520.6 520 516 512.8 510.6 502.6 493.7 487.7 478.4 462.2 446.4 438.2 426.8 419.6 410.8 403.2 396.4 387.4 373.9 364.1 358 344.9 332.5 329.2 333.9 335 345.9 353.9 358.2 359.3 357.9 357 356.9 355.8 344.1 346.2 360.1 373.6 385.1 400.9 414 424.3 442.6 453.7 445.1 435.9 457.9 478 496.1 511.3 525.9 533.9 541.7 539.1 542.8 550.1 557.1 565.7 572.3 575.8 582.2 568.4 565 558.5 552.2
491.9 493.8 498 502.2 507.8 512.6 516.1 518.8 521.2 520.4 521 522 523.4 523.6 524.4 524 521.2 518.2 517.8 514.4 509 501 495.2 485.1 471 462.9 452 443.1 432.1 420.6 412.4 401.2 386.6 380.9 371.8 363.2 346.5 332.9 326 324.4 327.9 332.4 337.1 342.8 343.4 342.3 342.9 341.5 327.8 337.7 342.8 348.5 356 363 372.3 395.3 417.4 426.9 419.7 440.3 461.2 480.1 496.1 513.1 521.6 530.9 534.7 536.6 539.5 546.6 553.1 563.4 571.8 576.5 574.4 563.2 557.3 550.1 546.9
485.4 487.7 492.1 497.1 504.5 508.2 511.5 515 516.6 517.9 519.4 521 523.8 524.9 525.3 524.8 522.6 524.1 523.2 518.9 516.1 512.8 504.4 498.3 492.2 484.4 474.9 458 450.9 441.2 431.9 419.8 412.4 404.2 392.5 377.6 359.7 346.7 340.5 334.2 327.9 323.9 320.3 319.5 320.9 324 326.6 326.6 321.5 325 340.5 356.5 368.9 380.2 390.5 383.9 398.5 405.8 408.2 427.2 452.2 473.4 495.3 511.3 523.3 526.9 528.6 531.3 535.9 541.2 546.1 557.7 565.6 564.2 565.6 555.8 550.6 544.9 542.5
479.1 481.8 484.4 490.6 497.3 501.3 506.4 508.9 511.2 513.4 515.9 519.2 521.1 521.6 522.6 522.5 521.7 522.7 522.9 521.5 519.8 516.5 510.9 504.1 498.9 493.4 486.7 476.7 468.9 463.2 452.7 444.5 433.3 422.5 410.9 402.8 388.6 374.8 363.6 357.7 348.4 343 331.9 325.1 316.1 311.2 315.3 318.5 315.6 333.7 349.4 364.2 382.3 398.3 411.4 414.1 411.3 419.2 434.1 447.3 453.6 447 488.8 507.8 520.6 523.7 524 528.8 533.4 536.4 545.2 551.8 553.3 553 556.1 554.2 547.7 543.8 542.9
466.8 470.3 476 484.3 488.5 495.2 498.6 502.3 503.6 506.1 510.1 512.9 514 515.2 517.4 519.4 519.7 521 521.9 521.4 521.2 519.6 515.3 511.4 504 500 495.9 489 482 475.3 468 462.5 452.2 442.9 427.4 423.6 410.1 401.1 389.2 381.6 374.6 366.8 354.8 345 329 323.6 309.1 311.1 321.9 335.6 351.8 370.7 392.1 413.8 431 439.6 443.1 447.3 456.7 468.1 477.4 482.5 480.1 494.2 501.2 510.5 515.8 524.1 529.3 534.2 540.3 544.4 549 553.6 553.7 551.2 547.7 546.8 544.1
459.5 463.8 470.2 475.2 482.1 487.8 490.2 490.1 493.1 497.3 502.5 504.5 505.6 506.7 509.1 512 515 518 520.2 521.5 521.3 520.4 518.4 514.1 510.5 508.6 505.5 498.4 489.5 484 479.1 472.6 466.5 459.7 449.7 436.5 424.3 413.6 406.5 399.5 390.4 380.6 369 358.1 344.9 328.4 311.6 305.2 322.6 336.6 353.4 375.7 399.5 426.8 447.4 460.9 467.4 472 481.8 486.2 492.5 499 501.3 495.7 494.8 507 510.6 517.4 525.7 529.6 532.3 536.8 543.1 549.1 552.4 553.6 552.9 550.1 545.8
454.5 457.7 460.3 465.8 473 479.1 480.1 480.9 481.6 485.4 490.9 495.8 494.7 494.5 499.1 503.8 508.1 513.2 515.9 519 521.4 522.5 521.1 519.2 516.9 513.2 509.3 502.7 497.2 492.6 488.5 483.2 476.8 472 462.8 453.5 441.3 426.9 416.4 408.5 395.9 378.6 366.6 356.4 339.4 321.8 311.3 304.1 322.7 337.9 355.8 378.6 406.2 436.2 460.2 473 480.6 489.9 496.7 503.9 507 502.5 507.2 508.8 510.1 504.5 505 511.7 520.7 525.6 528 531.3 538.2 544.8 547.1 551.7 553.4 552.8 551.6
451.5 451.5 452.8 454.9 457.5 463.9 468.8 468.5 470.1 475.9 480.8 482.7 482.1 484.1 487.3 491.7 497.2 503.3 506.7 511.4 519.9 522.6 521.9 521.9 520.9 518 512.9 506.4 502.5 500 496.6 492.6 486.4 482.5 476.7 465.5 459.1 445.7 428.6 413.1 402.3 379.1 360.5 344.7 330.7 317.5 307 299.6 319.1 338.4 358.6 382.1 410.4 442.3 468.2 481.6 490.2 495.7 500.6 507.8 510.8 507.5 508.3 509 508.9 510.1 510.9 513.8 519.7 520.3 523.7 530.8 537.6 542.8 545.9 550.5 552.7 553.8 553.3
449.5 448.3 445.4 445.5 449.3 451.7 455.4 457.2 460.6 466.8 471.5 472 470.4 473.7 475.3 480.5 486.4 494.8 502.2 507.8 513.4 516.6 519.8 520.7 520.1 518.3 515.3 509 506.4 504 501.2 499 495.7 491.2 485.1 477 470.1 457.9 441.7 421.4 407.5 371.4 351.8 339.4 328.8 316.3 304.4 295.3 318.1 336.3 357.4 383.5 408.8 442.3 469.4 485.7 492.2 493.3 498.4 501.9 501.8 502.7 501.1 505.2 507.1 509.8 510.6 515.1 521 525.5 533.9 534.5 537 545 549.2 552.1 554.1 555.8 556.7
452.4 450.1 449.9 446.7 444.8 443.7 444.3 448 451.8 457.8 459.2 460.6 461 462.5 463.3 467.4 473.2 482.2 491 499.5 506.6 510.6 517 518.8 518.4 517.5 515.3 512 510.6 507.4 503.9 502.3 500.1 496.5 492.2 484.6 477.2 465.6 448.9 425.6 409.3 371.9 342.7 334.8 326.8 314.3 299.6 295.8 312.6 331.9 354.8 381.5 410.9 442.3 470.1 483.6 485.3 486.9 492.8 496.8 497 496.8 498.8 499.2 501.1 501.6 505.6 514.3 520.7 525.3 534.3 537.4 538.9 542.4 547.8 555.5 559.6 559.7 560
454 453.2 451.9 450.2 448.4 446.6 445.5 441.3 441 443.4 447.3 449.5 450.9 452.7 454.6 455.6 463 468.7 478.6 486.4 494.4 504.7 512.3 515.7 515 512.8 511.3 511.2 511.5 508.3 506.1 504.8 501.8 498.1 494.3 487.3 480.9 468.3 452 426.3 393.3 360.7 342.7 332.4 321.3 308.1 296.9 294.5 309.6 331.1 349.6 374.2 413.5 442.7 466.5 473.6 477.5 482.9 486.5 488.8 490.9 491.8 496.7 496.9 496.9 497 507.2 515.7 521.1 525.8 533.3 538.2 539.6 542.9 550 558.7 566.3 569.9 572.5
462.1 456 454.9 453.1 453.3 452.6 451.6 447.4 442.9 441.1 439 437.4 440.2 446.5 446.5 447.3 451.6 455.3 462.7 472.1 484.9 494.4 504 507.5 508.2 508 507.6 508.6 508.1 507.6 506 504.8 502.7 500.7 497.6 493.2 486.8 471.7 448 422.1 391.9 365 351 332.5 318.3 305.1 295.5 290.8 307.3 322.9 344 372.1 407 442.6 461.3 466.9 471.4 475.2 479.4 479.3 482.4 484.7 488 491 492.3 494.7 505.7 515.1 520.6 523.5 531.1 537.9 544.2 546.7 552.6 565.5 570.7 571.7 574.7
464.7 461.3 461 464.4 465.7 464.4 459.9 452 447.2 444.1 441.5 439.1 435.7 435.3 436.9 438.5 439.4 440.1 444 457.7 471.1 483.2 495 498.4 499.8 499.9 502.5 503.8 504.4 504.7 505.5 506 503.4 502.6 500.4 496.6 491.3 482.2 465.1 444.9 405.7 374.5 358.6 335.3 316.8 305.8 292.7 287.1 302.3 318.5 336.4 364.1 400 436.1 457.4 461.6 464.7 465.9 468.7 469.6 471.7 475.3 482.9 487.3 491.1 495.6 505.1 514.6 519.2 524 528.8 536.9 546.4 549.5 557.5 568.3 575.8 577.5 578
473.1 471.3 471.8 473.4 474.3 471.7 466.9 458.6 451.6 446.7 444 440.8 439.7 438.9 439.6 432.9 428.3 427.8 428.5 438.4 453.1 465.5 480.8 487.5 489.6 491.9 492.5 495 501.2 502.6 504.6 505.5 503.9 503.6 502.2 499.2 494.9 487.6 472.2 447.9 407.9 380.5 358.2 337.5 321 305.3 290.8 282.2 297.6 309 325.9 352.8 391.4 418 452.4 455.7 455 455.3 448.3 460.5 475.3 484.2 489.3 492.3 493.9 498 508 514.9 521.8 530 533.3 540.1 548.4 552 562.9 569.4 573.6 579.2 582.4
482.9 480.8 480.4 481.1 481.7 479.6 471.4 462.9 455.8 455.1 454.4 446.5 442.9 446.9 443.8 440.7 435 432.6 430.5 423.1 431.8 445.1 458.9 469.6 473 477.7 481.3 485.6 493.4 497.1 501.4 503.4 503.5 503.7 502.9 500.8 496.9 490.4 472.4 444.7 408.6 378.5 353.7 342.2 326.3 308.4 284.9 284.7 292.5 304 321.2 346.5 375.5 404.5 444.1 439.6 435.9 426.5 448.4 469.8 485.6 491 495.5 499.4 502.5 507.7 513.2 520.6 523.3 531.6 538.1 543.2 550.4 557 567 572.8 575.6 581 584.1
486.3 486.8 488.6 490.2 490.3 485.3 477.9 475.2 469.9 464.2 459.4 452.7 450.2 450.7 454.7 452.1 447.9 448.5 444.9 431.1 417.4 420.8 428.3 438.9 451.1 459.2 465.8 473.3 483 488.3 492.8 497.1 498.9 500.8 501.4 500.7 495.9 488 467 444.1 402 374.1 351.4 343.5 333.6 313.9 289.3 275.2 284.5 296.6 315.7 335.1 356.9 384.9 412.3 418 405.4 428.5 452.5 478.4 491.6 497.2 501.3 505.7 508.7 511.8 519.7 525.6 533 537.9 542.2 544.9 549.6 560 569 577.4 581.1 583.2 584.2
491.2 492 493.7 496.6 496.8 493 488.9 489.2 483 476.2 465.4 457.8 456.5 458.3 461 457.9 457.8 458.4 456.2 435.9 426.3 417.6 409.2 410.4 419.4 433.3 440.5 454.3 471 481 487 492.5 496.1 498 500.2 498.1 491.7 478.3 452.5 428.7 396.9 370.4 351.9 344.4 335.6 324.1 307.9 279.8 273.5 287.2 303.8 317 336 370.1 389.7 382.8 404.4 429.4 456.1 482.2 493.5 496.5 504.5 512.2 513.8 518.2 529.5 538.8 539.7 541.3 547.6 549.7 551.7 557.5 571.3 578.9 583 587.5 586.4
496.3 496.5 498.5 501.3 501.6 500 501.4 499.6 493.3 484.8 467.5 468.1 472.7 470.8 468 467.8 466.5 468 459.9 441.6 431.9 424 413.4 399 395.9 403.5 417.2 430.6 448.4 466.8 477.8 484 487.7 492.3 493 488.8 482.3 458.4 436.1 416.7 394.4 368.5 351.3 344.8 340.6 335.1 321.9 296 266.2 275.4 284.6 297.7 316 344.3 361.6 376.1 406.1 432 459.2 481.2 487.8 496.3 508.5 514.2 518.6 526.6 534.5 538.2 540.1 543.2 549.4 553.6 556.1 563 571.3 579.3 586.8 585.9 583.8
