WholeMapElevations/data/nj/nj24_OST50GRID_20230518/NJ24.asc
ncols 200
nrows 200
xllcorner 320000
yllcorner 840000
cellsize 50
[rows 0 to 34 of 200, columns 79 to 157 of 200]
323.8 323.7 323.2 323.9 324.4 324.4 322.7 318.3 313.1 307.3 303.8 299.1 294.9 290 283.7 277.3 271.8 265.7 261 255.1 249.1 243.7 240 235.5 230.9 226.2 221.8 217.7 212.8 208 204 202.2 200.3 197.2 193.2 188 182.7 178.7 174.4 170.1 163.1 162.1 164.8 166.3 166.7 166.9 168.4 168.9 168.4 168.2 167.2 165.3 160.2 153.9 147.4 139.6 131.9 128.7 124.7 119 118.4 118.6 111.8 104.6 104.5 105 104 101.2 99.8 99.5 99.2 98.6 94 87.2 79.7 71.3 69.1 68.3 67.4
318.8 318.7 318.3 319.2 319.6 320.2 322.1 320.6 316.7 313.5 311 308 304.2 297.6 291.5 283.9 277.5 272 266.6 261.8 254.5 249.8 245.7 240.7 236.1 230.3 225.9 220.6 214.6 210.2 205.6 203.7 201.1 197 192.4 187.2 183.2 179.5 175.3 170.9 167.1 161.4 148.6 156 164.3 164.4 165.2 166.2 166.2 167.1 167.4 165.7 161.8 156 150.6 143.3 136 130.8 127.2 118.9 117.7 116.4 110.2 105.4 105.2 105.4 105.2 102.5 101.3 99.9 99.6 99.4 96.5 90.2 82.4 71.1 69.4 68.1 68.4
313.9 313.7 313.4 314.5 314.8 315.8 318.3 319.6 318.3 317 315.3 314.1 312.3 307.2 298.4 292.3 285.4 279.1 273.1 267.2 261.3 256.7 252.3 247.4 241.5 235.7 229.2 223.2 217.5 213.4 208.6 204.7 200.7 196.6 191.6 187.7 184 180.2 176.3 171.8 168.3 163.4 158.9 145.7 155 160.3 162.4 164 164.5 166.2 166.8 166.6 161.4 157.2 152.8 147.2 140.3 132.3 127.8 122.8 117.7 117.3 109.4 106.3 105.7 105.6 105.4 103.8 102.4 100.7 100.2 99.6 98 94 85.7 69.8 68.2 68 68.1
308.9 308.8 308.8 309.6 309.9 311.4 314.6 316.7 317.8 316.3 313.6 311.6 310.5 313.8 307.7 300.5 291.3 284.6 278.7 273.6 268.5 264.1 259.5 253.5 247.8 242.4 234.2 228.1 220.5 216.6 211.7 206 201.3 196.4 192.6 188.8 184.9 181 177.2 172.6 170.1 166.7 162.5 149.1 143.4 153.5 160.4 161.9 163.4 165.1 166.2 165.3 161.1 157.5 153.2 148.3 141.8 133.7 128.3 124.1 118.5 117.7 113.3 106.2 105.7 106.2 105.6 103.8 102.8 101.9 100.7 99.9 97.4 91.7 84.8 71.5 68.5 69.3 69
303.7 303.5 304.3 304.8 305.1 305.5 308.2 310.5 311.8 310.7 308.5 306.4 309.1 312.6 313 309.3 300 291.4 284.4 278.9 274.4 271.2 266.1 260 254.3 248.1 240.9 232.9 224.2 220 214.7 208.9 202.9 198.1 193.8 189.9 186.1 182.1 178 173.2 170.6 168.1 164.1 159.9 147.6 140.9 149.2 159.2 161.4 163.8 165.4 163.3 160.1 157.2 153.5 147.8 141.4 133.7 128.2 124 119.5 118.6 115.1 107.3 105.9 106 106.2 104 102.9 102.1 101.3 99.6 97.2 89.9 83.5 76.6 69.5 68.2 70.7
298.9 299.4 299.3 300 300.1 300.3 301.9 304.4 305.9 305.5 303.3 304.1 307.7 310 310.6 310.5 307.3 298.5 291.1 284.6 280.8 276.7 271.6 266.9 260.4 252.5 245.3 237 227.8 223.2 217 211 205.5 199.4 195.2 190.5 187 183 178.5 174.3 171.3 168.7 166.1 162.5 157.5 145.5 136.8 150 159.2 161.8 163.4 162.1 159.4 156.2 152.2 146.6 140 133.7 127.8 125.4 120.1 119.1 116.5 108.5 106.3 105.9 105.8 104.4 102.9 102.2 101.5 99.4 97.1 88 81.7 76.7 69.1 67.5 70.9
294.4 293.7 294 294.8 295.4 296.3 297.4 298.8 300 299.7 299.4 302.3 304.3 305.7 305.8 308.9 307 304.7 296.7 290.3 285.2 281.2 277.3 272.3 265.9 258 250.2 240.6 231.8 225.8 220.1 213.1 207.7 201.6 196 192.1 188.4 182.9 179.6 174.8 170.6 167.5 165 162.4 158.9 154.9 135.7 140.5 154.8 160.3 160.7 160.2 157.9 154.2 149.9 145.3 139.7 133.5 127.5 125.2 119.4 116.3 114.3 108.7 106.1 106 102.7 103.3 102.2 102.6 101.9 97.9 94.9 87.2 80.1 71.9 70.1 68.8 70
289.2 289.4 290 290.6 291.3 292.6 293.6 294.6 295.1 295.2 297.1 298.7 300.2 300.2 303.1 306.8 305.4 306.1 301.4 295.4 290.6 286.4 281.6 276.8 271.2 262.3 254.8 246 237.4 230.1 223.3 215.9 210 204.4 198.2 193.6 188 183.8 180.4 176.1 171.1 168.2 166.4 164.2 162.1 159.4 147.6 126.3 127.6 148.5 158.2 158.3 156.2 152 147.1 142.6 137.6 132 126.6 125.1 116.8 106.2 97.4 90.3 87.3 86 82.5 84.4 97 96.3 98.9 94.1 89.7 81.8 78.2 72.9 69.9 69.8 68.3
284.5 284.8 285.9 286.4 287 288.2 289.3 290.3 291 291.4 293.3 294.4 295.9 296.8 300.4 304.1 304.8 305.8 303 300.3 296.8 293.2 286.9 281.3 274.6 268.2 260.1 251.9 243.2 235.9 227.4 220 212.8 207.3 201.5 194.4 188.4 184.6 180.9 176.7 172.1 169.2 167.2 164.7 161.4 158.3 152.3 149.3 127.4 139.1 154.4 156.7 154.4 149.8 145.2 140.6 135 131.2 123.4 115.5 106.3 91.4 89.9 87 87.2 87 86.1 82.6 79.3 81.6 84.6 83.7 76.3 75.7 71.7 72 70.4 70 68.5
279.7 280.3 280.5 282.1 282.3 283.7 285.8 285.8 286.6 288.1 289.7 290.1 291.1 294.1 297.7 301.3 305.8 305.1 303.9 302.8 301.4 299.7 294.1 285.1 278.9 272.4 263.2 255.2 249 240.3 232.7 225 217.1 210.5 202.8 195.9 189.4 185.1 181.2 177.4 173.3 169.3 166.7 163.3 159.9 159.7 158.1 154.1 133 121.8 135.3 142.8 143.8 145.8 141 137.9 130.6 118.4 105.8 110.3 110 100.2 98.3 103.1 98.4 97.5 95.4 90.3 83.9 78.8 77.4 76.5 74.8 73.8 71.9 71 70.9 70.6 69.9
276 276.6 276.8 276.5 277.1 278.3 279.5 281.6 283 284.7 285.5 285.8 285.9 289.2 291.6 295.4 299.9 302.2 303.4 303.3 303.1 302.3 301.4 295.1 280.3 276.4 270.3 259.6 251.3 244.1 236.4 229 220.9 212.7 205.9 198.8 192.6 187.8 182.9 178.6 174.6 170.2 165.1 164 163.4 163.3 163.7 159.1 152.5 129.2 116.7 118.4 117.7 121.4 114.5 111.5 107 104.3 104.6 117.6 112.1 112.5 115.1 112.9 105.9 106.4 102 98.1 92.6 88.5 85.9 86.2 85.7 81.9 76.7 71.8 70.4 69.7 69.9
272.7 273 273.7 272.7 272.2 273.2 274 275.3 277 280.1 280.9 280.6 281.3 281.9 285.3 287.9 291.6 295.4 300.1 302.9 302.4 301.9 301.9 300.9 293.3 286.2 272.3 266 257.8 249.9 240.1 232.5 224 214.7 207.6 200.5 194.7 189.5 183.9 181 173.7 169.5 166.7 163.9 163.6 166.6 165.6 159.4 155.7 154.5 141.4 129.7 122 114 112.6 112.2 111.3 114.8 122.9 117.8 119.4 120 119.4 118.4 111.9 107.3 106.6 102.5 99.4 96.5 95.7 94.7 94.5 88.8 76.8 70 70 70 70
269.8 269.6 270.1 268.8 268.7 268.6 269.2 270 271.1 273.7 277.4 276.1 274.7 275.8 277.5 280 283.9 288.3 294.5 300.2 300.8 300.2 301 302.7 299.8 294.3 283.1 271.1 263.7 254.8 243.6 234.9 226.4 218.8 210.8 202.3 196.5 189.3 183.4 180.7 173.7 169.1 166.2 164.4 163.6 164.5 163.9 159.4 158.5 155.5 153 151.1 144.9 136.7 143.1 136.9 131.5 129 128.3 120.7 121 120.1 119.4 118.9 114.9 108.3 107.4 105.1 100.7 96.5 94.9 94 93.9 87.7 78.3 70.8 70.2 70 69.5
266.9 266.4 266 266.1 265.3 265.1 265 265.4 266.3 268 270.9 272.5 272.1 272 273.1 275 277.6 281.6 287.4 294.1 298.4 299.7 301.3 301.8 301.6 297 292.3 283.4 269 258.5 248.5 237.3 226.5 220.4 212.9 205.9 197.7 190.6 183.8 179.5 174.5 169.8 166.4 163.5 162.5 163.4 163.1 162.2 160.4 155.8 154 151.3 148.1 143.9 142.2 136.2 130.9 128 123.8 121.5 120.9 120.5 119.9 119.1 118.1 107.7 106.5 105.6 101.1 96 94.7 93.9 93.1 90.1 77.8 71.3 71.6 70.3 69.9
263.9 263.5 262.9 262.4 262.7 262.8 261.9 261.2 261.4 262.1 264.4 266 267.4 266.5 266.9 269.8 272.5 275.6 279.8 287.3 293.3 298.9 299.8 300.6 302.2 299.7 295.4 287.6 279.3 259.6 252.9 241.7 229.3 220.6 214.6 208.4 199.6 191.9 186.1 179.2 175.6 171.1 166.7 163.8 161 157.9 155.2 153.3 151.9 150 150.9 148.8 144.7 140.8 137.3 133.9 130.4 126.7 123.5 122.1 121.2 121.4 121.2 116.4 107.9 101.6 103 104.4 100.7 95.5 94.4 93.4 93.2 92.1 78.8 72.4 71.3 70.6 68.8
261.8 260.5 259.9 259.6 259.6 259 258 257.9 257.2 258 258.4 259 260.7 260.8 261.2 262.8 265.2 269.2 273.7 279.5 285.5 292.3 298.9 299.5 299.4 299.1 296.1 290.8 282.4 267.8 261.9 246.9 233.1 223.8 215.7 208 201.5 193.3 185.7 180.5 175.7 171.8 168.3 164.8 162.3 162.7 162.3 159.4 158.1 153.3 148.9 143.5 141 138.1 135.7 133.1 131.6 127 123.7 124.4 122 117.7 114.4 98.8 91.6 86.7 83.8 90.5 94.2 91.1 94.3 93.5 93.4 91.6 74 71.8 69 70.3 70
257.7 256.8 256.3 256 255.1 255.4 254.7 253.8 254.1 253 253 254 255.6 256.9 257 257.4 259.8 262.5 267 273 278.2 282.2 289.2 292.5 295.4 294.9 292.5 289 283.4 275.9 266.8 251.9 236.5 225 216.9 209.5 203.3 194.8 187.4 180.7 175.6 171.1 168.7 166.7 166 165.7 162.3 158.8 156.6 152.4 149.2 144.4 140.2 137.8 136.1 134.3 132.4 127.2 123.1 124.1 119 111.3 103.5 84 82.6 82.4 80.3 79.6 78.5 79 83.8 90.9 81.6 73.9 73 71 71.8 71.6 70.3
255.5 253.4 252.5 252.8 251.5 251.5 250.6 249.2 250 249.8 249.4 251.6 251.6 252.1 252.1 253 255.4 257.2 260.2 266.4 272.5 276.6 280.6 284.9 288.2 290.1 291.1 287.8 284.2 276.5 269 258.4 244.8 228.1 216.1 211.3 204.4 196.5 188.3 181.7 175.1 171.5 169.5 167.7 167.4 165.3 161.1 158 155.2 152.1 148.8 144.4 140.2 138.2 133.3 134.3 132.8 128.2 115.9 103.7 100 95.3 91.3 83.1 81.7 81.3 79.2 79.7 77 76.6 76.6 75.7 73.8 72.1 73.9 73.6 72.5 71.4 70.5
252.8 250.4 249.5 248.7 247.9 247.7 246.6 246.5 245.1 246.3 246.3 246.9 246.9 247.2 247.1 248 250.8 253.5 255.6 259.8 265.6 269.4 273.4 277 280.3 283.4 284.6 283.2 279.5 275.5 267.9 260.5 249 235.5 223.5 209 202.2 197.4 188.5 181.1 176.3 171.4 169.8 167.7 167.6 164.6 157.2 156.9 154.7 152.4 146.5 138.1 120.8 125 115 127.6 120.7 109.3 93.7 83.7 82.8 84.4 84.1 80.3 80.1 83.9 86.6 88 86.2 80.4 76.6 75.5 74.9 73.8 73.8 73.3 72.1 71.7 70
249.7 246.9 246.6 245.5 245 244 242.4 242 242.3 241.9 242.5 242.4 241.6 241.5 242.2 242.8 243.5 247.5 251.6 255.7 259.8 261.9 265.7 269.1 272.5 275.4 277.9 277.9 275.9 273.7 267.2 259.5 250.5 238.2 226.2 212.7 201 194.3 187.5 181.1 175.3 170.6 169 164.3 167 163.4 143 134.6 134.4 141.1 135.2 116 102.8 100.7 106 105.4 93.8 90.3 86.4 86.8 87 85.9 84.8 84.4 93.4 104.7 104.1 105 99.1 96.7 90.5 88.1 78.3 75.6 74.6 72.6 71.5 71 69.1
246.6 245.4 243.6 242.5 241.9 240.8 239.5 238.2 237.1 236.2 237.3 238.3 237.2 237.2 237.8 236.9 237.9 241.4 245.4 249.3 253.1 255.2 257.2 261.5 264.5 267 271 272.2 271.4 269.4 266.1 259.9 251.7 239.5 227.6 215.6 203.5 195.7 187.4 181 175.7 171 166.2 163.7 147.4 139.5 119.4 109.6 108.7 122.6 122.7 102.8 93 92.9 92.1 91.5 90.4 85.8 85.8 89.7 87.8 87.3 86.9 90.9 107.3 117.7 112.5 108.5 101.6 97 95.4 94.4 93 91.6 91.3 74 70.9 69.9 69.2
242.7 242.6 240.6 239.9 239.1 238.1 236.8 235.5 234.2 231.9 230.7 232.1 232.2 232.5 233.6 231.8 233.6 235.9 239.2 242.5 244.9 248.2 252.1 254.2 256.2 258.7 262.6 264.9 266.8 265.6 263.4 259.2 249.5 241.1 230.2 216.2 201.6 195.9 189 181.8 177.9 177.4 168 148.8 135.4 120.8 102.1 98.4 99.6 95.8 98.2 94.7 92.9 94 91.6 87.8 87.9 88.7 95 106.5 101.6 95.1 101.3 107.3 115.8 119.3 115.3 109.2 103.1 97 95.1 94.1 93.1 91.1 82.1 69.9 69.2 69.5 68.4
239.1 239.2 238.4 236.9 235.8 235 234 232.7 230.6 229.4 227.8 226.9 226.2 226.7 228.4 227.7 228.4 229.9 233 236 239.9 241.7 245.4 248.6 251 251.6 254.5 257 259.2 259.9 257.8 254.7 248 239.8 229.8 218.3 203.7 194.9 188.1 180 178.9 179 159.6 133.5 111.2 100.5 99.6 99.8 99.8 99.1 97.8 96.5 100.4 108.6 104.5 100 99.6 107.9 117.8 121.9 122.7 119.2 117.5 123.4 122.7 120.2 114.5 109.4 102.7 97.6 95.1 94.2 93.3 89.2 74 68.4 68.2 67.5 67.5
235.1 235.3 235.1 234.3 233.4 232.1 230.7 229.7 228.3 226.8 225.1 224.3 223.1 222.9 222.2 222 224.1 225.9 227.1 229.4 233.2 236.8 239.1 242.5 244.8 245.3 246.9 249.3 251.5 253.1 252.6 250.5 246.1 238.2 229.4 218.2 205.4 194 186.7 180.3 172.4 163.2 147.1 123.8 102.8 110 111.4 106.1 101.9 106.2 106.6 109 113.6 127.6 129 119.6 119.8 130.9 131.9 131.2 130.6 129.6 123.9 121.7 121.3 119.7 115 110.2 103.2 99 96.1 94.4 92.5 89.4 74.8 68.4 67.4 67.7 67.6
231.3 231.6 232.2 232.2 230.6 229.5 228.8 227.2 225.4 224.7 222.1 220.3 220 219.3 218.9 219.3 220.3 221.2 222.7 225.6 228.1 231 232.9 236.7 238.3 239.8 240.8 241 243.1 247.1 247.8 246.6 242.4 235.1 227.8 219.2 206.5 195.6 187.5 184.6 168.7 158.4 138.6 113.1 109.4 133.1 139.1 124.5 120.4 121 124 125 129.1 142.3 141.4 137.4 137 138.5 138.3 135.8 131.5 129.1 127.7 122.6 119.1 117.1 113.4 109.5 105.4 100.1 96.1 94.8 93.1 88.7 79.1 67.1 67 67.2 66.9
227.7 228.4 229.2 229.5 228.2 228 226.9 225.3 223.4 221.5 220.1 218.3 216.9 215.5 215.3 216.6 217.1 218.3 219.5 220.2 223.2 225.8 228.4 231.8 232.1 233.6 235.7 234.9 237.6 240.6 242.1 242.3 239.3 233 226.4 217.5 206.9 195.5 185.7 181.6 161.5 145.2 125.9 105.9 122.9 151.7 170 151.6 141.6 134.3 135.6 142.2 144.8 147.1 146 144.3 143.3 142.2 141.4 138 133.5 129.4 126.4 124 122.4 120.7 117.6 114.2 108.4 101.6 97 94.7 93.6 89.2 79.9 67 66.6 66.6 66.7
224.7 225.6 226.5 226.7 226.2 225.4 224.3 222.6 221.1 219.2 217.4 215.6 213.9 212.5 213.1 212.9 213.2 215.8 215.7 215.6 217.6 221.1 224.4 226.8 226.8 228.1 228.7 230.1 231 234.3 236.2 235.1 232.6 229.8 223.8 215.6 204.8 194.5 181.4 169.9 161.4 136.9 112.3 110.4 134.6 160.9 172.4 166.5 156.6 150.1 149.7 150.6 151.8 150.5 149.6 147.9 147.1 147.5 146.1 141.9 135.4 131.5 128.9 126.5 125.2 122.9 120.4 117.2 110.2 102.8 99.1 95.2 93.8 89.5 81.1 67.4 66.1 67.1 66.4
220.8 223.1 224.4 224.6 223.5 222.5 221.7 219.9 218.6 217.1 214.8 213.3 211.4 209.6 209.9 209.6 211.4 211.5 211.8 212.1 214.6 216 219.8 220.4 220.9 221.2 222.1 224.5 226.1 229.4 230 227.9 225.6 223.6 220.2 213.3 202.4 190.8 175.3 166.7 151.2 127.4 110.4 119.9 143.2 165.5 173 169.9 166 162.9 160 159.1 156.8 154.7 153.8 152.7 155.7 157.6 152.7 146.1 137.7 133.6 131 127.6 125.4 122.8 119.2 114.4 109.6 104.6 100.4 95.6 94.2 89.3 78.4 66.3 66.1 66.3 67.2
217.3 220.2 221.4 222.4 221.1 220.2 219.1 217.6 215.6 213.2 212.8 210.2 208.4 206.7 206.5 206 206.6 207.3 207.6 208.5 209.4 211.8 214.5 215.6 216.5 216.7 217.8 219.7 221.4 223 223.5 222.4 220 218.3 213 207.5 195.9 183.6 169.5 151.1 135.5 115.6 109.4 126.8 146.4 168.2 175.7 173.4 169.5 168.2 165 163.6 161.6 159.2 161.6 168.7 168.2 165.7 160.6 150.5 141.1 135.7 131.7 127.7 125.1 121.4 118.1 113.3 109.6 104.9 101.5 97.1 94.4 89.3 76.4 65.8 65.9 66.1 66.3
215.5 217.5 219.2 220 219.1 218.4 216.4 214.8 212.9 211.6 209.3 203.7 205.6 203.9 203 202.1 202.2 202.9 203.3 202.8 203.9 206.3 209.2 210.9 211.8 211.4 212.1 215 216.3 217.3 217.5 216.7 215.2 213.7 206.2 197.8 184.2 176.3 167.4 142.7 119.5 111 115.8 134.9 154.7 169.3 179.5 177.3 175 173.1 170.9 169.5 168.8 173.4 180.8 183.3 178.7 171.8 164.5 156.6 145.5 136.1 131.5 127 124.3 121.5 117 112.7 109 105 102.1 98 94.5 86.3 71.3 65.8 66.5 66.8 67.1
211.5 215.3 216.7 217.5 216.7 215.2 214.2 212.2 209.6 209.2 206.3 204 201.5 202.3 200 197.2 196.8 197.1 198.9 198.4 200.1 202.1 204.9 203.7 201.4 201.4 204.7 207.5 210.2 211.3 211.2 212.3 211.3 207.5 199.4 190 180.5 172.8 153 130.9 115.7 113.2 120.6 130.8 158 178.7 182.3 183.1 180.7 178.8 177.6 176.1 178.3 186.8 191.8 191.8 184.4 176.3 169.5 161 149.7 137.5 131.4 127 124.1 120.4 116.8 113.4 109.5 104.9 101.7 97.9 95 82.5 71.3 68.2 66.3 66.9 67.5
200.7 202.5 213.2 215.4 213.8 212.7 211.5 210.4 207.8 206.6 203.4 198.1 199.2 199.7 195.3 190.6 189.7 187.7 193.1 192.1 198.2 197.9 193.7 187.8 187.2 188.1 190.9 197.3 201.5 203.1 203.4 203.3 204.6 202.5 193.1 182.9 176.3 163.7 143.5 118 118 135.3 144.8 127.2 163 183.4 191.7 191.8 188.4 186.4 186.4 186.6 190.5 197 202.2 196.7 190.2 182.1 175.5 163.6 153.7 140.6 133.2 128.7 124.3 121.2 119.6 114.2 109.9 105.3 101.7 97.2 92.6 78.7 71.9 68.2 66.9 67 67
202.9 200.3 200.4 201.4 207.4 209.8 209.1 208.5 206.5 204.4 198.2 196.7 198.9 194 190.8 187.5 183.5 178.2 181.9 184 188.8 181.1 173.4 168.8 169.5 169.1 170.8 175.9 185.1 190.9 191.9 190 194.8 195.3 185.1 177.5 170.4 153.8 131 120.7 129.8 141.8 145.2 148.6 174.9 189.2 199.2 199 196 194.9 194.9 196.3 201.4 208.9 207.9 201.7 195.5 187.1 177.7 167.8 155 144.3 135.8 130.8 126.8 123.1 121 115 109.4 105.7 101 96.5 90.2 80.8 72.5 67.3 67.2 66.4 66.3
207.8 204.8 199.5 199.4 196.3 207.2 208 206.6 205 203.8 201.3 191.4 186 183.2 183.2 181.2 170.3 173.1 164.6 173.5 173.7 164.7 154.7 149.6 149.4 148.5 145.5 158.9 167.4 173.9 176.7 175.4 181.5 177.1 176.8 168.5 153.2 140.6 128.6 125.1 136.6 146.7 147.9 163.9 182.5 193.8 199.1 201.3 202 202.9 203.3 206.9 212.5 216.2 211.9 206.6 199.8 192.3 182.7 172 159.8 147.9 138.1 132.7 128.3 124.9 120.9 115.3 110.7 107.5 101.2 95.7 95 84.7 70.6 67.7 67.2 66 66.7
209.3 207 204.1 201.5 198.2 206 207.2 205.7 203.1 202.2 197.5 194.6 180.2 174.2 172.7 171.9 166.3 165.9 166.2 156.7 155.1 152.1 160.7 174.7 166 163.5 157.4 141.7 151.6 156.4 158.6 150.4 148.4 144.9 149.6 152.4 139.7 129.2 132.6 135.8 154.7 163 170 181 185.2 195.2 200.3 204.5 207.9 210 212.1 215.5 220.5 220.3 216.4 211.1 203.4 195.9 185.1 176.1 162.1 152.1 142.8 137.1 133.1 128.2 123.5 119.2 114.2 106.9 100.6 95.3 92.5 83.3 73.2 69.1 66.1 66.8 67.1
