WholeMapElevations/data/nn/nn14_OST50GRID_20230518/NN14.asc
ncols 200
nrows 200
xllcorner 210000
yllcorner 740000
cellsize 50
[rows 105 to 139 of 200, columns 80 to 159 of 200]
228.9 214.7 209.5 224.7 234.1 245.6 258.3 270.4 281.8 294.9 311 329.8 353 374.6 398 424.8 451.6 480.8 512.8 543.5 575 611.1 646.6 682.8 716.8 752.2 783.9 804.7 824.2 841 852.1 857.2 861.2 865.3 865.1 866.8 873.8 875.4 881.4 885.8 886.5 896.6 906.6 912.4 922.3 933.5 943.3 952.9 964 976.1 986.4 999 998.5 949.5 904.7 882.8 867.2 853 841.3 832.4 826.2 801 763.9 743.2 739.1 738.1 747.2 760.5 759.8 765 767.8 767.6 770.1 772.3 774.5 774.4 775.6 776.9 779.9 762.5
247.2 235.2 230 225.9 235.5 246.5 254.1 266.8 277.7 291.6 306 324.3 345.5 367.3 389.5 414.6 442.3 472 500.7 530 561.6 596.1 630.4 666.9 701.6 735.2 773.9 798.5 825 846 857.7 862.9 868.4 868.6 871.8 875 878.4 880.9 888.5 891 894.4 900 910.5 917.3 926 938.2 946.4 955.1 966.8 978.3 989 1002.9 1015.1 999.8 938.7 906.6 892.1 871.9 856.2 843.8 837.1 815.5 787 763.2 750.2 742.4 749.8 752 756.8 761.5 760 754.2 754.3 752.5 750.6 747.3 740.8 738 732.9 726.9
266.7 250.6 239.8 236.3 235.3 246.5 253.8 264.9 275.6 287.1 301.9 320.6 340 359 380.8 408.2 431.6 461.7 489.9 519.3 550.6 583.6 615.1 651.7 686.9 720.9 754.3 787.6 817.8 841.5 856.2 864.6 869.3 873.5 876.6 880.7 882.9 885.8 891.4 896.4 901.1 906.1 912.4 918.4 926.6 937.4 946 955.5 966.9 978.6 989.4 1003.7 1015.2 981.3 942 923.2 903.8 888.9 868 852.4 842.8 826.4 808.9 792.3 778.5 757.4 749.6 749.5 753.8 756 753.3 748 739.5 732.5 726 716.7 708.2 705.4 700.3 695.2
284.6 269 254.7 247.4 240.2 246 255.3 263.9 273.9 285.6 299.7 315 335.5 354.3 373.8 398 422.4 451.2 479.2 508.3 539.5 572.1 603.5 635 668.4 704.9 736.7 772.1 805.6 830.1 847.5 859.3 866.4 875.6 880.4 883.3 887 887.8 892.6 897 903.1 907.9 913.9 919.4 927.4 936.6 945.1 955.9 967.3 979.1 991.6 1005.3 1014 988.1 952.1 931.6 915.2 902 883 862.2 853 849.2 830.6 816.7 807.5 778.6 761.2 755.7 757.2 755.9 748.3 738.5 729 716.9 706.5 692.2 681.4 675.5 670.3 665.3
303.3 285.1 270.3 259.4 250.3 247.9 257 266.9 277.1 287.4 298.4 315.5 332.6 352.1 371.3 389.8 413.4 440.4 468.7 498 527.5 557.4 588.5 620.2 654.4 688.7 721.6 758.6 787.4 812.4 830 848.2 865.2 875.5 880.2 886.5 890.5 892.1 893.9 896.2 901.1 906.2 913.2 918.1 926.2 935.6 943 953.6 966.8 978.8 991.7 1003.9 1011.2 995 968.3 945.4 929.9 911.8 893 886.3 874.8 867.8 854 835.1 833.8 798.1 776.2 772.8 764.7 765.8 757.7 740.9 722.6 706 693 672.9 658.2 650.2 643 639.1
321.2 301.4 287.4 272.3 261.7 254.4 259.9 267.2 276.4 286.3 297.6 314.4 329.9 346.8 364.7 385.4 405.2 433.6 461.6 487.9 516.6 544.7 577 607.3 637.1 669.6 703.2 740 766 786.7 806.7 833.2 861.8 874.9 879.6 888.8 893 895 896.5 898.9 900.5 903.6 909 915.4 920.7 932.9 941 950.4 965.6 978.3 991 1001.7 1009.4 1011.5 981.6 959.4 940.1 924.1 910.2 901.2 893 889.4 877.6 859.1 857.4 827.8 808.3 785.8 789.4 785.9 767 754.4 736.3 715.3 690.9 670.1 646.1 624.9 619.4 614
341.7 316 301.6 287.3 275.3 265.3 265.8 271.3 279.2 289.1 302.1 316 329.8 350.4 360.8 379.5 398.8 422.8 449.6 476.1 503.4 532.3 563.1 591.9 621.8 650.5 683.8 713.3 739 761 788.4 819.9 849.5 872.7 880.5 888.1 892.1 895.2 898 902.5 904 908 912.5 917.1 923.4 932.4 943.3 954.3 965.2 977.5 986.5 997.7 1005.6 1011.2 1016.8 984.6 955 939.4 928.9 920.9 918.4 910.2 897.4 887.8 875.5 852.6 840.2 824.1 805.1 812.4 787.1 763.6 755.5 734.7 703.4 678.5 657.5 639.4 619.8 592.9
360.2 339.8 319.3 302.3 289.7 278.2 273.1 278 285.7 291.5 303.2 318.6 330.5 343.8 358.1 376.3 394.2 417.9 437 464.5 491.1 522.9 549.1 576 605.7 634.5 663.5 689.6 711.2 736.7 769.1 800.9 835 863 877.6 885.5 889.2 893.9 897.1 902.7 906.2 908.7 912.8 917.7 923.1 931.3 942.7 954.1 963.8 973.2 982.2 992.3 999.7 1005.6 1014.2 1022.4 987.8 966.4 955.3 946 942.5 938.4 922.8 910.9 896.2 875.9 867.2 850.4 833.2 834.3 815 790.5 769.1 746.4 721.1 692.9 670 647.8 626.3 605
385.7 362.6 338.1 318.9 303.6 293.6 283.2 286.6 289.9 297 306.9 321.4 331.7 343.4 360.7 375 391.3 411.1 429.2 451.9 478.6 506.8 533.5 561.6 588.6 616.2 642.3 665.3 690.4 718.6 749.7 780.4 815.4 842.8 865.4 876.8 883.4 890.3 893.7 899.5 904.1 908 912.9 916.2 921.8 929.6 939.2 948.9 958.1 967.5 976.4 983.9 990.2 996.6 1005.3 1015.2 1026.2 1033.5 1029.5 1006.4 980 977.5 958.3 935.6 917.2 901.9 895.4 880.3 860.8 857.9 839.5 817.5 794.5 763.3 730.3 702.1 681 657.3 636.1 609.3
409.8 383.7 355.7 333.7 317.7 305 294.6 287.9 298 304.5 312.6 322 335.6 348.1 360 374.4 389.8 406.6 427.1 445.4 465.1 494.6 518.2 544 572 598.4 622.1 645.3 672.5 700.1 728.8 759.1 790.1 819.1 846 865.7 874.6 882.2 889.9 896 901.3 906 910.9 914.5 919.8 924.6 933.7 942.6 951 958.9 965.3 972.1 977 983.1 990.8 1001.3 1013.3 1026 1032.8 1033.4 1028.8 1008.7 985.7 962.3 940.9 924.6 919.4 908.7 892.2 879.3 863.3 838.6 813.8 785.5 756 722.8 694.7 667.5 645.6 615.7
420.5 409.8 372.9 349.1 330.1 316.4 303.2 296.9 303.2 307.8 319.9 331.9 338.8 348.3 360.3 374.8 389.3 404.4 420.9 438.1 458.5 478.8 502.4 528.9 553.5 579 603.1 628.4 652.6 679.9 708 738 767 790.4 819.4 846.1 860.9 870.9 883.3 893 898.6 904.5 909.2 913.8 918.3 922.9 928.7 935.5 942 948.3 954.1 958.3 962.8 968.9 974.1 984.6 996.5 1009 1015.5 1012.3 998.7 977 961.5 947.2 928.3 911.6 902.6 895.5 889.7 886.6 886.3 881.3 858 814.8 773 744.7 722.5 691.3 656.2 622.2
451.5 438.2 389.2 363.6 345.7 326.5 312.9 306.2 306.6 314.1 321.8 332.8 342.6 356.3 362.7 375 389 405.2 419.2 432.2 450.4 471.2 491.1 512.8 534.2 560.2 584.2 607.2 633 659 686.6 713.4 738.2 763.2 792.4 817.6 839.3 855.7 875.3 887.6 895.9 903 906.9 911.9 917.2 920.4 924.1 926.8 931.8 937 941 945.1 946.1 953.6 960 968.2 978.2 989.6 994.5 983 953.3 932.8 918 905.7 890.5 875.5 869.8 873 870.7 874.6 878.3 881.9 880.4 842.2 802.8 763.9 739.4 719 685.2 639.2
456.8 452.6 404.7 379.3 359.3 337.6 324 314.5 311.9 317.3 323.7 336.5 347.3 359.7 374 375.8 389.1 403.1 416.3 431.1 442.5 461.6 480.2 500.3 521 544.1 564.1 585.1 611.8 638.2 661.9 686.7 710.7 739.1 766 789.8 812.2 833.3 857.9 880.5 893.4 901.9 906 910.7 915.6 916.6 919.2 921.2 922.8 925.4 927 931.4 931.2 936.2 945.7 954.1 963.1 967.8 968.8 938.5 919.4 902.5 888.7 875 862.7 849.5 842.9 841.1 847.3 856.6 863.5 868.9 870.2 867.6 831 792.4 766.8 747.2 728.2 678.4
457.6 453.8 419.9 393.9 371.2 349.4 334.3 323.3 320.1 323.9 330 338.4 354.9 366.1 379.9 389.5 393.9 403 413.1 425.1 437.3 451.1 470.1 485.1 504.9 526.5 543 565.2 589.9 615.5 639.2 661.2 685.3 715.4 738.9 762.6 786.3 810.2 832 863.4 887.2 899 902.4 908.1 914.1 915.1 916.1 915.5 916.2 917 916.5 918.1 915.3 923.7 933.3 940.5 947.4 950.2 939.9 915.5 893.2 881.8 870.6 855.2 840.2 825.6 818.1 819.1 822.1 836.2 846.5 851.8 855.4 857.5 853.8 828.1 791.4 770.9 750.8 729.6
464.3 465.7 432.5 406.4 382.4 359.5 344.2 331 328.5 329 335.3 344.7 362 377.7 388.8 401.1 404.9 408.3 412 420.7 433.7 444.8 458.3 475 492.5 510.3 526.7 548 572.5 594.3 614.1 637.5 661 687.9 712.3 734.8 760.1 784.5 810.5 840.3 868.4 888.1 897.4 907.1 912.1 914.2 914 910.7 911.1 909.5 908.2 908.4 905.4 912.2 920.5 927.1 929.9 931.2 916.9 892.3 878.8 863.4 853.5 836.6 819.8 807.1 799.5 798.1 796.1 810.3 820.5 832.3 838.8 842.3 844.2 841.7 827.1 798.6 768.9 749.1
466.8 471.9 445.5 418.6 395.9 372 352.7 341.1 335.5 335.9 343.8 356.3 370.4 387.6 401.2 409.4 415.5 420.7 423.9 426.2 432.7 440.8 454.3 467.8 483.1 497.9 516.8 534.6 553.3 574.4 597 614.7 638.7 662 683.6 710.4 737.2 763.9 787.4 814.6 841.5 868.3 885.6 897.1 903.3 907.1 909.1 906.3 905.4 902.8 901 899 896.9 899.3 905.8 909.8 912.9 910.7 893 874.1 857.1 846.3 833.5 819 801.3 789.4 779.3 776.5 773.1 786.9 793.2 804 819.8 828.1 832 831.3 824.8 813.4 796.5 770.7
476 485.9 457.2 431 408.7 385.9 365.2 354 344.1 347.5 352.4 366.1 375.2 394.8 406.7 415.5 425 429.1 435.6 439.6 442.6 445.1 452.7 466.2 479.9 497.2 512.1 525.8 540.8 558.1 575.3 597.6 617.8 634.4 661.2 685.6 713.5 744.4 767.6 790.2 814.4 839.7 867.4 884.7 891.6 899.3 901.7 898 900 897.8 893.3 889.5 889.6 889.4 891.1 892.3 890.8 888.2 876.5 859.2 837.8 828.5 818.5 802.5 773.4 768.6 762.2 756.4 754.5 766.2 767.4 778.1 794.2 809.9 818.6 820.4 818.3 811 801.2 790.1
494.8 499.1 469.4 446.4 421.5 399.5 378.5 365.7 352.9 353.9 358 367.2 382.6 394.9 411.7 426.2 436.6 440.2 446.9 455.2 455.2 459.3 462.8 463.9 477.9 495.3 509.8 520.6 531.7 546.5 566.4 580.1 599.9 619.8 640.7 665.3 693.6 719.1 741.2 764.6 788.7 813.5 841.2 866.2 881.9 889 890.9 892.7 894.7 889.3 883.8 880 879.8 878.3 875.3 877.7 872.8 867.4 855.7 839.4 821.8 814.9 801.2 783.6 756.6 747 744.1 739.6 732.8 751.9 755.9 757.7 767.7 789 801.6 807.9 808.2 804.3 797.1 788.3
498.7 508.9 485.3 459.8 435.2 414.3 392.7 378.2 363.6 360.4 366 373.2 393.5 401.6 420 438.7 448.4 452.1 458.6 466.2 471.5 472.5 475.5 477.7 479.6 493.8 505.6 517.1 528.6 543 556.9 568.6 586 608.3 624.5 645.1 668.5 691.6 713.3 739.6 760.6 786.3 812.6 840.8 864 875.2 878.7 886.3 888.4 886.7 878 876.1 870.8 866.6 861.5 861.9 855.8 846.9 837.1 826 813.6 803.4 788.8 764.6 746.8 733.9 729.1 720.6 716.5 733.5 738.1 736.5 746.9 766.1 781.6 793.1 797.1 795.2 789.1 783.3
512 521.5 498.8 471.7 447.5 426.1 406.4 392 375 366.4 372.2 381 398.8 413.2 426.2 448.1 464 466.8 471.8 480.8 489.7 492.5 489.1 490.9 494.4 499.6 509.2 516.2 526.7 539.1 550 562.9 575.1 591 610.3 629 651.4 670.9 693.9 715.8 736.2 760.6 785.9 813.8 843 860.1 864.3 877.1 881.2 884.4 876.9 871.1 863.3 858.9 853.2 847.5 840.9 835.9 825.4 813.7 795.8 789 775.2 751.1 731.6 720.2 711.7 692.2 692.9 707.5 714 719.7 726.4 745.9 762.6 778.2 784.9 786.5 781.7 776.4
543.3 541.6 513.7 485.5 458.8 435.5 418.3 402.5 386.4 374.5 381.5 388.9 399.9 419.4 438.2 456.3 472.3 485 489.3 497.9 504.9 507.1 506.6 502.3 504.6 508 519.4 528.2 533.1 540.3 551.7 559.2 572.9 585.1 599.9 616.3 637.5 656.6 674.4 694.8 716.3 739 763.8 789.6 819.8 839.4 857.3 868.9 875.3 880.6 877.2 867.4 860.1 852.8 846 840.4 832.5 825.5 815.2 799.5 783.7 770.5 763.1 743.9 716.9 706.4 691.3 669.6 669.4 681.7 688.1 703.3 709.6 723 741.9 759.6 772.4 776.6 776.6 771
556.9 558.7 527.7 498.3 469.9 448.7 431 413.4 397.4 385.1 388.6 399.1 410.2 426.5 452.2 464.3 488.3 500.3 507.1 513 517.4 521 519.3 521.9 520.3 522.4 529.7 534 540.2 543.9 555.7 562.7 575.5 586.2 598.9 612 625.8 641.6 657.8 676.8 698.4 721.1 741.6 764.4 784.9 817.8 841.7 860.8 869.8 876.6 876.5 868.4 860.1 853 845.3 837.7 828.1 817.6 808.2 793.2 776 760.6 749.5 729.7 706.8 691.9 673.1 650.2 649 655.2 674.3 687.2 701.4 709.6 722.3 740.9 760.2 765.1 766.5 767.3
563.5 571.4 542.7 511.3 481.8 458.6 439.4 422 408.3 397.4 399.7 410.4 422.1 438.7 460.6 474.9 499.9 518.1 526.8 529.1 536.2 538.8 538.8 540.3 544.4 542.7 545.5 551.7 552.9 555.7 561.8 573.2 583 590.9 602 608.6 619.6 632.7 646.1 666 686.9 704.3 723.6 744.8 772 803 828.4 846.9 855.5 869.4 875.1 872.2 863.4 857.8 847.8 836.8 827.6 817.4 805.4 793.2 781.5 764.7 744 729 707.4 682.7 661.7 639.7 639.3 643.2 657.9 674.4 694.8 702.2 708.5 722.5 743.2 751.8 757.6 760.6
566.4 581.9 558.9 525.3 494.9 472.4 449.4 434.1 420.6 408.9 409 421.8 433.6 448.6 468.6 493 513.8 539.5 545.2 554.8 560.8 563.5 565.7 567.9 569 572.6 570.6 574.5 578.9 576.5 575 583.6 596 601.2 611.3 617.8 626.1 631.5 642.5 658.8 682.2 696.9 712.5 733.9 755 787 814.2 831.4 847.4 859.5 870.2 874.2 868.8 861.7 853.6 845.7 838 826 813.7 802.8 791 776.4 754.6 727.2 703.7 675.1 653.7 635.7 635.7 633.2 645.6 665 688.8 695.3 698.5 706.4 723.4 738.8 747.9 749.2
571.5 601.8 576.8 541.9 510.9 486.3 460.8 445.6 432.7 422.9 416.5 430.1 444.5 456.1 477.8 500.8 524.2 550.3 576.8 582.6 593.5 593.2 595.6 598.5 596.6 599.8 596.7 594.7 597.6 597.8 595.2 593.3 606.7 613.3 622 628 636.3 639 647 659.2 677.1 687.6 701.8 719.7 739.4 767.6 790.8 817.8 832.4 842.8 856.2 866.7 868.6 863.9 860.5 853.9 842.4 831.5 821.2 812.8 801.2 784 766.1 747.9 715.9 671.1 647.4 632 629.8 631.3 641.2 660.8 681.9 691.9 694.8 694.1 704.3 722.8 732 733.1
575 613.5 599.3 560.6 527.7 502.7 475 458.6 445.8 435.2 429.9 439.5 452.1 467.8 485.6 510.9 536.6 564.8 592.4 618.6 626.9 629.7 632.4 631.1 629.5 631.3 634.2 626.4 627.4 624.5 624 618.3 618.3 624.6 634.5 639.6 643.9 650.2 653.5 671.1 678.3 683.5 697.1 712.3 730.8 752.2 769.6 792.9 809.6 824.1 835.5 845.8 857.8 860.3 857.5 854.5 849.4 838.9 830.2 819.8 809.1 794.3 780.8 762.3 729 675.5 644.4 629.2 625.4 631.7 640.9 658.5 676.1 683.4 686.1 681.5 690.8 704.8 713.5 720.2
578.7 622.4 619 587.4 551.3 521.1 499.6 476.4 462.6 451.5 445.2 444.2 462.6 479.9 500.8 523.1 551.2 581.7 610.2 643.9 667.8 678.7 674.8 675.4 678 674.2 674.3 670.4 672.1 666.4 665.9 647.4 633.7 631.8 645.6 646.8 658.7 661.4 668.2 683 684.4 686.1 695.7 705.5 727 738.4 754.3 768.6 781.5 789.5 797.7 810.5 829.6 845.9 849.6 849.7 849.7 843.7 834.5 828 812.5 800.2 787.2 767.4 724.1 686.5 650.5 629.5 625.3 632 640.1 651.2 663.7 670.4 673.2 669.5 677.3 687.8 694.8 705.3
578.6 625.1 634 607.2 575.9 545.8 517.3 496.1 481.8 471.1 461.3 456.5 468.6 490 511.7 534.2 559 592.1 627.1 661.4 699.2 722.2 736.2 737.8 730.6 728.1 728.9 724.3 718.4 715.6 700.5 684.4 653.2 649.1 665.5 669.2 674.1 677.4 683.9 690.1 692.9 696.7 705.2 708.5 718.4 729.4 736.8 745.2 752.6 757.6 765.7 777.2 796.4 820.1 842.1 847.3 846.5 843.1 836.5 830.2 822.6 807.7 786.2 754.4 722.1 691.7 661.6 629.3 623.6 631 636.8 643.3 650.2 655 657.6 651.5 660.6 672.2 680.6 691.3
573.4 623.9 646 623.8 596 568.8 549.4 522 499.6 484 471.7 466.2 475.9 493.8 520.8 545.2 568.6 603.6 639.8 676.6 716.1 755 785.4 787 788.8 771.9 784.4 775.4 759.7 748.5 734.3 703.1 672.9 671.6 673.7 683.2 695.4 696.1 700.3 705.6 707.4 717.5 721.7 733.3 728.9 735.3 740.8 734.6 731.9 732.4 741.6 751 769 794.5 826.2 841 843.7 842.2 838.9 833.2 825.1 816.9 799.2 779.1 751.7 707.4 673 638 620.4 632 637.5 642.1 644.8 648.4 649.2 638.7 653.1 659.3 670.8 682.3
573.6 619.5 656.8 639.2 611.7 589.9 590.1 552.2 523.5 498.3 483.6 478.3 486.7 501.6 524.4 553.4 582.4 615 650.9 686.3 718.9 758.9 799.7 829.4 822.6 816.2 822.5 810.8 799 773.7 756.6 708.3 688.8 683.1 689.6 695 713.2 714 723.5 723.3 725.8 735.6 746.8 763.1 758.6 750.2 736.1 721.4 710.9 709.6 719.4 729.2 745.3 767.1 796.9 821.2 833 835.9 832.7 828.4 821.9 813 804 781.4 751.9 715.4 682.7 633.6 614.1 624.4 636.3 643.6 644.7 643.3 640.3 630.6 636.9 648.6 664.1 676.9
568.7 604.9 646 653.6 624.3 608 607.6 574.2 548.8 520.6 496.4 494 500.4 510.6 534.1 561.2 590.4 623.2 661.6 698.5 740.1 772.5 810.1 845.9 870.9 866.1 857.9 845.8 831.6 809.3 773.6 731.8 707 700.4 701.2 709.2 727.7 735.3 742 744.5 757.5 769.2 775.6 783.2 778.8 756.4 729.8 704 689.2 691 698.9 709.6 720.4 739 762.4 790.7 814.3 824.8 822.4 819.7 811.6 800.3 792.2 766.9 733 706.3 679.9 639.6 596.4 611 632.2 640.8 639.9 637.7 633 623.3 629.1 643.6 656.7 673.4
570.5 602.9 653.8 652.4 641.1 627.6 613.8 586.7 559.1 530.8 509.8 507.6 510 526.4 544.4 573.3 600 631.9 669.5 707.7 749.3 786.1 824.7 862.2 891.1 903.5 896.3 883.2 860.6 826 790.2 754.2 742.5 736.4 734 727.8 741.3 753.4 763.4 767.6 784.5 806.5 821.8 821 798.3 775.4 732.4 698.7 671.7 672.6 678.5 687.7 698.9 713.7 735.4 759.9 784.3 805.8 808 805.6 799.3 789.1 775.8 749.7 723.8 694.7 671.3 644.2 600.3 594.5 624.9 639.9 637.8 634.8 627.5 619.3 622.1 634.5 648.1 667.4
572.5 599.6 655.7 660 650.8 640.6 615.9 588.4 562.1 538 526.7 524.2 519.3 538.5 558.2 582.3 607.4 636.5 676.9 718.3 761.1 797.1 838.8 874.4 906.5 929.6 926.5 912.9 874.2 843.3 816 797.2 763.6 757.8 760.3 754.1 763.7 775.5 779.2 792.5 809.1 834.4 852.8 813.8 779.2 763.7 726.5 678.4 655.1 653.8 658.6 665.4 676.5 690.6 709.5 731.9 757 779.7 793.4 792.7 787.3 774.7 762.2 732.3 708.5 682.7 662.1 639.7 598.9 573 619.5 632.5 634.4 628.9 621.5 610 612.3 622.8 636.1 655.8
577.2 604.9 657.5 663.1 657.4 649.9 618.7 588.8 566.3 549.6 538.1 535.8 546 552.8 571.2 594.3 618.4 646 682.9 723.5 764.7 802.4 845.6 882.6 923.2 953.2 957 937.8 893.9 861.5 840.7 822 791.2 794.6 793.4 792.6 799.1 805.7 802.7 816 841.7 861.7 852.2 804.9 749.1 735.2 689.9 656 641.4 635.8 638.3 642.7 652.4 667.2 685.8 707.5 728.4 752.2 777.4 780.5 774.8 763.1 748.8 717.3 699 674 659.2 635.8 595.7 566.2 602 618.9 623.3 616.8 610 600.2 598.7 610.6 628.1 644.2
584.4 613.2 663.8 664.3 662.6 658.3 631.5 610.8 585.9 568.7 556.6 554.5 561.4 572.3 583.4 606.4 629.2 654.4 688.3 731.7 778.1 814.7 852.4 892.1 932 970.4 984.7 958.1 920.2 892.6 866.8 847.4 829.2 828.8 823.3 822.8 820.3 834.3 831.5 842.8 864.6 877.8 841.7 791.8 734.8 690.4 659.1 637.4 623.2 617.2 621.2 625.2 634.3 646.3 664.1 684.7 705.4 729 756.6 766.2 763.1 754.5 740.3 718.4 686.6 662.6 652.4 629.9 580 560.8 588.4 617.2 617 598.5 589.7 583.5 582.7 593.2 612.8 636.9
