UK/data/ns/ns85_OST50GRID_20230518/NS85.asc
ncols 200
nrows 200
xllcorner 280000
yllcorner 650000
cellsize 50
[rows 0 to 34 of 200, columns 78 to 155 of 200]
241.3 241.1 240.6 240 239.3 239.8 240 240 239.6 239.5 239.2 238.5 237.7 236.8 235.9 234.5 232.9 231.2 229.6 228.9 228.1 226.6 224.8 223 223.4 224.5 224.7 223.8 222.9 221.6 220.3 219.3 219.7 221.5 222.8 223.8 224.7 225.6 226 226.2 224.8 223.9 222.7 220.8 219.8 219.8 220.2 219.4 217.8 216 213.9 211.9 210.6 199.1 204.3 209.4 212 212.7 213.6 215 216.7 218.4 219.8 221.3 222.6 223.8 224.1 223.7 222.6 221.2 219.7 218 215.5 213.7 209.5 209 211.8 211.4
239.5 239.4 239.3 238.8 237.2 237.2 239 239 238.8 238.3 237.8 237 236.3 235.3 233.9 232.4 230.8 229.2 228 226.7 225.7 223.9 222.3 220.7 221.2 221.7 222.1 221.3 220.4 219.4 218.9 218.5 219.4 221 222.4 223.8 225 225 225.3 225.5 224 222 220.1 217.6 215.7 215.3 215.7 214.4 212.5 210.8 209.2 208.4 209.1 202.2 202.2 209.1 209.5 211 212.8 213.9 215.9 217.4 218.3 219.2 220.1 221.3 221.3 220.8 220.3 219.4 218.5 216.9 213.7 210.2 208.8 201.6 209.6 211
238.3 238.3 238.2 238.3 238.3 238.3 238.4 238.8 238.1 237.2 236.3 235.5 234.4 233.1 231.7 230.1 228.6 227.6 226.4 225.1 223.7 222 220.3 218.3 218.4 218.9 219.5 218.7 217.7 216.9 216.4 217.1 217.5 218.9 220.3 221.7 223.2 223.1 223.4 223 221.5 219.5 217.3 213.9 212.2 210.4 210.4 209.3 207.5 206.3 205.4 204.7 203.7 201.8 197.6 205.9 207 209.3 210.7 211.6 213 214.5 215.6 216.5 217.2 217.2 216.7 216.3 216.1 217.9 213.7 214.6 211.9 208.8 207.4 202.6 206.8 212
237.1 237.3 237.3 237.4 237.6 237.4 236.5 237 237 235.8 234.7 233.5 232.1 230.8 229.4 227.8 226.7 226 224.8 223.5 222 220.6 218.6 214.9 215.5 217.2 217.1 216.1 214.5 214.2 214.5 214.7 215.2 216.4 217.9 218.5 219.1 219.6 220.2 220.3 219.1 217 215 212.8 210.1 206.3 205 204.2 203.1 202.8 201.7 200.8 199.5 193.3 201 202.5 204.9 207.3 208.2 208.5 209.6 210.8 211.8 212.9 213.3 213.3 211.8 210.5 210.9 210.5 210.5 210.2 210.4 209 205.4 201.5 204.3 209.4
236.4 236.5 236.5 236.4 236.5 236.3 234.4 234.1 233.9 233.6 233 231.7 230.4 229.6 228.8 226.7 225 223.8 223.2 221.9 220.3 218.7 215.8 210.2 212.3 214.3 213.8 211.8 211.2 211.6 212.1 212.2 212.9 214 214.7 215.4 216 216.6 217.1 217.6 216.8 215.6 213.9 211.8 207.9 202.7 200 199.2 199.9 199.9 198.4 196.9 188.1 197.5 200.1 200.5 203.5 205.8 206.5 206 204.9 206.5 208.1 209.1 210 209.6 208.6 209.7 210.3 210.3 208.9 207.8 210 204.5 201.1 199 201 201.8
235.8 235.9 235.3 235.2 235 234.3 232.9 231.5 230.7 230.5 230 229.6 228.9 228 227.3 225.7 224.1 222.8 221.9 220 218.4 216.8 213.1 208.2 210.3 210.4 209 208.1 208.3 209.2 209.2 209.4 211 212.1 212.5 212.9 213.2 213.7 214.5 215.4 215.3 215 212.9 210.3 205.6 200.2 195.5 195.1 196.1 199.6 199.5 193.1 193.1 200.2 198.1 199.8 202.1 204 208.5 203 203.3 204.3 203.9 203.4 204.6 203.3 204.7 205.4 205.2 206.6 206 205.4 204.8 202.8 189.8 199.7 200.2 199.9
235.2 234.6 233.8 233.3 232.7 231.9 230.7 229.4 228.2 227.4 226.9 226.4 226 225.5 224.5 223 221.7 220.5 221.5 218.2 216.5 214.2 211.5 207.8 209.3 209.4 206.2 205.4 206.1 206.7 206.5 207.3 209.1 210.6 210.9 211.1 211.6 212.4 213.6 214.5 214.6 214.4 211.9 207.5 202 196.6 191.9 199.9 193.8 193.7 190.4 188.9 195.7 196 197.4 198 199.2 200.8 202.7 199 199.2 198.8 198.5 201.2 200.6 200 200.1 200.6 200.6 203.2 203.6 205 204.5 199.9 195.2 203.4 202.9 203.1
234.1 232.9 231.9 231.1 230.4 229.7 228.4 227.1 225.9 224.8 223.9 223.3 223 222.7 221.6 220.4 219.6 218.4 224 215 213.6 211.6 208.6 204.4 206 206.6 203.9 201.9 203 204.3 204.5 205.6 207.4 208.8 209.3 209.7 210.4 211.2 211.9 213.3 214.3 214.2 209.4 203.9 198.5 198.7 190.8 190.3 191.1 188.9 185.5 192.2 192.8 192.4 195.1 194.3 194.8 196 197.4 196.6 197 195.4 194.9 196.6 196.5 195.2 193.5 194.9 196.2 197.9 200.9 203.7 202.5 192.2 197.1 204 204.2 205.9
232.5 231.4 229.9 228.8 228 227 225.8 224.8 223.8 222.7 221.6 220.6 220.4 220.2 219.2 218.1 217.2 217.1 231 211.6 210.1 208.2 205 203.6 204.2 203.1 200.8 199.2 200.4 201.4 202.5 203.9 205.5 206.6 207.5 208.3 209.2 209.9 210.7 211.6 213.8 212.9 207 200.3 195.2 190.6 189 187.9 182.2 185.6 190.8 190.5 190.2 190 191.2 192.2 192.4 193.6 195.3 193.9 194.2 192.9 192 191.9 192.4 190.6 186.7 186.3 189.1 189.7 191 188.5 193 189.1 198.9 202.1 204.1 207.9
230.1 228.9 227.9 226.5 225.6 224.4 223.3 222.3 221.3 220.4 219.5 218.9 218 217.7 217.1 215.8 214.9 214.3 217.7 210.6 206.6 204.9 202.5 200.3 200.9 199.2 197.4 196.8 197.7 199.1 200.6 201.9 203.1 204.3 205.3 206.3 208 208.7 209.4 210.9 212.3 209 201.5 198.3 191.4 188.4 186.2 179.9 184 189.5 189.5 188.7 188.2 188.8 190.1 191 191.6 193.1 193.2 191.3 191.6 190.4 190.5 189.8 188.8 187.4 183.3 182.7 180.7 183.8 185.4 185.5 188.9 194.4 196.6 199.6 203.7 207.6
227.4 226.2 225.5 222.7 223.4 221.4 220.7 220.4 219.4 218.5 217.5 217.1 216.5 215.6 215.1 213.5 212 211.2 210 208.4 205.8 202.5 199.6 197 196.7 195.3 194.4 194.9 195.8 197.2 198.7 200 201 202.1 203 204 205.8 207.3 208.5 209.8 208.2 200.8 200.2 195 190.2 188 185.6 178.2 186 187.5 187.3 186.6 186.9 186.9 188.2 190.2 190.7 191.5 190.5 188.3 188.1 187.8 187.9 185.3 184.5 183.6 181.3 180.9 185.6 191.2 191.9 187.3 185.4 189 193.1 198.2 201.4 207.2
224.8 224.1 222.8 221.9 219.9 219.5 218.9 218.6 217.3 216 215 214.7 213.9 212.9 212 210.4 208.8 208 206.7 205.4 203 200.5 198.2 195.4 193.8 194.9 192.6 190.9 194 195.4 196.8 197.6 197.9 200.1 201 201.6 203.6 204.6 205.2 204.6 200.8 201 197.7 192.8 190.1 187.7 185.8 176.7 182.3 185.1 185.1 184.3 184.7 184.4 185.6 188.5 189.6 190.1 189.5 181.3 184.1 184.1 178.7 178.6 179.2 180.3 189.8 189.5 191.2 192.9 193.8 192.4 191.4 187.9 190.3 198.7 202.5 206.8
222.3 221.3 220.4 220 218.9 217.1 216.9 216 214.7 213.5 212.5 212.1 210.7 209.6 208.7 207.7 206.1 205.1 203.7 202.2 198.4 199 197.5 195.8 197 197.6 196.2 190.1 191.4 192.6 192.9 193.2 194.2 196.6 197.9 199.2 201.4 200.8 199 197.1 201.5 200.3 195.7 192.3 189.8 188.6 186.3 184 175.1 181.2 179.8 183.9 183.3 182.8 183.3 184.4 186.8 188.3 184.1 175.3 177.9 181.3 180.7 188.9 194 194.7 192.9 192.7 193.7 195.2 195.1 194.3 194 192.9 198.2 201.3 202.2 202.9
220.7 217.7 217.5 217.5 217.5 216.2 214.8 213.4 212.3 211 209.7 208.5 207.2 205.9 205.2 204.3 202.7 202.2 201.3 199.1 197.7 197.5 197.2 196.6 197.2 196.9 194.5 189.8 187.6 188.3 188.3 188.7 190 192.2 194.8 196.9 199.1 197.4 193.8 196.4 197.8 197.2 195.9 194.6 191.8 190.1 186.7 184.3 178.7 173.8 180.9 184.8 183.1 181.5 180.3 180.8 182.6 184.6 175.5 188.1 176.7 177.6 186.2 192.2 197.5 197.6 194.1 194.4 196.1 197.3 196.5 197.1 198.3 200.1 191.6 200.6 202.6 203.7
219.2 217.5 217.5 219.3 214.7 214.4 213 211.4 210.1 208.6 207.2 205.3 204.4 204.2 203.2 200.8 200.1 199.6 198.9 197.5 196.8 196.1 195.5 195.1 194.7 194.3 191.6 189.4 187.9 185.1 184 185.1 187.4 189.3 191.6 194.6 191.8 194 191.6 193.1 194.6 195.7 196.2 195.8 193.9 190.6 186.6 183.3 180.7 173.7 172.8 181.2 180.8 179.3 177.1 175 175.2 175.1 175 185.1 184 182.9 186.8 189.8 191.8 193.1 193.9 195.7 197.2 197.9 198.5 199.3 200.6 201.6 191.1 200.4 205.4 206.3
215 218.6 218.2 213.8 213.7 212.8 211.5 209.9 208 206.3 204.9 203.4 201.9 200.9 199.5 197.3 197.4 197.3 196.8 195.4 194.2 193.5 193.1 193 192.5 191.5 189.9 190.4 188.8 186.8 182.7 184.8 187.3 191 189.1 191.2 192.6 191.5 189.5 189.7 191 192.4 193.9 194 193.4 190.8 186.2 183.1 179.7 175.8 171.9 173.7 174.9 174.8 173.9 172.3 175.8 179.2 182.1 184.5 186.9 187.2 189.7 190.3 191.2 193.4 196 199.5 199.5 199.3 200.7 202 202.3 200.7 194.8 202 203.4 205.8
214.6 213.8 213.8 211.6 211.5 211.7 211 207.9 205.5 204.9 203.6 202.3 201.1 198.5 196.2 194.8 194.7 194.5 193.5 191.5 191.4 190.3 189 189.5 189.1 187.2 187.3 184.6 181.8 181.8 182.7 184.9 186.8 188.1 188.4 189.2 189.3 188.6 187.7 187.8 188.7 189.6 191.4 192.2 191.6 188.5 185.1 182.8 179 174.8 170.9 171.3 172.3 171 171 176.1 179.9 182 184 186.6 189.5 190.8 191.2 191.4 192.7 195.6 198 201.4 203.1 201.6 202.2 202.8 201.6 199.1 196.2 201.1 204.1 205.5
213.6 212.7 211.7 211.4 211.6 211.2 209.9 204.7 204 203.5 202.2 201.3 200 198.6 194.1 193 192.3 191.1 189.5 188.3 188.9 184.2 185.2 187.1 188.2 185.2 181.5 180 180.5 182.8 183.7 184.6 185.9 187.3 187.3 186.1 185.4 185.1 185.3 187.1 188 188.8 189.8 191.5 190.9 187.1 184.3 181.9 178.4 172.3 168.8 170.2 172.9 175.7 177.1 179.6 182.6 184.2 186.2 189 193.3 194.8 193.8 192.9 194.4 197.7 200.5 204.7 206.6 204.9 203.4 202.2 200.8 198.9 197.8 199.8 206.7 209.6
212.4 211.2 210.8 210.8 209.6 208.8 203.8 202.4 201.8 201.2 200.6 199.8 196.1 194 192.3 190.8 190.1 186.7 184.5 184.7 186.6 184.7 184.4 184.9 185.8 183.2 179.8 179.7 182 183.2 184.1 184.7 184.9 186.3 184.5 183.6 183.1 182.8 185.1 186.5 187.8 189 189.5 190.3 190.7 187 183.8 181.8 178.5 170 168.8 171.6 174.4 176.4 178 180.3 183.1 184.8 187.1 190.3 194.7 196.3 195.9 194.6 196.3 199.6 203.4 207.5 208.6 207.8 205.4 202.6 202.6 203.2 203.6 198.8 209.2 212.6
211.9 210 209.2 208.4 206.6 202.2 201.1 200.6 199.8 198.7 197.8 195.6 195 191.2 186.6 185.1 185.1 183.6 182.4 183.4 184 183.1 182 181.7 182.5 181.2 178.5 180.4 182 182.9 183.9 183.6 182.7 183.2 182.3 182.2 181.4 180.5 184.3 187.8 188.6 188.8 188.6 189.2 188.2 183.7 181.2 181 177.1 168.5 168.5 170.8 174 177.1 179.1 181.2 183.7 186.3 188.8 191.3 195.3 198.1 196.8 196.2 199.3 202.3 205.1 209.4 209.5 208 205.2 203.1 204.3 206 208.2 208.5 201.8 213.5
211 209 207.4 206 203.5 201.3 200.5 199.7 199.2 197.1 194.1 189.7 186.8 185.2 183.1 184.3 184.5 182.6 180.1 180.5 181.1 180.7 179.2 177.9 179 178 177.3 180.5 180.7 180.4 182.7 183.2 180.7 180.6 181.7 181.7 178.5 178.4 181.9 184.8 186.2 185.2 184.6 187.1 184 179.3 176.9 176.4 174.3 168.4 169.2 172.9 176.5 180.2 181.6 182.5 185.1 187.8 190.7 193.7 197.7 200.3 198.9 198.7 202.8 205.9 206.6 209.4 208.7 206 204.1 204.3 205.7 207.8 211.1 212.3 211.5 208.9
210 208.9 206.5 204.2 202.4 200.3 199.6 199.4 196.4 192.4 189.4 186.9 183.3 182.2 181.7 180.6 180.3 179.7 178.6 177.6 177.7 177.3 177.1 175.3 175.5 175.8 178.6 178.7 177.3 176.5 178.6 180.5 178.9 178.9 180.7 181.3 177.9 175.3 177.2 180.6 182.1 181.1 172.3 169.7 173.8 166.2 167.9 168.3 168.5 170.3 172.3 176.6 178.3 180.3 181.5 183.5 186.3 189.5 192.5 196.2 200 201.8 200.6 202.2 206.8 208.4 208.7 209.2 207.2 206 205 205.3 207.5 209.9 212.7 215.1 215.3 215.6
208.7 207.7 206.2 203.1 200.5 199.3 197.9 193.7 190.3 187.3 184.9 183.4 179.9 178 178.9 178.1 177.5 177 176.7 175.3 174.2 173.6 175.6 174.4 166.3 176.3 174.9 175.6 174.5 174.1 175 175.9 175.4 177.3 179.5 181.1 178.1 174.3 174.7 177.6 180.1 176.8 164.5 164.9 165.7 166.6 176.5 175.1 173.6 174.6 175 178.7 180.2 180.3 181.4 183.7 187.5 191.5 195.1 199.2 203.6 203.4 202.8 204.6 207.9 209.2 208.5 208 206.8 205.7 205.8 206.9 208.6 213 215 216.8 217.6 217.8
207.3 206.4 205.3 201.8 197.9 195.3 192 188.4 186.3 183.4 181.8 178.8 177.1 175.8 175.5 175.5 175.2 174.6 173.8 172.8 171.5 170.8 172.3 172.6 169.8 169.7 170.4 171.9 172.7 172.4 172.9 172.6 171 174 177.8 179.6 176.7 172 172.2 176.2 177.4 170 165.5 179.7 165.4 172.2 177.7 179.1 178.8 177.8 177.8 180.5 182.3 183 183.6 185.5 189.8 194.4 199 203.9 206.8 204.5 203.5 205.4 208.2 209.7 208.9 207.1 206.4 205.6 206.6 207.7 209.6 212.4 217 217.2 217.7 218.3
205.8 204 201.6 198.4 194.3 189.8 187.7 185.9 183.1 180.7 179.5 177.5 175 172.9 171.7 170.7 172.5 173 172.2 170.7 169 168.6 168.7 170.1 168.3 164 166.9 168.3 171 170.4 170.9 169.7 168.5 170.9 174.3 175.6 174.1 170.5 169.8 173.5 167.4 163.6 175.4 179.7 178.8 178.4 178.2 180.3 181.1 180.9 180.8 182.2 184.2 185 186.9 188.9 192.8 199.7 204.6 206.3 203.8 202.7 203.1 205.9 209.4 209.8 208.1 207 207.2 206.3 207.3 208.3 209.4 212.8 218 218.4 219.2 219.8
204.2 201.2 198.4 195.5 192.7 189.6 184.6 179.9 178.9 178.5 176.9 175.1 172 170 168.3 166.7 167.6 169.5 168.6 167.4 166.6 166.2 166.8 167.6 164.3 163.6 165.4 165.6 167.3 167.5 166.8 166.5 166.6 168.6 170.2 172.8 172.1 167.6 163.9 162.7 165.1 170.6 179.1 178.6 178.1 177.5 178.5 180.4 182.3 183 184 185.1 185.1 185.9 188.1 190.5 195.2 202.4 206.6 202.6 200.4 202.9 203.8 204.4 205.5 206.8 207.5 207.7 207.6 207.3 208.3 209.3 210.5 213.9 217.9 218.8 219.7 219.8
197 197.2 195.7 193.1 190 186.9 183.1 179.5 176.3 174.6 173.2 171.4 168.7 167.6 166.1 164.1 164.3 165.3 165.2 164.2 163.5 164 163.8 164.4 161 163.8 164.3 163.8 164.1 164.8 164.8 165.3 165.8 166.6 168.3 169.7 168.8 165.1 159.4 169.7 174.5 178.5 178.5 177.4 176.6 176 177.5 179.3 181.3 182.9 184.2 183.8 183.4 185.1 187.4 189.5 192.9 200.3 200.3 196.8 197.5 199.6 200 201.6 203 204.9 207 208.3 209.2 209.5 209.5 210.5 213 216.8 218.2 217.8 217.6 218.1
192.8 193.3 193.2 190.6 187.3 183.7 179.9 177.5 174.6 172 170.3 167.8 165.1 165 163.7 161.7 163 163.3 162.5 161.8 161.4 162.3 160.9 160.3 157.8 160.4 161.3 161.5 161.9 161.4 161.7 163.1 164.3 165 166.2 167.5 165.9 160.9 163.6 169.7 172.8 173.9 173.8 174.8 176.3 177.1 178.3 178.9 180 181.1 182.2 183 183.3 184.8 186.9 189 190.9 194.2 196.3 201.1 201.7 201.7 203.7 204.4 204.7 205.5 206.7 207.8 209.4 210.9 211.5 212.6 215.2 218.2 219.8 220.4 225.8 220.6
188 188.2 187.8 185.9 183.4 180.2 178.8 174 172.5 170.5 168 165.1 161.1 160.2 159.8 160.1 162.1 161.6 160 159.3 159.4 159.6 159.8 158.6 156.9 157.5 158.5 158.3 158.1 157.2 157.9 159.8 161 161.9 162 161.6 160.7 160.8 164.1 166.1 167.1 170.1 173.8 176.2 177 178.2 179.9 180.6 180.6 181.1 182.1 184 185.8 188.7 190.5 192 194.8 199.6 203 204.1 204.8 204.8 206 206.3 206.5 207.5 208.5 209.4 210.9 212.3 213.6 215.2 217 218.8 220.5 222.4 227.4 223.2
186 183.3 181.8 181.2 179.4 178.6 174.4 171.9 170.1 168.3 167.1 163.9 159.8 157.3 157.6 160.2 162.3 160.8 158.2 157.2 157.4 157 157.3 156.7 155 155.3 156.1 156.1 155.3 155.7 155.5 155.8 156.7 157.7 157.9 158.3 158.1 161.9 164.7 165.8 167.4 169.2 173.5 177.6 178.6 178.8 180.4 181.2 182.2 183.3 185.1 188.9 190.8 192.2 194.9 199.5 202.3 204.4 206.5 207.4 207.7 207.7 208 208.5 208.9 209.6 210.5 211.4 212.8 214.1 216.1 218.2 220.7 221.6 222.8 225.5 224.6 223.8
184.2 180.4 178.7 177.1 176.3 176.3 172.4 171 169.2 167.2 166.7 163.2 158.7 155.6 157.1 161 160.6 157.6 154.9 153.7 153.3 153.1 153.8 153.9 153.7 154.6 155 153.9 155.8 155.9 154.7 156.4 155.2 157.2 157.7 159.2 163 164.8 166.6 169.5 171.5 171 172.2 175.1 178.3 180.9 182.5 183.7 184.6 186.4 188.2 192.2 194.8 196.6 200 203.6 206.3 208.5 209.5 210.1 210.2 210.5 210.7 210.9 211.3 211.9 212.6 213.5 214.8 216.4 218.3 220.3 222.7 224 224.4 225.4 225.1 225.1
182.1 178.8 176.3 174.7 172.4 171.5 169.5 169.3 168.8 165.4 164.1 160.8 157.6 154.5 156.9 160.3 158.6 154 151.8 151.8 151.6 152.1 153 153.5 153.4 154.5 154.9 155.7 156 156.2 157.9 158 158.4 157.5 159.8 163.5 168.2 169.2 168.5 169.4 170.8 171.8 174.2 177.1 180.6 184.7 183.9 184 187.1 189.8 193.3 196.4 198.8 201.2 203.3 206.5 209 210.7 211.6 212.5 212.9 213.1 213.3 213.4 213.7 214.2 214.8 215.6 216.9 218.6 220.3 222.6 224.2 224.9 225.1 225.6 227.1 226.6
179.8 176.7 174.5 173.9 170.7 166.8 165.5 165.2 168.5 164 160.2 157.3 155.3 153.7 154 154.9 154.1 151.5 151.7 150 153.7 156.9 157.6 155.7 155.2 156.2 155.9 154.5 156.4 157.8 160.1 162.9 166.1 164.5 166.4 170.4 172.2 172.4 172 171.4 173.1 176.9 180.2 181.2 182.1 183 184.9 187.4 190.8 193.8 196.9 200.9 202.5 204.4 206.3 209.1 210.9 212.3 213.6 214.4 215.2 215.4 215.5 215.9 216.1 216.5 217 217.8 218.9 220.5 221.6 223.8 224.6 224.8 225.1 225.9 226.5 225.3
177.6 174.2 173.7 173.3 171.6 167.3 161.5 160 162 161.6 157.4 155.6 153.9 152.6 151.9 151.7 151.4 150.8 150.2 151.7 156.1 162.2 162.2 160 158.5 158.3 157.8 158.2 158.2 158.8 160.3 166.3 169.8 170.6 171.6 174.2 175.2 175.3 176.1 176.2 176.8 179.9 181.4 182.1 183.3 185.6 186.7 190.3 194.1 198.5 204.1 206.2 206.3 207.6 209.2 210.7 212.3 213.8 215.3 216.4 217.4 217.8 218.2 218.6 218.8 219 219.4 219.8 220.8 222 222.7 222 223.3 223.8 225.1 227.3 228.3 227
176.1 172.5 173.1 173.7 171.6 167.1 161.2 156.8 157.9 157.9 154.9 153.5 152.8 151.4 150.1 150 150.5 149.8 150.1 151.6 156.5 162.7 162.8 161.1 159.9 160 160.2 161.3 160.7 160.9 160.3 166.7 172.9 173.2 174.1 175.5 177.1 178.4 179.4 179.7 179.5 181.2 183 184.5 185.1 185.6 187.5 191.8 196.7 204 209.2 210 209.5 210.1 210.7 212.1 213.6 215.2 217 218.1 219.1 220.2 220.8 221.2 221.2 221.4 221.5 221.8 222.8 223.7 223.8 223.9 223.9 223.7 228.9 230.2 228.9 228.8
