UK/data/hy/hy20_OST50GRID_20230518/HY20.asc
ncols 200
nrows 200
xllcorner 320000
yllcorner 1000000
cellsize 50
[rows 126 to 167 of 200, columns 0 to 94 of 200]
341.9 346.5 350.9 351.4 351.6 351.5 349.7 343.7 341.4 342 346.2 355.1 364.2 371.6 375.2 373.7 359.1 331.5 309.1 289.4 272 258.5 241.4 224.8 205.8 190.5 168.1 145.2 123.2 106.8 97.9 92.2 88.3 84.2 86 88.8 93.1 104.1 115 115.5 112.3 108.9 104.4 100 95.5 90.5 84.5 81.7 79.4 77.1 75 71 69.3 67.8 67.1 66.8 66.8 66.6 66.4 67.5 67.8 65.5 63.6 62.7 62.3 62.9 62.2 62.4 60.8 58.6 54.3 49.3 44.5 40.1 36.2 31.3 26.7 22 17.5 14.3 12.1 9.6 8.9 7.2 6.2 5.3 6.2 5.1 1.5 0.2 -1 -1 -1 -1 -1
346.8 349.6 352.2 351.4 350.9 349 345.6 343.2 343.4 346.8 352.7 358.7 367.3 375.6 381.3 380.7 375.3 355.3 335 316.2 300.9 284.3 267 251.2 234.7 217.2 198.9 172 145 120.4 102.9 95.8 90.9 87.9 84.4 89.8 93.6 101.9 118.4 127.1 128.3 114.8 109 100 93.4 87.9 83.2 81.1 79.2 78 75.1 74.6 73.1 70.8 68.9 68.7 68.8 68.3 68.5 69.4 70.1 69.1 66.2 63.9 63.7 64.6 64.2 63.2 60.9 59.3 55 50.8 46.8 42.4 37.9 33.6 29.2 24.8 20.5 17.5 14.2 10.9 9.6 7.9 5.8 5.4 5.5 5.7 1.2 -1 -1 -1 -1 -1 -1
350.9 351.8 351 348.9 347.5 344.7 342.1 341.7 345.3 349.6 355.7 362.4 372.5 383.9 391.8 394.1 388.6 377.1 361.6 345.5 329.6 313.2 295.9 280.1 261.8 242.7 223.3 199 167.5 138.7 116.7 100.3 93.7 91.4 89.5 89.7 94.2 98.3 104.2 119.3 131.4 125.7 109.5 99.9 91.3 86.6 81.8 80.3 78.9 77.9 77.8 76.3 75.9 74.6 72.7 71 70.4 70.4 71 71.8 72.3 71.6 69.3 66.6 64.8 64.9 64.3 64 61.4 58.7 54.5 50.4 46.6 43.3 38.8 34.2 30.1 25.9 22.1 19 16.4 12.3 9 7.1 5.8 5.3 5.6 5 1.1 -1 -1 -1 -1 -1 -1
353.6 352.7 348.7 344.7 342.7 338.6 338.2 340.8 344.4 350.5 356.5 363.7 375.3 389.7 399.7 405.3 405.4 397.2 384.7 373.3 360.1 344.6 327.1 309.4 288.9 269.3 247.5 225 198.7 160.6 134.7 113.7 98.9 94.1 92.3 91.9 89.7 94.8 99.9 106.6 119.3 124.1 111.8 100.5 92.5 86.2 81.7 80.1 79.9 79.6 79.7 78.2 77.1 76.1 74.6 73 70.8 71.8 72.6 73.7 73.9 72.4 69.9 67.3 65.1 64.9 64.2 63.5 61.9 58.7 54.1 50.3 46.8 43.7 40.3 35.8 31.2 27.3 24.6 20.8 17.9 14 8.9 6 4.5 1.7 1.5 1.2 0.4 -1 -1 -1 -1 -1 -1
356.1 351.8 346.1 339.7 334.4 332.4 333.4 336.8 341.8 349 355.9 363.7 376.6 393 403.1 411.2 415.6 414 406.7 398.4 388.8 374.7 357.4 338.4 317.4 295.6 272.3 249.8 225.7 200.4 159.1 135.2 115.8 103.4 97.6 95.7 94.7 93.6 97.7 101.6 107.4 113.2 110.3 98.8 94.1 88.8 84.1 82.3 82.3 82.6 82.2 80.6 79 76.7 74.6 72.1 69.8 69.5 69.8 71.4 72.6 71.9 69.2 66.7 65.4 64.7 64 63.3 61.7 57.8 54 50.8 48.2 44.5 42 37.7 33 28.7 24.9 22.5 17.9 14.5 10.7 5.7 1.5 0.7 0.3 0.2 -0.5 -1 -1 -1 -1 -1 -1
357.1 351.7 342.4 333.3 327.9 326.7 328.4 333 339.7 347.2 354.9 363.3 376.3 392.2 403.5 415.4 422.8 424.8 425.1 423.2 413.2 400 385.6 367 345.7 322.3 298.5 274.4 251.1 227.4 201.8 164.4 138.8 121.6 109 104.6 100.2 97.6 94.3 99.6 104.1 107.6 106.5 98.8 95.3 92.1 89.2 84.7 85.8 87.4 87.8 86.5 83.7 80.6 74.9 71.9 69.6 68.1 67.5 67.5 67.8 69.4 68.6 67 65.7 64.5 63.8 62.7 60.9 56.4 53.6 49.5 47.4 45.7 43.5 39.2 34.4 29.3 24 19.8 15.2 11.1 9.2 2.4 1 0.1 -1 -1 -1 -1 -1 -1 -1 -1 -1
357.5 349.7 336.2 325.9 321 321.1 323.8 328.1 337.3 346.2 354.2 362.1 376.9 391.1 401.5 415.9 425.8 428 430.9 432.2 430 421.9 408.7 390.7 370.9 346.9 322.5 297 270.9 246.6 223 198.2 168.2 143 125.8 115.4 106.7 102.2 99.2 98.9 103.2 106.9 106.7 101.6 97.7 96.4 94.7 92.4 91 93.1 94.6 95.2 93.1 87.4 81.2 76.6 71.5 70 69 68 68.2 67.1 66.5 66.3 65.9 64.4 63.4 61.7 59.9 56.3 52.2 48.2 46.1 44.5 43.4 40.3 35.5 30.1 24.1 18.6 13.5 9.7 7.5 1.7 0.8 -0.2 -1 -1 -1 -1 -1 -1 -1 -1 -1
358.9 347.7 329.8 319 315.4 313.9 317.1 321.9 334.1 345 352.7 361.2 375.3 391.4 400.1 411.6 424.3 426.8 427.1 427.4 424.3 419.1 409.5 397.5 386.5 366.8 340.4 313.7 284.4 257 232.8 209.7 185 165.2 142.9 126.7 113 105.6 101.1 99.1 103.6 105 109.5 105.7 101.7 100.9 99.2 100 98 101.2 102.7 102.4 99.9 98.4 94.1 86.2 79.8 74.5 72.2 70.4 68.8 67.7 66.7 66.3 65.3 64 63.1 60.4 56.6 53.9 49.6 48.2 44.3 42.5 42.3 40.2 35.8 30.6 24.6 18.5 13 9.4 6.3 1.6 0.5 -1 -1 -1 -1 -1 -1 -1 -1 -1 -1
357.2 339.4 324.4 314.2 309.5 306.9 311.7 317.8 331.6 343.3 351.1 359.9 371.9 388.9 398.1 407.4 417.6 422.4 421.1 417.9 413.4 405.6 395.6 386.7 379.6 366.8 346.2 318.1 287.7 257.2 233 210.9 186.6 170.1 152.3 133.8 118.3 107.5 102.1 101.3 104.4 106.5 110.3 110.4 108.2 105.1 104.4 108.2 110.8 112.8 114.4 114.4 114.3 110.5 103.4 99.9 93.4 83.5 79.6 75 72.7 70 67.3 66.8 65.5 65.2 63.6 61.6 58.6 55.5 53.7 49.1 45.4 42.3 41 39.3 35.2 30.6 26.1 20.3 13.2 8.4 5.8 1.6 -1 -1 -1 -1 -1 -1 -1 -1 -1 -1 -1
349.4 330.2 317.5 309.2 303.1 298.3 306.9 315.3 327.6 340.8 349.4 357.6 367.7 383.9 395.6 402.6 409.9 413.1 411.5 407.7 397.6 385.6 377.8 369.8 359.9 346.1 328 305.3 279 251.4 228.7 205.5 184.2 168.1 151.9 133.5 118.2 108.1 101.8 102 105.5 107.9 108.3 111.7 113.5 111.9 111.4 117.1 125.3 131.2 130.6 130.1 131.7 128 123.4 115.6 108.8 100.5 91.3 83.8 82 77 71.3 69 66.9 66.3 64.9 63.2 60.8 57.8 54.6 50.4 47 44.1 40 36.1 34.2 29.6 23.7 19.1 13.5 9.7 7.2 1.4 -1 -1 -1 -1 -1 -1 -1 -1 -1 -1 -1
336.3 320 310 302.5 296.3 292.8 303.1 311.2 325 338.3 346.9 355.1 362.5 375.7 390.1 398.9 403.9 405.3 403 392.2 379.2 368.9 357.8 346.8 336.2 322.1 306.4 285.5 261.9 240.2 217.6 194.4 175.8 161.7 147.2 129.4 114.1 104.9 101.2 101.2 106.6 105.1 106.7 113.4 117.9 118.5 120.6 132.1 143.7 156.4 156 157.9 156.1 153.8 147.6 139 130.6 119.7 110.9 102.8 97.7 84 77.4 74.5 70.7 69.2 67.2 64.4 62.3 58.8 55.3 52.3 49.6 45.5 41.8 38 33.8 30.2 26.4 20.2 15.5 9.6 7 1.6 0.1 -0.5 -0.7 -0.8 -1 -1 -1 -1 -1 -1 -1
323.6 310.4 302.1 294.1 286.7 288.8 298.2 308 321.5 335.6 345.7 353.4 359.6 369.2 383.7 395.5 399.5 399.8 393.8 375.8 361.5 348.8 334.1 322.1 311 298.2 282.5 262.6 244.1 226.1 203.3 182.7 164.4 154 140.1 122 108.7 101.4 101.2 101.2 105.4 105.2 108.6 116.3 123.2 127.4 138.6 157 176 187.1 193.3 193 190.3 187.2 178.8 170.4 160.7 151.1 139.1 127.6 112.7 94.7 89 83.8 77.4 73 69.2 65.9 63.1 60.5 57.2 53.7 51.3 48.1 44.6 40.8 36.5 32.3 29.3 24.5 18.5 12.9 8.2 2.1 0.5 0.2 0.1 -0.1 -0.5 -1 -1 -1 -1 -1 -1
315.2 303 292.7 284 273.3 284.6 293.9 304.5 317 331.6 342.4 349.7 356.7 364.1 376.7 389 395.7 393.9 380.9 362.2 344.7 328.2 312.6 298 285.8 272.9 258.6 240.9 225 207.6 186.5 168.2 154.8 146.3 130.5 115.1 105.1 101.2 101.2 102.4 105.1 105.9 112.1 120 128.1 140.6 159.5 182.7 205.1 232 237.5 236.2 232.8 222.4 213.1 205.6 192.4 183.6 169.9 150.1 140 121.3 107.6 91.2 82 76.6 72.5 67.5 63.8 61.1 58.4 55.8 52.7 50.3 47.6 43.9 40 29.2 33 27.5 21.4 16.4 9.8 6.6 1.2 1 0.6 -0.1 -0.8 -0.8 -0.3 -1 -1 -1 -1
306 295.7 284.9 276.5 262.4 278.1 286.6 301.1 313.5 327.6 339 345.8 351.5 359.5 369.3 380.7 384.7 383.1 373.1 352.3 328.3 307.2 289.3 276.1 259.8 246.6 233.1 222.3 207.9 190.9 171.7 153.9 147.3 137.3 121.4 110.2 103.2 101.2 101.2 102.4 104.5 108.2 116.2 125.4 137.8 158 182.9 207.8 236.6 267.1 259.2 275.2 274.9 270.1 258.9 243.2 227.7 217.5 200 177.9 168.4 140.1 123.9 105.7 90.2 79.8 74.5 71.2 67.1 63.4 60.5 57.9 55.6 52.2 49.7 46.6 41.1 41.6 38.3 33 26.6 21.4 14 8.2 1.6 0.9 0.2 -0.4 -1 0 0.4 0.1 0.2 0.1 -0.2
298.3 287.5 277.6 267.7 262.5 272.4 281.4 293.7 308.5 321.1 334.2 341.8 348.2 355.8 364.4 372.7 376 372.5 363.5 343.6 316.9 292.8 269.3 248.8 238.9 222.3 213.8 203.1 190.6 175 157.7 147.1 140.7 126.7 115 106.2 101.4 101.2 101.2 101.2 105.9 113 122 134.1 152.6 180.3 208.3 240 271.5 297.6 306.2 308.3 306.7 302.4 294.4 284.8 270.6 256.6 233.6 215.8 184 169.2 147.5 122.9 103.7 89.8 80.7 74.9 70.2 66.8 63.5 61.1 58.5 54 51.8 48.8 47 46.2 44.6 41.5 34.3 27.1 18.9 11.5 4.3 0.9 -0.1 -0.8 -0.5 0.7 1.1 1.1 1.3 1.3 0.8
291.4 280.8 268.4 256.3 257 266.3 275.8 286.5 300.7 313.2 327.1 338 344.1 351.2 358.1 364.5 367.2 363.8 354.7 332.5 304.4 280.4 258 236.9 215.9 200.6 193.8 184.3 173.1 160.2 146.1 140.7 130.5 117.8 109.2 104.4 101.2 101.2 101.2 101.4 108.6 116.5 128.9 145.4 170.2 200.2 239.3 270.6 298.6 321.6 340.5 342.1 339.1 330.8 319.6 309 299.6 283.9 269.2 253.4 222.4 194.8 170.2 141.8 121.1 104.1 91 80.5 75.5 70.5 66.7 63.5 60.8 57.4 54.6 50.8 50.5 49.3 49.4 47.4 42 34.8 26.2 17.1 11.1 3.2 0.7 -1 0.4 1.5 1.9 3.5 5.1 5.2 4.5
285.4 274.2 261.4 249.1 250.6 261.4 269.3 278.5 290.3 305.4 316.8 330 338.4 345.8 351.5 355.2 357.5 355.1 342.3 317.3 292.4 268.5 245.5 223.6 202.8 183 173.5 168 157.5 146.4 139.2 132.1 118.5 110.9 106.8 102 101.2 101.2 101.2 104.4 112.3 122.3 137 159.6 188.5 224.3 263.2 290.8 316.3 344.4 368.9 374.9 371.1 362.2 348.6 333.7 318.7 304.2 291.9 276.8 253.6 222 186.8 168.6 142.1 120.3 103.2 89.9 81.4 74.7 70.1 66.4 63.6 59.4 55.8 55.9 54.5 53.4 52.1 51.2 49.1 42.3 34.2 24.6 17.6 9.8 6.1 -1 -1 6 6.1 5 5.7 6.5 7.1
279.7 266.8 254.2 242.8 242.4 253.7 263.1 272.1 281.6 296.3 309.7 321.3 331.8 340.5 345.6 348.6 349.7 344.9 327.3 302.7 278.1 253.7 228.1 207.7 187.4 169.2 159.8 152.6 143.8 136.6 131.9 121.9 112.6 107.1 102.8 101.2 101.2 101.2 101.3 107.9 117.2 128.7 150.1 177.4 211.1 251.3 279.1 303.9 332.7 360.4 381.4 395.5 399.5 390 375.9 360 341.8 324.7 310 296.4 281 253.7 220 187.9 164.7 140.6 120.6 100.8 87.3 78.4 72.6 67.9 65.3 63 60.3 58.9 57.8 56.8 56.3 56.4 55.4 49.8 40 29.7 20.7 14.1 8.6 -1 -1 4.6 6.4 7.9 7.3 7.2 8
274.1 260.3 248.5 235.2 232.9 244.3 254.9 265.5 275.3 285.9 301 313.3 323.3 333 338.4 339.8 337.1 329.1 310.1 286.7 264.2 238.2 212.3 191.4 170.5 154.5 145.9 139.8 134.6 131.1 123.2 114.4 106.7 103.6 103 103.1 101.2 101.2 104.7 111.5 122.1 141 167.9 201.7 237.6 261.2 286.8 314 342.5 368.4 389.8 405.7 418.2 413.7 397.9 384.8 367.5 349.6 331.7 315.8 298.9 278.9 244.4 208.7 187.4 157.7 141.5 119.9 99.2 86.5 77 71.2 66.5 67.4 67.8 63.1 60.9 59.2 58 57.8 59.1 54.2 43.1 31.4 22.7 15.6 10.6 7.4 5.5 3.3 4.7 5.8 8.4 8.5 8.9
274.2 258.3 242.8 229 221.7 236.6 247 257.5 268.3 278.4 291.9 304.8 313.9 321.9 326.6 327.2 324.3 316.7 294.3 273.3 251.7 224.7 201.1 178.7 156.4 142.4 136 131.8 129.7 124.3 113.4 107.7 105.1 104.7 103.9 104.6 104.6 104.2 108.9 116.9 131.6 159.8 193.9 224.3 246.5 268.8 291.5 317.3 345.2 370.1 391.4 407.6 419.3 423.1 418.7 405.6 390.8 372.4 352 333.4 315.2 296.3 277.2 241.8 206.8 188.8 166.7 140.6 118.5 98.6 85 76.7 69.9 71 71.6 70.7 64.8 61.3 59.6 58.7 59.6 55.4 44.4 33 23.3 14.9 10.5 7.1 4.6 3.2 4.9 5.2 7.1 10.1 10.2
274.1 257 239.9 223.5 200.8 228.9 239.5 248.8 260.4 270.9 282 294.4 305.6 312.3 316.2 316.6 314.1 306.8 283 263.3 238 211.7 188.3 166 144.4 133.5 127.9 126.7 124.9 117.1 107.9 106.4 105.3 104.9 104.8 106.7 108.2 107.4 114.8 122.9 149.7 181.8 208.9 232.4 250.5 271.8 294.6 319.4 344.9 368.8 390.8 409.9 420.9 429.3 434.3 432.4 415.2 396.2 375.6 354.9 332.3 314 295.9 274 249.5 217.2 190.8 163.5 137.9 115.7 98.1 85.9 77.2 74.6 75.4 75.6 71.4 66.6 62.6 59.5 57.9 54.1 45.4 34.3 21.9 14.2 9.7 6.6 4.6 4 4.6 4.8 5.5 7.3 11.7
274.3 255.2 235.7 218.4 192.8 224.1 234.1 241.6 251 262.9 274.6 286 297.6 304.3 308.7 308.3 306.2 292.6 270.4 250.4 224.8 199.3 176.6 154.2 135.3 125.9 122.3 121.2 119.9 114.4 108.7 107 106.2 105.7 105.5 107.5 111.6 114.1 124.7 139.2 168.3 194.8 214.6 233.9 253.9 274.6 295.5 320.8 347 369.4 393.6 414.7 426.3 435.6 443.1 446.5 441 419.9 397 374.6 353 331.4 312.5 293.6 274.5 249.4 213.1 183.4 155.9 127.9 110.5 97.3 87.5 79.2 79.6 78.5 75.5 71.3 64.7 59.6 54.8 50 43.6 33.6 23.5 15.2 11.8 8.4 6.4 3.9 4.2 4.8 5.3 5.7 8.2
273.5 253 230.7 211.1 192.4 216.5 229.2 237.2 242.9 253.8 267.5 279.7 290.9 297.3 300.6 301.7 294.6 278.4 259.5 235.1 209.7 189.2 166.7 144.3 129.9 121.1 117.2 116.1 115.9 116.1 113.3 111.1 109.9 109.4 108.4 110.5 114.2 123.2 137.8 158.4 181.1 198.4 216.6 234 254 276.6 297.8 324.8 348.4 373.6 398.1 420.7 431.7 443.4 451.5 456.2 454.5 441.6 417.6 393.5 369 347 325.3 305.7 286.3 269.4 232.9 199.8 168.9 140.9 120.2 106.7 98 88.4 84.6 81.2 77.4 74 68.6 59.9 53.5 47.7 41.7 34.5 25.2 17.9 12.2 9 5.9 4.4 4.5 5 5.5 6.1 7.2
273.6 249.2 225.5 204 174.3 206.5 223.5 233.1 239.1 247 259.6 273.4 282.7 290.4 294.7 293.4 283.8 266.5 248.4 223.5 199.4 180.2 157.6 137.7 126.2 117.9 114.1 113 116.1 117.4 117.7 115.5 114.6 115.2 115.7 117.5 126.5 142.2 152.8 170.3 186.2 201.2 217.7 234.3 256.5 277.6 302.2 328.8 352.5 376.7 402.5 424.3 439.7 449.9 457.7 463.7 465.9 458 436.8 409.6 381.2 357 333.3 310.9 292.1 275 243.9 206.2 172.7 145.5 126.1 114 104.4 93.1 89.5 83.2 78.5 75.1 71.5 62 53.4 47.1 40.9 35.3 28.9 20.8 15.9 10.7 8.5 6.6 5.7 5.5 5.7 6.5 7.3
269.5 244.8 220.1 198.2 164.1 194.7 217.7 229.1 235.3 240.6 251.1 264.8 274.3 280.9 285.9 283.7 274.1 257.7 236.6 211.4 190.2 170.7 150.6 133.9 123.6 115.5 110.5 111.2 114.9 117.8 119.8 120 121.5 122.6 126 129.7 144.2 154.7 164.4 173.2 185.3 202.2 220.1 238.4 261.8 282.2 308.6 333.2 358.5 384.9 407.5 427.4 444.1 454.3 462.2 468.1 470.1 467.2 448 418.1 388.6 362.4 337.1 313.1 291 265 232.8 200.3 168.8 143.2 127.4 116.6 107.1 102.8 95.7 87.5 81.3 76.6 72.1 65.4 55.6 49.1 42.7 36.6 31.2 24.3 17.8 14.5 11.7 10.1 8.6 6.7 6 6.9 7.9
264.8 239.5 215.1 190.5 155.9 184 211 224.9 232.2 238.1 244.3 256.3 267 273.2 275.1 272.2 262.4 248.2 223.4 199 179.9 162.5 144.3 129.6 121.4 111.2 107.6 109.8 113 116.6 120.6 124.8 128.3 132.6 138.1 145.2 153.8 162.6 170.6 181.4 192.3 207.3 221.8 243.8 269.2 291.9 318.3 340.2 366.4 390.8 411.5 430.4 447.5 456.9 464.3 469.4 470 467.8 448.7 419 390.3 363.8 337 312.6 288.6 255.6 207.9 177.2 155.3 140.3 128.6 121.9 121 114.8 106.1 97.5 89.5 81.2 74.3 67.6 60.1 52.7 46.4 38.3 33.8 27 22.1 18.4 17.7 15.9 13.3 10.3 8 8.8 8.8
258.3 232.5 208.9 183 149.2 171.8 198.4 217.8 226.6 233.1 239.3 247.8 258.7 264.9 266.2 261.9 253 236.7 210.7 187.7 169.5 154.1 137 127.1 117.1 106.3 105.8 108.3 111.6 116.3 121.7 127 131.9 138.5 145.2 151.5 157.2 164.6 173.1 184.4 199.6 216.3 234.5 252 279.7 303.3 326.2 350 372.4 393.6 414.5 432.9 448.4 457.9 463.5 469.4 470.2 468.8 451.3 422.2 393.4 366.7 342.2 320 293.1 265.7 226.1 189.1 161.3 144.4 139.8 133.6 131.8 127.1 122.8 115.3 104.4 93.1 82.2 73.2 65.9 57.5 51 43.9 36.7 30.5 25.1 22.7 20.9 19 16.9 14.1 9.8 11.6 11.6
252.9 226.5 203.3 175.2 143.4 159.5 180 198.9 214.4 224.7 232 238.1 244.4 247.7 247.7 245 233.7 215.3 194.6 177 159.9 145.8 132 122.4 110.2 101.7 103.3 107 111.7 117 122.3 126.8 133.2 140 146.2 152.7 161.5 166.9 178.6 191.4 210 229.5 251.7 272.9 293.3 310.7 331.3 355.3 375 394.9 414.3 433.1 446 457.1 462.6 469.3 473.8 472.4 459.6 431.1 402 377.1 354.1 328.9 305.2 277 236.7 199.5 167 153.4 146.4 145 144.4 143.4 143 137.8 125.8 111.1 97.1 83.1 72.6 63.1 54.3 47.5 39.8 33.8 28.3 24.1 22.2 20.4 19.3 16.6 10.9 13.9 14.2
250.3 222.6 197.8 168.4 141.3 143.9 158.3 173.1 187.9 201.7 212.4 218.5 222.3 223 220.7 214.8 203.9 190.1 175.7 160.7 149.4 135.3 124.3 113.4 102.4 101.8 104.5 107.6 114 118.6 122.1 126.8 133.5 139.9 146.2 153.5 163.5 171.6 182 196.8 217.2 239.3 264.9 286.8 307.5 323 338.9 359.3 377.3 396 414.8 432 445.2 456.9 464.8 470.9 476.8 478.9 471.9 444.2 415.7 392.1 370.7 345.8 320.3 291.4 251.7 205.9 180.2 164.7 158 158.2 160.3 164.5 169.7 165.8 151 133.1 114.9 98.3 82.6 70.7 60.3 51.3 44.1 36.9 31.9 27 24.4 20.9 18.1 16.6 12.2 14 16.5
250 223.7 195.1 165.2 138.7 126.9 139 149.9 161.4 172.9 181.8 186.6 189.2 190.5 188.3 184.1 174.7 166 154.5 143.9 133 122.7 112.8 101.9 97 101.9 106.1 111 115.5 116.9 122.2 126.8 134.5 141.7 148 158.8 164.7 172.1 184.3 202.2 222.9 248.3 271 292.5 311.9 329.5 348.4 365.5 383.7 397.6 417.4 431.2 444.7 457.2 465.7 472 478.2 479.7 475.8 462.2 435.7 412.1 389.9 365.3 334.6 303.2 269.4 228.8 196.1 179 172.2 174.5 178.5 191.4 201.5 197.5 180.2 160.1 135.4 113.2 94.4 78.7 66.4 57.1 48.3 41.3 34.9 28.8 23.7 20.5 18 15.5 12.8 13.2 17
247.3 223.1 195.5 166.2 139.8 115.6 121.6 130.5 140.9 150.5 156.1 160 163.7 163.9 160.9 156.9 150.6 142.6 134 125 116.6 107.5 99.3 93.8 99.1 104.3 109.7 116 120.4 122.5 123.9 127.9 135.5 148.3 155.2 164.1 172.7 177.5 192.5 212.6 230.9 253.3 274.1 294.4 312.2 330.3 349 366.1 385.6 403.4 420.5 435.1 445.4 456.4 465.9 473.2 478.6 479.4 476.9 468.5 455.1 435.8 409.9 385.2 353.3 323.4 291.4 256.5 226.6 200.4 200.1 192.3 207.7 211.3 236.7 230.6 209.3 183.7 157.2 129 106 88.5 71.7 61.6 52.3 43.9 38 31.5 26.4 20.9 17.3 13.5 12 14.6 16.7
240.9 221 195.7 169.3 142.8 121.4 104.5 114.9 124.2 129.2 133.6 137 138.2 138.4 137.6 134.8 129.2 121.9 114.7 107.3 99 93.9 93.4 99 104 108.9 115.1 121.7 124.4 125.3 125.7 130.5 137.8 151.4 160.4 166 177 188.3 203.9 220.2 235.2 254.2 272.2 291.6 309.7 325.1 345.1 363.1 382.3 400.7 420.5 434.3 446.2 458 467.3 473.7 477.4 476.2 473.3 466.3 454.4 438.7 417.2 398.4 377.5 343 313.2 283.4 261 241.7 238.6 237 250 254.6 272.3 272.5 234.6 204.6 174.5 144.2 116 95.7 78.7 65.8 56.4 47.9 41.8 34 27.5 21.8 17.3 12.3 15 15.3 16.4
233.8 222.8 197.7 175.2 150.1 126.1 107.3 100.3 109.5 116.2 119.7 120.7 120.8 120 117.9 115 110.8 105.3 99.5 91.8 87.2 90.9 97.1 102.6 107.4 114 122 126.5 128.2 129.5 130.9 133.3 139.7 154.4 163.9 170.4 181.3 197.8 207.9 221.7 234.2 250.9 268.6 286.2 304.6 321.1 339.5 358.2 376.1 395.3 414.7 432.7 446.8 460.2 471.7 477.2 475.5 471.2 466.3 455.9 442.5 425.8 404 385.1 382.1 364.2 332.1 314.8 290.4 285.9 272.6 265.5 296.4 283.9 296.3 292.1 258.4 222 190.2 158.2 127.5 103.5 84.5 69.8 60 50.8 43.4 35.9 29.3 23 18.1 14.4 14.1 15.3 16.4
228.6 223.5 202.1 180.1 157.7 132.8 113.1 91.7 96.4 103 106.2 106.9 107.1 105.1 103.6 100.8 96.3 89.7 84.4 81.8 90.1 95.1 100.8 107.9 116.4 123.3 128.6 130.9 131 132.4 134.4 134.3 142 156.4 166.6 172.6 182.7 195.4 205.4 216.9 228.6 242.5 260.2 278.4 295.7 314.2 333.3 351.3 370.1 389.6 410.1 428.2 444.1 457.8 467.3 475.2 473.2 468.2 457 438.4 424.2 403.6 379.8 357.2 353.9 358.1 346.1 332.7 309.9 315.5 294.8 293 317.3 315.9 321 305.5 277 239.2 202.8 170.7 140 112.5 91.7 75.4 63.6 53.9 44.9 38.4 29.6 24.2 18.9 14.7 15.7 16.1 17
224 222.9 207.3 183.3 166.2 141 119.1 101.3 79 90.5 93.6 94 93.3 91.4 88.6 84.7 80.7 72.3 85.5 89.9 94.2 102.8 112 118.6 124.3 130.2 133.9 135.4 135.3 137.5 139.3 140.1 143.2 150.4 160.3 168.3 178.7 187.7 198.5 204 216.1 232 249.9 269 287 307.5 325.1 345 364 384.6 405.3 424.4 442.1 454.1 463.9 467.7 469.6 460.9 445.3 424.1 406.3 392.1 365.1 333.6 323.7 332.7 333.5 326.7 319.2 316 315.2 320.7 326.7 327.4 327.4 315.4 289.7 253.6 215.1 180.2 148.2 120.5 99.2 82.1 66.9 55 46.1 38.4 30.4 25.9 21.4 14.9 15.8 17.8 18.2
220.3 221.6 211.6 187.2 173.5 146.5 121.5 103.3 89.8 73.6 80.5 81.3 78.4 76.5 73.3 69.6 77.6 84 89.8 96.6 106.2 116.3 122.7 127 132.3 138 141.4 141.4 140.5 142.8 143.7 144 146.9 148.9 154.1 160.6 167.5 174.1 180.7 190.7 202.9 217.7 238.9 260.6 278.7 299.5 318.9 340.7 359.6 380.1 400.3 420.5 437.6 449.8 460.4 465.6 463.5 450.1 429.2 408.3 389.1 373.7 354.4 322.1 294.7 305.2 313.9 311.2 306.2 306.3 310 317.6 325 327.6 330.5 322.2 297.7 260.9 217.6 187.3 157.3 129.1 103.2 83.8 68.6 56.5 46.8 39.2 31.6 27.1 22.2 16.9 18 18.7 19.3
216.9 218.3 210.1 186.8 173.8 146.7 119.1 101.8 89.2 75.6 68.8 71.3 69.2 66 67.6 75 82.9 89.7 96.7 107.3 117.7 124.8 132.5 138.7 145.4 150.3 152 150 150.3 149.4 148.5 149.3 149.3 147.9 154.3 159.3 169.4 177.7 186 195.6 208 224.9 243.2 259.2 274.9 295.3 317 337.1 356.2 374.8 397.3 418.6 434.9 445.5 457.3 461.5 457.8 435.2 413.5 391.6 372.5 354.3 331.3 306.9 279.1 273.4 288.5 291.1 290.7 295.8 301.6 309 318.8 323 327.9 323.2 301.8 273.4 235.9 200.2 166.7 136.5 110.6 87.3 71.8 58.5 47.7 40 32.6 27.5 22.2 17.8 20.2 19.7 20.7
211.2 212.5 203.3 182.1 168.4 138.6 110.9 93.2 83.3 73.3 61.9 61.1 59.1 62.8 69.1 76.6 85.5 94.5 104.8 118 129.6 140.7 148.3 156.2 161.3 165.5 166.5 166.4 164.4 160 157.2 155.6 158.1 158 159.2 163 170.9 179.8 188.9 202.5 219.5 235.3 250.7 264.2 283.3 303.9 321.8 339.6 356.6 377.6 398.3 421.2 435.2 448.7 454.8 456.9 443.8 420.3 398 375.5 357.1 337.9 315.9 293.1 266.1 240.1 263.6 272.7 276.2 281.1 290.5 301.3 310.9 318.2 326.2 325.2 308.3 280.9 248 210.7 175.7 143.4 114.6 92.1 73.3 60.7 48.9 39.8 33.5 26.5 22.9 20.2 23.3 22.6 23
204.1 201.1 187.9 172.4 148.2 120.7 97.3 84.6 75.4 67.2 56.7 54.8 56.5 62.4 68 76.6 85.9 97.1 112.7 133.7 150.2 162.7 173.1 181.1 187.1 190.5 191 188.5 182.8 177.2 171.9 167.9 166.2 166.3 163.5 169.5 175.7 183.9 195 207.6 226.8 246.7 262 272.9 291.8 309.6 326.8 342.1 360.8 383 402.6 426.8 440.5 451.8 458.1 455.2 434.9 409 383.4 362.1 341.3 321.7 302.6 282.8 259.3 226.1 235 251 261.3 267.4 278.2 288 298.1 307.9 317.4 316.8 306.5 286.4 256.4 217.1 182.4 148.9 119.5 95.1 75.7 60.5 49.1 39.7 32.7 26.6 22.2 21.5 23.2 24.6 25.3
192.2 184.2 173.8 150.3 124.6 100 85 76 68.3 60.7 51.6 51 55.8 61.2 65.7 76.4 86.5 98.3 124.8 148.9 174.6 193 207.1 216.2 221 222.1 221 218 210.4 200.8 192.8 183.6 177.5 175.3 172.2 173.8 181.1 188 202.1 218.6 236.7 253.6 266.9 285.9 304.3 318.2 333 348.3 367.8 388.1 406.3 426.3 442.6 450.2 454.2 442.1 419.5 393.8 368.5 345.9 325.2 305.2 287.5 269.3 250.6 222.2 203.3 231.7 247 255.9 263.9 274.2 284.3 294.4 302.6 303.9 300.5 288.1 262.6 225 188.9 154.8 123.9 98.4 78.1 62 50.3 39.6 32.6 26.3 22.1 21.1 23.4 24.2 24.9
176.1 170.2 153.5 126.5 101.5 86.1 77.2 70.5 61.2 55.7 47 51.1 54.8 60.1 66.7 73.8 86.3 100 126.7 153.6 185.5 206.2 222.6 233.8 239.8 244.2 248 250.5 246.4 230.5 212.1 199.3 192.3 188.7 184.7 174.7 180.5 188.7 205.7 225 241.5 257.9 278.5 297.6 313.9 328.9 341.4 356.3 375 392.1 409.1 425.5 439.6 446.6 446.1 422.7 398.1 374.1 350.7 327.4 306.7 288.7 271.3 254.8 238.3 205.5 176.1 215.2 235.7 245.3 254.2 263.8 273 282.5 290.2 294.5 296.1 287.4 268.8 231.6 194.2 160.3 127.7 101.7 80.5 63.8 50.6 40.5 33.2 26.9 21.6 21 21.9 23.5 24.8
160 153.9 128.8 101.8 85.6 77.2 71.1 63.5 55.6 51.8 43.4 49.2 53.8 58.5 65.9 73.7 85.8 100.8 123.8 150.8 183.9 213.4 232.2 246 254.5 262.9 271.8 273.6 265 250.5 233.1 216.6 205.7 197.8 188.8 186.2 188.9 193.2 206.1 223.3 244.6 266 285 305 323 338.2 350.3 364.8 379.5 394.8 411.7 423.5 436.2 441.1 429.7 400.5 374.9 350.3 326.9 303.7 286.5 269.8 252.4 240.4 225.8 193 160.6 200.2 225.6 236.5 244.2 253.5 263.3 272 281.2 287.8 292.7 287.8 275 239.5 202.1 167.2 133.6 105.5 82.2 65.1 51.6 40.6 32.6 26.7 21.9 20.1 22.8 24 25
