WholeMapElevations/data/nh/nh39_OST50GRID_20230518/NH39.asc
ncols 200
nrows 200
xllcorner 230000
yllcorner 890000
cellsize 50
[rows 0 to 34 of 200, columns 78 to 155 of 200]
269 272.6 276.2 277.3 277.4 276.3 271 266 262.2 259.7 256.8 254 250 246.6 243.5 241.1 238.2 235 232.4 230.5 228.7 226.8 225.2 223.6 222.5 219.9 217.4 215.9 213.8 211.3 208.9 206.3 203.9 201.6 199.3 195.9 192.9 190.1 186 181.8 177.9 174 170.3 168.4 164.2 157.8 151.6 146 141.3 136.6 132.9 131.7 129.2 126.2 122.3 117.8 112.3 107.6 103 100.3 97.7 94 90.7 88.3 83.1 77.8 74.4 72.4 70.9 68.2 64.9 61 59.8 59.8 61.4 59.4 55.3 51.8
273.9 278.4 281.4 283 284.4 284 279.8 273.1 268.9 266.4 263.7 260.4 254.4 249.7 247.3 244.9 241.6 238.5 235.4 233.6 231.2 228.9 227.3 225.6 224.4 221.8 219.5 218 215.6 213.2 210.7 208.3 205.9 203.3 200.8 198.2 195.8 193.4 190.7 187.3 184 180.5 176 171.5 167.2 161.2 155.5 150.2 145.5 141.1 135.7 131.8 128.4 122.9 119.5 114.5 109.6 104.8 101.6 97.2 94.3 91.7 89.7 84.7 80.3 75.6 71 68.9 67.5 64.2 60.2 59.5 60.9 64.4 66.9 66.6 61.8 52.5
278 282.5 285.5 289.1 290.4 289.9 288.2 282 276.8 272.6 269.9 265.4 261.2 256.9 253.3 249.8 245.1 241.8 238.4 235.3 232.8 230.8 229 227.8 226.3 223.8 221.7 219.9 217.4 215 212.6 210 207.1 204.5 201.8 199.2 197.2 194.8 192.1 189.4 186.1 182.7 177.9 174.1 170.6 165.6 159.6 152.6 147.3 142.9 136.6 132.7 128.5 124.5 119.7 114.6 109 106.5 102.9 96.8 93.3 89.7 85.5 80.4 74.9 69.1 69.3 66.7 62.5 59.1 55.3 54.2 58.8 59.4 62.6 59.1 49.7 46
281.2 285.7 289.3 294 295.5 294.2 293.6 290.8 285.5 280.1 275.4 271.6 267.5 263.9 260.7 256.3 252.3 246.8 241.7 237.4 234.7 232.7 230.8 229.6 228.2 226 223.9 221.7 219.2 216.7 214.1 211.4 207.9 205.3 202.7 200.1 198 196 193.1 190.3 187.3 182.8 176.6 172.2 168.6 164.6 159.1 153.1 148.9 144.1 137.8 132.3 128.6 124.7 119.8 114.8 109.7 105.2 101.5 94.9 91.9 85.8 79.5 73.3 70.5 70.1 61.4 58.5 57.1 53.9 49.4 46.3 45.8 42.3 43.7 42.8 41.2 39.3
284.4 289.8 294.7 297.2 300.1 301 300.7 298.3 294.3 287.5 279.9 275.7 273.2 270 266.1 261.4 256.5 252.2 247.1 241.1 237.3 234.8 232.7 231.2 229.3 227.1 224.9 222.3 220.6 218.2 215.7 212.6 209 206.2 203.6 201 198.7 196.5 193.6 190.2 187.1 182.5 176.2 170.3 166.6 165.7 160.5 154.9 151.5 145.7 139.5 132.6 128.2 122.6 118.1 114.1 107.4 102.6 96.9 91.5 87 78.3 73.4 68.6 69.1 64.4 60.6 55.3 49.2 45.8 44.9 43.3 41.7 40.7 40.4 39.3 35.2 34.6
286 292.4 296.8 299.8 302.4 304.8 306 304.3 298.9 293.4 286.7 279.6 276.5 273.9 270.2 265.6 261.7 257.6 251.8 246.6 241.6 237.2 235 232.2 229.8 227.7 224.7 221.8 219.9 218.3 216.2 212.4 208.3 205.9 203.4 200.8 198 195.5 191.5 188.2 185.8 181.4 173.3 168.3 163.7 160.9 157.2 154.6 152.4 147.2 140.5 134.1 128.9 123.5 117 111.1 103.1 100 93.6 87.9 81.6 76.7 73.8 66.5 64.6 60.5 55.5 49.1 47.3 43.3 36 34.1 33.8 34.8 37.9 39.4 40.9 43.7
286.2 292.6 297.6 301.1 304 306.7 309.1 308.2 305.4 299.4 294.7 288.5 280.9 277.4 272.1 268.1 265.3 261.6 257.5 252.7 247.5 242.1 236.9 233.9 230.7 227.5 224.6 221.6 219.2 217.4 214.8 211.4 207.8 205.4 202.6 199.2 196.5 192.5 187.5 183.3 180.4 175.8 169 164 159.7 157.5 154.6 152.2 148.9 145.2 140 132.6 126.1 120.5 113.4 105.9 101.3 95.6 88.6 81.7 78 75 70 65.2 59.2 58.4 50.6 45.1 41.5 34.2 38.9 41.8 42.2 43.9 45.8 48.5 53.7 56.7
287.3 293.4 297.9 301.6 305.4 307.4 309.1 310.8 309.9 307.6 303.8 299.6 291.1 281.3 275.9 272.1 268.8 264.3 260.6 255.9 251.3 246.5 240.2 236.8 233.4 229.5 225.5 221.8 218.6 215.3 212.8 209.6 206.9 203.8 200.8 197.3 193.6 189.7 184.7 179.7 175 170.3 165.5 161.4 157.8 154.9 149.5 145.3 143.3 138.3 133.5 127.3 120.3 116.2 111.1 99.5 95.7 88.3 83.9 78.4 75 72.5 68.7 63.2 61.5 54.4 46.4 40.5 34.2 40.4 43.3 45.8 50 53.1 55.3 61.4 65.3 65.8
288.1 294.3 298.4 302.2 305.8 308.7 310.6 314.4 318.4 317.4 314.2 308.8 300.1 290 281.8 276.6 272 266.6 263.4 259.1 255.1 250.5 246.4 241 235.8 232 228.1 224 219.4 215.4 211.6 208.7 205.9 202.7 198.6 194.5 190.6 186.9 181.9 176.9 171.9 167.1 162.7 158.9 155.3 151.4 145.9 140.7 137.1 132.4 126.5 121.4 113.2 108.7 102 96.2 91 85.6 81.9 77.9 74.1 70.6 66.9 63.7 57.3 47.7 46.1 37.5 41.5 43.8 47.5 55.7 59.8 63.9 66.5 68.7 70 70.8
287 293.6 299.1 302.9 306.2 309.5 313.8 317.9 321.5 325.2 324.3 320.4 311.5 299.7 290.4 283.1 276.8 270.8 266.4 262.1 258.2 254.2 250.6 245.2 239.4 234.7 230.1 225.5 220.9 216.4 212.1 208 204 199.9 195.8 191.7 187.6 183.3 178.9 174.1 169 165.2 161.8 156.5 150.8 147.4 142 137.6 131.4 127.9 122.9 115.5 108 103.9 97.8 91.9 87.2 83.4 79.9 76.8 72.5 69.6 63.4 60.3 48.3 46.5 44.3 36.1 47.5 53.9 61.4 67.8 71.2 69.7 71.5 72.9 73.3 71.2
288.5 293.3 297.4 300.8 304.9 308.9 313.9 317.5 321.4 326.3 329 327.1 321.9 311.5 300.9 293.6 285.3 278.3 271.9 265.2 259.6 254.8 250.4 244.5 240.4 235.5 231.1 226.6 222.2 216.6 212.2 207.7 202.8 198.6 194.5 190.4 185.6 181 176.3 171.5 167.2 162.3 159.2 153.3 148.7 145.1 138.9 134.5 127.9 123.3 116.8 110.9 105.3 103.4 96.1 88.9 84.5 80.6 77.9 73.2 70.9 65 59.3 51.2 46.8 43.1 36.6 50.5 59.5 67.1 74.1 76 76.2 74.8 76 77.3 79.2 78.2
288.2 292.9 296.4 299.7 303.8 307.7 312 317.4 321 325.7 330 332.2 330.6 323.2 313.8 306.4 300 286.2 277.1 270 263.4 256.4 250.2 244.7 239.8 235.3 230.4 226 221.5 216.6 212.1 207.6 202.5 197.6 193.4 188.9 183.7 178.3 173.4 168.9 164.4 159.8 155.8 150.6 145.2 139.8 137.1 130.7 124.1 116.7 112.6 108.7 105.1 100.9 93.5 88 83.2 80.6 79 64.1 69.8 65.8 54 47.2 39.6 37.4 52.6 66.4 69.4 75.2 82.1 79.8 77.4 78.1 82.1 82.7 84.3 82.9
286.5 291 294.2 298.1 301.8 305.6 309.9 315.7 321.1 325.5 329.6 332.8 333.1 328.4 320.9 317.5 312.4 305.5 288.4 275.4 265.8 257.5 251.3 244.2 238 233.8 229.6 224.9 220.2 215.6 211.8 207.3 201.9 196.3 191.7 186.3 180.6 175.4 170.6 166.3 161.8 157.5 153.6 148.3 143 138.9 135.2 129 121.7 116.7 110.6 106.4 102 99.2 90.1 82.1 79.1 77.7 76.3 67.9 65.8 57.4 50 35.8 43.5 55.7 71.1 74.2 77.9 82.2 83.2 82.1 85.5 89.3 89.8 88.7 89.3 88.6
282.9 287.9 290.9 293.3 297.8 302.2 307 312.4 318.4 324.9 329.8 333.1 337.9 335.4 330.3 324.3 318.6 311.7 299.8 282.1 268.7 258 250.8 244.1 236.7 232 226.3 221.7 217 212.9 208.9 204.9 199.6 194.1 188.9 183.7 178.3 173 168.2 163.1 157.9 155 150.4 146.2 141.1 135.7 132.2 124.8 119.4 114.5 109.8 103.8 99.6 96.5 91.4 81.9 74.8 72.2 70.8 67.4 52.1 49 35.9 46.4 57.9 73.4 80.3 80.3 86.2 88.2 90.4 99.7 102.1 104.7 101.9 101.6 100.3 96.2
278.7 283.9 288.6 290.2 292.2 296.9 302.6 307.4 312.9 320.1 326.8 331.8 336.2 338.9 336.3 332.6 323.9 318.8 307.6 291.3 274.8 259.8 249.9 242.9 235.9 230.1 223.7 218.3 213.9 209.5 205.5 200.2 195.2 190.1 184.7 181 176.1 170.8 165.2 160.2 155 151.1 146.9 143 139.4 136.6 127.8 123.5 118.8 112.8 107 103.1 98 91 81.2 74.1 73.1 72.2 66.2 53 49.8 36 46.8 58.4 66.1 82.4 85.9 85.1 90.5 90.9 98.6 103.4 104.8 104.8 102.5 101.7 100.6 100.3
274.5 279.2 283.6 286.7 288.4 292.1 295.6 301.4 306.7 313 320.3 326.1 331.1 335.4 338.8 336.6 334.3 324.3 315.1 305.8 289.4 271.5 251.9 242 234.5 228.1 222.5 215.6 210.6 205.2 199.6 194 188.9 186 181.6 175 173 168.4 161.8 157.3 153.3 148.7 144 139.5 137.2 134 127.4 123.2 116.3 111.8 104.9 101.2 93.5 84.2 77.6 74.3 69.7 68.7 54.6 50.9 37.7 48.5 65.8 76.6 80.3 81.2 90.3 88.9 92.2 101.6 103.3 103.2 104.9 103.9 102 100.8 101.7 103.3
270.4 274.8 278.8 280.6 282.1 286.3 291.7 295.8 299.5 305.2 311.9 317.6 323.1 324.5 329.5 332.1 331 325.7 320.4 314.9 300.9 284 263.5 250.5 237.3 227.4 219.5 212.3 206.5 200.3 195 190.3 186.9 181.4 176.9 171.3 165.1 164.6 156.8 152.8 150.1 147.1 144.1 140.1 135.9 132.8 128.1 121.1 112.3 105.5 100.6 96.6 91.9 85.9 78.7 69.7 73.7 56.7 45.8 40 49.5 67.5 78.9 87.7 84.4 80.7 86.9 89.8 96.2 103.5 104 103.3 102.6 101.9 101.7 102.7 106.3 104.5
265.7 269.5 273.5 275.7 278.2 281.1 285.1 289.5 292.8 296.5 303.1 308.6 311.6 315.6 314 317.7 317.4 313.9 306 307.7 302.5 291.8 280 265.9 251.2 237.3 224 213.8 204.2 197.8 192.3 187.5 182.7 177.9 173 164.9 159.6 157.6 154.8 151.3 148.2 145.4 143.8 145.8 138 131.3 124.1 116.3 109 99.2 97.2 91.2 89.3 82.3 79.1 75 61.7 46 39.6 47.4 60.3 72.1 84.4 89.3 84.3 84.8 89.3 91.9 96.6 103.2 103.6 105.3 102.7 102.7 103.4 105.3 108.2 108.9
261.3 265.5 268.1 272.1 273.5 275 279.9 283.7 285.5 287.7 292.4 294.7 296.1 298.8 298.2 295.1 300.8 295.1 287.1 285.6 289.7 284.8 274.3 262.4 249.9 239.4 226.7 214.6 204.4 196.4 191.1 185.8 181.1 176.2 171.3 164.3 161.2 155.3 151 150.4 146.3 143.4 141.5 140 132.4 126.4 122.2 114.8 102.8 95 92.5 90.3 85.7 82.7 69 74.2 53.2 44.1 43.7 54.3 65.1 76.3 86.6 87 87.9 89.5 92.8 96.6 100.6 102.6 104 105.2 104.7 104.4 106 108.5 109.5 110.8
255.6 259.5 262.7 263.5 264.8 268.5 272.4 276.3 278.1 277.8 277.1 279.1 280.2 277.2 276.5 274.9 278.8 281.9 274.5 263.6 260.7 261.6 256.3 249.2 242.7 232.3 220.9 209.7 201.4 195.9 190.9 184.1 177.7 172.5 169.3 164 159.6 155.3 150.6 147.8 144.5 141.6 137.5 132.9 125.9 122.5 118.6 106.7 100 91.9 88.1 85.9 84.8 79.7 67.9 47.9 41.4 52.2 56.2 62 74 86.1 91.7 90.7 93.7 94.6 102.5 109.1 104 104.5 105.6 105.4 106.9 108.2 112.2 113.2 111.4 110
249.3 252.1 253.7 256.2 259.3 260.8 264.2 267.1 269.3 267.9 266 263.5 263.1 262.5 259.5 257.1 257.7 260.7 258.9 247.3 240.2 238.1 235.7 232.5 227.8 221.1 211.2 202.4 196.1 192.4 187.9 181.5 174.2 167.5 164.7 161.8 157.8 152.6 149.2 145.7 142.2 140.9 135.8 127.2 120.9 113.8 107.7 99 96.3 88.2 84.9 78.6 75.4 71 50.9 41.1 57.2 61 64.6 75.9 88.4 93.9 93 93.9 97.6 100.1 103.4 105.9 104.8 105.6 107.3 107.6 108 110.1 112.8 113.5 112 113.8
243.9 246.6 248.5 250.7 253.2 253.8 256.5 258.1 260.1 260.3 257.9 253.4 248.9 247.3 245.9 242.6 241.9 241.9 237.9 232 226.2 222.7 220.5 217.1 213.5 207.8 199.9 193.8 189.7 185.6 181.6 176.5 171.3 164.5 160.4 157.4 153.4 149.7 146 140.8 136.6 135.1 129.6 122.1 113 105.7 103.5 92.9 90.9 84.7 82.4 77.4 69.9 46.4 45 62.9 63.4 65.3 72.5 85.7 96.4 96.1 99.5 101.2 103.2 104.7 104.1 106.2 107.2 107.4 110 111.5 111.2 112.5 113.5 114.7 117.8 120.4
239.5 241 242.1 243.5 245.2 246.7 247.8 247.9 247.9 248.5 245.8 241.4 236.9 233.2 230.7 230.2 228.5 227.7 224.4 219.4 213.8 211.6 209.6 206.9 202.8 197.9 191.4 184.9 179.8 175.7 172.2 170.5 166.9 158.5 150.7 149.7 144.7 140.4 138.5 133.7 128.8 121.7 117.2 111.2 103.5 96.4 90.8 80.6 78.8 77.7 78.9 69.3 41.5 54.9 66.1 68.9 67.5 73.9 80.8 87.6 93.3 96.3 104.1 107.6 111.1 110.8 110.3 111.6 110.7 111.3 113.6 116.8 114 115.6 117 119.7 123.9 128.1
233 233.5 235.2 237.5 238.8 239.2 239.9 237.7 236.6 235.3 233.2 231.5 226.7 222.4 218.9 216.3 215.3 214.3 212.9 208.8 204.4 202.8 200.2 197.1 193.3 188.6 184.1 178.8 173.1 167.3 162.7 160 157.1 148.8 139.3 137.9 136.4 132.1 128.4 125.5 110.3 103.9 98 94.3 87.2 77.7 70.4 61.2 60.1 58 51.1 41.9 62.5 76.4 83 81.8 79.1 77.9 78.1 84.7 88.9 93.9 103.8 112.7 115.1 112.5 116.7 114.6 113.1 113.1 114.6 116.6 118.2 120 124.9 127.3 131 134.9
226.9 226.5 227.6 230.3 232.2 232.8 231.1 228.6 225.7 223.7 221.9 219.8 215.9 212.3 207.3 204.2 202.5 201.1 199.5 196.7 193 192.1 189.6 185.8 182.6 179.5 175.8 171.2 166.3 159.6 153.2 147.2 142.6 138.2 132.2 131.9 131.6 126.9 123.3 120.4 107.5 91.2 76.2 77.3 70.7 42.7 53.4 54.1 54.3 66.2 66.7 69.1 58.5 84.9 97.9 100.8 97.7 96.8 92 90.2 96.3 100.8 101.4 104.6 110.6 116.6 115 115.3 114.7 115.7 118.3 121 126.8 131.5 136 138.9 145 153
224.9 223.4 223.2 223.1 223.9 224.9 223.1 219.4 214.7 212.7 210.7 208.7 206 202.9 197 192.4 189.2 187.8 185.6 182.7 179.7 177.9 176.4 174.1 171.4 168.8 164.9 160.8 157 150.6 144.7 138.4 132.6 125.7 120.7 120.5 120.4 118.1 114.7 107.2 97.8 85.3 68.7 47.5 49.5 72.1 73.8 74.2 75.5 78.2 79.7 78.5 77.8 79.4 94.8 103.2 103.2 102.1 100.3 96.2 97.5 103.1 106.5 110 113.6 117.1 115.3 115.9 117.6 123.4 128.2 128.4 136 142.1 150.7 160.1 166.1 171.4
223.3 221.8 220.8 220.1 218.9 216.9 216.4 212.2 206.8 204 201.7 199.2 197 192.6 186.8 180.7 176.3 174.4 170.8 166.9 164.3 161.9 160.1 158.9 157.9 156 153.9 150.1 146.5 142 136.1 130 122.5 115.4 110.3 106.1 105.7 105 98.5 93.8 82.5 68.1 47.6 77.7 80.8 81 80.8 83.5 85.7 89.7 93.6 91.7 90 85.1 70.5 92.7 105.6 103.5 103.5 106.7 104.5 101.8 107.4 113 116.9 117.1 118.3 121.5 126.1 133 136.6 138.6 145.5 158.2 172.7 174.8 176.7 180
222.2 221.8 220.4 218.3 217.1 213.9 210.6 206 201.3 195.8 192.1 189.9 188.2 184.9 179.2 171 164.2 160 156.1 152.1 148.2 145.6 143.5 142.7 141.8 141.3 140 136.6 133.7 131 126.1 120.8 112.5 103.9 99.4 96.5 90.6 87.8 84.7 74.1 61.1 52.4 82.7 88.5 87.8 87 86.7 88.5 94.5 101.4 103.8 101 98.5 94.2 92.7 85.1 90.9 101.5 105.6 108.1 106.8 107 108.3 112.5 116.9 120.5 123.2 129.2 132.6 137.2 142.1 149.5 158.5 170.4 182 187.2 187.8 191.6
222.4 222 220.6 214.5 214.1 213.7 206.7 198.9 194.7 189.4 185.4 180.8 178 175.2 169.8 161.2 154.4 148.3 143.7 139.1 134.2 130.9 129 127.5 125.9 125 124.2 123 121.2 119.7 114.7 108.5 98.9 89.3 84.5 85 80 79.8 73.3 55.1 56.4 87.3 94.2 100.5 100.2 95.4 97.5 96.3 101.4 104 108.5 108.1 105.2 102.9 98.7 97.6 92.3 99.7 105.4 109.7 109 109.8 111.7 115 122.8 128.2 129.8 134.6 139.5 145.2 150 166.7 177.8 177.9 177.3 182 187.9 193.1
218.9 217.6 215.1 213 212 206.8 201.2 194 188.8 183.4 177.1 171.7 168.8 164 160 152.3 146.5 139.7 132.7 127.5 122.6 118.5 116 115.1 113 112.3 109.2 108.9 109 106.7 100.8 89.1 77 69.6 65.3 68.4 59.8 51.2 57.4 71.4 77 95.8 107 109.4 107.3 107.2 105.7 102.6 102.9 106.7 109.4 108.9 106.7 105.8 104.4 101.2 101.2 95 104.3 107.2 110 114.7 116.6 124.4 128.2 133.3 137.9 138 145.8 152.3 164.4 180.9 184.3 189 189.8 190.1 190.1 191.5
211.9 212.5 212.5 209.6 202.9 198.8 196.4 190.8 185.9 176 169.8 164.9 158.2 153 150.7 144.7 138.6 131.1 123.7 117.3 112.6 108.4 104.3 104.3 104.7 103.6 97 96.8 91.5 85 78.2 64.8 56.5 53.5 60.5 65.4 70.3 74.1 80.4 90.4 96.2 103.3 114.8 113.6 113.5 115.4 112.9 110.3 109.7 112.4 112.8 113.7 111.4 108.8 109.7 105.1 96.2 99.5 105.8 110.8 113.6 118.1 121.7 129 135 137.5 144.2 149.6 150.8 164.4 177.3 187.4 199.3 201 203.6 202.1 199.9 200.6
201.8 200.5 199.9 199.2 196.4 190.5 186.5 182.1 175.6 169.8 165.2 156.9 149.3 144.1 140.5 136.1 130.2 122.6 115.7 108.8 103.1 99 95.4 93.9 95.5 91.7 84 83 78.1 69.6 54.6 70.5 73.7 79.1 80 83.1 87.4 92.5 97.6 106.1 108.9 113.5 115.7 116.9 119.6 120.4 118.5 117.2 116.3 116.3 116.2 116.4 114.2 111.6 110.4 99.8 97.1 100.5 108.5 116.5 119 126.6 129.7 137.3 142.7 147.7 155.6 160.8 167.4 176.1 183.5 192.4 203.1 206.9 209.1 208.2 207.8 208.4
192.3 190.2 189.2 186.7 185 183.1 182.9 180.9 172.5 161.5 157.2 151.8 144 137.7 133 128.1 121.6 114.6 107.5 100.8 95.1 89.1 85 77.3 80.5 75.1 66.9 59.5 59.5 57.5 84.3 94.5 98.7 96.4 94.6 97.5 103.7 114.8 114.3 117 118.9 119.8 122.3 126.9 127.8 129.6 125.4 124.3 122 119.3 118.6 118.6 115.8 113.3 108.7 99.1 100.7 106.7 107.6 120.6 126.3 131.1 137.8 145 155.4 160.9 164.6 174.2 186.3 190.9 191 193.3 197.8 202.1 206 207.1 207.9 209.1
188 186.5 183 179.2 175.3 171.7 166.9 163.6 160 155.4 151 145.4 138.8 135.1 127.4 118.8 112 106.1 99 93.4 87.4 81.3 72 65.3 67.8 72.2 77.2 81.9 81.6 86.6 98.1 112.6 115 112.8 113.5 114.4 115.6 119.4 127.3 130.4 127.6 126.6 129.4 130.8 134 133.7 132.8 131.3 126.8 126.3 125 122.3 119.3 116.7 111.5 104.8 108.4 113.1 120 118.3 129.1 144.5 153.5 160.1 174.6 179.5 182.6 188.9 197.1 201.2 203.3 202.7 203.1 202.1 204.6 206.9 208 210.8
179.3 176.4 171.1 166.5 164.4 160.8 158.3 155.1 153.3 147.9 145.2 142.9 135.5 126.7 120.3 112 102.1 96.2 91.1 85.9 79.3 69.9 74 81.5 83.2 89.1 93 95.2 96.9 100.9 110.8 121.9 127.2 127.4 129.5 129.7 127.6 129.4 134 135.3 135.1 136 135.9 135.9 135.7 136.4 136.1 137.1 130.7 129.1 128.8 126.7 122.5 119.6 110.8 111.1 120 126.9 134.5 138.7 141.9 138.8 157.7 174.2 182.5 192.1 199.1 202.4 204.8 206.1 206.9 211.3 210.7 209.9 209.9 211.2 214.4 214.5
