WholeMapElevations/data/nh/nh76_OST50GRID_20230518/NH76.asc
ncols 200
nrows 200
xllcorner 270000
yllcorner 860000
cellsize 50
[rows 111 to 147 of 200, columns 83 to 165 of 200]
103.9 106.5 107.2 108.3 109.2 109.8 110.8 112 112.6 113.3 114.2 115 115.7 116.6 118.2 119.7 121.2 123.1 124.4 126.2 127.9 128.2 126.2 127.8 128.7 128.7 129.9 130.5 131.1 131.7 131.6 132.1 133.4 134.5 135.3 136.2 137.3 138.7 139.3 139.9 140.5 141.2 142.2 142.4 142.5 142.2 141.7 141.1 140.3 139.1 138.2 137.1 136 134.9 133.7 132.5 131.3 130.1 128.8 127.6 126.2 124.7 123.5 121.9 120.4 118.8 117.2 115.4 113.5 111.8 110 108.2 106.5 104.7 103 101.2 99.4 97.2 95.2 92.6 90.2 87.8 84.8
109.3 110.4 111.2 110.4 112.8 113.9 114.1 114.8 115.5 116.3 117.2 118 118.7 120 121.5 123.1 124.6 126.2 127.5 128.5 129.9 130.4 129.5 129.7 131.2 131.4 132.1 132.3 132.9 133.2 133.6 134.1 134.7 136 137.2 138.3 139.4 140.3 140.9 141.5 142.1 142.7 142.7 142.1 141.6 141.2 140.8 140.2 139 137.8 136.9 135.8 134.5 133.1 131.8 130.7 129.6 128.3 127.1 125.8 124.5 123 121.5 120.4 118.8 117.1 115.5 113.9 112.3 110.5 108.8 106.9 104.9 103.1 101.4 99.3 96.5 94.4 92 89.4 87.4 85.2 82.3
113.4 113.9 114.3 113.4 115.9 116.3 116.8 117.5 118.4 119.2 120.1 121.4 122.2 123.4 124.6 126.1 127.6 128.7 129.8 130.5 131.8 132.2 132.9 132.7 133.3 133.7 134.1 134.3 134.6 135.1 135.7 136.3 136.9 138.2 139.4 140.4 141.3 141.9 142.4 143 143.2 143 142.6 141.8 141.3 140.8 140.1 138.7 137.7 136.6 135.5 134.1 132.8 131.4 130.1 128.9 127.8 126.5 125.3 124 122.8 121.5 120.3 119.3 117.8 116 113.8 112.2 111 108.6 106.6 105.3 103.4 101.2 99.1 97 94.9 92.9 90.9 87.6 79.1 80.8 79.6
116.5 116.8 117 116.7 118.3 118.8 119.3 120.3 121.3 122.1 123.4 124.7 125.7 126.6 127.8 129.1 130.3 131 132 132.7 133.4 134.2 134.6 134.7 135.1 135.4 136 136.2 136.6 137.3 138 138.6 139.2 140 141.3 142 142.4 143.1 143.3 143.5 143.3 143 142.5 141.4 140.9 140 138.7 137.3 135.9 134.9 133.9 132.4 131 129.7 128.5 127.2 126.1 124.9 123.8 122.7 121.6 120.3 119.5 118.2 116.7 114.8 112.7 102.7 95.7 96.9 95.9 98.9 95.7 91.5 87.1 85.7 82 84.7 82.1 76.1 68.4 67.5 70.9
118.7 119 119.3 119.5 120.6 121.2 122.1 123.1 124.3 125.4 126.7 127.7 128.8 129.7 130.9 131.8 132.6 133.3 134.2 134.7 135.2 135.6 135.9 136.4 136.6 137 137.9 138.1 138.6 139.2 140 140.6 141.2 141.7 142.6 143.1 143.5 143.5 143.6 143.6 143.2 142.7 141.8 141.1 140 138.6 137.2 135.9 134.5 133.3 132.6 131.1 129.7 128.7 127.6 126.6 125.5 124.4 123.1 121.8 120.5 119.6 118.2 116.7 115.1 113 108.1 98.5 82.4 62.8 70.9 81.4 87.7 69.2 57.3 75.2 72 71.1 69.4 60 52.9 57.9 57.2
120.9 121.2 121.5 121.8 122.7 123.9 125.2 126.6 127.8 128.8 129.5 130.5 131.5 132.4 133.2 134 134.8 135.1 135.8 136.6 136.9 137 137.5 138.2 138.5 138.5 139.7 140.2 140.5 141 141.6 142.1 142.7 143.3 143.8 144.1 144.3 143.9 143.9 143.3 142.7 141.7 140.8 139.7 138.4 137.2 135.9 135 134 132.6 131.2 129.8 128.5 127.7 126.9 125.8 124.4 123.5 122.1 120.8 119.5 117.8 116.5 114.9 113.8 106.1 93.7 83.6 67.9 80 65 49.8 52.3 41 49.2 47 38.3 52.2 50.1 27.4 22.8 32.6 43
122.6 123.2 124 124.6 125.6 127.5 128.9 130.1 130.5 131 132.2 133.1 134 134.7 135.4 136.2 136.6 136.6 137.3 138.1 138.7 138.9 139.6 139.7 140.1 140.3 141.1 141.6 141.8 142.4 143.1 143.7 144.2 144.6 144.7 145 144.6 144 143.3 142.6 141.6 140.6 139.7 138.4 137.5 136.3 135.6 134.6 133.4 132 130.8 129.4 128 127 125.7 124.4 123.5 122.5 121.2 119 117.7 116.3 111 106.3 105 98.7 77.6 71 84.1 93.7 85 74.5 66 71 50.2 62.5 60 41.7 33 35.2 38 16 11.6
125.6 126.5 127.5 128.3 129.1 130.7 132.1 132.7 133.3 133.5 134.9 135.6 136.3 137 137.7 138.4 138.2 138.5 139 139.6 140.2 140.3 140.4 141.3 141.5 141.9 142.5 143.2 143.5 144 144.7 145.2 145.2 145.4 145.3 144.7 144.1 143.3 142.5 141.8 140.7 139.6 138.2 137 136.6 135.7 135.2 134.2 132.9 131.7 130.5 129.2 127.7 126.1 123.8 120.1 118.4 119.8 115.5 109.3 106 107.3 102.2 91.3 91.1 84.3 75.2 88.1 96.7 100.9 95.1 93 89.5 80.3 73.8 82.4 76.5 68.5 60.5 61 56.9 54.1 23.6
129 129.9 130.9 131.6 132.2 133.5 134.8 135.5 136.4 136.6 137.6 137.9 138.6 139.3 139.8 140.2 140.2 140.7 141.2 141.4 141 141.1 141.9 142.8 143.1 143.5 144.1 144.7 145.2 145.6 145.7 145.7 145.9 145.4 144.7 144.1 143.5 142.7 141.9 141.4 140.8 139.6 138.6 137.6 136.3 135.1 134.2 133.6 132.7 131.5 130.2 128.9 127.3 124.7 115.4 104.2 103.7 102.6 99.8 99.3 100 97.2 98.9 106.8 107.2 103 97.8 104.3 106 104.5 102.2 99.4 91.1 78.8 89 90 88.4 83.6 78.5 66 48.4 28.6 7.5
132.1 133 133.8 134.6 135.3 136.5 137.6 138.3 138.9 139.4 140.1 139.7 140.8 141.3 141.7 142.1 142.4 142.6 142.7 142.7 142.7 142.9 143.5 144.2 144.7 145.1 145.6 146 146.1 146.1 146.2 146.1 145.5 144.8 144.2 143.5 142.8 142.1 141.5 141 140.5 139.9 138.8 137.6 136.6 136 134.7 132.6 131.1 130.6 127.9 125.5 122.8 118.4 109.5 113.2 117.2 114.8 114.6 116.6 114.3 114.1 113.6 114.4 112.1 111.5 109.8 108.7 107.2 105.1 101.7 93.3 86.1 93.2 93.5 82.1 61.5 45.9 47.1 35 17.4 2.2 -1.3
134.8 136 136.8 137.6 138.4 138.2 139.9 140.3 140.8 141.6 141.9 141.9 142.7 143.1 143.5 143.9 144.2 144.1 144.4 144.5 144.6 145.1 145.5 145.9 146.1 146.4 146.6 146.6 146.4 146.2 146 145.6 144.9 144.2 143.6 143 142.3 141.7 141.2 140.6 140.1 139.5 138.9 138 137 136.1 135.3 133.9 132.6 131.5 129.9 127.3 124.4 110.7 107.5 123.2 123 122.1 121.2 120 118.9 117.6 116.4 114.9 113.4 112 110.6 108.6 106.2 101.9 95.5 92.3 100.3 98.6 91.3 79.4 54.1 29.6 16.9 12.2 2.4 -1.3 -1.3
137.1 138.9 139.7 140.5 141.3 141.3 141.7 141.5 142.6 143.3 143.8 144.1 144.3 144.6 145.3 145.7 145.9 146.2 146.3 146.5 146.7 146.9 147.1 146.9 146.4 146.7 146.8 146 145.8 145.6 145.4 145.1 144.4 143.7 143 142.4 141.9 141.3 140.8 140.2 139.6 138.9 138.6 137.7 136.9 136 135.2 134.2 132.6 131.1 129.1 123.1 112.1 112.2 123.4 125.1 124.4 123.4 121.8 120.4 119.5 117.9 116.1 114.5 113.6 112.8 112.1 110.3 108.7 105.4 98.1 103.4 102.8 98.8 83.9 59.9 34 16.2 9.4 4.7 1.1 -1.3 -1.3
140.9 141.7 142.1 142.5 143 143.5 144.3 144.7 145.1 145.5 145.9 146.4 146.6 146.9 147.2 147.5 147.8 148.2 148 148.1 148.3 148.3 148 147.6 147 147 146.6 145.7 145.2 145 144.8 144.3 143.6 142.8 142.1 141.6 141.2 140.8 140.2 139.5 138.7 138.7 138.2 137.4 136.5 135.8 134.9 133.8 132.1 129.8 124.7 112.7 118.2 126.2 126.7 126 124.6 123.5 122.3 121.3 120.3 119 118.5 117.9 116.9 115.7 114.7 111.4 108.5 106.4 107.4 108.7 99.7 85.3 69.1 46.5 23.1 10.7 6.1 1.8 -1.3 -1.3 -1.3
143.7 143.7 144.2 144.7 145.3 145.8 146.3 147 147.4 147.7 148.1 148.5 148.9 149.2 149.5 149.5 149.8 150.1 149.9 149.7 149.4 148.9 148.3 148.2 147.7 147.3 146.4 145.5 144.7 144.4 144.2 143.4 142.7 141.9 141.2 140.8 140.4 140 139.4 139.1 138.4 138 137.6 137.2 135.5 133.7 129.4 125.2 118 116.2 115.1 119.7 128.8 127.6 127 126.5 126.1 125.3 124.9 124.3 123.5 122.2 121.5 120.7 119.6 118.6 116.9 111.8 115.8 116.1 115.1 112.5 90 68.8 51.7 30.7 11.6 4.4 1.9 -1.3 -1.3 -1.3 -1.3
146.3 146.3 146.7 147.2 147.7 148.2 148.7 149.2 149.6 150 150.4 150.7 151.1 151.4 151.5 151.6 151.8 151.3 151.1 150.6 150.1 149.3 148.5 148.2 147.8 147 146.1 145.3 144.5 143.8 143.3 142.6 141.8 141 140.5 140 139.4 138.6 137.9 137.3 136.9 136.5 136.2 135.4 133.9 128.9 121.7 119.8 124.3 128.4 130.7 131.8 131.5 130.2 129.8 129.4 129.1 128.6 128.5 128 126.9 125.6 124.9 122.2 121.3 120.1 119.2 119.8 123.4 123 120.2 106.1 78 52 32 12.3 2.9 1 -1.3 -1.3 -1.3 -1.3 -1.3
148.4 148.9 149.1 149.6 150.1 150.6 150.8 151.4 152.1 152.2 152.6 153 153.3 153.6 153.5 153.5 153 152.5 152 151.1 150.3 149.5 148.8 148.1 147.2 146.4 145.4 144.6 143.9 143.1 142.3 141.6 140.8 140.1 139.3 138.4 137.6 136.8 136.2 135.8 135.4 135.1 134.8 133.1 125.9 120.4 125.7 130.1 134.9 134.7 134.8 134.5 134 133.4 132.9 132.5 132.1 132 132 131.4 130.2 128.8 125.5 122.8 124 125.1 126.1 129.9 130.4 128 112.2 92.8 63.7 33.5 14.8 3.2 1.1 -0.2 -1.3 -1.3 -1.3 -1.3 -1.3
150.5 151 151.6 152 152.3 152.5 152.9 153.7 154.5 154.8 154.9 155.2 155.6 155.5 155 154.1 153.6 153.1 152.3 151.3 150.4 149.6 148.8 147.7 146.8 145.8 144.8 143.8 143.1 141.9 140.9 140.2 139.4 138.6 137.7 136.7 135.8 135.1 135.1 135 134.9 134.7 133.4 128.9 122.8 131.7 135.4 135.5 136.1 136.6 136.8 136.7 136.3 136.3 136.1 135.6 135.7 135.8 135.4 133 131 130.9 131.7 133.8 134 134 136.1 134.6 120.6 107.5 94.1 77.1 45.1 15.5 6 1.8 0.4 -1.3 -1.3 -1.3 -1.3 -1.3 -1.3
152.6 153.1 153.7 154.1 154.1 154.5 155.2 156 156.8 157.3 157.5 157.5 157.1 156.5 155.6 154.7 154 153.5 152.7 151.7 150.7 149.5 148.3 147.2 146.2 145.1 144.1 143.1 141.9 140.6 139.5 138.8 138 137.1 136.2 135.2 135 134.8 134.8 135.1 134.9 134.6 134.8 128.6 125.6 136.1 136.8 136.8 137.5 138 138.4 138.9 138.8 139.1 139.9 139.5 139.4 139.4 139 140 144.2 146.6 145.7 145.8 143.8 142.1 139.5 133.1 110.4 84.8 72.1 57.3 27.9 6.1 1.7 0.8 -1.3 -1.3 -1.3 -1.3 -1.3 -1.3 -1.3
154.7 155.2 155.6 156 156.1 156.8 157.5 158.2 159 159.3 159.1 158.5 157.8 157.2 156.3 155.4 154.6 153.9 153 151.9 150.6 149.3 147.9 146.7 145.6 144.1 142.9 141.7 140.4 139.3 138.2 137.4 136.5 135.7 135.2 135.1 135 134.9 134.8 134.6 134.9 134.5 129.2 127.4 135.9 137.3 137.9 138.4 138.8 139.6 140.3 141 141.3 141.9 143.2 143.6 147.3 156 160.9 161.7 162.5 160.7 155.8 151.4 145.1 142.1 135.8 125 109.5 86.6 58 34.8 18.2 1.9 0.8 -0.3 -1.3 -1.3 -1.3 -1.3 -1.3 -1.3 -1.3
157.1 158 158.2 158.4 159 159.6 160.2 160.7 161 160.5 160 159.4 158.5 157.8 156.9 156 155.2 154.2 153 151.7 150.4 149 147.5 146 144.3 142.8 141.6 140.3 139.2 138.2 137.1 136.4 136 135.5 135.1 134.9 134.9 134.6 134.9 134.7 134.8 131 127.3 135.6 137.6 138.5 139.2 139.8 140.6 141.8 142.9 143.7 144.5 145.4 147.6 155.3 164.2 172.3 173.6 172.3 171.7 167.9 162.9 156.7 150.6 141.7 128.2 115.6 104.2 82.3 52.5 25.1 9.9 1.5 0.2 -1.3 -1.3 -1.3 -1.3 -1.3 -1.3 -1.3 -1.3
159.8 160.3 160.8 161.1 161.7 162.3 162.7 162.6 162.2 161.5 160.9 160.1 159.2 158.5 157.6 156.4 155.1 154 152.5 150.9 149.4 147.9 146.3 144.9 143 141.6 140.3 139 137.9 137.1 136.3 136.3 135.8 135.4 134.9 134.6 134.9 134.3 135.2 131.7 128 128.7 134.7 137.6 138.5 139.4 140.3 141.2 142.4 143.8 145.1 146.8 148.4 149.5 157.5 169.9 177.7 179.8 178.7 177.2 174.9 170.2 164.7 158.8 152.1 144 127.5 109.5 96.2 72.3 46.1 19.9 7.8 1.4 0 -1.3 -1.3 -1.3 -1.3 -1.3 -1.3 -1.3 -1.3
162.5 163 163.3 163.7 164.1 164.4 164 163.8 163.2 162.5 161.8 160.9 160 158.9 157.6 156.3 155 153.4 151.3 149.8 148.2 146.7 145.2 143.8 142.2 140.8 139.3 137.9 136.9 136.4 136.1 136 135.7 135.2 134.8 134.3 134.7 132.9 129.7 130.6 134.5 135.5 136.7 138.4 139.3 140.2 141.3 142.8 144.3 145.8 147.9 149.9 153 158.6 170.3 179.7 182.9 182.8 181.2 178.6 174.1 169.2 164 157.4 148.4 138.9 119.7 91.9 74.4 55.2 32.6 16.1 7 1.2 -0.3 -1.3 -1.3 -1.3 -1.3 -1.3 -1.3 -1.3 -1.3
165.2 165.6 165.8 166.1 166 165.6 165.1 164.7 164.1 163.1 162.3 161.3 159.9 158.5 157.2 155.7 153.9 152.2 150.3 148.6 147.1 145.7 144.3 142.9 141.5 140 138.6 137.6 136.9 136 135.7 135.4 134.6 134.1 133.7 134 130.6 132.7 134.4 134.6 135.7 137 137.9 139 140.1 141.7 143.2 144.7 146.5 149 150.8 154.4 159.3 168.3 178.6 183.2 184.6 184 181.1 176.7 171.9 167.2 161.3 153.9 144.8 132.7 108.4 77.6 60.9 45.3 27.8 13 7.5 0.7 -1.3 -1.3 -1.3 -1.3 -1.3 -1.3 -1.3 -1.3 -1.3
167.9 167.9 167.9 167.5 167.1 166.7 166.1 165.5 164.6 163.6 162.3 161 159.6 158.1 156.3 154.5 152.8 151 149.3 147.5 146.2 144.8 143.5 142.1 140.7 139.3 138.3 137.6 136.7 135.6 134.8 134.5 133.9 132.9 131.9 132.6 134.1 134.6 135 135.9 136.6 138.1 139.2 140.5 142 143.6 145.1 146.7 148.7 151.8 157 160.7 165.8 174.7 182.2 183.8 183.7 181 178.2 173.8 169.3 163.8 157.3 149 139.7 121 96.1 75.4 59.8 34.2 16.3 8.9 1.4 -1.3 -1.3 -1.3 -1.3 -1.3 -1.3 -1.3 -1.3 -1.3 -1.3
169.6 169.6 169.1 168.6 167.9 167.2 166.7 165.9 164.7 163.2 161.9 160.6 159 157.1 155.3 153.6 151.9 150.1 148.3 146.6 145.1 143.7 142.5 141.4 140 139.1 138.3 137.3 136.2 135.2 134.2 133.6 133.5 134.2 133 134.1 135.1 135.6 136.3 137.3 138.3 139.8 141 142.6 143.9 145.5 147.2 149.5 152.7 157.6 163 168.4 173.9 178.8 182.1 182.4 180.8 177.8 174.8 170.2 165.6 159.8 151.4 142.8 131.5 105.6 86.7 76.6 60.3 27.5 9.4 2 -1.3 -1.3 -1.3 -1.3 -1.3 -1.3 -1.3 -1.3 -1.3 -1.3 -1.3
171 170.4 169.9 169.4 168.6 167.8 167.2 166 164.6 163.1 161.6 160.2 158.3 156.1 154.3 152.7 150.9 149.1 147.3 145.6 144.1 142.8 141.6 140.7 139.5 138.6 137.6 136.5 135.5 134.4 133.8 133.8 133.9 134.1 134.2 135 136.1 136.5 137.5 138.8 140 141.5 142.8 144.5 146.1 147.9 150.7 154 158.6 163.9 169.6 174.9 178.8 180.7 181 180.1 177.8 174.8 171.5 166.6 161.6 154.6 146.1 137.9 117 89.9 72.6 66.5 49.4 17.5 4.4 0.5 -1.3 -1.3 -1.3 -1.3 -1.3 -1.3 -1.3 -1.3 -1.3 -1.3 -1.3
172 171.4 170.8 170.1 169.3 168.4 167.4 166 164.5 163.1 161.2 159.3 157.5 155.4 153.2 151.6 149.9 148.1 146.4 145.1 143.3 142 140.8 139.8 138.6 137.4 136.5 135.6 134.5 133.9 133.7 132.9 134.4 134.8 135.3 136.1 136.8 137.5 138.7 140.2 141.7 143.2 144.8 146.7 149.1 151.9 156.2 160.4 164.8 169.9 175.2 179.7 180.6 180.9 180.5 178.4 175.1 171.8 168 163 157.1 150 141.5 122.6 99.6 75.5 54.5 49.7 39.9 14.7 1.6 -0.1 -1.3 -1.3 -1.3 -1.3 -1.3 -1.3 -1.3 -1.3 -1.3 -1.3 -1.3
173.1 172.4 171.6 170.7 169.6 168.5 167.1 165.4 163.6 161.7 159.8 157.8 155.8 154.1 152.4 150.5 148.6 146.9 145.9 144.2 142.5 141.3 140.1 138.9 137.6 136.3 135.4 134.7 133.9 134 132.1 134.4 134.9 135.6 136.5 137.3 138 138.7 140.2 142.4 144.1 145.8 147.6 149.8 153.1 157.2 161.9 166.8 170.9 175.4 179.9 181.3 181.6 180.8 179.1 176.3 173.1 169.5 164.5 159 152.4 144 132.8 107.6 83.5 63.1 41.2 33.8 29.9 8.7 1.2 -1.3 -1.3 -1.3 -1.3 -1.3 -1.3 -1.3 -1.3 -1.3 -1.3 -1.3 -1.3
173.9 173 171.8 170.6 169.4 167.7 165.9 164.2 162.2 160.2 158.3 156.3 154.2 152.4 150.7 148.8 147.2 145.8 144.2 142.8 141.6 140.3 139.1 137.8 136.5 135.1 134.5 133.8 133.8 134 134.6 135.5 136.1 137.1 138.1 139.2 140.1 141.1 143.2 145.3 147.2 149.7 152.2 155.3 159.3 163.5 168.2 172.2 175.8 179.9 181.6 182 181.5 179.8 178.7 176 173 168.3 162.5 155.1 146 134.3 116.9 89.2 67.7 49.7 30.3 14.2 6.7 1.8 0.5 -1.1 -1.3 -1.3 -1.3 -1.3 -1.3 -1.3 -1.3 -1.3 -1.3 -1.3 -1.3
173.7 172.7 171.4 169.9 168.3 166.5 164.7 162.7 160.7 158.5 156.7 154.7 152.7 150.8 149 147.2 145.7 144.2 142.9 141.6 140.4 139.1 137.9 136.6 135.3 134 133.4 133.9 134.2 134.8 135.7 136.8 137.6 138.9 140.2 141.6 143.3 145.1 146.6 148.6 151.6 155.1 159.7 163.3 167.7 171.9 175.1 178.5 180.6 182.8 182.8 182.9 182.5 181.5 179.5 176.4 172 165.4 157.7 149.5 136.5 120.4 82.8 57.8 42.4 27 11 2.3 1.3 0.2 -1.3 -1.3 -1.3 -1.3 -1.3 -1.3 -1.3 -1.3 -1.3 -1.3 -1.3 -1.3 -1.3
173.1 171.9 170 168.6 166.5 164.5 162.8 160.9 158.7 156.5 154.8 152.9 151 149.2 147.7 145.8 144.3 143 141.7 140.5 139.2 138 136.7 135.4 134.2 132.4 133.9 134.5 135.1 135.9 137 138.2 139.7 141.2 142.7 144.4 146.3 148.8 150.4 154.1 158.9 163.3 167.7 171.8 175.8 179.5 181.4 183.2 184.2 184.8 184.8 185.2 184.6 183 179.3 174.3 167.9 160.4 150.4 140.2 124.7 89.5 57.7 31.4 10 3.8 1.6 0.2 -1.3 -1.3 -1.3 -1.3 -1.3 -1.3 -1.3 -1.3 -1.3 -1.3 -1.3 -1.3 -1.3 -1.3 -1.3
171.7 170.2 168.6 165.1 164.4 162.5 160.9 158.9 156.5 154.6 152.9 151 149.2 147.5 145.9 144.3 143.1 141.8 140.6 139.3 138.1 137 135.5 133.9 133 133.8 134.5 135.5 136.6 137.6 138.8 140.2 141.9 143.7 145.7 147.9 150 152.1 154.7 160.4 165.6 170 173.8 177.7 181.2 183.3 185.4 186 186.5 187.7 188.3 187.9 186.1 182.3 176.6 170.4 162.2 152.4 142.8 126.5 96.7 62.8 34.4 10.3 2.1 -1.3 -1.3 -1.3 -1.3 -1.3 -1.3 -1.3 -1.3 -1.3 -1.3 -1.3 -1.3 -1.3 -1.3 -1.3 -1.3 -1.3 -1.3
169.9 168.2 166.7 164.9 162.3 160.5 158.6 156.6 154.4 152.6 150.9 149.2 147.5 146 144.5 143.1 141.9 140.7 139.4 138.1 136.9 136 134.9 135.2 135.8 135.3 136 137.4 138.2 139.4 140.8 142.1 144.1 146.6 149 152.5 155 156.9 159.2 165.9 171.9 176 179.6 182.1 184.9 186.5 188 188.2 188.6 189.4 188.9 188 184.4 178.8 171.7 162.9 153 145 131.3 100.6 68.8 35.2 10.4 1.8 -1.3 -1.3 -1.3 -1.3 -1.3 -1.3 -1.3 -1.3 -1.3 -1.3 -1.3 -1.3 -1.3 -1.3 -1.3 -1.3 -1.3 -1.3 -1.3
167.5 165.6 163.8 162 160.1 158.3 156.3 154.3 152.4 150.6 149 147.5 146.1 144.6 143.1 141.9 140.7 139.6 138.3 137 136 133.1 135.6 136.3 136.6 136.2 138 138.3 139.6 141.2 142.5 144.7 147.3 150.2 153.7 158 161.5 163.7 166.4 173.3 179 182.2 184.4 186.4 188.1 189.2 189.5 189.9 190.2 189.5 188.8 186.6 181.4 173.8 165 155.3 147.5 137.6 119.1 81.3 45.9 14.9 2.1 0.3 -1.3 -1.3 -1.3 -1.3 -1.3 -1.3 -1.3 -1.3 -1.3 -1.3 -1.3 -1.3 -1.3 -1.3 -1.3 -1.3 -1.3 -1.3 -1.3
165.2 163.3 161.4 159.6 157.8 156 154.1 152.3 150.6 149.2 147.7 146.2 144.7 143.3 141.9 140.7 139.5 138.4 137.2 136 134.3 137.6 135.5 135.7 136.2 137.4 139.3 139.7 141.3 143.2 145.4 148.2 151.5 154.8 159 164.1 168.7 171.9 174.6 178.6 183 186.7 188.9 190.4 190.5 190.3 190.8 190.6 189.2 187.8 187.1 182.7 174.9 166.6 158.4 151.1 143.6 127.7 93.6 54.7 21.5 2.6 -1.3 -1.3 -1.3 -1.3 -1.3 -1.3 -1.3 -1.3 -1.3 -1.3 -1.3 -1.3 -1.3 -1.3 -1.3 -1.3 -1.3 -1.3 -1.3 -1.3 -1.3
162.8 160.9 159 157.3 155.7 154.1 152.3 150.6 149.2 147.8 146.3 144.8 143.5 142.3 141.1 140 138.8 137.6 136.4 133.8 135.9 137.3 135.9 136 137.3 138.7 140 141.7 143.5 146.5 149.1 152.5 156 161 166.6 172.2 176.5 179.7 181.7 184.1 187.4 190.5 192.6 192.8 192.4 191.9 191.4 190.2 188.4 185.4 181.6 176.5 169.1 161.7 153.9 146.5 138.9 95.2 56 26.5 3.3 -1.3 -1.3 -1.3 -1.3 -1.3 -1.3 -1.3 -1.3 -1.3 -1.3 -1.3 -1.3 -1.3 -1.3 -1.3 -1.3 -1.3 -1.3 -1.3 -1.3 -1.3 -1.3
160.4 158.5 156.9 155.3 153.7 152.1 150.6 149.2 147.8 146.4 145 143.9 142.7 141.5 140.3 139.2 138.1 136.9 134.6 134.9 136.2 136.8 136.3 137 138.5 140.2 142.4 144.4 147 150 154 158.1 163.2 168.7 174.4 180.3 184.4 187 188.8 192.3 194 195 195.1 194.6 194.2 193.8 193 191.2 188.9 184.7 180.1 173.9 157.2 138.1 150 141.9 113.2 67.4 31 4.6 0.7 -1.3 -1.3 -1.3 -1.3 -1.3 -1.3 -1.3 -1.3 -1.3 -1.3 -1.3 -1.3 -1.3 -1.3 -1.3 -1.3 -1.3 -1.3 -1.3 -1.3 -1.3 -1.3
