WholeMapElevations/data/no/no87_OST50GRID_20230518/NO87.asc
ncols 200
nrows 200
xllcorner 380000
yllcorner 770000
cellsize 50
[rows 148 to 184 of 200, columns 0 to 84 of 200]
128.6 127.6 125.5 123.5 122.2 121.8 121.8 119.8 116.6 111.8 107.4 105.4 103.7 100.8 96.8 92.3 88.2 86.7 88.1 89.1 91.9 92.7 94 95.1 96.4 97.7 99.2 99.3 99.3 100.5 100.9 101.4 101.3 98 96.2 94.8 93.4 91.5 89 87.6 87 85.2 81.6 76.4 70.1 61.9 58.1 55.9 52.9 50.3 49.9 45.1 42.5 38.5 31.9 30.5 30.7 30.5 29.6 27.5 27.2 25.4 26 23.6 22.1 19.3 8.6 -1.9 2.1 2.1 0.8 15.7 23 23.1 23.2 18.4 9.1 11.2 12.9 2.1 1.1 1.2 0.4 -1.9 -1.9
128.6 127.6 125.1 122.3 121.1 121.6 121.6 118.4 114 109.3 107.5 105.3 103.4 100 95.5 91.1 87.5 91.9 91.6 93.3 94.6 95.1 96.1 98.5 100.5 101.8 102.5 101.9 103.3 100.8 102.3 103.7 101.9 100.9 99.4 99.2 99.2 97 94.3 92.4 89.8 87.7 84.5 79.2 72.7 64.8 57.3 55.6 53.3 51.9 51.1 47.8 44.4 39.9 36.3 31.5 31.2 30.3 28.3 27.5 27.3 26.3 23.4 22 18.2 8.4 6.6 -1.9 -1.9 -1.9 -1.9 -1.9 11.7 9.1 5.3 2.1 2.1 3.4 2.2 0.6 -1.9 -1.9 -1.9 -1.9 -1.9
128.5 125.4 122 119.8 120.8 121.4 119.9 115.5 110.2 108 107.3 105.4 102.5 98.7 94.1 97.9 95.6 95.3 94.9 96.1 96.9 97.7 99.5 101.8 104.1 105.9 105.9 106 107.4 108.6 107.7 106.7 105.5 101.9 103.4 100.4 98.9 99 98.2 95.9 93.1 90.7 87.3 81.5 75 68 58.3 55.3 53.1 50.4 48 46.6 44.8 41.1 38 33 30.9 29.6 28.4 27.3 26.4 25.6 18.9 18.1 10.1 8.3 7.6 3.6 -1.9 -1.9 1.2 -1.9 1.8 2 0.6 -0.1 0.2 -1.9 -1.9 -1.9 -1.9 -1.9 -1.9 -1.9 -1.9
125.5 122.5 119.4 118.4 120.1 119.7 116.3 111.5 108.3 105 104.3 105 101.6 97.7 92.3 98.6 98.6 98.3 98 98.4 99.9 101.6 103.3 105.5 107.9 110.7 110.5 110.3 112.1 111.7 111.2 108 107.8 105.6 106.1 102.9 104.3 103.2 100.5 98.5 96.4 93.6 89.2 83.3 75.9 69.2 61.4 54.7 53.3 48.6 46 44.3 42.6 40.1 37.2 33.6 31.6 30.1 28.8 27.4 25.8 22.8 17.8 13.3 10.4 7.7 7.4 6 2.1 -1.9 -1.9 -1.9 -1.9 0 -1.9 -1.9 -1.9 -1.9 -1.9 -1.9 -1.9 -1.9 -1.9 -1.9 -1.9
122.6 120.4 119.5 117.4 118.3 116.3 111.9 105.6 110.4 109 105.7 98.4 98.9 96.7 100.4 102.1 102.1 100.5 100.5 102.6 104.8 106.7 108.3 112.9 116.5 117.4 117 115.6 115 114.7 115.2 114.3 111.5 106.4 106.6 109.5 107.8 105.4 103 101.1 99.1 96.1 91 83.9 76.8 70.3 63.1 57.1 52.7 49.3 46.8 44.6 42 41.2 37.6 34.1 31.5 30.1 28.6 27.5 25.6 24.6 20 10.5 8.7 7 7.1 -1.9 -1.9 -1.9 -1.9 -1.9 -1.9 -1.9 -1.9 -1.9 -1.9 -1.9 -1.9 -1.9 -1.9 -1.9 -1.9 -1.9 -1.9
122.4 123.5 118.7 115.7 115.1 109.8 110 112.8 111.3 108.2 105.6 102.5 102.3 103.7 103.6 105.1 104.8 103.5 105.1 107.4 109.7 112 115.2 120.8 123.6 124.8 122.4 120.2 118.7 118.5 117.9 117.1 116.2 115.9 114.9 113 110.5 107.9 105.6 103.6 101 97.5 92.6 85.7 78.5 71.6 66 59.7 55.7 53.6 51.7 48 45.3 41.8 39.8 36.1 31.9 29.2 27.9 27.2 26.8 23.5 17.8 9.1 8.3 7 3.5 -1.9 -1.9 -1.9 -1.9 -1.9 -1.9 -1.9 -1.9 -1.9 -1.9 -1.9 -1.9 -1.9 -1.9 -1.9 -1.9 -1.9 -1.9
120.4 117.9 115.4 113.3 114.8 115.2 114.3 111 107.7 106.1 104.9 105.7 107.1 106.6 106.4 106.9 107.1 108.6 110.7 112.3 113.7 116.9 122.6 127.7 130.1 130.9 128.2 125.1 123.2 123.8 122.7 121.9 121.3 119.6 118.5 115.8 113.3 110.6 108.1 105.5 102.4 98.8 93.6 88.4 80.8 74.4 68.2 61.8 57.6 57.1 54.5 50.8 46.5 43.7 39.3 36.4 33.2 29.2 28 26.3 26.3 22.4 11 8.2 7.4 6.7 -1.9 -1.9 -1.9 -1.9 -1.9 -1.9 -1.9 -1.9 -1.9 -1.9 -1.9 -1.9 -1.9 -1.9 -1.9 -1.9 -1.9 -1.9 -1.9
116.1 114.3 114.7 116.2 116.1 115.4 116.2 113.3 109.7 108.5 109.9 110.8 109.6 109.9 110.2 110.5 112.2 113.8 115.4 113.1 118.3 121.7 129 132.8 138.4 136.6 133.7 130.3 129.4 128.3 127.5 127.2 125.7 122.7 119.6 116.5 114 111.7 109.6 106.7 103.6 99.4 94 90.1 82.6 78 73.6 64.2 58.4 56.8 55.4 50.7 46.2 43.6 40.1 36.8 33.3 30.7 28.6 27.6 26 19.5 11.3 7.8 7 5.2 -1.9 -1.9 -1.9 -1.9 -1.9 -1.9 -1.9 -1.9 -1.9 -1.9 -1.9 -1.9 -1.9 -1.9 -1.9 -1.9 -1.9 -1.9 -1.9
115.6 116 117.3 116.9 116.1 115.3 114 111.4 110.4 110.7 112.1 112.3 111.9 112.2 112.7 114.6 116.2 117.8 119.3 115.9 123.5 126.8 133.5 137.9 141.9 140.2 138.2 135.9 132.9 132.5 132.7 132.8 128.7 123.9 119 115.7 113.5 111.6 109.6 106.7 103.3 99.7 96.3 91.3 86.1 82.2 76 67.3 59.6 58.7 55.9 51.5 47 43.1 41.1 37.1 34.6 31.3 29.6 28.4 24.5 22.4 16.4 7.6 7 5.2 -1.9 -1.9 -1.9 -1.9 -1.9 -1.9 -1.9 -1.9 -1.9 -1.9 -1.9 -1.9 -1.9 -1.9 -1.9 -1.9 -1.9 -1.9 -1.9
116.9 119 117.8 116.4 115.4 115.4 111.7 111.4 112.8 113.8 114 113.5 113.9 115.5 117.7 119 120.2 121.8 123.7 116.8 130.3 132.5 138.4 142.2 145.2 143.5 141 138.1 136.8 137.4 137.6 135.3 129.6 123.9 118.3 115.8 113.5 111.6 109.6 106.7 103.2 100.2 96.8 92.3 87.6 82 75.5 68.1 59.9 58.9 56.1 52.1 48.2 43.5 41.1 36.8 33 31.5 30 24.9 24.9 23.9 19.8 14 6.9 5.1 -1.9 -1.9 -1.9 -1.9 -1.9 -1.9 -1.9 -1.9 -1.9 -1.9 -1.9 -1.9 -1.9 -1.9 -1.9 -1.9 -1.9 -1.9 -1.9
119.4 119.1 117.2 115.6 114.7 113.7 114.7 115.1 115.6 114.6 114.1 115.6 117.9 121.1 123.3 124.4 125.1 126.7 129.5 120.3 134.1 137.1 141.9 145.7 147.4 146.1 143.5 141 138.6 140.3 139.6 134.6 128.5 123 119.2 116.4 113.9 111.6 109.6 106.4 103.4 100.5 97.2 92 86.5 80.5 74 67 60.8 58.6 55.9 53 49.5 45.5 40.3 37.2 33.3 31.1 28.7 28.6 28.7 24.1 19.9 16 6.8 3.6 0.9 -0.9 -1.9 -1.9 -1.9 -1.9 -1.9 -1.9 -1.9 -1.9 -1.9 -1.9 -1.9 -1.9 -1.9 -1.9 -1.9 -1.9 -1.9
119.4 119.1 117.2 115.2 114.4 115.2 117.3 117 115 114.3 116.2 120.4 124.4 126.7 127.9 128.6 129.1 131.6 133.9 136.6 138.5 141.5 145.4 148.8 149.4 148.3 146 143.7 141.3 140.5 138.7 134.1 128.1 123.9 120.6 117.5 114.9 112.2 109.6 106.6 103.5 100.4 96 90.7 84.8 78.8 72.4 62.9 59.8 58.9 56.2 52.9 49.7 45.3 41 37.7 33.6 31.2 29.2 29.2 27.6 24.3 23.8 21.8 7.6 5.1 1.3 -0.4 -1.9 -1.9 -1.9 -1.9 -1.9 -1.9 -1.9 -1.9 -1.9 -1.9 -1.9 -1.9 -1.9 -1.9 -1.9 -1.9 -1.9
117.9 118.3 117.1 114.5 114.9 117.3 119.2 114.4 114.3 117.5 122.7 126.3 129.2 130.9 132 132.8 133.9 136.5 138.6 140.9 142.6 144.6 147.5 150.6 151.2 150 147.6 145 142.4 140.1 138.1 133.9 129.5 125.3 121.9 118.6 116 112.9 109.2 106 102.9 99.6 94.3 88.9 83.3 76.9 70.1 61.7 60.3 59.1 55.9 52.5 49.4 45.2 40.9 37.6 33.6 31.4 30 30.2 29.2 26.1 25.5 24.6 7.5 4.5 1.4 -0.2 -1.9 -1.9 -1.9 -1.9 -1.9 -1.9 -1.9 -1.9 -1.9 -1.9 -1.9 -1.9 -1.9 -1.9 -1.9 -1.9 -1.9
117.1 117 114.9 114.5 114.3 118.1 117.7 114.5 119.6 124 126.9 128.6 132.3 134.3 135.7 136.8 138.8 141.4 142.6 144.1 144.9 147.5 150 152 152.3 151.1 148.9 146.4 144.2 142.5 140.9 136.1 131.6 126.3 123.1 119.9 116.3 112.6 108.8 105.3 102.3 97.9 92.4 87 81.1 75.5 69.2 61.9 57.6 56.6 55.2 52.1 48.9 44.5 40.3 37.3 34.1 31.6 31.2 30.9 29.6 28 26.7 26.4 7.7 5.9 1.3 0 -1.9 -1.9 -1.9 -1.9 -1.9 -1.9 -1.9 -1.9 -1.9 -1.9 -1.9 -1.9 -1.9 -1.9 -1.9 -1.9 -1.9
116.9 115.3 114.8 114.6 114.4 116.2 114.7 121.9 125.7 128.2 129.1 129.2 135.4 137.3 139.1 141.5 143.2 144.2 145.5 146.4 146.7 149.3 151.6 153.2 153.6 152.3 150.4 148.2 146.4 145.9 143.2 138.3 133.6 127.8 124.2 120.4 116.4 112.4 108.5 104.6 101.2 96.1 90.1 85 79.4 73.7 67 61.5 51.3 49.9 49.8 48.5 46.9 44.1 39.7 35.2 33.2 32.4 31.2 30.9 30.8 30 27.3 25.8 9.4 6.5 1.3 -0.1 -1.9 -1.9 -1.9 -1.9 -1.9 -1.9 -1.9 -1.9 -1.9 -1.9 -1.9 -1.9 -1.9 -1.9 -1.9 -1.9 -1.9
116 115.2 114.5 114.3 114.5 116.2 121.7 125.8 128.3 129.3 129.4 129.9 137.7 141.1 143.6 144.8 145.7 146.8 148.1 148.2 148.5 150.8 152.7 154.2 154.9 154.1 152.7 150 149.6 148.9 145.4 140.5 135.7 129.9 125.2 120.4 116.4 112.7 108.7 103.9 98.8 93.8 88.6 82.9 77.1 71.8 67.7 64.9 53.3 51.7 47.1 46.8 44.3 41.8 39.3 35.4 34.1 33 31.4 31 30.9 30.4 26.3 22.9 10.5 5 1.3 -0.3 -1.9 -1.9 -1.9 -1.9 -1.9 -1.9 -1.9 -1.9 -1.9 -1.9 -1.9 -1.9 -1.9 -1.9 -1.9 -1.9 -1.9
115.6 114.9 114.2 116.9 119.4 122.4 126.7 127.3 128.7 129.5 129.8 131 137.8 144.4 146.2 147.2 147.8 148.4 148.6 148.7 149.5 152.1 153.7 155.6 156.7 156.2 154.5 151.2 152.1 151.4 147.6 142.5 136.9 131.4 126.2 121.4 117.3 113.6 108.3 102.7 97.5 92.6 87.4 81.7 76.2 71.6 67.4 64.2 60.1 55.6 50.5 45.4 43.1 40.7 39.7 37.5 35.1 33.6 32.1 31 30.7 30.5 28.7 25.6 9.2 4.9 1.4 0 -1.2 -1.9 -1.9 -1.9 -1.9 -1.9 -1.9 -1.9 -1.9 -1.9 -1.9 -1.9 -1.9 -1.9 -1.9 -1.9 -1.9
114.6 114.5 116.3 120.6 123.6 126.4 128.2 127.9 128.4 129.3 130 133.1 140.7 145.7 147.6 148.4 148.5 148.6 148.4 148 149.4 151.7 154.8 156.7 158.3 157.4 155.3 152.6 153.1 152.8 148.3 143.1 136.7 132.2 126.9 123.3 118.7 113.7 107.3 101.5 96.3 91.4 86.2 80.7 75.8 71.2 67.1 63.2 58.9 54.7 49.6 45.9 43 40.6 39.8 40.5 38.5 34.1 32.6 31.3 31.2 31.1 31 28 22.6 13 1.8 0.6 -0.6 -1.9 -1.9 -1.9 -1.9 -1.9 -1.9 -1.9 -1.9 -1.9 -1.9 -1.9 -1.9 -1.9 -1.9 -1.9 -1.9
114.3 114.8 120.3 123.7 125.5 128.1 129 129.4 129.3 130.1 132.9 135.9 141.1 145 147.4 147.4 147.2 147.7 147.3 147.6 149.2 151.4 155.5 158.9 159 157.5 155.4 153.3 152.7 152.4 148 142.2 136.7 132.1 127.6 123.5 118.7 112.6 106.3 100.8 95.3 90.2 85.1 80.1 75 69.9 65.3 61 56.9 52.8 48.8 45.4 42.4 40.6 42.3 41.8 40.7 35.8 33.5 32.1 31.9 32 32.2 32.1 26.6 8.2 1.7 0.5 -0.8 -1.9 -1.9 -1.9 -1.9 -1.9 -1.9 -1.9 -1.9 -1.9 -1.9 -1.9 -1.9 -1.9 -1.9 -1.9 -1.9
114.6 116.9 123.2 125.6 127.6 129 126.7 128.1 128.6 131.9 134.2 136.9 141 144.5 145.6 144.6 145.1 145.8 146.4 146.8 147.9 150.2 155.1 157.8 157.9 156.1 154.1 152.3 152.4 151.3 147.4 143.9 138.2 133.3 126.8 121.7 116.9 112.1 106.3 100.6 94.9 89.8 84.3 79.3 74.6 68.5 63.8 59.3 56 52.6 48.5 46.4 44.2 41.8 42.5 42.1 41 37 34.1 32.9 32.3 32.6 33.8 34.4 27 8.1 2 0.4 -1.9 -1.9 -1.9 -1.9 -1.9 -1.9 -1.9 -1.9 -1.9 -1.9 -1.9 -1.9 -1.9 -1.9 -1.9 -1.9 -1.9
114.4 119.1 125.6 125.7 125.5 125.4 125.1 127.2 128.4 131.8 133.5 136 139.2 142 143.5 142.9 143.8 144 144.3 144.5 146.4 149.2 153.8 156 156.3 154.3 152.2 151 151.5 150.5 148 145 139.4 132.7 126 120.2 115.5 110.9 106.3 100.3 94.6 89.2 83.5 78 72.2 66.9 62.2 58.7 55.3 51.9 49.5 47.2 44.2 42.3 43.1 42.1 40.7 36.4 34 33.2 33 32.8 34.2 33.4 28.1 8 2 0.3 -1.9 -1.9 -1.9 -1.9 -1.9 -1.9 -1.9 -1.9 -1.9 -1.9 -1.9 -1.9 -1.9 -1.9 -1.9 -1.9 -1.9
114.2 120 124.2 123.7 124.3 124.3 125.7 126.6 128.6 130.2 131.9 133.7 136.9 139.7 141.5 141.7 141.8 141.8 141.9 143 144.7 148.4 152.1 154.2 153.6 152.6 150.4 149 148.9 148 146.6 141.8 136.5 130.9 123.3 118.9 114.5 110 105.6 100.5 94.5 88.5 82.8 77.2 70.7 65.8 61.8 58.4 55.4 53.4 51.5 48.6 44.1 42.8 42.4 40.6 36.2 35.1 34.5 34.4 34 33.1 33.1 32.8 25.6 7.6 2 0.6 -0.7 -1.9 -1.9 -1.9 -1.9 -1.9 -1.9 -1.9 -1.9 -1.9 -1.9 -1.9 -1.9 -1.9 -1.9 -1.9 -1.9
115.3 120.4 122.4 120.8 121.4 123 126.5 126.4 126.5 128.2 129.8 131.6 134.8 137.5 139.1 139.3 139.3 139.2 140.4 141.8 143 145.5 149.3 150.8 150.4 149.6 148.8 146.4 145.5 144.1 142.2 137.9 133 127.8 122 117.6 113.2 109.2 104.9 100.1 94.2 87.8 81.4 75.3 70.4 66 62.5 60.2 57.8 55 52.1 49.1 43.9 43.1 41.5 37.8 37.2 35.2 34.8 33.9 32.6 32 31.8 30.9 25 10.8 3 0.7 -0.8 -1.9 -1.9 -1.9 -1.9 -1.9 -1.9 -1.9 -1.9 -1.9 -1.9 -1.9 -1.9 -1.9 -1.9 -1.9 -1.9
117 120 120.2 118 120 122.1 124.6 124.2 123.8 125.5 128.2 130.7 132.8 135.4 136.7 136.6 136.4 136.9 137.4 139.2 140.7 142.6 145.5 146.9 147.5 146.9 146.1 143.5 141.4 139.6 136.4 132.4 127.5 123.8 120.1 115.9 112.2 108.8 103.9 98.6 94.1 89.3 83.4 78.6 73.1 68.7 64.5 62.6 58.5 55.4 52.5 49.7 44.5 42.9 39.4 37.7 36.6 34.4 34.2 33 32.3 31.4 30.3 28 24.8 7.1 1.8 -0.2 -1.9 -1.9 -1.9 -1.9 -1.9 -1.9 -1.9 -1.9 -1.9 -1.9 -1.9 -1.9 -1.9 -1.9 -1.9 -1.9 -1.9
116.4 117.5 115.7 116 119 120.8 120.8 120.7 122.3 124.9 127.7 129.6 130.9 133.4 134.3 133.2 132.3 133.5 134.3 136.1 137.9 140.2 141.9 143.3 143.8 142.8 142.2 141.6 137.3 132.6 128 126.1 122.2 120.3 116.9 115.5 113.6 112 109 103.6 97.9 92.6 87 81.5 75.6 71.3 66.7 62.3 58.6 55.3 51.9 45.4 43.2 40.6 39.4 38.3 36.8 35.2 33.6 33.2 32.4 31.7 29.5 26.7 10.6 4.4 1.2 -0.5 -1.9 -1.9 -1.9 -1.9 -1.9 -1.9 -1.9 -1.9 -1.9 -1.9 -1.9 -1.9 -1.9 -1.9 -1.9 -1.9 -1.9
113.8 114 113 114.2 115.5 117.2 116.7 119.1 121.7 124.3 125.7 126.8 128.2 129.2 127.9 127.4 128.4 129.4 131.1 131.8 133.8 136.4 138.5 139.4 139 137.7 138.2 136.7 129.6 125.8 122.7 120.9 118.9 118.1 116.8 117.6 117.4 117.5 114.8 107.7 100.4 95.1 90 84.6 78.1 72.8 67.3 63 58.3 53.7 49.1 43.7 41.9 40.1 38.5 37.1 35.9 35.2 34.7 32.4 31.4 30.4 28.6 18.2 6.6 3.1 0.7 -1.9 -1.9 -1.9 -1.9 -1.9 -1.9 -1.9 -1.9 -1.9 -1.9 -1.9 -1.9 -1.9 -1.9 -1.9 -1.9 -1.9 -1.9
109.6 109.9 110.6 111.7 112.8 114 115.4 118.1 120.8 121.9 122.1 121.6 122.4 122 122.1 122.1 124 124.8 125.6 127.8 129.5 132.1 133.3 133.7 132.7 131.8 131.4 128.3 125.8 122.6 119.1 118.1 117.4 119.4 121 122.3 123.5 123 119.6 112 103.7 97.2 91.7 86.7 80.1 73.4 67.9 62.9 56.6 50.2 47.4 44.7 44.3 40.1 38.4 36.9 35.3 34.8 35.2 32.9 29.9 28.9 21.4 8.8 5.5 1.8 0.3 -1.9 -1.9 -1.9 -1.9 -1.9 -1.9 -1.9 -1.9 -1.9 -1.9 -1.9 -1.9 -1.9 -1.9 -1.9 -1.9 -1.9 -1.9
106.5 107 107.4 108.2 109.7 111.9 113.6 115.8 117.6 117.8 117 115.8 115.5 116.1 116.2 117 116.7 118.4 120.4 121.7 124.5 125.6 126.6 125.6 125.5 125.7 125.2 124.9 122.6 119.4 118.9 119.8 121.3 124 128.2 131.8 131.1 128.1 122.4 113.5 105.3 98.6 93.9 88 81.3 75.1 68 61.4 51.6 49.5 48.3 45.8 44.4 41.1 38.3 36.7 35.1 33.8 34.2 32.4 30.2 27 12.3 5.3 1.7 0.5 -0.8 -1.9 -1.9 -1.9 -1.9 -1.9 -1.9 -1.9 -1.9 -1.9 -1.9 -1.9 -1.9 -1.9 -1.9 -1.9 -1.9 -1.9 -1.9
103.8 104.3 104.8 105.7 107.2 108.1 110.2 113.2 113 111.3 110.2 109.8 109.9 110.4 111 111.1 111.4 112.9 113.9 115.5 117.2 118.4 119.3 119.4 120 119.9 120.9 121.3 119.4 120.4 122.5 125 129.3 131.2 137.5 137.6 135.5 130.8 124.4 116.3 107.5 100.5 94.9 88.5 81.4 74.2 67.1 56.6 51.7 49.7 48.3 43.8 42.5 39.8 36.9 35.9 34.8 33.6 32.7 31.5 29.7 22.2 7.9 1.8 1.7 -0.6 -1.9 -1.9 -1.9 -1.9 -1.9 -1.9 -1.9 -1.9 -1.9 -1.9 -1.9 -1.9 -1.9 -1.9 -1.9 -1.9 -1.9 -1.9 -1.9
102.3 102.1 102.5 103.7 104.2 104.7 106.8 105.6 106 104.6 104.2 104.2 104.9 105.5 106 106.7 107.2 107.9 109.5 111.1 112.4 113 113.8 114.7 114.6 115.6 116.7 118.4 120.8 124.2 126.9 129.8 132.8 135.5 140.1 140.8 136.5 132.1 126.2 118.5 109.9 102.8 94.6 88.8 80.9 73.3 65.1 55.8 53.5 50.9 47.2 43.7 39.9 37 33.9 33.8 33.6 32.8 31.6 30 28.4 25.8 5.5 1.5 -0.3 -1.9 -1.9 -1.9 -1.9 -1.9 -1.9 -1.9 -1.9 -1.9 -1.9 -1.9 -1.9 -1.9 -1.9 -1.9 -1.9 -1.9 -1.9 -1.9 -1.9
100.6 100.5 99.9 99.8 99.6 99.5 100.3 100.2 99.5 99.5 99.3 99.6 100.3 101.1 101.9 103 103.3 103.9 105.7 107.2 108.2 109.1 109.5 110.5 111.4 113.3 114.6 119.2 123.1 127.2 130.1 132 134.1 136.4 139.9 138.7 136.1 131.9 125.9 118.7 110.4 102.3 95.2 89.2 81 73.7 65.5 55.9 54.6 46.2 45.5 41.4 36.7 33.3 32.3 31.8 31.6 30.9 29.8 28.6 27 18.1 4.1 1.8 -0.3 -1.9 -1.9 -1.9 -1.9 -1.9 -1.9 -1.9 -1.9 -1.9 -1.9 -1.9 -1.9 -1.9 -1.9 -1.9 -1.9 -1.9 -1.9 -1.9 -1.9
98.8 98.1 97.8 97.7 97.7 97.1 96.3 95.7 95 94.5 95.1 95.8 96.5 97.4 98.4 99.2 99.8 100.5 102 103 104 105.1 106.3 107.5 108.6 111.5 116.2 120.2 124.7 128.2 129.6 131.1 132.8 135.2 138.9 136.6 133.2 129.7 125 119.6 109.4 101.5 94.6 87.7 84.1 76.2 63.6 56.8 52.1 45.4 41.4 37.8 33.8 32 30.8 29.8 29.3 28.5 28.4 28.4 10.4 6.6 4.3 1.9 0 -1.9 -1.9 -1.9 -1.9 -1.9 -1.9 -1.9 -1.9 -1.9 -1.9 -1.9 -1.9 -1.9 -1.9 -1.9 -1.9 -1.9 -1.9 -1.9 -1.9
97.3 96.6 96.3 95.6 95.3 95 94.8 93.2 92.7 92.1 91.7 92.9 93.4 94.1 95.2 96.4 96.7 97.8 99.4 100.8 102.2 103 104.6 106.2 109.8 113.2 117.1 120.6 123.9 125.5 126.9 128.4 129.8 132 134.8 131 129.5 128.8 125.3 115.8 107.8 101.7 95.6 91.9 84.7 74.6 58.5 56.5 48.1 44.6 39 34.4 31.7 29.7 28.3 27.9 27.6 21.3 12.2 10.1 6.6 3.8 3 2.1 -0.2 -1.9 -1.9 -1.9 -1.9 -1.9 -1.9 -1.9 -1.9 -1.9 -1.9 -1.9 -1.9 -1.9 -1.9 -1.9 -1.9 -1.9 -1.9 -1.9 -1.9
97.3 96.5 95.7 95.4 95.2 94.9 93.3 92 91.5 91.2 91 91.3 91.3 91.5 92.6 93.7 94.8 96.3 98 99.3 99.5 102 104.7 108.7 112.2 115.3 116.3 119.4 121.3 122.8 124.3 125.7 127.1 128.9 128.1 127.8 125.8 125.4 118.7 113.7 107.6 104.7 98.5 92.3 83.3 73 58 53.2 45.3 42 34.8 31.9 27.1 27.3 26 23.9 13.1 8.5 6.7 6 5.4 3.9 2.1 1.4 0.4 -1.9 -1.9 -1.9 -1.9 -1.9 -1.9 -1.9 -1.9 -1.9 -1.9 -1.9 -1.9 -1.9 -1.9 -1.9 -1.9 -1.9 -1.9 -1.9 -1.9
97.7 96.8 96 95.3 95 93.6 92.1 91.1 90.6 90.5 90.4 89.9 89.9 90.2 91.2 92.5 93.4 95.2 97.1 98.9 101.3 103.8 107.3 111.2 114.1 115.1 115.8 117.1 118.7 120.1 121.6 123 124.2 126.2 125.2 124.5 122.7 120.9 118.9 117.9 112.7 108 99.6 91.6 81.5 60.1 54.6 47 41.8 35.8 31 21.3 16.8 14.9 13.3 9.3 6.4 5.7 4.6 3.7 3.5 2 1.1 0 -0.8 -1.9 -1.9 -1.9 -1.9 -1.9 -1.9 -1.9 -1.9 -1.9 -1.9 -1.9 -1.9 -1.9 -1.9 -1.9 -1.9 -1.9 -1.9 -1.9 -1.9
98 97.1 96.3 95.4 94.1 92.7 91.4 90.8 89.7 89.8 89.7 88.5 89 89.4 91 91.7 94.3 96.2 97.8 100.6 103.6 107.9 111.4 111.7 113.5 113.8 114.9 116.1 117.1 118.1 119.3 120.9 122.5 124.6 125.6 125.6 125.2 123.6 122.7 121.7 116.1 110.7 101.6 90.4 74.9 58.9 51.3 43.6 29.4 20.4 15 9.1 6.7 6.1 6.3 5.9 4.4 3.8 3.4 1.8 1.5 1.2 0.5 -0.5 -1.5 -1.9 -1.9 -1.9 -1.9 -1.9 -1.9 -1.9 -1.9 -1.9 -1.9 -1.9 -1.9 -1.9 -1.9 -1.9 -1.9 -1.9 -1.9 -1.9 -1.9
98.3 97.3 96.3 95.2 94.2 92.9 92 90.9 89.4 88.6 88.7 88.6 88.6 88.7 91.3 92.7 94.8 97.1 100.8 103.9 106.6 111.4 113 113.6 114.3 114.5 114.5 115.1 116 116.8 119.5 121.3 124.1 125.8 128.1 128.1 128.5 128.9 128.6 124.5 118.4 111.8 97.7 85.5 61.4 57.4 45.9 22.3 8.1 8.7 5.4 3.8 3.9 3 4.7 4 4.2 2.1 1.5 0.9 0.6 0.3 -0.3 -1 -1.9 -1.9 -1.9 -1.9 -1.9 -1.9 -1.9 -1.9 -1.9 -1.9 -1.9 -1.9 -1.9 -1.9 -1.9 -1.9 -1.9 -1.9 -1.9 -1.9 -1.9
