UK/data/nc/nc54_OST50GRID_20230518/NC54.asc
ncols 200
nrows 200
xllcorner 250000
yllcorner 940000
cellsize 50
[rows 0 to 34 of 200, columns 78 to 155 of 200]
65.3 71.5 69.4 75 69.1 62.6 69.6 74.7 77.3 78.6 79.8 82 82.7 82.9 83.9 86.6 92.5 101.2 110 116.8 124.5 126.7 127.6 126.4 123.2 122.3 121.8 120.9 120.7 120.2 115.1 105.5 98.7 98.1 103.2 106.8 108.1 112.9 123.7 130.4 139.1 147.7 140.9 121.5 118.3 114 106.2 93 82 79.8 77.9 73.7 73.9 76.3 77.3 81.5 89.5 100.7 113.1 125.8 141.4 166.2 195.9 213.2 227.5 244.1 261.3 270.6 289.5 303.1 321.6 336.7 362.3 383.2 418.3 446.6 472.7 493.3
73.1 76.4 77.2 75.7 73 63.9 71.5 75 78.4 79.3 80.3 82.8 83.3 83.8 84.9 88.7 95 104.8 112.4 120.1 126.3 127.9 127.5 124.2 121.1 119.6 119.1 119.3 118.5 116.2 106.9 100.7 100.8 104.8 108.4 114.6 118.9 131 142.2 145 151.1 150.8 131.7 129 125.9 122.9 109.8 89.2 82.5 80.6 74.3 75.4 76 76.7 78.5 83.4 94.3 105.6 119.7 137.6 163.6 194.6 213 227.1 249.6 271 275.1 289.2 300.5 319.9 336.9 354.1 373.8 402.8 436 469.4 500.3 526.9
74.7 77 79.5 74.8 70.8 68.1 70.1 77.7 80 80.3 82.7 84 84.3 84.5 85.9 91.1 99.8 108 115.8 126.1 128.5 127.7 125.7 121.8 118.1 117.4 117.4 117.6 117.2 108.7 102.8 109.1 109.8 111.5 115.8 125 135.9 150.2 155.1 152.1 154.9 143.4 141.6 137.1 137 124 101.6 86.6 82.5 76.7 75.5 76.6 77.5 78.5 82.2 89.1 98.9 116.3 135.6 158.4 187.6 210.6 225.2 254.2 267.4 280.8 288.1 304.2 319.7 341.2 356.3 377.2 392.2 420.1 456.3 501.1 540.2 568.5
78.2 82 81.5 71.2 68.9 72.2 69.1 74.8 78.7 80.6 83.9 85 84.8 84.9 87.6 94.1 103.6 112.1 123.4 128.3 127.8 127.8 123.5 118.7 115.2 115.4 115.9 116.4 114.1 104.6 109.8 113.6 113.8 117.3 126.4 138.8 158.6 167.6 158.6 155.9 151.9 152.1 148.2 143.2 132 117 96.7 84.8 79.9 76 77.1 78 78.7 82.2 88.2 97 111.9 131.8 153 180.9 204 224.7 245.6 267.4 278.4 291.8 310.8 330.8 342.2 361.6 384.5 401.7 411.4 432.5 467.6 505.7 551.6 588.2
82.7 86.3 80.5 70.8 69.3 72.2 72.9 72.1 76.4 81.1 83.8 84.7 85 86 90 98.2 107.6 119.2 128.1 129.2 125.1 124.8 121.2 114.5 114 113.4 114.4 114.4 108.7 105.3 112.5 113.7 118.1 126.1 139.5 160.9 173.9 173.5 158.5 156.5 155.7 154.2 148.5 136 127.1 103.3 92.8 85.6 81.9 76.8 78.9 80.7 82.1 85.5 92.6 108.5 128.7 151 173.1 195.3 220 241.4 259 275.7 295.3 310.3 331.6 357.3 369.8 388.6 407.8 425 436.8 451.9 481.9 512.3 547.4 585.1
85.1 84.9 77.6 69.5 72 75.4 74.7 74.6 79.3 81.1 82.9 84.2 84.9 86.8 93.2 102.4 110.7 122.5 124.2 122 121.3 120.5 116.9 112.2 112 112.8 114.1 116.1 105.4 107.8 112.6 120.4 124.3 137.3 153.6 168.5 174.4 168 158 157.5 157.6 149.6 140.8 131.8 114.3 98 91.6 84.8 78.3 78.5 80.1 83.7 87.7 92.9 101.3 120.5 144.2 168.1 188.3 212.3 235.8 253.9 270.9 285.8 310.6 330.8 354.6 381.4 402.5 419.7 439.7 452.7 468.5 479.2 495.7 525.7 556.4 588.1
85 79.7 74 71.8 74.1 76.8 77.3 78.1 76.6 78.9 81.4 83.1 85.2 89.2 95.8 105.2 116.3 119.3 119.4 119.2 117.2 114.4 110.2 109.9 110.4 112 114.3 111.9 105.3 113.1 116.3 122.7 132.9 143.3 158.9 171.5 167.8 159.3 157.5 156.8 153 145.6 133.3 117.7 104.4 94.4 88.7 83.1 78.4 79.7 81.2 84.8 89 94.1 108.8 132.3 162.7 184.8 204.5 224.6 247.5 266.1 281.3 304.9 331.8 361.9 390.5 407 442 457.9 471.6 484 498.3 507.7 518.4 533.8 561.9 590
83.1 76.1 73.3 73.8 77.1 78.6 79.5 80 80.4 78.9 80 82.7 86 91.1 99.6 106.6 115.2 116.4 116.9 115.7 113.2 109.4 108.2 107.9 109.6 112 115.1 105.9 105.4 112.4 120.8 127.8 138.3 150.2 164.4 169.7 161.9 156.9 156.1 153.9 145 135.7 125.3 109.9 99.2 91.3 85.3 80.6 79.3 81.3 82.9 86.8 92 102.6 123.2 151.7 175.7 189.7 220.5 240 257.3 272.6 298.8 326.1 357.5 395.1 419 442.1 476.6 494.9 514 519.9 526.2 537.9 541.3 554.8 573.9 595.1
78.6 75.1 72.8 75.4 78.9 80.4 80.9 82.1 82.3 79.7 80 83.1 87 92.7 102 107.4 112.8 113.6 113.4 111.5 108.8 107.2 105.9 106.9 108.7 112.8 113 106.6 106.9 115.2 123 132.7 143 153 161.2 163.7 156.4 153.7 153.3 147.8 138.6 131.9 115.7 105 94.8 89.4 84.3 80.2 85.9 84.6 85.3 89.8 101 118.3 140.6 167.8 190.1 211.7 229.5 244.5 263.1 282.4 311.2 346.2 386.5 418.1 449.6 468.7 505.1 557.8 567.6 557.2 560.2 562.6 566.1 579.1 596 615.7
77.7 74.1 74.1 76.7 80.1 81.6 82.5 83 82.8 80.6 80.2 83.3 85.7 94 101.5 107.6 110.6 111.4 109.9 107 106.1 104.4 103 105.2 108.9 113.5 110.3 107.4 108.5 117.8 125.9 135.8 145.4 151.5 156.8 155.2 149.1 149.4 148 138.6 133.4 122.5 108.5 99.3 91.8 86.1 82.9 81.5 83.4 85 88.3 96.3 113.8 136.4 157.6 181.9 205.4 226.5 244.6 256.9 267.7 286 321.5 364.9 404.2 438.4 469.9 491.4 519.9 575.3 609.5 613.5 595.8 589.5 592.9 601.9 616 630.7
76.1 73.1 75.6 77.6 80.5 82.4 82.8 83 82.7 80.4 81.6 83.5 85.5 95.3 102 106.3 108.6 108.9 105.6 103.2 102.6 101 101.7 104.6 108.9 110.2 107.6 108 111.7 121.2 127.5 137.2 145 148.6 150.9 145.5 144.2 145.6 136.8 129.1 122.5 112.8 105.3 95 90.5 85.2 83 83.1 85.9 88.6 92.9 111.5 139.1 157.4 173.8 197.1 219.4 238 253.8 265.7 284.1 302.1 322 362.7 409.1 443.2 466 492.2 522.5 553.2 649.5 641.8 627.5 619.5 620.2 626.5 637.5 643.8
75.7 73.6 76.2 78.7 82 82.9 83.3 83.1 79 79 82.5 84.3 88.8 93.4 101.2 105.1 107 103.6 100.8 98.7 98.7 98.1 101.2 105.3 106.9 106.8 107.1 109.2 113.3 123.7 129 138.1 141.8 142.4 141.2 139.5 139.3 136.2 124.7 118.4 113.4 105.6 99.2 93.3 88 84.4 82.8 85.8 88.5 92.9 106.4 134.1 158.6 173.2 189.7 211.4 230.5 247.4 264.6 285.9 305.8 330.9 335.2 372 411.9 440.8 462.4 487.4 520.6 550.9 615.6 641.8 652.8 649.8 650.7 652.4 656.2 657.6
78.2 74.3 76.9 80.2 82.4 83.5 83.3 82.8 79.7 82 82.9 84.4 89.4 94.1 99.9 102.7 102.8 100.4 96.4 95.8 96.3 97.8 101.1 106.5 103.6 105.6 106.8 112.1 115 122.4 129.8 133 135.3 134.6 133.8 132.3 130.6 121.4 114.2 109.4 104.9 100.2 95 89.9 87.3 84.7 86.7 87.9 93.1 98.4 120.9 157.5 170.7 186.6 204.8 225 242 259.4 276.5 311.4 331.8 363.2 369.7 389 415.1 441.2 461.2 482.7 512.9 544.6 586.6 619.5 689 681.1 679.3 682.5 677.2 671.2
78.8 75.7 79.5 81.7 83.5 84 83.5 81.8 80.7 82.7 83.5 84.9 88.8 93.4 97.6 99.5 98.3 96.1 93.7 93.4 94.1 96.8 99.1 102.4 103.3 104 110.2 112.4 115.3 121.4 122.9 124.7 128.3 125.8 124.6 122 118 109.2 104.2 101.5 97 92 90.3 88.9 86.9 87.4 90 90.9 102.3 119.4 152 171.8 186.5 201.4 219.6 241.2 265.2 308.4 339.7 356 393.3 398.3 390.7 399.1 422 439.7 457.4 476.8 506.8 539.5 582.8 611.7 643.1 691.8 694.1 695.4 689 682
79.9 77.5 81 82.6 83.8 83.8 83.5 80.7 81.8 83.2 84.1 86.7 88.7 92.2 93.9 93.8 92.3 92.2 89.9 90.2 92.4 95.7 99.9 101.8 102.3 103.4 106.8 111.3 113.3 117.9 118.3 120.6 116.7 117.8 117 110.5 104.1 100.4 96.6 94 90.5 88.8 88.5 87.3 88 90.9 94.4 100.5 120.6 143 168.6 187.8 198.3 215.7 240.3 265.2 321.7 360.2 380.3 401.6 419.9 419.2 408.9 409.5 426.9 439.3 454 477.7 505.1 535.5 569.7 604 633.4 663.1 689.4 700.2 696.4 690.9
81 79.9 82.6 84 84.3 84.2 83.9 82.4 81.8 83.5 84.6 87.4 89.1 91 91.7 89.7 88.8 88 86.2 87.5 91.3 95.9 96.3 97.7 99.9 103.8 105.1 109.5 110.2 112.9 110.8 110.8 106.7 108.8 107.3 102.7 99.2 93.2 90.9 90.2 89.8 89.9 90 89.2 91.1 94.8 98.4 114.3 141.5 169.8 189.3 199.7 214 234.3 264.2 303 354.9 398 427.6 430.8 430.5 424.4 416.1 414.9 427.1 438.9 451.7 473.2 497.5 527.9 558.8 591.4 623.2 649.6 676.8 691 703.3 698.2
79.7 82 84.1 84.5 84.5 84.2 83.9 82.5 82 83.9 85.1 86.3 86.7 87.8 87.7 85.1 85.2 87.6 84.2 87.6 90.3 91.9 93.3 95.2 99 102 103.9 105.8 104.7 103.7 103 101.2 100.4 100.2 97.7 94.1 92.7 91.6 91.9 91.6 91.3 91.3 91.5 91.6 94.5 101.5 113.4 140.8 169 186.7 203.6 214.9 232.9 255.5 280.1 332.8 391.5 435.5 453.1 445.6 434.4 427.4 421.6 421.2 426.3 438.8 449.6 467.5 491.9 520.5 551.2 583.8 613.5 641.8 663.9 681.8 695.8 700.1
82.4 84.3 85 85 85.3 84.3 83.6 79.6 83 83.9 85.5 86.5 85.8 84.6 87.8 87.8 87.8 87.8 87.8 88.7 89.8 89.6 90.9 92.8 97.9 101.5 102.5 103.3 103.2 102.3 101.2 100.2 101.3 102.2 102.3 101.3 96.9 93.7 92.9 93.4 93.1 93.9 95.7 94.5 106.7 118.8 150.8 161 183.8 201.1 214 232.3 251.6 277.4 319.9 370.6 409.4 455 474.6 458.2 440.1 427.4 419.8 419.8 427.3 435.4 447.7 464 486 513.6 537.9 570.1 600.4 631.7 656.5 673.4 686.4 692
84.7 85.3 86 86.6 85.2 84.3 83.2 80.5 83.6 84.5 84.9 85.2 82 87.8 87.8 87.8 87.8 87.8 87.8 87.9 88.6 88.4 88.1 93.3 97.8 99.8 101 102.4 102.5 102.2 101.2 102.9 111.4 135.8 135.5 124.8 107.8 100.9 95.9 103.4 101.3 100.7 102.4 109 127.5 143.3 178.6 186.2 198.9 214.2 228.7 251 272.7 301.4 338.2 393.7 427.8 467 481.2 466.2 444.5 428.2 422.5 419.8 422.6 432.6 444 458.8 479.9 502.5 531 559.8 594.4 627 648.7 668.8 683 690.5
86 86.1 87.1 87.2 84.9 83.8 82.8 83 84.2 84.3 83.4 83.2 87.8 87.8 87.8 87.8 87.8 87.8 87.8 87.8 84.8 85.5 87.3 93.2 97.8 100.3 101.4 103 103.5 104.7 111.3 118.4 153.4 170.3 155.7 141.9 131 122.3 116.1 121.7 118.7 121 128.3 137.4 158.9 192.6 198.7 205.1 213.5 227.2 246.8 267.7 293.8 322.5 374.5 412.8 457.3 496.6 489.4 476.3 453.4 438.6 426.1 424.4 423.4 426.4 441.5 456.2 474.4 494.2 526.4 556.8 590.7 620.8 647.9 671.4 688.7 701.4
86.2 86.8 87.6 87.3 84.7 83.6 83.3 83.4 84.3 83.2 87.8 87.8 87.8 87.8 87.8 87.8 87.8 87.8 87.8 87.8 87.8 83.3 86.6 92.7 99.6 101.8 105.2 110.5 118.1 125.7 129.8 142.3 196 186.6 171.5 161.8 154.4 145.5 142.8 149.5 152 163.6 174.4 182.3 220.1 212.2 217.6 218.4 227.7 242.5 267.8 298.7 339.2 346.4 402.8 435 475.9 515.1 522.8 486.5 455.9 438.4 435.2 433.5 426.4 429.4 438 455.2 471.9 491 517.6 550.4 583.9 616.1 649.5 677.8 703.2 715.8
86.9 87.6 88.2 86.6 84.4 83.7 81.2 84.3 87.8 87.8 87.8 87.8 87.8 87.8 87.8 87.8 87.8 87.8 87.8 87.8 87.8 84.4 86.9 95.4 102.1 110.8 127 139 140.7 147.1 151.6 212.9 222.9 207 193.9 186 171.8 167.8 180.1 204.9 209.9 215.3 254.9 256.4 236.9 224.7 228.9 227.3 239.2 262.5 295.3 344.8 371.1 379 417.6 457.6 497.4 544.9 556.5 517 480.7 450.5 434.9 438.2 428.7 429.1 436.9 454.3 472.1 488.8 510.9 540.9 574.3 612.8 650.2 683.6 722.6 734.9
86.9 87.8 88.6 86.2 83.7 83.4 87.8 87.8 87.8 87.8 87.8 87.8 87.8 87.8 87.8 87.8 87.8 87.8 87.8 87.8 87.8 86.2 94.8 103.7 117.5 150 167.1 169.1 167.8 172.3 214.2 242.2 236.5 229.2 219.2 206.8 190.9 202.2 225.8 231.3 237.7 275 279.7 266.5 241.5 238.5 236.7 237.7 254.5 282.6 333.9 389 400.8 403.5 440.3 479.8 520.4 559.5 601.4 558.8 507.1 473.6 449.5 436.9 440.2 433.6 440.9 453 470.3 484.1 507.2 536.2 570.2 615.3 655 701.8 728 754.5
86.5 87.2 87.3 85.1 87.8 87.8 87.8 87.8 87.8 87.8 87.8 87.8 87.8 87.8 87.8 87.8 87.8 87.8 87.8 87.8 87.9 106.5 123.2 141.7 168.5 184.8 189.7 190.8 196.4 223.2 265.4 260.3 255.6 250.1 241.3 224.3 222.3 238.7 249.9 264.2 291.7 292.2 281 265.8 251.2 250.9 246.8 254 276.4 310 380.1 406.4 422.7 426.8 456.1 486 524.2 595.8 634.5 578.7 537.4 496 467.2 449.9 438.7 439.5 441.6 451.6 465.7 481.1 501 528 564.5 610 653.8 705.5 739.7 741.6
85.5 85.9 85.5 87.8 87.8 87.8 87.8 87.8 87.8 87.8 87.8 87.8 87.8 87.8 87.8 87.8 87.8 87.8 87.8 87.8 117 147.8 167.9 183.1 203.3 215.7 221.5 230.4 281.2 284.8 277.2 272.4 265.1 260.7 240.3 242.5 250.1 259.4 285.2 304.5 300.2 294.4 285.2 274.3 265.5 263.2 253.4 269.6 295.9 342 409.1 418.6 425.5 436.8 458 490.2 524.3 575 641.2 601.2 559.4 518.6 486.9 461.4 444.3 442.8 443.5 451.8 465.7 481 497.9 523.5 558.6 601 651.1 691.3 723.5 727.6
84.2 84.6 87.8 87.8 87.8 87.8 87.8 87.8 87.8 87.8 87.8 87.8 87.8 87.8 87.8 87.8 87.8 87.8 87.8 113.5 166.9 228.7 245.8 261.6 270.8 295 301.1 298.9 297.2 289.9 290.1 280.4 266 254.1 247.6 254.6 263.4 293.1 310.9 307.8 304.8 301.8 291.2 276.8 277.8 271.6 270 285.9 310.7 372.5 422.7 427 429.9 437.8 460 486.7 515.6 581.9 625.2 609.4 576.1 540.1 507.1 483 463.4 455.5 456.9 455.3 466.2 480.9 499.8 522.3 554.1 597.6 646.8 680.1 710 717.5
86.3 87 87.8 87.8 87.8 87.8 87.8 87.8 87.8 87.8 87.8 87.8 87.8 87.8 87.8 87.8 87.8 87.8 90.6 126 211.4 244.9 268.5 283.6 306.8 310 306.5 304.9 301.4 297.5 292.2 276.6 263.3 257.1 259 262.7 287.3 308.6 314.3 308.1 311.3 305.7 296.9 284.3 290.3 278.9 289.2 303.7 332 395.4 430.4 429.4 434 434.1 452.2 481.1 507.4 562.2 609.5 632.6 596.5 571.8 541.2 507.2 488.5 475 459.4 464.8 468.3 481.6 497.5 519.3 552 599.4 645.2 678.4 711.2 711.2
87.8 87.8 87.8 87.8 87.8 87.8 87.8 87.8 87.8 87.8 87.8 87.8 87.8 87.8 83.5 84.9 84.8 82.1 107.6 154.5 223.7 254.6 275 294.8 305.8 306.1 303.7 303.7 303.8 300.2 293.5 281.9 271.7 264.7 268.9 285.2 297.6 309.3 308.8 306.6 309 304.8 302.5 302.5 295.1 293.3 306.8 322.5 348.9 410 427.5 427.4 427.6 431.5 447.1 463.6 499.6 562.8 635.2 645.7 622.4 600.3 573.7 545.5 519.5 498.5 489 481.5 483.3 487.3 502 523.1 554.1 602.6 641.4 676.7 708.6 701.9
87.8 87.8 87.8 87.8 87.8 87.8 87.8 87.8 87.8 87.8 87.8 87.8 87.8 87.8 81.9 86 88.3 94.7 140 199.3 226.4 265 278 292.6 299 300 297.2 301.2 304.7 299.4 297.2 290.4 286 285.6 292.5 294.1 296.8 306.1 304.1 306.2 312.4 317.4 324.1 310.6 301.2 308.2 326 345.9 372.7 423.8 426.7 427 423.7 424.6 435.5 448.4 488.4 588.3 660.2 647.1 631.4 614.6 607.8 577 546.3 527.9 515.5 503.8 497.7 496.8 510.2 531 561.7 604.6 648.5 680.9 708.2 698.2
87.8 87.8 87.8 87.8 87.8 87.8 87.8 87.8 87.8 87.8 87.8 87.8 87.8 82.7 82.6 97.2 97.6 113.4 159.1 198.4 228 263.9 274.6 288.7 290.1 290.5 293.2 303.5 300.8 294.7 295.8 291.9 287.1 292.6 297.5 296.1 297.8 304.2 303.8 311.7 328.1 340 324.7 312.5 312.5 328.5 348.3 369.1 411.5 429.8 425.8 419.5 416.1 411.5 423.7 436.9 468.8 596.2 652.7 640.8 635.3 625.3 623.4 620.3 597.3 561.3 540.3 522.7 507.5 507 518.7 538.6 570.8 610.3 648.5 681.4 706.1 699.3
87.8 87.8 87.8 87.8 87.8 87.8 87.8 87.8 87.8 87.8 87.8 87.8 87.8 81.5 91.9 100.3 107.9 126.5 172.3 204.5 252.2 264.8 278 284.8 286.9 286.5 288.7 298.9 292.1 287.4 291.7 289 286.8 293.3 295.5 296.2 301.2 304.6 311.5 335.6 347.9 337.7 327.8 320.4 327 350.4 373 405.2 447.6 440.1 428.1 415.3 411.9 408 417.7 427.6 449.8 586.4 625.7 623.6 631.3 637.5 645 638.8 613.7 583 564.3 547 527.4 519 532.2 551.1 581.1 623.8 662.9 690.9 710 706
87.8 87.8 87.8 87.8 87.8 87.8 87.8 87.8 87.8 87.8 87.8 87.8 87.8 83.3 99.6 101.9 119.2 139.8 181.7 225.2 261.3 266.5 288.9 285.1 281.6 280.4 285 292 282.8 279 288.9 285.6 284.7 290 294.7 299.5 305.5 314.1 326.4 343.5 341.1 338.8 331.1 329.9 346.8 375.3 402.5 442.7 471.6 458.2 439.7 420.4 415 408 408 423.5 446.3 482.4 585.6 602.3 616.4 631.7 640.6 637.6 625.7 598.8 571.5 554.7 538.7 536.3 549.1 571.6 602.4 637.5 678.6 702.8 714.5 717
87.8 87.8 87.8 87.8 87.8 87.8 87.8 87.8 87.8 87.8 87.8 87.8 87.8 85.9 97.1 104.6 129.3 154.8 196.9 247.8 267.9 280 296.1 293.2 278.4 274.3 281.1 283.3 273.5 273.8 282.1 281.2 280.3 287.7 299 307.6 312.5 333 354.5 345.5 334.9 334 333.6 337.4 366.1 396.8 426.5 469.9 499.3 476.4 458.1 437.9 422.2 408 408 414.7 443.4 474.7 549.3 583.6 605 621.5 626 626 623.2 608.2 583.8 562.4 552.1 552.6 567.6 589.7 618.1 662 698 721.1 722.2 720.4
87.8 87.8 87.8 87.8 87.8 87.8 87.8 87.8 87.8 87.8 87.8 87.8 87.8 87.7 95.5 111.4 138 176.7 231 265.2 268 281.7 290.4 283.9 276.9 268.1 271 273.4 266.7 269.9 276.1 275.5 275.4 285.3 302 312.4 327 348.4 346.4 337.8 331.1 331.4 337.8 351.4 382.1 417.5 453.3 543.9 530.3 501.3 472.3 451.2 427.1 411.8 408 415 445.3 479.3 531.2 567.5 593.1 605.4 610.6 610.3 611.8 614.9 605 588.2 573.7 575.6 591.9 614.1 643.7 676 720.6 735.2 729.7 721.9
87.8 87.8 87.8 87.8 87.8 87.8 87.8 87.8 87.8 87.8 87.8 87.8 82.3 90.5 105.2 128.2 161.7 230.4 254.6 258 273.8 278 282.7 273.5 271.2 263 263.5 266.9 262.5 265.7 269.9 270 270.4 285.8 299.7 315.2 337.2 342.4 341.1 332.8 328.9 331.2 341.6 364.8 397.2 435.6 489.4 557.4 552 519.3 487.4 449.3 430 411.9 408 413.2 442.6 476.7 520.8 552.7 576.8 589 592.4 593 596.5 604.9 610.1 610.2 612.3 606.6 624.7 642.3 670.4 708.1 740 740.6 734.2 722.3
