WholeMapElevations/data/nx/nx91_OST50GRID_20230518/NX91.asc
ncols 200
nrows 200
xllcorner 290000
yllcorner 510000
cellsize 50
[rows 37 to 73 of 200, columns 85 to 169 of 200]
-2.5 -2.5 -2.5 -2.5 -2.5 -2.5 -2.5 -2.5 -2.5 -2.5 -2.5 -2.5 -2.5 -2.5 -2.5 -2.5 -2.5 -2.5 -2.5 -2.5 -2.5 -2.5 -2.5 -2.5 -2.5 -2.5 -2.5 -2.5 -2.5 -2.5 -2.5 -2.5 -2.5 -2.5 -2.5 -2.5 -2.5 -2.5 -2.5 -2.5 -2.5 -2.5 -2.5 -2.5 -2.5 -2.5 0.9 5.7 30.2 46.9 48.2 47.5 45.2 34.1 24.3 6.5 7 6.3 5.7 5.8 7.7 9.1 7.6 8.6 8.3 9.5 9.2 9.5 12.1 23.4 36.7 50.7 64.8 73.8 82.2 88.6 92.1 93.7 97.3 102.3 105.8 108.6 112.4 118.5 121
-2.5 -2.5 -2.5 -2.5 -2.5 -2.5 -2.5 -2.5 -2.5 -2.5 -2.5 -2.5 -2.5 -2.5 -2.5 -2.5 -2.5 -2.5 -2.5 -2.5 -2.5 -2.5 -2.5 -2.5 -2.5 -2.5 -2.5 -2.5 -2.5 -2.5 -2.5 -2.5 -2.5 -2.5 -2.5 -2.5 -2.5 -2.5 -2.5 -2.5 -2.5 -2.5 -2.5 -2.5 -2.5 -2.5 1.6 14 43.3 56.7 53.9 52.5 50 38.6 30.1 21.5 7.3 6.4 5.6 5.8 8.2 8.1 8.9 7.8 9.4 9.9 10.4 10.5 11.1 22 36.1 50.1 63.4 73.1 80.5 84.4 88.2 92 96.4 99.6 102.3 104.4 108.8 113.1 117
-2.5 -2.5 -2.5 -2.5 -2.5 -2.5 -2.5 -2.5 -2.5 -2.5 -2.5 -2.5 -2.5 -2.5 -2.5 -2.5 -2.5 -2.5 -2.5 -2.5 -2.5 -2.5 -2.5 -2.5 -2.5 -2.5 -2.5 -2.5 -2.5 -2.5 -2.5 -2.5 -2.5 -2.5 -2.5 -2.5 -2.5 -2.5 -2.5 -2.5 -2.5 -2.5 -2.5 -2.5 -2.5 -0.1 2.4 29.8 52.8 60.1 62 59.1 53.8 45.2 35.2 27.7 12 6.9 5.6 8 7.2 7.8 9.4 8.3 8.8 9.6 9.1 9.4 10.3 20.3 34.9 48.9 62.4 72.6 74.6 79.7 84.2 88.3 92.6 96.6 98.8 102.1 105.6 110.4 114.9
-2.5 -2.5 -2.5 -2.5 -2.5 -2.5 -2.5 -2.5 -2.5 -2.5 -2.5 -2.5 -2.5 -2.5 -2.5 -2.5 -2.5 -2.5 -2.5 -2.5 -2.5 -2.5 -2.5 -2.5 -2.5 -2.5 -2.5 -2.5 -2.5 -2.5 -2.5 -2.5 -2.5 -2.5 -2.5 -2.5 -2.5 -2.5 -2.5 -2.5 -2.5 -2.5 -2.5 -2.5 -2.5 0.7 3.2 38.6 59.9 62.4 64.9 64.8 59.1 50.7 40.3 35.6 18.1 8.7 6.7 7.8 8.3 8.6 8.2 8.3 7.6 8.2 8.7 9.4 11.1 18.1 32.8 46.9 59.4 69.1 73.6 76.3 80.9 85.3 89.6 92.7 96.7 99.6 102.8 107.9 112.9
-2.5 -2.5 -2.5 -2.5 -2.5 -2.5 -2.5 -2.5 -2.5 -2.5 -2.5 -2.5 -2.5 -2.5 -2.5 -2.5 -2.5 -2.5 -2.5 -2.5 -2.5 -2.5 -2.5 -2.5 -2.5 -2.5 -2.5 -2.5 -2.5 -2.5 -2.5 -2.5 -2.5 -2.5 -2.5 -2.5 -2.5 -2.5 -2.5 -2.5 -2.5 -2.5 -2.5 -2.5 -2.5 1.7 22.1 45.4 61.8 64.1 68 68.1 63.9 55 45.7 37.4 29.9 8.5 6.5 7 8.7 7.3 7.3 7.3 7.5 9 9.5 10 12.1 17 30.1 43.8 55.3 64.5 69.7 74.9 78.4 83.1 85.3 87.9 93.1 95.9 99.7 104.9 109.9
-2.5 -2.5 -2.5 -2.5 -2.5 -2.5 -2.5 -2.5 -2.5 -2.5 -2.5 -2.5 -2.5 -2.5 -2.5 -2.5 -2.5 -2.5 -2.5 -2.5 -2.5 -2.5 -2.5 -2.5 -2.5 -2.5 -2.5 -2.5 -2.5 -2.5 -2.5 -2.5 -2.5 -2.5 -2.5 -2.5 -2.5 -2.5 -2.5 -2.5 -2.5 -2.5 -2.5 -2.5 -0.1 2.7 34.4 60.7 63 65.6 69.6 70.5 71.1 61.4 49.7 40.9 31.9 10.6 6.9 7.3 7.9 7.8 7.9 8.5 7.7 9.3 9.7 10.7 12.7 16.3 23.9 36.3 48.8 58 66.1 72.2 76.1 79.3 80.8 84.8 89.4 93.1 98.1 102.4 107.3
-2.5 -2.5 -2.5 -2.5 -2.5 -2.5 -2.5 -2.5 -2.5 -2.5 -2.5 -2.5 -2.5 -2.5 -2.5 -2.5 -2.5 -2.5 -2.5 -2.5 -2.5 -2.5 -2.5 -2.5 -2.5 -2.5 -2.5 -2.5 -2.5 -2.5 -2.5 -2.5 -2.5 -2.5 -2.5 -2.5 -2.5 -2.5 -2.5 -2.5 -2.5 -2.5 -2.5 -2.5 0.7 5.5 38.2 58.3 63.3 66.1 68.5 71 71.6 67.1 55.4 44.1 35.8 14.6 7.2 8.2 7.9 8.2 7.7 8.1 8 8.9 10.3 11.1 13 15.8 22.2 29.2 41.7 52.1 61.9 68.9 73.7 75.5 74.6 81.6 86.4 90.7 95.1 100.1 106.4
-2.5 -2.5 -2.5 -2.5 -2.5 -2.5 -2.5 -2.5 -2.5 -2.5 -2.5 -2.5 -2.5 -2.5 -2.5 -2.5 -2.5 -2.5 -2.5 -2.5 -2.5 -2.5 -2.5 -2.5 -2.5 -2.5 -2.5 -2.5 -2.5 -2.5 -2.5 -2.5 -2.5 -2.5 -2.5 -2.5 -2.5 -2.5 -2.5 -2.5 -2.5 -2.5 -2.5 -2.5 1.5 18.7 42.7 60.7 63 66.6 67.6 70.5 72.6 71.1 62.8 48.2 37.6 11.4 6.8 7.4 7.7 7.9 8.3 7.6 8.1 8.7 11.3 13.1 14.3 16.7 20.5 25.6 36.8 45.4 57.9 64.9 70 61 70.8 78.5 83.2 89.6 93.6 97.4 102.3
-2.5 -2.5 -2.5 -2.5 -2.5 -2.5 -2.5 -2.5 -2.5 -2.5 -2.5 -2.5 -2.5 -2.5 -2.5 -2.5 -2.5 -2.5 -2.5 -2.5 -2.5 -2.5 -2.5 -2.5 -2.5 -2.5 -2.5 -2.5 -2.5 -2.5 -2.5 -2.5 -2.5 -2.5 -2.5 -2.5 -2.5 -2.5 -2.5 -2.5 -2.5 -2.5 -2.5 -0.4 2.9 31.9 46.5 61.3 63.2 66.4 68 69.8 72.6 70.7 64.1 50.7 34.8 19.6 7.7 7.6 7.4 7.1 7.1 7.3 7.7 10.1 10.4 12.3 15.1 17.8 21.6 27.4 35.4 43.2 53.2 60.4 55.2 61.6 69.6 75.8 81.2 89.4 93 96 100.6
-2.5 -2.5 -2.5 -2.5 -2.5 -2.5 -2.5 -2.5 -2.5 -2.5 -2.5 -2.5 -2.5 -2.5 -2.5 -2.5 -2.5 -2.5 -2.5 -2.5 -2.5 -2.5 -2.5 -2.5 -2.5 -2.5 -2.5 -2.5 -2.5 -2.5 -2.5 -2.5 -2.5 -2.5 -2.5 -2.5 -2.5 -2.5 -2.5 -2.5 -2.5 -2.5 -2.5 1.5 6.4 35.7 52.2 61.3 63.5 65.2 67.6 68.7 72.2 72.5 68.9 56.4 41.4 25.3 9.8 8.2 7.9 7.3 7 7.3 7.6 8.8 10.9 12.8 15.6 17.8 19.9 27.6 33 38.6 47.1 44.6 55.8 62.5 68.2 75.1 80.4 85.7 89.9 95 99.1
-2.5 -2.5 -2.5 -2.5 -2.5 -2.5 -2.5 -2.5 -2.5 -2.5 -2.5 -2.5 -2.5 -2.5 -2.5 -2.5 -2.5 -2.5 -2.5 -2.5 -2.5 -2.5 -2.5 -2.5 -2.5 -2.5 -2.5 -2.5 -2.5 -2.5 -2.5 -2.5 -2.5 -2.5 -2.5 -2.5 -2.5 -2.5 -2.5 -2.5 -2.5 -2.5 -0.4 2.3 17.3 39.1 57.9 63.5 63.9 64.7 67.1 68.7 72 74.8 74.3 63.2 46.8 28.7 10 8.6 8.1 7.6 7.2 7.5 8.1 10.8 12.1 13 15 16.7 21.2 23.3 31.1 37.8 42.3 50.5 56.3 59.8 69.1 74.6 79 84.6 87.8 92.8 96.5
-2.5 -2.5 -2.5 -2.5 -2.5 -2.5 -2.5 -2.5 -2.5 -2.5 -2.5 -2.5 -2.5 -2.5 -2.5 -2.5 -2.5 -2.5 -2.5 -2.5 -2.5 -2.5 -2.5 -2.5 -2.5 -2.5 -2.5 -2.5 -2.5 -2.5 -2.5 -2.5 -2.5 -2.5 -2.5 -2.5 -2.5 -2.5 -2.5 -2.5 -2.5 -2.5 0.4 2.8 29.6 40.9 61.6 64.7 64.1 65.4 66.4 69.1 73.6 75.3 76.1 66.9 49.7 29.9 16.5 12.2 8.5 7.9 7.5 9.3 9.6 9.9 9.9 11.5 13.2 15.7 19 23.4 25.5 37.6 43.5 46.2 51.6 61.4 68.4 72.4 77.8 80.9 85.3 89.7 94.8
-2.5 -2.5 -2.5 -2.5 -2.5 -2.5 -2.5 -2.5 -2.5 -2.5 -2.5 -2.5 -2.5 -2.5 -2.5 -2.5 -2.5 -2.5 -2.5 -2.5 -2.5 -2.5 -2.5 -2.5 -2.5 -2.5 -2.5 -2.5 -2.5 -2.5 -2.5 -2.5 -2.5 -2.5 -2.5 -2.5 -2.5 -2.5 -2.5 -2.5 -2.5 -2.5 1.3 10.5 34.3 47.8 62.1 63.1 64.3 65.7 67.2 72.1 75.9 77.5 75.5 67.8 52.9 34.1 17.9 16.3 11.4 10.1 7.8 7.8 9.2 8.9 9.2 10.5 12.4 14.5 19.5 25.7 27.6 29.7 39 45.8 54 59.8 65.7 71.7 76.2 79.7 84.1 88.4 93.5
-2.5 -2.5 -2.5 -2.5 -2.5 -2.5 -2.5 -2.5 -2.5 -2.5 -2.5 -2.5 -2.5 -2.5 -2.5 -2.5 -2.5 -2.5 -2.5 -2.5 -2.5 -2.5 -2.5 -2.5 -2.5 -2.5 -2.5 -2.5 -2.5 -2.5 -2.5 -2.5 -2.5 -2.5 -2.5 -2.5 -2.5 -2.5 -2.5 -2.5 -2.5 -2.5 2.8 16.7 39.4 50.4 60.3 64.1 65 67.1 70.7 73.3 77.6 78.4 78.5 68.5 56.8 38.7 19 16.1 11.8 12.2 8.3 7.8 7.8 8.1 8.5 10.6 12.2 13.7 18.6 23.4 27.7 32.2 35.2 44.6 52.8 57.8 64.8 70.1 75.6 78.9 83.6 87.1 92.3
-2.5 -2.5 -2.5 -2.5 -2.5 -2.5 -2.5 -2.5 -2.5 -2.5 -2.5 -2.5 -2.5 -2.5 -2.5 -2.5 -2.5 -2.5 -2.5 -2.5 -2.5 -2.5 -2.5 -2.5 -2.5 -2.5 -2.5 -2.5 -2.5 -2.5 -2.5 -2.5 -2.5 -2.5 -2.5 -2.5 -2.5 -2.5 -2.5 -2.5 -2.5 -2.5 1.8 17.3 30.5 53 63.2 65.3 66.9 69.9 72.8 75.1 78.1 78.6 79.1 75.1 61.1 44 27.3 18 14 11.9 7.4 7.9 7.8 7.6 9 10.3 11.6 12.5 16.8 21.7 26.9 32.9 36.1 41.6 47.2 56.7 64.7 68.4 74.6 78.9 83.2 85.7 91.4
-2.5 -2.5 -2.5 -2.5 -2.5 -2.5 -2.5 -2.5 -2.5 -2.5 -2.5 -2.5 -2.5 -2.5 -2.5 -2.5 -2.5 -2.5 -2.5 -2.5 -2.5 -2.5 -2.5 -2.5 -2.5 -2.5 -2.5 -2.5 -2.5 -2.5 -2.5 -2.5 -2.5 -2.5 -2.5 -2.5 -2.5 -2.5 -2.5 -2.5 -2.5 -2.5 2 12.7 28.8 63.2 64.7 67 69.8 72.4 75.9 76.7 78.8 82.4 82.2 78.4 65.8 50.8 33 21.5 17.1 13.1 9.1 7.6 7.4 7.2 8.4 9.3 9.9 8.4 14.5 17.6 23.6 30.3 35.6 40.4 49.5 56.8 64.4 69.4 73.6 77.7 81.6 85.3 89.4
-2.5 -2.5 -2.5 -2.5 -2.5 -2.5 -2.5 -2.5 -2.5 -2.5 -2.5 -2.5 -2.5 -2.5 -2.5 -2.5 -2.5 -2.5 -2.5 -2.5 -2.5 -2.5 -2.5 -2.5 -2.5 -2.5 -2.5 -2.5 -2.5 -2.5 -2.5 -2.5 -2.5 -2.5 -2.5 -2.5 -2.5 -2.5 -2.5 -2.5 -2.5 -2.5 2.3 9.8 31.3 64.4 66.2 69.5 72.2 75.8 77.3 78.9 82.9 87.7 86.9 78.6 69.2 57.3 38.5 26.4 19.5 14.7 8.4 7.1 7.1 7 7.6 8.2 9.2 10.4 12.1 14.3 21.3 28.4 32 39.2 48.3 56.8 62.5 68.4 73.2 76 79.9 85.6 90.8
-2.5 -2.5 -2.5 -2.5 -2.5 -2.5 -2.5 -2.5 -2.5 -2.5 -2.5 -2.5 -2.5 -2.5 -2.5 -2.5 -2.5 -2.5 -2.5 -2.5 -2.5 -2.5 -2.5 -2.5 -2.5 -2.5 -2.5 -2.5 -2.5 -2.5 -2.5 -2.5 -2.5 -2.5 -2.5 -2.5 -2.5 -2.5 -2.5 -2.5 -2.5 -0.4 2.6 8.9 35.7 66.5 69.1 71.8 74.9 77.2 79.1 82.1 85.7 89.6 87.6 79.3 71 59.6 44.3 31 22.7 15.4 11.3 7.8 7.4 7.1 7.4 8.6 9.7 11 11.7 12.8 20.3 28.4 32.8 37.9 46.4 60.7 62.8 67.2 72.2 76.2 79.5 85.4 90.6
-2.5 -2.5 -2.5 -2.5 -2.5 -2.5 -2.5 -2.5 -2.5 -2.5 -2.5 -2.5 -2.5 -2.5 -2.5 -2.5 -2.5 -2.5 -2.5 -2.5 -2.5 -2.5 -2.5 -2.5 -2.5 -2.5 -2.5 -2.5 -2.5 -2.5 -2.5 -2.5 -2.5 -2.5 -2.5 -2.5 -2.5 -2.5 -2.5 -2.5 -2.5 0.5 3.2 27.5 56 68 71.3 74.3 76.4 78.2 80.8 84.8 86.9 88.7 86.9 78.9 72.5 61.2 46.8 35.6 27.7 17.7 11.3 8.3 8.9 7.6 7.8 8.1 9.1 9.4 12.1 13.2 18.3 26.9 31.5 36.3 44.2 53.9 60.7 66.3 71 73 79.5 85.9 89.4
-2.5 -2.5 -2.5 -2.5 -2.5 -2.5 -2.5 -2.5 -2.5 -2.5 -2.5 -2.5 -2.5 -2.5 -2.5 -2.5 -2.5 -2.5 -2.5 -2.5 -2.5 -2.5 -2.5 -2.5 -2.5 -2.5 -2.5 -2.5 -2.5 -2.5 -2.5 -2.5 -2.5 -2.5 -2.5 -2.5 -2.5 -2.5 -2.5 -2.5 -2.5 1.5 11.4 41.3 65.6 69 72.8 77.1 79.4 82.3 84.5 86.2 89.4 88.9 85.9 79.6 72.4 61.7 48.7 39.9 33.2 21.2 13.4 9.2 7.9 8.9 7.7 8.7 8.1 9 11.9 12.2 16.5 23.8 28.1 33.4 38.6 46.3 58.6 63.9 66.7 70 79.4 83.2 88.8
-2.5 -2.5 -2.5 -2.5 -2.5 -2.5 -2.5 -2.5 -2.5 -2.5 -2.5 -2.5 -2.5 -2.5 -2.5 -2.5 -2.5 -2.5 -2.5 -2.5 -2.5 -2.5 -2.5 -2.5 -2.5 -2.5 -2.5 -2.5 -2.5 -2.5 -2.5 -2.5 -2.5 -2.5 -2.5 -2.5 -2.5 -2.5 -2.5 -2.5 -2.5 2.7 23.3 61.1 65.9 70 75.9 80.5 83.8 86.7 87.8 88.1 89 88.6 85.2 77.5 72.1 61.1 49 44 36.9 24.6 19.1 12.7 8.2 8.4 8.4 8.8 8.7 8.9 11.4 11.6 17.8 23.1 26.2 31.3 39.8 47.8 56.8 60.7 64.6 68.9 75.1 81.7 85.8
-2.5 -2.5 -2.5 -2.5 -2.5 -2.5 -2.5 -2.5 -2.5 -2.5 -2.5 -2.5 -2.5 -2.5 -2.5 -2.5 -2.5 -2.5 -2.5 -2.5 -2.5 -2.5 -2.5 -2.5 -2.5 -2.5 -2.5 -2.5 -2.5 -2.5 -2.5 -2.5 -2.5 -2.5 -2.5 -2.5 -2.5 -2.5 -2.5 -2.5 0 3.3 29.8 61.7 66 72 78.2 83 87.5 90.4 90.4 88.5 89.4 88.8 85.4 76.9 72.1 63.3 52 44.9 40.5 31 23 19 10.2 9.1 8.6 9.4 8.9 9.1 10 11.9 19.1 22.1 25.4 29.1 37.2 45.8 53.6 58.3 63.4 67.2 72.9 76.8 84.2
-2.5 -2.5 -2.5 -2.5 -2.5 -2.5 -2.5 -2.5 -2.5 -2.5 -2.5 -2.5 -2.5 -2.5 -2.5 -2.5 -2.5 -2.5 -2.5 -2.5 -2.5 -2.5 -2.5 -2.5 -2.5 -2.5 -2.5 -2.5 -2.5 -2.5 -2.5 -2.5 -2.5 -2.5 -2.5 -2.5 -2.5 -2.5 -2.5 -2.5 0.4 6 44.9 60.3 65.6 72.6 78.7 85.2 88.4 91.3 91.4 90 90.1 88.7 83.8 78.3 71.7 63 54.5 46.9 42.2 33.2 27.2 20.5 13.6 9.6 8.8 8.2 9 9.2 9.7 13.2 14.8 21.6 23.9 27.5 34.7 42.3 49.8 55.6 58.8 63.4 68.8 73.7 78.9
-2.5 -2.5 -2.5 -2.5 -2.5 -2.5 -2.5 -2.5 -2.5 -2.5 -2.5 -2.5 -2.5 -2.5 -2.5 -2.5 -2.5 -2.5 -2.5 -2.5 -2.5 -2.5 -2.5 -2.5 -2.5 -2.5 -2.5 -2.5 -2.5 -2.5 -2.5 -2.5 -2.5 -2.5 -2.5 -2.5 -2.5 -2.5 -2.5 -2.5 1 13.1 54.6 58.4 64.2 74.5 80.6 85.9 88.3 91.5 91.1 90.8 90 88.8 85.3 77.5 71.9 68.2 58.7 49.7 41.8 33.7 28.3 21.7 20.2 11.9 11.4 9.3 8 9.8 10.4 13 14.2 18.2 21.8 23.9 28.6 38.5 47 51.2 56.2 59 68.3 74.2 77.6
-2.5 -2.5 -2.5 -2.5 -2.5 -2.5 -2.5 -2.5 -2.5 -2.5 -2.5 -2.5 -2.5 -2.5 -2.5 -2.5 -2.5 -2.5 -2.5 -2.5 -2.5 -2.5 -2.5 -2.5 -2.5 -2.5 -2.5 -2.5 -2.5 -2.5 -2.5 -2.5 -2.5 -2.5 -2.5 -2.5 -2.5 -2.5 -2.5 -2.5 1.9 16.6 54.7 59.2 64.3 74.8 78.9 85.5 87.8 90.2 91.5 91 90.3 89.7 84.9 79.6 72.9 69 60.1 53.1 41.9 34.5 28.8 24.1 19.9 13.8 12 11 8.8 9.2 13.6 12.6 14.5 16.2 17.2 18.8 24.7 36.8 44.2 49.7 53.7 55.4 67.5 73 77.2
-2.5 -2.5 -2.5 -2.5 -2.5 -2.5 -2.5 -2.5 -2.5 -2.5 -2.5 -2.5 -2.5 -2.5 -2.5 -2.5 -2.5 -2.5 -2.5 -2.5 -2.5 -2.5 -2.5 -2.5 -2.5 -2.5 -2.5 -2.5 -2.5 -2.5 -2.5 -2.5 -2.5 -2.5 -2.5 -2.5 -2.5 -2.5 -2.5 -2.5 2.7 21.6 55.7 60.2 65.2 73.9 79.6 84.9 87.7 90 91.4 90.9 90.4 89.8 86.3 80.8 77.6 71.7 65.2 53.9 44.8 35.4 29.9 26.3 20 14.7 12.8 13 9.7 9.3 10.5 13.1 12.9 13.4 14.2 15.9 18.7 32.4 40.1 45.6 44.8 45.7 55.8 61.4 63
-2.5 -2.5 -2.5 -2.5 -2.5 -2.5 -2.5 -2.5 -2.5 -2.5 -2.5 -2.5 -2.5 -2.5 -2.5 -2.5 -2.5 -2.5 -2.5 -2.5 -2.5 -2.5 -2.5 -2.5 -2.5 -2.5 -2.5 -2.5 -2.5 -2.5 -2.5 -2.5 -2.5 -2.5 -2.5 -2.5 -2.5 -2.5 -2.5 -2.5 4 34.5 57.1 62 67.8 75.3 81.7 85.9 89.2 91 91.5 91.1 90.7 90.1 87.2 81.8 79 74.3 65.7 57 46 38.4 31.6 26.8 19.1 16.7 14 12.2 10.9 9.9 10.1 11.8 11.2 12.1 13.7 15.3 18 23 33.2 30.7 42.4 51.7 59.5 65.6 73.7
-2.5 -2.5 -2.5 -2.5 -2.5 -2.5 -2.5 -2.5 -2.5 -2.5 -2.5 -2.5 -2.5 -2.5 -2.5 -2.5 -2.5 -2.5 -2.5 -2.5 -2.5 -2.5 -2.5 -2.5 -2.5 -2.5 -2.5 -2.5 -2.5 -2.5 -2.5 -2.5 -2.5 -2.5 -2.5 -2.5 -2.5 -2.5 -2.5 0.2 4.6 39.8 59.3 63.6 68.9 76 82.4 84.6 89.1 90.9 92.8 92.3 90.9 90.4 87.2 83.5 80.1 74.2 70.3 60.1 49 36.5 31.8 27.4 24.3 18.6 15.2 12 11.1 10 9.5 11.7 12.4 13.7 14.9 16.1 17.7 20.6 24.6 33 41.8 50.3 58.9 63.2 75.3
-2.5 -2.5 -2.5 -2.5 -2.5 -2.5 -2.5 -2.5 -2.5 -2.5 -2.5 -2.5 -2.5 -2.5 -2.5 -2.5 -2.5 -2.5 -2.5 -2.5 -2.5 -2.5 -2.5 -2.5 -2.5 -2.5 -2.5 -2.5 -2.5 -2.5 -2.5 -2.5 -2.5 -2.5 -2.5 -2.5 -2.5 -2.5 -2.5 0.4 6.6 53.9 59.6 64.7 69.8 77.1 81.5 86.3 89.5 93.4 94.2 91.6 91.1 90.7 87.2 84.2 81.1 74.9 60.1 48.7 50.6 44.4 34.7 28.9 26.6 21.3 15.4 11.2 10.4 10.7 9.4 9.7 13.2 13.1 14 15.5 16.6 20.5 23.9 28.3 34.9 45.6 55.2 70.3 78.4
-2.5 -2.5 -2.5 -2.5 -2.5 -2.5 -2.5 -2.5 -2.5 -2.5 -2.5 -2.5 -2.5 -2.5 -2.5 -2.5 -2.5 -2.5 -2.5 -2.5 -2.5 -2.5 -2.5 -2.5 -2.5 -2.5 -2.5 -2.5 -2.5 -2.5 -2.5 -2.5 -2.5 -2.5 -2.5 -2.5 -2.5 -2.5 -2.5 1.5 16.5 56.3 61.2 65.7 70.5 76.3 82.5 86 90.6 93.2 94.5 92.9 91.9 90.9 88.1 87.3 83.8 62.9 64.8 69.5 60.6 47.3 36.6 31.5 29.2 24.2 17.6 11.9 10.3 9.9 9.8 9.9 12.4 12.3 13.5 13.9 16.3 19.1 21.1 33.9 42.8 51.9 61.9 67.4 78.3
-2.5 -2.5 -2.5 -2.5 -2.5 -2.5 -2.5 -2.5 -2.5 -2.5 -2.5 -2.5 -2.5 -2.5 -2.5 -2.5 -2.5 -2.5 -2.5 -2.5 -2.5 -2.5 -2.5 -2.5 -2.5 -2.5 -2.5 -2.5 -2.5 -2.5 -2.5 -2.5 -2.5 -2.5 -2.5 -2.5 -2.5 -2.5 -2.5 3 47.9 59 63.3 67 71.8 77.8 82.3 85.9 91.5 94 94.8 93.5 91.6 90 87.7 86.4 82.8 59.8 57.3 71.3 62.2 49.8 39 34 30.4 26.1 19.4 16.1 11.8 11.4 10.3 11.2 12.6 11.8 12 12.6 14.9 15.8 18.7 31.8 41.2 50.6 60.6 62.3 77.1
-2.5 -2.5 -2.5 -2.5 -2.5 -2.5 -2.5 -2.5 -2.5 -2.5 -2.5 -2.5 -2.5 -2.5 -2.5 -2.5 -2.5 -2.5 -2.5 -2.5 -2.5 -2.5 -2.5 -2.5 -2.5 -2.5 -2.5 -2.5 -2.5 -2.5 -2.5 -2.5 -2.5 -2.5 -2.5 -2.5 -2.5 -2.5 0.5 9.9 54.2 59.4 65 69.8 74.6 78.2 82.2 85.7 91.6 94.3 90.2 93.6 91.9 90 88.4 88.5 85 80.6 55.3 72.7 64.5 54.6 41.9 36.1 32 27.7 21.6 20.9 14 10.4 10.2 10 11.8 13.4 11.1 11.6 12.7 14.4 16.8 29.2 38.6 48.7 58.7 61.2 75.6
-2.5 -2.5 -2.5 -2.5 -2.5 -2.5 -2.5 -2.5 -2.5 -2.5 -2.5 -2.5 -2.5 -2.5 -2.5 -2.5 -2.5 -2.5 -2.5 -2.5 -2.5 -2.5 -2.5 -2.5 -2.5 -2.5 -2.5 -2.5 -2.5 -2.5 -2.5 -2.5 -2.5 -2.5 -2.5 -2.5 -2.5 -2.5 1.5 16.5 56.2 62.9 67 73 77.2 80.4 82.5 85.7 89.6 93.3 95.3 93.8 92.7 91 89 89.1 88.7 84.7 58 61.5 69.5 61.3 47.5 38.3 33.6 29.3 25.6 24.7 17.2 10.6 8.8 9.8 9.6 14.3 10.9 11.4 12.1 13.6 16.1 27.4 37.3 46.6 56.4 61.9 73.4
-2.5 -2.5 -2.5 -2.5 -2.5 -2.5 -2.5 -2.5 -2.5 -2.5 -2.5 -2.5 -2.5 -2.5 -2.5 -2.5 -2.5 -2.5 -2.5 -2.5 -2.5 -2.5 -2.5 -2.5 -2.5 -2.5 -2.5 -2.5 -2.5 -2.5 -2.5 -2.5 -2.5 -2.5 -2.5 -2.5 -2.5 -2.5 2.1 25.3 55.9 61.9 68.5 74.6 78.3 81.8 84.1 86.9 89.4 93.9 95.6 93.6 92.7 90.6 91.3 91.5 90.9 87.2 63.6 60.6 69.6 64.9 50.7 40.9 35.9 31.7 29.4 27.3 19.5 11.3 9.6 9.5 9.6 12.1 10.5 10.9 11.7 12.6 16 27.8 34 44.9 54.6 63.2 71.3
-2.5 -2.5 -2.5 -2.5 -2.5 -2.5 -2.5 -2.5 -2.5 -2.5 -2.5 -2.5 -2.5 -2.5 -2.5 -2.5 -2.5 -2.5 -2.5 -2.5 -2.5 -2.5 -2.5 -2.5 -2.5 -2.5 -2.5 -2.5 -2.5 -2.5 -2.5 -2.5 -2.5 -2.5 -2.5 -2.5 -2.5 -2.5 5.9 51.9 57.6 62.7 68.2 74.5 79.4 82.8 85.3 90.1 91.1 94.3 95.7 94.1 92.8 93.1 95 94.8 93.6 89.7 84.1 58.4 69.2 64.7 53.7 44.4 38.9 35.4 33.4 30.1 20.3 13.8 9.7 9.7 9.5 10.3 10.1 10.3 10.6 11.6 14.8 22.6 32 41.2 51.4 59.6 65.8
-2.5 -2.5 -2.5 -2.5 -2.5 -2.5 -2.5 -2.5 -2.5 -2.5 -2.5 -2.5 -2.5 -2.5 -2.5 -2.5 -2.5 -2.5 -2.5 -2.5 -2.5 -2.5 -2.5 -2.5 -2.5 -2.5 -2.5 -2.5 -2.5 -2.5 -2.5 -2.5 -2.5 -2.5 -2.5 -2.5 -2.5 1.2 28.2 52.4 59.9 65.2 70.3 75.2 81 83.7 87.8 92.8 93.2 94.2 94.7 93.6 92.4 94.3 96.6 97.8 95.9 91.8 87 71.4 71.6 69.2 60.3 49 42.2 39 36.5 32.9 24 14.5 10.4 10.4 9.7 8.5 10.7 9.9 10.5 11 13.1 20.4 30 39.1 48.4 55.9 63.3
-2.5 -2.5 -2.5 -2.5 -2.5 -2.5 -2.5 -2.5 -2.5 -2.5 -2.5 -2.5 -2.5 -2.5 -2.5 -2.5 -2.5 -2.5 -2.5 -2.5 -2.5 -2.5 -2.5 -2.5 -2.5 -2.5 -2.5 -2.5 -2.5 -2.5 -2.5 -2.5 -2.5 -2.5 -2.5 -2.5 -2.5 7.9 42.9 56.1 62.3 67.8 72.7 77.6 82.2 85.9 89.7 95.5 95.3 94.4 94.8 93.3 93.1 95.5 98.6 99.8 98.1 95 90.2 85.5 76.9 74.9 67.5 56.8 46.8 41.4 38.5 34.5 26.6 19.1 11.4 10.7 10.4 9.9 15 9.9 10.1 10.8 12.5 17.7 25.4 34.7 41.6 50.6 59.2
