UK/data/nx/nx59_OST50GRID_20230518/NX59.asc
ncols 200
nrows 200
xllcorner 250000
yllcorner 590000
cellsize 50
[rows 35 to 69 of 200, columns 78 to 155 of 200]
351.4 340.8 333.3 325.8 319 310.4 302.3 295.1 289.7 275.7 270.7 265.6 258.1 252.4 250.4 249.5 246.3 244.9 245.6 246.4 242.9 241.5 240.5 238.1 237.5 236.2 237.3 239.3 244.6 245.9 246.4 245.4 248 251.7 253.4 256.2 259.9 262.2 266.2 272.1 275.9 279.5 280.1 283.6 284.6 285.2 284 279.4 266.8 278.2 285.8 286 288 292.2 301.7 310.2 319.8 328.7 337.4 347.5 355.5 363.7 367.2 373.6 378.3 383.5 387.3 390.3 392.5 394.3 397.5 404.3 409.3 411.7 414 417 419.1 421.1
350.7 340.8 333 326.2 320.3 313.1 304.6 298.5 291.9 281.6 275 270.4 260.9 254.8 252.8 250.4 249.4 253.3 251.4 250.6 247.1 242.7 241.2 240.8 239.3 239 237.7 240.8 244.6 244.1 242.5 243.2 245.6 248.8 249.9 254.3 257.4 259.3 262.9 267.7 271.5 274.4 276.9 278.7 280.4 279.5 276.1 266.5 268.3 276.4 280.6 286.8 287.6 290.8 296.1 305.4 313.1 321.5 330 338.3 346.9 355.3 360.7 364.7 370.3 374.5 380.4 383.7 387 391 394.1 402.7 407.3 412 415 417.1 420 423.3
348.6 339.2 332.7 326.4 319.1 310.3 306 300.1 293.3 285.8 279.1 274.2 263.3 258.1 254.6 254.1 253.6 257.5 255.9 251.3 250.7 245.7 241.7 241.5 241.4 239.4 238.8 236.4 245.6 243.8 242.6 242.9 245.1 246.3 249.4 253.6 257.2 259.9 263.1 265.6 269.2 271.9 272.6 273.4 272.5 260.8 261.9 266.4 277.7 282.3 286.6 289.2 290.2 290.6 294.5 298.5 310.9 320.3 327.2 336.6 344.4 348 358 361.2 369.5 372.9 378.2 382.4 385.9 389.2 393.8 400.2 405.6 410.4 414.3 417 420.2 425.3
346.9 339.7 332.2 325.5 316.5 310.4 304.1 299.7 294.5 285.4 281.2 274.7 266.3 260.4 260.1 259.5 259.4 259.7 258.3 256.9 253.8 248.1 243.3 243.8 247.8 247.1 242.5 237.8 240.1 243.3 240.8 241.3 243.4 244.8 247.3 253 256.3 259.2 263.2 266.6 267.6 267.3 268.5 263.7 257.2 269.1 275.5 280.4 285.8 287.6 290 291.4 292.7 293.2 297.3 304.2 313.5 323.7 331.1 336.7 348.2 353.4 358.5 365.2 370.2 372.3 376.7 381.5 385.4 388.2 393.5 397.8 404.1 408.7 413 416.2 421.1 426.9
346.6 338.7 332.8 325 316.7 309.4 303.4 298.1 294.2 290.4 283.7 275 271.9 269 267.6 266.4 264.7 262.1 260.5 258.7 256.3 247.9 247.8 249.4 251.4 248.4 245.1 239.3 234.6 242.2 241 240.7 241.2 242.8 245.2 246.9 252.5 258.1 262.2 256.7 250.8 251.8 255.4 258.3 267.2 272.3 275.2 277.5 286.5 291.5 295.5 297.8 295.8 298.4 302.3 310.3 318.5 325.6 332.4 339 347.3 353.1 361.7 367.7 372.3 375.9 379.7 382.5 384.5 386.2 391.1 395.7 402.6 407.4 411.7 416 420.5 425.3
346.9 337.9 331.3 324.7 316.5 308.5 302.8 295.9 293.5 290.2 285.5 279.2 277.3 273.7 271.3 269.7 267.4 265.6 263 258.2 251.1 250.2 250.8 251.5 250.3 250.7 247.5 241.9 234.8 241.2 239.4 238.9 239.4 241.7 243.7 244.9 248.5 253.4 253.9 245.8 261.9 265.7 263.7 265.3 269.4 274.1 277.3 284 292.3 298.8 302 303.9 306.4 308.1 312.2 317.8 323.9 329.8 337.2 344.9 351 359.6 363.2 368.7 373.4 378.3 382.3 385.5 387.3 389.5 393.8 397.6 402.4 405.8 411.2 416.3 420.2 424.3
351.1 342.3 333.4 325.8 317.1 308.7 304.1 297.9 293 290.2 285.6 280.7 280.6 276.9 273.7 273.2 270.3 268.5 266.3 262.6 258.1 254.6 251.8 251.4 251.6 249.8 246.5 242.7 235.3 235.1 237.2 236.6 237.3 239.4 242 244.7 246.4 247.5 249 261.5 266.3 269.2 273 275.5 276.7 281.3 287.7 292.3 301.5 309.7 313.1 316.6 317.8 320.4 322.4 323.7 330.3 337.3 345.1 352.3 359.3 362.6 370 373.4 378.1 382.1 385 388.2 390 393.4 398.1 402.3 402.6 406.6 410.9 415.2 421.5 425.8
356.8 348.8 337.1 328 319.7 310.7 306 301 295.2 291.8 289 285 282.8 278.5 277.2 275.5 273.2 271.3 269.9 267.4 260.5 258.7 254.8 252.4 251.2 248.8 242.5 238.5 235.9 233.3 235.5 237 237.3 238.7 240.5 241.8 243.3 252.1 256.9 262 267.2 273.1 279.5 282.9 286.3 292.4 298.7 306.5 314.4 321.4 325 327.8 329.3 332.4 333.5 334.6 338.9 346.9 353.3 358.8 363.8 368.6 375.3 380.6 385.2 390.4 393.4 395.5 394.6 399 403.2 405 405 407.3 409.5 414.9 420.5 428
359.3 351.8 341.5 331.9 321.8 314.5 309.8 304.4 298.2 296 291.9 288.3 283.5 281.3 279.8 278 275.7 272.9 273.2 269.5 266.2 263.5 258.4 253.3 251.7 247.2 242.3 241.8 241.8 231.8 235.4 235.4 237.4 237.3 240.6 241.8 246.7 251.6 254.6 260.8 269.5 274.7 284.9 291.9 296 301.7 309.5 319 326.5 337.8 340.6 342.6 342.4 344.9 345.6 346.5 349.1 354.8 361.2 367.3 370.5 374.3 380 386.6 391.8 397 402.1 403.8 404.4 406.4 408.2 407.4 406.5 407.9 410.1 414.6 421.3 428.7
365.8 358.4 347.9 336.6 327.9 318.9 312.3 309.7 303.2 300.1 295.7 289.6 284.6 283.4 282.6 280.2 278 275.9 273.9 272.3 269.6 267.1 261.5 258.1 255.8 253.4 249.5 246.5 246 232.3 233.7 234.3 237.1 239.8 240.9 244.7 248 250.7 254.6 262.8 270.9 279.8 291.3 299.8 307.8 316.8 323.8 335 343.6 352.9 357.8 359.9 357.8 357.8 355.3 356.6 358.8 364.7 371.5 376.6 378.6 379.2 385.2 391.9 396.9 402.2 410.8 413.9 415.3 414.4 411.2 410 407.9 409.3 412.7 417.8 423.7 429.9
370.8 362.6 352 340.6 333.2 322.6 316.2 315.4 310.2 304.2 299.3 294.6 290.6 286 283.5 282.9 279.6 277 274.8 272.4 270.2 268.4 266.6 264.1 260.4 256.2 252.3 249.6 248.4 243.8 232.6 233.3 242.7 243.5 245.2 248.6 251.2 253.3 257.5 265.3 273 279.9 295.1 306.4 317.6 328.6 340 349.6 360.6 373.1 381.1 382.5 379.5 372.8 368.6 370.7 371.7 376.7 379.7 383.4 384.7 385.1 389.9 395.2 400.9 407.1 420.7 421.3 421.7 417.9 414.3 412.6 412.5 413.9 416.8 421.4 425.9 433.2
375.7 368.8 359 348.6 338.8 332.1 326 317.4 315.9 311.6 304.5 299.4 297.5 292.2 285.3 282.5 281.1 278.2 275.5 273 272.4 271.1 269.2 266.8 262.7 258.4 254.4 250.2 246.1 238.8 233.1 232.1 243.2 244.3 246.3 249.2 253.2 255.6 258.8 267 275.9 281.2 291.8 307.7 322.1 337.8 352.7 366.5 380.2 392.1 399.6 401.9 395.3 388.9 386 384.9 386.3 386.9 388.2 389.5 390.8 391.4 395.3 399.2 405.3 410.6 427.6 426.5 424.6 420.3 420.1 416.6 417.1 418.3 420.4 425.9 430.7 437.8
373 369.9 364.5 354.3 344.7 337.6 330.9 321 319.9 316.7 310.3 307.1 302.3 298.1 290.1 284.6 282.9 280 277.7 274.6 273.1 272.2 269.4 267.5 263.5 257.8 254.8 245.9 240.6 237.5 234.6 231.7 232.4 244.3 248 251.4 254.3 257.3 260.1 268.3 277.4 285.3 298.9 311.6 328.4 345 366.3 381.9 395.6 408.1 418.8 423 418.1 408.9 400.8 398.1 399.1 398.8 397.2 397.6 399.4 399.8 402 405.6 410.5 416.7 430.7 427.8 428.5 430.3 426.8 423.3 422 423.1 424.6 428.9 435.1 441.5
374.3 371.3 366 358.2 347.8 341.3 336.7 329.3 321.4 319.9 318.5 313.6 309.4 305 298.1 288.8 284 281.5 278.7 276.3 273.8 270.7 267.2 265.3 261.4 257.7 254.2 247.4 240.1 237.1 233.5 231.9 234.2 240.8 247.1 248.2 254.1 257.6 261.7 270.2 278 289.1 302.6 317.4 335.7 354.8 373.6 390.2 405.6 422 433.3 440.3 439.8 431.2 416 411.4 410.6 409.8 406.7 406.6 405.8 407.5 408.1 411.7 417.2 423.3 430.2 435.7 438.7 438.4 436.6 433.2 430.5 430.2 431.5 435.3 439.1 443.3
375.8 372.3 367.4 360.9 351.3 343.7 337.3 334.2 328.2 324.3 325 320.7 313.6 307.6 300.9 294 287.4 282.6 279.7 276.4 273 269.5 266.2 263.2 260.5 257.9 253.5 246.9 240.3 235.3 233.2 228.9 233.7 235.8 241.3 243.4 249.2 253.9 261.4 270.6 279.4 290.1 300.5 315.4 334.3 354.6 374 392.5 412 429.7 442.3 450.2 450.4 446.5 430 424.1 422.6 420.4 417 414 413.6 413.2 413.9 417 421.9 427.5 439.4 439.6 444 445.4 443.6 441 438.6 436.3 435.5 438.7 442.2 446.2
378.3 373.9 368.6 361.8 353 345.3 339.6 335.4 331.6 328.9 329.6 326.6 321.1 315 308.5 301.6 291.8 286.7 281.6 276.7 273.4 269.5 266.1 264.2 261.2 257.7 254.2 247.4 240.8 233.8 230.2 229.5 233 234 236.5 240.9 244.7 253.1 261.7 269.2 279.3 288.4 300.7 316.6 333.9 350 372.3 392.7 414.2 427.1 441.1 453.8 458.1 456.7 442.6 433.7 433.8 431.3 425.8 421.4 420.4 418.6 418.8 421.3 425.4 432.2 441 441.5 445.9 448.7 448 444.9 441.8 438 435.2 437.2 440.5 445.5
383 375.8 368.2 361.4 353.3 345.9 341.6 337 333.9 331.6 335.4 335 331.1 323.3 314 306.6 297.7 290.5 284.2 279.2 274.9 270.9 267.6 264.4 261.6 258.1 254.1 247.3 239.6 238.5 229.8 230.8 231.9 233.8 238.6 241.6 247.3 252.2 259.7 267.4 279.8 289.9 301.3 315.1 328.8 345.6 366.7 388.1 406.1 424.7 440.8 455.3 461.1 460.9 450.1 439.9 439.2 435.9 433.4 429.4 426.8 423.3 418.9 426.2 431 435.6 439.5 438.7 444 446.5 445.4 443.1 438 433.3 430.3 431.7 434.2 438.8
379.8 371.4 365.3 359.7 352 345.2 340.6 337.4 335 333.4 336.3 340.1 336.7 330.7 321.6 311.5 302.1 294.1 285.2 278.5 274.8 272.1 268.5 265.4 261.9 257.9 253.4 244.6 241 230.7 229.3 230.7 230.5 232.4 238.2 242.5 249 253 259 266.9 278.7 289.1 299.8 313.5 325.5 340.7 358.7 380 395.6 417.9 439.9 454.7 461.6 461.1 453.7 444.1 441.7 438.4 435 432.1 428.7 424.2 421.7 429.4 434.3 435.1 436.3 437.1 439.4 439.9 439.2 434.3 428.1 424.9 423.1 422 424.2 428.8
369.8 364.1 359.2 352.2 345.2 342.6 339.3 336.6 335.5 333.9 336.6 341 342.7 337 330.3 318.7 307 298.1 289.4 281.5 276.2 273.3 269.8 265.4 262 258.2 254.2 249.4 243.2 229.4 227.9 228.5 228.8 230.6 236.8 241.2 249.1 252.8 255.4 264.2 275.2 285.4 296.5 309.6 320 333.8 349.1 368.9 390.7 412.5 435 449.5 458 461.9 458.4 449.5 445.6 442.5 439.7 436.1 431.3 425.9 424.3 429.8 431.8 432.4 433.7 432.3 432.2 431.5 429.2 422.8 417.6 412.9 410.2 409.6 411.9 416.8
365.2 360.1 355.4 349.4 345.6 341.3 336.7 336.2 335 334 334 338.2 342.6 344.1 334.7 326.6 311 300.8 291.9 283.7 278.1 273.7 269.2 265.2 262.4 257.6 252.8 247.8 243.6 239.6 226.8 229 228.7 229.7 235.1 240.4 243.8 248.5 256.5 263.6 270 280.7 291 302.6 316.6 329.7 343.4 361.9 383.3 404.6 425.6 440.3 451.9 458.5 459.1 453.7 449.6 446.7 442.9 437.9 432.8 426 425 425 426.2 425.9 425.4 424.4 419.9 419.9 414.2 409.2 404.6 399.1 395.9 397.2 398.7 402.8
362.2 357.2 353.8 347.5 344 339.8 336 336.3 335.7 334.5 334 337.3 342.5 344.6 334.9 325.8 315 300 292.9 284.9 277.6 274.5 270 266.4 264.3 259 253.4 250.4 248.7 236.2 228.8 225.5 228.1 231.2 234.9 235.5 241.1 246.4 251.6 257.8 263 274.1 286 298.9 311.6 326.2 340.7 356.9 376.7 396.5 414.1 431.1 446.1 454.4 457.3 455.5 451.6 447.2 443.1 437.9 431.3 424.4 419.9 417.8 418.2 417.1 414.2 411.5 408 404.4 400.8 397.4 391.9 386.1 382.5 383.5 397.6 406.6
356.5 354 350.1 346 341.9 337.7 334.9 334.5 334 333.5 334.7 334.1 336.7 338 332.4 321 312.6 303.5 295.7 286 279.8 275 270.8 267.8 265.1 258 255.8 253.8 249.5 243.6 227.6 226.4 228.1 233.2 236 238.3 241.8 246.5 247.5 252.8 260 271.4 281.9 295.7 307.7 322.6 336.8 352.4 370.4 389.1 407.1 423.6 437.1 448.2 453.4 451.6 448 443.1 436.4 429.9 423.7 416.7 411.7 409.3 408.8 406.8 403.2 396.2 391.8 388.6 386.5 383.4 379.1 374.9 372.2 387 396.9 406.8
348 347.1 346.3 342 338.7 335.8 332.6 330.8 330.7 329.2 331.3 331.2 331.3 332.2 326.2 319.4 312.4 303.9 296.2 289.1 281 276.1 272.4 269.5 266.6 262.5 258.7 256 251.1 241.2 226.4 225.1 228.1 227.1 238.5 239.8 243.2 245.9 250.8 254.8 259.3 268 277.8 290.8 303.6 315.6 331.2 347.4 363.3 381.2 400.2 419 429.9 441.5 445.3 440.7 437.5 432.4 424.9 420.7 415 407.9 402.5 401.4 399.4 395.6 390.7 383.2 378.4 376.2 375 371.6 368.9 366.6 373.9 385.1 395.9 406.8
340.6 341.7 339.9 336.3 333.4 331.4 328.8 324.9 325.8 324.5 325.3 324.6 322.1 321.7 319.3 315.4 309.7 302.2 295.8 288.9 282.8 278.2 274.3 270.4 266.1 262.1 259.4 256.6 251.1 240.3 223.7 226.8 226.8 226.7 227 237.9 243.5 248.1 252.5 258.1 262.8 266.6 276.4 285.8 298.6 310.5 325.8 341.7 355.9 373.3 389.7 405.4 420.7 430.9 434.2 428.9 425.1 419.5 413.6 409 401.2 395.5 392.7 391.7 388.3 385.5 378.7 372.5 369.3 367 364.8 362.9 359.1 359 370.7 382.2 394.3 406.3
329.6 329.5 329.1 328.5 327.6 325.7 323 319.9 318.9 317 318.8 318.3 315.3 312.7 310.1 307.6 304 300 294.8 288.5 283.9 279.4 275.4 269.2 265.5 260.2 257.8 256.1 250.8 239.7 229.5 224.9 226.7 226.9 226.4 239.6 243.5 248.2 254.6 256.1 258.4 264.3 273.1 282.4 292.9 304.5 319.8 335.5 348.6 363.5 379.4 397 408.9 417.5 420.7 420.1 414.5 406.7 401.2 397 388.4 383.5 380.7 378.5 375.3 372 367.3 364.4 358.8 356.3 355.7 353.7 347 361.3 367.7 378.1 389.6 403.7
318.6 322.2 322.6 321.6 321 319.4 316.7 315.2 313.1 313.3 312.6 312.1 310.6 306.9 304.9 303.2 300.1 297.2 291.8 287.7 283.2 279.1 274.8 268.2 264.3 259.9 256.7 252.7 249.1 243.9 237.6 223.1 226.2 225.6 225.6 232.3 244.9 248.4 251.4 255.7 258.8 264.8 269.8 279.9 289.1 301.8 313.3 326 342.2 355.3 369.4 383.8 393.6 402.2 406.9 408.4 404.2 395.7 387.6 381.5 374.7 369.8 367.5 366.4 363.9 360.5 358 354.4 348.1 347.4 347 339.5 353 358.7 365 374.3 386.3 399.6
307.5 311.9 313.4 314 314.1 314.8 312.7 311 308.4 308.5 308.3 308 306.3 303.9 300.9 298.4 296.2 293.1 289.1 285.8 282.6 277.6 273.1 270.6 266.2 261.4 258 253.4 249.9 247.8 242.3 225.6 225 225 225.4 227.4 237.7 241.3 248.3 254.2 258 262.4 267.7 275.7 285 294.1 305.5 317.7 332.7 347.5 359.8 369.9 379.4 389.1 395.6 395.4 392.2 384.7 375.7 368.5 361.5 359.7 357.3 355.5 353.4 351.9 346 343.6 341.1 337.6 336.7 340.8 349.8 356.6 364.7 371.9 383 396
298.1 302.6 302.6 306.9 307.8 309.2 308.9 307.2 303.7 301.4 302.4 301.9 300.3 298.5 294.8 292.6 291.2 289 285.9 283.1 280.8 277 273.5 269.9 264.4 260.6 256.1 251.5 248.9 245.6 243.4 232.3 222 224 225.3 226 233.5 240.7 245.7 251 255.1 260.4 265.8 272.4 279.7 289.2 298.5 309.2 322.5 335.6 348 357.9 366.7 376.9 382 382.1 379.8 372.9 363.1 355.3 349.8 347.9 348.1 345.6 344.2 340.8 339.7 336.4 332.6 329.3 327.4 339.3 347.5 356.2 363.2 369.7 381.1 394
289.7 292.6 297.7 300.9 303.4 302.9 303.4 301.5 298.8 292.9 294.6 295.1 292.9 290.9 288 286.4 286.3 284.4 281.9 279.7 278.4 273.5 270.5 267 263.5 260.7 255.7 250.4 244.9 243.3 241.7 239.4 221.3 223.5 223.9 225.4 231.8 237.6 242.8 248.5 254.6 259.7 263.2 268.1 274.4 283.8 292.1 301.2 312.6 323.5 334.7 344.9 355.1 363.3 368.8 369.3 368.1 361.1 352.6 345.3 338.4 338.2 335.2 335.8 334.7 332.4 331.7 327.7 324.3 316.5 330.5 337.7 346 354.4 363.8 370.7 379.3 392.5
282.5 285.4 288.8 293.9 293.6 295.8 295.4 294.8 294.8 291.1 287.6 287.9 287.4 285.9 282.3 281.1 282.1 280.3 278.1 276.6 275.7 272.6 268 265.9 261.2 257 254.3 248.5 244.3 243.6 241.9 238.5 225.9 221.2 222.8 223.7 225.7 233.3 242.6 247.4 252 255.9 260.4 263.7 269.3 276.2 285.5 293.3 304.4 315.7 324.4 331.8 338.9 346.6 353.1 356.1 352.3 347 339.4 333.7 329.1 328 326.6 325.2 326.3 323.6 323.3 320.7 314.6 318.5 331.4 339.1 347.2 355.4 364.3 373.5 384.2 394
278.2 279.2 285 289.1 290.3 292.4 290.8 291.2 290.9 288.9 285.3 282.1 281.1 280.3 277.9 275.2 276.6 275.7 274.5 271.1 271.3 270.4 266.7 262.7 258.6 254.2 249.3 245.5 243.1 240.9 241.8 238 235.5 223.5 221.3 222.2 224.1 229.7 235.9 242.1 248.2 253.8 257.3 261.7 264.7 271.9 278.1 284.4 296 305.2 313.8 320.6 325.5 329.3 334 338.2 334.6 331.4 327.1 323.7 318.2 317.9 317.1 317.2 317.1 316.8 316.9 305.2 310.1 322.5 332.5 342.3 350.7 358.6 367 377 389 401.1
272.4 275.4 279.2 282.1 286.8 288.9 285.8 289.2 288.3 285.3 281.9 278.7 274.7 271.9 273.4 271.2 272.4 269.9 270.7 268.5 267.3 266.2 264.1 258 255.7 252.9 247.5 243.2 241.6 240.5 240.3 237.6 235.4 224.6 222.7 222.3 220.3 225.5 233.1 239.9 245.6 249.7 254.6 258.7 262.4 266.7 271.1 279.2 286.5 292.9 301.1 308.3 312.3 314.6 318.2 319 318.6 317.2 314.9 311.9 308.2 308 307.3 307.2 309.3 309.7 300.9 308.3 317.3 324.1 333.8 344.1 353.4 362 372.7 383.8 397.4 411.7
267.6 272.1 275.6 279.3 280.3 277.3 278.3 281.4 283.7 283.1 279.4 276 273.4 271.5 269.5 269.4 270.6 268.6 264.2 265 264.3 263.6 261.8 258.9 253.4 250.9 245.7 241.9 241.1 238.8 238.2 236.9 232.6 225.5 222.4 222.1 220 223.1 229.1 235.2 241.5 246.1 252.6 254.7 257 259.4 266 272.8 278.6 283 289.7 296.8 300.1 302.6 304.1 305.3 305.2 302.9 303.2 301 299.9 297.7 297.8 300.7 297.7 296.3 297 311.2 320.8 328.4 336.4 345.4 356.3 368.3 380.8 396.3 409.2 422.5
266.4 266 268.5 270.9 274 276.5 280.2 281.3 282.2 279.8 275.8 271.9 270.4 268.8 267.5 266 265.4 262.2 263.7 264 263.1 261.3 259.8 256.9 252.2 249.4 245.3 241.5 239.4 239.2 239.2 237.6 234.8 230.8 222.1 221.4 221.4 221.3 225 231.9 237 242.3 246.4 249.3 251.1 256.3 260.5 266.6 270.3 272 273 283.1 287.1 290.6 291.9 291.4 293.6 293.1 293.4 292.3 291.9 291.2 289.4 289.4 287 289 309.5 315.5 321.2 329.5 339 349.3 362.4 376 390.8 409.3 429.7 442.5
259.2 262.6 265.5 267.6 271.2 274.3 274.9 275.9 277.6 275 265.7 265.1 265.6 265.3 262.8 262.6 260.3 261.4 261.6 262 260.8 259.3 256.7 255.8 251.8 248.1 244.7 241.5 241 240 240 240 234.2 230.3 225.4 221.3 221 219.6 222 226.9 231.2 238.8 242.1 247.2 249.3 251.7 254.2 257.8 260.8 262 263.2 270.8 276.2 280.4 280.8 281.9 282.5 283.9 285 284.8 283.8 273.4 281.1 277.7 293.1 299 307.5 314.3 321.8 331.8 342 354.4 368.1 385.1 403.6 428.3 447.6 465.8
