WholeMapElevations/data/sw/sw74_OST50GRID_20230518/SW74.asc
ncols 200
nrows 200
xllcorner 170000
yllcorner 40000
cellsize 50
[rows 111 to 147 of 200, columns 0 to 81 of 200]
72.3 78.6 83.7 88.2 90.8 92.4 93.9 96 98.2 100.1 103.1 106.1 108.6 110.9 113 114.7 116.2 117.4 118.3 118.7 118.7 118.6 117.5 116.1 115.4 115.2 114.9 114.4 114.6 114.8 112.7 112.8 111.9 110.9 109.9 107.4 104.9 102.1 99.5 97.1 94.8 95.3 96.5 97.7 95.5 102.2 105.6 107.2 108.8 108.7 109.6 110.6 110.6 111 111.1 111.3 112.1 113 114 115.3 116.7 118 119.1 119.7 120.1 119.3 118.3 116.5 114.1 111.8 109.3 106.6 103.8 100.9 97.9 95 92.3 89.7 86.8 83.4 81.7 84.7
72.5 72.8 76.7 81.1 85.2 88.7 92.4 95.4 97.9 100.6 102.8 105.5 108.1 110.7 113.3 114.6 116.2 117.4 118.4 119.4 120.1 120.6 121 120 119.3 118.6 117.8 117.5 117.7 116.8 115.6 114.1 112.8 111.4 109 105.4 103.4 101.2 99 97.6 96.3 96.3 96.9 95.4 100.5 103 106 107 107.9 110.4 108.9 109.2 109.4 109.4 109 109.2 109.7 110.8 112.1 113.6 115.2 116.8 117.9 118.6 118.8 118 117.1 115.3 112.9 110.1 107.3 104.6 101.7 98.8 96 93.6 91 88.7 86.2 83.1 80.3 80.2
79.8 75.6 74.2 80.7 86 90.7 94.6 97.5 99.6 101.5 103.6 105.7 108.3 110.9 113.5 115.2 116.5 117.6 118.5 119.5 120.6 124.4 127.1 125.4 123.1 121.2 120.2 119.8 119.6 118.4 115.9 113.8 111.5 109.8 107.2 105 103 100.9 99.6 98.7 97.8 95.7 95.3 99.6 101.8 103.9 105.7 106.3 107.4 107.5 108 108 108 107.6 107.1 107 107.3 108.5 110.2 112 113.7 115.4 116.8 117.1 117.2 116.4 115.3 113.6 111 108.2 105.3 102.5 99.3 96.5 94.4 92.1 89.9 87.8 85.4 82.9 80.4 78.4
84 82.2 77.7 77.2 83.4 89.1 94.4 97.6 99.3 101.3 103.3 105.9 108.5 111.1 113.8 115.8 117 118 118.9 119.7 121.6 125.4 127.2 127.1 124 122.2 121.4 120.4 119.4 117.6 115.3 112.8 110.8 108.8 106.5 104.7 103 101.3 99.8 99.2 96.7 96.4 99.1 100.5 102.7 103.9 105.6 106.3 106.9 107 107 106.8 106.3 105.9 105.1 104.8 105.4 106.6 108.6 110.8 112.7 114.4 115.6 115.8 115.6 114.6 113.3 111.3 109.1 106.4 103.7 100.9 98.1 95.5 93 90.6 88.5 86.4 84.7 82.5 80.8 79.2
88.7 87.5 85 80.6 80.2 86.2 92 94.9 96.1 97.9 101 104.9 108.3 111.5 114.1 116 117.6 118.7 119.5 120.2 121.4 124.2 126.3 126 124.3 123.2 121.8 120.5 118.6 116.9 114.7 112.5 110.3 108.2 106.4 104.5 102.7 101.4 100.4 96.8 98.6 99.9 100.7 101.8 103.4 104.2 105.3 106.7 106.8 106.8 106.4 105.7 105 103.9 103 102.8 103.3 104.7 107 109.9 111.9 113.8 114.9 114.9 114.2 112.9 111.2 109.5 107.5 105 102.4 100 97.4 94.8 92.4 89.9 87.8 86 84.6 83.4 82 80.6
93.8 92.7 90.6 88.2 83.5 81.6 84.1 87.7 89.2 90.4 96 102.1 106.6 110.5 113.3 115.9 117.6 119 119.8 120.5 121.4 123.3 124.7 124.9 124.6 124 122.6 121 119 117 114.8 112.4 110.5 108.4 106.3 104.5 102.9 102.7 98 100.8 101.4 102.2 102.5 103.3 104.4 105.5 106.4 106.9 106.7 106.3 105.6 104.4 103.4 102 101.3 101.1 101.4 102.8 105.8 108.8 111.1 113.2 114.2 114 112.8 111.3 109.9 108 106 103.8 101.4 99.2 96.7 94.2 91.9 90.1 88.2 86.8 85.7 84.8 83.7 82.8
96.9 96.9 95.4 93.5 91.7 89.2 91.3 95.6 96.7 94.3 91.3 95.4 102.6 107.6 111.4 114.7 117.3 118.8 119.9 120.7 121.5 122.8 123.9 124.6 124.8 124.3 123.2 121.5 119.6 117.5 115.2 112.9 110.9 108.7 106.5 104.5 103 100.3 102.8 103.3 103.6 104.3 104.3 104.2 107 106.8 107.5 107.2 106.9 106 104.9 103.8 101.8 100.2 99.8 99.5 99.6 101.1 103.9 107.2 110.4 112.6 114 113.4 111.8 110.3 108.6 106.9 104.9 102.6 100.4 98.6 96.3 94.1 92.4 90.7 89.7 88.8 87.7 86.8 85.8 85.3
99.3 99.7 99.3 98.2 97.3 96.7 97.9 99.3 99.4 99 99.5 96.2 93.9 102.4 108.2 112.8 116.1 118.1 119.4 120.6 121.5 122.6 123.8 124.7 124.9 124.7 123.6 121.9 119.9 117.7 115.6 113.4 111 108.7 106.7 104.7 105.8 105 104.9 105.2 105.2 104.7 104.7 109.4 107.2 107.4 107.7 107.5 107.2 106.2 104.8 103.4 101.7 100 98.5 97.8 97.5 99.2 102.1 106 109.7 112 113.8 113.4 111.9 109.9 108 106 103.6 101.3 99.5 97.8 96.1 94.3 93.2 91.9 91 90.2 89.7 88.9 88.3 87.9
100.7 101.4 101.9 101.6 101.5 101.6 101.8 102.3 103.4 103.4 104.1 103.8 99.1 96.2 104.1 110.4 114.5 116.9 118.6 120 121.3 122.5 123.6 124.6 124.8 124.4 123.4 121.7 119.7 117.3 112.8 110.6 109.6 109.8 108.2 107.9 106.9 106.9 106.9 106.7 106.3 109.7 107.5 108.1 108.5 108.8 108.7 108.4 107.6 106.3 104.9 103.4 101.7 99.6 97.4 95.5 94.9 97.3 101 105 108.7 111.3 112.8 112.9 112.1 110.2 107.7 104.6 101.8 100.1 98.4 97.3 96 94.8 94 93.3 92.8 92.3 91.8 91.3 91.1 90.8
100.8 102 103.2 103.9 104.7 105.3 105.7 106.7 107.5 107.9 108 107.4 105.7 101 98.6 107.2 112.2 115.5 117.5 118.4 119.9 121.8 123.9 124.8 122 117.5 115 114.3 116.7 117.8 115.6 113.8 112.1 110.6 109.3 109.2 108.8 110 111.4 110.3 110.3 109.8 110.2 110.7 110.9 110.6 110.4 109.5 108.3 106.8 105.2 103.6 101.5 99.2 96.9 94.1 92.6 95.5 99.6 103.4 106.9 109.1 110.8 112.2 111.9 110.2 107.4 103.4 100.2 98.7 97.2 96.2 95.6 95.4 94.8 94.7 94.8 94.3 94.1 93.8 93.7 93.6
99.7 102.2 104.2 105.4 106.8 107.5 108.3 109.2 110 110.5 110.8 110.5 108.8 106.6 102.2 102.4 109.3 113.1 115 116.4 116.5 115.3 115.5 117.9 123.6 123.6 123.1 122.3 120.7 119 116.6 114.7 114.6 114.9 112.3 111.3 110.9 111.2 112 112.5 112.5 112.7 112.8 113 113.1 112.5 111.8 110.7 109.2 107.3 105.3 103.5 101 99 96.5 93.7 91.4 93.8 97.5 100.7 103.8 106.3 108 110 110.6 109.5 106.3 102.3 98.9 97.2 95.8 95 95.3 95.8 95.8 96.2 96.3 96.3 96.4 96.3 96.4 96.7
97.9 101.2 104 106 107.8 109.2 110.5 111.4 112.2 112.8 112.9 113 111.7 110.2 107.6 110.6 113.8 114.1 113.4 112.7 114.5 118 120.9 122.3 123.1 124 123.8 123.3 119.5 120.6 119.4 117.9 116.1 115.6 114.9 114.1 113.5 113.7 114.2 114.8 114.7 114.8 114.9 115 114.5 114 113.2 111.9 110.2 107.7 105.4 103.2 100.3 98.1 96 93.5 90.4 91.7 94.5 97.6 100.4 103 105.5 107.7 109.3 108.6 105.2 100.9 97.6 95.2 94.1 93.5 94.7 95.6 96.9 97.7 97.9 98.1 98.3 98.6 99 99.4
93.6 98.6 102.4 105.4 107.8 109.5 111.4 112.7 113.5 114.3 114.3 112.3 112.4 112.5 109.9 107.3 106.4 107.9 110.3 111.9 113.9 116.3 119.9 122.2 123.8 120.8 124.4 125 123.6 122.9 121.3 119.8 118.6 117.8 117.2 116.4 116 116.2 116.7 117.2 117.1 117.2 117.3 117 116.5 116 115 113.4 111 108.2 105.5 102.9 99.8 96.4 93.8 91.6 89 88.7 91.5 93.9 96.6 99.4 102.6 104.9 107.1 106.8 103.7 99.3 96.5 93.8 92.1 92.4 94.2 96.6 97.8 98.8 99.3 99.6 100.1 100.4 100.8 101.2
92.7 95.6 100.4 104.4 107.1 109.4 110.6 110.6 111.9 114.6 115.4 115.6 115 114.1 112 110 110.1 111.2 112.5 113.3 114.5 115.8 116.2 120.2 122.5 124.5 126.3 126.7 126.2 125 123.7 122.8 122.3 121 119.9 119.1 118.8 118.8 119.3 119.6 119.7 119.7 119.7 119.6 119.1 118.3 116.9 115 112.1 108.8 105.7 102.2 98.7 95 92.6 90.8 88.4 86.3 86.8 89.2 92.3 95.8 99.4 102.2 104.7 104.9 102.4 98.5 95.4 92.6 89.8 91.7 94.4 96.7 98.3 99.6 100.3 101 101.7 102.3 102.5 103.1
97.3 98.9 103.3 108.5 109.8 108.3 111 113.4 114.4 115.6 116.8 117.1 116.9 115.8 114.1 113 113.2 114.6 115.8 116.4 118.5 117.2 118.4 120.2 123 125.9 127.8 129.1 129.2 129.1 128.9 127.4 125.6 123.9 122.8 122.2 121.8 121.7 122.4 122.8 122.7 122.6 122.6 122.4 121.6 120.6 118.8 116.1 112.9 109.5 105.6 102.2 98.4 96 94.9 92.9 90.6 87.3 84.6 84.7 88 92.1 95.7 98.4 100.5 102 100 97 93.9 89.5 87.5 90.5 93.6 95.7 97.6 99 100.5 101.7 102.8 103.6 104.2 104.9
101.9 101.8 108.8 104.3 105.3 108.1 110.6 113 115.4 116.7 118.1 118.9 118.8 117.9 116.9 116 116.2 117.8 120.1 118.7 120.1 120.5 121.2 121.5 123.8 126.7 129.5 131.5 132.6 133.8 134.4 132.7 130.2 128 126.5 125.6 125.3 125 125.6 125.9 125.7 125.6 125.6 125.7 124.7 123.5 120.4 117.4 114 110.1 106.3 102.4 99.7 98.9 98 96.2 93.6 90.3 86.9 83.2 83.8 87.9 91.3 93.7 95.7 97.4 97.6 94.6 90.8 86 85.4 89.3 91.9 94 95.7 97.6 99.2 100.5 102 102.8 103.5 104.3
107.8 106.9 102.9 103 105 108 111 113.7 116.1 118 119.5 121.9 121.3 120.3 119.4 118.3 120.4 119.7 121 121.8 122.4 123 123.3 123.5 125.5 128.5 131.3 133.5 135.8 137.7 139.2 137.3 134.7 132.2 130.5 129.4 129 128.8 129 129.4 128.7 128.6 128.6 129.3 128 126 122.8 118.7 115 111.1 107.2 103.8 102.9 102.4 101.1 99.1 96.7 94.1 90.4 85.4 81.2 82.7 85.9 88.4 90.4 92.2 93.4 92.9 88.3 82.2 83.2 87.1 89.5 91.1 92.4 94.2 95.5 97 98.8 100.1 101 102.3
106.9 105.2 103.8 104.6 106.5 109.4 112.4 115.1 117.4 119.4 120.8 122.3 122.4 121.7 121.7 126.6 126.6 123.9 123.8 124.5 125.2 125.6 125.8 126.1 127.4 130.2 133 135.6 138.1 139.9 141.1 140.4 138.2 136.2 134.5 133.2 132.7 132.6 132.7 132.6 131.8 131.7 131.8 131.6 130.3 128.2 124.9 120.5 116.3 112.6 108.8 106.8 106.3 105.8 104.2 102 99.7 97 93.1 86.7 80.5 78.9 79.8 81.4 83.7 86.1 87.9 88.8 85.6 79.3 79 82.5 85.3 86.5 87.4 89 90.8 92.5 94.3 95.8 97.2 98.7
107.3 105.8 107.4 106.1 107.8 110.9 113.7 116.3 118.8 120.7 122 123.2 123.9 124 124.8 125 124.8 126.4 127 127.3 127.9 128.2 128.5 128.8 129.4 131.9 134.6 136.9 139.1 141 142.5 142.4 141.3 140.2 138.8 137.6 137 136.6 135.7 135.1 134.6 134.2 134.4 133.4 131.9 129.9 126.8 122.6 118.4 114.7 111.6 110.6 110.4 109.6 108 105.5 103.2 99.5 92.4 85.2 80.7 80.9 79.8 78.5 78.6 78.6 79.8 82.3 80 75.3 73.6 75.8 78.1 79.7 81.1 83 85.6 87.6 89.3 91 92.6 93.8
109.7 111.3 111.2 109.3 108.6 111.7 114.5 117.8 120.3 122.1 121.9 125.2 125.8 126 126.4 126.6 126.9 128.1 129.2 130.1 130.6 131 131.4 131.7 131.8 133.5 135.8 138 139.9 141.9 143.2 143.8 144.2 143.6 142.6 141.5 140.4 139.2 138.1 137.3 136.8 136.2 136.1 135.2 133.3 131.5 128.3 124.7 120.8 117.3 115.3 114.8 114.3 113.3 111.6 109.3 106.3 100.5 89.7 82.5 83.5 88.9 88.8 86.4 83.2 79.2 71.4 75.1 75.6 74.3 73 70.1 70.3 72.1 74.5 77.3 80.1 82.4 84.4 86 87.5 88.9
114.6 114.9 114.8 112.5 111 112.4 115.7 119 121.7 123.8 124.7 126.6 127.5 127.8 128.3 129.2 130 130.8 131.8 133 133.6 133.7 134.2 134.6 134.8 135.6 136.8 138.7 140.5 142 143.4 144.6 145.3 145.2 144.5 143.1 142 140.7 139.9 139.1 138.4 137.5 137.3 136.7 135.2 133.2 130.3 127.2 124.1 120.6 119.3 118.9 118.5 116.9 115.2 113 108.6 98.2 86.6 83.5 90.1 96.5 97.3 95.6 92 87.1 82.2 79.8 78.2 76.6 75.2 71.3 68.4 66.7 67.9 71 74.2 76.6 78.5 80.1 81.7 83.9
116.7 116.5 116.3 115.3 114.2 114.5 116.8 119.4 122.2 124.5 126.2 127.5 128.7 130.1 131 132 132.9 133.8 134.6 135.9 136.8 137 137.5 137.4 137.3 137.6 138 139 140.5 141.9 143.2 144.5 145.2 145.3 144.7 144.1 143.1 142.2 141.2 140.5 140.1 140.6 139.6 139.8 138.7 136.2 132.5 129.5 126.8 124.2 123.3 122.9 122.1 120.6 118.6 115.6 109.8 95.6 85.8 89.8 98.5 102.6 103 101.2 97.7 93.8 90.7 87.7 85.3 81.2 77.6 74.1 70.6 67.3 65.7 66.2 68.1 70.5 72.2 73.9 75.9 78.5
117.8 118.4 118.1 117.6 116.5 116.7 117.4 120.1 122.2 124.5 126.7 129 130.6 131.9 133.4 135 136 137 138.5 139.7 140.4 140.7 140.7 140.3 140.2 139.4 139.1 139.1 140 141.3 142.7 143.6 144.3 144.3 144.3 143.7 143.1 142.5 141.8 141 143.7 146.6 142.9 141.6 141.4 138.8 134.6 131.6 129.6 128 127.2 126.3 125 123.1 120.1 116.8 108.6 93.5 87.7 96.7 105 107 105.9 103.6 100.8 97.5 94.7 91.5 87.9 83.7 79.4 76 72.8 69.5 66.2 64.1 64.1 64.6 66.1 67.9 70.6 73.7
120.2 119.9 119.5 119.1 117 117.9 119.3 121.1 123 124.7 127.4 129.8 132 133.9 135.5 137.5 139.3 140.9 142.5 143.4 144.2 144.5 143.8 142.9 141.9 140.8 140.2 139.6 139.5 140.4 141.3 141.7 141.7 141.8 141.7 141.4 141.2 141.2 141 141.3 144.6 147.7 143.7 142.6 143.2 139.9 135.7 133.4 132 131.1 129.6 128.6 125.9 123.3 120.2 116.1 107.8 93.3 91 100.7 106.6 107.3 106.3 104.2 101.3 98.2 95.4 91.5 87.5 83.8 80.1 76.3 72.9 69.8 67 64.3 62.7 61.6 62.2 63.8 66.4 69.3
121.4 121.2 120.9 120.4 120.7 121.5 121.3 122 123.8 126 128.8 131.4 133.2 135.4 137 139.2 142.5 144.6 146.3 147.8 148.4 148.5 147.4 145.5 144.4 142.6 141.3 140.6 140.3 140.2 139.6 139 138 137.5 137.5 137.7 138.2 138.8 139.2 139.5 142.4 145.5 142.2 141.9 143.1 139.9 136.8 134.8 133.5 132.3 130.9 128.4 125.3 121.6 117.6 114 107.5 93.9 92.8 101.5 105.9 106.6 105.7 103.7 100.9 98 94.6 90.6 87.1 83.5 79.9 76.4 73.6 70.9 68 65.1 63 61.5 60.1 60.4 62.2 65.2
122.1 121.5 122 121.8 123 124.3 123.9 123.6 125.2 127.4 130.2 132.4 134.6 137.3 138.9 142.1 145.5 147.8 150.1 151.8 152.7 152.9 151.8 149.1 146.5 143.7 142.1 141 140.3 140 139.1 136.7 135 134.3 133.6 133.8 134.2 134.9 136.4 137.3 138.1 138.8 139.3 140.7 142.3 139.8 137.3 135.8 134.3 132.8 130.9 128.1 124.2 118.3 113.6 109.4 103.4 93.4 94.7 101.4 105.6 106.4 105.3 103.7 100.9 98.2 94.5 90.4 86.9 83.7 80.6 77.5 74.6 71.9 69.2 66.3 64 62.5 60.9 59.4 59 61.1
122.4 121.7 122.5 123.3 124 125.8 126.4 126.5 127.8 130.4 132.5 133.6 136.9 139.8 142.3 145.4 148.4 151.2 153.5 155.7 156.8 157.4 156.2 153.2 148.5 144.3 142.3 141.2 140.3 139.5 138.3 135.5 133.2 131.6 130.7 131 130.9 130.4 132.7 134.7 135.7 136.6 138.1 139.1 139.7 138.7 137.1 135.7 134.5 133.2 130.8 127.6 122.6 115.8 107.4 101.1 96.5 93.6 96.8 101.7 105.2 106.2 105.6 104.2 101.4 98.6 95 91.6 88.4 85.2 81.9 78.7 75.4 72.7 70.1 67.4 66.2 65.1 63.1 61.2 58.8 57.3
120.7 121.8 123.2 124.2 126.9 127.7 128.4 129.3 131.7 133.2 133.9 134.9 138.5 141.4 144.5 148 151.2 154.1 156.7 159.3 161 161.8 160.4 157.3 152.2 146.7 142.8 141 139.8 138.6 136.8 134.1 131.8 130.2 129.5 129.3 128.3 127.8 128.8 130.3 132 133.9 135.7 136.2 136.4 137 136.3 135.6 134.7 133.4 130.7 127.1 121.4 114.4 105.6 96.8 95.3 97 99.7 102.4 104.4 106.2 106.3 105.1 102.8 99.8 96.4 93 89.9 86.6 83.1 79.5 75.9 72.8 70.1 68.5 67.3 66.4 65.5 63.2 59.6 56.9
119.8 121.6 123.3 124.1 127.7 128.8 130.6 133.1 136.1 136.6 135.7 135.9 139.5 143.6 147.2 150.6 153.9 157.1 160.1 163.1 165 165.3 164.4 161.6 156.5 150.5 144.6 141.2 139.4 138 135.5 133.2 131.4 129.2 128.6 128.5 127.8 127.6 126.7 126.5 127.7 129 129.9 130.2 130.9 132.4 133.5 134 133.5 132.1 129.6 125.6 120 112.6 104.6 99 100.6 104.3 105.6 105.1 106.3 106.8 107.3 106 103.9 100.8 97.7 94.4 90.9 87.1 83.6 80.1 76.5 73.4 71.3 69.7 68.5 67.6 66.6 64.2 61 60.5
119.5 121.5 122.8 127.3 128.2 130.1 132.9 136.2 137.7 138 138.9 140.9 143.1 146.5 150 153.6 157 160.8 163.9 166.8 168.1 168.6 167.9 165.6 161 154.9 147.3 142.8 140.3 137.9 135.7 133.7 132.1 131 131 130.1 129.3 128.9 128.6 127.1 124.8 124.3 124 124.2 125.3 128.1 130.3 131.1 130.6 129.1 126.4 121.9 115.8 108.5 102.4 102.8 108.2 112.1 111.4 108.9 108 108.4 108.3 107.2 105 102.2 99 95.7 91.6 87.2 83.7 80.4 77.3 74.7 72.7 71.2 70 68.9 67.3 65.7 65.4 65.1
118.8 121.9 123.3 127.2 128.7 131.4 134.4 136.4 138 138.5 142.7 145.1 146.9 149.9 153.3 156.7 160.3 164.2 167.7 170 171.1 172 171 168.8 164.6 158.9 151.3 144.7 141.7 139.8 138.2 136.4 134.9 134.1 132.7 131.2 130.8 131.4 132.6 131.9 127.5 122.9 121.3 120.7 120.5 122.9 125.4 126.5 125.5 123.1 119.8 114.3 109.6 105.7 105.4 110.2 116 117 115 112.5 111.3 111 110.4 109.3 106.7 103.9 101 97.1 92.6 88.1 84 81.1 78.9 76.8 74.7 72.8 71.5 70.2 68.9 68.2 68.5 68.8
119.1 122.3 122.8 127.8 129.4 132.4 135.3 136.8 138.2 138.8 145.4 148 150.5 153.4 156.6 160.1 163.7 167.6 170.7 172.7 174.3 174.7 173.5 171.4 167.2 161.6 154.6 147.6 143.8 142.4 141.3 139.9 137.6 135.9 134.1 132.7 132.5 133.9 135.1 134.4 130.6 124.1 120.9 119.6 118.7 118.4 119.2 119.7 118 115.2 112.8 110.3 109.9 111.9 114.5 119.3 120.9 119.5 117.2 115.1 114.3 113.9 112.7 111.2 108.4 105.6 102.4 98.4 94.2 90.1 86.3 83.3 81.1 78.9 76.8 74.7 73 71.8 70.9 70.8 71.6 72.2
119 122.3 124 128.5 130.2 133.4 135.5 137.1 138.3 145.1 148.1 150.9 153.6 156.7 159.8 163.5 167.2 170.7 173.6 175.1 176.3 176.6 175.5 173.4 169.5 163.7 157.7 151.1 146.3 144.9 144.3 142.9 140.8 139.3 137.2 136.1 136.1 137.1 137.2 136.5 132.9 126.7 121.8 119.7 117.8 116.8 115.5 113.9 112.9 112.1 111.5 110.9 116.2 120.7 123.6 124.9 123.8 122 119.7 118.3 117.2 116.1 115 113.5 110.6 107.8 104.2 100.3 96.5 92.7 88.9 85.7 83.3 81.1 78.9 76.8 75 73.9 72.9 73.5 74 75.1
118.3 122 125.8 128.2 130.5 134.1 137.9 137.5 138.9 147.4 150.4 153.3 156.2 159.1 162.2 165.6 169.2 172.3 175 176.5 177.6 178.1 177.1 175 171.6 166.5 160.4 154.4 150.1 148.1 147.6 146.3 145 143.8 142.9 141.9 141.6 141 140.3 138.4 134.9 129.7 124.9 121.1 118 116.4 115.5 113.8 112.2 111.7 111.4 112.5 118.3 123.5 125.8 126.2 125.3 124.4 122.5 121.2 119.7 118.6 117.3 115.7 113.5 110.8 106.9 103 99.2 95.3 91.7 88.4 85.3 83 80.9 78.9 77.3 76.1 75.6 76.5 76.5 77.9
117.1 120.6 124.6 128.3 131.1 134.9 138.5 142.5 145.5 148.8 152 154.7 157.8 160.8 163.5 166.4 169.5 172.4 174.9 176.5 177.5 178.3 178.2 177.4 174 169.5 164.7 159.2 155 152.4 151.1 150.1 149.3 148.6 148.2 147.5 146.1 145 143.1 141 137.5 133.4 130 126.5 121.8 117.6 115.4 114.6 113.5 112.3 111.9 112.7 117 121.2 124 125.2 125.1 125.4 124.9 124.2 122.7 121 119.6 118.4 117.6 114.8 110.6 105.8 101.7 97.8 94 90.7 87.7 85.1 83.2 81.5 79.7 78.4 78.3 79.3 79.7 81.6
115.4 119.1 122.8 126.9 131.1 134.8 138.5 142.3 146.1 149.5 152.5 155.1 158.2 160.8 163.2 165.7 168.5 171.3 173.3 175.2 176.8 178 179 179.2 177.4 174.6 171.2 165.7 160.6 157.3 155.4 154.4 153.8 153.7 153.3 152.2 150.1 148.3 145.7 143.3 140.1 137 135.4 132.7 128.2 121.3 115.3 112.7 114.2 113.4 112.6 112.7 114.9 118.3 121.5 124.1 125.9 125.8 125.6 125.2 124.3 122.6 121.3 120.1 118.4 116.4 112.9 108.3 104.3 100.1 96 92.8 89.9 87.6 84.8 83.4 82.1 80.7 80.6 81.8 83.3 87
113.9 115.9 122 125.5 130.4 134.4 138 141.9 146 149.2 151.9 154.5 156.7 159.5 162.6 164.9 167 169.1 171 173.2 174.9 177.3 179 180.7 181.1 180 177.5 173.4 167.9 163.1 159.9 158.5 158 158.4 157.6 156.3 154.2 151.7 149 145.5 142.2 140.2 138.8 136.6 132.9 127.4 118.9 115.6 114.8 114.1 113.4 113 114.3 117.5 120.8 125.2 126.5 126.8 126.4 125.5 124.6 123.3 121.9 120.3 118.4 116.2 113.2 109.6 105.9 101.7 98 94.8 92.1 90.2 87.1 85 83.6 82.5 83.2 84.5 87.4 90.5
