UK/data/ns/ns40_OST50GRID_20230518/NS40.asc
ncols 200
nrows 200
xllcorner 240000
yllcorner 600000
cellsize 50
[rows 140 to 174 of 200, columns 78 to 155 of 200]
273.4 271.2 270.2 269.3 268.2 265.4 265.3 266.2 267.4 268.2 268.3 270 270.7 271.1 271.6 271.6 271.7 272.3 272.3 271.6 271.2 268.6 266.4 262.4 262.8 261.9 260.8 261.2 262.4 261.8 261.6 261.8 264.9 257.2 251.8 251.8 250.9 250.4 252.3 249.7 249.2 249.2 250.8 252.6 255.5 260.3 263.8 270.2 281 286.7 278.4 276.7 277.7 275.9 269.6 262.8 257.8 253.4 249.3 247.3 245 245 249.4 244 239 234 232.1 231.3 221 212.5 196.4 192.2 190 184.9 173.3 166.7 168.6 169.3
272 270.9 269.9 269 268.4 267.6 267.8 267.2 269.5 270.9 271.8 273.7 274.9 275.3 275.7 275.7 276 275.9 276 275.2 275.7 269.1 264.8 264.5 264.2 262.3 260.3 259.6 260 259.4 260.2 261.9 258.8 254.8 251.4 249.7 250.1 250.8 250.5 250.2 250.7 251.3 253.7 257.4 258.3 261.7 265.4 267.2 278.5 286.9 282.4 274.4 275.2 275.4 271.4 271 265.8 260.5 253.5 248.1 245.1 247.6 245.3 244 241.8 236.2 229.2 224.2 213.1 200.2 185.5 183.7 183.1 176.1 166.7 166.7 167.7 170.2
271.1 270.2 269.6 269.1 268.3 268.2 268.2 269.2 272.2 274.3 276.4 277.6 279.3 279.6 280 280 280.4 278.6 279.7 277.1 272.6 268.5 265.8 261.5 260.5 261.5 258.9 259.4 256.5 257 259.1 256.6 252.5 249.8 249.6 250.5 252.2 253.3 255 252.5 252.6 253.3 253 254.2 255.9 260.3 266.3 266.4 268.7 272.6 274.4 273.1 273.3 281.5 277.4 277.5 273.8 265.4 254.4 247.9 244.2 242 243.9 242.5 238.8 234.3 222.4 211.5 206.2 199.3 190.4 180.8 178.5 175.8 166.7 166.7 169.8 172.6
270.5 270.1 269.8 269.7 270.3 270 270.5 271.2 274.4 277.3 280 281.5 283.3 283.7 284.5 283.6 281.6 279 279.7 275.3 269.3 264.2 262 259.4 258.9 260.3 256.5 255 253.5 255.5 254 251.9 249.1 249.4 252.5 254.3 254 254.6 254.9 254.8 253.6 252.8 252.5 254.2 254.3 255.5 258.8 261.4 261.7 267 264.5 266 275.3 278.2 274 269.3 265.9 259.5 250 246.7 242.5 240.2 241.9 238.9 234.1 226.2 215.7 205.7 202.4 202.9 199 191.7 181.8 178 171.2 167.3 169.4 174.8
270.5 270.7 271.4 272.2 272.5 272.7 273 273.7 277.8 281.3 283.7 285.5 287.2 287.1 285.8 284.4 281.5 277.1 273.5 272.1 266.8 265.9 266.4 262.8 257.7 254.6 252.4 251.2 250 249.5 248.8 248.5 248.4 250.9 253.6 256.1 256.2 255.8 256.1 256.3 253.6 252.4 251.2 251.4 250.4 250.2 253.2 255 256.4 257.1 255.7 260.6 265 263.4 261 257.2 255.9 251 246.1 244.9 239.4 236.5 238.5 233.9 227.4 218.5 209 205.1 204.6 203.9 194.9 192.4 185.5 178.4 173.4 170.3 170.4 173.1
271.6 272.7 274 274.9 275.2 275.9 276.7 278.5 280.7 284.4 287.6 288.8 288.5 287.7 285.4 281.6 280.8 281.6 279 274.2 268.9 269.6 268 264.9 257.7 253 251.3 251.1 250.7 251.6 252.7 249.5 248 248.8 251.4 251.9 253.3 253.9 254.3 252.6 252 251.3 250.1 248.3 247 247.3 248.6 251.6 254.2 256.4 250.5 248.7 251.2 252.2 251.3 250 248 245.2 244.8 243.5 236.1 234.1 237.2 233.8 231.4 220.6 212.6 207.3 203.5 197.2 192.7 193.2 185.9 178.1 172.8 171.6 169.3 180.1
273.2 274.7 276.4 277.7 278.5 281.5 282.5 283.7 285.8 287.8 288.8 289.5 289.9 287 285.9 286.3 284.5 280 273.1 270.4 269.7 268.9 265.4 258.5 253.2 252 252.1 252.6 253.4 254.5 252.7 251.9 251.5 249 249.2 246.8 246.7 247.3 249.2 250.3 250.3 249.1 248.4 246.5 244.2 244 244.4 245.6 246.2 245.9 244.4 242.1 242.7 244.1 243.6 243 242.5 243.7 242.1 239.1 232.8 232.7 238.1 231.5 222 216.7 208.4 202.9 199.1 194.4 191 192.3 183.2 174.5 174.3 177.6 167.9 189.4
275.1 277.9 279.5 283.5 285.7 286.6 287.9 288.8 288.3 288.9 288.7 289 289.3 289 288.2 287.4 284.1 276.8 274 270.3 264.3 262 255.7 253.3 252.7 252.9 254.8 255.9 255.7 255.1 255.2 256.2 256.7 255.1 252.9 250.1 247.2 246.3 247.9 248 247.1 245.8 244 241.8 240.3 239.9 239.9 240.5 241.1 241.2 240.5 239.6 238.4 239 239.2 238.5 237.1 240.1 239.7 237.4 233.9 227.6 228 223.2 218 212.9 206.4 198.3 195.2 189.8 182.7 180.4 179.3 181.7 191.1 192.1 175.2 189.8
277.9 280.4 285 288.6 290.3 291.1 290.9 291.3 290.1 290.3 290.1 289.5 290.4 290.7 291.4 288.3 280.7 277.8 275.7 268.6 260.1 256.4 254 253.8 253.3 254.2 257.1 258.8 259.9 259.3 258.5 258.8 258.1 256.6 255.9 253.1 250.2 247.7 245.4 242 242.3 242.6 241.3 238.2 236.1 236.3 238.3 238.9 238.9 239.4 239.5 238.9 237.1 234.7 235.8 235.5 236.7 240 239.5 239.2 232.7 222.9 218.9 216.2 211.9 209 206.3 195 191.1 187.9 185.9 193.8 193.7 199.2 203 206.2 193.2 175
281.1 284 288.5 291.5 293.7 293.4 292.1 290.9 291.4 292.3 292.7 290.5 287.9 288 290.2 292.3 283.6 278.3 276.3 265.6 257.9 255.5 254.4 254.2 257.4 256.5 258.3 259.4 261.1 261.9 260.7 260.1 259.4 257.8 256.8 255.9 253.6 251.4 248.6 246.4 244.3 239.7 237.6 236.4 235.3 234.5 236.1 238 239.2 238.4 238.7 237.9 234.2 231.5 231.3 232.8 235.7 239.8 239.5 234.9 224.8 219.1 218.5 214.8 209.3 200.7 193.9 191.9 190.6 198.6 200.9 205.9 209.4 211.4 220 206.5 187.9 177.6
285.5 287.8 290.2 291.3 291.7 290.8 291.1 292.2 293.6 294 292.5 289.1 284.4 284.5 287.2 294 285.7 276.3 272.9 264 262.4 259.4 257.9 257.5 261.1 260.6 260.2 260.5 261.8 262.3 262.2 260.7 260.5 257.8 255.5 256.7 254.8 253.4 251.1 248.1 242.4 240.1 238.6 237.8 236.7 235 233.6 233.1 233.1 232.9 233.3 231.3 230 229.2 229.6 231.4 233.5 237 237.6 232.5 223.5 218.3 216.9 213.5 203.3 200.1 201.9 202.4 208 210.7 213.9 217.2 220.6 222.6 218.7 214.6 208.9 176.2
289.2 289.5 288.8 289.5 289.5 290.4 291.5 292.7 293.2 293.2 289.1 285 281.2 282.5 282.2 287.2 282.5 277 276.4 277.4 276.7 274.4 271.3 268.1 267.3 265 263.5 262.8 263.5 263.3 263.3 260.2 257.7 254.4 253.5 252.8 252 248.6 247.4 245 241.7 240.1 239.4 239.1 238.4 235.7 232.7 231.1 232.6 230.2 229.8 229.1 227.6 227.3 228.2 232.2 232.3 232.8 233.5 229.2 221.3 214.5 211.1 212.2 200.1 206.1 210.1 215.4 222.3 226.4 227.9 229.3 229.7 233.2 225.2 224.3 220.6 172.2
289.6 288.6 288.5 288.3 289.3 291.1 291.5 290.7 290.1 286.2 282.3 279.4 277.6 278.5 278.3 278.6 279 279.6 282.7 286.1 287.7 284.2 280.8 277.4 270.8 269.5 267.8 265.9 265 264.3 262.7 261.1 260.7 255.7 251.9 250.5 249.7 246.2 241.9 240.8 239.6 239.2 239 238.9 239.2 237.4 233.4 231.1 229.9 229.9 228.1 228.1 227 226.5 227 230.2 231.5 229.3 228.7 225 217.6 219 211.5 205.7 214.8 217.3 219.5 227 236 239.8 241.9 239.2 238.3 237.1 233.8 228.5 223.7 174.1
282.1 284.2 287.3 288.2 289.7 289.6 288 285.7 282.2 280.6 275.8 273.9 273.3 273.3 274 275.7 277.5 279.9 283.7 288.2 290.9 294.3 290.5 285.9 277.5 272.6 273.3 270.6 267.3 265.8 264 261.8 259.6 256.9 254.5 251 246.8 243.2 241.7 240.8 239.9 238.3 237.9 237 238.3 238.6 234.6 229.6 228.3 228.5 226.7 226.3 226 225.9 226.3 228.3 227.8 226.2 223.5 224.3 226.5 227.6 223.7 221.1 223.5 227.9 232.7 237.4 247 250.8 249.3 247.7 246.6 242.4 233.3 230.7 221.6 177.7
282.5 285.2 286.5 287.1 287.1 285 280.6 279.1 277.9 274.7 272.4 271.3 271.3 271.3 271.3 274.4 277.2 279.5 285.2 290.3 294.2 299.7 299.8 294.5 286.2 277.2 275.9 275.2 271.2 268.7 265 262.4 260.2 258.7 256.9 253.4 249.4 246.3 244.5 242.7 240.9 238.7 236.3 235.5 234 232.3 229.9 229.8 230.4 228.4 227.5 226.5 226 225.5 225.6 227 226.8 225.1 225.8 227.7 230.9 232.7 232.9 229.7 230.2 238.8 243.8 248.1 250.6 255.7 256.7 248.4 244.5 243.1 242.9 232.7 210 188.7
282.5 285.6 285.7 285.4 284.2 278 273.7 272.9 273.3 272.2 271.8 271.3 271.3 271.3 271.6 274.8 277 281.1 286.4 293.4 299.2 305.6 306.7 293.6 291.2 285.1 277 278.9 275.4 273.6 270.3 263.8 261.5 260 257.8 254.5 251.8 249.1 246.9 245.7 242 238.9 236 234 232.6 234.9 234.2 232.8 232.2 230.7 228.4 227.2 226.3 226 225.2 226.2 227.5 224.3 226.8 231.2 235 238.1 241.6 240 241.1 249.7 252.4 256.9 255.4 261.7 256.2 247.2 244.7 242.4 242.4 232.3 200 211.1
277.5 284.3 284.5 283.3 281.6 274.8 271.2 271 271.5 272.3 272.2 271.8 271.7 271.6 273.1 275.2 279 283.3 288.7 293 300.7 305.9 303.4 300.1 297.2 289.3 281.9 282.6 280.5 275.2 273.3 268.3 262.6 260.7 258.4 256.7 253.7 250.9 245.7 243.8 241.5 237.7 235.4 234.1 234.1 234.4 237.3 233.9 234.4 233 229.8 228.4 227.7 226.3 225.5 225.2 225.7 225 228.6 233.4 237.8 242.8 249.1 251.3 249.6 255.2 258 262.7 264.5 259.2 253.8 246.2 243.7 242.5 240.2 236.4 196 232.5
275.7 277.1 280.6 279.9 276.9 273.3 271.5 270.9 273.4 275.5 274.4 272.9 273.9 274.8 275.6 279 282.4 287.5 292.4 296.9 301.6 308.9 315.9 310.7 301 291.5 283.4 286.2 281.3 275.7 272.8 268.8 264.3 261.7 259.3 257.2 253.4 248.8 245.5 241.7 240.1 236.8 236 236 235.1 233.9 234.9 233.5 236.4 234.7 230.9 231 229.9 227.1 225.7 225.1 225.1 226.3 229.5 233.8 238.7 248.3 263.1 263.1 257.8 256.5 261.2 267.9 272.4 263.4 252.5 246.3 243.5 243.3 241.9 236.7 194.7 224.3
277.5 273 276.6 274.9 273.1 271.3 270.3 271.3 273.3 275.3 276.8 275.8 276.5 277.8 278.6 283.1 287.4 293.1 296 300.4 304.5 310.7 318.7 319.9 303.1 297.4 285.2 283.6 279.6 275.6 274.5 271.5 267.9 266.8 261.6 256.2 253.1 251.1 247.7 243.6 240.1 237.7 236.7 236.9 235.9 234.8 233.5 232.9 232.4 231.6 231.5 233 232.4 230 227.6 226.5 226.3 228.3 232.2 240.1 247.8 260.5 264 263.9 258.8 261.1 267.2 272.3 275 264.4 252.8 246.5 242.1 239.8 239.4 237.7 192.1 232.2
277.5 273.6 271.7 273 271.6 270.6 269.1 272.9 272.7 272.7 274.5 275.3 277.3 280.2 281.2 284.1 290.8 294.6 300.3 303.6 305.6 309.7 314.3 312.7 300.8 297.2 286.2 279.9 277.2 276 276.2 272.7 271.5 270.8 267.4 261.8 257.9 255.2 252.9 249.8 242.7 240.1 238.2 238.7 238.9 237.8 236.2 235.3 236.1 234.4 235 235 234.5 232.4 233.2 230.9 230.2 236 244.2 250.8 253.3 262.3 266.2 264 265.4 267.2 269.6 274.9 275.4 271 258.8 248.3 240.8 237.3 239 233.2 194.1 234.9
275.9 271.6 270 268.6 268.6 268.5 268.8 273.5 272.6 271 269.5 271.1 275.1 278.7 281.4 284.9 295.5 298.8 303.1 311.3 308.6 310.4 309.8 304.8 298.7 293.1 286 279.6 277.7 278.4 278.6 277.8 276.8 276.7 277.4 266.2 263.8 261.2 259.2 258.2 250.5 243.8 239.8 241.6 242.4 243.7 242.8 241.8 243.1 242.3 239.7 237 236.4 235.7 240.2 240.7 241.7 245.3 250.2 258.1 258.8 265.8 266.5 266 268 273.6 270.5 276.2 275.6 273.9 263.6 252.5 241.8 234 233.4 229.1 195.1 227.6
272.3 270.6 269.1 268 267.7 268.1 268.4 270.7 272.2 269.7 268.8 268.9 270.3 276.6 280.5 285.6 292.4 297.4 302 305.1 307.5 309.8 308.1 307.3 302.6 293.5 284.8 280.5 280.6 282.1 282.6 282.5 282.9 282.5 279.5 276.8 272.7 267.6 264.4 261.7 256.1 248.4 243.8 244.3 245.1 248.1 249.3 248 248.1 247 244.1 242.2 241 241.6 247.8 251.3 251 251.8 254.1 257.3 267.7 268.2 268.4 270.9 271.2 280 274.2 278.4 274.1 271.7 263.1 256.7 246 232 231 228.9 193.7 215.7
271 270.1 267.9 267.3 267.8 269.2 269.2 268.4 270.4 268.7 268.1 268.9 270.4 273.3 278.8 286.7 292.4 297.1 302.8 305.9 307 315.7 314.7 307.1 302.7 299 290.8 291.5 291.4 289.2 289.3 286.1 288.3 287.4 286.9 286.3 279.6 273.3 268.3 265.1 260.7 253.7 248.3 247.5 247.5 250 251.3 253.3 253.3 251.7 249.9 247.8 250.1 252.4 255.6 258.2 257.1 257.3 261.9 262.1 267.2 273.8 274.2 278.1 277.6 283.8 276 274 271.5 270.2 259.2 255.4 240.2 231.2 227.6 222 193.7 217
269.7 268.9 267.4 266.3 267.7 270.4 271.8 269.1 268.6 268.7 268.7 269.6 271.6 274.9 281.2 286.6 292.7 296.8 303.4 310.2 313.1 313.7 319.7 318.4 309.5 316.1 309.1 304.8 303 294.2 294.6 290.6 293.6 294.7 293.2 291.5 287.1 278.9 271.3 267.9 265.4 258.9 252.1 248.2 250 251.5 254.8 257.5 259.7 258.6 258.6 256.4 258 259.1 261.5 263.1 262.1 264.1 271.4 270.7 276.5 284.5 282.9 281.7 280.6 282.1 285.6 275.5 273.6 268.1 257.9 253.8 240.4 229.4 226.9 219.8 196.1 229.4
267.2 267 267.2 267.8 269.2 272.2 275.2 275.5 272.6 270.8 270.5 273 274.6 276.6 279.3 285.5 293.1 297.9 301.7 307.3 318.3 316.7 319.3 316.8 319.3 322.6 323 309.9 304.4 299.8 294.7 293.2 296.2 301 297.8 296.2 288.1 279.9 272.8 269.7 266.7 259.9 254.2 250.7 252.9 253 258.8 261.2 264.2 265.8 266.7 264.3 264.2 264.5 266.9 268.9 267.2 270.9 273 275.5 277.7 283.9 289 291.5 283.9 287 290.6 274.2 271.7 268.4 258.3 252.4 243.5 227.6 226.5 223.7 203.6 228.3
268.7 268.9 268.7 269.4 270.3 273.9 278.7 280.5 279.6 277.6 276.8 278.3 280.3 279.5 281.1 288.3 295.1 298.1 301.6 305.1 316.9 316.3 321.1 321.7 324.2 324.5 324.5 309.5 300.6 298.5 296.1 295.8 298.2 303.3 296.8 292.9 282.8 278.9 273.4 269.8 265.3 262 255.1 254 254.9 257.8 260.3 263.2 265.8 270.1 271.3 272.7 272.1 270.3 271.8 274.8 274.2 276.7 279.3 281.8 282.2 289.5 290.8 298.4 292.7 292.5 290.5 274.4 270.4 267 256.9 252.7 245.8 227.7 225.3 218.7 208.7 227.8
269.2 272.4 273.4 273.5 275.1 275.9 279.9 283.9 284.2 283.8 283.6 284.9 287.4 287.5 287.3 289.4 293.4 298.5 306.3 310.7 315.8 319.6 322.4 325.4 326.4 325.4 319.5 307.8 304.9 304.2 300.9 297.2 295.5 298.4 291.8 284.6 277.8 277.1 275 266.4 261.3 257.3 256 260.3 257.8 263.8 260.8 265.1 267.8 273.4 275.6 277.4 278.3 275.9 276.6 280.5 280.3 283.4 286.5 287.8 290.5 293.9 295.3 298.2 294.9 290.3 283.5 273.6 268.9 263.3 255.8 251.7 245.8 228.7 224.9 218 206.2 221.9
267.3 273.6 277.8 280.8 281.9 280.5 281.4 285.7 288.1 288.4 288.8 290.4 292.8 294.1 294.5 293 296.6 302.8 311.4 315.4 318.5 321.3 323.6 324.8 323.2 324.8 319.1 305.8 309.8 313.9 307.9 293.7 288.1 284.4 281.3 278.6 275.9 275.8 270.1 261.2 256.3 256.7 261.6 266.7 267 268.6 266.8 268.2 271.7 275.1 278.9 281.1 282.6 280.5 281.8 286 287.3 291.5 293.8 297.1 295.2 299.3 301.9 301.3 300.9 291.1 287 275.8 268.8 259.8 254.4 248.3 242.2 230.5 223.2 216.9 206.8 220.7
269.1 274.2 280.4 285.1 286.6 285.3 283.9 287.2 290.8 292.5 292.8 296.1 298.2 299.5 300.1 299.7 300.3 304.8 310.4 316.3 317 313.2 316 320.3 316.4 308.9 307.8 304 307 303.7 299.3 282.9 279.3 277.8 275.9 274.5 267.4 263 259.2 256.2 257.8 264.2 271.2 272.6 274.1 273 270.2 271.2 274.7 278.2 281.1 284.6 288.9 288 285 290.6 295.7 297.6 298.4 306.4 302.2 306.6 307.9 303.8 300.8 294.1 285.4 272.5 262.6 257.4 253.7 246 239.3 232.4 221.5 212.3 210.9 220.5
270.6 275 281.5 287.5 290.5 289.9 288.4 288.1 292.4 295.8 296.6 300.3 303.4 305.3 306.6 303.1 301.6 301.4 304.8 311.2 308.1 307.8 303.9 300.8 297.3 298 293.5 290.3 286.7 288.3 280.1 277.9 276.6 273.6 270.1 262.3 258.4 257.3 256.9 260 269.1 274 277.7 276.3 278.4 275.3 273.7 273.9 277 280 282.8 288.3 293.4 294.7 290.6 295.3 301.6 303.2 305.7 309.6 307.2 308.3 309.8 305.5 306.3 306.5 286.7 271.4 259.6 253.7 248.9 242.8 238 231.8 221.3 202.6 211.1 207.5
270.5 275.2 281.3 288.6 293.1 293.3 291.6 291.7 292 297 299.1 305.2 309.7 311.1 312.1 307.8 300.7 298.5 301.6 299.9 297.2 294.3 292.2 287.9 287.3 283.3 278.4 272.5 274.8 278.4 276.6 270.2 271.5 269.6 261.1 257.8 257.5 257.2 266.4 275.7 278.1 278.7 280.5 280.6 280.9 279.2 278.6 276.4 279.3 281.9 285.1 289.7 295.8 302.4 297.3 298.9 306.6 308.5 312.8 310.6 311.3 311.1 312.9 308.4 314.1 300.1 289.2 274 263 256.7 247.2 240.5 233.6 230.8 218.7 201.4 212.9 207.5
269.5 274.1 279.1 286.4 293.8 296.6 294.8 297.2 297.1 298 302.9 311.4 316.7 317.3 316.3 307.8 300.4 296.5 288.2 289.9 284.7 279.1 277.1 276.6 275.5 272.9 271.1 269.4 264.9 265.1 262.4 260.7 260.2 261.8 258.2 260.6 264.5 275.6 280.2 282 282.3 282.7 281.9 280.9 280.2 283.6 280 278.2 281.6 284.5 286.9 290.4 297 303 302.1 300.7 309.4 316.3 317.3 313.7 314.7 319.7 308.5 306.4 302.7 292.1 286.2 274.6 264.9 255.1 248.4 241.4 232.8 228 216.1 204.5 208.9 207.5
268.2 272.4 276.7 282.5 290.4 297 297.6 303.8 306.7 305.6 308.7 313.7 322.4 319.8 321.4 306.6 297.8 288.4 276.9 272.5 271.4 269.1 269.1 273.1 269.5 266.8 265.7 264.7 262.1 261.5 260.7 261.4 262.5 262.4 270.6 278.9 282.4 281.7 288.5 286.7 286.7 286.9 284.2 283.7 282.7 282.9 280.6 280.3 283.9 286.7 289.1 291.1 297.9 303 307.7 303.6 310.4 319 318 315.5 320.4 318.1 314.2 305.7 301.4 293.2 286.7 279 268.5 257.2 248 243.7 234.3 226.5 217.7 211 207.5 207.5
265.2 269.7 273.1 277.8 286 294.2 298.8 308.9 314.5 312.8 312.3 316.6 323.9 323.1 314.6 304.1 285 277.8 270.2 268.7 267.7 266.8 267 265.9 265.3 264.5 263.7 263.7 264.6 263.8 263.8 267 273.1 275.9 286.3 287.2 286.3 289.4 290.3 288.5 288.9 288.1 289 285.6 284.4 284.1 285.5 284.3 285.4 288.5 290.9 293.4 297.1 303.1 306 304 311.8 316.7 317.9 315.9 315 315.4 312.4 311.4 298.7 291.4 286.4 278.8 271.1 261.5 249.6 244.4 237 225.2 215.6 207.5 207.5 207.5
259.8 266 269.8 273.4 279.5 286.2 297 311.3 323 318.2 315.3 316.6 316.2 314 307.1 289.7 279.1 272.8 268.9 268.4 268.9 268.6 266.8 265.5 264.8 264.3 264.5 266.5 268.7 268.5 270 274.1 284.1 294.3 295.1 292.5 292.9 294 291 292.4 291.2 291.2 292.2 286.8 286.2 285.7 291.2 287.4 285.4 289.2 292.5 295.6 298.7 301.3 303.3 305.9 313.4 315.3 316.5 315 313.5 311.9 311.6 308.2 298.7 293.1 285.8 279.9 274.2 265.8 250.7 240.9 231.6 224.2 217.7 211.1 207.5 207.5
