UK/data/sp/sp02_OST50GRID_20230518/SP02.asc
ncols 200
nrows 200
xllcorner 400000
yllcorner 220000
cellsize 50
[rows 70 to 104 of 200, columns 78 to 155 of 200]
122.2 124 127.9 131.2 135.4 139.2 144.4 153 163.8 172.2 178.5 185.9 193 197 204.9 212.7 219.8 225.7 233.4 241.2 248.9 254.2 260.7 267.7 278.2 288.9 294.9 295.2 296.6 297.2 295.2 292.9 290.7 288.5 285.6 282.6 279.6 276.3 272.4 267.7 263.2 255.8 247.7 242.7 240.7 238.1 236.3 234.1 232.9 232.3 230.3 229 227.5 222.1 226 238.6 244.2 250.5 256.2 262 267.3 269 269.4 269.2 268.6 268.6 268.5 266.9 265.4 263.3 261.4 258.5 256.1 253.4 250.1 248.3 244.2 239
123.4 125.7 128.8 133.1 137.6 141.4 149.4 158 168.2 175.4 181.6 188.9 196.2 202.7 210.3 219.5 224.5 229.6 234.9 242.7 247.9 253.2 259.2 266 275.4 287.1 294.7 295.5 296.3 296.2 293.8 291.2 289 286.8 283.9 280.3 276.6 272.2 268.5 262.4 256 249.9 245.6 247.2 247.2 246.7 247.1 245.1 243.8 243.9 241.9 238.1 233.5 223.6 229.4 240.1 247.8 253.6 259.2 264.3 269.5 270.3 270.2 269.9 269.3 268.2 268.8 267.2 264.3 262.3 260.4 258.8 256.6 253.7 251.7 250 247 241.8
122.5 125.4 128.8 132.5 137.4 143.8 153.1 162.8 171.4 178.8 185.8 194.2 201.2 207.3 215.3 223.1 228.4 233.7 238.6 244.7 248.8 253.6 257.7 263.7 271.5 282.9 292.2 295.7 296.6 294.9 293 290.7 288 284.9 280.3 275.6 272.4 267 261.4 259.4 254.2 252.1 253.8 254.5 254.7 255 254.9 254.2 253.6 252.7 249.9 246 238.7 226.7 228.9 238.3 249.9 257.1 262.9 268.7 270.6 270.9 270.8 270.7 270 268.8 268.6 266.5 263.3 261.4 259.9 258.7 257 254.8 252.5 251.3 248.6 245.4
122.5 126.4 129.7 133.2 137.2 144.2 154.2 163.7 173.4 181.7 189.5 197.5 205 211.9 220.2 225 230.2 235.5 240.7 245.8 250 253.1 255.4 261.1 268.3 279.2 289.5 296.3 296 293.9 291.8 289.8 287.2 283.8 280.6 277.4 274.6 271.1 268.6 264.8 261.4 260.3 260.5 260.2 259.6 259.1 258.5 257.4 256.6 255.1 252.5 249 241.5 231 228.9 241.2 252.7 260.5 266.5 271 271.2 271.3 271.4 271.4 270.5 268.8 266.9 265.8 262.4 260.9 259 257.1 256.1 254.9 253.6 251.6 249.5 246.7
122.5 125.8 129 133.2 137.7 144.4 153.8 164.5 174.3 183.3 190.8 200 209 217.2 221.3 225.3 230.5 234.6 239.2 244.2 249.4 251.3 253 258.1 266 276.2 287.8 294 295.6 294.7 292.5 290.6 288.7 285.9 283 280.1 277.5 276.4 273.4 269.3 267.7 266 263.8 263.2 262.7 262 260.4 260 258.2 256.4 254.5 251.5 243.1 231.2 232.6 248.4 257.4 264.2 270.1 272 271.8 271.5 270.4 270.4 269.7 268 266.6 264.3 260.3 259 257.1 255 254.4 253.5 252.2 251.1 250 247.5
123.1 125.6 128.7 132.7 137.1 143.5 153.9 164.4 174.4 183.1 190.9 199.2 207.4 214.8 220.1 223.4 227.3 231.7 237 241.4 245.6 248.4 250.4 254.5 262.8 274.8 285.8 292.5 295 294.9 294.3 292.2 289.9 287.9 285.6 282.7 280 277.6 275.2 272.4 270.6 268.4 266.3 264.9 263.4 261.8 260.7 259.6 257.8 256 254.2 251.9 242.5 231.8 236.9 251.5 259.6 268.5 271.3 271.8 271.5 271.3 269.8 269.6 269.2 266.6 264.3 261.3 257.4 257 255.2 253.4 252.8 252.1 250.7 249.5 248 246.3
123.6 126.1 128.9 132.4 136.9 143.1 151.5 161.7 171.9 179.9 187 194.7 202.6 209.1 213.2 218.1 223.1 227.3 231.6 235.9 240.7 244.2 247.5 250.3 258.3 269.6 283.3 292 295.2 294.8 294.3 292.9 291.1 289 287.2 284.5 281.2 278 276 274.1 271.9 269.2 266.6 264.6 263 261.2 260 258.5 256.4 253 251.6 249.5 239.9 233.4 243.5 256.5 264.3 269.7 272.1 271.7 270.8 270 269 268.3 267.5 265.2 262.7 258.1 255.3 254 253.2 251.7 251.1 250.5 248.8 246.4 244.7 241.9
124.1 126.6 129.8 133.1 136.4 142 148.9 157.7 167.9 176.3 183.2 191 197.2 202.3 205.8 209.9 215.2 220.1 225.5 231.8 237.4 239.2 242.3 245.7 254.6 264.8 278.9 288.3 295 295 294.4 292.9 291.4 290 287.3 283.9 280.7 277.6 275.3 273.3 271.2 268.7 266.5 264.4 262.5 260 257.2 254.6 252.3 248.6 245.3 241.4 236.5 244.2 254 261.8 265.5 269.2 270.5 271.5 270.1 269.5 268.4 267.5 266.5 264.5 262.1 258.1 254.9 252.9 250.6 247.9 246.3 244.3 241.9 240 236 230.8
124.5 127.3 129.9 132.4 135 138.8 145.8 154.1 161 170.7 179.8 186.1 191.8 193.6 199.1 203.8 207.9 210.9 216.6 228.6 234.1 233.5 238.1 243.9 253.7 264.4 275.3 283.4 293.2 293.9 294.8 293.2 291.9 289.7 287.1 283.4 280.1 277.2 274.6 272.6 270 267.4 264.7 262.5 260.3 256.8 253 250.3 248.3 245.5 245.3 246.8 242.6 249.4 256 261.9 265.5 269 269.5 269.8 269.6 268.8 268.4 267.2 265.7 263.4 260.9 259.5 257.5 255.3 252.3 248.7 245.3 236.9 230.5 228 223.6 217
123.7 126.1 128.2 130.2 132.7 136.4 142.5 148.3 155.3 163.5 173.6 180.6 185.3 187.9 192.2 196.7 201 203.4 209.3 220.3 222.9 228 234.7 242.3 251 261.2 270.5 280.5 289.4 294.1 294.6 293.6 292.1 289.5 286.7 283 279.6 276.7 273.9 271.5 268.7 266 262.9 260.1 258.7 256.3 256.5 257.5 253.4 252.8 251.8 250 247.6 250.2 256.5 262.1 266.1 268.6 269.6 269.5 269.5 268.8 268.9 267.5 265.3 263.3 261.2 259.3 257.9 256.4 254.5 251.9 248.6 245.2 237 229.4 222.6 217.7
122.8 125.2 127.5 129.3 131.2 134.8 139.1 144 150.8 158.7 166.6 173 178.7 181.2 185 189.5 193.5 196.7 201.6 207.1 212.7 221.6 230.9 238 244.2 253.6 264 279.7 284.2 294.5 294.8 293.7 292 289.7 287 283.1 279.7 276.8 273.9 270.8 268 264.9 263.9 263 262.3 261.3 262 264 263.2 257.6 254.9 252 250.2 253.5 258.1 263 266.9 269.4 268.7 268.9 268.2 269.2 268.4 266.3 264.4 262.4 261 259.2 258.1 257.3 255.3 253.4 252.1 249 245.7 240.7 235.9 232.2
120.3 123.2 125.2 127.7 129.8 133.8 138.1 142.9 147.3 153.6 155.8 164.6 170.2 175 178.8 182.9 185.4 189.8 194.7 200.6 206 214.1 225.7 231.4 236.1 245.3 256.7 274.5 280.4 293 294.7 293.9 291.9 290.2 287.2 284.5 280.7 277.3 274.4 270.6 268.8 268 267.4 266.5 265.8 265 266.3 268.4 269.1 263 258.4 256.1 257.2 258.9 261 263.8 267.4 268.9 267.8 268 266.3 265.4 264.7 263.5 261.8 260.5 260.1 258.4 257.8 257.4 255.4 253.5 252.5 251.5 248.8 245.7 245 239.9
117.4 117.3 120.3 124.6 127.9 132.2 136.7 140.3 143.3 147.4 151.6 158.1 162.8 166.2 171.3 175.3 178.9 183.2 188.4 195.2 200.2 204.8 218.9 220.4 228.8 240.6 250.8 265.7 279.3 292.3 294.5 294.2 293.1 291.4 288.2 285.6 281.7 278.3 274.9 272.6 271.6 270.9 270.8 269.8 268.7 267.6 269.4 272.6 272.6 265.5 261.7 258.6 258.8 260.4 262.3 264.8 267.8 268.4 267.7 266.5 265.2 263.9 261.9 260.8 259.2 259.2 257.6 257.6 257.1 256.8 255.1 254 252.9 251.3 249.2 247.3 246.1 244.4
121.7 121.7 122.7 122.1 123.5 128.7 132.9 136.5 139.6 143.6 149.7 153.5 155.2 157.9 161.3 166.4 171.2 176.9 183 189.2 191.5 197.9 205.8 213.5 225.2 237 249 258.7 275.8 289.5 294.7 295.3 294.5 292.8 289.7 287.1 283.6 280.2 277.4 275.4 274.3 273.7 272.6 271.6 270.5 270.4 272.2 272.7 271.4 269.1 262.7 261 261.1 261.1 263.2 265.9 267 266.8 266.5 264.7 263.3 262 260.2 258 258 257.1 255.8 255.1 256 255.5 254.8 253.7 252.5 250 249.3 247.8 246.2 244.1
122.9 124.2 125.5 126.8 126.6 125.9 129.8 133.7 136.5 138.7 143.6 146.6 149 153.6 157.4 160.6 164.8 169 174.7 181.2 186.7 191.3 199.9 208.3 221.3 235 247.7 257 269 287.9 293.5 296.2 295.3 294.2 292.2 289 285.5 282.8 280.1 278.5 277 274.2 272.4 271.4 271.5 270.9 269.7 268 265.8 264.1 262.3 261.3 260.9 260.9 264.4 265.1 264.5 264.4 263.9 263 261.4 260 257.9 255.3 255.2 255.2 254.2 252.7 253.6 253.7 253 252.1 250.9 248.9 248.3 246.8 245.4 243.6
124.6 125.8 127.1 128.5 130.5 130.9 131.1 131.9 134 136.2 138.9 141.4 148 152.4 154.8 156.9 159.1 163.1 168 175.6 180.5 187.6 196.9 207.7 219.8 232.3 244.3 256 269.9 283.9 294.1 297.7 296.7 295.4 293.6 290.4 287.5 285.2 282.5 280.5 277.9 275 272.1 270.3 270 268 266.5 265.5 264.2 262.5 260.8 259.4 258.7 262.6 264.2 263.7 262.3 261.9 261.2 260.2 259.3 258 256.2 253 251.3 252.6 252.5 250.4 251.1 251.3 250.5 249.7 249 248.1 246.9 245.6 244.2 242.3
127 127.6 128.8 130.4 132.6 134 135.1 135.5 135.4 135.8 138.8 143.4 146.9 150.5 153.2 157 162.2 167.7 170.9 175.4 182.2 189.4 197.4 209.3 217.9 228.9 240.9 252.9 266.6 279.2 291.8 298.3 297.6 296.3 294.5 290.8 288.2 286.2 284.1 281.5 278.7 275.8 273 270 267.3 265.4 264.5 263.7 262.6 260.9 259.4 257.9 257.8 261.8 263.6 262.2 260.6 259.2 258.6 257.7 256.8 256 254.1 252.1 248 249.4 250.5 248.7 248.4 248.3 247.4 246.4 245.5 245.8 244.8 243.7 242.3 240.2
129.3 129.9 130.5 132.4 134.9 137.1 139.1 141.1 141 141.5 140 144.3 147.4 153 157.2 160.8 167.5 174.6 179.2 182.4 188.2 194.3 201.1 210.3 219 227.8 240.1 250.7 265 279.2 293.4 299.6 298.7 297.2 295 291.2 288.9 286.8 284.7 281.7 279.3 276.5 273.7 271 266.8 262.8 262.4 261.6 260.8 259.5 257.9 256.3 256.6 260 262 260.6 259.1 257.6 256.2 255.1 254.6 253.6 251.6 249.3 246.1 245.7 248.2 246.9 246.2 245.5 244.4 243.4 242.7 242.8 242.3 241.8 240.2 237.8
131.3 132.2 133.2 135.1 138.7 140.8 143.9 146.6 148.1 148.9 146.6 146.8 150.8 156.7 163.1 167.5 174 179.5 186.6 189.4 194.4 200.2 206.5 215.7 224.6 231.6 240.1 252 267.6 282.5 297.3 300.8 298.6 297.5 295.1 291.5 289.6 287.4 284.9 281.9 279 276.9 274.6 272.5 269.5 263.8 258.3 258 258.5 257.4 255.9 253.8 251 254.7 257.9 258.3 257.4 255.9 254.4 253.3 252.5 251.1 248.8 246.2 243.8 243.2 245.4 245.9 244.8 243.3 241.9 240.9 240.3 239.8 239.5 239.1 237.5 234
132 134.4 137.1 138.7 142 145 148.8 151.6 154.6 159.6 154.1 149.7 153.7 160.6 167.1 173.2 179.2 186.2 192.4 196.5 199.8 205.5 213.1 221.5 228.4 235.2 245.7 255.9 271.6 287.2 299 301.7 299.7 297.5 294.9 292 288.7 286.3 284 281.7 279 276.2 273.1 272 269.7 263.6 258.5 254.2 253.7 254.6 253.5 251.3 249.4 249.6 251.9 252.4 252.7 252.5 251.2 250.2 248.3 247 245.1 241.6 239.3 237.3 243 244.6 244.1 242.8 241.2 239 237.1 236.1 234.6 235.1 234.2 230.7
130.5 134 137.9 141.4 144.6 149.4 154 158 162.9 164.4 160.2 154.5 158.1 165.8 172.8 178.9 183.8 191.1 196.9 202 206.9 212.6 216.2 225.2 234.3 239.4 247.3 260.6 275 291.6 299 301.9 299.8 297 294.3 291.6 288.4 284.7 281.9 279.7 277.5 274.8 271.3 271.1 267.8 262 257.6 253.6 250.7 248.6 248.6 248.6 247 247.7 248 247 246.6 247.2 247.8 247.6 245.3 240.8 237.9 235.7 234.4 234.1 239.9 242.3 241.9 241.9 240 238.1 236.1 232 228.9 231.4 229.7 226
128.9 133.8 137.9 141.4 145.3 152 158.9 165 169 170.5 166.6 163 166.4 173.5 179 183.4 189.3 195.6 201.2 207 213.9 220.7 225.1 228.5 231.8 241.2 248.6 260.8 276.4 291.9 299.5 302.1 299.8 297 294.2 290.1 287.1 283.6 280.1 277.5 275.2 273 270.8 268.1 263.7 260 256.2 253.3 251.2 247.8 243 241 241.6 243.9 245 244.1 242.5 240.6 240.9 241.3 240 235 231.3 230.4 229 230.8 236.5 239.1 238.9 239.4 238.5 236.3 234.2 231.6 226.3 224.5 224.1 217.6
128.6 133.6 138.2 142.3 147.6 153.9 160.1 169.8 174.8 176.8 173.1 170.4 174.4 179.6 185.3 190 195.9 199.8 206.1 213.2 221.1 225.9 228.9 233.7 236.4 240.1 249 262.4 277.2 291.6 299.7 301.7 299.9 297.1 292.8 289.1 285.8 282.2 278.9 275.5 273.3 271.5 269 266.4 261.9 258.4 255 252.3 249.3 246.8 243.6 241.1 239.1 238.7 240.2 239.2 236.9 236.5 234.5 235.9 234.9 232.9 229.5 227 224.5 227.3 232.1 234.8 236.1 237 235.7 234.3 232.1 229.6 225.6 217.8 213.8 210.6
127.3 132.4 137.5 142.9 148.7 155 161.2 171.2 177.1 181.1 178.2 176 179.7 185.1 190.9 196.6 201.8 205.3 210.9 218.5 227.3 230.3 232.5 237.7 242.9 246.9 250 263.4 279.6 291.6 299.5 302.2 300.4 297.4 292.9 288.7 284.6 281 277.5 274 270.6 269.5 267.2 263.6 260.9 257.7 254.4 250.6 247.4 244.6 242.3 241.5 238.4 233.2 233.6 233 232.3 231 228.2 231.9 231.9 231.9 230.1 226.7 219.7 224.7 229.3 231.8 232.9 233.9 233.1 231.5 229.8 227.4 223.9 219.4 211.7 203.1
127.3 131.7 137.8 143.5 149.5 156.1 162.4 172.3 179.3 183.2 185.2 182.1 186.1 193.8 201 207.4 210.9 216.1 221.5 227.1 231.2 235 237.4 241.5 246.9 252.6 254.7 264 279.2 291.6 298.6 301.2 300.5 297.6 294.2 290.3 286 281.8 277.6 273.1 269.1 266.5 264 261.8 259.7 257.5 254.2 250.4 246.8 244.1 240.2 235.7 231.9 228.8 225.3 223.9 223.1 220.8 220.1 224.1 227 228.1 226.9 225.5 218.4 220.5 226.3 227.8 228.7 230.1 229.6 228.4 226.7 225.4 222.1 218.3 212.1 205.7
130.3 131.7 137 142.6 150.2 156.5 162.8 170.5 179.5 183.4 186.3 190.4 191.8 195.9 201.5 207.6 214.9 220.1 226.3 230.1 234.5 238.1 242.2 246.8 251 257.1 260.6 266.5 280.4 291.4 297.5 299.5 299.6 297.7 295 291.3 287.7 283.5 279.4 274.7 270.3 265.3 260.5 259.5 257.8 255.2 252.4 250.1 246.8 242.8 235.7 230.9 229.7 229.7 229.3 227.7 226.2 223.5 220.7 216.3 215.3 217.2 220.4 219.9 214.6 216.3 220.1 221.3 221 223.1 224 223.7 223.8 222.5 221.5 216.8 210.7 204.4
132.5 133.3 135.5 141.3 146.5 153.8 160.2 167.1 177.2 182.2 187.1 192.8 197.7 201.1 203.5 207.5 213 219.3 225.3 231.3 235.1 239.5 243.8 249.5 253.3 260.1 267.2 269.4 282 289.9 296.6 298.4 298.2 296.6 293.8 290.7 287.3 283.9 280.6 276.6 272.3 267.1 261.9 256.2 254.6 252.6 249.9 246.9 242.6 236.3 236.4 237.7 238.9 239.1 238.7 236.8 235 231.9 228.2 223 218 214.4 212.8 213.1 210.7 209 209.3 210.2 210.4 211.3 212.7 215.3 216.8 217.9 218.6 215.5 209.3 202.4
134.8 135.3 136.1 140.4 144.3 150.4 157.3 165.1 175.1 181.4 188 193.7 198.6 202.8 207 209.7 212.8 218 223 229.6 234.4 239.6 245 250.4 255.7 264.7 272.8 272.6 280.8 290.6 295.6 297.6 296.7 295.4 292.5 289.6 287.2 283.8 280.3 275.9 272.7 268.7 264.7 259.4 253.8 247.9 246 241 239.5 241 244.2 245.4 246.9 247.7 247.3 244.9 242.2 238.9 235.3 231 226.1 222.2 220.4 218.6 216 213.6 211.7 211 208.9 206.7 204.3 202.7 204.2 206.9 208.4 208.6 204.8 196.9
137.9 138.2 139.2 140.5 143.4 147.7 154.7 162.2 173.2 179.4 189.3 195.4 201.2 205.5 208.8 213.6 216 220.2 225.1 230.4 235.9 241.3 246.8 251.2 257.5 268.1 272.7 273.2 281.7 289.8 294.3 296.2 295.8 294.2 292.1 289.7 286.3 283 279 274.1 270.1 266.7 264.6 260 253.7 247.5 246.8 247.3 246.9 247.7 248.6 251.1 252.5 253.1 252.3 250.1 247.2 243.8 240.7 236.6 233.3 230.3 228.7 227.4 225.5 223.6 221.1 219.4 218.2 216.4 213.6 210.3 205.6 202 199.2 199.2 197.2 198.9
145.9 143.1 143.9 145.3 146 147.2 150.9 158.9 166.8 174.6 186.8 195.1 200.8 205.6 210 216.9 218.9 222.8 227.8 232.6 237.4 242.8 247.3 251.5 257.2 264.2 267.7 272.8 279 287.2 292.4 294.3 295 293.2 290.5 287.2 284.2 281.1 277.2 272.5 267.7 263.9 258.1 255.4 254.2 254.3 253.3 253.6 254.1 254.5 253.3 255 257.5 257.1 255.3 253.6 250.3 247.8 244.3 241 238.6 236.7 234.8 232.7 231.2 229.9 228.2 226.4 224.7 221.4 218.8 215.7 212.8 209.5 203.7 198.4 201.8 209.6
152.4 150.6 152.2 152.5 153 153.5 152.5 154.2 162.5 171 182.7 191.7 197.5 202.4 209.1 214.3 219.7 225.2 231 236.5 239.4 243.3 247.6 252.2 256.7 259.9 265.3 270.2 276.1 283.4 289.2 292.5 293.8 293.3 290.9 287.4 283.1 279.7 275.3 271.4 266.6 263.3 264.3 262.3 260.8 259.8 259.8 259.6 259.4 258.5 257.1 258 259.4 258.5 256.6 254.1 251.7 248.6 245.1 243.6 242.1 240.6 239 237.4 235.7 234 232.2 229.2 226 222.6 219.3 216.2 213 208.9 201.6 207.6 212.1 215.9
160.1 158.1 158.8 159.7 160.3 160.7 159.9 157.5 158.8 167.6 176.4 185.2 194.5 199.7 205.9 211.6 218.5 224.8 231 236.9 240.6 243.9 246.8 250.8 254 257 263.3 268.1 274.3 280.6 284.7 288.8 292 292.8 291.1 288.2 284.7 280.6 276.5 270.9 269 271.2 269.7 267 265.3 263.6 264.2 263.4 262.5 261 259.2 257.5 258.4 258.4 256.6 253.7 250.6 247.1 244.8 244.7 243.2 241.7 240.2 238.4 236.5 235 232.1 228.8 225.5 220.5 216.6 213 210.3 205.3 204.6 213.7 217.9 220.9
167.2 165.4 165 165.7 166.2 166.5 165.8 164.1 162.9 164.1 169.5 178.1 185.9 195.1 202.6 209.1 215.4 222 228.2 233.8 238.5 242.5 246.1 248.3 250.6 254.6 260.6 266.1 271.4 276.8 281.5 285.6 289.2 291.2 291.3 288.5 284.9 281.8 279.4 274.9 275.5 275.9 274 270.9 269.2 267.6 266.9 265.7 263.5 261.6 259 256.2 255.5 255.7 255.7 252.8 249.5 247.4 246 243.6 242.2 240.8 239.4 237.6 235.6 233.2 229.6 224.5 220.7 215.7 211.6 207.6 206.2 204.2 207.9 213.7 219.4 224.3
175.4 172.8 172.7 174 174.4 175.6 174.3 172 170.1 168.6 170.1 171.9 180.1 186.4 194.2 203.8 211.8 218.1 224.1 229.7 233.5 237.8 238.6 242.2 247 252 257.8 262.9 268.3 273.8 279.4 283.5 287.2 289 290.7 288.6 286.8 284.8 282.4 279.7 279.8 278.9 275.9 273.3 272.1 270.2 267.9 266.4 264.1 260.9 257.9 255.1 253.2 253.5 254.1 251.9 249.8 247.4 244.9 242.4 240.8 239.4 238.1 236.4 233.2 229.3 224.7 219.5 215.7 214.6 210.9 211.9 210.9 206.7 209 216.8 221 224.9
184.2 184.2 183.3 182.3 182.5 182.9 183.3 182.7 181.3 176.8 178.5 178.1 180.4 182.6 187 197.3 202.8 209.5 217.5 223.3 224.9 225 228.4 233.4 239 247.1 254.2 259.7 265.1 270.8 276.9 282.1 285.9 288.6 290.8 289.1 288.2 286.7 285 283.6 282.2 280.5 277.7 274.4 272.9 270.9 268.6 266.3 263.9 260.8 257.5 254.5 252.4 250.8 251.2 251.1 248.8 246.3 243.8 241.3 239.2 237.2 235.2 233.3 230.5 229 226.6 221.6 218.5 217.4 217.9 216.9 213.8 207.9 210 217.5 223.6 228.3
