UK/data/nf/nf99_OST50GRID_20230518/NF99.asc
ncols 200
nrows 200
xllcorner 90000
yllcorner 890000
cellsize 50
[rows 111 to 147 of 200, columns 85 to 169 of 200]
-2.2 -2.2 -2.2 -2.2 -2.2 -2.2 -2.2 -2.2 -2.2 -2.2 -2.2 -2.2 -2.2 -2.2 -2.2 -2.2 -2.2 -2.2 -2.2 -2.2 -2.2 -2.2 -2.2 -2.2 -2.2 -2.2 41.3 50.8 54.9 47.7 41.1 27.3 18.9 20.4 27.5 27.8 21.5 20.2 17.2 18.3 18.2 18.7 19.9 21.6 24.9 27.7 31.7 32.3 38.6 52.3 79.4 90.9 100.8 111.6 113 106.3 94.3 85.3 74.7 62.4 54.2 44.6 39.3 31.5 33.5 31.9 28.2 21.7 13.7 5.1 -2.2 -2.2 -2.2 -2.2 -2.2 -2.2 -2.2 -2.2 -2.2 -2.2 -2.2 -2.2 -2.2 -2.2 -2.2
-2.2 -2.2 -2.2 -2.2 -2.2 -2.2 -2.2 -2.2 -2.2 -2.2 -2.2 -2.2 -2.2 -2.2 -2.2 -2.2 -2.2 -2.2 -2.2 -2.2 -2.2 -2.2 -2.2 -2.2 -2.2 -2.2 -2.2 43.1 45.4 43.3 35.6 23.2 20 24.2 28.3 30.4 28 24.2 20.9 20.1 20.8 20.6 22.5 26 29.9 34.1 37.2 40 46.8 57 83.2 100 107.6 114.4 116.4 113 102.6 92.5 82 68.9 60.6 52.2 47.7 45 41.3 39.5 34.9 29.2 24.2 18.8 11.4 1.7 -2.2 -2.2 -2.2 -2.2 -2.2 -2.2 -2.2 -2.2 -2.2 -2.2 -2.2 -2.2 -2.2
-2.2 -2.2 -2.2 -2.2 -2.2 -2.2 -2.2 -2.2 -2.2 -2.2 -2.2 -2.2 -2.2 -2.2 -2.2 -2.2 -2.2 -2.2 -2.2 -2.2 -2.2 -2.2 -2.2 -2.2 -2.2 -2.2 -2.2 -2.2 36.4 41 32.1 20 20.6 28.4 32.7 31 31.9 30.2 26.6 26.2 24.3 26.6 26.5 29.8 34.5 39 45.3 52.9 57.5 66 80.8 108.5 114.5 119.2 120 117.4 110.4 100.3 89.8 79.4 68.1 59.7 52.5 53.8 51.3 46.6 42 37.1 29.7 25.2 19.5 12.6 5.5 -2.2 -2.2 -2.2 -2.2 -2.2 -2.2 -2.2 -2.2 -2.2 -2.2 -2.2 -2.2
-2.2 -2.2 -2.2 -2.2 -2.2 -2.2 -2.2 -2.2 -2.2 -2.2 -2.2 -2.2 -2.2 -2.2 -2.2 -2.2 -2.2 -2.2 -2.2 -2.2 -2.2 -2.2 -2.2 -2.2 -2.2 -2.2 -2.2 -2.2 27.6 37.1 29.4 21.8 27.7 30 35.1 36.7 34.8 38.3 39.7 31.9 31.9 31.4 34.9 35.8 39.1 45.5 53.6 62.8 68 71.5 84.1 111 120.4 122 124.3 124.5 117.8 108.5 97.2 86.4 75.5 64.7 60.7 61.6 60.4 55.8 50.3 44.6 37.6 33.4 26.9 19.5 13.5 -2.2 -2.2 -2.2 -2.2 -2.2 -2.2 -2.2 -2.2 -2.2 -2.2 -2.2 -2.2
-2.2 -2.2 -2.2 -2.2 -2.2 -2.2 -2.2 -2.2 -2.2 -2.2 -2.2 -2.2 -2.2 -2.2 -2.2 -2.2 -2.2 -2.2 -2.2 -2.2 -2.2 -2.2 -2.2 -2.2 -2.2 -2.2 -2.2 -2.2 -2.2 -2.2 14 29.5 38.7 39.6 42.2 44.6 43.5 49.1 52.3 45.3 37.9 40.3 43 46.3 47.5 50.8 61.6 69.4 80 79.9 91.3 105.1 123.6 129.3 129.5 128.9 122.6 114.4 104.2 92.8 81.5 72.1 67.9 67.1 67.1 64.7 59.1 47.7 45 38.7 35.5 25.4 18.8 13.8 3.5 -2.2 -2.2 -2.2 -2.2 -2.2 -2.2 -2.2 -2.2 -2.2 -2.2
-2.2 -2.2 -2.2 -2.2 -2.2 -2.2 -2.2 -2.2 -2.2 -2.2 -2.2 -2.2 -2.2 -2.2 -2.2 -2.2 -2.2 -2.2 -2.2 -2.2 -2.2 -2.2 -2.2 -2.2 -2.2 -2.2 -2.2 -2.2 -2.2 -2.2 -2.2 14 43.7 50 49.9 55.2 55.9 55.2 61 60.7 52 45.3 49.9 52.6 58.7 57.9 66.6 78.4 88.3 96.3 96.4 105.1 122.1 133.8 132.6 129.1 123 115.8 104.9 93.3 83.1 76.4 74.8 74.9 73.6 71 65.1 59.1 51.2 45.2 40.4 32.7 24.4 19 11.6 1.3 -2.2 -2.2 -2.2 -2.2 -2.2 -2.2 -2.2 -2.2 -2.2
-2.2 -2.2 -2.2 -2.2 -2.2 -2.2 -2.2 -2.2 -2.2 -2.2 -2.2 -2.2 -2.2 -2.2 -2.2 -2.2 -2.2 -2.2 -2.2 -2.2 -2.2 -2.2 -2.2 -2.2 -2.2 -2.2 -2.2 -2.2 -2.2 -2.2 -2.2 7.1 45.3 52.4 63.1 65.2 71.7 67.5 71.5 70.6 65.5 57.1 62.8 61.3 65.4 67.1 73.1 85.4 95.1 103.7 104.5 109.1 116.6 132.6 133.7 128.8 119.4 109.5 99.2 89.5 84.8 81.2 79.8 80.5 79.5 77.7 72.6 69.4 62.7 56.4 49.3 41.4 34.9 26.3 19.6 10.3 6.6 1.7 -2.2 -2.2 -2.2 -2.2 -2.2 -2.2 -2.2
-2.2 -2.2 -2.2 -2.2 -2.2 -2.2 -2.2 -2.2 -2.2 -2.2 -2.2 -2.2 -2.2 -2.2 -2.2 -2.2 -2.2 -2.2 -2.2 -2.2 -2.2 -2.2 -2.2 -2.2 -2.2 -2.2 -2.2 -2.2 -2.2 -2.2 -2.2 -2.2 41.1 61.6 80.8 80.2 83.8 80.6 78.9 80.2 75.2 71.1 66.3 74.6 72.8 78.3 83.1 91.9 99.8 111.7 113.5 113.5 116.2 126.4 128.1 124.4 113.5 103.4 94.2 89.4 85.8 81.6 83.6 84 85.9 86.9 82 79.3 71.6 64.2 55.7 46.6 40.1 32.9 25.2 17.7 11.2 7.6 2.8 0.3 -0.2 -0.8 -2.2 -2.2 -2.2
-2.2 -2.2 -2.2 -2.2 -2.2 -2.2 -2.2 -2.2 -2.2 -2.2 -2.2 -2.2 -2.2 -2.2 -2.2 -2.2 -2.2 -2.2 -2.2 -2.2 -2.2 -2.2 -2.2 -2.2 -2.2 -2.2 -2.2 -2.2 -2.2 -2.2 -2.2 -2.2 12.8 75 93 100.1 97.4 94.6 89.8 90.6 86.9 82.4 77.3 83.7 85.9 87.4 92.8 101.9 109.3 119.4 124.7 120.6 119.4 119.8 122.7 117 108 101.3 96.4 92 86.5 85.7 86.3 87.4 90.3 91.9 91.6 85.4 78.2 70.1 61.8 52 45.9 38.1 33.9 24 17.7 12.3 7.1 1.8 0.8 0.4 -0.6 -2.2 -2.2
-2.2 -2.2 -2.2 -2.2 -2.2 -2.2 -2.2 -2.2 -2.2 -2.2 -2.2 -2.2 -2.2 -2.2 -2.2 -2.2 -2.2 -2.2 -2.2 -2.2 -2.2 -2.2 -2.2 -2.2 -2.2 -2.2 -2.2 -2.2 -2.2 -2.2 -2.2 -2.2 4.7 61.2 106.6 119.2 110.1 106.4 100.3 98.6 99 95.5 88.3 89.3 97.9 95.5 101.5 109.7 119.1 126.9 131.5 128.5 126.5 122.2 117.5 113.1 105.4 99.5 95.9 93.2 89.3 90.9 89 91.5 93.5 95.2 96.9 93.9 85.3 75.5 68.7 58.3 49.9 42.6 37.7 32.5 25.7 20.5 10.5 6.7 2.3 1.7 0.9 -2.2 -2.2
-2.2 -2.2 -2.2 -2.2 -2.2 -2.2 -2.2 -2.2 -2.2 -2.2 -2.2 -2.2 -2.2 -2.2 -2.2 -2.2 -2.2 -2.2 -2.2 -2.2 -2.2 -2.2 -2.2 -2.2 -2.2 -2.2 -2.2 -2.2 -2.2 -2.2 -2.2 -2.2 -2.2 40.5 102.9 131.3 127.8 119.6 112.7 109.4 110.5 108.8 103.5 99.9 105 109.7 109.9 116 126.8 133.4 139.4 137.5 135.2 128 121 112.6 108 102.5 98.2 93.1 91 94.8 97.8 98.7 99 100.1 101.2 97.7 90.2 81.3 74.2 65.6 58.7 49.6 39.9 35.3 31.5 24.2 16.5 9.9 5.7 6.4 5.1 1 -0.4
-2.2 -2.2 -2.2 -2.2 -2.2 -2.2 -2.2 -2.2 -2.2 -2.2 -2.2 -2.2 -2.2 -2.2 -2.2 -2.2 -2.2 -2.2 -2.2 -2.2 -2.2 -2.2 -2.2 -2.2 -2.2 -2.2 -2.2 -2.2 -2.2 -2.2 -2.2 -2.2 -2.2 1.7 112.6 144 147.5 136 124.9 119.2 115.3 117.5 114.2 112.9 109.2 117.5 123.6 126.4 134 141.1 145.4 146.4 140.9 131.6 125.1 115.5 108.2 104.4 99.7 95.1 95.5 97.6 103.3 108 105.4 103.9 102.7 97.7 93.2 84.5 79.5 72.3 63.7 52.9 44.7 35.1 31.2 25.7 23 15.8 7.9 6.2 6 5.1 0.5
-2.2 -2.2 -2.2 -2.2 -2.2 -2.2 -2.2 -2.2 -2.2 -2.2 -2.2 -2.2 -2.2 -2.2 -2.2 -2.2 -2.2 -2.2 -2.2 -2.2 -2.2 -2.2 -2.2 -2.2 -2.2 -2.2 -2.2 -2.2 -2.2 -2.2 -2.2 -2.2 -2.2 4.6 126.4 154.5 160.2 150.6 139.5 131.6 124.5 123.9 123.9 124.3 121.9 123.8 134.4 135.4 141.5 148.4 151.6 154.6 148 134.8 126.8 119.9 110.9 106.7 103.4 100.4 100.8 102.7 107.7 114.4 110.6 107.8 105.4 102.1 95.1 90.9 84.5 76.2 65.5 53.5 45 41 34.7 30.5 26.5 20.4 13.3 8.2 6.3 5.3 3.9
-2.2 -2.2 -2.2 -2.2 -2.2 -2.2 -2.2 -2.2 -2.2 -2.2 -2.2 -2.2 -2.2 -2.2 -2.2 -2.2 -2.2 -2.2 -2.2 -2.2 -2.2 -2.2 -2.2 -2.2 -2.2 -2.2 -2.2 -2.2 -2.2 -2.2 -2.2 -2.2 -2.2 51.6 133.1 160.1 170.2 167.5 152.8 140.5 135.5 133 131 132.8 134.3 134.6 144 146.5 149.2 152.4 156.7 154 149.4 139.4 130 123.2 114.7 109.3 108.3 106.9 108.3 108.6 111.9 122.2 116.3 111.9 107.9 103.2 97.1 92.7 84.7 76.6 67.6 58.9 52.1 45 38.9 33.6 27.4 24.2 17.4 12.5 6.3 5 3.8
-2.2 -2.2 -2.2 -2.2 -2.2 -2.2 -2.2 -2.2 -2.2 -2.2 -2.2 -2.2 -2.2 -2.2 -2.2 -2.2 -2.2 -2.2 -2.2 -2.2 -2.2 -2.2 -2.2 -2.2 -2.2 -2.2 -2.2 -2.2 -2.2 -2.2 -2.2 -2.2 57.7 90.8 127.6 157.7 176.3 182 164.4 153.7 144.1 141.3 141.2 142.9 146.8 146.9 152.9 158.8 155.4 157.2 158.2 155.6 149.2 143.2 133.4 125.9 119.6 114 112 112.6 115.3 116.5 115.3 120.8 120 114.6 109.2 104.6 99.8 94.9 87.7 78.5 72.4 64.4 55.1 47.6 41.2 37.7 29.2 25.5 19.7 15.4 9 4.4 2
-2.2 -2.2 -2.2 -2.2 -2.2 -2.2 -2.2 -2.2 -2.2 -2.2 -2.2 -2.2 -2.2 -2.2 -2.2 -2.2 -2.2 -2.2 -2.2 -2.2 -2.2 -2.2 -2.2 -2.2 -2.2 -2.2 -2.2 -2.2 -2.2 -2.2 -2.2 -2.2 62.6 90.5 119.3 145.4 170 193.4 181.4 164.6 156.8 149.7 148.8 152.1 157.6 159.9 162.6 167.2 164.9 162.1 159.8 157.4 152.5 145.3 139.2 131.9 125.7 122.4 117.9 116.8 119.2 122.4 122.5 126 122.6 114.6 110.9 106.3 102.7 99.4 97.1 90.1 86.1 76 63.7 52.6 44.6 37 31.2 28.1 24.4 18.1 13.1 7.3 1.6
-2.2 -2.2 -2.2 -2.2 -2.2 -2.2 -2.2 -2.2 -2.2 -2.2 -2.2 -2.2 -2.2 -2.2 -2.2 -2.2 -2.2 -2.2 -2.2 -2.2 -2.2 -2.2 -2.2 -2.2 -2.2 -2.2 -2.2 -2.2 -2.2 -2.2 -2.2 -2.2 56.7 85.7 108.2 137.7 166.5 196 196.8 179.6 168.1 160.6 159.5 159.5 167.9 171.7 172.9 175.1 174.3 169.8 166.3 160.5 157.6 149.3 143.4 139.2 134.8 130.9 127.9 125.7 125.5 127.8 128.2 129.8 133.1 119.1 115.1 113.4 110.1 106.7 106.8 101.6 95.5 86.6 73.1 61.2 50 41.1 34.7 31.5 24.7 20.3 14.3 6.6 3.8
-2.2 -2.2 -2.2 -2.2 -2.2 -2.2 -2.2 -2.2 -2.2 -2.2 -2.2 -2.2 -2.2 -2.2 -2.2 -2.2 -2.2 -2.2 -2.2 -2.2 -2.2 -2.2 -2.2 -2.2 -2.2 -2.2 -2.2 -2.2 -2.2 -2.2 -2.2 8.1 43.5 68.6 103.1 132.2 162.3 187.3 202.7 196.5 181 171.5 170.2 168.9 173.3 181.3 183.5 182.6 181.8 175.7 169.9 166.1 161 158.7 151.3 147.5 146.1 145.5 142.3 136.5 135.1 133.7 132.6 132.4 132.4 129.2 122 121.3 117.7 113.8 112.8 107.4 98 89.7 80.3 65.8 52.5 45.6 36.8 34 26.7 21.8 15.6 12.7 7.8
-2.2 -2.2 -2.2 -2.2 -2.2 -2.2 -2.2 -2.2 -2.2 -2.2 -2.2 -2.2 -2.2 -2.2 -2.2 -2.2 -2.2 -2.2 -2.2 -2.2 -2.2 -2.2 -2.2 -2.2 -2.2 -2.2 -2.2 -2.2 -2.2 -2.2 -2.2 -2.2 38.8 66.2 97.5 125.7 156.9 187.9 207.9 208.9 197.3 186.3 180 179 182.8 190.7 195.6 192.3 190.2 183.8 178 172.4 167.3 163.4 159.7 157 155 153.3 151.7 147.8 143.7 140.6 136.9 135.7 134.4 132 130.6 127.4 124.1 122.2 120.2 111.9 100 89.7 83.6 74.3 59 47.5 41.8 35.5 29.7 24.7 19.6 18.8 10.5
-2.2 -2.2 -2.2 -2.2 -2.2 -2.2 -2.2 -2.2 -2.2 -2.2 -2.2 -2.2 -2.2 -2.2 -2.2 -2.2 -2.2 -2.2 -2.2 -2.2 -2.2 -2.2 -2.2 -2.2 -2.2 -2.2 -2.2 -2.2 -2.2 -2.2 -2.2 20.6 34.9 58.1 89.9 124.7 155.3 188.1 212.2 214.9 211.6 199.9 190.2 189 194.4 198.5 205 204.8 200.1 193.5 186.9 184 176.5 172 167.1 164.9 165.9 161.5 159.4 156.6 151.5 148.6 145.7 140.2 137.5 137.7 138.2 136.6 132.9 134 131.4 121.7 108.2 95 83.1 77 66 56.2 44.3 38.2 33.3 27.8 24.1 20.6 14.3
-2.2 -2.2 -2.2 -2.2 -2.2 -2.2 -2.2 -2.2 -2.2 -2.2 -2.2 -2.2 -2.2 -2.2 -2.2 -2.2 -2.2 -2.2 -2.2 -2.2 -2.2 -2.2 -2.2 -2.2 -2.2 -2.2 -2.2 -2.2 -2.2 -2.2 1.8 19.4 30.6 54.8 83.2 116.1 153.6 185.8 210.9 219.6 217.5 211.4 202.3 201.2 205.5 207.6 216.2 215.9 211.8 206.4 199.2 193.5 188.2 183.3 178.4 174.7 173.8 172.5 167.1 166.4 161.7 157.6 152.7 148.8 143.2 143.7 144.6 144.4 142.7 143.7 139.1 128.6 114.5 100.5 86 74.7 69.3 59.2 48.5 41 34.8 32 28.5 23 17
-2.2 -2.2 -2.2 -2.2 -2.2 -2.2 -2.2 -2.2 -2.2 -2.2 -2.2 -2.2 -2.2 -2.2 -2.2 -2.2 -2.2 -2.2 -2.2 -2.2 -2.2 -2.2 -2.2 -2.2 -2.2 -2.2 -2.2 -2.2 -2.2 -2.2 6.2 18.5 29.3 56 78.5 110.4 148 178.7 204.6 224 224.5 223.1 217.3 217 217.2 222.6 228.1 230.9 226.8 222.3 217 207.5 203.6 195.6 191.8 186.8 183.1 182.1 178.3 175.4 172.6 166.6 160.5 154.8 151.6 150.1 147.9 148 146.9 147.4 143.1 133.8 121.4 104.1 90.4 79.5 68.7 61.4 56.3 43.5 40 36.3 30.9 25.8 19.1
-2.2 -2.2 -2.2 -2.2 -2.2 -2.2 -2.2 -2.2 -2.2 -2.2 -2.2 -2.2 -2.2 -2.2 -2.2 -2.2 -2.2 -2.2 -2.2 -2.2 -2.2 -2.2 -2.2 -2.2 -2.2 -2.2 -2.2 -2.2 -2.2 1.7 7.5 17.4 29.5 54.6 81.2 106.4 137.3 171.6 192.7 216.8 228.1 231.5 232.6 231.9 231.7 238.9 247.7 251.2 247 238.9 232.9 225.6 218.9 212.3 206.6 201.9 193.5 190.6 186.9 185.9 180.8 175.3 167.9 161.2 158.8 156.2 153.7 150.5 147.6 146.1 139.6 134.5 121.2 104.8 94.8 84.6 71.1 64.5 60.8 50.3 44.6 40.3 36 29.2 21.6
-2.2 -2.2 -2.2 -2.2 -2.2 -2.2 -2.2 -2.2 -2.2 -2.2 -2.2 -2.2 -2.2 -2.2 -2.2 -2.2 -2.2 -2.2 -2.2 -2.2 -2.2 -2.2 -2.2 -2.2 -2.2 -2.2 -2.2 -2.2 -2.2 1.7 7 17 28.3 54.1 84.2 105.4 127.9 157.6 185 204.6 227.6 237.1 243.4 246.5 248.2 255.7 266 271.5 268.9 262.1 252 245.8 232.6 229.6 221.2 215.9 208.4 201.5 197.3 193.2 188.5 183 176 169.2 164.3 159.1 155.8 152.2 144.6 138.7 138.1 128 118.8 110.8 100.4 90 74.2 66.9 66 60 50.4 46 39.9 31.1 23.5
-2.2 -2.2 -2.2 -2.2 -2.2 -2.2 -2.2 -2.2 -2.2 -2.2 -2.2 -2.2 -2.2 -2.2 -2.2 -2.2 -2.2 -2.2 -2.2 -2.2 -2.2 -2.2 -2.2 -2.2 -2.2 -2.2 -2.2 -2.2 -2.2 4.5 1.7 14 28.5 51.1 76.3 98 116.4 141 172.4 193.2 211.5 230.1 246.4 260.1 267.7 271.7 278.7 286.9 287.5 281.3 270.2 263.1 253.3 243.5 236.5 226 220.4 210.6 203.2 198.4 194.6 188.8 182.8 176 171 163.8 157.9 154.3 147.7 139.7 130 125.6 118.5 110.6 107.2 99.8 88.8 80.9 77.1 73.2 56.7 53.2 46 36.5 26.4
-2.2 -2.2 -2.2 -2.2 -2.2 -2.2 -2.2 -2.2 -2.2 -2.2 -2.2 -2.2 -2.2 -2.2 -2.2 -2.2 -2.2 -2.2 -2.2 -2.2 -2.2 -2.2 -2.2 -2.2 -2.2 -2.2 -2.2 -2.2 -2.2 -2.2 -2.2 17 29.6 50.7 66 86.9 108.9 128.7 154.8 179.7 195.6 217.5 240.1 264.7 279.2 288.6 296.3 303.3 306.4 301.3 290.6 276.5 268 257.7 252 240.3 230.8 220.8 210.8 205.6 200.8 193.5 188.9 182.4 176.5 169.8 163.4 157.2 151.2 142.7 135.4 129.1 126.8 123.5 126.1 116 105.7 91 87.7 81.5 69.8 60.9 51.9 41 30.8
-2.2 -2.2 -2.2 -2.2 -2.2 -2.2 -2.2 -2.2 -2.2 -2.2 -2.2 -2.2 -2.2 -2.2 -2.2 -2.2 -2.2 -2.2 -2.2 -2.2 -2.2 -2.2 -2.2 -2.2 -2.2 -2.2 -2.2 -2.2 -2.2 -2.2 -2.2 16.5 27.1 41.3 55.1 71.9 92.7 115 136.4 162.8 184.1 206.9 230.1 253.4 279.9 301.6 308.7 314.2 323.2 320.5 307.1 291.7 282.1 268.9 261.8 252.7 238.2 230 221.6 215.5 207.3 200.4 193.4 188.8 182.1 174.9 168.2 160.6 153.1 148.1 142.6 136.9 132.3 132.4 128.7 129.3 117.4 107.5 98.7 90.8 82 65.9 55.4 44.4 35.7
-2.2 -2.2 -2.2 -2.2 -2.2 -2.2 -2.2 -2.2 -2.2 -2.2 -2.2 -2.2 -2.2 -2.2 -2.2 -2.2 -2.2 -2.2 -2.2 -2.2 -2.2 -2.2 -2.2 -2.2 -2.2 -2.2 -2.2 -2.2 -2.2 -2.2 -2.2 13.8 24.5 33.4 44.4 59.2 76.7 99.5 123.8 146.8 169.6 193.4 217.8 245.7 274 301 313.6 321.1 330.5 331.3 320.6 307.4 292.2 280.9 267.5 259.3 249.1 235.7 231.7 224.7 218.2 211.3 201.6 194.9 187.7 180.8 172.6 165.3 159.1 153.6 148.4 142.7 135.9 131.7 132.9 128.5 121.4 113.9 105.1 97.4 86 71.6 59.1 44.4 35
-2.2 -2.2 -2.2 -2.2 -2.2 -2.2 -2.2 -2.2 -2.2 -2.2 -2.2 -2.2 -2.2 -2.2 -2.2 -2.2 -2.2 -2.2 -2.2 -2.2 -2.2 -2.2 -2.2 -2.2 -2.2 -2.2 -2.2 -2.2 -2.2 -2.2 -2.2 11.9 22.4 28.9 38.6 51.9 66.6 85.2 109.8 130.4 156.4 176.5 206.1 233.7 262.2 291.2 309.9 324.2 327.5 336.6 333.3 316.9 304.4 291.7 276.9 263.6 253.9 244.6 241.1 235.1 228.5 220.3 211.9 202.6 195.6 188.3 181.5 174.2 167.1 159.5 153.3 146 138.6 130.5 126.2 131.3 127.4 118.1 111.6 104 95.3 81 66.4 49.8 35.6
-2.2 -2.2 -2.2 -2.2 -2.2 -2.2 -2.2 -2.2 -2.2 -2.2 -2.2 -2.2 -2.2 -2.2 -2.2 -2.2 -2.2 -2.2 -2.2 -2.2 -2.2 -2.2 -2.2 -2.2 -2.2 -2.2 -2.2 -2.2 -2.2 -2.2 -2.2 9.2 23.2 27.3 34.8 45.8 59.2 74.5 94.6 118.6 140.1 165.4 191.7 222.1 251.5 280.5 304.5 317.2 327.5 331.2 334.3 323.1 311.7 297.1 283.6 270.7 260.9 252.8 249.5 244.6 236.8 230.4 222.9 214.4 207.4 200.8 193.3 186.5 180.2 168 157.9 149.2 139.5 130.7 116.7 123.6 123.9 117.1 109.3 103 96.8 85.7 65.7 52.1 35.4
-2.2 -2.2 -2.2 -2.2 -2.2 -2.2 -2.2 -2.2 -2.2 -2.2 -2.2 -2.2 -2.2 -2.2 -2.2 -2.2 -2.2 -2.2 -2.2 -2.2 -2.2 -2.2 -2.2 -2.2 -2.2 -2.2 -2.2 -2.2 -2.2 -2.2 -2.2 11.7 19.7 25.3 32.2 40.6 52.5 66.4 82.6 103.6 126.3 152.1 180.9 210.1 240.3 266.9 290.4 305.4 313.1 325.5 324.5 322.6 313.8 300.3 288.8 277.7 269.5 263.3 257.6 252.2 245.9 239.6 232.6 223.8 218.1 211.7 203.7 197.4 189.8 179.5 165.4 153.1 142.5 130.8 115.3 113.9 116.9 110.7 102.8 94 87.6 75.6 59.1 44.8 33.3
-2.2 -2.2 -2.2 -2.2 -2.2 -2.2 -2.2 -2.2 -2.2 -2.2 -2.2 -2.2 -2.2 -2.2 -2.2 -2.2 -2.2 -2.2 -2.2 -2.2 -2.2 -2.2 -2.2 -2.2 -2.2 -2.2 -2.2 -2.2 -2.2 -2.2 -2.2 -2.2 22.1 24.6 28.9 39.2 48.3 60.8 74.1 91.5 114.7 138.3 169.5 197.3 227.6 254 272.8 288.2 300.3 311 317.6 315.8 311.2 301.5 291.6 283.6 276.6 271.5 267.1 262.4 252.9 249.1 243.1 235.4 228.6 223.6 219.1 208.7 194.6 185.4 171.3 158.6 143.1 130.1 113.6 95.7 99.7 102.7 93.1 84.6 73.7 60.7 48.6 38.2 29.2
-2.2 -2.2 -2.2 -2.2 -2.2 -2.2 -2.2 -2.2 -2.2 -2.2 -2.2 -2.2 -2.2 -2.2 -2.2 -2.2 -2.2 -2.2 -2.2 -2.2 -2.2 -2.2 -2.2 -2.2 -2.2 -2.2 -2.2 -2.2 -2.2 -2.2 -2.2 -2.2 22.8 27.7 28.2 37.6 47.2 56.9 71.2 83.6 102 127.1 155.2 182.9 210.1 238.7 260.9 274.9 285.1 299.2 306.9 312.5 308.7 301.5 293.4 288.2 281.2 278.1 276.7 271.3 264.4 259.2 254.5 250 241.9 234.2 232.4 219.9 205.3 188.4 177.3 161.1 144 126.8 109.5 92.1 81.9 82.9 82.3 74.4 63 52.3 40.5 31.5 25.7
-2.2 -2.2 -2.2 -2.2 -2.2 -2.2 -2.2 -2.2 -2.2 -2.2 -2.2 -2.2 -2.2 -2.2 -2.2 -2.2 -2.2 -2.2 -2.2 -2.2 -2.2 -2.2 -2.2 -2.2 -2.2 -2.2 -2.2 -2.2 -2.2 -2.2 -2.2 -2.2 23 30.8 30.3 36.6 48 53.2 67.4 79.7 93.8 116 142.8 165.2 192.6 221.9 246.2 261.9 273.5 283.8 296.5 305 307.6 302.7 297.1 293.4 289.4 287.6 288 285.1 278.1 272.7 267.9 262.7 254.6 245.4 241.8 231.1 214.9 195.3 179.4 165.9 143.9 127.3 105 87.2 74.9 62.6 66.1 65.2 58.5 49.2 37.9 29.2 19.8
-2.2 -2.2 -2.2 -2.2 -2.2 -2.2 -2.2 -2.2 -2.2 -2.2 -2.2 -2.2 -2.2 -2.2 -2.2 -2.2 -2.2 -2.2 -2.2 -2.2 -2.2 -2.2 -2.2 -2.2 -2.2 -2.2 -2.2 -2.2 -2.2 -2.2 -2.2 -2.2 -2.2 31.3 36 38.5 48.3 50.3 61.9 72.1 87.1 103 128.4 146.2 176.1 205.9 229.5 247.4 260.5 271 284.9 298.5 302.2 302.1 298 298.1 299.9 298.7 300.1 296.7 292.8 286.1 281.7 274.2 265.9 254.8 247.6 237.1 221.4 199.4 183.2 169.1 149.8 127.6 108.6 91.1 73.5 57.3 49.6 54.8 51.1 42.9 35.1 26.9 18
-2.2 -2.2 -2.2 -2.2 -2.2 -2.2 -2.2 -2.2 -2.2 -2.2 -2.2 -2.2 -2.2 -2.2 -2.2 -2.2 -2.2 -2.2 -2.2 -2.2 -2.2 -2.2 -2.2 -2.2 -2.2 -2.2 -2.2 -2.2 -2.2 -2.2 -2.2 -2.2 -2.2 22.7 36.3 41.7 46.6 48.5 55.9 66.8 79.9 95.2 114.7 137.8 159 186.2 210.5 228.3 245.7 256.4 272.8 288.2 296.6 299 298.7 304.6 308.5 311.8 311.1 310.7 305.5 299.2 293 286.2 276.4 262 251.2 241.5 226.1 202.6 185 168.4 150.7 130.5 108.7 90.3 76 62.7 48.5 42.5 43.3 38.4 30.1 23.3 17.5
-2.2 -2.2 -2.2 -2.2 -2.2 -2.2 -2.2 -2.2 -2.2 -2.2 -2.2 -2.2 -2.2 -2.2 -2.2 -2.2 -2.2 -2.2 -2.2 -2.2 -2.2 -2.2 -2.2 -2.2 -2.2 -2.2 -2.2 -2.2 -2.2 -2.2 -2.2 -2.2 -2.2 14.2 34 43 40.6 44.1 52.8 57.7 72.8 86.4 104.4 126.1 147.7 166.2 191.2 213.1 231 248.4 263.1 276.6 289.8 296.6 300.7 309.3 318.6 325.8 324.8 324.3 317.3 311 305.2 292.4 284.3 268.7 253.1 244.8 227.8 203.9 184.5 165.6 148.7 129.7 110.1 92.3 77 63.2 50.8 40.8 34.7 33.4 27.6 21.4 18.3
