UK/data/sn/sn95_OST50GRID_20230518/SN95.asc
ncols 200
nrows 200
xllcorner 290000
yllcorner 250000
cellsize 50
[rows 70 to 104 of 200, columns 78 to 155 of 200]
345.7 339.5 323.9 312.5 310.9 326.2 349.4 371.9 380.2 384.3 386.2 384.1 379.6 374.2 368 361 353.2 352 357.3 363.2 372.3 375.8 360.6 351.8 370.5 385.7 403.8 405.8 406.4 400.6 391.9 383.1 375.1 369.6 353.1 336 322.7 314.3 310.6 308.1 311.2 319.8 324.1 324.7 325.6 323.5 318.5 313 309.6 307.5 303.6 302.4 300.7 297.2 291.9 285.3 276.2 269.1 260 253.5 248.2 241.9 231.5 226.2 221.7 219.4 217.2 212.6 207.7 203.1 209.8 217.2 218.2 220.2 227 236.4 243.2 247.1
338.4 330.8 318.3 309.4 307.7 317.5 337.5 351.8 361.3 367.4 370.4 368.9 365.4 359.7 352.5 344.9 339 345 355.7 364.3 370.1 366.4 353.4 345.2 361.9 377.8 385.8 393 399.6 397.2 389.2 380.6 373.6 367.3 356.7 339.8 324.6 314.9 307.7 301.2 302.6 307 315 322.3 321.9 321.2 319 316.7 317.4 317 315.4 315.1 312.1 308 301.6 294.9 286.4 275.7 265.8 257.6 249.7 240.2 232.4 226.5 220.1 215.5 214.8 209 206 202 208.6 213.4 214.3 215.3 220.2 227.1 234.9 239.1
323.2 318.4 310.4 307.2 305.3 310.5 326.1 340.4 348 353 354.9 354.2 351.1 344.1 335.5 330.4 336.7 349 360.3 367.9 370 363.5 348.6 339.8 345.2 356 361.5 369.2 378.4 381.3 376.7 369.3 364.9 360.8 351.4 337.8 326.1 316.9 309.3 301.8 294.3 294.5 308.1 315.8 318.4 319.8 321.4 322.3 324.9 325.3 324.9 323.6 317.9 311.3 304 296 286.6 277.1 268.5 259.8 251.5 242.7 237.2 229.3 220.9 215.9 211.5 208.4 205.6 201.1 205.2 209.4 211.9 211.6 215.7 224.1 230.4 234.2
313.9 309.6 306 304.1 302.9 303.8 313.3 325.8 333.6 337.4 340.3 340.1 336.5 327.3 322.6 328.1 340.8 352.7 362.9 370.9 370.7 360.7 346.1 335.6 332.2 331 338.6 343.8 351.7 357.9 360.8 358.3 356.7 355.1 348.6 340 332 323.4 315.1 301.8 294.8 285.7 292.7 303.4 312.8 319.1 322.7 328.1 332.9 332.5 330.4 326.7 319.1 310.5 301.9 292.6 284.1 275.4 267.8 259.5 251.7 245.7 239.4 231.9 225.8 220.1 212.8 209.2 206.6 201.1 201.7 203.3 208.6 210.8 215.5 222.3 227.6 230.6
308.8 305.9 303.6 302 301 300.1 302.9 311.9 322.5 326.6 328.1 327.8 322.7 317.4 315.8 328.2 336.3 343.8 348.8 352.1 350.1 344.4 336.5 329 324.3 324.5 321.5 323.1 331.3 338.3 342.5 349.1 350.7 350.5 350.4 346.4 339.2 329 318.4 309.7 300.8 290.1 277.8 290.6 304.4 316.9 324.2 332.4 335.1 332.1 326.8 319.5 312 303.7 295.2 285.3 276.7 269.4 262.1 255.4 251.1 246.4 240.7 232.9 226 219.8 214.6 209.8 206.2 202.9 198.9 202.7 207.6 212.2 217.6 221.6 225.9 227.7
306.8 304.3 302.1 300.4 298.8 298.4 298.4 300.4 308.2 314.4 316.2 315.3 311.4 309.3 311.1 316.7 323.8 327.1 326.8 327.4 327.5 326 323.6 323.3 320.1 318.4 314.6 312.1 314.4 322 330.4 339.3 342.5 347.6 349.4 348.2 344.4 331.6 319.8 310.8 295.2 284.7 278.1 280.9 298.3 310.8 323.4 329.1 328.9 325 317.1 309.1 300.8 291.5 280.6 272.7 266.5 260.5 254.4 250.6 246.6 242.7 237 231 225.3 220.4 215.2 211.5 207.9 202.4 198.8 202.2 211.7 215.7 220 223.4 226 227.1
305.7 303.3 300.9 299.2 297.8 296.6 295.8 294.9 295.7 299.7 301.8 302.5 302.1 302 302.1 303.4 304.8 307.1 308.8 309.4 311.1 312.3 315.4 317.4 314.6 313 309.9 308.7 309.8 312.5 320.6 329 336.5 343.2 350.8 349.4 344.1 333.2 313.9 301.1 289.3 279.9 273.2 272.9 291.1 306.5 313 316.6 315.7 309.7 299.8 289.3 279.9 271.8 264.7 258.7 254.3 249.7 245.5 241.7 237.9 234.4 230.5 226.5 222.5 218.5 213.9 209 204.3 199.9 197.6 208.1 215.2 217.8 221.6 223.7 226 224.6
304.8 302.4 300.1 298.2 296.7 296 294.4 292.6 291.9 291.8 293.2 295.1 296.6 296.9 297.4 295.9 294.3 294.5 296.9 299.3 301.2 303.1 304.5 305.9 306.3 306.7 305.6 304.8 305 307.4 313.4 321.4 331.3 341.1 350.3 349.1 342 327 306.2 294.7 283.3 275.2 268.5 263.7 284.6 293.9 297.1 296.3 290.7 283.7 275 267.7 259.1 254.1 249.4 246.3 241.8 238 234.2 231.2 228.7 225.6 222.7 220.1 218.2 214.6 206.7 198.3 196.9 196 196.8 211 217.3 221.1 223.3 223.1 224.4 222
304.1 301.7 299.4 297.7 295.9 294.8 293.4 292.2 291 290.2 290.3 292.1 293.5 294.3 294.4 292.9 290 288.4 288.7 291.3 293.6 295.9 297.6 297.6 300.5 301.8 302.2 301.3 301.7 304.2 310.6 319.7 330.4 340.8 344.5 337.7 328 305.3 298.3 289.7 279.9 272.1 267.4 260.2 261.7 271.1 273.4 273.6 268.8 260.5 254.1 247.4 243.1 242.2 237.6 234.3 230.8 227.1 224.4 221.5 219.8 217.4 214.5 211.8 211.1 209 200.8 194.6 196.1 211.4 213.9 218.6 219.3 222.4 225.2 224.4 221.5 218.9
306.3 301.7 299 296.9 294.9 293.4 293.3 291.8 290.6 289.4 288.6 288.9 290.1 291.8 291.9 290.9 286.9 284.5 283.9 285.1 286.7 288.6 290.5 293 296.6 297.5 298 298.2 299.3 301.5 308.5 317.8 330.2 340.4 338.2 324.5 305.8 297.2 291 283.2 277.5 274.3 267.8 261.6 256.3 250.2 250.6 252.3 247.5 244 242.2 240.6 239.4 236.9 232 228.7 226 222.8 218.8 214.8 210.6 207.2 208.3 203.1 201.5 200.5 197.5 193 208.9 216.3 219.3 221.1 220.9 221.4 223.5 224.5 221.7 217.1
321.2 311.7 304.2 299.4 295.8 291.7 291 290.2 289.2 288.8 288.3 287.8 287.7 289.1 289.3 288.4 285.1 283.4 282.5 282.2 282.7 283.5 285.7 289.6 292.5 293.7 294.8 295.3 297.1 299.4 304.7 314.5 326 334 324.8 310.4 302 295.7 291.8 290 288.1 287.9 281.5 271.1 259.4 252.5 247.8 242.4 242 239.9 238.5 237.3 235.2 232 228.8 225.9 223.1 219.5 215 219.5 216.6 213 209.3 205.8 202.3 199.2 196.1 193.2 209.3 217.8 220.5 221.8 221.5 221.3 222.1 223.2 220.4 215.2
339.4 330.2 322.1 315.1 307.1 298.9 291.3 289.9 288.6 288.7 288.1 287.4 287.1 286.9 286.5 284.3 284 285.3 286.1 285.7 281.4 280.4 282.3 286.3 289.4 290.4 291.3 292.9 295 297.9 303.3 311.5 319.9 321.9 314.1 309.3 307 305.1 305.1 305.3 306.6 308.9 301.1 288.1 273.7 260.5 251.9 246.4 242.4 238 235.9 233.9 232 229.2 226.4 221.7 227.7 228.9 227.6 226.1 221 221.1 215.9 210 205 201.9 197.8 192.6 202.4 218.1 222.5 224.5 224 223.5 223.3 223.5 221 216.5
354.3 346 340 332.8 324.6 316 307.6 299.9 293.5 290.9 288.7 287.9 286 285.9 284.9 284.9 287 289.3 289.4 288.6 286.4 281.7 279.8 283.3 286.4 288 288.8 290.5 292.4 295.5 301 309.9 313.8 315.8 315.9 316.7 316.6 316.7 319 321.1 325.2 325.9 319.9 306 290 274.4 262.8 256.1 252.4 249.7 246 240.8 240.4 239.3 238.7 237.2 235.6 233.1 231.1 229.7 228.5 227.1 221.6 215.5 209.9 205.7 202.2 193 194 219.2 225.6 229.4 228.5 228.1 228.1 228.7 226.3 222.6
363.7 356.1 350.2 343.1 335.9 328.4 321 314.7 309.2 305 301.4 297.8 294 292.4 290.6 288.5 290.4 291.8 291.4 289.2 286.9 284.6 276.2 281.1 283.7 285.3 286.6 288.5 290.5 295.2 303.3 311.7 318.4 321.4 323.3 325.7 326.9 328.2 332.5 336.9 342.5 343.5 333.4 317 301.3 285.4 274 266.5 262.3 256.4 251 246.3 245.1 243.2 240.1 238.3 236.8 235.2 232.9 231.4 231.9 230 225.8 219.8 213.1 208.9 207.2 194.2 193.3 214.5 227.2 231.9 232.3 232.7 232.3 232.3 229.6 226.9
365.2 358.2 351.4 343.2 336.8 330.3 324.1 318.5 314.9 311.3 308.2 305.2 302.2 299.4 296.5 294.3 294.4 293.4 291.9 289.3 286.8 283.9 277.8 278.6 280.9 283 284.4 286.9 291.6 299.9 308.1 318.3 324.6 329 332.4 335.3 338.2 344 348.8 352.7 354.6 344 332.4 317 301.5 288.5 277.7 269.8 263.6 256.9 251.2 246.7 243.4 240.3 238.3 237 236.1 234.8 233.8 234.2 234.3 230.9 228 222.2 214.6 210 208.1 203.3 191.4 211.7 227.3 232.9 234.1 234.5 235.8 234.6 232.8 231.4
361.9 354.2 347.2 340 332.9 329 323.4 319.6 316.1 312.8 310.4 307.6 305 302.7 300.3 297.7 295.9 294.3 291.8 289.3 286.2 282.7 276.2 276 277.7 279.8 284.3 288 295.4 304.2 316 325 330.6 336.8 342.2 347.7 353.4 359.9 362 363.1 353.1 334.9 322.7 308.1 294.5 284.3 275.1 266.9 260.5 254.6 249 244.4 241.2 238.7 236.8 235.2 234.3 234.1 233.6 233.4 232.3 229.2 226.9 223 215.6 211.1 207.7 200.5 190.7 202.6 224.5 230 233.6 236.6 238.6 237.3 235.1 234.2
353 345.9 338.3 332.2 326.5 323.4 320.6 317.9 315.2 312.5 310.1 307.9 305.3 303.6 302 300 298.1 295.1 292.3 289.3 286.4 283.3 279.1 274.8 275.7 280 285.9 292.1 301.4 311.8 321.9 327.3 333.7 341.1 350.5 357.4 365 370.7 367.4 353.3 338.4 324.3 312.6 300 287.5 277.7 268 261.1 255.4 252.5 247.4 242.9 240 237.7 235.7 232.5 231.7 231.2 231 230.7 230.1 227.9 225.2 221.2 216.2 211.2 207.7 202 192.1 195.8 217.3 227.1 232.8 235.8 237.9 237.7 236.8 235.7
342.1 335.3 329 324.2 321.2 320 318.8 316.7 313.7 311.7 309.3 307.4 305.8 304.3 302.8 302.1 299.3 297 294 290.3 286.8 283.4 279.8 273.3 274.3 280 287.1 298 308.8 317 322.8 327.7 334.6 345.9 357.8 366.1 369.7 367.4 357.1 342.1 327.1 315 303.9 293.8 284.1 274.4 263.6 256.7 252.1 249.5 246.2 242.8 239.9 237.7 235.9 232.9 230.1 228.6 227.8 226.3 225.2 223.2 220.6 216.8 213.2 209.6 206.9 203 193.7 187.1 205.3 221.2 227.4 231.9 234.3 235.9 235.3 234.9
329.9 324.2 318.8 318.7 318.9 318.4 317.1 315.1 312 310.6 308.9 307 306.2 304.7 304.3 303.8 301.4 299.1 296.7 291.1 285.9 282.1 278.6 273.2 273.6 281.1 290.2 305.8 317.3 323.1 325.3 328 334.3 345.4 356.6 361.7 361.5 354.3 345.5 331.1 318.9 307.1 299.7 291 281.4 271.4 262 255.7 250.9 248.5 245.5 242.7 240.7 239.1 236.2 232.5 232.8 231.6 228.9 226 222.1 218.8 215.2 212.1 207.9 206.1 202.4 197.5 193.9 190.4 194.8 211.2 220.7 227.3 229.9 232.6 233.9 233.5
319.8 315.7 314.9 315.7 316.1 315.8 314.4 312.1 311.1 310 308.3 306.9 306.7 306.2 305.7 304.5 302.9 299.6 295.9 290.1 284.2 280.6 276.4 272.1 275.1 282.6 298.1 314.9 326.6 330.5 326.9 325.6 331.8 335.6 342.2 344.4 344.2 339.7 334.5 324.8 312 302.4 297.1 288.2 278.7 268.3 258.9 253.4 249.9 247.5 244.9 243 241.3 239.2 235.3 236.1 235.7 234.1 230.2 227.2 224.2 221.3 218.2 211.8 208.7 207.5 206.4 200.3 196.9 193.4 188 201.7 212.5 221.7 225.8 228.5 230.3 232
310.1 308.6 311 311.8 312.4 312.5 311.2 310.9 310.2 309.1 307.2 306 306.2 306.6 305.2 303.2 300.2 296.4 293.1 287.3 281.5 276.6 274.4 274 276.3 285.6 305.4 324.4 335.6 338.2 329.1 322.8 322.2 325 327.6 327.9 327.1 325.2 321 314.8 305.4 300.7 294.4 286.5 276.9 268.1 259.5 253.5 249.6 247.1 245.1 243.4 241.9 239.3 237.5 236.9 236.2 233.5 230.7 227.5 224.7 221.9 218.9 213.9 211.7 210.8 208.1 203.1 199.9 196.1 190 187.7 205.6 213.4 221.4 224.3 226.1 228.1
299.7 301.2 303.5 305.4 307.2 308.4 309.6 309.1 308 306.4 305 304 304.1 303.9 302.3 300.1 296.4 292.5 288.1 281.4 276 273.6 273.8 274.9 280.1 298 319.4 339.4 349.7 347.9 333.3 320 314 311.6 312.4 311.5 311 309.3 308.7 305.5 302.4 298.7 291.5 283.7 275.4 267.2 260.4 253.9 249.5 247.2 245.3 243.9 243 242 240.2 237.6 235.6 232.5 230 227.2 223.8 221.3 218.9 215 213 211.7 209.3 206 202.3 197.6 191.8 186.8 190.1 207 214.7 219.3 221.9 224
289.2 294.1 296.5 299.9 304.7 306.5 307.1 306.8 305.4 303.7 302.1 300.5 299.5 299.7 298 295.3 292.8 286.4 279.9 274.6 270.9 270.5 273.6 280.2 291.8 315.9 341 353 363.3 357.6 339.8 325 311.8 301.9 298.9 299.4 301.4 300.9 298.7 297.9 296.9 292.5 287.5 280.8 273.4 266.1 260.7 255.1 251.6 249.7 247.7 245.5 244.1 243 240.7 238.2 235.4 232 228 225.5 223.3 221 218 214.8 212.7 210.2 208 205.3 202.4 198 197.1 188.8 183.7 189.8 207.9 212.2 215.2 217.7
282.6 287.6 293.5 299 302.8 304 304.1 303.9 302.6 300.4 297.7 295 294.1 293.5 291.6 287.6 284 278.7 272.3 267.5 265.3 267.9 280.5 291.5 313.2 337.9 358.9 370.3 372.7 362.2 345 329.2 313.4 300.2 291.4 286.9 289.2 290 290.2 289.9 288.4 285.5 281.8 276.5 271 264.7 259.5 255.9 252.9 250.6 248.6 247.3 245.2 242.4 240.2 237.8 235.4 232.2 228.5 225.3 223 221.2 219 217 215 211.9 209.4 207 203.4 201.4 200.6 193.9 188.4 185.6 202.6 205.7 210.4 212.5
278.4 285.1 292.8 298.3 300.3 301.5 301.4 300.9 298.7 296.3 293.6 290.9 288.6 286.5 283.6 279.7 275 269.2 265.2 260.7 263.5 276.3 297.7 315.1 337.5 359 375.7 380.9 373.9 362.4 346.7 331.1 317.1 305.9 297.5 290.9 279.7 277.4 280.4 280.3 279.3 275.8 272.8 269.3 266.1 261.2 257.5 254.7 252.9 251 248.9 246.9 244.1 241.5 239.7 236.9 234 231.4 228.9 225.6 224.1 222.6 221.1 220.2 218.3 215.1 212.2 210.8 207.3 205 202.6 200.1 193.2 186.7 186.5 201 203.5 207.4
278.8 286 293.6 298.1 299 300.3 298.8 298.1 296.4 294 291.2 286.9 284.3 279.6 275.6 272.6 268.7 264.1 259.9 265.8 276.6 297.6 320.1 339.7 360.2 378.3 383.1 377.1 367.7 355.9 342.2 328.1 317.4 308.1 300.7 295 288.7 282.6 274.9 260.8 265.4 265.1 261.9 261 258.5 256.3 253.6 252.3 250.8 250 248 246 243.8 241.3 239 236.1 233.2 230.3 228.1 225.7 224.5 223.9 223.1 222.1 221.2 218.1 215.1 213.5 210.4 206.8 203.6 200.4 195.4 186.5 182.6 192.8 198.2 201.5
279.9 287.5 294.3 297.2 298 299.2 297.8 296.9 296 294.3 291.9 287.8 282.2 275.6 270.3 267.7 265.7 262 260.7 271.9 292.4 316.7 340.2 360.6 376.7 385.5 382.1 371.2 359 345.4 333.8 323.3 314.3 306.9 301 295.2 289.1 283.5 277.3 269.9 256.7 252.7 250 250.8 249.9 248.2 246.5 247.5 248.8 248.6 246.7 244.6 242.8 240.7 238.4 235.8 233 230 228 225.6 223.6 223.1 222.8 222 221 218.4 215.5 214.2 211.6 207.2 203 199.7 194.4 187.9 185.2 183.9 191.3 195.2
276.1 287.1 293 296 297.7 298.8 299.1 298.5 297.3 295.8 293.5 289.5 284.6 277.2 269.2 263.6 260.8 260.7 268.7 290.3 313.3 335.8 357.1 374.5 382 381.3 373.1 360.3 348.3 335.5 326.1 317 310.5 304.8 298.2 292.4 287.7 283.1 276.7 270 261 250.1 239.7 239.7 239.1 237.8 238.9 243 245.8 246.9 245 243.1 241.3 239.5 237.5 235.5 233.2 230.4 227.5 224.4 221.9 220.4 219.8 219.1 217.8 216 214.2 212.3 209.5 206.2 202.5 198.4 194.4 189.3 186.1 184 182 188.8
264 280.5 288.8 294.3 297.1 298.9 300.1 300.2 299.4 299.1 296.7 293.7 289.3 279.1 266.9 261.6 258.3 266.4 285.6 308.9 330.7 350.6 370.4 381.3 379.2 373.3 362 348.7 338.6 328.4 320.6 314.1 306.4 298.1 290.7 284.7 280.1 276.3 270.5 265.1 256.8 248.2 239 234.5 234.3 233.8 233.6 237.3 242.4 243.3 241.8 239.3 236.9 235.4 233.8 231.4 228.2 226 224.1 221.4 218.3 215.6 213.1 211.2 211.1 209.7 207.2 205.4 204.1 201.6 198.1 194.3 191.1 187.9 186.6 183.9 182.7 181.4
253.8 270.8 285.5 291.9 297.1 299.3 300.8 301.9 302.5 302.4 300.5 297.7 293.5 277.4 261.6 255.7 259 277.1 301.2 323.4 343.3 360.1 376.7 374.7 372.3 361.9 350 339.1 330.1 320.3 313.3 306.2 297.8 287.7 281.1 276.2 271.5 267.8 262.3 257.4 250.7 243.1 236.2 231.7 231.8 231 229.6 233.7 236.7 236.4 235.8 234.1 231.4 229.1 227.3 225.4 222.7 221.4 219.2 216.3 214.3 212.3 208.1 203.3 202.8 202.4 200.2 198.1 196.9 195.2 192.5 190.2 187.8 186.3 185.3 183.7 182.6 181.8
245.4 265.6 280.8 291 296.7 300.4 302.4 304 305.1 305.1 304 302.1 293.3 274.4 258 252.2 262.3 284.2 309.9 333.7 353.6 371.2 376.1 367.4 358.5 347.3 337.4 328.3 320.3 311.5 302.9 294.8 286.5 277.3 270.1 265.3 263.7 259.8 253.9 248.2 242.5 236.5 232.2 229.5 229.7 228 226.3 223.8 227 228.3 228 226.1 224.9 222.3 220.2 218.5 217.6 217.4 214.7 211.9 210.4 208.4 204.9 199.9 196.7 194.8 192.9 192.6 190.5 189.1 188.5 188.9 186.7 185.7 185.3 183.6 182.7 181.6
238.9 261 277.9 289.2 296.9 302.1 304.2 306.1 307.3 307.6 307 303 291.5 272.6 256.3 251.6 261.4 287.5 313.8 339 360.1 378 366.3 356.6 345.1 335.4 327.2 319.1 311.3 302.2 291.4 281.4 273.9 266.9 260.4 255.9 255 251.8 248.5 242.1 236.6 232.4 229.5 227.4 225.2 223.2 221.1 218.4 218.6 218 218.5 217.5 217.6 216.8 215.1 214 214.5 213.8 211.5 209.3 207.6 205.6 201.3 197.7 194.3 192.2 194.3 195 195.1 196.3 197.7 199.4 195.2 189.8 187.6 186.5 183.7 180
234.8 257.2 276.6 288.9 298.5 303.2 305.8 308.1 309.4 309.3 307.3 302 289.9 270.3 253.8 250.5 262.9 288.1 316.2 342.2 362.2 364 353.9 342.8 332.8 324.8 318.4 310.9 302.6 293.2 282.1 271 263.5 256.4 257.4 254.8 250.8 245 240 236.8 233.5 231.3 228.2 225.2 222.4 219.9 217.7 217.3 215.6 213.7 213.5 212.7 212.8 212.8 211.9 211.4 210.8 208.5 208.2 206.8 204.7 200.8 196.7 194.3 197.7 200.5 202.4 202.4 203.7 204.8 204.9 204.3 200.7 196.3 194.9 191.7 187.9 182.5
231.8 255.5 276.7 291.3 298.9 303.5 306 308.7 309.4 308.7 306.5 300.2 288.3 269.9 250.5 248.7 262 286.2 317.8 343.9 361.3 353.3 343.8 333.8 324.7 316.6 310 303.1 293.5 284.4 274.2 267.1 261.1 272.7 272.1 266.9 259.7 253 248.1 242.9 236.9 232.4 230.2 227.6 224.9 223.2 219.8 214.9 214.3 212.8 210.6 209.7 210.1 209.5 209.4 209 207.6 205.6 204.4 202.8 199.2 199 203.6 207.3 209.8 210.3 210.5 209.3 210.2 210.2 209.2 207 203.7 202.2 200.2 196.2 190.7 186.1
228.5 254.9 277.5 290.4 298.5 303.1 306.2 308.1 308.4 307 303.7 298.4 286.7 263.9 248.2 245.1 264 291.5 319.3 340.8 349.1 345.2 338.7 332.6 324.1 316 307.4 293.7 289.6 281.4 278.7 284.7 291.6 288 284.5 276 268.1 261 255.8 247.2 239.6 235.3 232.7 229.3 225.8 222.9 220.3 216.1 212.9 211.3 210.3 209 207.4 206.5 205.8 206.1 204.4 202.8 201.9 201.4 203.5 208.1 211.5 214.8 214.8 213.5 211.8 211.9 211.2 210.1 209.1 207.7 205.9 204.9 201.6 196.1 191 188.9
