WholeMapElevations/data/nt/nt33_OST50GRID_20230518/NT33.asc
ncols 200
nrows 200
xllcorner 330000
yllcorner 630000
cellsize 50
[rows 105 to 139 of 200, columns 78 to 155 of 200]
272.7 286.6 302.1 317.7 331.7 342.2 350.2 356.5 362.6 368.7 374.6 382 392.5 404.5 416.4 428.7 439.1 449.1 458.9 467.2 471.4 468.6 461.2 454.4 447.3 440.8 430.6 418.6 408.1 399 390.3 379.3 370.2 362.3 354.2 346.5 337.5 327.8 318 307.3 304.3 317.9 330.9 343.6 355.3 366.7 373.9 378.3 383.5 389.1 391.9 390.9 387.5 381.5 371.8 357.3 341.7 324.8 307.2 290.6 278.2 266.2 253.9 242.3 234.2 232.6 238.6 251.7 274.8 296.9 315.6 330.9 346.9 365.3 381.6 394.1 408.3 424.3
281.9 296.1 310.8 324.6 335.8 344.1 349.9 355.3 360.6 366.1 372.4 378.9 386.8 398.5 413.4 428.3 438.8 448.8 458.2 465.2 468.7 465.4 458.6 453 447.2 441.4 433.5 423.2 413.8 404.1 392.8 380.9 373 365.2 357.1 348.3 338.4 328.4 318.6 305.9 310.4 325.5 338.7 352 364.4 374 380.4 384.9 390.4 393 394.1 390.5 385.4 378 366.6 352 337 322.5 306.6 292.1 279.2 266.2 253.3 241.5 235.6 235.3 242.8 252.9 269.4 282.8 294.6 308.7 325.7 343.1 361.1 379.8 401.3 419.3
290.8 304.9 318.3 327.7 334.7 341 346.4 352 358.2 363.8 369.4 375.6 382.6 393.8 411 427.9 438.4 447.8 455.6 460.2 462.6 461.8 456.3 450.8 445.4 440.7 434.1 425.8 416.4 405.4 393.2 382.3 373.8 366.2 357.8 348.3 337.2 327.8 318 304.5 319.4 335.4 349.4 362 373.8 382.2 388 392.7 395.6 396.3 393.7 388.3 381.5 370.7 357.8 344.1 330.2 316 302.8 290 276.6 263.4 250.9 242.1 237.2 238.3 246.5 255.7 266.7 278 289.2 300.8 314.6 327.9 343.8 364.2 388.6 413
298.4 310.2 319.4 326 331 335.7 340.7 346.9 352.9 359.1 365.2 371 381.2 393 409.4 425.6 436.7 444.3 448.8 451.3 454 455.5 452.8 448.4 443.3 439.6 433.7 424.2 413.6 403.2 391.7 382.3 373.6 365.5 356 345.9 336 327.3 318 316.1 328.3 344.8 360.9 374.5 385.5 392.6 395.7 398.8 400.2 397.4 392.2 384.8 374.7 361.8 348.6 335 321.2 307.8 295 282.1 269.7 258.8 250.3 244.6 239.7 240.4 248.4 267.1 281.7 294.9 306.9 315.6 324.7 335.4 350.6 366.3 383.5 407.9
300 308.9 315.3 320 324.2 328.2 333 339.3 346 352.7 358.9 365.9 377.6 392.5 407.6 419.8 429 435 439.1 441.6 444.3 447.5 447.3 443.4 439.7 436.3 429.6 418.9 408.8 399.4 390 381.1 372.2 363.2 353.1 343.9 335.4 327.7 317.2 323.5 338.3 355.8 372.5 386.7 395.7 401 403.8 404.4 402.6 397.7 390.4 380.9 367.4 353 339.3 325.6 312 298.5 284.9 272.8 263.5 258.3 255.1 249 242.4 242.9 255.3 277.2 294.3 311.7 328.7 340.2 348.1 356.7 370.2 386.5 399.9 417.3
297.2 304.2 308.8 312.4 316.6 321.3 325.9 332 338.8 345.3 351.9 361 373.4 389.4 400.8 409.8 417.8 423.9 428.6 432.1 435.5 438.9 440.8 438 434.2 430.4 422.7 413.3 404.3 395.9 387.2 378.1 368.9 359.8 351.2 343.2 335.4 328 318.2 333.5 349 366.2 382.6 394.8 402.7 408.2 410.1 408.1 403.8 396.9 387.7 375.6 361 345.5 330.8 317.2 303.1 288.9 276.5 270.3 270.4 270.8 266.7 256.4 246.2 245.1 257.6 282.7 306.1 326.1 345.8 360.2 370.9 381 391.6 406 421.5 435.2
290.3 297.4 301 303.8 307.9 313.6 319.3 325.4 331.6 338.5 346.4 356.4 368.4 381.9 392.2 399.7 406.1 412.4 417.7 422.1 427.6 431.7 433.4 432.1 428.8 423.9 416.7 409 400.6 391.8 382.8 373.7 365.4 357.2 349.6 342.9 335.7 327.7 332.3 343.8 359.2 375.3 389.5 401.1 408.9 413.2 413 409 402.7 394.2 383.6 370.3 355.3 339.9 325.3 310.1 294.7 282.3 278 280.6 284.9 286.5 278.2 265.3 252.2 248.1 256.2 284.4 312 335.7 356.5 373.3 385.1 396.6 409.8 423.1 437 449
281.5 288.3 291.9 294.2 298.9 304.9 311.7 318.2 324.6 333.2 342.5 352.2 362.5 373.4 383.4 390.8 396.3 401.7 406.6 412.4 419.2 424.5 426.8 426.8 423.8 418.6 412.9 405.9 397.4 388.4 378.6 369.8 362.4 355.1 348.3 342.9 336.6 332.9 341.3 353.4 368 382.2 396 406.6 414.4 416.4 414.2 408.2 400.2 390 378.5 364.6 350.1 335.5 321.6 306.1 291.1 285.7 288.9 296 302.3 302.6 289.2 274.6 259.2 251.3 258.2 282.9 312.4 337.7 361.5 379.3 390.6 403.3 419.6 435 446.1 456.8
273.2 278.7 281.3 284.8 290 297.1 304.2 311.5 319.7 329.2 338.4 347.6 357.3 366.1 375.8 381.9 387.6 392.8 397.4 404.6 412.5 418.7 420.6 421.3 420.1 416.1 410.9 403.3 394.7 386.2 376.9 367.6 360.2 353.6 347.9 343.3 339.4 340.3 348.6 361.8 375.3 388.9 401.1 411.4 418 418.5 415.8 408.1 396.7 384.8 372.9 359.2 345.2 332 318.2 303.8 293.8 296 305.3 314.1 320.1 316.1 301.4 284.6 269.2 254.9 259.8 281.8 309.6 336.5 360 378.5 392 407 425.2 440.6 453.4 466.9
263.4 268 269.8 276.4 283.8 290.9 298.9 307 315.3 324.1 333.2 342.4 351.9 360.2 368.1 374.6 380.7 386.5 392 398.9 406.8 413.3 416 418.3 419.4 415.1 409.4 401.3 393.9 386.6 376.8 366.6 358.8 352.8 347.6 344.7 343.4 346.5 356.2 369 381.7 394.1 405.3 414.8 419.6 420.1 416.1 406.2 394 381.1 368.3 355.1 341.6 328.4 315.8 303.2 300.3 308.3 320.7 331.7 338.7 332.3 314.5 295.6 277.9 260.8 260.4 279.3 306.5 332.5 355.8 375.6 392.6 410.2 428.9 446.9 463 476.2
250.6 257 261.8 270.6 279.7 287.8 295.2 302.8 310.7 319.1 328 337.3 346.4 354.4 361.4 368.6 375.6 381.8 388.1 394.9 402.9 410.4 415.1 418.4 419.4 415.2 408.9 401.9 394.7 387.6 377.9 367.1 359 353.3 350.1 348.4 348.1 352.3 363.9 376.3 388.1 398.8 408.9 417.2 421.3 421.1 415 404.2 392.2 379.5 366.5 353.7 339.6 325.9 313.4 306.6 308.7 321.5 336.1 348.4 355.1 347 327.4 306.2 286.5 269.4 262.4 277.6 301.2 326.7 350.6 372.5 392.2 411.4 431.1 450.2 467.6 479.9
238.9 247.1 255.9 265.8 275.2 284.7 292.4 298.9 306 313.9 322.5 331.1 340 348.1 355.6 363.6 371.4 379.1 386.3 394.3 402.2 409.5 417 421.7 422.2 417.3 411.1 404.3 396.8 389.2 380.4 369.8 362.1 357.1 354.5 352.9 353.4 359.6 371.6 383.5 393.4 403.5 412.9 420.5 423.5 422.4 414.8 403.5 391.3 378.9 366.5 353.4 340.1 326.3 315.7 313.5 318.4 331 346.3 359.8 365.7 358 338.2 317.1 296.5 278.6 267.1 275 300.2 324.1 345.4 369.2 390.5 411.4 430.7 447.6 463.1 474.6
232.6 241.7 251.7 261.7 271.3 280.6 288.9 294.6 300.9 307.9 316 325 334.7 343.3 352 360.8 369.7 378.6 387.2 396.3 404.2 412.4 421.5 427.7 426.7 422.1 415.4 407.7 400.1 392.4 383.3 373.9 367.3 363.4 360.9 359.5 360.8 367.5 379.1 390.1 399.3 408.3 417.6 423.9 426.4 424 415.3 403.8 391.9 379.5 367.1 354.6 341.7 329 321.2 321 326.2 338.4 353.4 366.3 371 365.8 349 327.9 307 288.7 274.6 272.4 297.6 322 344.4 366.6 388.4 409.7 426.5 441.9 456 466.7
229.5 239 248.3 257.4 265.6 273.5 280.5 285.5 292.4 302 312.2 322.5 332.2 341.1 350.4 360.1 370.1 379.6 389.5 398.6 407.9 416.6 426.5 431.9 431.3 426.7 419.9 412.6 404.9 397.5 389.5 381.2 377.3 374.2 371.3 369.3 370 375.5 386.5 396.4 405.3 414.4 422.6 427.2 429.3 425.4 415.4 404 392.4 380.1 367.8 355.2 343 331.8 327.3 328.8 333.1 344.7 359.4 369.9 374.1 372.4 359 338.3 316.7 298 282.7 274.3 293.4 317.1 341.6 364 385.9 406.3 421.5 435.9 448.5 457.9
229.1 235.5 244.1 252 258.8 264.2 270.7 280 290.1 300.8 311.6 321.8 331.4 341.4 351.4 361.4 371.5 381.7 391.6 401.9 411.6 422.2 431.2 436.5 434.8 430.1 424.1 417.4 410.4 404.2 397 392.7 389.6 386.7 383.8 381.1 380.5 384.2 393.4 403 412.3 421.4 427.5 431.7 431.9 425.7 414.8 403.8 392.6 380.8 368.6 356 344.5 336.3 335.8 337.5 340.5 351.6 364.4 373 377.8 376.9 367.5 348.1 325.4 306.3 291.6 279.7 288 310.7 334.2 357.8 380.1 399.3 415.1 427.6 436.4 443.6
236.5 238.7 241.7 246.1 252.4 262.5 272.4 282.7 293.1 303.3 313.1 323 332.8 344 354.7 364.8 374.9 385.2 395.9 405.9 415.9 426.1 434.8 438.7 436.4 432.1 427.2 421.8 416.8 411.9 406.1 404 402.1 399.3 396.4 394 392.1 394.7 402.4 411.7 421 428.3 433.8 436 434.8 426.2 415 404.3 393.3 381.6 369.7 357.9 348.8 346.7 347.7 348.7 349.9 356.7 369.5 377.8 382.9 381.3 374.4 358.8 337.7 317.2 302.9 290.2 284.4 300.8 324.7 349.7 368.9 386.2 401.3 412.1 418.2 421.8
241.9 244.4 248.7 254 259 266.1 276 286.5 297.1 306.7 315.6 324.8 335.7 347.4 358.2 369 380.1 390.3 400.8 411.1 420.6 428.5 434.8 437.7 436.4 433.4 430.1 426.9 422.9 419.2 416.6 415.8 414 412 409.8 408 406.2 406.1 412.8 421.5 429.4 435.3 439.7 440.7 437.6 428.5 417.1 405.7 394.5 383.1 370.8 363.1 360.9 363.3 365.1 365.9 365.8 366.7 376.5 384.3 388.4 387.4 381.8 369.8 351.2 332 315.9 304.3 292.6 294 316.4 336.5 353.1 370.6 383.3 393.1 397.3 401
247.3 251.7 257.1 263.6 269.2 274 281.2 290.5 300.9 309.7 318.4 330.4 342.6 352.8 363.2 375.2 385.4 395.3 406.7 416.5 422.7 428.3 431.9 433.6 434.5 434.1 432.7 431.7 429.7 428.3 427.9 427.8 427.7 427.5 426.7 424.4 419.9 418.5 423.7 431 437.5 442.8 445.6 445.6 441.8 432.4 420.4 408.9 397.6 385.1 375.6 375.2 376.6 379.4 383 384.1 383.2 381.8 385.7 391.6 395 393.7 389.5 379.8 366.3 347.9 329.8 315.6 306.1 299.7 305.2 323.5 339 354.4 365.1 372.6 377.3 388.7
253.9 260.5 268.4 276.2 282.4 286 290.6 297.2 306.3 315.7 325.9 337.6 346.7 357.7 369.8 380.8 390 398.6 407.6 415.3 421.2 425.5 428.4 430.6 433 435.5 436.7 437 436.8 436.7 437.4 438.4 439 439.4 439.1 437.3 433.4 430.5 434.3 440.5 446.5 450.2 452 451.4 445.8 437.3 427 415.6 403 389.4 381.4 385.2 389.7 395.6 399.7 401 400.7 399.5 398.4 400.2 401.7 400.7 396.6 389.9 379.7 364.1 344.2 326.4 315.3 307.8 301.8 311.2 326.3 338.5 350.5 355.9 365.5 382.1
260.2 267.7 276.2 284.7 291.3 297.3 302.1 305.6 312.2 322.4 332.1 340.5 351.4 363.6 374.5 383.9 393.9 399.1 406.5 413 418.1 422.1 424.7 427.7 432.1 436.1 439.4 441.3 442.3 444.4 446.7 448.3 449.6 450 449.8 448.2 445.9 444.1 447.3 452.6 456.1 459.1 460.6 459.4 453.1 444.9 434.9 422 407.3 393.5 389.6 397.7 405.3 410.1 412.5 412.5 410.7 409.7 408.1 408.3 408.3 406.7 402.9 397.2 388.6 375.4 358.5 339.3 324 316.1 310.7 307.6 313.9 326.6 336.1 347.1 358.3 375.2
265.4 270.8 279.5 288.8 296.6 303.5 308.5 314 320.6 328.2 336.1 345.4 357.1 367.4 375.8 382.2 390 396.8 403.3 408.5 413.5 417.5 420.7 425.7 430.9 436 440.6 444.3 447.9 453.3 457.7 460.3 462.1 462.4 462.3 460.6 459 458.9 460.4 463.7 467.2 469.3 470.5 468.9 462.8 453.3 441.4 426.6 410.5 398.7 404.6 413 419.2 423.3 424.4 422.5 419.4 416.5 415.9 415.6 416.1 412.7 408.4 401.8 391.8 380 365.8 348.9 332.8 324.2 319.6 317.5 316.4 316.5 325.7 341.5 350.2 365.9
268.2 272.5 280.9 291.6 300.9 307.4 311.4 318.3 325.2 332.8 340 348.5 358 367.2 375.5 381.7 387.8 393.4 398.3 403.7 408.1 412.6 417 422.8 429.3 435.5 441.1 446.3 452.7 460.9 468 473.2 475.5 476.6 476.1 474.2 472.8 472.9 473.6 476 478.4 480.1 480.5 479.4 475.4 464.8 448.7 432 414.9 411 421.8 428.2 433.2 436.3 436.1 432.6 427.8 425.1 424.3 423.6 421.8 418.8 413.2 404.9 394.3 382.5 369.8 355.4 341.5 334.9 330.8 328.4 327.3 324.5 322.1 330.7 342.1 350.6
267.9 273 281.3 292.5 304.2 311.1 316.3 321.6 328 335.5 343.9 353.4 362.5 369.9 376.1 381.8 386.8 391.5 395.5 399.7 403.7 407.9 413.6 419.9 427 433.7 440.6 447.7 456.6 466 474.9 482.7 487.4 489.9 489.5 487.5 485.8 485.9 486.3 488 489.1 490.2 490.6 490.8 486.8 475.6 459.6 438.9 424.5 429.8 436.9 442.2 446.1 448 446.8 442.2 437.4 434.5 433.5 431.9 429.6 424.9 418.1 409.8 398.1 385.8 373.2 360.3 350.8 346.7 343 338.6 334.9 332 329.5 329.6 337.6 351.7
265.2 273 280.3 292.1 305.6 312.9 318.1 323.2 330.1 339.6 348.4 358.1 367.9 375.5 380.8 385.4 389.4 393 395.3 398.4 401.9 405.9 410.9 417.7 424.8 432.1 439.7 448.4 458.3 469.1 480.1 489.5 496 498.7 499.1 497.9 498.4 498.2 498.8 499.7 500.3 500.8 501.3 500.5 494.7 482.9 465.1 447.2 445.4 449.6 452.1 455.4 457.7 458.6 456.8 452.8 448.4 444.8 443.3 442.1 437.2 430.2 423.2 415 403.4 391.5 378.7 367.3 361.5 358.7 356.2 350.1 344.2 339.7 336.6 335.1 347.5 369.1
264.9 271.6 280.1 291.3 301.8 311.9 317.7 324 333.4 343.4 353.4 363.4 373.3 381.1 387.5 391.4 394.5 395.2 396.4 398.5 401.6 404.9 409.3 415.5 422.7 430.6 439 449.5 460.9 472.1 483.6 494.5 501.2 505.2 507 508.9 510 511.5 512.5 513.5 513.4 513.7 512.9 509.5 501.3 490.4 476.1 469.5 467.2 465.3 466.2 467.9 469 468.4 466.5 463.4 459.9 457 453.4 450.7 443.4 435.6 428.3 420.6 409.5 397.5 385.8 377.1 372.8 370.3 367.7 361.2 354.7 349.8 345.6 342.4 360.3 383
265.1 272.9 280.8 289.9 300.7 310.7 316.9 325.6 336.6 347.1 358.3 369.1 377 383.9 390.1 392.9 394 394.6 395.3 396.9 400 403.4 408 414.1 420.4 428.7 439.2 450.7 462.4 474.2 486.1 496 504.5 510.6 513.8 517 520.5 523.5 526.2 527.2 527 525.6 522.3 515.6 506.8 497 488 481.6 478.9 478.7 479.2 479.1 478.8 478 475.8 473.2 470.1 466.8 462.3 456.8 449.2 441 433.3 425.7 415.7 403.8 393.5 387 384.2 381.8 379.6 372.6 364.5 358.7 353.2 350.1 370.3 390.9
266.1 273.2 281.3 290 300.7 310 319.6 329.3 340.5 351.3 362.7 372.2 378.3 382.6 386.8 388.7 389.7 390.4 389 389 396.5 402 407.5 413.9 419.6 428.2 439.5 450.9 462.5 474 485.8 496.8 507.1 513.1 517.6 524.1 529 534.8 539 540.9 539 534.9 528.5 519.8 510.7 503 496.2 492 490.1 488.8 488.9 487.4 487 485.6 483.8 480.2 478.1 472.9 467.8 462.1 455.1 446.7 438.9 432.1 422 410.5 402.6 398.7 395.7 393.3 391.3 384.1 374.7 366.8 360.5 356.3 371.6 393.1
267.3 272.8 280.8 291.4 302.4 312.3 322.4 333.7 343.5 353 361.8 369.3 374.8 377.1 379.3 381.6 382.8 379.7 372.8 376.1 390 400.4 406.6 412.9 418.5 428.2 439.4 450.8 462.3 473.7 485.2 496.7 507.5 515 522.4 530.5 538.5 544.9 549.8 550.8 547.8 541.7 532.1 522.4 513.8 507.7 503.1 500.1 497.7 496.4 494.2 493.2 491.9 489.2 486.5 483.9 481 476.6 471.7 466.3 459.5 452.5 446.4 439.7 428.9 419.1 414.5 411.3 408.4 405.9 403.2 395.6 385.1 375.8 369.5 365.4 374.1 399.7
268.7 273.1 281.9 292.4 304.5 316.7 327.1 335.4 343 350.3 356.5 361.8 365.2 367.2 369.1 371.1 371.2 362.5 355.6 363.6 380 395.6 404.6 410.7 417.1 427.5 439 450.6 462.1 473.5 485 496.8 508.2 517 526.7 536.6 546.8 552.8 557 556.8 552.5 543.8 534.1 524.4 515.4 509.5 505.2 502.2 500.5 499.1 496.9 494.9 492.3 489.1 485.1 482.6 479.9 476.7 472.4 467.6 462 457 452.4 445.7 437 431.2 427.6 424.4 421.2 418.3 415.4 407.9 397.8 388.2 382.1 377.1 377.4 400.9
266.3 269.6 280.7 292.8 306.1 320 327.4 332.9 338 343 346.7 349.9 352.1 353.8 355.6 356.9 355.4 345.1 339.7 353.8 372.2 388.9 400.3 408 415.3 426.2 438.1 449.8 461.5 473 484.5 497.1 508.6 518.3 529 540.6 551.3 557.7 561.2 559.9 554.1 544.2 535.1 526.1 516.3 508.6 503.3 499.1 495.8 494.7 493.9 491.9 488.6 484.9 481.3 478.5 476.2 472.9 469.1 465.7 462.9 460.3 456.5 451.2 447.7 444.4 440.6 437.3 434 430.7 427.5 421.4 412.4 404.4 397.7 391.6 388.4 397.7
258.6 258.9 272.4 288.3 300.8 313.6 320.7 323.8 327.1 330.5 333.3 334.8 336.1 337.4 338.7 339.5 336.2 325.9 326 346.9 366.3 381.8 391.8 401.1 411.7 423.8 435.9 448.3 460.4 472.4 484.2 497.5 509.7 519.6 530.1 542.7 553.8 560.6 563.9 561.8 554.9 546.1 537 527.9 518 506.7 498.2 492.5 487.1 485.3 484.7 483.6 481.6 478.1 474.4 471.6 469.2 466 462.1 459.9 459.8 460 458.4 456.9 456.1 455.2 453 450 446.6 442.9 439.6 434.2 429 423.5 417.4 411 407.3 410.2
248.7 248.9 263.8 280.8 293 300.7 306.6 310.2 313.1 315 316 316.2 317.1 318.2 319.8 319.3 313.8 307.2 322.3 343.3 360.1 371.8 381.1 393.6 407.8 420.4 433 446.2 459.5 472.4 484.9 498.4 511 519.8 530 542.6 554 561.6 565.1 563.2 557.2 548.2 538.3 529.2 519.1 504.4 491.5 482.7 476.5 474.1 473.4 472.6 471.6 469.6 465 461.5 458.9 455.8 451.6 451 453.1 454.4 458.5 460.6 462.5 463.4 463.1 461.6 459.2 456 452.6 449.4 445.3 441.5 437.3 432.2 428.9 429.5
237.5 239.2 254.1 269.1 280.7 287.6 291.4 293.7 296.1 296.3 295 295.2 296 298.6 300.2 298.4 292.6 304 322.5 341 352.3 360.4 371.3 386.9 402.4 416 429.6 443.6 457.3 471.5 485.3 497.9 509.6 519.6 528.8 541.4 552.5 560.9 565.4 564.2 559.4 550.8 540.1 530.4 519.8 504.3 486.1 472.6 465.5 462.8 461.9 461 460.4 459.6 455.4 451.3 447.8 443.2 436.6 436.6 438.1 444.5 454 462.2 467.5 470.7 471.9 472.5 471.5 468.4 465 462.3 458.6 454.8 452.3 449.8 445.9 446.7
223.5 227.6 241.3 255.1 266.8 273 274.5 275.9 277 276.2 275.4 274.6 276 279.1 281 278.3 287.1 304.3 321.5 332.7 340.4 350.2 364.6 380.4 395.9 410.8 424.8 439 453.6 468.2 483.7 495.7 506.6 517.1 527.8 540.1 550.8 558.9 564.8 565.5 561.4 552.6 541.5 530.4 519.2 504.6 485.4 467 455.3 451 449.9 449 448.6 449.3 445.9 441.3 436.2 428.9 416 413.9 422.7 433.4 445.4 458.9 470.3 477.1 480 481.5 481.2 479.8 476.5 474.5 470.5 467 464.9 462.9 460.1 460
211.6 217 229.6 242.8 253.3 256.6 257.2 257 256.7 256.3 256.5 256.1 256 258.9 261.7 268.2 284.9 300.4 313.1 319.5 327.2 340.3 354.4 370.2 386.6 403.5 418.6 433.4 449 463.7 478.1 489.9 501.1 513.2 525.7 536.8 547.2 555.5 562.4 565.1 561.5 553.2 541.6 529.9 518.4 504.8 485.6 465.9 448.6 439.4 436.9 436.5 437.1 438.2 435.4 430.8 424.5 412.3 398.8 397.1 410.7 425.4 440.6 456.2 470.5 481.4 485.8 488.2 489.8 490 487.1 485.1 482.4 478.8 476.1 474.7 472.6 471.2
