WholeMapElevations/data/nn/nn94_OST50GRID_20230518/NN94.asc
ncols 200
nrows 200
xllcorner 290000
yllcorner 740000
cellsize 50
[rows 0 to 34 of 200, columns 79 to 157 of 200]
296.7 298.1 298.2 300.4 302.1 298.4 306.3 307.1 311.6 314.7 318.4 322.7 324.3 330.4 337.1 345.7 354.3 359.1 358 362 366.9 371.3 377.2 385.9 391.2 396.4 393.7 397.3 398.1 392.7 382.3 381.7 387 394.3 395 384.2 382.5 379.4 375 370.4 367 360.4 352.6 343.3 333.7 322.4 314.2 301.9 289.9 272.5 264.2 263 265.5 269.7 273.1 271.6 260.7 260.1 260.1 263 265.2 266.6 260.6 261.4 264.9 263.8 261 261.2 257.6 245.1 241.4 238.5 240.3 241.4 241.1 239.1 237.2 230.6 228.5
299.3 302.5 303.2 305.2 308 307.9 310.8 311.9 313.1 318.3 321.5 325.6 329.8 330.9 342.9 350 354.6 358.1 358.8 365 372.2 377.6 382.3 389 399.8 404.9 407.8 413.6 409.7 402.6 387.8 387.6 390 398.5 394.1 385.7 382.1 377.7 373.1 367.1 366.3 360.9 353.4 344.4 336.1 326 318.4 307.7 291.3 275.9 267.9 267.1 274.2 272.7 274.6 273.4 269.2 261.7 263.9 263.9 267.3 269.3 264.6 266.7 270.1 268.2 265.3 261.7 256.4 251.4 248.7 248 241 247.9 242.9 244.2 245.5 240.4 230.2
302.9 305.2 307.4 307.8 311.1 312 310.9 316.6 317.9 321.3 324.9 328.8 332.2 333.3 343.3 352.1 354.4 355.9 360.3 367.7 376.9 381.4 386.6 395.6 405.8 414.2 421.2 425.7 423.5 409.3 398.6 381.4 386.7 397.4 393.3 389.3 379.8 376.6 371.2 365.8 358.3 352.5 350.5 345.5 338 325.3 319.7 310.1 293.4 278.6 273.2 273 274.1 273.4 274.7 275.5 273.5 263.3 266.5 268.2 269 269.1 268.4 267 270.1 271.5 267.7 261.2 262.4 253.7 255 255.9 256 246.3 250.6 249.3 247.6 244.9 236
306.4 308.4 309.9 311.6 312.5 315.1 316.7 315.9 322.4 324 327.6 331.4 335 337.3 341.7 349.4 352.8 356.2 361.6 367.5 374.6 380.7 389.1 399.2 411.8 421.4 433.6 429.9 424.4 417.9 406 387.8 380.4 390.6 395.1 382.3 378.3 373.1 369 363.4 354.7 348.5 341 336.3 331.9 323 317.6 305.7 293.9 284.1 278.1 276.1 273.9 274.8 276.9 279.4 275.7 267.1 267.5 267.5 268.4 268 269.7 272.5 267.8 270.5 265.7 268.5 266.3 256.4 258.6 263 263.6 249.3 252.5 250.1 249.5 247.4 240.3
309.2 311.6 312.4 313.7 314.5 317.2 319.5 322.7 322.9 328 329.8 333.4 337.1 340.6 341.6 348.3 352.9 357.9 363 368.2 372.8 379.8 387.6 402.9 410.1 423.5 433.9 432.8 425.2 416.8 401.6 389.7 376.6 376.8 383.8 379.6 374.2 367 365.4 360.6 353.1 346 338.6 331.8 324.5 317.6 310.8 304.3 297.3 289.5 280.1 278.5 281.6 282.2 284.8 286.4 279.2 270.5 267.5 267.5 267.5 267.5 271 275.3 270.4 269.3 270.8 272.3 273.1 262.8 262.9 263.9 265.7 265.8 248.3 253 247.1 247.9 236
308.8 314.6 316.1 317.1 317.2 320.2 323.7 327.4 328.7 331.3 333.6 335.6 339.1 343.1 346.4 350.3 353.7 357.4 364.6 369.3 373.3 382.8 384.9 397.9 407.6 424.2 426.8 428.7 425.5 413.8 401.2 381.9 374.2 372.4 371.7 374.2 370.9 364 358.8 354.8 349.1 342.9 334.6 328.7 321.1 316.3 312.1 304.4 295.8 290.4 283.1 283.1 285.4 291.4 296.3 295.3 286.9 273 267.5 267.5 267.5 267.5 267.5 271.3 276.7 276.8 277.4 277.7 271.1 273.3 272.3 263.5 270.7 267.4 263.2 251.4 249.3 244.9 243
314.8 316 318.6 320 319.9 324.1 330.2 332 333.5 335.4 337.5 339 341 344.8 349.1 352.7 355.6 358.2 365.3 370.8 376 385.3 386.3 399.7 407.5 421 425.6 421.5 422.7 402.7 387.8 375.9 372.3 368.9 365.8 368.4 366.2 363.1 357.5 353 349.5 342.6 333.1 320.1 315.5 312 305.1 300.9 293.2 288.4 287.2 289.4 290 292 301.5 301.1 289.7 276.1 267.5 267.5 267.5 267.5 267.5 271.2 280 285.5 285.1 284 271.6 278.6 275.1 272.6 268.1 275 264.6 256.3 255.3 248.6 246.2
321.3 321.7 322.4 322.5 324 327.9 332.7 334.9 336.5 338.3 341 342.7 344.2 346.4 350.8 354.7 357.6 360.4 365.8 373.4 380 384.5 387.2 400.2 410.2 415.4 427.7 420.7 417.4 401.2 387.6 378 379.1 368.7 365.2 364.6 363.9 362.2 361.2 360 352.6 345.5 331.4 320.3 316.3 313.1 310.9 306.2 294.2 291.5 292.5 295.6 289.5 292.5 298 298.9 293.1 281.7 271.4 267.5 267.5 267.5 267.5 270.2 281.6 292.4 288.2 279.6 274.7 280.7 283.6 280 269.9 272 273.5 268.2 265.5 256.2 249.4
327.5 329.2 328.4 325.2 327.1 330.6 335.9 338.4 339.4 340 344.2 346.3 348 349.7 352.7 356.6 360 363.4 367 371.8 381.9 384.5 388.8 402.3 416.8 417.5 416.1 419.3 406.4 396.1 381.6 373.6 374 367.7 364.5 363.4 365.4 367.2 365.3 362.8 355.9 342.1 327.5 322.9 317.9 316.2 318.6 314.5 300.1 299.2 299.1 297.7 292 290.9 291.1 293.9 293.5 285.4 275.5 268.6 268.1 268 269.6 272.4 285.6 293.8 292.7 295.1 291.4 289 283.6 283 277 278.6 279 276.2 267.7 261 255.4
333.8 335.3 335.1 332.7 331.5 335 338.4 342 342.2 342.5 346.8 350 351.8 353.4 355.5 358.9 362.4 366.2 369.1 372.4 377.9 385.4 392.8 401.2 415.2 422 418.8 411.5 404.2 384.6 373.8 370.1 368.8 370.8 368.1 362.6 364.3 368 368.9 364.9 353.8 340.2 335.6 330.1 330.1 325.9 329.4 324.1 307.2 302.4 300.2 301.3 292.7 289.6 287.6 287.5 287.3 283.8 275.7 269.6 267.5 268.4 274.2 278 286.2 294.5 296.7 302.8 295.5 297.7 296.5 288.8 289.3 277.5 285.2 282.9 270.4 260.2 249.4
339.2 339.9 339.8 338.3 337.9 338.2 341.4 344.2 346.4 345.7 347.8 352.4 355.3 357.1 359.1 361.4 365.1 368.8 371.8 374.6 378.7 384.9 392 404 417.1 426.5 423.8 414.9 394.5 376.9 373.3 372.4 366.2 368.2 363.1 361.7 361.7 365.5 370.1 361.3 352.4 349.2 345.3 341 343.8 337.1 334.8 327.1 318.1 309.9 302.7 298.2 295.9 294.1 285.7 285.9 281.3 278.6 276.5 269.4 267.8 268.7 278.7 283.4 287.2 293.9 294.8 303.8 305.6 307.4 309.6 301.2 296.7 288.5 279.7 290.5 282.7 264.9 239.4
343.9 344.7 344.9 344.2 342.1 342.2 344.3 348.5 349.4 348.1 350.2 352.2 357.5 360 362.2 364.6 367.4 371.1 374.7 377 381.6 388 393.8 407.8 417 423.6 431.8 412 389.8 371.6 365.9 365.8 363.4 362.5 361.8 361.7 361.3 362.4 363.6 359.7 353.7 359.4 354 355.6 354 348.4 340.7 332.6 328.7 319 309.5 305.4 299.4 292.4 285.6 281 278.7 277.6 282 277.1 270.8 268.4 278.7 287 289.6 293.1 296.4 306.9 318.6 321.3 313.9 311.6 302.2 299.8 282.5 284.9 282.3 260.3 228.7
349.4 349.7 349.4 349.5 347.1 346.5 346.7 350.2 352.8 351.8 353.3 356.6 359.5 362.3 365.4 367.9 370.6 373.6 377 379.4 383.6 390.5 401 410.5 415.8 422.9 418.4 402.3 387.7 373.4 364.9 364.4 363.2 364.2 364.3 363.4 362.1 359.1 357.7 356.5 360.1 366.7 366.5 364.8 359.5 355.5 349.6 337.9 331.6 323.1 314.1 306.2 296.9 289 282.6 280.1 278.3 278.6 282.4 278.7 269 268.7 278.1 284.1 289.9 297.6 300.4 310.1 321.2 327 320.1 317.6 308.3 301.7 288.8 269.2 270 252.4 229.1
353.7 355.2 355.7 354.3 352.5 351.4 349.6 351.7 354.4 355.1 355.6 360.2 361.9 363.9 367.6 370.8 373.9 376.8 379 381.8 386.2 393.9 407.4 411.5 417.4 417.5 416 392.8 385.4 382.9 372.5 366.4 365.4 365.7 368.2 364.7 362.8 359 359.6 360.8 367.5 370.4 373.8 369.2 364 361.8 353.9 345.1 336.4 334.6 321.4 306.9 294.9 286.2 282.2 283.9 278.8 278.5 280.9 278.1 270.9 268.7 275.3 283.6 292.5 300 305.6 311.1 320.7 327.9 327.6 314.4 315.9 300 291 282.9 265.9 266.5 245.8
357.6 360.7 362.2 359.3 360.2 355.8 352.6 355.5 356.6 357.9 359.7 364.1 364.9 366 369.2 373.7 376.9 380.2 381.8 383.5 389.9 397.8 408.7 415.9 416 419.5 413.3 388.9 383.3 382.4 376.6 369.9 365.8 365.1 366.3 365.5 363.5 362.4 363.4 363.7 371.1 374.7 372.8 367.2 366.6 364.1 358.6 350.6 345.1 337.5 327.7 314 296.3 286.4 285.9 284.4 282.9 283.7 284 278.8 275.2 277.4 270.1 285.3 298.6 301.2 308.7 315.8 318.3 325.8 331.7 321.7 305.4 304.4 303.3 287.9 270.2 273.8 259.3
359.7 364 367 365.4 364.6 362.2 356.2 358.4 358.5 359.5 362.9 365.3 367.6 368.5 372.1 376.4 380 383.5 385.9 387.9 393 403.3 413.5 422.8 420.8 422 412.6 388.3 384.5 379.2 375.1 369.7 367.4 366.4 368.7 369.5 369.6 371.5 368.4 370.2 373.2 372.3 370.1 371.1 368.2 365.4 360.7 357 344.9 338.1 330.8 315.7 301 289.5 287.2 286.9 287.2 286.9 285.9 285.6 281.9 283.6 274.4 281.4 293.7 300.9 309.5 317.6 323.5 321.5 323.4 326.8 311.4 309 298.6 294.3 274.5 279.9 271.7
361.5 365.9 368.9 369.4 369.2 365 359.3 361.7 360.8 362.8 366.8 368.7 368.7 370.4 374.3 379.7 383.4 387 389.7 392 397.8 408.2 420.6 424.4 428.5 417.1 400.4 390.6 386.7 381.1 374.2 372.2 369.6 370.4 372.5 375.3 378.9 380.9 375.4 374.9 375.4 372.9 370 372.5 372.6 370.1 367.8 356.5 344.1 335.1 324.9 311 299.9 294.2 295.3 292.1 291.7 293.2 292.3 291.2 288.7 283.2 275.6 279.6 285.9 295.2 309.8 322.9 328.5 324.7 325.7 325.6 311.9 306.9 309.9 301.2 291.1 264.2 260
365.2 367.7 370.8 373.6 374.9 368.5 365.7 366.5 364.8 366.5 369.8 371.4 371.6 372.2 376.7 382.5 386.7 389.8 393.2 398.8 406.1 413.6 424.5 430 432.9 427.3 397.1 394 390 385.1 377.3 371.9 373.7 375.1 378.1 381.6 386.1 390.8 382.4 377.6 376.9 371.5 370.6 375.9 381.2 379.8 374.1 356.7 341.1 328.8 316 308.8 307.7 302.1 301.5 299.3 299.8 300.1 295.4 295.1 291.9 284.2 279.1 274.5 279.5 287.9 307.4 325.4 328.6 330.1 327.3 323.1 308.2 307.4 313.9 313.5 303.5 265.2 242.6
367.8 369.5 373 376.7 378.1 371.8 373 371 368.6 370.7 372.5 374.3 375.4 378.1 382 385.9 390.1 393.8 398.1 406.2 413.4 416.6 422.7 429.6 434.2 424.4 404.8 394.7 394.3 390.8 383.9 372.9 375.2 379.2 385.1 390.4 398 392.2 390.8 378.7 377.1 377.1 374.4 376.7 384.3 385.4 374.2 353.7 334.1 324.3 320.4 316.5 312.4 302.8 304.5 304.5 305.5 307.8 306.1 299.5 296.8 286.6 279.1 275.8 275.4 282.1 302.5 314.6 330.9 329.7 331.2 327.2 300.8 313 310.9 313.1 289.8 261.4 235.5
374.3 375.4 375.9 378.8 379.6 375.6 376.3 376 373.9 375.9 376 376.5 377.4 381 386.2 389.5 392.6 398.3 403.6 412.6 423 424.1 424.2 428.1 432.4 425.9 417.6 399.8 394.4 394.2 383.9 376.7 374.4 379.7 386.7 392.6 399 400.1 394.5 385.4 386 382.9 383.4 388.6 381.7 378 375.1 366.3 342.6 332.9 326.6 324.4 317.2 309.8 309.3 309.4 310.9 314.9 313.3 299.6 291.6 293.2 288 278.8 277.1 278.2 288.4 305.5 320.5 330.8 326.6 311.8 297.7 290.4 292.2 286.5 280 259.3 234
381.2 381.2 382.5 383.6 382.6 380.2 378.7 382.5 382.4 380.4 380.1 380.9 381.1 383.7 388.9 392.4 394.7 403.3 410.7 419.5 430.7 435.1 428.5 423.8 429.9 421.6 425.6 410.7 397.7 392.9 387.1 381.3 376.2 381.2 388.4 395.3 396.1 401.2 398.2 389.9 388.9 391.6 384.6 383.3 381.7 383.8 378.8 366.1 350.1 339.8 333.7 327.4 319.9 317.7 313 312.6 316.3 319.5 313.9 303.7 300.7 301.3 294.4 284.6 284.1 284.5 283.5 292.3 305.5 316.5 312.4 302.7 294.3 287.7 281 274.6 267.9 257.9 239.4
383.2 389.7 389.5 391.1 387.1 384.9 383.9 387 389.2 386.4 389.5 386.4 386.7 387.6 390 394.4 400.5 407.2 417.5 425.7 434.6 443.9 446 426.8 422.8 420.3 419.8 410.2 400.2 392.6 386.4 382.4 380.7 382.3 392.9 401.8 398.9 397.4 398.2 397.6 391.1 388.3 385.5 383.7 386.4 393.5 390 369.4 356 349 341.4 335.5 327.4 325.3 322.6 320 322.4 324.4 317 322.7 314.8 312.5 300.6 297.7 290.9 286.9 286.6 282.8 292.5 296.6 299 297.7 294.6 288.2 282.8 271.3 259 254.5 242.2
386 393.3 396.1 396.9 392.1 390.1 391 392.5 393.6 393.8 394.2 394.9 392.1 392.3 394.2 398.9 406.2 411.8 422.6 430.9 436.9 451.2 449.6 438.4 424.1 420.1 418.5 410.7 400.5 395.1 386.1 383.7 384.9 385.7 396.5 399.8 396.8 394.7 394.9 396.6 392.4 391 394.3 399.6 398.1 399.1 391.1 375.9 365.4 361.6 359 348.3 344.9 334.6 332.5 330.1 330.6 327.6 329.4 328.9 324.5 314.4 306.8 304.9 300.8 286.2 287 282.2 283.4 288.5 287.5 288.5 288.7 287.2 281.5 274.8 258.9 249.2 245
388.4 393.8 399.6 399 397.4 394.9 395.2 399 400.4 399.8 398.7 399.8 398.7 398 399.5 404.7 413.9 418.7 427.6 435.9 440.7 449 452.1 442.8 433.3 422.8 423.2 419.3 399.1 394.8 387.4 385 387.2 389.2 389.9 391.5 391.9 393.1 394.8 394.9 395.6 399.7 406.7 410.1 413.9 406.9 394.5 384.5 384.1 384.7 382 361.8 353.2 344.9 341.3 342.5 339.4 335.1 337.5 336.6 326.5 314.1 311.1 311.3 304.8 290.6 284.5 282.7 280.6 281.6 281.6 279.9 283.7 285.6 281.1 272.7 258.9 253 249.1
391.2 397.1 400 402 401.9 399.6 399.5 402.5 406.5 409.6 409.1 405.3 405 406.2 407 408.5 417.7 425.5 431.5 439 446.1 450.5 454.1 453 442 437 431.5 415.3 404.5 397.5 395 386.3 386.4 390.7 391.8 392.1 391.9 392.9 394.5 398.7 403.5 411.9 420.6 418.7 423 410.8 396.6 398.7 397.4 401.4 400.5 378.8 368.4 352.3 348.7 351.4 351.5 345.7 346.1 337.6 327.1 314.5 311.5 310.7 304.9 295.3 288.4 283 280.4 278.5 279.1 277 277.5 280.1 279 270.1 259.9 254 252.9
394.3 398.9 401.8 404.2 404.7 402.9 403.4 405 411.1 416.4 418.4 416.3 413.4 413.7 414.6 416.8 421.4 430.2 436 441.4 450 455.2 462 460.7 455.5 445.3 435.7 421.7 401.4 400.6 400 394.2 389.5 391.6 396.7 395.8 394.1 393.6 397.5 405.1 411.9 418.8 418.4 420.4 417.1 408.6 404.8 414.2 416.1 411.6 411.3 390.4 380 364.4 354 357.4 364.1 354.3 352.6 344.6 327.7 316.2 311.8 311 307.6 296.7 291.4 284.9 281.8 277.9 276.1 275.2 273.6 274.1 273 267.8 257.9 253.7 255.1
397.3 400.7 404.2 408.4 411.8 415.2 416 411.6 412 421 424.7 423.9 423.5 421.7 420.5 425.1 430 434.9 439.8 445.1 451.2 462.7 469.4 474.3 464.6 456.6 428.8 414.5 407 404 402 400.4 396.6 394.7 399.5 400.8 401.3 402.5 407.2 412.9 419.9 421.7 420.8 418.4 417.5 413.7 419.4 423.2 424.5 418 417.5 396.6 390 364.9 359.2 362.1 369.1 368.5 357.1 350.8 326.7 318 313.6 311 309.2 297.2 296 291.2 285 280.4 276.1 273.5 272.2 272.9 270.7 265 263.7 254.8 252.7
400.6 403.6 409.5 416.2 424.7 430 429.5 423.8 418.8 418.7 426.9 430.2 429 427.1 429.1 434 436.5 440.2 444.2 449.3 453.6 467.8 472.8 475.1 473.2 459.3 437.5 426.4 415.3 406 405.7 403.6 401.9 399 401.3 407.4 408.3 409.3 414.5 420.1 428.1 426.7 420.7 419 419.6 419.5 425.7 428.7 428.9 424.8 426.8 406.2 392.5 371.4 368.6 371.2 372.9 372.7 364.7 350.7 327.3 320.3 316.4 311.5 305 298.2 298.4 294.4 288.7 283.1 278.3 274.7 272.4 270.4 270.9 266.1 262.3 256.1 252.3
403.5 406.5 411.9 418.8 428.2 436.5 436.7 435.3 426 424.2 425.1 431.1 432.7 429.6 432.6 439.6 441.9 447.1 445.9 454.8 458.2 465.1 473.7 471.7 473.2 458.1 446.8 436.3 424.4 413.1 405.5 405.3 405.8 405.9 413.3 416.4 413.6 416.3 417.4 427.3 428.4 426.3 428.6 427 428.9 421.5 427.5 436 435.1 431.4 431.7 411.7 386.8 379.1 378.2 377.9 385.6 377.9 367.4 344.8 330.7 324 320.3 314.3 303.6 299.5 295.8 294.4 290.4 284.1 279.6 277.9 273 268.5 267.9 266.6 262.3 256.1 255.4
406.8 409.3 414.9 420.3 430.1 440.1 444.3 450.4 446.2 430.4 428.6 430.8 434 432.9 436.6 442.8 448.7 451 448 455.9 461.9 469 476.3 473.9 468.1 459.3 447.3 440.8 427.4 415.5 405.6 406.5 408.9 415.7 420.1 419.1 417.8 421.2 422 427.7 427 426.4 429.9 431.6 427.3 424.3 426.8 432.9 435.2 431.8 421.4 410.5 389.7 380.1 383.3 387.7 387.6 371.4 355.9 345.4 335.3 327.5 322.9 314.8 306.7 302.4 296.1 292.3 288.9 284.7 281.6 280.8 277.3 271 267.3 264.9 267.2 260.7 258
409.6 412.7 417.6 423.1 433.7 443.4 453.9 458.4 458.5 446.2 434.1 432.9 434.2 436.1 438 447.5 451 453.7 451.9 455.2 464 473 478.9 477.8 475.2 458.5 447.9 436.6 423.6 415.7 406.2 407.7 416.6 416.8 421.8 426.8 420.9 422.2 422.6 424.9 424.1 425.7 427.6 430.7 426.5 419.5 417.8 428.7 422.8 420.4 403.7 395.4 382.1 378.4 381.8 381 370.3 361 353.9 346.6 338.6 328.3 320.5 312.4 306.7 302.6 298.8 293.6 288.4 285.8 283.2 282 280.6 274.9 268.3 263.7 263.8 263.2 258.6
411.7 417 421.7 429.7 440.5 449.7 462 466.1 462.2 452.5 447.1 437.6 436.7 440.4 441 449.6 452.5 457.3 459.3 460.1 462.3 473.2 481.8 484.7 477.2 461.5 435.6 431.6 421.5 415.3 410.2 415.8 418.7 418.7 422.8 428.9 422.2 420.9 420.9 425.1 425.1 420.5 424.7 427.7 422.9 413.5 407 404.7 402.6 395.9 393.4 388.8 380.6 363.9 361.6 362.3 357.2 354.9 350.1 343.4 336.4 329.1 320.7 314.1 306.7 303.1 300.3 297.1 292.6 288.3 284.2 282.7 281.9 279 270.5 263.6 260.7 259.4 257.6
414.3 419.8 424.6 435.4 446.3 453.2 467.7 473.2 462.2 466.4 467.8 449.2 442 443.1 443.9 444.1 454.2 461.8 465.8 465.6 468 470.8 480.4 490.8 483.2 455.9 438.4 434 423.1 418.3 417.5 418.6 421.7 425.2 425.7 428.8 424.5 421 421 422 426.6 421.1 419.5 421.6 419.6 412.2 400.7 392.6 387.1 386.3 384.3 381.1 376.9 368.6 355.4 350.5 351.4 348.9 346.7 342.8 337.3 331.4 325.8 318.9 312.2 305.7 302.5 299.8 294.6 291.2 285.9 283.3 282 280.8 274.1 262.3 260.4 260.3 260
417.7 423.4 428.5 436.8 448.6 455.3 467 469.1 472.1 475.3 469.4 463 447.2 445 448.2 447.5 450.2 459.1 467.4 470.7 473.4 469.9 481 489.4 476.1 452.9 445.1 433.8 426.8 422.6 423.7 427.9 432.5 434.4 430.1 427.9 425.3 424.4 420.3 420.6 425.4 424.9 417.9 411.5 408.4 409.8 397.2 387 379.6 377.5 374.9 372 369.5 364.4 356.7 347.8 344.4 345.5 342.8 341.5 338.5 334.6 329.1 323 316.8 310 304.2 300.3 295.5 292 288.2 284.9 283.1 280.4 276 266 264.5 262 256.2
421.6 427.6 433.7 438.5 448.9 457.2 467.1 472.8 482.4 486.7 489.3 481.9 461.6 447.1 447.4 448.6 450.5 457.1 468.3 471.4 476.5 467 477 485.3 472.3 455.3 447.9 431 428.5 426.5 429.6 437.3 446.4 437.6 438.6 427.6 425.1 423.1 418.6 417.1 419.4 417.7 415.4 409.2 405.4 398.5 388.7 380.7 372.2 371.9 367.6 363.8 361.9 359.8 356.1 348.2 341.2 339.7 338.4 336.3 336.1 335.4 331.7 325.8 319.1 313.4 306.8 299.9 295.2 290.3 289.3 287.2 283.6 279.8 274.9 268.7 264.6 259.5 258.8
