UK/data/sh/sh55_OST50GRID_20230518/SH55.asc
ncols 200
nrows 200
xllcorner 250000
yllcorner 350000
cellsize 50
[rows 140 to 174 of 200, columns 78 to 155 of 200]
200 215.8 241.3 252.3 274.6 289.6 301.2 309.9 315.9 321.5 328.1 336.7 347.7 357.3 366.6 379.4 392.3 397.3 389.9 377.5 365.1 364.3 366.6 368.6 375.9 381 363.7 378.8 375.4 381.3 364 323.1 295.8 280.8 268.7 259.1 253.2 249.4 242.5 241.6 239 233.7 232.1 232 234.4 224.9 232.5 237.5 234.7 234.7 236.8 243.1 249.3 256.2 243.6 228.7 223.7 214.2 198.3 189.2 181.6 171 171.1 170.4 171.1 172.3 173.9 175.9 179.8 186.5 195.7 205.8 217.8 224 236.1 238.9 245.9 253.9
214.8 226.8 241.3 260 271.3 283.8 291.3 299.1 304.6 311.2 318 334.2 347.8 364.3 392.5 406 425.8 444.2 422.5 407.1 396.1 391.9 392.8 393.7 390.8 395.2 382.9 386.8 394.6 381.3 343.8 310.2 294.9 286.4 277.5 270.3 261.8 254.2 244.8 242.1 239.9 236.2 231.7 228.8 227.6 223.2 224.3 227.2 228.2 228.4 231.5 236.2 243.2 251.2 240.5 234 219.7 211.4 191.5 184.4 173.7 176.1 173.9 179.3 181 176.4 178.2 180 184.2 188.3 196.4 205.1 216.4 221.5 229.1 237.3 245.8 252.4
223.7 233.8 250.8 255.8 258.3 267.6 277.3 287.3 292.3 300.8 312.6 333.8 360.5 381.7 411.6 435.1 444.7 462.4 465.1 445.5 431.5 420.5 422 418.5 416.5 408.4 401.5 407.1 401.4 369.4 337.3 316.8 302.4 298.6 289.7 285.6 268.6 259.4 253 247.7 242.7 239.7 234.7 230.5 226.3 223.5 214.7 217.5 221.7 221.9 224.6 231.8 235.5 242.7 241.9 230.9 216.1 202.5 190.5 181.5 176.6 185.3 183.3 185.7 187.9 192.2 190.8 184.4 185 188.8 196.9 202.9 210.1 216.5 225.2 236.5 243.7 250
234.2 237.6 244.9 269.1 265.8 265.7 269.3 280.1 286.2 293.2 305.5 338 365.6 389.3 412.2 437.3 455.3 468.2 481.2 479.5 465.8 453.8 451.9 448.6 446.6 436.2 430.7 419.8 394.1 372.3 349.2 329.5 324.4 317.3 306 299.6 279.7 266.5 266.1 255.1 248.1 242.6 236.6 231.4 228.2 223.8 215.8 210.8 215.2 217.3 219.9 221.6 227.5 233.4 232.1 222.9 209.9 195.5 187 175.1 178.2 188.2 187.4 189.3 192.4 199.5 202.7 189.2 188 190.2 196.1 198.7 202.9 212.1 225.4 234.4 237.5 244.9
237.7 241.9 246.6 268.2 268 269.5 271.3 276.4 286.1 298.8 316.9 331 354.9 380.7 404.3 425.5 445.8 464.5 482.4 496 503.7 494.4 485.6 484.2 481.5 464.6 460.2 437.3 416.1 391 364.5 342.1 343.5 336.1 324.6 307.7 293.7 282.8 270.9 263.1 252.3 245.9 240.4 232.4 226.6 222.1 216.2 211.9 209.3 214.2 217.3 220.7 214.6 218.2 226.9 216.6 203 192.6 182.4 177.4 180.2 185.3 188.6 191.5 196.2 203.2 199.4 194.5 195.3 192.1 195 197.9 202.3 213.2 221.4 232.6 238 247.3
249.5 252.8 259.5 266.3 274.3 272.6 278.1 282.6 287.9 298.8 314 334 359.2 380 402.6 422.9 438.2 454.7 471.3 490.9 520 535.4 534.4 522.4 516.2 507.3 488.1 465.3 439.8 415.8 385.5 362.6 359 353.6 333.4 315.4 310.5 304.6 285.1 270.9 256.5 249.1 242.1 233.4 226.4 221.1 217.8 214.2 205 216 211.6 210.2 206.4 210.5 215 204.8 195.2 186.4 176.6 177.9 182.8 184.5 191 193.9 196.9 200.2 198.7 198.3 197.2 194.5 194.8 198.2 201.2 206.2 219 231.8 241.5 249.6
263.4 272.2 277.1 278.8 281.6 293.4 290.3 295.7 302.8 309 316.3 336.7 360.6 375.8 390.8 420.2 430.1 440.1 461.4 489.5 522.9 566.4 579.3 568.9 584.6 582.5 529.9 497.8 479 448.5 410 382.2 365.7 362.9 342 335.9 332.4 308.9 296.8 283.5 269.8 255 246.9 235 235.6 227.3 216.9 211.7 200.4 213.4 205.2 202.1 199.2 198.8 199.3 198.1 187.7 177.5 177.2 183 186 184.5 187.8 191.1 193.9 195.8 197.3 202.8 205 196.7 200.7 203.2 207.2 212.8 225.9 239.1 248.5 252.2
277.6 286.2 295 301.6 302.3 307.2 311.5 317.4 315.7 320 326.6 333 347.9 363.6 383.7 407.4 413.1 430.8 455.3 483.2 523.3 565.3 605.3 629.5 633.2 625.7 587.5 554.6 507.3 466.3 426.7 399.4 381.8 373.1 358.1 354.5 343.7 323.1 308.6 301.8 290.8 265.5 251.5 249.6 243.4 235.4 219.4 212.4 198 199.3 199.3 195.7 192.5 192 191.3 190.3 183.2 180.3 178.6 186.1 186.4 186.1 187.2 191.3 193.1 196 198.8 211.1 221.2 210.2 205.5 212.9 219.5 223.2 233 243.2 249 251.8
291.1 300.9 310 318.7 319.7 323.2 324.7 325.6 333.8 330.5 336 343.5 349.5 355.3 369.3 385.8 409.6 432.6 453.6 479.3 509.5 544.3 584 627.8 628.5 622.3 613.9 600.5 570.6 502.2 447.1 407.3 392.6 381.6 375.1 369.4 351.2 331.1 321.8 320.4 303 278.8 261.7 263.3 253.2 235.4 221.3 208.8 199.7 191.7 192.6 189.2 186.7 186.3 185.6 185.1 187.1 186.6 180.1 183.5 184.5 186.2 187 189.6 192.5 197.7 203 206.1 227.6 221.2 214.1 217.9 228.3 231.3 237.4 250.6 250.6 258.5
302.4 315.6 325.6 337.4 344.2 351.9 351.3 344.7 345.3 347.6 351.3 356 357.2 362 367.2 385.5 402.4 421.5 443.6 474.3 497.9 528 569.4 618.1 621.4 615.8 609.2 599 578.3 519 487.8 442.5 416.5 402 389.8 377.5 359.8 343.6 341.3 333.8 305.8 286.8 272.4 270.7 253.5 234.5 220.2 207.9 199.2 192.6 186.9 186.9 185.6 185.4 184.9 187.6 186.7 187.3 181.8 184.4 185 186.3 187.1 188.9 191.9 198.5 204.2 207.8 213.7 222.4 220.8 222 234.2 236.2 242 248.6 257.9 266.9
320.2 329.8 340.9 357.1 368 373.8 375 366.8 365.7 368.2 372.5 371.4 368.7 374.4 378.9 386.7 403.2 418 433 454.9 487.9 521.6 571.7 614.3 614.3 610.7 604.2 593.5 581.2 559.4 522.7 476.5 458.6 429.9 407.5 384.7 368.6 357 352.9 333.7 315.7 292.7 278.1 264.4 248.4 231.8 221.1 210.6 197.7 192.9 186.5 185.9 185.5 185 187.2 186 188.7 183.6 182.9 184.1 185 185.7 186.3 187.4 191 195.1 202.4 207.6 216.1 217.7 221.1 226.6 237 243.8 244.9 253 270 276.8
333.4 342.6 355.4 372.4 387.2 384.7 384.5 378.3 387 392.7 391.2 387 382 388.1 391.2 402.3 410.5 429 433.7 449.9 479.4 514.7 583.4 612.5 610.1 605.8 598.5 588.8 575.6 558 534.1 507 474.8 447.9 420.9 394.2 377.5 365.7 357.5 346.5 317.2 298.1 282.6 263.1 245.3 231.2 220.5 215.2 203.5 193.6 186.5 185.9 185.2 184.5 184.7 187 186.2 183.6 182.3 183.5 184.1 183.6 187.4 189.5 190.5 194.1 199.1 206.1 219.1 221.1 221.1 228.2 233.5 239.7 247.4 256.4 265.3 277
347.5 360 373.1 389.5 406.7 393 386.2 384.4 393.2 406.1 403.3 395.9 400.2 408.9 411.4 420.3 430.1 441.6 440.1 448.1 472.4 507.3 581.7 614.2 605.3 597.5 588.2 578.3 565.8 549.5 530.4 507.5 476.7 451.3 426 406.3 388.3 373.8 363.8 348.1 322.1 297.9 275.9 256.3 242.1 229.5 220 211.6 199.8 192.8 185.8 185.4 184.8 184.8 184.1 184 183.6 182.7 182.1 181.8 183.9 185.9 188.3 190.2 188.5 191.6 196.8 205.2 211.4 216.6 222.8 235.6 233.9 243 255.5 260.1 262.9 277.2
362.7 376.9 394.2 410.8 431.2 426.6 396.5 386.3 389.5 410.2 417.6 412.3 421.5 434.8 446 439.9 444.8 445.9 448.5 459.2 484.7 515.9 580.1 609.3 597.2 586.4 572.7 561.3 550.8 536 523.7 498.6 476.4 454.4 431.9 413.4 397.3 384.3 356.3 334.9 316.2 295.7 270.2 250 236.9 229 218.6 208.7 196.8 190.4 186.3 185.7 185.2 183.7 184.1 183.9 182.8 182 181.8 181.8 181.8 184.3 185.7 186.3 185.8 189.1 194 200.3 207 219.1 224.6 232.5 236.8 249.1 257.9 260.6 266.6 274.9
382.9 398.9 416 434.6 452.8 454.1 412.8 391 392.7 411.6 428.8 436.3 440.7 441.6 445.9 445.5 453.1 454.1 462.8 472.7 498.6 534.6 593.4 600.4 584.5 569.2 553.4 538.3 528.2 515.6 503.1 491.1 475.2 457.1 437.7 415.1 401.4 383.1 352.3 334.1 308.7 287.7 267.2 246.7 233.4 227 214 203.6 196.4 189.6 187.1 186.6 185.6 184.5 183.3 183.1 182.1 181.8 181.8 181.8 181.8 181.8 181.8 182.8 184.4 186.3 191.5 195.4 203.2 213.9 222.4 230 243 253.9 256.2 261.4 267.9 271.6
400 415.5 432.6 448.7 463 468.1 444 407.6 396.9 408.5 427.8 444.6 456.3 451.7 450 458 459.8 470.2 477.4 492.3 514.8 563.8 616.6 593.8 571.6 549 531 508.1 499.5 497.1 490.4 481.3 469.8 456.9 438.4 419.1 402.7 383.1 357.3 334.8 309.6 285.5 265.1 244.1 230.5 220.1 211.8 202.9 195.7 190.4 187.8 188 185.1 184.6 181.9 181.8 181.8 181.8 181.8 181.8 181.8 181.8 181.8 181.8 181.8 185.4 188.7 192.2 199.6 209.5 221 227.3 234.1 240.7 252.2 258.1 264.4 268.6
409.9 425.8 442.1 458.4 471.4 480.2 470.8 421.9 403.9 412 428.4 448.7 461.9 464.6 467.1 470.5 472.4 476.7 487.3 510 542.8 605.1 610.7 586.3 555.8 534.2 513.7 482.4 474.1 472.7 476.4 467.5 459.7 448.2 428.7 419.5 399.3 376.3 356.7 337.1 307.3 280.9 257 238.5 227.8 215.9 208.6 203.6 196.5 190.1 188.2 185.3 184.7 183.7 181.8 181.8 181.8 181.8 181.8 181.8 181.8 181.8 181.8 181.8 181.8 184.7 187.2 191.7 196.9 203.9 213.1 220.8 227.9 235.3 241.3 250.3 258.9 264.3
413.9 430.7 447.6 465.1 481.2 492.8 491.1 447.7 423.5 417.5 427.8 447.7 463.1 471.4 483.3 481.6 479.5 481.8 495.2 525.3 570.2 629.5 612.7 580.4 547.8 523.6 488.6 467.3 462.5 458.8 460.3 458.9 455.6 437.3 426.4 416.2 395.8 377.3 354.2 329.6 304 275.9 249.3 233.8 221.6 212.5 205.5 199.9 194.3 192.4 188.3 185.2 183.8 183.6 181.8 181.8 181.8 181.8 181.8 181.8 181.8 181.8 181.8 181.8 181.8 184.1 186.7 190.9 194.8 201.3 210.7 216 224.3 230 236.5 243.6 250.2 254.6
411.5 432 452.3 473.1 492.6 505.9 513.8 492.1 445.9 434.4 437.8 446 465.1 483.6 495.2 493.4 489.8 494.9 505.3 536.7 604.4 641.7 607.8 583.5 545.6 530.3 486.2 468.7 464 453.4 451.3 447.1 439.7 433.9 423 408.5 393.1 372.9 363.2 333.2 297.9 268.4 247.4 233.9 221.3 210.5 200.9 198.9 198.1 192.8 187.5 185.2 183.8 183.2 183.4 184 181.8 181.8 181.8 181.8 181.8 181.8 181.8 181.8 182 184.4 185.9 189.1 192.8 196.1 203.7 212 219.4 226.3 233.2 239.8 245.2 250.7
409.2 433 456.4 481.3 502.6 518.4 532 528.2 473.8 451 445.7 458.2 472.8 488.1 500.4 500.7 501.2 500.3 511.2 548.6 635.2 645.5 604.5 579.6 551.7 532.6 490.6 484.6 471.3 448.4 428.8 423.9 419.5 417.1 409.6 402.4 386.8 379.8 359 326 287.7 263.3 244.9 233.4 223 217.9 215.3 205.9 198 190.9 187.2 185.2 183.5 182.9 181.8 181.8 181.8 181.8 181.8 181.8 181.8 181.8 181.8 184.3 184.6 184.6 186 187.4 189.4 191.3 197.2 206.4 213.9 221.6 229.4 235 241.7 246.8
408.9 434.3 460.9 489.6 512.9 533.6 552.9 564.8 543.3 476.6 467.6 465.5 473 484.1 498.3 502.2 502.2 501.5 517.4 561.9 660.7 659.4 613.1 588.3 564.8 523.4 504.8 482.4 461.4 436 420.2 412 409.2 402.4 399.2 391 385.5 366.2 341.7 313.6 283.4 258.9 243.8 233.9 223.2 228 220.7 212.2 197.6 190.4 191.9 185.2 184.9 183.2 181.8 181.8 181.8 181.8 181.8 181.8 181.8 181.8 181.8 183.4 183.7 183.8 185 185.6 187.3 190.6 194.4 205.3 211.9 217 225 234.2 239.4 244.2
408.4 433 463.5 493.4 521.3 545.9 571 593.9 596.1 542.7 500.3 485.1 476.8 483.2 495.9 504.2 502.4 506.4 526.9 601.5 690.5 665.2 635 606.6 573.3 526.8 509.6 488.3 464.4 434.8 420.1 405.7 389.7 383.4 377.1 375.5 365.1 348.1 323.5 300 277.5 261.1 244.3 234.6 237.7 233.7 222 217 203.1 195.4 184.6 189.4 187 184.8 183.8 181.8 182.9 181.8 181.8 181.8 181.8 181.8 182.7 184.2 184.3 184.5 185 185.5 186.4 189.1 191.9 199.3 212.4 215.9 220.2 227.2 237.1 239.2
405.4 429.6 460.4 495.9 526 554.4 581.8 604.7 622.4 598.1 546.2 509.6 495.1 492.5 497.8 497.5 499.9 517.1 544.5 632 690.8 666.4 639.9 611.9 582.2 544 518.9 482 461.4 443.1 418.8 404.7 389.1 372.6 361.4 360.5 346 327.4 307.6 289.2 275.7 263.4 248.7 236.9 245.6 233.4 222.7 212.4 205 200 194.1 189.8 192.4 189.4 189.1 186.9 191 185.6 181.8 181.8 183.5 183.6 184.4 184.7 184.9 185.1 185.8 185.9 186.4 187.5 190 193.9 209.9 215.8 218.5 224.2 229.1 234.4
404.7 428.3 456 497.5 531 561.6 588.7 614.2 636.7 637.1 570.1 541.7 518.2 501.6 499.6 505.7 515.3 532.8 560.4 667 687.7 663.6 638.3 611.3 584.6 555.1 522.4 495.7 470.2 444.1 421.1 414 391.5 373.1 362.9 345.8 317.2 307.1 293 283.2 272.6 264.3 252.7 252 245.1 232.5 225.8 221.4 220.2 206.6 197.4 202.7 206.9 207.3 199.6 196.2 198.2 195.3 186.1 185.5 183.3 183.9 184.6 185.2 185.4 186.2 186.4 186.5 186.2 187.3 188.6 191.8 200.2 209.7 215.6 219.6 224.6 230.1
404 429 456 498.5 537.4 568.8 596.9 624.5 648.7 665.6 640.9 586.7 539.2 528.6 517.5 519.2 533.3 555.7 594.7 683.7 675.6 654.9 632 608.2 583.7 558.4 530 504.3 474.1 447.8 437.1 426.7 399.4 382 360.1 336 312.7 293.3 285.9 279.5 268.7 259.8 253.3 259.8 246.7 243.3 236.2 229.1 221 212 207.7 215.2 218.1 214.9 201.9 200.7 203.8 202.6 195 194.4 184.9 184.3 184.8 185.6 185.6 186.7 186.9 187.1 187.5 187.8 188 191.3 201.2 207.6 211.9 214.5 220.1 225.4
404.3 430.2 460 499.6 542.9 575.7 606.4 634 658.5 673.7 657.9 644.1 611.7 560.6 544.4 540.7 559.4 583.1 637.9 670.3 658.5 641.9 622.5 601.1 581.2 559.3 535.6 510.7 485.1 465.4 456 434.7 413.7 388.1 356.2 330.4 306.9 292.8 285.5 280.1 270.3 263.3 259 256 251.8 247.9 245 233 225.1 220.2 208.8 224.8 224.1 216.2 203.9 207.5 210.1 212.3 203.6 207.6 188.7 184.8 185.4 185.9 186.2 186.9 187.1 187.5 187.9 188.2 188.5 189.5 198.2 204 206.4 210.9 217.5 221.4
403.5 433.6 466.5 500.6 546.7 580.3 612.4 645.3 666.4 680.9 694.8 687.4 643.5 632.7 587 573.5 584.6 611.3 656.9 650.7 639.3 625.5 608.7 590.9 573.9 554.1 534.9 512.6 494.7 475.6 461.1 442.7 424.4 388.6 352.7 326.4 304.1 292.4 286.6 282.2 274 265 261.2 257.4 256.1 252.6 248.9 237.5 228 224.8 227.4 228.9 225.7 216.2 211.7 214.9 217.7 214.4 213.8 206.5 196.3 185 185.9 186.8 186.8 187.2 187.4 187.8 188.2 188.6 189.4 190.4 192.3 197.3 202.4 207.2 211.9 216
414.4 439.4 470.4 504 546.7 593 623.2 649.6 674 689.6 701.7 705.9 692 674.2 629.2 627.3 641.3 636.1 633.2 628.7 619.1 607.4 593.8 578.2 561.1 544 527.3 510.6 494.4 476.2 458.7 444.4 423.4 388.3 354.3 324.4 303.3 294.2 289.2 282.6 275.9 267.9 263.4 258.7 255.6 253.6 246.2 237.1 233.3 230.1 230 230 226 227.4 218.5 221.1 226.4 217.8 211 204.1 196.2 186 185.8 186.6 187.2 187.4 187.6 188.1 188.5 189.5 190.5 191 193.1 192.6 198.6 204.9 208 210.8
428.4 452.4 480.1 506.9 548.3 585.3 624 656.8 684.5 697.7 697.3 681.2 666 656.4 642.2 631.5 620.1 610.9 607.6 604 597.5 587.3 576.1 560.2 545.3 530.9 517.1 501.6 482.9 462.5 444.8 426.1 409.1 380 351.9 326.2 309.3 298.2 295 286 279.2 271.1 262.2 258.8 257.3 254.8 249 242.3 236.8 236.7 235.4 232.7 236.6 235 228 230 233.7 230.2 216.8 203.7 195.5 187.1 186.3 186.9 187.4 187.7 187.9 188.6 189.2 189.8 190.8 191.7 192.6 194.5 193.8 199.3 202.8 206.6
448.3 471.1 496.1 525.1 555.4 590.5 633.1 671.8 695 698.5 675 657 641.5 627 611.5 597 588.1 581.8 579.1 576.6 572.3 562.8 554.1 543.3 528.7 513.7 497 477.6 452.9 435.1 416.1 397.6 384.8 365.8 345.5 326.5 312.8 303.3 297.3 291.7 288.2 278 268.1 264.3 260.2 256 252.1 244.6 247 244 238.2 240.1 237.8 234 230.3 230.7 232.1 230.4 219.7 211.1 197.9 189.2 186.7 187.1 187.6 188 188.5 189.7 190.2 190.5 191.2 191.9 193.9 195.3 196 197.5 199.6 205.2
477.5 492.8 514.8 542.7 575.2 610.5 648.2 687.4 703.4 679.2 653.4 631.6 610.8 587.4 575.1 566.8 560.9 556.6 555 552.3 549.3 542.7 535.7 520.9 504.9 486.4 464.9 443.7 425.6 406.4 387.4 373.9 361.8 349.4 333.7 321.1 311.2 305.1 300.8 296.4 292.4 289.2 267.4 269 261.8 257.7 255.9 252.7 250.5 245.9 244.8 244.2 240.1 234.7 231.8 233.2 232.9 227.6 222.9 215.8 205.1 201.2 196.2 192.8 187.6 187.7 189.1 190.2 190.9 191.8 192.4 193.7 194.9 196.1 196.7 198.3 199.5 201.5
547.3 550.9 554.8 570.9 599.4 638.6 673.4 691.5 697.7 661 634.6 609.8 579.7 556.3 544.2 536.7 528.9 524.1 519.4 524.5 523.6 517.8 507.6 491.6 474.6 454.2 432.8 412.7 394.4 378.5 365.6 352.2 342.2 332.8 321.5 314 308.1 303.5 300.1 294.3 289.9 286.2 278.8 270.4 264.3 261.4 257.6 254.3 248.6 246.6 247.2 243.9 242.1 238.7 235.9 241.3 235.8 230 226.7 221.6 215.3 208.7 211 199.9 189.1 189.3 190.2 190.1 191.7 193 194.4 194.5 195.3 196.3 194.7 199.1 200.3 201.6
603.8 611 621.8 621.6 638.7 657 660.4 668.5 679.4 646.6 616.4 587.9 558.4 534.3 515.4 506.4 500.8 496.1 493.3 494.4 495.2 489.5 477.5 463.8 445.9 421.8 403.5 388.3 372.9 358.7 344.7 332.9 324 315.8 310.5 306.2 303.8 301.1 296.9 292.1 287.4 282 276.2 269.2 264.7 261.8 258.1 253.6 248.7 246.4 245.8 244.4 245.2 249.1 244.2 243.3 237.8 238 237.2 231.1 221.3 218.9 215.9 212.8 193.7 189.9 191.8 193 193.8 199.3 199.2 196.3 196.9 197.6 196.8 198.6 199.9 201.5
582 576.1 586.3 589.8 603.1 618.8 610.7 647.5 657.9 636.7 601.2 573.5 543.8 516.4 490 477.1 468.8 467.4 465.8 466.3 463 460 450.9 433.9 414.6 395.9 381.8 368 354.8 339.3 326.3 314.4 306.4 302.9 301.2 300 297.6 296.1 291.2 287.5 283.5 277.8 272.8 268.1 263.3 259.8 256.1 252 248.7 246.6 245.9 246 249.4 256.4 252.6 249.3 244.4 243.8 238.3 232.7 228.2 226.6 228.1 217.3 204.7 197.4 195.6 196.7 197.3 198.6 198.2 197.5 198.1 198.6 197.2 199.2 200.1 201
532.5 533.6 538.8 546.3 564.8 565.1 593.9 601.5 632.7 625.9 590.2 559.2 526.8 500 477.1 453.9 444.9 439.1 437.5 434.9 434 428.5 419.7 405.3 389.7 372.6 360.7 347.6 335 319.1 309.1 302 298.7 297 294.7 293.3 290.9 289.7 286.6 281.7 278 273.9 269.4 265 261.4 257.5 253.6 250.9 247.8 246.6 245.9 246.4 249.1 255.1 258.8 255.9 256.6 257.2 249.8 241.2 237.9 237.7 234.6 225.6 214.5 209.2 199 201 201.4 200 199.3 198.6 198.6 199.6 199.1 198.9 199.2 199.5
