WholeMapElevations/data/ss/ss83_OST50GRID_20230518/SS83.asc
ncols 200
nrows 200
xllcorner 280000
yllcorner 130000
cellsize 50
[rows 140 to 174 of 200, columns 78 to 155 of 200]
341.2 341.2 341.3 342.9 345 346.4 347.2 347.4 345.6 343 339.2 334.1 328.7 322.7 315.6 304.9 288.5 283.8 280 274.7 273.8 275.3 277.3 277.4 276 275.2 275 274 278.7 287.8 297.5 305.8 310 312.7 314.8 314 306.4 270.3 239.7 226.7 230.2 241.5 257.5 272.9 278.9 282.7 284.8 285.2 285.5 286.9 287.9 290.2 291.8 293.5 293.6 294 293.1 292.2 296.2 301.1 305.6 310 313.9 317.3 320.5 323.7 325.8 326.9 327.5 326.9 325.1 323.2 323.9 325.4 328.3 330.1 331 332.2
344.6 344.6 344.6 346 347.7 349.3 350.2 349.6 347.2 343.8 339.1 334.2 326 318.6 309.2 298.4 293.8 289.9 285.9 282.3 277.8 270.5 269.9 269.3 266.8 265.1 264.6 262.8 262.7 277.2 290.7 300.7 307.6 310.8 313.4 313.7 311.6 288.2 258.2 227.3 227.2 234.7 251.6 270.8 277.7 279.9 280.2 279.3 278.8 278.6 281.7 285.7 288.1 289.2 288.1 287.2 288.4 293.4 299.2 303.3 307.5 311.5 314.6 317.3 319.3 321.5 323.3 323.9 323.6 321.8 319.6 317.1 318.2 319.9 321.4 322.9 323.9 325.3
347.8 347.8 348 349.5 351.2 352.4 352.5 351.6 348.9 345.2 339.9 334.6 327 318.1 308.7 303.6 299.8 296.4 293.2 288.9 285.2 280.8 277.6 275.8 274.3 276.1 277.1 279.3 273 263.4 279.5 291.1 302.8 307.2 310.1 312.2 310.4 300.6 277.7 245.8 224.5 230.5 250.4 271.6 277.5 276 272.4 270.8 269.5 270.1 273 279.8 281.6 281.2 282.8 290.3 295.9 300.9 304.8 308.4 311.3 314.2 316 317.5 318.4 319.3 320.2 320.5 320.2 317.4 313.4 310.7 310 311.5 314.1 316.1 316.1 312.8
351.5 351.9 352.2 354 355 355 354.6 353.8 350.7 347.2 343.1 337.7 330.2 322.7 317 311.5 308.4 303.8 300.1 296.9 294.4 291.5 289.1 287.5 287.1 289 290.4 289 280.9 261.1 261.3 280 292.6 303.3 306.9 308.3 307.6 300.2 277.3 252.3 227.5 227.9 253.5 274.7 275.5 274.7 267.7 259 252.8 254.4 259.9 265.5 273.7 284.5 294.8 300.6 306.2 308.7 310.7 312.2 314.4 314.9 315.9 316.5 317 317.2 317.7 317.2 315.9 313.2 307.6 303 301.8 305.6 309.4 311.7 311.4 308.1
357.1 357.4 357.4 358.8 359.4 359.2 358.6 357.5 354.3 351 346.5 341.3 335.2 328.5 323.9 320 316.4 313.5 311.1 309 306.8 303.7 301.6 299.9 299.1 298.5 297.4 293.9 287.5 277 256.2 262.3 278.7 293.8 303.3 305.1 305.2 298.2 275.9 252.5 226.9 229.4 255.4 266.1 268.6 267.4 255.8 245.1 251.8 262.6 272.7 276.5 286.1 295.7 302.2 305.1 307.8 310.2 312.1 313.2 313.5 314.4 314.3 314.4 314.2 313.9 314.1 313.3 311.7 308.5 302.3 295.4 293.5 300.4 302.1 307 306.3 304.9
364.8 364.3 364.9 365.9 366.1 364.7 364 362.9 361.3 357.4 352.5 346.9 341.7 336.4 333.6 330.6 327.9 326.2 325.1 324.2 321.4 318.6 316.6 314.6 311.7 309 305.1 300 293.7 286.6 269.7 250.2 263.6 277.4 291.3 298.5 300.1 296.9 278.2 252.4 225.8 231.8 244.7 247.9 252.9 252.5 240.7 245.8 261.7 274.3 283.8 291.2 295.7 300.4 303.1 305.6 308.2 309.9 311.4 311.9 312 311.7 311.5 311 310.4 309.8 310 309.3 307.5 304.2 295.5 286.9 289.3 296.5 300.1 301.7 302 301.1
374.8 374.1 373.6 374.6 374.5 373.6 371.7 369.7 367.2 363.6 358.8 352.7 348.4 345.9 344 341.2 339.4 338.5 336.9 336.1 334 332.1 330.6 327 324.1 320 314.9 309 302.2 293.3 280.7 254.5 252.5 260.4 272.3 282 285.3 286.7 279.9 254 224.9 229.8 233.5 234.6 235.8 238.3 233 256.2 271.1 283 290.1 294.2 296.9 299.5 302.2 304.5 306.3 307.9 308.7 309 309.2 309.1 307.4 305.9 305.1 305.2 305.2 304.3 302.6 299.4 291.4 276.2 287.1 292.7 296.6 297.9 297.1 296.3
380.7 380.3 380.4 380.4 379.2 378.2 376.6 374.7 372 368.5 363.5 359 355.6 353.2 351.5 350.2 349.3 348.3 347.2 345.7 344.6 342.6 340.1 338.3 334.6 331.6 325.7 318.9 311.2 303.8 293.5 263.3 245.5 250.3 254.1 260.2 264.1 265.6 263.6 243.4 224.2 223.5 224.3 223.9 224 224.3 232.1 255.8 277.1 285.6 289.5 292.9 294.8 297.2 298.8 300.2 302 303.7 303.8 304.4 304.7 304.7 302.4 300.8 300.8 300.7 300.4 298.9 296.9 293.9 288.1 272.4 283.4 289.2 291.6 291.9 292 291.2
384.7 384.4 384.2 383.9 383.4 382.6 381.2 379.2 375.8 372.6 368.9 365.1 362 359.8 358.5 357.1 356 354.9 353.7 352.9 352.1 350.6 348.4 346.6 343.7 340.1 334.6 326.4 320.6 313.3 302.1 275.1 252.8 242.2 242.2 243.9 244.5 242.7 239 228.5 223.5 223.7 222.9 223 222.9 220.8 219.1 243.4 269.8 279.1 279.5 279.8 281.8 287.4 292.2 296.3 298.1 299.2 299.3 300.1 298.8 297.2 295.8 295.5 296.9 297.1 294.7 293.6 290.8 286.1 278.4 267.8 278.4 282.7 285 286.6 286.8 286.9
386.7 387.1 387.1 387.2 386.3 385.3 383.4 381.6 378.1 375 372.2 369.5 367.3 365.3 364 363 361.8 360.6 359.4 359.3 358.4 357.3 355.7 353.1 350 346.3 341.1 333.7 328.4 320.3 308.9 290.5 270.1 254.4 246.5 238.6 234.5 234 237.8 245.2 252.9 261.3 259.9 253.8 240.9 226.8 218.9 237.2 262.6 263.1 259.2 255.8 256.9 264 274.7 287.1 294.2 294.7 294.7 291.1 289.2 289.2 289.8 288.6 287.2 288.6 288.6 287.3 284.5 279.1 269.2 261.2 272 277.1 279.4 282.3 280.8 280.9
386.8 387 388.2 388.5 387.8 386.4 384.2 381.5 379 375.8 373.4 371.5 370.4 368.9 367.7 366.9 366.3 365.2 364.2 363.5 362.7 361.4 359.6 357.4 354.3 350.6 345.6 339.4 332.9 327.2 320 307.5 290.6 278.3 267.3 259.2 255.4 256.4 261.2 266.8 274.6 276.8 274 265.7 249.4 232.1 219.4 229.4 247.8 242.3 235.2 228.6 225.4 237.4 254.7 268.9 285.8 289.6 287.7 286 284.6 284.3 284.4 279.9 276.3 276.7 277 276.1 274.5 271.6 265.3 253.9 265.9 271.1 273.9 276.3 277.8 276.6
386.3 386.9 387.7 388 387.2 385.5 383.1 380.7 378.1 375.9 374.2 372.5 372 371.4 371.3 370.8 370.1 369.5 368.8 367.7 366.5 364.7 362.6 360.4 357.1 353.6 350 344.4 337.9 332.5 325.5 317.5 309 299.9 290.3 282.4 278.5 277.8 279.5 282.9 284.8 283.7 280.1 273.9 258.2 236.7 220.5 226.4 231.6 222.5 217.5 215.6 216.6 215.2 231.1 250.5 267.3 281 281.2 278.9 277.5 275.1 270 265.4 261.7 263.6 265 265.3 263.9 262.2 256.8 247.8 257.9 261.8 265.4 267.8 268.2 268.3
384.3 385.3 386.1 386.4 385.5 383.4 381.3 378.1 375.8 374.4 373.3 373.5 373 373.3 373.2 373.1 372.8 372.1 371.1 370.3 368.9 367 364.8 362.5 359.4 356.2 353 348.5 343.1 338.1 331.6 326.4 320.1 314.4 307.6 302.5 296.2 293.4 292 292.4 293 292 288.5 283 267.9 246.8 228.3 216.9 218.7 216.7 226.9 238.5 232.4 218.6 214.6 234.4 250.8 266.2 272.2 271.7 269.5 263.3 257.5 252.2 252 254 256.9 258.5 255.6 253.5 248.5 243.3 251.3 254.2 256.3 258.6 258.9 257.1
381.7 382.7 383.7 383.6 382.8 381.1 378.5 375.9 374 372.8 372.3 372.7 373 373.5 374.2 374.3 373.8 373.5 372.9 371.4 370.2 368.3 366.2 363 360.4 357.6 354.2 350.7 346.8 341.6 337.3 333.7 329 324.8 320.2 314.4 310.9 307.3 305 303.8 303.3 303 299.6 294.7 281.5 263.4 245.8 234.8 233.8 244.5 258.5 264.7 251.9 231.6 213.6 219.9 235.8 252.8 261.2 259.8 254.3 249.5 244.3 240.3 241.4 245.5 250 250.3 247.7 244.2 239.8 236.6 239.9 239.5 241.8 244 243.6 244.7
379 380 380.9 380.7 380 378.4 376.7 374.3 371.4 370.4 370.9 371.7 372 372.7 373.7 373.7 373.7 373.1 371.9 371 369.2 366.7 364.5 362 358.7 356 353.1 349.8 347 344.4 341 337.9 334.1 330.6 326.9 322.4 317.6 315.5 313.8 312.9 312.8 313 311.1 305.5 297.3 286.4 274.8 268.3 266.1 274.1 284.6 281.4 267.4 246 223.8 211.9 222.5 237.2 247.4 246.3 240.9 235.4 228.3 225.4 227.3 231.4 234.8 235.9 233.7 229.6 230.9 232.4 236.1 242.3 247.7 247.4 248.6 251.9
376 377.3 377.9 377.7 377.1 375.5 373.9 371.3 368.8 366.8 367.3 368.5 370.1 371.5 371.9 372.3 372.3 371.7 370.8 369.3 367.4 364.9 361.8 358.7 355.6 352.5 349.6 347.4 345.5 343.6 341.6 339 335.9 332.5 329.4 324.8 322.1 320.3 320.6 320.3 320.2 320.3 319.3 315.6 310.7 304.8 299.8 294 292 296.7 296.2 289.3 280.6 265 239.8 216 213.2 225.4 237.4 234.1 227.8 221.6 218.6 224.5 228.8 226.6 226 229.1 229.8 236.1 240.8 245.3 251 255.2 262.2 264.6 263.3 265.5
372.5 373.6 373.9 373.8 373.3 371.9 370.4 368 366.2 364.2 364.1 365.8 367.5 368.7 369.2 369.8 369.5 368.6 367.3 365.8 363.6 361 358 354.2 350.3 347.5 344.7 343.2 341.3 339.6 338.6 336.9 334.6 331.5 328.8 325.5 323.4 322.5 322.8 322.9 323.2 323.2 323.2 322.1 320.2 315.8 311.4 309.1 305.8 302.9 296.7 287.8 278.1 273 257.5 236 212.4 215.6 223.9 220.3 216.8 221.9 235.7 246.6 252.3 255.5 250.8 249.2 248.8 255.2 259.9 263.7 265.9 267.8 271.3 273.7 275.4 277.1
368.6 369.5 369.8 369.5 369.2 368.1 366.6 365.1 363.1 361.6 360.9 362.7 364.8 365.6 365.4 365 364.5 364.2 362.7 360.7 357.8 355.1 350.8 347 343.5 340.2 337.3 336.5 335.8 334.7 333.6 332.3 329.7 327 324.2 321.9 320.8 321 321.6 322.3 323.7 324.6 325.5 324.1 321.6 317.3 314.5 311.7 307.1 298.8 290.3 280.2 274.8 266.4 253.8 241.3 213.5 211.2 214.3 216.4 227 238.4 249.6 259.4 265.8 269.9 269.6 266.8 266.5 272.6 278.6 281.7 283 282.9 283.9 285 286.6 288.4
364.8 365.1 365.4 364.7 364.8 364.1 362.6 361.1 359.6 358.2 358.6 360.8 362 362.2 360.6 358.5 359.4 358.9 357.7 355.3 351 347.1 342.3 338 334.3 329.8 327 325.2 323.1 321.2 320.5 318.4 315.6 313.5 312.5 313 313.9 315.7 318 319.6 320.9 321.7 322.4 321.4 319.5 316 313.4 307 296.8 287 277.6 270.7 264.2 255.6 241.1 231 217.8 211.1 213.1 223.7 233.4 246 256.5 264.9 270.6 275.9 277.7 279.9 282.4 287.7 292.5 295.7 298 298.9 300.2 300 299.7 301.1
360.3 360.6 360.8 360.3 359.7 359.1 357.3 356.5 355.3 354.9 357.4 359.1 358.9 359 357.4 356 355.3 354.3 351.3 349 344.2 340 334.9 331.4 326.2 322.2 318 314.6 311.9 309.8 306.3 303.4 300.4 298.9 298.3 298.3 301.5 307.1 310.9 314.2 316.2 317.2 318.5 317.6 315.4 312 298.3 288.1 275.8 266.7 258.5 252.9 248.6 243.2 231 220.6 210.8 211.1 215.5 225 234.9 248.2 259.7 268.9 276.7 282.3 287.6 292.5 295.7 299.4 303.4 307.6 310.2 311.5 312.3 313.6 315 315.8
354.6 355.3 355 355.1 353.7 353.2 352.2 351.8 352.8 355.6 357.2 357.1 356.2 354.9 352.8 351.5 350.4 348.3 344.7 339.5 336 331.1 325.8 321.2 315.9 311.7 306.7 303.8 300.6 296.7 292.4 289.6 287.3 286 283.8 286.5 290.1 296.8 304.1 309.3 311.9 313.3 313.5 312 308.4 287.3 271.8 260.2 249 237.9 230.5 229.5 229 228.9 224.3 210 210.4 210.5 217.6 226.8 237.3 253.5 268.1 280.6 290.3 296.2 300.8 303.7 307.1 310.6 314.4 317.3 318.9 320.8 322.1 324.5 326.2 328
349 348.3 348.5 349.2 349.1 348 346.2 349.4 354.3 356.4 357.1 356.6 354.5 352 348.7 345.9 343.5 339.6 334.5 328.9 322.9 318.7 314.7 309.9 305.1 300.3 293.9 289.8 286 280.3 277.9 275.6 270 266.5 261.4 266.4 273 283.8 294 301.6 305.1 305.5 303.7 300.7 285.7 261.2 245.2 232.8 220 208.6 209.2 212.9 214.8 216.9 212.4 209 209.3 209 217.6 228.7 244.8 263.3 280.7 294.4 301.7 305.9 310.1 313.4 315.7 318.8 322.6 325.2 327.8 329.8 331.6 332.6 335.1 337.3
344.4 342.4 343.4 343 343.8 342.7 344 351 354.4 355.4 356.1 355.3 353.1 350.3 345.5 339.2 335.7 329.8 324.3 319 310.3 302.9 298.8 295 291.6 286.9 281 275.3 268.9 263.5 261.8 256.9 249.4 240.7 237.4 244.8 253.8 266.2 277.8 288.2 294.5 296.1 290.8 273.5 254.9 236.3 223.3 209.2 203.6 209.2 206.7 205.7 207.5 207.6 207.7 208.1 209.1 211.4 221.9 236.5 254.2 274.1 291.7 300.2 306.8 312.6 316.4 319.6 322.4 326.1 329.1 332.2 333.8 336.6 338.1 340.6 342.8 345.1
340.6 338.9 338 338.4 337.8 337.1 344.6 349 352.2 354.1 354.3 353.6 351.5 348.1 343.6 336.6 329 323.1 317.1 310.5 301.4 293.2 283.3 278.7 277.8 274.7 267.7 268.8 266.2 265.7 263.9 262.8 262.1 261 258.8 246.6 235.4 245.2 259.5 271.1 279.8 282.9 273.6 248.7 230.5 215.3 204.4 204.1 213.5 223.3 226 213.6 207 204.9 204.5 207.8 209.6 218.8 231.2 245.9 264.2 284.4 297.4 304.3 310.9 316.3 320.7 324.8 328.1 330.9 332.7 336.5 338.2 340.4 343.3 346 348.1 350.8
338.9 336.7 335.1 334.2 333.2 336.8 342.4 346.2 348.8 351.2 352 351.4 349.3 345.8 340.1 333.4 325.8 318.6 311.2 304.2 294.4 294.6 295 293.5 289.2 287.8 287.4 287.3 284.6 282.5 280.7 278.6 278.3 277 275.2 267.2 249 229.2 236.6 250.7 259.6 266.1 252.8 229.9 211.4 201.6 210.6 224.2 236.2 240.7 239 234.5 226.5 223.1 220.6 220.3 223.9 234 245.3 259.8 278.1 295 303.3 309.1 315.3 320.2 324.2 327.4 330.8 333.5 336.1 338.9 341.3 343.1 345.6 348.9 352.2 354
340.4 337.4 334.6 330.8 332 336.9 340.6 343.4 346 348.1 349.4 348.9 346.8 343.2 337 330 323.8 316.8 308.7 301.6 299.4 303.5 304.6 305.1 305.3 303.7 301.3 298.8 297.5 296.5 295.6 293.8 290.5 287.3 283.4 276.2 263.8 243.6 222.6 226 233.3 242 238.7 207.6 201.3 206.9 225.2 243.6 256.5 261.3 257.2 253.6 251 247.3 243.2 242.4 245.2 252.1 263.8 278.3 294.4 302.8 307.3 312.4 317.3 321.5 325.2 328.5 331.3 334.5 337.3 339.9 342.3 345.1 347.8 351.1 353.6 355.5
340.9 338.5 335.3 331 327.8 334.3 338.6 341.3 343.3 345.3 346.1 346.2 343.9 339.5 333.4 328.3 322.6 315.9 308.2 303.7 305.6 308.8 310.8 312.6 312.7 311.7 309.9 308.9 307.2 304.8 303.4 301.9 299.5 295.2 289.5 283.5 274.6 259.7 239.5 220.3 212 214.5 207.8 201.9 202.9 216.4 239.6 256.1 268 270.7 267.5 263 262.1 262.6 263 263.6 267.1 274.2 284.7 294.3 300.9 305.4 309.7 313.6 317.3 321 324.7 328.1 331 334.3 337.2 340.3 343 345.8 349.1 351.8 354.1 355.7
340.9 338.4 335.8 330.9 326.2 331.5 336.2 339.2 341.4 343.3 343.3 343.3 341.4 337.2 331.4 326.1 321.5 314.6 308.2 309.4 311.7 314.4 316.4 319 319.6 318.8 317.6 316.7 314.6 311.8 309.6 308.7 305.6 303.1 297.1 291.1 285.3 274 257.7 241.6 227.8 212.1 202 202.1 203.3 215.4 233.2 250.3 261.3 268.9 269.7 268.5 268.6 270.5 272.7 275.4 280 285.6 291.5 296.5 301.1 305.7 309.6 313 316.3 319.7 323.1 326.7 329.9 333.6 337 340.2 343.7 346.7 349.3 351.3 353.4 355.6
340.1 337.6 334.6 330.5 323.8 328.4 333.8 336.9 339 340.8 340.5 340 338.7 334.7 330.4 325.4 320.6 316.3 313.6 315.4 319.3 323.2 325.8 326.7 326.1 325.1 325.6 324.7 323.5 322.7 321.8 319 316.1 312.1 306.6 300.9 292.9 285.2 274.6 260.3 241.7 217.1 201.8 201.2 202.1 205.9 215.9 232.1 249.1 260 268.4 271 272.7 274.3 276.2 279.5 283.7 288.2 292.3 296.3 299.6 303 307 310 313 316.6 320.4 324.6 328.8 332.9 336.6 339.9 342.9 345.8 348.5 350.6 352.7 354.2
338.4 335.8 332.7 328.3 322.1 327.9 332.1 335 336.7 338.4 338.9 339 337.8 335.1 330.7 327.6 324.9 322 319.2 321.3 324.3 329.3 330.8 331.6 333.3 334.4 335 335.4 335.8 336 334.6 331.3 326.4 320.9 314.2 307.5 301 292.7 283.5 270.5 240.9 212.6 199.6 200.2 200.3 201.7 204.7 217.5 232.4 246.5 259.6 267.1 271.3 274.4 277.7 280.4 283.3 286.7 289.9 294.3 296.5 299.3 302.1 305.6 308.8 313.9 318.1 322.8 326.9 331 335.2 338.4 341.1 344 346.9 349.3 351 352.4
335.9 333.7 330.8 324.4 320.1 327.5 330.8 332.9 334.9 336.4 337.5 338.5 337.7 336.6 334.7 331.6 328.7 327.8 324.4 325.1 328.3 332.4 336.6 339.7 340.2 343.1 344.1 344.7 344.3 342.7 340.8 337.3 332.8 328.1 322.6 316.1 308.2 301.4 291.4 274 243 215.9 200.5 200.5 199.5 199.6 201.6 204.3 214.8 228.2 242.9 257.2 265.2 269.7 273.9 277.9 280 281.6 284.3 287.9 291.2 291.9 295.5 300.1 304.9 310.4 315.1 319.9 324.8 328.5 332.2 335.4 338.3 341.9 344.8 347.2 348.8 350.2
332.7 330.4 326.9 319 319.9 326 328.6 330.1 332.3 334.6 336.2 337.6 338.4 338 337.2 336.1 334.3 331.5 330.3 329.4 332.1 336.4 341.5 345.8 348.4 350 350.6 350.2 349.5 347.2 344.8 341.7 338.1 333.4 328.3 323 317.1 309.2 299.9 280.6 251.4 230.8 206.4 199.7 199.2 198.7 199.3 200.9 204.6 211.2 222.6 237.4 254.9 264.2 268.7 272.3 275.6 277.3 278.2 279.7 282.3 285.9 290.1 295.7 300.8 306.5 312.1 316.6 321.4 325.8 329 332.4 334.6 338.2 342 344 345.9 347.1
328.6 327 321.7 313.9 320 323.7 325.2 328.5 330.7 332.9 335.1 337.5 338.1 339.2 339.6 339 338.1 336.2 334.2 334.8 336.5 340.1 345 349.6 351.9 353.6 354.7 354.6 353.3 351.3 348.7 345.6 342.6 339 334.1 330.1 325.5 318.1 309.1 297.4 271.8 248 225.7 209.1 198.2 198.7 197.8 198.6 198.4 200.8 208.6 219.6 238.3 254.3 260.6 266 269.7 272.6 273.7 274 275.5 279.3 286.4 292.1 297.4 303.2 308.9 313.3 317.2 321.4 325.7 328.8 331.5 334.4 338 340.1 341.8 343.1
324.9 323.5 318.9 309.9 317.1 320.5 322.8 326.4 329.5 331.7 334.3 336.9 338.2 339.4 340.8 340.3 339.9 339.8 338.9 339.5 340.8 344.3 347.8 351.1 354 355.7 356.5 356.5 355.4 353.7 351.9 349.1 346.1 343.2 339.7 335.7 330.8 325.1 317.9 308.7 292.6 269.3 243.4 225 212.3 197.1 197.3 197.5 197.6 197.7 197.4 207.2 224.5 243 253.9 259.4 263.9 266.2 267.7 268.6 268.4 271.9 280 287.7 293.7 300.7 305.6 309.7 313.6 316.8 319.7 323.2 325.9 328.1 330 332.7 335.8 338.3
321.4 320.2 315.8 303.3 314.1 317.1 320.4 324 327.7 330.5 333.2 335.6 337.8 339.6 341.1 341.6 341.8 342 342.3 343.7 344.9 347.4 349.6 352.4 355.1 356.4 357 356.9 356 354.7 352.9 350.6 347.5 344.9 341.9 338.2 333.8 328 321 313.1 302.3 285.8 261.2 239 222.3 212 206.1 197.9 197.1 197 196.7 197 211.1 225.9 241.9 250.5 255.5 255.4 254.6 255.7 259.5 265.5 274.5 282.3 290.7 297.4 302.6 306.6 309.9 312.3 313.4 314.8 318.1 321 323.5 326.4 329.2 331.6
